0.4;0;0;0.000872803;1.84689;-0.140359;0.0103943
0.399968;0.00502642;0;0.000872703;1.84827;-0.140279;0.0103883
0.399874;0.010052;0;0.0008726;1.84968;-0.140196;0.0103822
0.399716;0.0150761;0;0.000872498;1.85109;-0.140114;0.0103761
0.399495;0.0200977;0;0.000872395;1.8525;-0.140032;0.01037
0.399211;0.0251162;0;0.000872293;1.85391;-0.13995;0.0103639
0.398864;0.0301307;0;0.00087219;1.85532;-0.139867;0.0103578
0.398453;0.0351405;0;0.000872088;1.85673;-0.139785;0.0103518
0.39798;0.0401447;0;0.000871986;1.85814;-0.139703;0.0103457
0.397445;0.0451426;0;0.000871732;1.8569;-0.139552;0.0103345
0.396846;0.0501333;0;0.0008714;1.85446;-0.139365;0.0103206
0.396185;0.0551161;0;0.000871069;1.85201;-0.139178;0.0103068
0.395461;0.0600902;0;0.000870737;1.84956;-0.138991;0.0102929
0.394674;0.0650549;0;0.000870157;1.84589;-0.138655;0.0102681
0.393826;0.0700092;0;0.000869523;1.84192;-0.138289;0.0102409
0.392915;0.0749525;0;0.000868888;1.83794;-0.137921;0.0102137
0.391942;0.079884;0;0.000868253;1.83397;-0.137554;0.0101866
0.390907;0.0848028;0;0.000867618;1.82999;-0.137187;0.0101594
0.389811;0.0897083;0;0.000866983;1.82601;-0.13682;0.0101321
0.388653;0.0945996;0;0.000866347;1.82203;-0.136452;0.0101049
0.387433;0.099476;0;0.000865712;1.81805;-0.136085;0.0100777
0.386153;0.104337;0;0.000865044;1.81403;-0.135698;0.0100491
0.384811;0.109181;0;0.000864276;1.81004;-0.135245;0.0100156
0.383409;0.114008;0;0.000863508;1.80606;-0.134793;0.00998205
0.381946;0.118817;0;0.000862741;1.80209;-0.134341;0.00994855
0.380423;0.123607;0;0.000861974;1.79812;-0.133888;0.00991507
0.378839;0.128377;0;0.000860961;1.79208;-0.1333;0.0098715
0.377196;0.133128;0;0.00085979;1.78482;-0.132623;0.0098214
0.375494;0.137857;0;0.000858598;1.77602;-0.13195;0.00977152
0.373732;0.142565;0;0.000857407;1.76721;-0.131276;0.00972165
0.371911;0.14725;0;0.000856215;1.7584;-0.130603;0.00967174
0.370031;0.151912;0;0.000855023;1.74959;-0.129929;0.00962182
0.368093;0.156549;0;0.00085383;1.74079;-0.129254;0.0095719
0.366096;0.161163;0;0.000852638;1.73198;-0.12858;0.00952197
0.364042;0.16575;0;0.000851446;1.72319;-0.127906;0.00947204
0.361931;0.170312;0;0.000850254;1.7144;-0.127232;0.00942214
0.359762;0.174846;0;0.000849063;1.70563;-0.126558;0.00937225
0.357537;0.179353;0;0.000847873;1.69686;-0.125885;0.0093224
0.355255;0.183832;0;0.000846684;1.6881;-0.125212;0.00927258
0.352916;0.188282;0;0.000845239;1.67717;-0.124399;0.00921231
0.350523;0.192701;0;0.000843541;1.66407;-0.123446;0.00914176
0.348074;0.197091;0;0.000841843;1.65096;-0.122492;0.00907114
0.345569;0.201449;0;0.000840143;1.63785;-0.121538;0.00900047
0.343011;0.205776;0;0.000838442;1.62474;-0.120583;0.00892976
0.340398;0.21007;0;0.00083674;1.61162;-0.119628;0.00885902
0.337731;0.214331;0;0.000835038;1.5985;-0.118672;0.00878826
0.335011;0.218558;0;0.000833336;1.58539;-0.117717;0.00871749
0.332238;0.22275;0;0.000831635;1.57228;-0.116761;0.00864672
0.329413;0.226908;0;0.000829933;1.55918;-0.115806;0.00857597
0.326536;0.231029;0;0.000828233;1.54608;-0.114851;0.00850524
0.323607;0.235114;0;0.000826533;1.53309;-0.113895;0.00843446
0.320627;0.239162;0;0.000824826;1.51993;-0.112936;0.00836348
0.317596;0.243172;0;0.000823119;1.50677;-0.111979;0.00829255
0.314515;0.247144;0;0.000821168;1.49173;-0.110883;0.00821144
0.311385;0.251077;0;0.000819067;1.47547;-0.109705;0.00812417
0.308205;0.25497;0;0.000816965;1.45919;-0.108526;0.00803684
0.304977;0.258822;0;0.000814859;1.44286;-0.107345;0.0079494
0.301701;0.262634;0;0.000812749;1.42645;-0.106163;0.00786184
0.298376;0.266405;0;0.000810637;1.41005;-0.104979;0.0077742
0.295005;0.270133;0;0.000808524;1.39369;-0.103794;0.00768645
0.291587;0.273819;0;0.000806411;1.37733;-0.102609;0.0075987
0.288124;0.277461;0;0.000804299;1.36097;-0.101424;0.00751096
0.284614;0.28106;0;0.000802188;1.34463;-0.10024;0.00742326
0.28106;0.284614;0;0.000800077;1.3283;-0.0990564;0.0073356
0.277461;0.288124;0;0.000797933;1.31166;-0.0978542;0.00724657
0.273819;0.291587;0;0.000795492;1.29293;-0.096484;0.0071451
0.270133;0.295005;0;0.000793049;1.27418;-0.0951124;0.00704353
0.266405;0.298376;0;0.000790604;1.25543;-0.0937398;0.00694188
0.262634;0.301701;0;0.000788157;1.23666;-0.0923665;0.00684018
0.258822;0.304977;0;0.00078571;1.2179;-0.0909925;0.00673842
0.25497;0.308205;0;0.000783262;1.19912;-0.0896181;0.00663665
0.251077;0.311385;0;0.000780814;1.18041;-0.088243;0.00653481
0.247144;0.314515;0;0.000778366;1.16169;-0.0868677;0.00643296
0.243172;0.317596;0;0.000775914;1.14289;-0.0854912;0.00633103
0.239162;0.320627;0;0.000773464;1.12409;-0.0841153;0.00622914
0.235114;0.323607;0;0.000771014;1.1053;-0.08274;0.00612729
0.231029;0.326536;0;0.000768566;1.08652;-0.0813655;0.0060255
0.226908;0.329413;0;0.000766119;1.06776;-0.0799922;0.0059238
0.22275;0.332238;0;0.000763526;1.04808;-0.078534;0.00581581
0.218558;0.335011;0;0.000760795;1.0274;-0.0769981;0.00570208
0.214331;0.337731;0;0.000758061;1.00669;-0.0754611;0.00558825
0.21007;0.340398;0;0.000755326;0.985975;-0.0739231;0.00547436
0.205776;0.343011;0;0.000752589;0.965243;-0.0723844;0.00536041
0.201449;0.345569;0;0.000749851;0.944502;-0.0708453;0.00524643
0.197091;0.348074;0;0.000747113;0.923755;-0.0693059;0.00513243
0.192701;0.350523;0;0.000744375;0.903007;-0.0677666;0.00501844
0.188282;0.352916;0;0.000741638;0.882259;-0.0662275;0.00490446
0.183832;0.355255;0;0.000738901;0.861515;-0.0646889;0.00479052
0.179353;0.357537;0;0.000736165;0.840779;-0.0631511;0.00467664
0.174846;0.359762;0;0.000733432;0.820053;-0.0616143;0.00456283
0.170312;0.361931;0;0.000730667;0.799265;-0.0600577;0.00444756
0.16575;0.364042;0;0.000727716;0.777132;-0.0583972;0.00432459
0.161163;0.366096;0;0.000724751;0.754875;-0.0567286;0.00420102
0.156549;0.368093;0;0.000721783;0.732596;-0.0550583;0.00407733
0.151912;0.370031;0;0.000718813;0.710298;-0.0533865;0.00395353
0.14725;0.371911;0;0.00071584;0.687984;-0.0517137;0.00382964
0.142565;0.373732;0;0.000712866;0.665658;-0.0500399;0.00370569
0.137857;0.375494;0;0.000709891;0.643324;-0.0483654;0.00358169
0.133128;0.377196;0;0.000706915;0.620985;-0.0466906;0.00345766
0.128377;0.378839;0;0.000703939;0.598645;-0.0450158;0.00333363
0.123607;0.380423;0;0.000700963;0.576307;-0.043341;0.00320961
0.118817;0.381946;0;0.000698061;0.554602;-0.0417074;0.00308863
0.114008;0.383409;0;0.000695018;0.531913;-0.0399927;0.00296165
0.109181;0.384811;0;0.000691973;0.509214;-0.0382773;0.00283462
0.104337;0.386153;0;0.000688927;0.486508;-0.0365614;0.00270755
0.099476;0.387433;0;0.000685881;0.463799;-0.0348454;0.00258046
0.0945996;0.388653;0;0.000682834;0.441092;-0.0331293;0.00245338
0.0897083;0.389811;0;0.000679789;0.418388;-0.0314136;0.00232633
0.0848028;0.390907;0;0.000676744;0.395693;-0.0296985;0.00219932
0.079884;0.391942;0;0.000673702;0.373009;-0.0279843;0.00207237
0.0749525;0.392915;0;0.000670661;0.35034;-0.0262713;0.00194551
0.0700092;0.393826;0;0.000667622;0.32769;-0.0245596;0.00181876
0.0650549;0.394674;0;0.000664587;0.305062;-0.0228497;0.00169213
0.0600902;0.395461;0;0.000661555;0.282461;-0.0211417;0.00156564
0.0551161;0.396185;0;0.000658527;0.259888;-0.0194359;0.00143932
0.0501333;0.396846;0;0.000655412;0.236715;-0.0176808;0.00130935
0.0451426;0.397445;0;0.000652282;0.213511;-0.0159164;0.00117869
0.0401447;0.39798;0;0.000649149;0.19028;-0.0141501;0.00104788
0.0351405;0.398453;0;0.000646012;0.167026;-0.012382;0.000916944
0.0301307;0.398864;0;0.000642873;0.143754;-0.0106124;0.0007859
0.0251162;0.399211;0;0.000639732;0.120466;-0.00884168;0.000654768
0.0200977;0.399495;0;0.000636589;0.0971672;-0.00707004;0.00052357
0.0150761;0.399716;0;0.000633446;0.0738604;-0.00529779;0.000392326
0.010052;0.399874;0;0.000630301;0.0505495;-0.00352519;0.000261057
0.00502642;0.399968;0;0.000627157;0.0272381;-0.00175254;0.000129784
2.44929e-17;0.4;0;0.000624013;0.00392988;1.98971e-05;-1.47348e-06
-0.00502642;0.399968;0;0.00062087;-0.0193714;0.00179183;-0.000132694
-0.010052;0.399874;0;0.000617728;-0.0426621;0.00356299;-0.000263856
-0.0150761;0.399716;0;0.000614588;-0.0659385;0.00533308;-0.00039494
-0.0200977;0.399495;0;0.00061145;-0.0891969;0.00710184;-0.000525925
-0.0251162;0.399211;0;0.000608316;-0.112434;0.00886897;-0.00065679
-0.0301307;0.398864;0;0.000605185;-0.135645;0.0106342;-0.000787514
-0.0351405;0.398453;0;0.00060208;-0.158775;0.0123824;-0.000916979
-0.0401447;0.39798;0;0.000598988;-0.181817;0.0141232;-0.00104589
-0.0451426;0.397445;0;0.000595902;-0.20466;0.0158641;-0.00117481
-0.0501333;0.396846;0;0.000592813;-0.22752;0.0176065;-0.00130384
-0.0551161;0.396185;0;0.000589721;-0.250395;0.01935;-0.00143296
-0.0600902;0.395461;0;0.000586629;-0.27328;0.0210943;-0.00156214
-0.0650549;0.394674;0;0.000583535;-0.296172;0.0228392;-0.00169135
-0.0700092;0.393826;0;0.000580441;-0.319067;0.0245844;-0.00182059
-0.0749525;0.392915;0;0.000577347;-0.341962;0.0263297;-0.00194984
-0.079884;0.391942;0;0.000574253;-0.364853;0.0280746;-0.00207906
-0.0848028;0.390907;0;0.000571161;-0.387737;0.0298191;-0.00220825
-0.0897083;0.389811;0;0.000568069;-0.410609;0.0315627;-0.00233737
-0.0945996;0.388653;0;0.00056498;-0.433467;0.0333053;-0.00246642
-0.099476;0.387433;0;0.000561893;-0.456306;0.0350465;-0.00259536
-0.104337;0.386153;0;0.000558845;-0.478965;0.0367636;-0.00272252
-0.109181;0.384811;0;0.000555873;-0.50112;0.0384379;-0.00284651
-0.114008;0.383409;0;0.000552928;-0.522945;0.0400989;-0.00296951
-0.118817;0.381946;0;0.000549982;-0.544787;0.0417611;-0.00309261
-0.123607;0.380423;0;0.000547033;-0.566643;0.0434244;-0.00321578
-0.128377;0.378839;0;0.000544083;-0.588508;0.0450885;-0.00333901
-0.133128;0.377196;0;0.000541132;-0.610379;0.046753;-0.00346228
-0.137857;0.375494;0;0.000538181;-0.632253;0.0484178;-0.00358557
-0.142565;0.373732;0;0.00053523;-0.654126;0.0500825;-0.00370885
-0.14725;0.371911;0;0.00053228;-0.675996;0.051747;-0.00383211
-0.151912;0.370031;0;0.000529343;-0.697752;0.0534039;-0.00395481
-0.156549;0.368093;0;0.000526404;-0.719539;0.0550614;-0.00407756
-0.161163;0.366096;0;0.000523467;-0.741316;0.0567181;-0.00420024
-0.16575;0.364042;0;0.000520532;-0.763077;0.0583736;-0.00432284
-0.170312;0.361931;0;0.0005176;-0.784821;0.0600277;-0.00444534
-0.174846;0.359762;0;0.000514783;-0.805657;0.0616183;-0.00456313
-0.179353;0.357537;0;0.000512075;-0.825807;0.0631459;-0.00467625
-0.183832;0.355255;0;0.000509365;-0.845973;0.0646746;-0.00478947
-0.188282;0.352916;0;0.000506653;-0.866152;0.0662043;-0.00490274
-0.192701;0.350523;0;0.00050394;-0.88634;0.0677347;-0.00501608
-0.197091;0.348074;0;0.000501226;-0.906533;0.0692655;-0.00512944
-0.201449;0.345569;0;0.000498512;-0.92673;0.0707965;-0.00524281
-0.205776;0.343011;0;0.000495798;-0.946927;0.0723274;-0.00535619
-0.21007;0.340398;0;0.000493084;-0.96712;0.0738581;-0.00546954
-0.214331;0.337731;0;0.000490371;-0.987306;0.0753882;-0.00558285
-0.218558;0.335011;0;0.00048766;-1.00748;0.0769175;-0.00569611
-0.22275;0.332238;0;0.000484986;-1.02734;0.0784266;-0.00580786
-0.226908;0.329413;0;0.000482357;-1.04676;0.0799138;-0.00591799
-0.231029;0.326536;0;0.000479955;-1.06469;0.0812685;-0.00601832
-0.235114;0.323607;0;0.00047752;-1.08287;0.082642;-0.00612004
-0.239162;0.320627;0;0.000475084;-1.10106;0.0840164;-0.00622182
-0.243172;0.317596;0;0.000472646;-1.11926;0.0853915;-0.00632365
-0.247144;0.314515;0;0.000470208;-1.13747;0.0867671;-0.00642552
-0.251077;0.311385;0;0.000467769;-1.15568;0.0881429;-0.0065274
-0.25497;0.308205;0;0.00046533;-1.17389;0.0895188;-0.00662929
-0.258822;0.304977;0;0.000462891;-1.19209;0.0908945;-0.00673117
-0.262634;0.301701;0;0.000460453;-1.2103;0.0922698;-0.00683302
-0.266405;0.298376;0;0.000458016;-1.22849;0.0936446;-0.00693483
-0.270133;0.295005;0;0.000455581;-1.24667;0.0950184;-0.00703657
-0.273819;0.291587;0;0.000453147;-1.26484;0.0963913;-0.00713823
-0.277461;0.288124;0;0.000450866;-1.28183;0.0976803;-0.00723369
-0.28106;0.284614;0;0.000448694;-1.29802;0.0989075;-0.00732457
-0.284614;0.28106;0;0.000446583;-1.31383;0.100099;-0.0074128
-0.288124;0.277461;0;0.000444471;-1.32964;0.101291;-0.00750106
-0.291587;0.273819;0;0.000442358;-1.34545;0.102483;-0.00758935
-0.295005;0.270133;0;0.000440245;-1.36127;0.103675;-0.00767765
-0.298376;0.266405;0;0.000438132;-1.37708;0.104868;-0.00776595
-0.301701;0.262634;0;0.00043602;-1.3929;0.10606;-0.00785423
-0.304977;0.258822;0;0.000433908;-1.40871;0.107251;-0.00794248
-0.308205;0.25497;0;0.000431797;-1.42451;0.108443;-0.00803068
-0.311385;0.251077;0;0.000429688;-1.4403;0.109633;-0.00811883
-0.314515;0.247144;0;0.000427581;-1.45607;0.110822;-0.00820691
-0.317596;0.243172;0;0.000425616;-1.47073;0.111932;-0.00828912
-0.320627;0.239162;0;0.000423915;-1.48351;0.112893;-0.00836027
-0.323607;0.235114;0;0.000422211;-1.49629;0.113855;-0.00843148
-0.326536;0.231029;0;0.000420507;-1.50909;0.114817;-0.00850273
-0.329413;0.226908;0;0.000418802;-1.52188;0.115779;-0.00857402
-0.332238;0.22275;0;0.000417097;-1.53469;0.116742;-0.00864533
-0.335011;0.218558;0;0.000415391;-1.54749;0.117705;-0.00871664
-0.337731;0.214331;0;0.000413712;-1.56011;0.118653;-0.00878685
-0.340398;0.21007;0;0.000412031;-1.57274;0.119602;-0.0088571
-0.343011;0.205776;0;0.000410351;-1.58537;0.12055;-0.00892733
-0.345569;0.201449;0;0.000408672;-1.598;0.121498;-0.00899753
-0.348074;0.197091;0;0.000406993;-1.61062;0.122446;-0.0090677
-0.350523;0.192701;0;0.000405316;-1.62324;0.123393;-0.00913782
-0.352916;0.188282;0;0.000403639;-1.63584;0.124339;-0.00920789
-0.355255;0.183832;0;0.000402124;-1.64731;0.125193;-0.00927114
-0.357537;0.179353;0;0.000400875;-1.65671;0.125899;-0.0093234
-0.359762;0.174846;0;0.00039962;-1.66615;0.126607;-0.00937587
-0.361931;0.170312;0;0.000398366;-1.6756;0.127316;-0.00942835
-0.364042;0.16575;0;0.000397111;-1.68504;0.128025;-0.00948083
-0.366096;0.161163;0;0.000395856;-1.69449;0.128733;-0.00953332
-0.368093;0.156549;0;0.000394602;-1.70393;0.129442;-0.00958579
-0.370031;0.151912;0;0.000393348;-1.71337;0.13015;-0.00963825
-0.371911;0.14725;0;0.000392094;-1.72281;0.130858;-0.00969067
-0.373732;0.142565;0;0.000390841;-1.73224;0.131566;-0.00974307
-0.375494;0.137857;0;0.00038959;-1.74166;0.132273;-0.00979542
-0.377196;0.133128;0;0.000388375;-1.75082;0.132958;-0.00984621
-0.378839;0.128377;0;0.000387528;-1.75719;0.133437;-0.00988161
-0.380423;0.123607;0;0.000386746;-1.76308;0.133879;-0.00991436
-0.381946;0.118817;0;0.000385964;-1.76897;0.134321;-0.00994712
-0.383409;0.114008;0;0.000385181;-1.77486;0.134764;-0.00997991
-0.384811;0.109181;0;0.000384397;-1.78075;0.135207;-0.0100127
-0.386153;0.104337;0;0.000383614;-1.78665;0.13565;-0.0100455
-0.387433;0.099476;0;0.00038283;-1.79255;0.136093;-0.0100783
-0.388653;0.0945996;0;0.000382047;-1.79844;0.136536;-0.0101111
-0.389811;0.0897083;0;0.000381263;-1.80434;0.136978;-0.0101439
-0.390907;0.0848028;0;0.00038048;-1.81023;0.137421;-0.0101767
-0.391942;0.079884;0;0.000379698;-1.81612;0.137863;-0.0102094
-0.392915;0.0749525;0;0.000378916;-1.822;0.138305;-0.0102422
-0.393826;0.0700092;0;0.000378135;-1.82788;0.138747;-0.0102749
-0.394674;0.0650549;0;0.000377361;-1.83371;0.139184;-0.0103073
-0.395461;0.0600902;0;0.000377054;-1.83601;0.139358;-0.0103201
-0.396185;0.0551161;0;0.000376797;-1.83791;0.139504;-0.0103309
-0.396846;0.0501333;0;0.00037654;-1.83982;0.13965;-0.0103418
-0.397445;0.0451426;0;0.000376282;-1.84173;0.139797;-0.0103526
-0.39798;0.0401447;0;0.000376025;-1.84364;0.139943;-0.0103634
-0.398453;0.0351405;0;0.000375774;-1.84552;0.140085;-0.010374
-0.398864;0.0301307;0;0.00037553;-1.84733;0.140223;-0.0103842
-0.399211;0.0251162;0;0.000375289;-1.84913;0.140361;-0.0103944
-0.399495;0.0200977;0;0.000375048;-1.85093;0.140497;-0.0104045
-0.399716;0.0150761;0;0.000374807;-1.85273;0.140634;-0.0104146
-0.399874;0.010052;0;0.000374566;-1.85452;0.140771;-0.0104248
-0.399968;0.00502642;0;0.000374326;-1.85631;0.140907;-0.0104349
-0.4;4.89859e-17;0;0.000374087;-1.8581;0.141043;-0.0104449
-0.399968;-0.00502642;0;0.000374256;-1.85676;0.140949;-0.0104379
-0.399874;-0.010052;0;0.000374512;-1.85478;0.140805;-0.0104273
-0.399716;-0.0150761;0;0.000374769;-1.85279;0.140662;-0.0104167
-0.399495;-0.0200977;0;0.000375026;-1.85079;0.140518;-0.010406
-0.399211;-0.0251162;0;0.000375284;-1.8488;0.140373;-0.0103953
-0.398864;-0.0301307;0;0.000375541;-1.8468;0.140229;-0.0103846
-0.398453;-0.0351405;0;0.000375799;-1.8448;0.140085;-0.0103739
-0.39798;-0.0401447;0;0.000376057;-1.8428;0.13994;-0.0103632
-0.397445;-0.0451426;0;0.000376315;-1.8408;0.139796;-0.0103525
-0.396846;-0.0501333;0;0.000376573;-1.8388;0.139651;-0.0103418
-0.396185;-0.0551161;0;0.000376832;-1.8368;0.139506;-0.0103311
-0.395461;-0.0600902;0;0.00037709;-1.83479;0.139362;-0.0103204
-0.394674;-0.0650549;0;0.000377349;-1.83279;0.139217;-0.0103097
-0.393826;-0.0700092;0;0.000378108;-1.82701;0.13879;-0.010278
-0.392915;-0.0749525;0;0.000378885;-1.82108;0.138352;-0.0102456
-0.391942;-0.079884;0;0.000379664;-1.81516;0.137914;-0.0102132
-0.390907;-0.0848028;0;0.000380443;-1.80922;0.137476;-0.0101807
-0.389811;-0.0897083;0;0.000381222;-1.80329;0.137037;-0.0101482
-0.388653;-0.0945996;0;0.000382002;-1.79735;0.136598;-0.0101157
-0.387433;-0.099476;0;0.000382782;-1.7914;0.136159;-0.0100832
-0.386153;-0.104337;0;0.000383562;-1.78546;0.13572;-0.0100507
-0.384811;-0.109181;0;0.000384342;-1.77952;0.135281;-0.0100182
-0.383409;-0.114008;0;0.000385122;-1.77357;0.134842;-0.00998567
-0.381946;-0.118817;0;0.000385902;-1.76763;0.134403;-0.00995316
-0.380423;-0.123607;0;0.000386682;-1.76169;0.133964;-0.00992068
-0.378839;-0.128377;0;0.0003875;-1.75546;0.133504;-0.00988658
-0.377196;-0.133128;0;0.000388663;-1.74659;0.132849;-0.00983807
-0.375494;-0.137857;0;0.000389827;-1.73772;0.132193;-0.00978952
-0.373732;-0.142565;0;0.000390992;-1.72884;0.131537;-0.00974095
-0.371911;-0.14725;0;0.000392272;-1.71916;0.130816;-0.00968758
-0.370031;-0.151912;0;0.000393567;-1.70937;0.130087;-0.00963355
-0.368093;-0.156549;0;0.000394862;-1.69958;0.129357;-0.00957948
-0.366096;-0.161163;0;0.000396158;-1.68979;0.128626;-0.00952539
-0.364042;-0.16575;0;0.000397455;-1.67999;0.127896;-0.00947129
-0.361931;-0.170312;0;0.000398751;-1.6702;0.127165;-0.00941719
-0.359762;-0.174846;0;0.000400048;-1.6604;0.126435;-0.00936309
-0.357537;-0.179353;0;0.000401344;-1.65061;0.125704;-0.009309
-0.355255;-0.183832;0;0.000402799;-1.63958;0.124886;-0.00924838
-0.352916;-0.188282;0;0.000404287;-1.6283;0.124048;-0.00918634
-0.350523;-0.192701;0;0.000405842;-1.61652;0.123172;-0.0091215
-0.348074;-0.197091;0;0.000407487;-1.60405;0.122245;-0.00905286
-0.345569;-0.201449;0;0.000409133;-1.59157;0.121318;-0.00898419
-0.343011;-0.205776;0;0.00041078;-1.57909;0.12039;-0.00891549
-0.340398;-0.21007;0;0.000412427;-1.56661;0.119463;-0.00884678
-0.337731;-0.214331;0;0.000414074;-1.55413;0.118535;-0.00877807
-0.335011;-0.218558;0;0.000415721;-1.54165;0.117607;-0.00870937
-0.332238;-0.22275;0;0.000417367;-1.52918;0.11668;-0.00864069
-0.329413;-0.226908;0;0.000419013;-1.51671;0.115753;-0.00857204
-0.326536;-0.231029;0;0.00042071;-1.50391;0.114796;-0.00850118
-0.323607;-0.235114;0;0.000422431;-1.49093;0.113826;-0.00842934
-0.320627;-0.239162;0;0.000424151;-1.47795;0.112856;-0.00835754
-0.317596;-0.243172;0;0.000425875;-1.46495;0.111885;-0.00828558
-0.314515;-0.247144;0;0.000427862;-1.44997;0.110764;-0.00820259
-0.311385;-0.251077;0;0.000429976;-1.43409;0.109572;-0.00811434
-0.308205;-0.25497;0;0.000432092;-1.41819;0.108379;-0.00802601
-0.304977;-0.258822;0;0.00043421;-1.40228;0.107186;-0.00793763
-0.301701;-0.262634;0;0.000436329;-1.38636;0.105992;-0.0078492
-0.298376;-0.266405;0;0.000438448;-1.37044;0.104797;-0.00776074
-0.295005;-0.270133;0;0.000440568;-1.35451;0.103602;-0.00767226
-0.291587;-0.273819;0;0.000442688;-1.33859;0.102408;-0.00758378
-0.288124;-0.277461;0;0.000444808;-1.32266;0.101213;-0.0074953
-0.284614;-0.28106;0;0.000446927;-1.30674;0.100019;-0.00740686
-0.28106;-0.284614;0;0.000449045;-1.29082;0.0988248;-0.00731845
-0.277461;-0.288124;0;0.000451257;-1.27418;0.0975776;-0.00722609
-0.273819;-0.291587;0;0.000453518;-1.25716;0.0963027;-0.00713168
-0.270133;-0.295005;0;0.000455887;-1.23941;0.0949673;-0.00703278
-0.266405;-0.298376;0;0.000458311;-1.22126;0.0936012;-0.00693161
-0.262634;-0.301701;0;0.000460736;-1.20311;0.0922344;-0.00683039
-0.258822;-0.304977;0;0.000463162;-1.18494;0.0908671;-0.00672914
-0.25497;-0.308205;0;0.000465589;-1.16677;0.0894996;-0.00662787
-0.251077;-0.311385;0;0.000468015;-1.14861;0.088132;-0.0065266
-0.247144;-0.314515;0;0.000470442;-1.13044;0.0867647;-0.00642534
-0.243172;-0.317596;0;0.000472867;-1.11228;0.0853977;-0.00632411
-0.239162;-0.320627;0;0.000475292;-1.09413;0.0840314;-0.00622292
-0.235114;-0.323607;0;0.000477715;-1.07598;0.0826658;-0.0061218
-0.231029;-0.326536;0;0.000480136;-1.05786;0.0813013;-0.00602075
-0.226908;-0.329413;0;0.000482615;-1.0393;0.0799031;-0.00591721
-0.22275;-0.332238;0;0.000485249;-1.0196;0.0784172;-0.00580717
-0.218558;-0.335011;0;0.000487938;-0.999555;0.0769012;-0.0056949
-0.214331;-0.337731;0;0.000490654;-0.979318;0.0753704;-0.00558154
-0.21007;-0.340398;0;0.000493371;-0.959071;0.073839;-0.00546813
-0.205776;-0.343011;0;0.000496089;-0.938816;0.0723069;-0.00535467
-0.201449;-0.345569;0;0.000498807;-0.918556;0.0707746;-0.0052412
-0.197091;-0.348074;0;0.000501525;-0.898296;0.0692422;-0.00512772
-0.192701;-0.350523;0;0.000504243;-0.878038;0.06771;-0.00501425
-0.188282;-0.352916;0;0.000506961;-0.857785;0.0661783;-0.00490082
-0.183832;-0.355255;0;0.000509677;-0.83754;0.0646472;-0.00478743
-0.179353;-0.357537;0;0.000512391;-0.817308;0.063117;-0.00467411
-0.174846;-0.359762;0;0.000515104;-0.79709;0.061588;-0.00456088
-0.170312;-0.361931;0;0.000517914;-0.776123;0.0600028;-0.0044435
-0.16575;-0.364042;0;0.000520818;-0.754554;0.0583655;-0.00432224
-0.161163;-0.366096;0;0.000523752;-0.732775;0.0567114;-0.00419975
-0.156549;-0.368093;0;0.000526687;-0.710982;0.0550562;-0.00407718
-0.151912;-0.370031;0;0.000529624;-0.689177;0.0534002;-0.00395454
-0.14725;-0.371911;0;0.000532562;-0.667365;0.0517437;-0.00383187
-0.142565;-0.373732;0;0.000535501;-0.645549;0.0500869;-0.00370917
-0.137857;-0.375494;0;0.00053844;-0.623732;0.0484301;-0.00358648
-0.133128;-0.377196;0;0.000541378;-0.601918;0.0467735;-0.0034638
-0.128377;-0.378839;0;0.000544315;-0.580111;0.0451174;-0.00334116
-0.123607;-0.380423;0;0.000547251;-0.558313;0.0434621;-0.00321857
-0.118817;-0.381946;0;0.000550185;-0.536528;0.0418077;-0.00309606
-0.114008;-0.383409;0;0.000553117;-0.51476;0.0401547;-0.00297365
-0.109181;-0.384811;0;0.000556043;-0.493032;0.0385049;-0.00285147
-0.104337;-0.386153;0;0.000559108;-0.470324;0.0367765;-0.00272348
-0.099476;-0.387433;0;0.00056218;-0.447587;0.0350444;-0.0025952
-0.0945996;-0.388653;0;0.000565253;-0.424837;0.0333113;-0.00246686
-0.0897083;-0.389811;0;0.000568327;-0.402077;0.0315775;-0.00233846
-0.0848028;-0.390907;0;0.000571401;-0.379312;0.0298445;-0.00221013
-0.079884;-0.391942;0;0.00057448;-0.356514;0.0281083;-0.00208156
-0.0749525;-0.392915;0;0.00057756;-0.333709;0.026371;-0.0019529
-0.0700092;-0.393826;0;0.000580641;-0.310907;0.024634;-0.00182426
-0.0650549;-0.394674;0;0.00058372;-0.288113;0.0228974;-0.00169566
-0.0600902;-0.395461;0;0.000586798;-0.265331;0.0211617;-0.00156712
-0.0551161;-0.396185;0;0.000589874;-0.242563;0.019427;-0.00143866
-0.0501333;-0.396846;0;0.000592979;-0.219642;0.0176762;-0.00130901
-0.0451426;-0.397445;0;0.000596111;-0.196496;0.0159096;-0.00117818
-0.0401447;-0.39798;0;0.000599245;-0.173337;0.014142;-0.00104728
-0.0351405;-0.398453;0;0.00060238;-0.150169;0.0123737;-0.000916329
-0.0301307;-0.398864;0;0.000605511;-0.127054;0.0106078;-0.000785556
-0.0251162;-0.399211;0;0.000608649;-0.103863;0.00883774;-0.000654477
-0.0200977;-0.399495;0;0.000611788;-0.0806703;0.00706759;-0.000523389
-0.0150761;-0.399716;0;0.000614926;-0.0574791;0.0052976;-0.000392313
-0.010052;-0.399874;0;0.000618063;-0.034293;0.00352806;-0.000261269
-0.00502642;-0.399968;0;0.000621199;-0.0111158;0.00175923;-0.000130279
-7.34788e-17;-0.4;0;0.000624334;0.012049;-8.59414e-06;6.36437e-07
0.00502642;-0.399968;0;0.000627443;0.0350089;-0.00176255;0.000130525
0.010052;-0.399874;0;0.000630565;0.0580071;-0.00352358;0.000260938
0.0150761;-0.399716;0;0.000633689;0.081025;-0.00528607;0.000391459
0.0200977;-0.399495;0;0.000636815;0.104059;-0.00704976;0.000522068
0.0251162;-0.399211;0;0.000639943;0.127106;-0.00881435;0.000652745
0.0301307;-0.398864;0;0.000643072;0.150161;-0.0105796;0.000783468
0.0351405;-0.398453;0;0.000646202;0.173222;-0.0123452;0.000914217
0.0401447;-0.39798;0;0.000649332;0.196285;-0.0141108;0.00104497
0.0451426;-0.397445;0;0.000652461;0.219346;-0.0158763;0.00117571
0.0501333;-0.396846;0;0.00065559;0.2424;-0.0176412;0.00130642
0.0551161;-0.396185;0;0.000658702;0.265565;-0.0193968;0.00143643
0.0600902;-0.395461;0;0.000661825;0.288818;-0.0211586;0.00156689
0.0650549;-0.394674;0;0.000664865;0.311275;-0.022874;0.00169393
0.0700092;-0.393826;0;0.000667953;0.33408;-0.0246166;0.00182298
0.0749525;-0.392915;0;0.000671042;0.356889;-0.0263595;0.00195204
0.079884;-0.391942;0;0.00067413;0.379697;-0.0281022;0.0020811
0.0848028;-0.390907;0;0.000677151;0.402001;-0.0298068;0.00220734
0.0897083;-0.389811;0;0.000680196;0.424409;-0.031525;0.00233457
0.0945996;-0.388653;0;0.000683241;0.446822;-0.0332436;0.00246184
0.099476;-0.387433;0;0.000686286;0.469237;-0.0349623;0.00258913
0.104337;-0.386153;0;0.000689332;0.491649;-0.036681;0.0027164
0.109181;-0.384811;0;0.000692377;0.514057;-0.0383994;0.00284366
0.114008;-0.383409;0;0.00069542;0.536455;-0.0401171;0.00297086
0.118817;-0.381946;0;0.000698327;0.557865;-0.0417579;0.00309237
0.123607;-0.380423;0;0.000701267;0.579536;-0.0434175;0.00321527
0.128377;-0.378839;0;0.000704208;0.601218;-0.0450781;0.00333825
0.133128;-0.377196;0;0.00070715;0.622907;-0.0467392;0.00346126
0.137857;-0.375494;0;0.000710093;0.6446;-0.0484007;0.0035843
0.142565;-0.373732;0;0.000713036;0.666294;-0.0500623;0.00370735
0.14725;-0.371911;0;0.000715979;0.687984;-0.0517237;0.00383039
0.151912;-0.370031;0;0.000718921;0.709669;-0.0533847;0.00395339
0.156549;-0.368093;0;0.000721861;0.731343;-0.0550449;0.00407634
0.161163;-0.366096;0;0.0007248;0.753004;-0.0567042;0.00419922
0.16575;-0.364042;0;0.000727737;0.774649;-0.0583623;0.00432201
0.170312;-0.361931;0;0.00073062;0.795756;-0.0599911;0.00444263
0.174846;-0.359762;0;0.000733421;0.816147;-0.0615742;0.00455987
0.179353;-0.357537;0;0.00073614;0.836149;-0.0631103;0.00467362
0.183832;-0.355255;0;0.00073886;0.856164;-0.0646473;0.00478744
0.188282;-0.352916;0;0.000741582;0.876188;-0.0661852;0.00490133
0.192701;-0.350523;0;0.000744305;0.896217;-0.0677235;0.00501525
0.197091;-0.348074;0;0.000747028;0.916248;-0.0692622;0.00512919
0.201449;-0.345569;0;0.000749751;0.936279;-0.0708008;0.00524314
0.205776;-0.343011;0;0.000752474;0.956306;-0.0723393;0.00535707
0.21007;-0.340398;0;0.000755196;0.976326;-0.0738774;0.00547097
0.214331;-0.337731;0;0.000757917;0.996336;-0.0754147;0.00558482
0.218558;-0.335011;0;0.000760637;1.01633;-0.0769512;0.0056986
0.22275;-0.332238;0;0.000763354;1.03631;-0.0784864;0.00581229
0.226908;-0.329413;0;0.000765952;1.05499;-0.0799582;0.00592129
0.231029;-0.326536;0;0.000768377;1.07275;-0.0813299;0.00602287
0.235114;-0.323607;0;0.000770804;1.09052;-0.0827027;0.00612453
0.239162;-0.320627;0;0.000773232;1.1083;-0.0840764;0.00622626
0.243172;-0.317596;0;0.000775661;1.12609;-0.0854509;0.00632804
0.247144;-0.314515;0;0.000778092;1.14389;-0.0868258;0.00642986
0.251077;-0.311385;0;0.000780523;1.16169;-0.088201;0.0065317
0.25497;-0.308205;0;0.000782953;1.17948;-0.0895762;0.00663354
0.258822;-0.304977;0;0.000785384;1.19728;-0.0909513;0.00673537
0.262634;-0.301701;0;0.000787814;1.21506;-0.0923259;0.00683717
0.266405;-0.298376;0;0.000790243;1.23284;-0.0937;0.00693893
0.270133;-0.295005;0;0.00079267;1.25061;-0.0950732;0.00704062
0.273819;-0.291587;0;0.000795096;1.26836;-0.0964454;0.00714224
0.277461;-0.288124;0;0.000797474;1.28563;-0.0977921;0.00724197
0.28106;-0.284614;0;0.000799608;1.301;-0.0990023;0.00733159
0.284614;-0.28106;0;0.000801692;1.31614;-0.100184;0.00741908
0.288124;-0.277461;0;0.000803778;1.33129;-0.101366;0.00750662
0.291587;-0.273819;0;0.000805864;1.34644;-0.102548;0.00759419
0.295005;-0.270133;0;0.000807951;1.36159;-0.103731;0.00768178
0.298376;-0.266405;0;0.000810038;1.37675;-0.104914;0.00776937
0.301701;-0.262634;0;0.000812125;1.39189;-0.106096;0.00785695
0.304977;-0.258822;0;0.000814211;1.40703;-0.107279;0.00794451
0.308205;-0.25497;0;0.000816296;1.42216;-0.108461;0.00803203
0.311385;-0.251077;0;0.00081838;1.43728;-0.109642;0.0081195
0.314515;-0.247144;0;0.000820462;1.45239;-0.110822;0.0082069
0.317596;-0.243172;0;0.000822469;1.46657;-0.111963;0.00829136
0.320627;-0.239162;0;0.000824149;1.47866;-0.112917;0.00836205
0.323607;-0.235114;0;0.000825831;1.49075;-0.113872;0.00843279
0.326536;-0.231029;0;0.000827515;1.50286;-0.114828;0.00850359
0.329413;-0.226908;0;0.000829199;1.51496;-0.115785;0.00857442
0.332238;-0.22275;0;0.000830883;1.52707;-0.116742;0.00864527
0.335011;-0.218558;0;0.000832568;1.53918;-0.117699;0.00871614
0.337731;-0.214331;0;0.000834253;1.55128;-0.118656;0.00878701
0.340398;-0.21007;0;0.000835938;1.56338;-0.119613;0.00885788
0.343011;-0.205776;0;0.000837623;1.57548;-0.120569;0.00892872
0.345569;-0.201449;0;0.000839306;1.58757;-0.121525;0.00899954
0.348074;-0.197091;0;0.000840989;1.59965;-0.122481;0.00907031
0.350523;-0.192701;0;0.00084267;1.61171;-0.123436;0.00914103
0.352916;-0.188282;0;0.00084435;1.62377;-0.12439;0.00921168
0.355255;-0.183832;0;0.00084581;1.6341;-0.125221;0.00927322
0.357537;-0.179353;0;0.000847058;1.64304;-0.125931;0.00932575
0.359762;-0.174846;0;0.000848307;1.65198;-0.12664;0.00937831
0.361931;-0.170312;0;0.000849499;1.66041;-0.127319;0.00942856
0.364042;-0.16575;0;0.000850684;1.66889;-0.127993;0.00947845
0.366096;-0.161163;0;0.00085187;1.67739;-0.128667;0.00952837
0.368093;-0.156549;0;0.000853056;1.68589;-0.129341;0.00957829
0.370031;-0.151912;0;0.000854242;1.69439;-0.130015;0.0096282
0.371911;-0.14725;0;0.000855427;1.7029;-0.130689;0.00967811
0.373732;-0.142565;0;0.000856613;1.71141;-0.131362;0.009728
0.375494;-0.137857;0;0.000857797;1.71991;-0.132036;0.00977786
0.377196;-0.133128;0;0.000858981;1.72842;-0.132708;0.00982769
0.378839;-0.128377;0;0.000860159;1.73692;-0.133378;0.00987726
0.380423;-0.123607;0;0.000861221;1.7447;-0.133981;0.00992192
0.381946;-0.118817;0;0.000861993;1.75048;-0.134416;0.00995418
0.383409;-0.114008;0;0.000862764;1.75627;-0.134852;0.00998645
0.384811;-0.109181;0;0.000863536;1.76207;-0.135288;0.0100187
0.386153;-0.104337;0;0.000864271;1.76779;-0.135702;0.0100494
0.387433;-0.099476;0;0.000864937;1.77311;-0.136075;0.010077
0.388653;-0.0945996;0;0.000865604;1.77843;-0.136448;0.0101047
0.389811;-0.0897083;0;0.00086627;1.78375;-0.136822;0.0101323
0.390907;-0.0848028;0;0.000866937;1.78907;-0.137195;0.0101599
0.391942;-0.079884;0;0.000867603;1.79438;-0.137568;0.0101876
0.392915;-0.0749525;0;0.000868269;1.79969;-0.137941;0.0102152
0.393826;-0.0700092;0;0.000868935;1.805;-0.138314;0.0102428
0.394674;-0.0650549;0;0.000869601;1.8103;-0.138687;0.0102704
0.395461;-0.0600902;0;0.000870266;1.81559;-0.139059;0.010298
0.396185;-0.0551161;0;0.000870697;1.82044;-0.139285;0.0103147
0.396846;-0.0501333;0;0.000871041;1.82529;-0.139453;0.0103272
0.397445;-0.0451426;0;0.000871384;1.83013;-0.139622;0.0103396
0.39798;-0.0401447;0;0.000871621;1.83326;-0.13974;0.0103484
0.398453;-0.0351405;0;0.000871769;1.83497;-0.139818;0.0103542
0.398864;-0.0301307;0;0.000871917;1.83668;-0.139895;0.0103599
0.399211;-0.0251162;0;0.000872065;1.83838;-0.139973;0.0103657
0.399495;-0.0200977;0;0.000872214;1.84009;-0.14005;0.0103714
0.399716;-0.0150761;0;0.000872362;1.8418;-0.140128;0.0103771
0.399874;-0.010052;0;0.00087251;1.84351;-0.140206;0.0103829
0.399968;-0.00502642;0;0.000872658;1.84521;-0.140283;0.0103886
