0.4;0;0;0.000269063;2.01538;-0.140359;0.0103943
0.399968;0.00502642;0;0.000268909;2.0142;-0.140279;0.0103883
0.399874;0.010052;0;0.000268751;2.01301;-0.140196;0.0103822
0.399716;0.0150761;0;0.000268594;2.01181;-0.140114;0.0103761
0.399495;0.0200977;0;0.000268436;2.01062;-0.140032;0.01037
0.399211;0.0251162;0;0.000268279;2.00942;-0.13995;0.0103639
0.398864;0.0301307;0;0.000268121;2.00823;-0.139867;0.0103578
0.398453;0.0351405;0;0.000267964;2.00703;-0.139785;0.0103518
0.39798;0.0401447;0;0.000267806;2.00584;-0.139703;0.0103457
0.397445;0.0451426;0;0.000267517;2.00361;-0.139552;0.0103345
0.396846;0.0501333;0;0.000267158;2.00086;-0.139365;0.0103206
0.396185;0.0551161;0;0.000266799;1.99811;-0.139178;0.0103068
0.395461;0.0600902;0;0.00026644;1.99536;-0.138991;0.0102929
0.394674;0.0650549;0;0.000265797;1.99046;-0.138655;0.0102681
0.393826;0.0700092;0;0.000265094;1.98511;-0.138289;0.0102409
0.392915;0.0749525;0;0.000264391;1.97975;-0.137921;0.0102137
0.391942;0.079884;0;0.000263687;1.9744;-0.137554;0.0101866
0.390907;0.0848028;0;0.000262983;1.96904;-0.137187;0.0101594
0.389811;0.0897083;0;0.000262279;1.96368;-0.13682;0.0101321
0.388653;0.0945996;0;0.000261575;1.95832;-0.136452;0.0101049
0.387433;0.099476;0;0.000260871;1.95296;-0.136085;0.0100777
0.386153;0.104337;0;0.000260129;1.94732;-0.135698;0.0100491
0.384811;0.109181;0;0.000259261;1.9407;-0.135245;0.0100156
0.383409;0.114008;0;0.000258394;1.93408;-0.134793;0.00998205
0.381946;0.118817;0;0.000257527;1.92747;-0.134341;0.00994855
0.380423;0.123607;0;0.00025666;1.92086;-0.133888;0.00991507
0.378839;0.128377;0;0.000255532;1.91229;-0.1333;0.0098715
0.377196;0.133128;0;0.000254235;1.90245;-0.132623;0.0098214
0.375494;0.137857;0;0.000252943;1.89263;-0.13195;0.00977152
0.373732;0.142565;0;0.000251652;1.88282;-0.131276;0.00972165
0.371911;0.14725;0;0.000250361;1.87299;-0.130603;0.00967174
0.370031;0.151912;0;0.000249068;1.86317;-0.129929;0.00962182
0.368093;0.156549;0;0.000247776;1.85334;-0.129254;0.0095719
0.366096;0.161163;0;0.000246484;1.84351;-0.12858;0.00952197
0.364042;0.16575;0;0.000245191;1.83369;-0.127906;0.00947204
0.361931;0.170312;0;0.000243899;1.82386;-0.127232;0.00942214
0.359762;0.174846;0;0.000242608;1.81404;-0.126558;0.00937225
0.357537;0.179353;0;0.000241318;1.80423;-0.125885;0.0093224
0.355255;0.183832;0;0.000240028;1.79442;-0.125212;0.00927258
0.352916;0.188282;0;0.000238468;1.7826;-0.124399;0.00921231
0.350523;0.192701;0;0.000236642;1.76877;-0.123446;0.00914176
0.348074;0.197091;0;0.000234814;1.75492;-0.122492;0.00907114
0.345569;0.201449;0;0.000232984;1.74107;-0.121538;0.00900047
0.343011;0.205776;0;0.000231154;1.72721;-0.120583;0.00892976
0.340398;0.21007;0;0.000229323;1.71334;-0.119628;0.00885902
0.337731;0.214331;0;0.000227491;1.69947;-0.118672;0.00878826
0.335011;0.218558;0;0.000225659;1.6856;-0.117717;0.00871749
0.332238;0.22275;0;0.000223827;1.67173;-0.116761;0.00864672
0.329413;0.226908;0;0.000221995;1.65786;-0.115806;0.00857597
0.326536;0.231029;0;0.000220165;1.64399;-0.114851;0.00850524
0.323607;0.235114;0;0.000218332;1.63011;-0.113895;0.00843446
0.320627;0.239162;0;0.000216495;1.6162;-0.112936;0.00836348
0.317596;0.243172;0;0.000214659;1.60229;-0.111979;0.00829255
0.314515;0.247144;0;0.000212559;1.58644;-0.110883;0.00821144
0.311385;0.251077;0;0.0002103;1.56941;-0.109705;0.00812417
0.308205;0.25497;0;0.000208039;1.55236;-0.108526;0.00803684
0.304977;0.258822;0;0.000205776;1.5353;-0.107345;0.0079494
0.301701;0.262634;0;0.000203509;1.51821;-0.106163;0.00786184
0.298376;0.266405;0;0.00020124;1.50111;-0.104979;0.0077742
0.295005;0.270133;0;0.000198969;1.48398;-0.103794;0.00768645
0.291587;0.273819;0;0.000196697;1.46686;-0.102609;0.0075987
0.288124;0.277461;0;0.000194426;1.44973;-0.101424;0.00751096
0.284614;0.28106;0;0.000192156;1.43262;-0.10024;0.00742326
0.28106;0.284614;0;0.000189887;1.41551;-0.0990564;0.0073356
0.277461;0.288124;0;0.000187582;1.39815;-0.0978542;0.00724657
0.273819;0.291587;0;0.000184955;1.37843;-0.096484;0.0071451
0.270133;0.295005;0;0.000182326;1.3587;-0.0951124;0.00704353
0.266405;0.298376;0;0.000179695;1.33895;-0.0937398;0.00694188
0.262634;0.301701;0;0.000177062;1.3192;-0.0923665;0.00684018
0.258822;0.304977;0;0.000174428;1.29943;-0.0909925;0.00673842
0.25497;0.308205;0;0.000171793;1.27966;-0.0896181;0.00663665
0.251077;0.311385;0;0.000169157;1.25987;-0.088243;0.00653481
0.247144;0.314515;0;0.000166521;1.24008;-0.0868677;0.00643296
0.243172;0.317596;0;0.000163882;1.22028;-0.0854912;0.00633103
0.239162;0.320627;0;0.000161245;1.20048;-0.0841153;0.00622914
0.235114;0.323607;0;0.000158608;1.18069;-0.08274;0.00612729
0.231029;0.326536;0;0.000155973;1.16092;-0.0813655;0.0060255
0.226908;0.329413;0;0.000153341;1.14116;-0.0799922;0.0059238
0.22275;0.332238;0;0.000150545;1.12023;-0.078534;0.00581581
0.218558;0.335011;0;0.000147601;1.09823;-0.0769981;0.00570208
0.214331;0.337731;0;0.000144655;1.07621;-0.0754611;0.00558825
0.21007;0.340398;0;0.000141706;1.05418;-0.0739231;0.00547436
0.205776;0.343011;0;0.000138757;1.03214;-0.0723844;0.00536041
0.201449;0.345569;0;0.000135806;1.0101;-0.0708453;0.00524643
0.197091;0.348074;0;0.000132855;0.988045;-0.0693059;0.00513243
0.192701;0.350523;0;0.000129904;0.965996;-0.0677666;0.00501844
0.188282;0.352916;0;0.000126954;0.94395;-0.0662275;0.00490446
0.183832;0.355255;0;0.000124004;0.921912;-0.0646889;0.00479052
0.179353;0.357537;0;0.000121056;0.899885;-0.0631511;0.00467664
0.174846;0.359762;0;0.00011811;0.877871;-0.0616143;0.00456283
0.170312;0.361931;0;0.000115126;0.855589;-0.0600577;0.00444756
0.16575;0.364042;0;0.000111943;0.831878;-0.0583972;0.00432459
0.161163;0.366096;0;0.000108744;0.808053;-0.0567286;0.00420102
0.156549;0.368093;0;0.000105542;0.784204;-0.0550583;0.00407733
0.151912;0.370031;0;0.000102338;0.760334;-0.0533865;0.00395353
0.14725;0.371911;0;9.91306e-05;0.736448;-0.0517137;0.00382964
0.142565;0.373732;0;9.59219e-05;0.712548;-0.0500399;0.00370569
0.137857;0.375494;0;9.2712e-05;0.68864;-0.0483654;0.00358169
0.133128;0.377196;0;8.95014e-05;0.664727;-0.0466906;0.00345766
0.128377;0.378839;0;8.62905e-05;0.640812;-0.0450158;0.00333363
0.123607;0.380423;0;8.308e-05;0.616899;-0.043341;0.00320961
0.118817;0.381946;0;7.99483e-05;0.593602;-0.0417074;0.00308863
0.114008;0.383409;0;7.66615e-05;0.569184;-0.0399927;0.00296165
0.109181;0.384811;0;7.33731e-05;0.544755;-0.0382773;0.00283462
0.104337;0.386153;0;7.00839e-05;0.520319;-0.0365614;0.00270755
0.099476;0.387433;0;6.67942e-05;0.49588;-0.0348454;0.00258046
0.0945996;0.388653;0;6.35047e-05;0.471442;-0.0331293;0.00245338
0.0897083;0.389811;0;6.02158e-05;0.447009;-0.0314136;0.00232633
0.0848028;0.390907;0;5.69281e-05;0.422585;-0.0296985;0.00219932
0.079884;0.391942;0;5.36421e-05;0.398173;-0.0279843;0.00207237
0.0749525;0.392915;0;5.03582e-05;0.373777;-0.0262713;0.00194551
0.0700092;0.393826;0;4.70771e-05;0.349401;-0.0245596;0.00181876
0.0650549;0.394674;0;4.37992e-05;0.32505;-0.0228497;0.00169213
0.0600902;0.395461;0;4.05251e-05;0.300726;-0.0211417;0.00156564
0.0551161;0.396185;0;3.72552e-05;0.276434;-0.0194359;0.00143932
0.0501333;0.396846;0;3.38906e-05;0.251471;-0.0176808;0.00130935
0.0451426;0.397445;0;3.05085e-05;0.226375;-0.0159164;0.00117869
0.0401447;0.39798;0;2.71224e-05;0.20125;-0.0141501;0.00104788
0.0351405;0.398453;0;2.3733e-05;0.176101;-0.012382;0.000916944
0.0301307;0.398864;0;2.03408e-05;0.150931;-0.0106124;0.0007859
0.0251162;0.399211;0;1.69464e-05;0.125744;-0.00884168;0.000654768
0.0200977;0.399495;0;1.35502e-05;0.100544;-0.00707004;0.00052357
0.0150761;0.399716;0;1.01528e-05;0.0753351;-0.00529779;0.000392326
0.010052;0.399874;0;6.75483e-06;0.0501216;-0.00352519;0.000261057
0.00502642;0.399968;0;3.35671e-06;0.0249073;-0.00175254;0.000129784
2.44929e-17;0.4;0;-4.0994e-08;-0.000303955;1.98971e-05;-1.47348e-06
-0.00502642;0.399968;0;-3.43774e-06;-0.0255081;0.00179183;-0.000132694
-0.010052;0.399874;0;-6.83298e-06;-0.0507011;0.00356299;-0.000263856
-0.0150761;0.399716;0;-1.02262e-05;-0.075879;0.00533308;-0.00039494
-0.0200977;0.399495;0;-1.36169e-05;-0.101038;0.00710184;-0.000525925
-0.0251162;0.399211;0;-1.70044e-05;-0.126174;0.00886897;-0.00065679
-0.0301307;0.398864;0;-2.03883e-05;-0.151283;0.0106342;-0.000787514
-0.0351405;0.398453;0;-2.37397e-05;-0.176135;0.0123824;-0.000916979
-0.0401447;0.39798;0;-2.70767e-05;-0.200885;0.0141232;-0.00104589
-0.0451426;0.397445;0;-3.04141e-05;-0.225671;0.0158641;-0.00117481
-0.0501333;0.396846;0;-3.37541e-05;-0.250477;0.0176065;-0.00130384
-0.0551161;0.396185;0;-3.70963e-05;-0.275298;0.01935;-0.00143296
-0.0600902;0.395461;0;-4.04401e-05;-0.300132;0.0210943;-0.00156214
-0.0650549;0.394674;0;-4.3785e-05;-0.324973;0.0228392;-0.00169135
-0.0700092;0.393826;0;-4.71305e-05;-0.349819;0.0245844;-0.00182059
-0.0749525;0.392915;0;-5.04761e-05;-0.374665;0.0263297;-0.00194984
-0.079884;0.391942;0;-5.38211e-05;-0.399508;0.0280746;-0.00207906
-0.0848028;0.390907;0;-5.71651e-05;-0.424343;0.0298191;-0.00220825
-0.0897083;0.389811;0;-6.05076e-05;-0.449166;0.0315627;-0.00233737
-0.0945996;0.388653;0;-6.3848e-05;-0.473974;0.0333053;-0.00246642
-0.099476;0.387433;0;-6.71859e-05;-0.498763;0.0350465;-0.00259536
-0.104337;0.386153;0;-7.04776e-05;-0.523202;0.0367636;-0.00272252
-0.109181;0.384811;0;-7.36873e-05;-0.547056;0.0384379;-0.00284651
-0.114008;0.383409;0;-7.68713e-05;-0.570765;0.0400989;-0.00296951
-0.118817;0.381946;0;-8.00578e-05;-0.594492;0.0417611;-0.00309261
-0.123607;0.380423;0;-8.32463e-05;-0.618233;0.0434244;-0.00321578
-0.128377;0.378839;0;-8.64362e-05;-0.641985;0.0450885;-0.00333901
-0.133128;0.377196;0;-8.96271e-05;-0.665744;0.046753;-0.00346228
-0.137857;0.375494;0;-9.28184e-05;-0.689506;0.0484178;-0.00358557
-0.142565;0.373732;0;-9.60097e-05;-0.713268;0.0500825;-0.00370885
-0.14725;0.371911;0;-9.92004e-05;-0.737026;0.051747;-0.00383211
-0.151912;0.370031;0;-0.000102377;-0.760672;0.0534039;-0.00395481
-0.156549;0.368093;0;-0.000105554;-0.784328;0.0550614;-0.00407756
-0.161163;0.366096;0;-0.00010873;-0.807971;0.0567181;-0.00420024
-0.16575;0.364042;0;-0.000111903;-0.831598;0.0583736;-0.00432284
-0.170312;0.361931;0;-0.000115074;-0.855205;0.0600277;-0.00444534
-0.174846;0.359762;0;-0.000118123;-0.877948;0.0616183;-0.00456313
-0.179353;0.357537;0;-0.000121051;-0.899824;0.0631459;-0.00467625
-0.183832;0.355255;0;-0.000123982;-0.921717;0.0646746;-0.00478947
-0.188282;0.352916;0;-0.000126914;-0.943623;0.0662043;-0.00490274
-0.192701;0.350523;0;-0.000129848;-0.965539;0.0677347;-0.00501608
-0.197091;0.348074;0;-0.000132782;-0.987461;0.0692655;-0.00512944
-0.201449;0.345569;0;-0.000135717;-1.00939;0.0707965;-0.00524281
-0.205776;0.343011;0;-0.000138652;-1.03131;0.0723274;-0.00535619
-0.21007;0.340398;0;-0.000141586;-1.05323;0.0738581;-0.00546954
-0.214331;0.337731;0;-0.000144519;-1.07515;0.0753882;-0.00558285
-0.218558;0.335011;0;-0.000147451;-1.09705;0.0769175;-0.00569611
-0.22275;0.332238;0;-0.000150344;-1.11868;0.0784266;-0.00580786
-0.226908;0.329413;0;-0.000153195;-1.14006;0.0799138;-0.00591799
-0.231029;0.326536;0;-0.000155792;-1.15954;0.0812685;-0.00601832
-0.235114;0.323607;0;-0.000158425;-1.1793;0.082642;-0.00612004
-0.239162;0.320627;0;-0.000161059;-1.19907;0.0840164;-0.00622182
-0.243172;0.317596;0;-0.000163695;-1.21885;0.0853915;-0.00632365
-0.247144;0.314515;0;-0.000166332;-1.23863;0.0867671;-0.00642552
-0.251077;0.311385;0;-0.00016897;-1.25842;0.0881429;-0.0065274
-0.25497;0.308205;0;-0.000171607;-1.27821;0.0895188;-0.00662929
-0.258822;0.304977;0;-0.000174244;-1.298;0.0908945;-0.00673117
-0.262634;0.301701;0;-0.000176881;-1.31778;0.0922698;-0.00683302
-0.266405;0.298376;0;-0.000179516;-1.33755;0.0936446;-0.00693483
-0.270133;0.295005;0;-0.00018215;-1.35731;0.0950184;-0.00703657
-0.273819;0.291587;0;-0.000184782;-1.37706;0.0963913;-0.00713823
-0.277461;0.288124;0;-0.000187252;-1.39563;0.0976803;-0.00723369
-0.28106;0.284614;0;-0.000189605;-1.41334;0.0989075;-0.00732457
-0.284614;0.28106;0;-0.000191888;-1.43056;0.100099;-0.0074128
-0.288124;0.277461;0;-0.000194173;-1.44779;0.101291;-0.00750106
-0.291587;0.273819;0;-0.000196459;-1.46502;0.102483;-0.00758935
-0.295005;0.270133;0;-0.000198745;-1.48225;0.103675;-0.00767765
-0.298376;0.266405;0;-0.00020103;-1.49949;0.104868;-0.00776595
-0.301701;0.262634;0;-0.000203316;-1.51672;0.10606;-0.00785423
-0.304977;0.258822;0;-0.0002056;-1.53394;0.107251;-0.00794248
-0.308205;0.25497;0;-0.000207883;-1.55116;0.108443;-0.00803068
-0.311385;0.251077;0;-0.000210165;-1.56836;0.109633;-0.00811883
-0.314515;0.247144;0;-0.000212445;-1.58555;0.110822;-0.00820691
-0.317596;0.243172;0;-0.000214573;-1.60163;0.111932;-0.00828912
-0.320627;0.239162;0;-0.000216415;-1.61558;0.112893;-0.00836027
-0.323607;0.235114;0;-0.000218258;-1.62955;0.113855;-0.00843148
-0.326536;0.231029;0;-0.000220103;-1.64352;0.114817;-0.00850273
-0.329413;0.226908;0;-0.000221948;-1.6575;0.115779;-0.00857402
-0.332238;0.22275;0;-0.000223794;-1.67148;0.116742;-0.00864533
-0.335011;0.218558;0;-0.00022564;-1.68546;0.117705;-0.00871664
-0.337731;0.214331;0;-0.000227458;-1.69923;0.118653;-0.00878685
-0.340398;0.21007;0;-0.000229276;-1.713;0.119602;-0.0088571
-0.343011;0.205776;0;-0.000231094;-1.72676;0.12055;-0.00892733
-0.345569;0.201449;0;-0.000232911;-1.74052;0.121498;-0.00899753
-0.348074;0.197091;0;-0.000234727;-1.75428;0.122446;-0.0090677
-0.350523;0.192701;0;-0.000236542;-1.76802;0.123393;-0.00913782
-0.352916;0.188282;0;-0.000238356;-1.78175;0.124339;-0.00920789
-0.355255;0.183832;0;-0.000239993;-1.79414;0.125193;-0.00927114
-0.357537;0.179353;0;-0.000241346;-1.80443;0.125899;-0.0093234
-0.359762;0.174846;0;-0.000242704;-1.81476;0.126607;-0.00937587
-0.361931;0.170312;0;-0.000244063;-1.82509;0.127316;-0.00942835
-0.364042;0.16575;0;-0.000245421;-1.83542;0.128025;-0.00948083
-0.366096;0.161163;0;-0.00024678;-1.84575;0.128733;-0.00953332
-0.368093;0.156549;0;-0.000248138;-1.85607;0.129442;-0.00958579
-0.370031;0.151912;0;-0.000249496;-1.8664;0.13015;-0.00963825
-0.371911;0.14725;0;-0.000250853;-1.87671;0.130858;-0.00969067
-0.373732;0.142565;0;-0.000252209;-1.88703;0.131566;-0.00974307
-0.375494;0.137857;0;-0.000253565;-1.89733;0.132273;-0.00979542
-0.377196;0.133128;0;-0.000254879;-1.90732;0.132958;-0.00984621
-0.378839;0.128377;0;-0.000255796;-1.9143;0.133437;-0.00988161
-0.380423;0.123607;0;-0.000256643;-1.92076;0.133879;-0.00991436
-0.381946;0.118817;0;-0.000257492;-1.92723;0.134321;-0.00994712
-0.383409;0.114008;0;-0.00025834;-1.9337;0.134764;-0.00997991
-0.384811;0.109181;0;-0.000259189;-1.94017;0.135207;-0.0100127
-0.386153;0.104337;0;-0.000260038;-1.94665;0.13565;-0.0100455
-0.387433;0.099476;0;-0.000260887;-1.95312;0.136093;-0.0100783
-0.388653;0.0945996;0;-0.000261736;-1.9596;0.136536;-0.0101111
-0.389811;0.0897083;0;-0.000262585;-1.96607;0.136978;-0.0101439
-0.390907;0.0848028;0;-0.000263433;-1.97253;0.137421;-0.0101767
-0.391942;0.079884;0;-0.000264281;-1.979;0.137863;-0.0102094
-0.392915;0.0749525;0;-0.000265129;-1.98546;0.138305;-0.0102422
-0.393826;0.0700092;0;-0.000265975;-1.99191;0.138747;-0.0102749
-0.394674;0.0650549;0;-0.000266814;-1.99831;0.139184;-0.0103073
-0.395461;0.0600902;0;-0.000267147;-2.00084;0.139358;-0.0103201
-0.396185;0.0551161;0;-0.000267427;-2.00299;0.139504;-0.0103309
-0.396846;0.0501333;0;-0.000267707;-2.00513;0.13965;-0.0103418
-0.397445;0.0451426;0;-0.000267987;-2.00727;0.139797;-0.0103526
-0.39798;0.0401447;0;-0.000268268;-2.00941;0.139943;-0.0103634
-0.398453;0.0351405;0;-0.000268541;-2.01149;0.140085;-0.010374
-0.398864;0.0301307;0;-0.000268806;-2.01351;0.140223;-0.0103842
-0.399211;0.0251162;0;-0.000269068;-2.01551;0.140361;-0.0103944
-0.399495;0.0200977;0;-0.000269331;-2.01752;0.140497;-0.0104045
-0.399716;0.0150761;0;-0.000269593;-2.01952;0.140634;-0.0104146
-0.399874;0.010052;0;-0.000269855;-2.02152;0.140771;-0.0104248
-0.399968;0.00502642;0;-0.000270116;-2.02351;0.140907;-0.0104349
-0.4;4.89859e-17;0;-0.000270377;-2.02551;0.141043;-0.0104449
-0.399968;-0.00502642;0;-0.000270196;-2.02412;0.140949;-0.0104379
-0.399874;-0.010052;0;-0.000269921;-2.02202;0.140805;-0.0104273
-0.399716;-0.0150761;0;-0.000269645;-2.01992;0.140662;-0.0104167
-0.399495;-0.0200977;0;-0.000269369;-2.01781;0.140518;-0.010406
-0.399211;-0.0251162;0;-0.000269093;-2.0157;0.140373;-0.0103953
-0.398864;-0.0301307;0;-0.000268816;-2.01359;0.140229;-0.0103846
-0.398453;-0.0351405;0;-0.000268539;-2.01147;0.140085;-0.0103739
-0.39798;-0.0401447;0;-0.000268262;-2.00936;0.13994;-0.0103632
-0.397445;-0.0451426;0;-0.000267985;-2.00724;0.139796;-0.0103525
-0.396846;-0.0501333;0;-0.000267708;-2.00513;0.139651;-0.0103418
-0.396185;-0.0551161;0;-0.000267431;-2.00301;0.139506;-0.0103311
-0.395461;-0.0600902;0;-0.000267153;-2.00089;0.139362;-0.0103204
-0.394674;-0.0650549;0;-0.000266875;-1.99877;0.139217;-0.0103097
-0.393826;-0.0700092;0;-0.000266057;-1.99253;0.13879;-0.010278
-0.392915;-0.0749525;0;-0.000265218;-1.98613;0.138352;-0.0102456
-0.391942;-0.079884;0;-0.000264378;-1.97972;0.137914;-0.0102132
-0.390907;-0.0848028;0;-0.000263537;-1.97331;0.137476;-0.0101807
-0.389811;-0.0897083;0;-0.000262696;-1.9669;0.137037;-0.0101482
-0.388653;-0.0945996;0;-0.000261855;-1.96048;0.136598;-0.0101157
-0.387433;-0.099476;0;-0.000261013;-1.95406;0.136159;-0.0100832
-0.386153;-0.104337;0;-0.000260171;-1.94764;0.13572;-0.0100507
-0.384811;-0.109181;0;-0.000259329;-1.94122;0.135281;-0.0100182
-0.383409;-0.114008;0;-0.000258487;-1.9348;0.134842;-0.00998567
-0.381946;-0.118817;0;-0.000257646;-1.92839;0.134403;-0.00995316
-0.380423;-0.123607;0;-0.000256805;-1.92197;0.133964;-0.00992068
-0.378839;-0.128377;0;-0.000255922;-1.91525;0.133504;-0.00988658
-0.377196;-0.133128;0;-0.000254667;-1.9057;0.132849;-0.00983807
-0.375494;-0.137857;0;-0.00025341;-1.89615;0.132193;-0.00978952
-0.373732;-0.142565;0;-0.000252153;-1.88659;0.131537;-0.00974095
-0.371911;-0.14725;0;-0.000250771;-1.87608;0.130816;-0.00968758
-0.370031;-0.151912;0;-0.000249372;-1.86544;0.130087;-0.00963355
-0.368093;-0.156549;0;-0.000247973;-1.85479;0.129357;-0.00957948
-0.366096;-0.161163;0;-0.000246572;-1.84414;0.128626;-0.00952539
-0.364042;-0.16575;0;-0.000245172;-1.83349;0.127896;-0.00947129
-0.361931;-0.170312;0;-0.000243771;-1.82283;0.127165;-0.00941719
-0.359762;-0.174846;0;-0.00024237;-1.81218;0.126435;-0.00936309
-0.357537;-0.179353;0;-0.00024097;-1.80152;0.125704;-0.009309
-0.355255;-0.183832;0;-0.000239401;-1.78965;0.124886;-0.00924838
-0.352916;-0.188282;0;-0.000237795;-1.77749;0.124048;-0.00918634
-0.350523;-0.192701;0;-0.000236116;-1.76479;0.123172;-0.0091215
-0.348074;-0.197091;0;-0.000234339;-1.75133;0.122245;-0.00905286
-0.345569;-0.201449;0;-0.000232562;-1.73788;0.121318;-0.00898419
-0.343011;-0.205776;0;-0.000230784;-1.72441;0.12039;-0.00891549
-0.340398;-0.21007;0;-0.000229005;-1.71095;0.119463;-0.00884678
-0.337731;-0.214331;0;-0.000227227;-1.69748;0.118535;-0.00877807
-0.335011;-0.218558;0;-0.000225448;-1.68402;0.117607;-0.00870937
-0.332238;-0.22275;0;-0.00022367;-1.67056;0.11668;-0.00864069
-0.329413;-0.226908;0;-0.000221893;-1.6571;0.115753;-0.00857204
-0.326536;-0.231029;0;-0.000220059;-1.6432;0.114796;-0.00850118
-0.323607;-0.235114;0;-0.000218199;-1.6291;0.113826;-0.00842934
-0.320627;-0.239162;0;-0.00021634;-1.61501;0.112856;-0.00835754
-0.317596;-0.243172;0;-0.000214478;-1.6009;0.111885;-0.00828558
-0.314515;-0.247144;0;-0.00021233;-1.58466;0.110764;-0.00820259
-0.311385;-0.251077;0;-0.000210045;-1.56743;0.109572;-0.00811434
-0.308205;-0.25497;0;-0.000207758;-1.55019;0.108379;-0.00802601
-0.304977;-0.258822;0;-0.00020547;-1.53294;0.107186;-0.00793763
-0.301701;-0.262634;0;-0.000203181;-1.51568;0.105992;-0.0078492
-0.298376;-0.266405;0;-0.000200891;-1.49841;0.104797;-0.00776074
-0.295005;-0.270133;0;-0.000198601;-1.48114;0.103602;-0.00767226
-0.291587;-0.273819;0;-0.00019631;-1.46387;0.102408;-0.00758378
-0.288124;-0.277461;0;-0.00019402;-1.44661;0.101213;-0.0074953
-0.284614;-0.28106;0;-0.00019173;-1.42934;0.100019;-0.00740686
-0.28106;-0.284614;0;-0.000189441;-1.41209;0.0988248;-0.00731845
-0.277461;-0.288124;0;-0.000187051;-1.3941;0.0975776;-0.00722609
-0.273819;-0.291587;0;-0.000184607;-1.37572;0.0963027;-0.00713168
-0.270133;-0.295005;0;-0.000182047;-1.35651;0.0949673;-0.00703278
-0.266405;-0.298376;0;-0.000179429;-1.33687;0.0936012;-0.00693161
-0.262634;-0.301701;0;-0.000176808;-1.31721;0.0922344;-0.00683039
-0.258822;-0.304977;0;-0.000174187;-1.29754;0.0908671;-0.00672914
-0.25497;-0.308205;0;-0.000171566;-1.27787;0.0894996;-0.00662787
-0.251077;-0.311385;0;-0.000168944;-1.25821;0.088132;-0.0065266
-0.247144;-0.314515;0;-0.000166323;-1.23854;0.0867647;-0.00642534
-0.243172;-0.317596;0;-0.000163702;-1.21888;0.0853977;-0.00632411
-0.239162;-0.320627;0;-0.000161083;-1.19923;0.0840314;-0.00622292
-0.235114;-0.323607;0;-0.000158465;-1.17959;0.0826658;-0.0061218
-0.231029;-0.326536;0;-0.00015585;-1.15996;0.0813013;-0.00602075
-0.226908;-0.329413;0;-0.000153169;-1.13986;0.0799031;-0.00591721
-0.22275;-0.332238;0;-0.000150321;-1.1185;0.0784172;-0.00580717
-0.218558;-0.335011;0;-0.000147415;-1.09679;0.0769012;-0.0056949
-0.214331;-0.337731;0;-0.000144481;-1.07486;0.0753704;-0.00558154
-0.21007;-0.340398;0;-0.000141545;-1.05293;0.073839;-0.00546813
-0.205776;-0.343011;0;-0.000138608;-1.03099;0.0723069;-0.00535467
-0.201449;-0.345569;0;-0.00013567;-1.00904;0.0707746;-0.0052412
-0.197091;-0.348074;0;-0.000132733;-0.987096;0.0692422;-0.00512772
-0.192701;-0.350523;0;-0.000129796;-0.965152;0.06771;-0.00501425
-0.188282;-0.352916;0;-0.000126859;-0.943214;0.0661783;-0.00490082
-0.183832;-0.355255;0;-0.000123924;-0.921286;0.0646472;-0.00478743
-0.179353;-0.357537;0;-0.000120991;-0.899371;0.063117;-0.00467411
-0.174846;-0.359762;0;-0.00011806;-0.877473;0.061588;-0.00456088
-0.170312;-0.361931;0;-0.000115021;-0.85479;0.0600028;-0.0044435
-0.16575;-0.364042;0;-0.000111882;-0.831417;0.0583655;-0.00432224
-0.161163;-0.366096;0;-0.000108712;-0.80781;0.0567114;-0.00419975
-0.156549;-0.368093;0;-0.000105539;-0.784187;0.0550562;-0.00407718
-0.151912;-0.370031;0;-0.000102364;-0.760553;0.0534002;-0.00395454
-0.14725;-0.371911;0;-9.91886e-05;-0.736911;0.0517437;-0.00383187
-0.142565;-0.373732;0;-9.60125e-05;-0.713265;0.0500869;-0.00370917
-0.137857;-0.375494;0;-9.28364e-05;-0.689619;0.0484301;-0.00358648
-0.133128;-0.377196;0;-8.96607e-05;-0.665977;0.0467735;-0.0034638
-0.128377;-0.378839;0;-8.6486e-05;-0.642341;0.0451174;-0.00334116
-0.123607;-0.380423;0;-8.33128e-05;-0.618717;0.0434621;-0.00321857
-0.118817;-0.381946;0;-8.01415e-05;-0.595107;0.0418077;-0.00309606
-0.114008;-0.383409;0;-7.69726e-05;-0.571515;0.0401547;-0.00297365
-0.109181;-0.384811;0;-7.381e-05;-0.547969;0.0385049;-0.00285147
-0.104337;-0.386153;0;-7.04968e-05;-0.523349;0.0367765;-0.00272348
-0.099476;-0.387433;0;-6.71763e-05;-0.498685;0.0350444;-0.0025952
-0.0945996;-0.388653;0;-6.3854e-05;-0.474007;0.0333113;-0.00246686
-0.0897083;-0.389811;0;-6.05304e-05;-0.44932;0.0315775;-0.00233846
-0.0848028;-0.390907;0;-5.72083e-05;-0.424646;0.0298445;-0.00221013
-0.079884;-0.391942;0;-5.38801e-05;-0.399925;0.0281083;-0.00208156
-0.0749525;-0.392915;0;-5.05497e-05;-0.375187;0.026371;-0.0019529
-0.0700092;-0.393826;0;-4.72198e-05;-0.350452;0.024634;-0.00182426
-0.0650549;-0.394674;0;-4.38909e-05;-0.325725;0.0228974;-0.00169566
-0.0600902;-0.395461;0;-4.05635e-05;-0.301009;0.0211617;-0.00156712
-0.0551161;-0.396185;0;-3.72382e-05;-0.276308;0.019427;-0.00143866
-0.0501333;-0.396846;0;-3.38819e-05;-0.251413;0.0176762;-0.00130901
-0.0451426;-0.397445;0;-3.04953e-05;-0.226285;0.0159096;-0.00117818
-0.0401447;-0.39798;0;-2.71069e-05;-0.201142;0.014142;-0.00104728
-0.0351405;-0.398453;0;-2.3717e-05;-0.175989;0.0123737;-0.000916329
-0.0301307;-0.398864;0;-2.03318e-05;-0.15087;0.0106078;-0.000785556
-0.0251162;-0.399211;0;-1.69387e-05;-0.125693;0.00883774;-0.000654477
-0.0200977;-0.399495;0;-1.35454e-05;-0.100514;0.00706759;-0.000523389
-0.0150761;-0.399716;0;-1.01524e-05;-0.0753372;0.0052976;-0.000392313
-0.010052;-0.399874;0;-6.76023e-06;-0.0501668;0.00352806;-0.000261269
-0.00502642;-0.399968;0;-3.36944e-06;-0.0250066;0.00175923;-0.000130279
-7.34788e-17;-0.4;0;1.94249e-08;0.000139287;-8.59414e-06;6.36437e-07
0.00502642;-0.399968;0;3.38172e-06;0.0250859;-0.00176255;0.000130525
0.010052;-0.399874;0;6.75761e-06;0.0501286;-0.00352358;0.000260938
0.0150761;-0.399716;0;1.01363e-05;0.0751921;-0.00528607;0.000391459
0.0200977;-0.399495;0;1.35173e-05;0.100273;-0.00704976;0.000522068
0.0251162;-0.399211;0;1.69e-05;0.125366;-0.00881435;0.000652745
0.0301307;-0.398864;0;2.0284e-05;0.150468;-0.0105796;0.000783468
0.0351405;-0.398453;0;2.36686e-05;0.175575;-0.0123452;0.000914217
0.0401447;-0.39798;0;2.70533e-05;0.200684;-0.0141108;0.00104497
0.0451426;-0.397445;0;3.04377e-05;0.225789;-0.0158763;0.00117571
0.0501333;-0.396846;0;3.38211e-05;0.250888;-0.0176412;0.00130642
0.0551161;-0.396185;0;3.71862e-05;0.275892;-0.0193968;0.00143643
0.0600902;-0.395461;0;4.05631e-05;0.300985;-0.0211586;0.00156689
0.0650549;-0.394674;0;4.38514e-05;0.325425;-0.022874;0.00169393
0.0700092;-0.393826;0;4.7192e-05;0.350254;-0.0246166;0.00182298
0.0749525;-0.392915;0;5.05329e-05;0.375086;-0.0263595;0.00195204
0.079884;-0.391942;0;5.38737e-05;0.399916;-0.0281022;0.0020811
0.0848028;-0.390907;0;5.71414e-05;0.424195;-0.0298068;0.00220734
0.0897083;-0.389811;0;6.04351e-05;0.448654;-0.031525;0.00233457
0.0945996;-0.388653;0;6.37296e-05;0.473121;-0.0332436;0.00246184
0.099476;-0.387433;0;6.70244e-05;0.497589;-0.0349623;0.00258913
0.104337;-0.386153;0;7.03191e-05;0.522057;-0.036681;0.0027164
0.109181;-0.384811;0;7.36131e-05;0.546519;-0.0383994;0.00284366
0.114008;-0.383409;0;7.69059e-05;0.570973;-0.0401171;0.00297086
0.118817;-0.381946;0;8.00513e-05;0.594375;-0.0417579;0.00309237
0.123607;-0.380423;0;8.32328e-05;0.618073;-0.0434175;0.00321527
0.128377;-0.378839;0;8.6416e-05;0.641784;-0.0450781;0.00333825
0.133128;-0.377196;0;8.96004e-05;0.665503;-0.0467392;0.00346126
0.137857;-0.375494;0;9.27854e-05;0.689227;-0.0484007;0.0035843
0.142565;-0.373732;0;9.59706e-05;0.712952;-0.0500623;0.00370735
0.14725;-0.371911;0;9.91554e-05;0.736674;-0.0517237;0.00383039
0.151912;-0.370031;0;0.000102339;0.76039;-0.0533847;0.00395339
0.156549;-0.368093;0;0.000105522;0.784096;-0.0550449;0.00407634
0.161163;-0.366096;0;0.000108703;0.807789;-0.0567042;0.00419922
0.16575;-0.364042;0;0.000111881;0.831463;-0.0583623;0.00432201
0.170312;-0.361931;0;0.000115004;0.854705;-0.0599911;0.00444263
0.174846;-0.359762;0;0.000118039;0.877305;-0.0615742;0.00455987
0.179353;-0.357537;0;0.000120983;0.899312;-0.0631103;0.00467362
0.183832;-0.355255;0;0.00012393;0.921333;-0.0646473;0.00478744
0.188282;-0.352916;0;0.000126878;0.943365;-0.0661852;0.00490133
0.192701;-0.350523;0;0.000129827;0.965405;-0.0677235;0.00501525
0.197091;-0.348074;0;0.000132776;0.987449;-0.0692622;0.00512919
0.201449;-0.345569;0;0.000135726;1.00949;-0.0708008;0.00524314
0.205776;-0.343011;0;0.000138675;1.03153;-0.0723393;0.00535707
0.21007;-0.340398;0;0.000141623;1.05357;-0.0738774;0.00547097
0.214331;-0.337731;0;0.00014457;1.07559;-0.0754147;0.00558482
0.218558;-0.335011;0;0.000147516;1.0976;-0.0769512;0.0056986
0.22275;-0.332238;0;0.000150459;1.1196;-0.0784864;0.00581229
0.226908;-0.329413;0;0.00015328;1.14068;-0.0799582;0.00592129
0.231029;-0.326536;0;0.00015591;1.16042;-0.0813299;0.00602287
0.235114;-0.323607;0;0.000158541;1.18017;-0.0827027;0.00612453
0.239162;-0.320627;0;0.000161175;1.19994;-0.0840764;0.00622626
0.243172;-0.317596;0;0.000163809;1.21972;-0.0854509;0.00632804
0.247144;-0.314515;0;0.000166445;1.2395;-0.0868258;0.00642986
0.251077;-0.311385;0;0.000169081;1.25929;-0.088201;0.0065317
0.25497;-0.308205;0;0.000171717;1.27907;-0.0895762;0.00663354
0.258822;-0.304977;0;0.000174353;1.29886;-0.0909513;0.00673537
0.262634;-0.301701;0;0.000176989;1.31864;-0.0923259;0.00683717
0.266405;-0.298376;0;0.000179623;1.33841;-0.0937;0.00693893
0.270133;-0.295005;0;0.000182255;1.35817;-0.0950732;0.00704062
0.273819;-0.291587;0;0.000184886;1.37791;-0.0964454;0.00714224
0.277461;-0.288124;0;0.000187467;1.39728;-0.0977921;0.00724197
0.28106;-0.284614;0;0.000189787;1.41474;-0.0990023;0.00733159
0.284614;-0.28106;0;0.000192052;1.43182;-0.100184;0.00741908
0.288124;-0.277461;0;0.000194318;1.44891;-0.101366;0.00750662
0.291587;-0.273819;0;0.000196584;1.466;-0.102548;0.00759419
0.295005;-0.270133;0;0.000198852;1.4831;-0.103731;0.00768178
0.298376;-0.266405;0;0.000201119;1.50019;-0.104914;0.00776937
0.301701;-0.262634;0;0.000203386;1.51729;-0.106096;0.00785695
0.304977;-0.258822;0;0.000205653;1.53438;-0.107279;0.00794451
0.308205;-0.25497;0;0.000207918;1.55146;-0.108461;0.00803203
0.311385;-0.251077;0;0.000210182;1.56853;-0.109642;0.0081195
0.314515;-0.247144;0;0.000212445;1.58559;-0.110822;0.0082069
0.317596;-0.243172;0;0.000214631;1.60207;-0.111963;0.00829136
0.320627;-0.239162;0;0.000216461;1.61593;-0.112917;0.00836205
0.323607;-0.235114;0;0.000218292;1.6298;-0.113872;0.00843279
0.326536;-0.231029;0;0.000220125;1.64368;-0.114828;0.00850359
0.329413;-0.226908;0;0.000221958;1.65756;-0.115785;0.00857442
0.332238;-0.22275;0;0.000223793;1.67146;-0.116742;0.00864527
0.335011;-0.218558;0;0.000225627;1.68535;-0.117699;0.00871614
0.337731;-0.214331;0;0.000227462;1.69924;-0.118656;0.00878701
0.340398;-0.21007;0;0.000229296;1.71314;-0.119613;0.00885788
0.343011;-0.205776;0;0.00023113;1.72702;-0.120569;0.00892872
0.345569;-0.201449;0;0.000232963;1.74091;-0.121525;0.00899954
0.348074;-0.197091;0;0.000234795;1.75478;-0.122481;0.00907031
0.350523;-0.192701;0;0.000236625;1.76864;-0.123436;0.00914103
0.352916;-0.188282;0;0.000238454;1.78249;-0.12439;0.00921168
0.355255;-0.183832;0;0.000240048;1.79457;-0.125221;0.00927322
0.357537;-0.179353;0;0.000241407;1.80491;-0.125931;0.00932575
0.359762;-0.174846;0;0.000242768;1.81525;-0.12664;0.00937831
0.361931;-0.170312;0;0.000244068;1.82513;-0.127319;0.00942856
0.364042;-0.16575;0;0.00024536;1.83494;-0.127993;0.00947845
0.366096;-0.161163;0;0.000246652;1.84476;-0.128667;0.00952837
0.368093;-0.156549;0;0.000247944;1.85458;-0.129341;0.00957829
0.370031;-0.151912;0;0.000249236;1.8644;-0.130015;0.0096282
0.371911;-0.14725;0;0.000250528;1.87422;-0.130689;0.00967811
0.373732;-0.142565;0;0.000251819;1.88403;-0.131362;0.009728
0.375494;-0.137857;0;0.00025311;1.89384;-0.132036;0.00977786
0.377196;-0.133128;0;0.0002544;1.90364;-0.132708;0.00982769
0.378839;-0.128377;0;0.000255683;1.9134;-0.133378;0.00987726
0.380423;-0.123607;0;0.000256839;1.92222;-0.133981;0.00992192
0.381946;-0.118817;0;0.000257674;1.92859;-0.134416;0.00995418
0.383409;-0.114008;0;0.000258509;1.93497;-0.134852;0.00998645
0.384811;-0.109181;0;0.000259345;1.94136;-0.135288;0.0100187
0.386153;-0.104337;0;0.000260139;1.94742;-0.135702;0.0100494
0.387433;-0.099476;0;0.000260854;1.95287;-0.136075;0.010077
0.388653;-0.0945996;0;0.000261569;1.95831;-0.136448;0.0101047
0.389811;-0.0897083;0;0.000262284;1.96376;-0.136822;0.0101323
0.390907;-0.0848028;0;0.000263;1.96921;-0.137195;0.0101599
0.391942;-0.079884;0;0.000263715;1.97466;-0.137568;0.0101876
0.392915;-0.0749525;0;0.00026443;1.98011;-0.137941;0.0102152
0.393826;-0.0700092;0;0.000265145;1.98555;-0.138314;0.0102428
0.394674;-0.0650549;0;0.000265859;1.99099;-0.138687;0.0102704
0.395461;-0.0600902;0;0.000266573;1.99643;-0.139059;0.010298
0.396185;-0.0551161;0;0.000267006;1.99973;-0.139285;0.0103147
0.396846;-0.0501333;0;0.000267328;2.00219;-0.139453;0.0103272
0.397445;-0.0451426;0;0.000267651;2.00466;-0.139622;0.0103396
0.39798;-0.0401447;0;0.000267879;2.00639;-0.13974;0.0103484
0.398453;-0.0351405;0;0.000268027;2.00751;-0.139818;0.0103542
0.398864;-0.0301307;0;0.000268176;2.00864;-0.139895;0.0103599
0.399211;-0.0251162;0;0.000268324;2.00976;-0.139973;0.0103657
0.399495;-0.0200977;0;0.000268472;2.01089;-0.14005;0.0103714
0.399716;-0.0150761;0;0.000268621;2.01202;-0.140128;0.0103771
0.399874;-0.010052;0;0.000268769;2.01314;-0.140206;0.0103829
0.399968;-0.00502642;0;0.000268918;2.01427;-0.140283;0.0103886
