0.4;0;0;0.000250349;1.86518;-0.140359;0.0103943
0.399968;0.00502642;0;0.000250206;1.86411;-0.140279;0.0103883
0.399874;0.010052;0;0.000250061;1.86302;-0.140196;0.0103822
0.399716;0.0150761;0;0.000249915;1.86192;-0.140114;0.0103761
0.399495;0.0200977;0;0.000249769;1.86083;-0.140032;0.01037
0.399211;0.0251162;0;0.000249624;1.85974;-0.13995;0.0103639
0.398864;0.0301307;0;0.000249478;1.85865;-0.139867;0.0103578
0.398453;0.0351405;0;0.000249332;1.85755;-0.139785;0.0103518
0.39798;0.0401447;0;0.000249187;1.85646;-0.139703;0.0103457
0.397445;0.0451426;0;0.000248919;1.85444;-0.139552;0.0103345
0.396846;0.0501333;0;0.000248587;1.85193;-0.139365;0.0103206
0.396185;0.0551161;0;0.000248255;1.84942;-0.139178;0.0103068
0.395461;0.0600902;0;0.000247922;1.84691;-0.138991;0.0102929
0.394674;0.0650549;0;0.000247327;1.84239;-0.138655;0.0102681
0.393826;0.0700092;0;0.000246676;1.83744;-0.138289;0.0102409
0.392915;0.0749525;0;0.000246024;1.83248;-0.137921;0.0102137
0.391942;0.079884;0;0.000245372;1.82753;-0.137554;0.0101866
0.390907;0.0848028;0;0.00024472;1.82257;-0.137187;0.0101594
0.389811;0.0897083;0;0.000244067;1.81761;-0.13682;0.0101321
0.388653;0.0945996;0;0.000243415;1.81265;-0.136452;0.0101049
0.387433;0.099476;0;0.000242763;1.8077;-0.136085;0.0100777
0.386153;0.104337;0;0.000242075;1.80247;-0.135698;0.0100491
0.384811;0.109181;0;0.000241271;1.79636;-0.135245;0.0100156
0.383409;0.114008;0;0.000240468;1.79025;-0.134793;0.00998205
0.381946;0.118817;0;0.000239665;1.78415;-0.134341;0.00994855
0.380423;0.123607;0;0.000238862;1.77804;-0.133888;0.00991507
0.378839;0.128377;0;0.000237817;1.77011;-0.1333;0.0098715
0.377196;0.133128;0;0.000236615;1.76098;-0.132623;0.0098214
0.375494;0.137857;0;0.000235418;1.75189;-0.13195;0.00977152
0.373732;0.142565;0;0.000234222;1.7428;-0.131276;0.00972165
0.371911;0.14725;0;0.000233025;1.7337;-0.130603;0.00967174
0.370031;0.151912;0;0.000231827;1.7246;-0.129929;0.00962182
0.368093;0.156549;0;0.00023063;1.7155;-0.129254;0.0095719
0.366096;0.161163;0;0.000229432;1.7064;-0.12858;0.00952197
0.364042;0.16575;0;0.000228234;1.69731;-0.127906;0.00947204
0.361931;0.170312;0;0.000227037;1.68821;-0.127232;0.00942214
0.359762;0.174846;0;0.00022584;1.67912;-0.126558;0.00937225
0.357537;0.179353;0;0.000224644;1.67003;-0.125885;0.0093224
0.355255;0.183832;0;0.000223449;1.66095;-0.125212;0.00927258
0.352916;0.188282;0;0.000222003;1.65;-0.124399;0.00921231
0.350523;0.192701;0;0.000220311;1.63719;-0.123446;0.00914176
0.348074;0.197091;0;0.000218617;1.62437;-0.122492;0.00907114
0.345569;0.201449;0;0.000216922;1.61154;-0.121538;0.00900047
0.343011;0.205776;0;0.000215225;1.5987;-0.120583;0.00892976
0.340398;0.21007;0;0.000213528;1.58586;-0.119628;0.00885902
0.337731;0.214331;0;0.000211831;1.57301;-0.118672;0.00878826
0.335011;0.218558;0;0.000210133;1.56017;-0.117717;0.00871749
0.332238;0.22275;0;0.000208435;1.54732;-0.116761;0.00864672
0.329413;0.226908;0;0.000206738;1.53448;-0.115806;0.00857597
0.326536;0.231029;0;0.000205041;1.52164;-0.114851;0.00850524
0.323607;0.235114;0;0.000203343;1.50879;-0.113895;0.00843446
0.320627;0.239162;0;0.000201641;1.4959;-0.112936;0.00836348
0.317596;0.243172;0;0.000199939;1.48302;-0.111979;0.00829255
0.314515;0.247144;0;0.000197993;1.46835;-0.110883;0.00821144
0.311385;0.251077;0;0.0001959;1.45258;-0.109705;0.00812417
0.308205;0.25497;0;0.000193805;1.4368;-0.108526;0.00803684
0.304977;0.258822;0;0.000191707;1.421;-0.107345;0.0079494
0.301701;0.262634;0;0.000189607;1.40517;-0.106163;0.00786184
0.298376;0.266405;0;0.000187505;1.38934;-0.104979;0.0077742
0.295005;0.270133;0;0.0001854;1.37348;-0.103794;0.00768645
0.291587;0.273819;0;0.000183295;1.35762;-0.102609;0.0075987
0.288124;0.277461;0;0.00018119;1.34177;-0.101424;0.00751096
0.284614;0.28106;0;0.000179086;1.32592;-0.10024;0.00742326
0.28106;0.284614;0;0.000176983;1.31008;-0.0990564;0.0073356
0.277461;0.288124;0;0.000174848;1.294;-0.0978542;0.00724657
0.273819;0.291587;0;0.000172413;1.27575;-0.096484;0.0071451
0.270133;0.295005;0;0.000169977;1.25749;-0.0951124;0.00704353
0.266405;0.298376;0;0.000167539;1.23921;-0.0937398;0.00694188
0.262634;0.301701;0;0.000165099;1.22092;-0.0923665;0.00684018
0.258822;0.304977;0;0.000162658;1.20262;-0.0909925;0.00673842
0.25497;0.308205;0;0.000160217;1.18431;-0.0896181;0.00663665
0.251077;0.311385;0;0.000157774;1.166;-0.088243;0.00653481
0.247144;0.314515;0;0.000155331;1.14768;-0.0868677;0.00643296
0.243172;0.317596;0;0.000152886;1.12935;-0.0854912;0.00633103
0.239162;0.320627;0;0.000150442;1.11103;-0.0841153;0.00622914
0.235114;0.323607;0;0.000147998;1.09271;-0.08274;0.00612729
0.231029;0.326536;0;0.000145557;1.07441;-0.0813655;0.0060255
0.226908;0.329413;0;0.000143117;1.05612;-0.0799922;0.0059238
0.22275;0.332238;0;0.000140527;1.03674;-0.078534;0.00581581
0.218558;0.335011;0;0.000137799;1.01638;-0.0769981;0.00570208
0.214331;0.337731;0;0.000135068;0.996004;-0.0754611;0.00558825
0.21007;0.340398;0;0.000132336;0.975613;-0.0739231;0.00547436
0.205776;0.343011;0;0.000129603;0.955213;-0.0723844;0.00536041
0.201449;0.345569;0;0.000126869;0.934807;-0.0708453;0.00524643
0.197091;0.348074;0;0.000124134;0.914397;-0.0693059;0.00513243
0.192701;0.350523;0;0.0001214;0.893988;-0.0677666;0.00501844
0.188282;0.352916;0;0.000118666;0.873583;-0.0662275;0.00490446
0.183832;0.355255;0;0.000115933;0.853184;-0.0646889;0.00479052
0.179353;0.357537;0;0.000113201;0.832795;-0.0631511;0.00467664
0.174846;0.359762;0;0.000110471;0.81242;-0.0616143;0.00456283
0.170312;0.361931;0;0.000107706;0.791802;-0.0600577;0.00444756
0.16575;0.364042;0;0.000104757;0.769861;-0.0583972;0.00432459
0.161163;0.366096;0;0.000101793;0.747813;-0.0567286;0.00420102
0.156549;0.368093;0;9.88255e-05;0.725743;-0.0550583;0.00407733
0.151912;0.370031;0;9.58559e-05;0.703654;-0.0533865;0.00395353
0.14725;0.371911;0;9.28843e-05;0.681549;-0.0517137;0.00382964
0.142565;0.373732;0;8.99111e-05;0.659433;-0.0500399;0.00370569
0.137857;0.375494;0;8.69367e-05;0.637309;-0.0483654;0.00358169
0.133128;0.377196;0;8.39617e-05;0.615179;-0.0466906;0.00345766
0.128377;0.378839;0;8.09866e-05;0.593048;-0.0450158;0.00333363
0.123607;0.380423;0;7.80117e-05;0.57092;-0.043341;0.00320961
0.118817;0.381946;0;7.51098e-05;0.549359;-0.0417074;0.00308863
0.114008;0.383409;0;7.20639e-05;0.526757;-0.0399927;0.00296165
0.109181;0.384811;0;6.90168e-05;0.504146;-0.0382773;0.00283462
0.104337;0.386153;0;6.59688e-05;0.481529;-0.0365614;0.00270755
0.099476;0.387433;0;6.29204e-05;0.458909;-0.0348454;0.00258046
0.0945996;0.388653;0;5.98721e-05;0.436289;-0.0331293;0.00245338
0.0897083;0.389811;0;5.68245e-05;0.413675;-0.0314136;0.00232633
0.0848028;0.390907;0;5.37779e-05;0.391068;-0.0296985;0.00219932
0.079884;0.391942;0;5.07329e-05;0.368472;-0.0279843;0.00207237
0.0749525;0.392915;0;4.76899e-05;0.345892;-0.0262713;0.00194551
0.0700092;0.393826;0;4.46494e-05;0.32333;-0.0245596;0.00181876
0.0650549;0.394674;0;4.16119e-05;0.300791;-0.0228497;0.00169213
0.0600902;0.395461;0;3.85779e-05;0.278278;-0.0211417;0.00156564
0.0551161;0.396185;0;3.55479e-05;0.255793;-0.0194359;0.00143932
0.0501333;0.396846;0;3.24302e-05;0.232686;-0.0176808;0.00130935
0.0451426;0.397445;0;2.92961e-05;0.209462;-0.0159164;0.00117869
0.0401447;0.39798;0;2.61585e-05;0.186212;-0.0141501;0.00104788
0.0351405;0.398453;0;2.30178e-05;0.162938;-0.012382;0.000916944
0.0301307;0.398864;0;1.98744e-05;0.139645;-0.0106124;0.0007859
0.0251162;0.399211;0;1.6729e-05;0.116337;-0.00884168;0.000654768
0.0200977;0.399495;0;1.3582e-05;0.0930172;-0.00707004;0.00052357
0.0150761;0.399716;0;1.04339e-05;0.0696891;-0.00529779;0.000392326
0.010052;0.399874;0;7.28516e-06;0.0463564;-0.00352519;0.000261057
0.00502642;0.399968;0;4.13633e-06;0.023023;-0.00175254;0.000129784
2.44929e-17;0.4;0;9.87898e-07;-0.000307526;1.98971e-05;-1.47348e-06
-0.00502642;0.399968;0;-2.15965e-06;-0.0236315;0.00179183;-0.000132694
-0.010052;0.399874;0;-5.30581e-06;-0.0469451;0.00356299;-0.000263856
-0.0150761;0.399716;0;-8.45009e-06;-0.0702449;0.00533308;-0.00039494
-0.0200977;0.399495;0;-1.1592e-05;-0.093527;0.00710184;-0.000525925
-0.0251162;0.399211;0;-1.4731e-05;-0.116788;0.00886897;-0.00065679
-0.0301307;0.398864;0;-1.78667e-05;-0.140024;0.0106342;-0.000787514
-0.0351405;0.398453;0;-2.09721e-05;-0.163039;0.0123824;-0.000916979
-0.0401447;0.39798;0;-2.40641e-05;-0.185966;0.0141232;-0.00104589
-0.0451426;0.397445;0;-2.71566e-05;-0.208901;0.0158641;-0.00117481
-0.0501333;0.396846;0;-3.02516e-05;-0.231854;0.0176065;-0.00130384
-0.0551161;0.396185;0;-3.33487e-05;-0.254821;0.01935;-0.00143296
-0.0600902;0.395461;0;-3.64472e-05;-0.2778;0.0210943;-0.00156214
-0.0650549;0.394674;0;-3.95467e-05;-0.300787;0.0228392;-0.00169135
-0.0700092;0.393826;0;-4.26468e-05;-0.323777;0.0245844;-0.00182059
-0.0749525;0.392915;0;-4.57469e-05;-0.346768;0.0263297;-0.00194984
-0.079884;0.391942;0;-4.88466e-05;-0.369755;0.0280746;-0.00207906
-0.0848028;0.390907;0;-5.19453e-05;-0.392736;0.0298191;-0.00220825
-0.0897083;0.389811;0;-5.50426e-05;-0.415705;0.0315627;-0.00233737
-0.0945996;0.388653;0;-5.81379e-05;-0.438661;0.0333053;-0.00246642
-0.099476;0.387433;0;-6.12309e-05;-0.461598;0.0350465;-0.00259536
-0.104337;0.386153;0;-6.4281e-05;-0.484231;0.0367636;-0.00272252
-0.109181;0.384811;0;-6.7255e-05;-0.50633;0.0384379;-0.00284651
-0.114008;0.383409;0;-7.02054e-05;-0.528269;0.0400989;-0.00296951
-0.118817;0.381946;0;-7.31582e-05;-0.550225;0.0417611;-0.00309261
-0.123607;0.380423;0;-7.61127e-05;-0.572194;0.0434244;-0.00321578
-0.128377;0.378839;0;-7.90686e-05;-0.594173;0.0450885;-0.00333901
-0.133128;0.377196;0;-8.20253e-05;-0.616159;0.046753;-0.00346228
-0.137857;0.375494;0;-8.49825e-05;-0.638148;0.0484178;-0.00358557
-0.142565;0.373732;0;-8.79396e-05;-0.660136;0.0500825;-0.00370885
-0.14725;0.371911;0;-9.08963e-05;-0.682121;0.051747;-0.00383211
-0.151912;0.370031;0;-9.38395e-05;-0.704006;0.0534039;-0.00395481
-0.156549;0.368093;0;-9.67838e-05;-0.725897;0.0550614;-0.00407756
-0.161163;0.366096;0;-9.97266e-05;-0.747777;0.0567181;-0.00420024
-0.16575;0.364042;0;-0.000102667;-0.769642;0.0583736;-0.00432284
-0.170312;0.361931;0;-0.000105606;-0.791488;0.0600277;-0.00444534
-0.174846;0.359762;0;-0.000108431;-0.812521;0.0616183;-0.00456313
-0.179353;0.357537;0;-0.000111145;-0.832771;0.0631459;-0.00467625
-0.183832;0.355255;0;-0.00011386;-0.853036;0.0646746;-0.00478947
-0.188282;0.352916;0;-0.000116577;-0.873313;0.0662043;-0.00490274
-0.192701;0.350523;0;-0.000119296;-0.893599;0.0677347;-0.00501608
-0.197091;0.348074;0;-0.000122015;-0.913891;0.0692655;-0.00512944
-0.201449;0.345569;0;-0.000124734;-0.934185;0.0707965;-0.00524281
-0.205776;0.343011;0;-0.000127454;-0.954479;0.0723274;-0.00535619
-0.21007;0.340398;0;-0.000130173;-0.974769;0.0738581;-0.00546954
-0.214331;0.337731;0;-0.000132891;-0.995052;0.0753882;-0.00558285
-0.218558;0.335011;0;-0.000135607;-1.01532;0.0769175;-0.00569611
-0.22275;0.332238;0;-0.000138288;-1.03533;0.0784266;-0.00580786
-0.226908;0.329413;0;-0.00014093;-1.05508;0.0799138;-0.00591799
-0.231029;0.326536;0;-0.000143336;-1.07312;0.0812685;-0.00601832
-0.235114;0.323607;0;-0.000145776;-1.0914;0.082642;-0.00612004
-0.239162;0.320627;0;-0.000148217;-1.1097;0.0840164;-0.00622182
-0.243172;0.317596;0;-0.00015066;-1.12801;0.0853915;-0.00632365
-0.247144;0.314515;0;-0.000153104;-1.14632;0.0867671;-0.00642552
-0.251077;0.311385;0;-0.000155547;-1.16464;0.0881429;-0.0065274
-0.25497;0.308205;0;-0.000157991;-1.18295;0.0895188;-0.00662929
-0.258822;0.304977;0;-0.000160435;-1.20127;0.0908945;-0.00673117
-0.262634;0.301701;0;-0.000162878;-1.21958;0.0922698;-0.00683302
-0.266405;0.298376;0;-0.00016532;-1.23788;0.0936446;-0.00693483
-0.270133;0.295005;0;-0.000167761;-1.25617;0.0950184;-0.00703657
-0.273819;0.291587;0;-0.000170199;-1.27445;0.0963913;-0.00713823
-0.277461;0.288124;0;-0.000172489;-1.29162;0.0976803;-0.00723369
-0.28106;0.284614;0;-0.000174669;-1.308;0.0989075;-0.00732457
-0.284614;0.28106;0;-0.000176785;-1.32393;0.100099;-0.0074128
-0.288124;0.277461;0;-0.000178902;-1.33988;0.101291;-0.00750106
-0.291587;0.273819;0;-0.00018102;-1.35582;0.102483;-0.00758935
-0.295005;0.270133;0;-0.000183138;-1.37177;0.103675;-0.00767765
-0.298376;0.266405;0;-0.000185256;-1.38771;0.104868;-0.00776595
-0.301701;0.262634;0;-0.000187374;-1.40366;0.10606;-0.00785423
-0.304977;0.258822;0;-0.00018949;-1.4196;0.107251;-0.00794248
-0.308205;0.25497;0;-0.000191606;-1.43553;0.108443;-0.00803068
-0.311385;0.251077;0;-0.000193721;-1.45145;0.109633;-0.00811883
-0.314515;0.247144;0;-0.000195833;-1.46735;0.110822;-0.00820691
-0.317596;0.243172;0;-0.000197805;-1.48222;0.111932;-0.00828912
-0.320627;0.239162;0;-0.000199512;-1.49512;0.112893;-0.00836027
-0.323607;0.235114;0;-0.00020122;-1.50804;0.113855;-0.00843148
-0.326536;0.231029;0;-0.000202929;-1.52097;0.114817;-0.00850273
-0.329413;0.226908;0;-0.000204639;-1.5339;0.115779;-0.00857402
-0.332238;0.22275;0;-0.00020635;-1.54683;0.116742;-0.00864533
-0.335011;0.218558;0;-0.00020806;-1.55977;0.117705;-0.00871664
-0.337731;0.214331;0;-0.000209744;-1.57251;0.118653;-0.00878685
-0.340398;0.21007;0;-0.000211429;-1.58525;0.119602;-0.0088571
-0.343011;0.205776;0;-0.000213114;-1.59799;0.12055;-0.00892733
-0.345569;0.201449;0;-0.000214798;-1.61072;0.121498;-0.00899753
-0.348074;0.197091;0;-0.000216481;-1.62345;0.122446;-0.0090677
-0.350523;0.192701;0;-0.000218163;-1.63617;0.123393;-0.00913782
-0.352916;0.188282;0;-0.000219844;-1.64888;0.124339;-0.00920789
-0.355255;0.183832;0;-0.000221361;-1.66036;0.125193;-0.00927114
-0.357537;0.179353;0;-0.000222615;-1.66988;0.125899;-0.0093234
-0.359762;0.174846;0;-0.000223873;-1.67943;0.126607;-0.00937587
-0.361931;0.170312;0;-0.000225132;-1.68899;0.127316;-0.00942835
-0.364042;0.16575;0;-0.000226391;-1.69855;0.128025;-0.00948083
-0.366096;0.161163;0;-0.00022765;-1.7081;0.128733;-0.00953332
-0.368093;0.156549;0;-0.000228908;-1.71766;0.129442;-0.00958579
-0.370031;0.151912;0;-0.000230167;-1.72721;0.13015;-0.00963825
-0.371911;0.14725;0;-0.000231424;-1.73676;0.130858;-0.00969067
-0.373732;0.142565;0;-0.000232681;-1.7463;0.131566;-0.00974307
-0.375494;0.137857;0;-0.000233937;-1.75583;0.132273;-0.00979542
-0.377196;0.133128;0;-0.000235155;-1.76508;0.132958;-0.00984621
-0.378839;0.128377;0;-0.000236004;-1.77154;0.133437;-0.00988161
-0.380423;0.123607;0;-0.00023679;-1.77752;0.133879;-0.00991436
-0.381946;0.118817;0;-0.000237575;-1.7835;0.134321;-0.00994712
-0.383409;0.114008;0;-0.000238362;-1.78949;0.134764;-0.00997991
-0.384811;0.109181;0;-0.000239149;-1.79548;0.135207;-0.0100127
-0.386153;0.104337;0;-0.000239935;-1.80147;0.13565;-0.0100455
-0.387433;0.099476;0;-0.000240722;-1.80746;0.136093;-0.0100783
-0.388653;0.0945996;0;-0.000241509;-1.81344;0.136536;-0.0101111
-0.389811;0.0897083;0;-0.000242295;-1.81943;0.136978;-0.0101439
-0.390907;0.0848028;0;-0.000243082;-1.82542;0.137421;-0.0101767
-0.391942;0.079884;0;-0.000243867;-1.8314;0.137863;-0.0102094
-0.392915;0.0749525;0;-0.000244652;-1.83737;0.138305;-0.0102422
-0.393826;0.0700092;0;-0.000245437;-1.84334;0.138747;-0.0102749
-0.394674;0.0650549;0;-0.000246214;-1.84926;0.139184;-0.0103073
-0.395461;0.0600902;0;-0.000246522;-1.85161;0.139358;-0.0103201
-0.396185;0.0551161;0;-0.000246782;-1.85359;0.139504;-0.0103309
-0.396846;0.0501333;0;-0.000247042;-1.85557;0.13965;-0.0103418
-0.397445;0.0451426;0;-0.000247301;-1.85755;0.139797;-0.0103526
-0.39798;0.0401447;0;-0.000247561;-1.85953;0.139943;-0.0103634
-0.398453;0.0351405;0;-0.000247814;-1.86146;0.140085;-0.010374
-0.398864;0.0301307;0;-0.00024806;-1.86333;0.140223;-0.0103842
-0.399211;0.0251162;0;-0.000248303;-1.86518;0.140361;-0.0103944
-0.399495;0.0200977;0;-0.000248546;-1.86704;0.140497;-0.0104045
-0.399716;0.0150761;0;-0.000248789;-1.86889;0.140634;-0.0104146
-0.399874;0.010052;0;-0.000249032;-1.87074;0.140771;-0.0104248
-0.399968;0.00502642;0;-0.000249274;-1.87259;0.140907;-0.0104349
-0.4;4.89859e-17;0;-0.000249516;-1.87443;0.141043;-0.0104449
-0.399968;-0.00502642;0;-0.000249349;-1.87315;0.140949;-0.0104379
-0.399874;-0.010052;0;-0.000249094;-1.87121;0.140805;-0.0104273
-0.399716;-0.0150761;0;-0.000248838;-1.86926;0.140662;-0.0104167
-0.399495;-0.0200977;0;-0.000248582;-1.86731;0.140518;-0.010406
-0.399211;-0.0251162;0;-0.000248326;-1.86535;0.140373;-0.0103953
-0.398864;-0.0301307;0;-0.00024807;-1.8634;0.140229;-0.0103846
-0.398453;-0.0351405;0;-0.000247813;-1.86144;0.140085;-0.0103739
-0.39798;-0.0401447;0;-0.000247557;-1.85948;0.13994;-0.0103632
-0.397445;-0.0451426;0;-0.0002473;-1.85753;0.139796;-0.0103525
-0.396846;-0.0501333;0;-0.000247043;-1.85557;0.139651;-0.0103418
-0.396185;-0.0551161;0;-0.000246786;-1.85361;0.139506;-0.0103311
-0.395461;-0.0600902;0;-0.000246529;-1.85165;0.139362;-0.0103204
-0.394674;-0.0650549;0;-0.000246271;-1.84968;0.139217;-0.0103097
-0.393826;-0.0700092;0;-0.000245513;-1.84391;0.13879;-0.010278
-0.392915;-0.0749525;0;-0.000244735;-1.83799;0.138352;-0.0102456
-0.391942;-0.079884;0;-0.000243957;-1.83206;0.137914;-0.0102132
-0.390907;-0.0848028;0;-0.000243178;-1.82613;0.137476;-0.0101807
-0.389811;-0.0897083;0;-0.000242399;-1.8202;0.137037;-0.0101482
-0.388653;-0.0945996;0;-0.000241619;-1.81426;0.136598;-0.0101157
-0.387433;-0.099476;0;-0.00024084;-1.80832;0.136159;-0.0100832
-0.386153;-0.104337;0;-0.00024006;-1.80238;0.13572;-0.0100507
-0.384811;-0.109181;0;-0.00023928;-1.79644;0.135281;-0.0100182
-0.383409;-0.114008;0;-0.0002385;-1.7905;0.134842;-0.00998567
-0.381946;-0.118817;0;-0.00023772;-1.78457;0.134403;-0.00995316
-0.380423;-0.123607;0;-0.000236941;-1.77863;0.133964;-0.00992068
-0.378839;-0.128377;0;-0.000236123;-1.77241;0.133504;-0.00988658
-0.377196;-0.133128;0;-0.000234959;-1.76357;0.132849;-0.00983807
-0.375494;-0.137857;0;-0.000233795;-1.75473;0.132193;-0.00978952
-0.373732;-0.142565;0;-0.00023263;-1.74588;0.131537;-0.00974095
-0.371911;-0.14725;0;-0.000231349;-1.73616;0.130816;-0.00968758
-0.370031;-0.151912;0;-0.000230053;-1.72632;0.130087;-0.00963355
-0.368093;-0.156549;0;-0.000228756;-1.71648;0.129357;-0.00957948
-0.366096;-0.161163;0;-0.000227459;-1.70663;0.128626;-0.00952539
-0.364042;-0.16575;0;-0.000226161;-1.69678;0.127896;-0.00947129
-0.361931;-0.170312;0;-0.000224864;-1.68692;0.127165;-0.00941719
-0.359762;-0.174846;0;-0.000223566;-1.67707;0.126435;-0.00936309
-0.357537;-0.179353;0;-0.000222269;-1.66722;0.125704;-0.009309
-0.355255;-0.183832;0;-0.000220815;-1.6562;0.124886;-0.00924838
-0.352916;-0.188282;0;-0.000219327;-1.64493;0.124048;-0.00918634
-0.350523;-0.192701;0;-0.000217771;-1.63316;0.123172;-0.0091215
-0.348074;-0.197091;0;-0.000216125;-1.62071;0.122245;-0.00905286
-0.345569;-0.201449;0;-0.000214477;-1.60825;0.121318;-0.00898419
-0.343011;-0.205776;0;-0.000212829;-1.59579;0.12039;-0.00891549
-0.340398;-0.21007;0;-0.000211181;-1.58332;0.119463;-0.00884678
-0.337731;-0.214331;0;-0.000209533;-1.57086;0.118535;-0.00877807
-0.335011;-0.218558;0;-0.000207885;-1.55839;0.117607;-0.00870937
-0.332238;-0.22275;0;-0.000206238;-1.54593;0.11668;-0.00864069
-0.329413;-0.226908;0;-0.000204591;-1.53348;0.115753;-0.00857204
-0.326536;-0.231029;0;-0.000202891;-1.52062;0.114796;-0.00850118
-0.323607;-0.235114;0;-0.000201168;-1.50759;0.113826;-0.00842934
-0.320627;-0.239162;0;-0.000199446;-1.49456;0.112856;-0.00835754
-0.317596;-0.243172;0;-0.00019772;-1.48151;0.111885;-0.00828558
-0.314515;-0.247144;0;-0.000195729;-1.46651;0.110764;-0.00820259
-0.311385;-0.251077;0;-0.000193612;-1.45057;0.109572;-0.00811434
-0.308205;-0.25497;0;-0.000191493;-1.43461;0.108379;-0.00802601
-0.304977;-0.258822;0;-0.000189373;-1.41865;0.107186;-0.00793763
-0.301701;-0.262634;0;-0.000187252;-1.40268;0.105992;-0.0078492
-0.298376;-0.266405;0;-0.00018513;-1.3867;0.104797;-0.00776074
-0.295005;-0.270133;0;-0.000183008;-1.37072;0.103602;-0.00767226
-0.291587;-0.273819;0;-0.000180885;-1.35473;0.102408;-0.00758378
-0.288124;-0.277461;0;-0.000178763;-1.33875;0.101213;-0.0074953
-0.284614;-0.28106;0;-0.000176642;-1.32278;0.100019;-0.00740686
-0.28106;-0.284614;0;-0.000174521;-1.30681;0.0988248;-0.00731845
-0.277461;-0.288124;0;-0.000172305;-1.29018;0.0975776;-0.00722609
-0.273819;-0.291587;0;-0.000170041;-1.27319;0.0963027;-0.00713168
-0.270133;-0.295005;0;-0.000167669;-1.25541;0.0949673;-0.00703278
-0.266405;-0.298376;0;-0.000165242;-1.23722;0.0936012;-0.00693161
-0.262634;-0.301701;0;-0.000162814;-1.21902;0.0922344;-0.00683039
-0.258822;-0.304977;0;-0.000160385;-1.20081;0.0908671;-0.00672914
-0.25497;-0.308205;0;-0.000157956;-1.1826;0.0894996;-0.00662787
-0.251077;-0.311385;0;-0.000155527;-1.16439;0.088132;-0.0065266
-0.247144;-0.314515;0;-0.000153098;-1.14618;0.0867647;-0.00642534
-0.243172;-0.317596;0;-0.00015067;-1.12798;0.0853977;-0.00632411
-0.239162;-0.320627;0;-0.000148243;-1.10979;0.0840314;-0.00622292
-0.235114;-0.323607;0;-0.000145817;-1.09161;0.0826658;-0.0061218
-0.231029;-0.326536;0;-0.000143393;-1.07344;0.0813013;-0.00602075
-0.226908;-0.329413;0;-0.00014091;-1.05485;0.0799031;-0.00591721
-0.22275;-0.332238;0;-0.00013827;-1.03512;0.0784172;-0.00580717
-0.218558;-0.335011;0;-0.000135577;-1.01502;0.0769012;-0.0056949
-0.214331;-0.337731;0;-0.000132858;-0.994725;0.0753704;-0.00558154
-0.21007;-0.340398;0;-0.000130137;-0.974422;0.073839;-0.00546813
-0.205776;-0.343011;0;-0.000127416;-0.954111;0.0723069;-0.00535467
-0.201449;-0.345569;0;-0.000124694;-0.933796;0.0707746;-0.0052412
-0.197091;-0.348074;0;-0.000121972;-0.913481;0.0692422;-0.00512772
-0.192701;-0.350523;0;-0.00011925;-0.893168;0.06771;-0.00501425
-0.188282;-0.352916;0;-0.00011653;-0.87286;0.0661783;-0.00490082
-0.183832;-0.355255;0;-0.00011381;-0.852562;0.0646472;-0.00478743
-0.179353;-0.357537;0;-0.000111092;-0.832276;0.063117;-0.00467411
-0.174846;-0.359762;0;-0.000108376;-0.812005;0.061588;-0.00456088
-0.170312;-0.361931;0;-0.00010556;-0.791041;0.0600028;-0.0044435
-0.16575;-0.364042;0;-0.000102651;-0.76941;0.0583655;-0.00432224
-0.161163;-0.366096;0;-9.97131e-05;-0.74756;0.0567114;-0.00419975
-0.156549;-0.368093;0;-9.6773e-05;-0.725696;0.0550562;-0.00407718
-0.151912;-0.370031;0;-9.38314e-05;-0.703821;0.0534002;-0.00395454
-0.14725;-0.371911;0;-9.08889e-05;-0.681939;0.0517437;-0.00383187
-0.142565;-0.373732;0;-8.79458e-05;-0.660053;0.0500869;-0.00370917
-0.137857;-0.375494;0;-8.50028e-05;-0.638167;0.0484301;-0.00358648
-0.133128;-0.377196;0;-8.20601e-05;-0.616284;0.0467735;-0.0034638
-0.128377;-0.378839;0;-7.91183e-05;-0.594407;0.0451174;-0.00334116
-0.123607;-0.380423;0;-7.61779e-05;-0.572541;0.0434621;-0.00321857
-0.118817;-0.381946;0;-7.32393e-05;-0.550688;0.0418077;-0.00309606
-0.114008;-0.383409;0;-7.0303e-05;-0.528852;0.0401547;-0.00297365
-0.109181;-0.384811;0;-6.73723e-05;-0.50706;0.0385049;-0.00285147
-0.104337;-0.386153;0;-6.43022e-05;-0.484282;0.0367765;-0.00272348
-0.099476;-0.387433;0;-6.12253e-05;-0.461456;0.0350444;-0.0025952
-0.0945996;-0.388653;0;-5.81467e-05;-0.438618;0.0333113;-0.00246686
-0.0897083;-0.389811;0;-5.5067e-05;-0.415771;0.0315775;-0.00233846
-0.0848028;-0.390907;0;-5.19886e-05;-0.392934;0.0298445;-0.00221013
-0.079884;-0.391942;0;-4.89046e-05;-0.370055;0.0281083;-0.00208156
-0.0749525;-0.392915;0;-4.58185e-05;-0.347161;0.026371;-0.0019529
-0.0700092;-0.393826;0;-4.27329e-05;-0.32427;0.024634;-0.00182426
-0.0650549;-0.394674;0;-3.96483e-05;-0.301386;0.0228974;-0.00169566
-0.0600902;-0.395461;0;-3.6565e-05;-0.278513;0.0211617;-0.00156712
-0.0551161;-0.396185;0;-3.34837e-05;-0.255654;0.019427;-0.00143866
-0.0501333;-0.396846;0;-3.03737e-05;-0.232599;0.0176762;-0.00130901
-0.0451426;-0.397445;0;-2.72356e-05;-0.209344;0.0159096;-0.00117818
-0.0401447;-0.39798;0;-2.40958e-05;-0.186076;0.014142;-0.00104728
-0.0351405;-0.398453;0;-2.09546e-05;-0.162799;0.0123737;-0.000916329
-0.0301307;-0.398864;0;-1.78178e-05;-0.139554;0.0106078;-0.000785556
-0.0251162;-0.399211;0;-1.46736e-05;-0.116254;0.00883774;-0.000654477
-0.0200977;-0.399495;0;-1.15292e-05;-0.092953;0.00706759;-0.000523389
-0.0150761;-0.399716;0;-8.38515e-06;-0.069654;0.0052976;-0.000392313
-0.010052;-0.399874;0;-5.24184e-06;-0.0463608;0.00352806;-0.000261269
-0.00502642;-0.399968;0;-2.09982e-06;-0.0230771;0.00175923;-0.000130279
-7.34788e-17;-0.4;0;1.04043e-06;0.000193481;-8.59414e-06;6.36437e-07
0.00502642;-0.399968;0;4.15602e-06;0.0232822;-0.00176255;0.000130525
0.010052;-0.399874;0;7.28416e-06;0.0464656;-0.00352358;0.000260938
0.0150761;-0.399716;0;1.04149e-05;0.0696684;-0.00528607;0.000391459
0.0200977;-0.399495;0;1.35477e-05;0.0928868;-0.00704976;0.000522068
0.0251162;-0.399211;0;1.66822e-05;0.116117;-0.00881435;0.000652745
0.0301307;-0.398864;0;1.98178e-05;0.139356;-0.0105796;0.000783468
0.0351405;-0.398453;0;2.2954e-05;0.162599;-0.0123452;0.000914217
0.0401447;-0.39798;0;2.60904e-05;0.185844;-0.0141108;0.00104497
0.0451426;-0.397445;0;2.92263e-05;0.209085;-0.0158763;0.00117571
0.0501333;-0.396846;0;3.23614e-05;0.23232;-0.0176412;0.00130642
0.0551161;-0.396185;0;3.54802e-05;0.255427;-0.0193968;0.00143643
0.0600902;-0.395461;0;3.86098e-05;0.278613;-0.0211586;0.00156689
0.0650549;-0.394674;0;4.16569e-05;0.301219;-0.022874;0.00169393
0.0700092;-0.393826;0;4.47525e-05;0.324185;-0.0246166;0.00182298
0.0749525;-0.392915;0;4.78483e-05;0.347154;-0.0263595;0.00195204
0.079884;-0.391942;0;5.0944e-05;0.370121;-0.0281022;0.0020811
0.0848028;-0.390907;0;5.39721e-05;0.392588;-0.0298068;0.00220734
0.0897083;-0.389811;0;5.7024e-05;0.415235;-0.031525;0.00233457
0.0945996;-0.388653;0;6.00767e-05;0.437888;-0.0332436;0.00246184
0.099476;-0.387433;0;6.31298e-05;0.460543;-0.0349623;0.00258913
0.104337;-0.386153;0;6.61827e-05;0.483198;-0.036681;0.0027164
0.109181;-0.384811;0;6.9235e-05;0.505847;-0.0383994;0.00284366
0.114008;-0.383409;0;7.22862e-05;0.528489;-0.0401171;0.00297086
0.118817;-0.381946;0;7.52008e-05;0.550146;-0.0417579;0.00309237
0.123607;-0.380423;0;7.81489e-05;0.572069;-0.0434175;0.00321527
0.128377;-0.378839;0;8.10985e-05;0.594004;-0.0450781;0.00333825
0.133128;-0.377196;0;8.40493e-05;0.615947;-0.0467392;0.00346126
0.137857;-0.375494;0;8.70007e-05;0.637895;-0.0484007;0.0035843
0.142565;-0.373732;0;8.99522e-05;0.659844;-0.0500623;0.00370735
0.14725;-0.371911;0;9.29034e-05;0.68179;-0.0517237;0.00383039
0.151912;-0.370031;0;9.58538e-05;0.703731;-0.0533847;0.00395339
0.156549;-0.368093;0;9.88029e-05;0.725662;-0.0550449;0.00407634
0.161163;-0.366096;0;0.00010175;0.747581;-0.0567042;0.00419922
0.16575;-0.364042;0;0.000104696;0.769483;-0.0583623;0.00432201
0.170312;-0.361931;0;0.000107589;0.791007;-0.0599911;0.00444263
0.174846;-0.359762;0;0.000110401;0.81195;-0.0615742;0.00455987
0.179353;-0.357537;0;0.000113129;0.832309;-0.0631103;0.00467362
0.183832;-0.355255;0;0.00011586;0.852681;-0.0646473;0.00478744
0.188282;-0.352916;0;0.000118591;0.873064;-0.0661852;0.00490133
0.192701;-0.350523;0;0.000121324;0.893454;-0.0677235;0.00501525
0.197091;-0.348074;0;0.000124057;0.913847;-0.0692622;0.00512919
0.201449;-0.345569;0;0.00012679;0.934241;-0.0708008;0.00524314
0.205776;-0.343011;0;0.000129523;0.954632;-0.0723393;0.00535707
0.21007;-0.340398;0;0.000132255;0.975018;-0.0738774;0.00547097
0.214331;-0.337731;0;0.000134986;0.995394;-0.0754147;0.00558482
0.218558;-0.335011;0;0.000137715;1.01576;-0.0769512;0.0056986
0.22275;-0.332238;0;0.000140442;1.03611;-0.0784864;0.00581229
0.226908;-0.329413;0;0.000143056;1.05564;-0.0799582;0.00592129
0.231029;-0.326536;0;0.000145493;1.0739;-0.0813299;0.00602287
0.235114;-0.323607;0;0.000147931;1.09217;-0.0827027;0.00612453
0.239162;-0.320627;0;0.000150371;1.11046;-0.0840764;0.00622626
0.243172;-0.317596;0;0.000152813;1.12875;-0.0854509;0.00632804
0.247144;-0.314515;0;0.000155255;1.14705;-0.0868258;0.00642986
0.251077;-0.311385;0;0.000157698;1.16535;-0.088201;0.0065317
0.25497;-0.308205;0;0.000160141;1.18366;-0.0895762;0.00663354
0.258822;-0.304977;0;0.000162583;1.20196;-0.0909513;0.00673537
0.262634;-0.301701;0;0.000165025;1.22026;-0.0923259;0.00683717
0.266405;-0.298376;0;0.000167466;1.23854;-0.0937;0.00693893
0.270133;-0.295005;0;0.000169905;1.25682;-0.0950732;0.00704062
0.273819;-0.291587;0;0.000172342;1.27509;-0.0964454;0.00714224
0.277461;-0.288124;0;0.000174734;1.29302;-0.0977921;0.00724197
0.28106;-0.284614;0;0.000176884;1.30918;-0.0990023;0.00733159
0.284614;-0.28106;0;0.000178982;1.32497;-0.100184;0.00741908
0.288124;-0.277461;0;0.000181082;1.34077;-0.101366;0.00750662
0.291587;-0.273819;0;0.000183182;1.35658;-0.102548;0.00759419
0.295005;-0.270133;0;0.000185283;1.37239;-0.103731;0.00768178
0.298376;-0.266405;0;0.000187384;1.3882;-0.104914;0.00776937
0.301701;-0.262634;0;0.000189485;1.40401;-0.106096;0.00785695
0.304977;-0.258822;0;0.000191585;1.41981;-0.107279;0.00794451
0.308205;-0.25497;0;0.000193684;1.43561;-0.108461;0.00803203
0.311385;-0.251077;0;0.000195782;1.4514;-0.109642;0.0081195
0.314515;-0.247144;0;0.000197878;1.46718;-0.110822;0.0082069
0.317596;-0.243172;0;0.000199904;1.48243;-0.111963;0.00829136
0.320627;-0.239162;0;0.000201599;1.49525;-0.112917;0.00836205
0.323607;-0.235114;0;0.000203296;1.50807;-0.113872;0.00843279
0.326536;-0.231029;0;0.000204994;1.5209;-0.114828;0.00850359
0.329413;-0.226908;0;0.000206693;1.53374;-0.115785;0.00857442
0.332238;-0.22275;0;0.000208392;1.54658;-0.116742;0.00864527
0.335011;-0.218558;0;0.000210092;1.55943;-0.117699;0.00871614
0.337731;-0.214331;0;0.000211792;1.57228;-0.118656;0.00878701
0.340398;-0.21007;0;0.000213492;1.58512;-0.119613;0.00885788
0.343011;-0.205776;0;0.000215191;1.59796;-0.120569;0.00892872
0.345569;-0.201449;0;0.000216889;1.6108;-0.121525;0.00899954
0.348074;-0.197091;0;0.000218587;1.62363;-0.122481;0.00907031
0.350523;-0.192701;0;0.000220283;1.63644;-0.123436;0.00914103
0.352916;-0.188282;0;0.000221978;1.64925;-0.12439;0.00921168
0.355255;-0.183832;0;0.000223454;1.66042;-0.125221;0.00927322
0.357537;-0.179353;0;0.000224714;1.66998;-0.125931;0.00932575
0.359762;-0.174846;0;0.000225974;1.67955;-0.12664;0.00937831
0.361931;-0.170312;0;0.000227179;1.68869;-0.127319;0.00942856
0.364042;-0.16575;0;0.000228376;1.69778;-0.127993;0.00947845
0.366096;-0.161163;0;0.000229573;1.70686;-0.128667;0.00952837
0.368093;-0.156549;0;0.00023077;1.71595;-0.129341;0.00957829
0.370031;-0.151912;0;0.000231968;1.72503;-0.130015;0.0096282
0.371911;-0.14725;0;0.000233165;1.73412;-0.130689;0.00967811
0.373732;-0.142565;0;0.000234361;1.7432;-0.131362;0.009728
0.375494;-0.137857;0;0.000235557;1.75227;-0.132036;0.00977786
0.377196;-0.133128;0;0.000236752;1.76134;-0.132708;0.00982769
0.378839;-0.128377;0;0.000237941;1.77036;-0.133378;0.00987726
0.380423;-0.123607;0;0.000239012;1.77849;-0.133981;0.00992192
0.381946;-0.118817;0;0.000239786;1.78439;-0.134416;0.00995418
0.383409;-0.114008;0;0.000240561;1.7903;-0.134852;0.00998645
0.384811;-0.109181;0;0.000241335;1.7962;-0.135288;0.0100187
0.386153;-0.104337;0;0.000242071;1.80181;-0.135702;0.0100494
0.387433;-0.099476;0;0.000242734;1.80686;-0.136075;0.010077
0.388653;-0.0945996;0;0.000243397;1.81192;-0.136448;0.0101047
0.389811;-0.0897083;0;0.00024406;1.81698;-0.136822;0.0101323
0.390907;-0.0848028;0;0.000244723;1.82203;-0.137195;0.0101599
0.391942;-0.079884;0;0.000245386;1.82709;-0.137568;0.0101876
0.392915;-0.0749525;0;0.000246049;1.83215;-0.137941;0.0102152
0.393826;-0.0700092;0;0.000246712;1.8372;-0.138314;0.0102428
0.394674;-0.0650549;0;0.000247374;1.84225;-0.138687;0.0102704
0.395461;-0.0600902;0;0.000248035;1.8473;-0.139059;0.010298
0.396185;-0.0551161;0;0.000248437;1.85037;-0.139285;0.0103147
0.396846;-0.0501333;0;0.000248736;1.85267;-0.139453;0.0103272
0.397445;-0.0451426;0;0.000249035;1.85497;-0.139622;0.0103396
0.39798;-0.0401447;0;0.000249247;1.8566;-0.13974;0.0103484
0.398453;-0.0351405;0;0.000249385;1.85767;-0.139818;0.0103542
0.398864;-0.0301307;0;0.000249523;1.85875;-0.139895;0.0103599
0.399211;-0.0251162;0;0.000249661;1.85982;-0.139973;0.0103657
0.399495;-0.0200977;0;0.000249799;1.8609;-0.14005;0.0103714
0.399716;-0.0150761;0;0.000249937;1.86197;-0.140128;0.0103771
0.399874;-0.010052;0;0.000250076;1.86305;-0.140206;0.0103829
0.399968;-0.00502642;0;0.000250214;1.86412;-0.140283;0.0103886
