0.4;0;0;0.000252237;1.89053;-0.140359;0.0103943
0.399968;0.00502642;0;0.000252092;1.88943;-0.140279;0.0103883
0.399874;0.010052;0;0.000251944;1.88831;-0.140196;0.0103822
0.399716;0.0150761;0;0.000251796;1.88719;-0.140114;0.0103761
0.399495;0.0200977;0;0.000251648;1.88607;-0.140032;0.01037
0.399211;0.0251162;0;0.0002515;1.88495;-0.13995;0.0103639
0.398864;0.0301307;0;0.000251352;1.88383;-0.139867;0.0103578
0.398453;0.0351405;0;0.000251204;1.88271;-0.139785;0.0103518
0.39798;0.0401447;0;0.000251056;1.8816;-0.139703;0.0103457
0.397445;0.0451426;0;0.000250785;1.87954;-0.139552;0.0103345
0.396846;0.0501333;0;0.000250448;1.87698;-0.139365;0.0103206
0.396185;0.0551161;0;0.000250111;1.87443;-0.139178;0.0103068
0.395461;0.0600902;0;0.000249774;1.87188;-0.138991;0.0102929
0.394674;0.0650549;0;0.00024917;1.86729;-0.138655;0.0102681
0.393826;0.0700092;0;0.000248509;1.86226;-0.138289;0.0102409
0.392915;0.0749525;0;0.000247848;1.85723;-0.137921;0.0102137
0.391942;0.079884;0;0.000247187;1.8522;-0.137554;0.0101866
0.390907;0.0848028;0;0.000246525;1.84716;-0.137187;0.0101594
0.389811;0.0897083;0;0.000245863;1.84213;-0.13682;0.0101321
0.388653;0.0945996;0;0.000245201;1.83709;-0.136452;0.0101049
0.387433;0.099476;0;0.00024454;1.83206;-0.136085;0.0100777
0.386153;0.104337;0;0.000243842;1.82676;-0.135698;0.0100491
0.384811;0.109181;0;0.000243027;1.82056;-0.135245;0.0100156
0.383409;0.114008;0;0.000242212;1.81437;-0.134793;0.00998205
0.381946;0.118817;0;0.000241397;1.80818;-0.134341;0.00994855
0.380423;0.123607;0;0.000240583;1.80199;-0.133888;0.00991507
0.378839;0.128377;0;0.000239523;1.79395;-0.1333;0.0098715
0.377196;0.133128;0;0.000238304;1.7847;-0.132623;0.0098214
0.375494;0.137857;0;0.000237091;1.77549;-0.13195;0.00977152
0.373732;0.142565;0;0.000235877;1.76628;-0.131276;0.00972165
0.371911;0.14725;0;0.000234663;1.75706;-0.130603;0.00967174
0.370031;0.151912;0;0.000233449;1.74784;-0.129929;0.00962182
0.368093;0.156549;0;0.000232234;1.73862;-0.129254;0.0095719
0.366096;0.161163;0;0.000231019;1.72939;-0.12858;0.00952197
0.364042;0.16575;0;0.000229805;1.72017;-0.127906;0.00947204
0.361931;0.170312;0;0.000228591;1.71095;-0.127232;0.00942214
0.359762;0.174846;0;0.000227377;1.70174;-0.126558;0.00937225
0.357537;0.179353;0;0.000226164;1.69253;-0.125885;0.0093224
0.355255;0.183832;0;0.000224952;1.68333;-0.125212;0.00927258
0.352916;0.188282;0;0.000223486;1.67222;-0.124399;0.00921231
0.350523;0.192701;0;0.00022177;1.65925;-0.123446;0.00914176
0.348074;0.197091;0;0.000220052;1.64626;-0.122492;0.00907114
0.345569;0.201449;0;0.000218332;1.63326;-0.121538;0.00900047
0.343011;0.205776;0;0.000216612;1.62025;-0.120583;0.00892976
0.340398;0.21007;0;0.000214891;1.60724;-0.119628;0.00885902
0.337731;0.214331;0;0.00021317;1.59422;-0.118672;0.00878826
0.335011;0.218558;0;0.000211448;1.58121;-0.117717;0.00871749
0.332238;0.22275;0;0.000209726;1.56819;-0.116761;0.00864672
0.329413;0.226908;0;0.000208005;1.55517;-0.115806;0.00857597
0.326536;0.231029;0;0.000206284;1.54216;-0.114851;0.00850524
0.323607;0.235114;0;0.000204562;1.52914;-0.113895;0.00843446
0.320627;0.239162;0;0.000202836;1.51609;-0.112936;0.00836348
0.317596;0.243172;0;0.00020111;1.50304;-0.111979;0.00829255
0.314515;0.247144;0;0.000199137;1.48817;-0.110883;0.00821144
0.311385;0.251077;0;0.000197014;1.47219;-0.109705;0.00812417
0.308205;0.25497;0;0.000194889;1.45619;-0.108526;0.00803684
0.304977;0.258822;0;0.000192762;1.44018;-0.107345;0.0079494
0.301701;0.262634;0;0.000190632;1.42415;-0.106163;0.00786184
0.298376;0.266405;0;0.0001885;1.4081;-0.104979;0.0077742
0.295005;0.270133;0;0.000186365;1.39204;-0.103794;0.00768645
0.291587;0.273819;0;0.00018423;1.37597;-0.102609;0.0075987
0.288124;0.277461;0;0.000182096;1.3599;-0.101424;0.00751096
0.284614;0.28106;0;0.000179962;1.34385;-0.10024;0.00742326
0.28106;0.284614;0;0.000177829;1.32779;-0.0990564;0.0073356
0.277461;0.288124;0;0.000175664;1.3115;-0.0978542;0.00724657
0.273819;0.291587;0;0.000173195;1.29301;-0.096484;0.0071451
0.270133;0.295005;0;0.000170724;1.2745;-0.0951124;0.00704353
0.266405;0.298376;0;0.000168251;1.25597;-0.0937398;0.00694188
0.262634;0.301701;0;0.000165777;1.23744;-0.0923665;0.00684018
0.258822;0.304977;0;0.000163302;1.21889;-0.0909925;0.00673842
0.25497;0.308205;0;0.000160826;1.20034;-0.0896181;0.00663665
0.251077;0.311385;0;0.000158349;1.18178;-0.088243;0.00653481
0.247144;0.314515;0;0.000155871;1.16322;-0.0868677;0.00643296
0.243172;0.317596;0;0.000153391;1.14464;-0.0854912;0.00633103
0.239162;0.320627;0;0.000150912;1.12607;-0.0841153;0.00622914
0.235114;0.323607;0;0.000148435;1.10751;-0.08274;0.00612729
0.231029;0.326536;0;0.000145959;1.08896;-0.0813655;0.0060255
0.226908;0.329413;0;0.000143484;1.07042;-0.0799922;0.0059238
0.22275;0.332238;0;0.000140857;1.05079;-0.078534;0.00581581
0.218558;0.335011;0;0.000138091;1.03015;-0.0769981;0.00570208
0.214331;0.337731;0;0.000135322;1.0095;-0.0754611;0.00558825
0.21007;0.340398;0;0.000132551;0.988834;-0.0739231;0.00547436
0.205776;0.343011;0;0.000129779;0.968159;-0.0723844;0.00536041
0.201449;0.345569;0;0.000127006;0.947477;-0.0708453;0.00524643
0.197091;0.348074;0;0.000124233;0.926793;-0.0693059;0.00513243
0.192701;0.350523;0;0.00012146;0.906108;-0.0677666;0.00501844
0.188282;0.352916;0;0.000118687;0.885428;-0.0662275;0.00490446
0.183832;0.355255;0;0.000115915;0.864754;-0.0646889;0.00479052
0.179353;0.357537;0;0.000113145;0.844091;-0.0631511;0.00467664
0.174846;0.359762;0;0.000110376;0.823441;-0.0616143;0.00456283
0.170312;0.361931;0;0.000107572;0.802541;-0.0600577;0.00444756
0.16575;0.364042;0;0.000104581;0.780304;-0.0583972;0.00432459
0.161163;0.366096;0;0.000101575;0.757959;-0.0567286;0.00420102
0.156549;0.368093;0;9.85655e-05;0.735592;-0.0550583;0.00407733
0.151912;0.370031;0;9.55539e-05;0.713205;-0.0533865;0.00395353
0.14725;0.371911;0;9.25402e-05;0.690803;-0.0517137;0.00382964
0.142565;0.373732;0;8.95249e-05;0.668389;-0.0500399;0.00370569
0.137857;0.375494;0;8.65084e-05;0.645967;-0.0483654;0.00358169
0.133128;0.377196;0;8.34913e-05;0.623539;-0.0466906;0.00345766
0.128377;0.378839;0;8.0474e-05;0.60111;-0.0450158;0.00333363
0.123607;0.380423;0;7.7457e-05;0.578683;-0.043341;0.00320961
0.118817;0.381946;0;7.4514e-05;0.556831;-0.0417074;0.00308863
0.114008;0.383409;0;7.1425e-05;0.533922;-0.0399927;0.00296165
0.109181;0.384811;0;6.83346e-05;0.511003;-0.0382773;0.00283462
0.104337;0.386153;0;6.52435e-05;0.488078;-0.0365614;0.00270755
0.099476;0.387433;0;6.21519e-05;0.46515;-0.0348454;0.00258046
0.0945996;0.388653;0;5.90604e-05;0.442223;-0.0331293;0.00245338
0.0897083;0.389811;0;5.59696e-05;0.4193;-0.0314136;0.00232633
0.0848028;0.390907;0;5.28798e-05;0.396386;-0.0296985;0.00219932
0.079884;0.391942;0;4.97917e-05;0.373483;-0.0279843;0.00207237
0.0749525;0.392915;0;4.67056e-05;0.350596;-0.0262713;0.00194551
0.0700092;0.393826;0;4.3622e-05;0.327727;-0.0245596;0.00181876
0.0650549;0.394674;0;4.05415e-05;0.304881;-0.0228497;0.00169213
0.0600902;0.395461;0;3.74645e-05;0.282061;-0.0211417;0.00156564
0.0551161;0.396185;0;3.43915e-05;0.259271;-0.0194359;0.00143932
0.0501333;0.396846;0;3.12296e-05;0.235851;-0.0176808;0.00130935
0.0451426;0.397445;0;2.80512e-05;0.212312;-0.0159164;0.00117869
0.0401447;0.39798;0;2.48691e-05;0.188745;-0.0141501;0.00104788
0.0351405;0.398453;0;2.16839e-05;0.165155;-0.012382;0.000916944
0.0301307;0.398864;0;1.8496e-05;0.141546;-0.0106124;0.0007859
0.0251162;0.399211;0;1.53061e-05;0.117921;-0.00884168;0.000654768
0.0200977;0.399495;0;1.21145e-05;0.0942838;-0.00707004;0.00052357
0.0150761;0.399716;0;8.92177e-06;0.0706385;-0.00529779;0.000392326
0.010052;0.399874;0;5.72845e-06;0.0469887;-0.00352519;0.000261057
0.00502642;0.399968;0;2.53502e-06;0.0233381;-0.00175254;0.000129784
2.44929e-17;0.4;0;-6.58008e-07;-0.000309639;1.98971e-05;-1.47348e-06
-0.00502642;0.399968;0;-3.85014e-06;-0.0239507;0.00179183;-0.000132694
-0.010052;0.399874;0;-7.04086e-06;-0.0475813;0.00356299;-0.000263856
-0.0150761;0.399716;0;-1.02297e-05;-0.0711978;0.00533308;-0.00039494
-0.0200977;0.399495;0;-1.34161e-05;-0.0947964;0.00710184;-0.000525925
-0.0251162;0.399211;0;-1.65996e-05;-0.118373;0.00886897;-0.00065679
-0.0301307;0.398864;0;-1.97796e-05;-0.141925;0.0106342;-0.000787514
-0.0351405;0.398453;0;-2.29291e-05;-0.165249;0.0123824;-0.000916979
-0.0401447;0.39798;0;-2.60651e-05;-0.188482;0.0141232;-0.00104589
-0.0451426;0.397445;0;-2.92015e-05;-0.211729;0.0158641;-0.00117481
-0.0501333;0.396846;0;-3.23403e-05;-0.234994;0.0176065;-0.00130384
-0.0551161;0.396185;0;-3.54812e-05;-0.258275;0.01935;-0.00143296
-0.0600902;0.395461;0;-3.86236e-05;-0.281567;0.0210943;-0.00156214
-0.0650549;0.394674;0;-4.1767e-05;-0.304867;0.0228392;-0.00169135
-0.0700092;0.393826;0;-4.4911e-05;-0.32817;0.0245844;-0.00182059
-0.0749525;0.392915;0;-4.8055e-05;-0.351474;0.0263297;-0.00194984
-0.079884;0.391942;0;-5.11986e-05;-0.374775;0.0280746;-0.00207906
-0.0848028;0.390907;0;-5.43412e-05;-0.398068;0.0298191;-0.00220825
-0.0897083;0.389811;0;-5.74823e-05;-0.421351;0.0315627;-0.00233737
-0.0945996;0.388653;0;-6.06215e-05;-0.444619;0.0333053;-0.00246642
-0.099476;0.387433;0;-6.37583e-05;-0.467869;0.0350465;-0.00259536
-0.104337;0.386153;0;-6.68518e-05;-0.490805;0.0367636;-0.00272252
-0.109181;0.384811;0;-6.98681e-05;-0.513198;0.0384379;-0.00284651
-0.114008;0.383409;0;-7.28603e-05;-0.535435;0.0400989;-0.00296951
-0.118817;0.381946;0;-7.58548e-05;-0.557689;0.0417611;-0.00309261
-0.123607;0.380423;0;-7.88512e-05;-0.579957;0.0434244;-0.00321578
-0.128377;0.378839;0;-8.1849e-05;-0.602235;0.0450885;-0.00333901
-0.133128;0.377196;0;-8.48476e-05;-0.624519;0.046753;-0.00346228
-0.137857;0.375494;0;-8.78467e-05;-0.646807;0.0484178;-0.00358557
-0.142565;0.373732;0;-9.08457e-05;-0.669094;0.0500825;-0.00370885
-0.14725;0.371911;0;-9.38442e-05;-0.691378;0.051747;-0.00383211
-0.151912;0.370031;0;-9.68292e-05;-0.713559;0.0534039;-0.00395481
-0.156549;0.368093;0;-9.98152e-05;-0.735749;0.0550614;-0.00407756
-0.161163;0.366096;0;-0.0001028;-0.757926;0.0567181;-0.00420024
-0.16575;0.364042;0;-0.000105782;-0.780089;0.0583736;-0.00432284
-0.170312;0.361931;0;-0.000108762;-0.802233;0.0600277;-0.00444534
-0.174846;0.359762;0;-0.000111627;-0.823559;0.0616183;-0.00456313
-0.179353;0.357537;0;-0.000114379;-0.844083;0.0631459;-0.00467625
-0.183832;0.355255;0;-0.000117133;-0.864622;0.0646746;-0.00478947
-0.188282;0.352916;0;-0.000119889;-0.885174;0.0662043;-0.00490274
-0.192701;0.350523;0;-0.000122646;-0.905736;0.0677347;-0.00501608
-0.197091;0.348074;0;-0.000125404;-0.926303;0.0692655;-0.00512944
-0.201449;0.345569;0;-0.000128162;-0.946873;0.0707965;-0.00524281
-0.205776;0.343011;0;-0.00013092;-0.967442;0.0723274;-0.00535619
-0.21007;0.340398;0;-0.000133677;-0.988007;0.0738581;-0.00546954
-0.214331;0.337731;0;-0.000136434;-1.00857;0.0753882;-0.00558285
-0.218558;0.335011;0;-0.000139189;-1.02911;0.0769175;-0.00569611
-0.22275;0.332238;0;-0.000141908;-1.0494;0.0784266;-0.00580786
-0.226908;0.329413;0;-0.000144587;-1.06942;0.0799138;-0.00591799
-0.231029;0.326536;0;-0.000147027;-1.0877;0.0812685;-0.00601832
-0.235114;0.323607;0;-0.000149502;-1.10623;0.082642;-0.00612004
-0.239162;0.320627;0;-0.000151978;-1.12478;0.0840164;-0.00622182
-0.243172;0.317596;0;-0.000154455;-1.14333;0.0853915;-0.00632365
-0.247144;0.314515;0;-0.000156933;-1.16189;0.0867671;-0.00642552
-0.251077;0.311385;0;-0.000159412;-1.18046;0.0881429;-0.0065274
-0.25497;0.308205;0;-0.00016189;-1.19902;0.0895188;-0.00662929
-0.258822;0.304977;0;-0.000164369;-1.21759;0.0908945;-0.00673117
-0.262634;0.301701;0;-0.000166846;-1.23615;0.0922698;-0.00683302
-0.266405;0.298376;0;-0.000169323;-1.25469;0.0936446;-0.00693483
-0.270133;0.295005;0;-0.000171798;-1.27323;0.0950184;-0.00703657
-0.273819;0.291587;0;-0.000174271;-1.29176;0.0963913;-0.00713823
-0.277461;0.288124;0;-0.000176593;-1.30917;0.0976803;-0.00723369
-0.28106;0.284614;0;-0.000178804;-1.32578;0.0989075;-0.00732457
-0.284614;0.28106;0;-0.00018095;-1.34193;0.100099;-0.0074128
-0.288124;0.277461;0;-0.000183097;-1.35809;0.101291;-0.00750106
-0.291587;0.273819;0;-0.000185245;-1.37425;0.102483;-0.00758935
-0.295005;0.270133;0;-0.000187393;-1.39041;0.103675;-0.00767765
-0.298376;0.266405;0;-0.000189541;-1.40657;0.104868;-0.00776595
-0.301701;0.262634;0;-0.000191689;-1.42273;0.10606;-0.00785423
-0.304977;0.258822;0;-0.000193836;-1.43888;0.107251;-0.00794248
-0.308205;0.25497;0;-0.000195981;-1.45503;0.108443;-0.00803068
-0.311385;0.251077;0;-0.000198126;-1.47116;0.109633;-0.00811883
-0.314515;0.247144;0;-0.000200268;-1.48728;0.110822;-0.00820691
-0.317596;0.243172;0;-0.000202268;-1.50235;0.111932;-0.00828912
-0.320627;0.239162;0;-0.000203999;-1.51543;0.112893;-0.00836027
-0.323607;0.235114;0;-0.000205731;-1.52853;0.113855;-0.00843148
-0.326536;0.231029;0;-0.000207464;-1.54163;0.114817;-0.00850273
-0.329413;0.226908;0;-0.000209199;-1.55473;0.115779;-0.00857402
-0.332238;0.22275;0;-0.000210933;-1.56784;0.116742;-0.00864533
-0.335011;0.218558;0;-0.000212668;-1.58096;0.117705;-0.00871664
-0.337731;0.214331;0;-0.000214376;-1.59387;0.118653;-0.00878685
-0.340398;0.21007;0;-0.000216085;-1.60678;0.119602;-0.0088571
-0.343011;0.205776;0;-0.000217793;-1.61969;0.12055;-0.00892733
-0.345569;0.201449;0;-0.000219501;-1.6326;0.121498;-0.00899753
-0.348074;0.197091;0;-0.000221208;-1.6455;0.122446;-0.0090677
-0.350523;0.192701;0;-0.000222914;-1.6584;0.123393;-0.00913782
-0.352916;0.188282;0;-0.000224619;-1.67128;0.124339;-0.00920789
-0.355255;0.183832;0;-0.000226157;-1.68292;0.125193;-0.00927114
-0.357537;0.179353;0;-0.000227429;-1.69256;0.125899;-0.0093234
-0.359762;0.174846;0;-0.000228705;-1.70225;0.126607;-0.00937587
-0.361931;0.170312;0;-0.000229982;-1.71193;0.127316;-0.00942835
-0.364042;0.16575;0;-0.000231258;-1.72162;0.128025;-0.00948083
-0.366096;0.161163;0;-0.000232535;-1.73131;0.128733;-0.00953332
-0.368093;0.156549;0;-0.000233812;-1.74099;0.129442;-0.00958579
-0.370031;0.151912;0;-0.000235088;-1.75067;0.13015;-0.00963825
-0.371911;0.14725;0;-0.000236363;-1.76035;0.130858;-0.00969067
-0.373732;0.142565;0;-0.000237638;-1.77002;0.131566;-0.00974307
-0.375494;0.137857;0;-0.000238911;-1.77968;0.132273;-0.00979542
-0.377196;0.133128;0;-0.000240147;-1.78906;0.132958;-0.00984621
-0.378839;0.128377;0;-0.000241008;-1.7956;0.133437;-0.00988161
-0.380423;0.123607;0;-0.000241804;-1.80166;0.133879;-0.00991436
-0.381946;0.118817;0;-0.000242602;-1.80773;0.134321;-0.00994712
-0.383409;0.114008;0;-0.000243399;-1.81379;0.134764;-0.00997991
-0.384811;0.109181;0;-0.000244197;-1.81986;0.135207;-0.0100127
-0.386153;0.104337;0;-0.000244995;-1.82593;0.13565;-0.0100455
-0.387433;0.099476;0;-0.000245793;-1.83201;0.136093;-0.0100783
-0.388653;0.0945996;0;-0.000246591;-1.83808;0.136536;-0.0101111
-0.389811;0.0897083;0;-0.000247388;-1.84414;0.136978;-0.0101439
-0.390907;0.0848028;0;-0.000248186;-1.85021;0.137421;-0.0101767
-0.391942;0.079884;0;-0.000248982;-1.85627;0.137863;-0.0102094
-0.392915;0.0749525;0;-0.000249779;-1.86233;0.138305;-0.0102422
-0.393826;0.0700092;0;-0.000250574;-1.86838;0.138747;-0.0102749
-0.394674;0.0650549;0;-0.000251362;-1.87438;0.139184;-0.0103073
-0.395461;0.0600902;0;-0.000251675;-1.87676;0.139358;-0.0103201
-0.396185;0.0551161;0;-0.000251939;-1.87877;0.139504;-0.0103309
-0.396846;0.0501333;0;-0.000252202;-1.88077;0.13965;-0.0103418
-0.397445;0.0451426;0;-0.000252465;-1.88278;0.139797;-0.0103526
-0.39798;0.0401447;0;-0.000252729;-1.88478;0.139943;-0.0103634
-0.398453;0.0351405;0;-0.000252985;-1.88674;0.140085;-0.010374
-0.398864;0.0301307;0;-0.000253234;-1.88864;0.140223;-0.0103842
-0.399211;0.0251162;0;-0.000253481;-1.89052;0.140361;-0.0103944
-0.399495;0.0200977;0;-0.000253728;-1.8924;0.140497;-0.0104045
-0.399716;0.0150761;0;-0.000253974;-1.89428;0.140634;-0.0104146
-0.399874;0.010052;0;-0.000254221;-1.89615;0.140771;-0.0104248
-0.399968;0.00502642;0;-0.000254466;-1.89803;0.140907;-0.0104349
-0.4;4.89859e-17;0;-0.000254712;-1.8999;0.141043;-0.0104449
-0.399968;-0.00502642;0;-0.000254542;-1.8986;0.140949;-0.0104379
-0.399874;-0.010052;0;-0.000254283;-1.89663;0.140805;-0.0104273
-0.399716;-0.0150761;0;-0.000254024;-1.89465;0.140662;-0.0104167
-0.399495;-0.0200977;0;-0.000253764;-1.89267;0.140518;-0.010406
-0.399211;-0.0251162;0;-0.000253505;-1.89069;0.140373;-0.0103953
-0.398864;-0.0301307;0;-0.000253245;-1.88871;0.140229;-0.0103846
-0.398453;-0.0351405;0;-0.000252984;-1.88673;0.140085;-0.0103739
-0.39798;-0.0401447;0;-0.000252724;-1.88474;0.13994;-0.0103632
-0.397445;-0.0451426;0;-0.000252464;-1.88276;0.139796;-0.0103525
-0.396846;-0.0501333;0;-0.000252203;-1.88077;0.139651;-0.0103418
-0.396185;-0.0551161;0;-0.000251943;-1.87879;0.139506;-0.0103311
-0.395461;-0.0600902;0;-0.000251682;-1.8768;0.139362;-0.0103204
-0.394674;-0.0650549;0;-0.00025142;-1.87481;0.139217;-0.0103097
-0.393826;-0.0700092;0;-0.000250651;-1.86896;0.13879;-0.010278
-0.392915;-0.0749525;0;-0.000249863;-1.86296;0.138352;-0.0102456
-0.391942;-0.079884;0;-0.000249074;-1.85695;0.137914;-0.0102132
-0.390907;-0.0848028;0;-0.000248284;-1.85094;0.137476;-0.0101807
-0.389811;-0.0897083;0;-0.000247494;-1.84493;0.137037;-0.0101482
-0.388653;-0.0945996;0;-0.000246703;-1.83891;0.136598;-0.0101157
-0.387433;-0.099476;0;-0.000245912;-1.83289;0.136159;-0.0100832
-0.386153;-0.104337;0;-0.000245121;-1.82687;0.13572;-0.0100507
-0.384811;-0.109181;0;-0.00024433;-1.82086;0.135281;-0.0100182
-0.383409;-0.114008;0;-0.000243539;-1.81484;0.134842;-0.00998567
-0.381946;-0.118817;0;-0.000242748;-1.80882;0.134403;-0.00995316
-0.380423;-0.123607;0;-0.000241958;-1.80281;0.133964;-0.00992068
-0.378839;-0.128377;0;-0.000241128;-1.7965;0.133504;-0.00988658
-0.377196;-0.133128;0;-0.000239948;-1.78754;0.132849;-0.00983807
-0.375494;-0.137857;0;-0.000238767;-1.77858;0.132193;-0.00978952
-0.373732;-0.142565;0;-0.000237586;-1.76961;0.131537;-0.00974095
-0.371911;-0.14725;0;-0.000236287;-1.75976;0.130816;-0.00968758
-0.370031;-0.151912;0;-0.000234973;-1.74978;0.130087;-0.00963355
-0.368093;-0.156549;0;-0.000233658;-1.73981;0.129357;-0.00957948
-0.366096;-0.161163;0;-0.000232342;-1.72983;0.128626;-0.00952539
-0.364042;-0.16575;0;-0.000231026;-1.71984;0.127896;-0.00947129
-0.361931;-0.170312;0;-0.00022971;-1.70986;0.127165;-0.00941719
-0.359762;-0.174846;0;-0.000228394;-1.69987;0.126435;-0.00936309
-0.357537;-0.179353;0;-0.000227078;-1.68989;0.125704;-0.009309
-0.355255;-0.183832;0;-0.000225603;-1.67873;0.124886;-0.00924838
-0.352916;-0.188282;0;-0.000224094;-1.66731;0.124048;-0.00918634
-0.350523;-0.192701;0;-0.000222516;-1.65538;0.123172;-0.0091215
-0.348074;-0.197091;0;-0.000220847;-1.64276;0.122245;-0.00905286
-0.345569;-0.201449;0;-0.000219176;-1.63013;0.121318;-0.00898419
-0.343011;-0.205776;0;-0.000217505;-1.6175;0.12039;-0.00891549
-0.340398;-0.21007;0;-0.000215833;-1.60486;0.119463;-0.00884678
-0.337731;-0.214331;0;-0.000214162;-1.59223;0.118535;-0.00877807
-0.335011;-0.218558;0;-0.00021249;-1.57959;0.117607;-0.00870937
-0.332238;-0.22275;0;-0.00021082;-1.56696;0.11668;-0.00864069
-0.329413;-0.226908;0;-0.000209149;-1.55434;0.115753;-0.00857204
-0.326536;-0.231029;0;-0.000207426;-1.54131;0.114796;-0.00850118
-0.323607;-0.235114;0;-0.000205678;-1.5281;0.113826;-0.00842934
-0.320627;-0.239162;0;-0.000203931;-1.51489;0.112856;-0.00835754
-0.317596;-0.243172;0;-0.000202181;-1.50167;0.111885;-0.00828558
-0.314515;-0.247144;0;-0.000200162;-1.48645;0.110764;-0.00820259
-0.311385;-0.251077;0;-0.000198015;-1.4703;0.109572;-0.00811434
-0.308205;-0.25497;0;-0.000195867;-1.45413;0.108379;-0.00802601
-0.304977;-0.258822;0;-0.000193717;-1.43795;0.107186;-0.00793763
-0.301701;-0.262634;0;-0.000191565;-1.42176;0.105992;-0.0078492
-0.298376;-0.266405;0;-0.000189413;-1.40557;0.104797;-0.00776074
-0.295005;-0.270133;0;-0.000187261;-1.38938;0.103602;-0.00767226
-0.291587;-0.273819;0;-0.000185109;-1.37318;0.102408;-0.00758378
-0.288124;-0.277461;0;-0.000182956;-1.35698;0.101213;-0.0074953
-0.284614;-0.28106;0;-0.000180805;-1.34079;0.100019;-0.00740686
-0.28106;-0.284614;0;-0.000178654;-1.32461;0.0988248;-0.00731845
-0.277461;-0.288124;0;-0.000176407;-1.30774;0.0975776;-0.00722609
-0.273819;-0.291587;0;-0.000174111;-1.29051;0.0963027;-0.00713168
-0.270133;-0.295005;0;-0.000171705;-1.27249;0.0949673;-0.00703278
-0.266405;-0.298376;0;-0.000169244;-1.25405;0.0936012;-0.00693161
-0.262634;-0.301701;0;-0.000166781;-1.23561;0.0922344;-0.00683039
-0.258822;-0.304977;0;-0.000164318;-1.21715;0.0908671;-0.00672914
-0.25497;-0.308205;0;-0.000161854;-1.1987;0.0894996;-0.00662787
-0.251077;-0.311385;0;-0.000159391;-1.18025;0.088132;-0.0065266
-0.247144;-0.314515;0;-0.000156927;-1.16179;0.0867647;-0.00642534
-0.243172;-0.317596;0;-0.000154465;-1.14335;0.0853977;-0.00632411
-0.239162;-0.320627;0;-0.000152003;-1.12491;0.0840314;-0.00622292
-0.235114;-0.323607;0;-0.000149543;-1.10648;0.0826658;-0.0061218
-0.231029;-0.326536;0;-0.000147085;-1.08807;0.0813013;-0.00602075
-0.226908;-0.329413;0;-0.000144566;-1.06922;0.0799031;-0.00591721
-0.22275;-0.332238;0;-0.000141889;-1.04921;0.0784172;-0.00580717
-0.218558;-0.335011;0;-0.000139158;-1.02884;0.0769012;-0.0056949
-0.214331;-0.337731;0;-0.000136401;-1.00827;0.0753704;-0.00558154
-0.21007;-0.340398;0;-0.000133642;-0.987694;0.073839;-0.00546813
-0.205776;-0.343011;0;-0.000130882;-0.967109;0.0723069;-0.00535467
-0.201449;-0.345569;0;-0.000128121;-0.946519;0.0707746;-0.0052412
-0.197091;-0.348074;0;-0.00012536;-0.925929;0.0692422;-0.00512772
-0.192701;-0.350523;0;-0.0001226;-0.905342;0.06771;-0.00501425
-0.188282;-0.352916;0;-0.000119841;-0.88476;0.0661783;-0.00490082
-0.183832;-0.355255;0;-0.000117082;-0.864188;0.0646472;-0.00478743
-0.179353;-0.357537;0;-0.000114326;-0.843627;0.063117;-0.00467411
-0.174846;-0.359762;0;-0.000111571;-0.823082;0.061588;-0.00456088
-0.170312;-0.361931;0;-0.000108716;-0.801821;0.0600028;-0.0044435
-0.16575;-0.364042;0;-0.000105766;-0.779897;0.0583655;-0.00432224
-0.161163;-0.366096;0;-0.000102786;-0.75775;0.0567114;-0.00419975
-0.156549;-0.368093;0;-9.98043e-05;-0.73559;0.0550562;-0.00407718
-0.151912;-0.370031;0;-9.6821e-05;-0.713419;0.0534002;-0.00395454
-0.14725;-0.371911;0;-9.38368e-05;-0.69124;0.0517437;-0.00383187
-0.142565;-0.373732;0;-9.0852e-05;-0.669058;0.0500869;-0.00370917
-0.137857;-0.375494;0;-8.78672e-05;-0.646875;0.0484301;-0.00358648
-0.133128;-0.377196;0;-8.48829e-05;-0.624696;0.0467735;-0.0034638
-0.128377;-0.378839;0;-8.18994e-05;-0.602523;0.0451174;-0.00334116
-0.123607;-0.380423;0;-7.89173e-05;-0.58036;0.0434621;-0.00321857
-0.118817;-0.381946;0;-7.5937e-05;-0.558212;0.0418077;-0.00309606
-0.114008;-0.383409;0;-7.29591e-05;-0.53608;0.0401547;-0.00297365
-0.109181;-0.384811;0;-6.99869e-05;-0.513992;0.0385049;-0.00285147
-0.104337;-0.386153;0;-6.68733e-05;-0.490903;0.0367765;-0.00272348
-0.099476;-0.387433;0;-6.37528e-05;-0.467767;0.0350444;-0.0025952
-0.0945996;-0.388653;0;-6.06306e-05;-0.444618;0.0333113;-0.00246686
-0.0897083;-0.389811;0;-5.75072e-05;-0.421461;0.0315775;-0.00233846
-0.0848028;-0.390907;0;-5.43852e-05;-0.398314;0.0298445;-0.00221013
-0.079884;-0.391942;0;-5.12575e-05;-0.375124;0.0281083;-0.00208156
-0.0749525;-0.392915;0;-4.81278e-05;-0.35192;0.026371;-0.0019529
-0.0700092;-0.393826;0;-4.49985e-05;-0.328718;0.024634;-0.00182426
-0.0650549;-0.394674;0;-4.18701e-05;-0.305524;0.0228974;-0.00169566
-0.0600902;-0.395461;0;-3.87432e-05;-0.28234;0.0211617;-0.00156712
-0.0551161;-0.396185;0;-3.56181e-05;-0.259171;0.019427;-0.00143866
-0.0501333;-0.396846;0;-3.2464e-05;-0.235807;0.0176762;-0.00130901
-0.0451426;-0.397445;0;-2.92815e-05;-0.212236;0.0159096;-0.00117818
-0.0401447;-0.39798;0;-2.60971e-05;-0.188652;0.014142;-0.00104728
-0.0351405;-0.398453;0;-2.29115e-05;-0.165059;0.0123737;-0.000916329
-0.0301307;-0.398864;0;-1.97302e-05;-0.141498;0.0106078;-0.000785556
-0.0251162;-0.399211;0;-1.65415e-05;-0.117881;0.00883774;-0.000654477
-0.0200977;-0.399495;0;-1.33526e-05;-0.0942633;0.00706759;-0.000523389
-0.0150761;-0.399716;0;-1.0164e-05;-0.0706475;0.0052976;-0.000392313
-0.010052;-0.399874;0;-6.97612e-06;-0.0470377;0.00352806;-0.000261269
-0.00502642;-0.399968;0;-3.78959e-06;-0.0234375;0.00175923;-0.000130279
-7.34788e-17;-0.4;0;-6.04856e-07;0.000149407;-8.59414e-06;6.36437e-07
0.00502642;-0.399968;0;2.5549e-06;0.0235512;-0.00176255;0.000130525
0.010052;-0.399874;0;5.72742e-06;0.0470472;-0.00352358;0.000260938
0.0150761;-0.399716;0;8.90258e-06;0.0705628;-0.00528607;0.000391459
0.0200977;-0.399495;0;1.20799e-05;0.0940943;-0.00704976;0.000522068
0.0251162;-0.399211;0;1.52588e-05;0.117638;-0.00881435;0.000652745
0.0301307;-0.398864;0;1.84389e-05;0.14119;-0.0105796;0.000783468
0.0351405;-0.398453;0;2.16196e-05;0.164747;-0.0123452;0.000914217
0.0401447;-0.39798;0;2.48005e-05;0.188304;-0.0141108;0.00104497
0.0451426;-0.397445;0;2.79809e-05;0.211859;-0.0158763;0.00117571
0.0501333;-0.396846;0;3.11605e-05;0.235408;-0.0176412;0.00130642
0.0551161;-0.396185;0;3.43232e-05;0.258842;-0.0193968;0.00143643
0.0600902;-0.395461;0;3.74968e-05;0.282359;-0.0211586;0.00156689
0.0650549;-0.394674;0;4.0587e-05;0.305274;-0.022874;0.00169393
0.0700092;-0.393826;0;4.37264e-05;0.328555;-0.0246166;0.00182298
0.0749525;-0.392915;0;4.6866e-05;0.351838;-0.0263595;0.00195204
0.079884;-0.391942;0;5.00055e-05;0.37512;-0.0281022;0.0020811
0.0848028;-0.390907;0;5.30764e-05;0.397893;-0.0298068;0.00220734
0.0897083;-0.389811;0;5.61717e-05;0.420845;-0.031525;0.00233457
0.0945996;-0.388653;0;5.92678e-05;0.443804;-0.0332436;0.00246184
0.099476;-0.387433;0;6.23642e-05;0.466765;-0.0349623;0.00258913
0.104337;-0.386153;0;6.54604e-05;0.489725;-0.036681;0.0027164
0.109181;-0.384811;0;6.85561e-05;0.51268;-0.0383994;0.00284366
0.114008;-0.383409;0;7.16506e-05;0.535627;-0.0401171;0.00297086
0.118817;-0.381946;0;7.46064e-05;0.557578;-0.0417579;0.00309237
0.123607;-0.380423;0;7.75963e-05;0.579802;-0.0434175;0.00321527
0.128377;-0.378839;0;8.05877e-05;0.602037;-0.0450781;0.00333825
0.133128;-0.377196;0;8.35802e-05;0.62428;-0.0467392;0.00346126
0.137857;-0.375494;0;8.65734e-05;0.646527;-0.0484007;0.0035843
0.142565;-0.373732;0;8.95667e-05;0.668776;-0.0500623;0.00370735
0.14725;-0.371911;0;9.25597e-05;0.691023;-0.0517237;0.00383039
0.151912;-0.370031;0;9.55519e-05;0.713263;-0.0533847;0.00395339
0.156549;-0.368093;0;9.85428e-05;0.735495;-0.0550449;0.00407634
0.161163;-0.366096;0;0.000101532;0.757713;-0.0567042;0.00419922
0.16575;-0.364042;0;0.000104519;0.779915;-0.0583623;0.00432201
0.170312;-0.361931;0;0.000107453;0.801727;-0.0599911;0.00444263
0.174846;-0.359762;0;0.000110305;0.822948;-0.0615742;0.00455987
0.179353;-0.357537;0;0.000113073;0.843586;-0.0631103;0.00467362
0.183832;-0.355255;0;0.000115841;0.864237;-0.0646473;0.00478744
0.188282;-0.352916;0;0.000118612;0.884899;-0.0661852;0.00490133
0.192701;-0.350523;0;0.000121383;0.905567;-0.0677235;0.00501525
0.197091;-0.348074;0;0.000124155;0.92624;-0.0692622;0.00512919
0.201449;-0.345569;0;0.000126927;0.946913;-0.0708008;0.00524314
0.205776;-0.343011;0;0.000129698;0.967584;-0.0723393;0.00535707
0.21007;-0.340398;0;0.000132469;0.988248;-0.0738774;0.00547097
0.214331;-0.337731;0;0.000135239;1.0089;-0.0754147;0.00558482
0.218558;-0.335011;0;0.000138006;1.02955;-0.0769512;0.0056986
0.22275;-0.332238;0;0.000140772;1.05017;-0.0784864;0.00581229
0.226908;-0.329413;0;0.000143424;1.06997;-0.0799582;0.00592129
0.231029;-0.326536;0;0.000145895;1.08848;-0.0813299;0.00602287
0.235114;-0.323607;0;0.000148368;1.107;-0.0827027;0.00612453
0.239162;-0.320627;0;0.000150843;1.12554;-0.0840764;0.00622626
0.243172;-0.317596;0;0.000153319;1.14408;-0.0854509;0.00632804
0.247144;-0.314515;0;0.000155795;1.16263;-0.0868258;0.00642986
0.251077;-0.311385;0;0.000158273;1.18119;-0.088201;0.0065317
0.25497;-0.308205;0;0.00016075;1.19974;-0.0895762;0.00663354
0.258822;-0.304977;0;0.000163227;1.2183;-0.0909513;0.00673537
0.262634;-0.301701;0;0.000165704;1.23684;-0.0923259;0.00683717
0.266405;-0.298376;0;0.000168179;1.25538;-0.0937;0.00693893
0.270133;-0.295005;0;0.000170653;1.27391;-0.0950732;0.00704062
0.273819;-0.291587;0;0.000173125;1.29243;-0.0964454;0.00714224
0.277461;-0.288124;0;0.000175551;1.3106;-0.0977921;0.00724197
0.28106;-0.284614;0;0.000177731;1.32698;-0.0990023;0.00733159
0.284614;-0.28106;0;0.000179859;1.34299;-0.100184;0.00741908
0.288124;-0.277461;0;0.000181989;1.35901;-0.101366;0.00750662
0.291587;-0.273819;0;0.000184119;1.37504;-0.102548;0.00759419
0.295005;-0.270133;0;0.000186249;1.39107;-0.103731;0.00768178
0.298376;-0.266405;0;0.00018838;1.4071;-0.104914;0.00776937
0.301701;-0.262634;0;0.000190511;1.42313;-0.106096;0.00785695
0.304977;-0.258822;0;0.00019264;1.43915;-0.107279;0.00794451
0.308205;-0.25497;0;0.000194769;1.45517;-0.108461;0.00803203
0.311385;-0.251077;0;0.000196897;1.47117;-0.109642;0.0081195
0.314515;-0.247144;0;0.000199023;1.48717;-0.110822;0.0082069
0.317596;-0.243172;0;0.000201078;1.50263;-0.111963;0.00829136
0.320627;-0.239162;0;0.000202797;1.51562;-0.112917;0.00836205
0.323607;-0.235114;0;0.000204518;1.52862;-0.113872;0.00843279
0.326536;-0.231029;0;0.00020624;1.54164;-0.114828;0.00850359
0.329413;-0.226908;0;0.000207963;1.55465;-0.115785;0.00857442
0.332238;-0.22275;0;0.000209687;1.56767;-0.116742;0.00864527
0.335011;-0.218558;0;0.000211411;1.5807;-0.117699;0.00871614
0.337731;-0.214331;0;0.000213135;1.59372;-0.118656;0.00878701
0.340398;-0.21007;0;0.000214859;1.60675;-0.119613;0.00885788
0.343011;-0.205776;0;0.000216582;1.61977;-0.120569;0.00892872
0.345569;-0.201449;0;0.000218305;1.63278;-0.121525;0.00899954
0.348074;-0.197091;0;0.000220026;1.64579;-0.122481;0.00907031
0.350523;-0.192701;0;0.000221746;1.65879;-0.123436;0.00914103
0.352916;-0.188282;0;0.000223465;1.67177;-0.12439;0.00921168
0.355255;-0.183832;0;0.000224962;1.6831;-0.125221;0.00927322
0.357537;-0.179353;0;0.00022624;1.69279;-0.125931;0.00932575
0.359762;-0.174846;0;0.000227518;1.70248;-0.12664;0.00937831
0.361931;-0.170312;0;0.000228741;1.71176;-0.127319;0.00942856
0.364042;-0.16575;0;0.000229955;1.72096;-0.127993;0.00947845
0.366096;-0.161163;0;0.000231169;1.73018;-0.128667;0.00952837
0.368093;-0.156549;0;0.000232383;1.73939;-0.129341;0.00957829
0.370031;-0.151912;0;0.000233597;1.7486;-0.130015;0.0096282
0.371911;-0.14725;0;0.000234811;1.75781;-0.130689;0.00967811
0.373732;-0.142565;0;0.000236025;1.76702;-0.131362;0.009728
0.375494;-0.137857;0;0.000237238;1.77622;-0.132036;0.00977786
0.377196;-0.133128;0;0.00023845;1.78542;-0.132708;0.00982769
0.378839;-0.128377;0;0.000239656;1.79457;-0.133378;0.00987726
0.380423;-0.123607;0;0.000240742;1.80281;-0.133981;0.00992192
0.381946;-0.118817;0;0.000241527;1.80879;-0.134416;0.00995418
0.383409;-0.114008;0;0.000242312;1.81476;-0.134852;0.00998645
0.384811;-0.109181;0;0.000243098;1.82074;-0.135288;0.0100187
0.386153;-0.104337;0;0.000243843;1.82642;-0.135702;0.0100494
0.387433;-0.099476;0;0.000244515;1.83154;-0.136075;0.010077
0.388653;-0.0945996;0;0.000245188;1.83666;-0.136448;0.0101047
0.389811;-0.0897083;0;0.00024586;1.84179;-0.136822;0.0101323
0.390907;-0.0848028;0;0.000246533;1.84691;-0.137195;0.0101599
0.391942;-0.079884;0;0.000247205;1.85204;-0.137568;0.0101876
0.392915;-0.0749525;0;0.000247878;1.85716;-0.137941;0.0102152
0.393826;-0.0700092;0;0.000248549;1.86228;-0.138314;0.0102428
0.394674;-0.0650549;0;0.000249221;1.86739;-0.138687;0.0102704
0.395461;-0.0600902;0;0.000249892;1.87251;-0.139059;0.010298
0.396185;-0.0551161;0;0.000250299;1.87561;-0.139285;0.0103147
0.396846;-0.0501333;0;0.000250602;1.87793;-0.139453;0.0103272
0.397445;-0.0451426;0;0.000250906;1.88025;-0.139622;0.0103396
0.39798;-0.0401447;0;0.00025112;1.8819;-0.13974;0.0103484
0.398453;-0.0351405;0;0.00025126;1.88298;-0.139818;0.0103542
0.398864;-0.0301307;0;0.0002514;1.88406;-0.139895;0.0103599
0.399211;-0.0251162;0;0.00025154;1.88514;-0.139973;0.0103657
0.399495;-0.0200977;0;0.00025168;1.88622;-0.14005;0.0103714
0.399716;-0.0150761;0;0.00025182;1.8873;-0.140128;0.0103771
0.399874;-0.010052;0;0.00025196;1.88838;-0.140206;0.0103829
0.399968;-0.00502642;0;0.0002521;1.88947;-0.140283;0.0103886
