0.4;0;0;0.000264289;1.97068;-0.140359;0.0103943
0.399968;0.00502642;0;0.000264139;1.96956;-0.140279;0.0103883
0.399874;0.010052;0;0.000263985;1.96842;-0.140196;0.0103822
0.399716;0.0150761;0;0.000263831;1.96728;-0.140114;0.0103761
0.399495;0.0200977;0;0.000263677;1.96613;-0.140032;0.01037
0.399211;0.0251162;0;0.000263523;1.96499;-0.13995;0.0103639
0.398864;0.0301307;0;0.00026337;1.96385;-0.139867;0.0103578
0.398453;0.0351405;0;0.000263216;1.96271;-0.139785;0.0103518
0.39798;0.0401447;0;0.000263062;1.96157;-0.139703;0.0103457
0.397445;0.0451426;0;0.000262779;1.95945;-0.139552;0.0103345
0.396846;0.0501333;0;0.000262429;1.95682;-0.139365;0.0103206
0.396185;0.0551161;0;0.000262078;1.9542;-0.139178;0.0103068
0.395461;0.0600902;0;0.000261728;1.95157;-0.138991;0.0102929
0.394674;0.0650549;0;0.000261098;1.94679;-0.138655;0.0102681
0.393826;0.0700092;0;0.000260409;1.94156;-0.138289;0.0102409
0.392915;0.0749525;0;0.00025972;1.93633;-0.137921;0.0102137
0.391942;0.079884;0;0.000259031;1.93109;-0.137554;0.0101866
0.390907;0.0848028;0;0.000258341;1.92586;-0.137187;0.0101594
0.389811;0.0897083;0;0.000257651;1.92062;-0.13682;0.0101321
0.388653;0.0945996;0;0.000256962;1.91538;-0.136452;0.0101049
0.387433;0.099476;0;0.000256272;1.91014;-0.136085;0.0100777
0.386153;0.104337;0;0.000255545;1.90462;-0.135698;0.0100491
0.384811;0.109181;0;0.000254696;1.89818;-0.135245;0.0100156
0.383409;0.114008;0;0.000253846;1.89173;-0.134793;0.00998205
0.381946;0.118817;0;0.000252997;1.88529;-0.134341;0.00994855
0.380423;0.123607;0;0.000252148;1.87885;-0.133888;0.00991507
0.378839;0.128377;0;0.000251043;1.87046;-0.1333;0.0098715
0.377196;0.133128;0;0.000249773;1.86081;-0.132623;0.0098214
0.375494;0.137857;0;0.000248507;1.8512;-0.13195;0.00977152
0.373732;0.142565;0;0.000247242;1.84159;-0.131276;0.00972165
0.371911;0.14725;0;0.000245976;1.83198;-0.130603;0.00967174
0.370031;0.151912;0;0.00024471;1.82236;-0.129929;0.00962182
0.368093;0.156549;0;0.000243444;1.81274;-0.129254;0.0095719
0.366096;0.161163;0;0.000242177;1.80312;-0.12858;0.00952197
0.364042;0.16575;0;0.000240911;1.79351;-0.127906;0.00947204
0.361931;0.170312;0;0.000239645;1.78389;-0.127232;0.00942214
0.359762;0.174846;0;0.000238379;1.77428;-0.126558;0.00937225
0.357537;0.179353;0;0.000237114;1.76468;-0.125885;0.0093224
0.355255;0.183832;0;0.000235851;1.75508;-0.125212;0.00927258
0.352916;0.188282;0;0.000234322;1.7435;-0.124399;0.00921231
0.350523;0.192701;0;0.000232532;1.72996;-0.123446;0.00914176
0.348074;0.197091;0;0.000230741;1.71641;-0.122492;0.00907114
0.345569;0.201449;0;0.000228948;1.70285;-0.121538;0.00900047
0.343011;0.205776;0;0.000227154;1.68928;-0.120583;0.00892976
0.340398;0.21007;0;0.00022536;1.6757;-0.119628;0.00885902
0.337731;0.214331;0;0.000223565;1.66212;-0.118672;0.00878826
0.335011;0.218558;0;0.00022177;1.64854;-0.117717;0.00871749
0.332238;0.22275;0;0.000219974;1.63496;-0.116761;0.00864672
0.329413;0.226908;0;0.00021818;1.62139;-0.115806;0.00857597
0.326536;0.231029;0;0.000216386;1.60782;-0.114851;0.00850524
0.323607;0.235114;0;0.00021459;1.59424;-0.113895;0.00843446
0.320627;0.239162;0;0.000212789;1.58061;-0.112936;0.00836348
0.317596;0.243172;0;0.00021099;1.567;-0.111979;0.00829255
0.314515;0.247144;0;0.000208933;1.55149;-0.110883;0.00821144
0.311385;0.251077;0;0.000206719;1.53482;-0.109705;0.00812417
0.308205;0.25497;0;0.000204504;1.51814;-0.108526;0.00803684
0.304977;0.258822;0;0.000202286;1.50145;-0.107345;0.0079494
0.301701;0.262634;0;0.000200065;1.48472;-0.106163;0.00786184
0.298376;0.266405;0;0.000197842;1.46798;-0.104979;0.0077742
0.295005;0.270133;0;0.000195616;1.45123;-0.103794;0.00768645
0.291587;0.273819;0;0.00019339;1.43447;-0.102609;0.0075987
0.288124;0.277461;0;0.000191165;1.41771;-0.101424;0.00751096
0.284614;0.28106;0;0.00018894;1.40096;-0.10024;0.00742326
0.28106;0.284614;0;0.000186716;1.38422;-0.0990564;0.0073356
0.277461;0.288124;0;0.000184458;1.36723;-0.0978542;0.00724657
0.273819;0.291587;0;0.000181884;1.34795;-0.096484;0.0071451
0.270133;0.295005;0;0.000179308;1.32865;-0.0951124;0.00704353
0.266405;0.298376;0;0.00017673;1.30933;-0.0937398;0.00694188
0.262634;0.301701;0;0.00017415;1.29;-0.0923665;0.00684018
0.258822;0.304977;0;0.00017157;1.27066;-0.0909925;0.00673842
0.25497;0.308205;0;0.000168988;1.25132;-0.0896181;0.00663665
0.251077;0.311385;0;0.000166405;1.23197;-0.088243;0.00653481
0.247144;0.314515;0;0.000163822;1.21261;-0.0868677;0.00643296
0.243172;0.317596;0;0.000161236;1.19324;-0.0854912;0.00633103
0.239162;0.320627;0;0.000158652;1.17388;-0.0841153;0.00622914
0.235114;0.323607;0;0.000156069;1.15452;-0.08274;0.00612729
0.231029;0.326536;0;0.000153487;1.13518;-0.0813655;0.0060255
0.226908;0.329413;0;0.000150907;1.11585;-0.0799922;0.0059238
0.22275;0.332238;0;0.000148168;1.09538;-0.078534;0.00581581
0.218558;0.335011;0;0.000145284;1.07387;-0.0769981;0.00570208
0.214331;0.337731;0;0.000142397;1.05233;-0.0754611;0.00558825
0.21007;0.340398;0;0.000139508;1.03079;-0.0739231;0.00547436
0.205776;0.343011;0;0.000136618;1.00923;-0.0723844;0.00536041
0.201449;0.345569;0;0.000133727;0.98767;-0.0708453;0.00524643
0.197091;0.348074;0;0.000130836;0.966105;-0.0693059;0.00513243
0.192701;0.350523;0;0.000127944;0.94454;-0.0677666;0.00501844
0.188282;0.352916;0;0.000125053;0.922979;-0.0662275;0.00490446
0.183832;0.355255;0;0.000122164;0.901425;-0.0646889;0.00479052
0.179353;0.357537;0;0.000119275;0.879881;-0.0631511;0.00467664
0.174846;0.359762;0;0.000116389;0.858351;-0.0616143;0.00456283
0.170312;0.361931;0;0.000113465;0.836565;-0.0600577;0.00444756
0.16575;0.364042;0;0.000110346;0.813384;-0.0583972;0.00432459
0.161163;0.366096;0;0.000107212;0.79009;-0.0567286;0.00420102
0.156549;0.368093;0;0.000104075;0.766772;-0.0550583;0.00407733
0.151912;0.370031;0;0.000100935;0.743434;-0.0533865;0.00395353
0.14725;0.371911;0;9.77931e-05;0.72008;-0.0517137;0.00382964
0.142565;0.373732;0;9.46494e-05;0.696713;-0.0500399;0.00370569
0.137857;0.375494;0;9.15045e-05;0.673338;-0.0483654;0.00358169
0.133128;0.377196;0;8.83589e-05;0.649957;-0.0466906;0.00345766
0.128377;0.378839;0;8.52132e-05;0.626575;-0.0450158;0.00333363
0.123607;0.380423;0;8.20677e-05;0.603196;-0.043341;0.00320961
0.118817;0.381946;0;7.89994e-05;0.580415;-0.0417074;0.00308863
0.114008;0.383409;0;7.57788e-05;0.556534;-0.0399927;0.00296165
0.109181;0.384811;0;7.25569e-05;0.532642;-0.0382773;0.00283462
0.104337;0.386153;0;6.9334e-05;0.508743;-0.0365614;0.00270755
0.099476;0.387433;0;6.61108e-05;0.484842;-0.0348454;0.00258046
0.0945996;0.388653;0;6.28877e-05;0.460942;-0.0331293;0.00245338
0.0897083;0.389811;0;5.96652e-05;0.437046;-0.0314136;0.00232633
0.0848028;0.390907;0;5.64438e-05;0.413159;-0.0296985;0.00219932
0.079884;0.391942;0;5.32241e-05;0.389284;-0.0279843;0.00207237
0.0749525;0.392915;0;5.00066e-05;0.365425;-0.0262713;0.00194551
0.0700092;0.393826;0;4.67917e-05;0.341585;-0.0245596;0.00181876
0.0650549;0.394674;0;4.358e-05;0.31777;-0.0228497;0.00169213
0.0600902;0.395461;0;4.03719e-05;0.293981;-0.0211417;0.00156564
0.0551161;0.396185;0;3.71681e-05;0.270223;-0.0194359;0.00143932
0.0501333;0.396846;0;3.38716e-05;0.245808;-0.0176808;0.00130935
0.0451426;0.397445;0;3.05578e-05;0.221271;-0.0159164;0.00117869
0.0401447;0.39798;0;2.72402e-05;0.196705;-0.0141501;0.00104788
0.0351405;0.398453;0;2.39194e-05;0.172115;-0.012382;0.000916944
0.0301307;0.398864;0;2.05958e-05;0.147505;-0.0106124;0.0007859
0.0251162;0.399211;0;1.727e-05;0.122879;-0.00884168;0.000654768
0.0200977;0.399495;0;1.39425e-05;0.0982398;-0.00707004;0.00052357
0.0150761;0.399716;0;1.06138e-05;0.0735922;-0.00529779;0.000392326
0.010052;0.399874;0;7.28455e-06;0.0489399;-0.00352519;0.000261057
0.00502642;0.399968;0;3.95514e-06;0.0242867;-0.00175254;0.000129784
2.44929e-17;0.4;0;6.26146e-07;-0.000363339;1.98971e-05;-1.47348e-06
-0.00502642;0.399968;0;-2.70191e-06;-0.0250065;0.00179183;-0.000132694
-0.010052;0.399874;0;-6.0285e-06;-0.0496388;0.00356299;-0.000263856
-0.0150761;0.399716;0;-9.3531e-06;-0.0742563;0.00533308;-0.00039494
-0.0200977;0.399495;0;-1.26752e-05;-0.0988552;0.00710184;-0.000525925
-0.0251162;0.399211;0;-1.59942e-05;-0.123432;0.00886897;-0.00065679
-0.0301307;0.398864;0;-1.93097e-05;-0.147982;0.0106342;-0.000787514
-0.0351405;0.398453;0;-2.25932e-05;-0.172301;0.0123824;-0.000916979
-0.0401447;0.39798;0;-2.58625e-05;-0.196528;0.0141232;-0.00104589
-0.0451426;0.397445;0;-2.91324e-05;-0.220759;0.0158641;-0.00117481
-0.0501333;0.396846;0;-3.24049e-05;-0.24501;0.0176065;-0.00130384
-0.0551161;0.396185;0;-3.56796e-05;-0.269276;0.01935;-0.00143296
-0.0600902;0.395461;0;-3.89558e-05;-0.293555;0.0210943;-0.00156214
-0.0650549;0.394674;0;-4.22331e-05;-0.317841;0.0228392;-0.00169135
-0.0700092;0.393826;0;-4.55109e-05;-0.342131;0.0245844;-0.00182059
-0.0749525;0.392915;0;-4.87888e-05;-0.366422;0.0263297;-0.00194984
-0.079884;0.391942;0;-5.20663e-05;-0.390709;0.0280746;-0.00207906
-0.0848028;0.390907;0;-5.53427e-05;-0.414989;0.0298191;-0.00220825
-0.0897083;0.389811;0;-5.86176e-05;-0.439257;0.0315627;-0.00233737
-0.0945996;0.388653;0;-6.18905e-05;-0.463511;0.0333053;-0.00246642
-0.099476;0.387433;0;-6.51608e-05;-0.487746;0.0350465;-0.00259536
-0.104337;0.386153;0;-6.83859e-05;-0.51166;0.0367636;-0.00272252
-0.109181;0.384811;0;-7.15304e-05;-0.535013;0.0384379;-0.00284651
-0.114008;0.383409;0;-7.465e-05;-0.558192;0.0400989;-0.00296951
-0.118817;0.381946;0;-7.7772e-05;-0.581389;0.0417611;-0.00309261
-0.123607;0.380423;0;-8.0896e-05;-0.6046;0.0434244;-0.00321578
-0.128377;0.378839;0;-8.40214e-05;-0.627822;0.0450885;-0.00333901
-0.133128;0.377196;0;-8.71477e-05;-0.651051;0.046753;-0.00346228
-0.137857;0.375494;0;-9.02744e-05;-0.674283;0.0484178;-0.00358557
-0.142565;0.373732;0;-9.34012e-05;-0.697515;0.0500825;-0.00370885
-0.14725;0.371911;0;-9.65273e-05;-0.720742;0.051747;-0.00383211
-0.151912;0.370031;0;-9.96393e-05;-0.743865;0.0534039;-0.00395481
-0.156549;0.368093;0;-0.000102753;-0.766995;0.0550614;-0.00407756
-0.161163;0.366096;0;-0.000105864;-0.790113;0.0567181;-0.00420024
-0.16575;0.364042;0;-0.000108973;-0.813215;0.0583736;-0.00432284
-0.170312;0.361931;0;-0.00011208;-0.836297;0.0600277;-0.00444534
-0.174846;0.359762;0;-0.000115068;-0.85852;0.0616183;-0.00456313
-0.179353;0.357537;0;-0.000117937;-0.879916;0.0631459;-0.00467625
-0.183832;0.355255;0;-0.000120808;-0.901328;0.0646746;-0.00478947
-0.188282;0.352916;0;-0.000123681;-0.922753;0.0662043;-0.00490274
-0.192701;0.350523;0;-0.000126556;-0.944188;0.0677347;-0.00501608
-0.197091;0.348074;0;-0.000129431;-0.965628;0.0692655;-0.00512944
-0.201449;0.345569;0;-0.000132306;-0.987072;0.0707965;-0.00524281
-0.205776;0.343011;0;-0.000135182;-1.00851;0.0723274;-0.00535619
-0.21007;0.340398;0;-0.000138056;-1.02995;0.0738581;-0.00546954
-0.214331;0.337731;0;-0.00014093;-1.05138;0.0753882;-0.00558285
-0.218558;0.335011;0;-0.000143803;-1.0728;0.0769175;-0.00569611
-0.22275;0.332238;0;-0.000146637;-1.09395;0.0784266;-0.00580786
-0.226908;0.329413;0;-0.000149431;-1.1148;0.0799138;-0.00591799
-0.231029;0.326536;0;-0.000151975;-1.13386;0.0812685;-0.00601832
-0.235114;0.323607;0;-0.000154555;-1.15318;0.082642;-0.00612004
-0.239162;0.320627;0;-0.000157136;-1.17251;0.0840164;-0.00622182
-0.243172;0.317596;0;-0.000159719;-1.19185;0.0853915;-0.00632365
-0.247144;0.314515;0;-0.000162302;-1.2112;0.0867671;-0.00642552
-0.251077;0.311385;0;-0.000164886;-1.23056;0.0881429;-0.0065274
-0.25497;0.308205;0;-0.000167471;-1.24991;0.0895188;-0.00662929
-0.258822;0.304977;0;-0.000170054;-1.26926;0.0908945;-0.00673117
-0.262634;0.301701;0;-0.000172637;-1.28861;0.0922698;-0.00683302
-0.266405;0.298376;0;-0.000175219;-1.30794;0.0936446;-0.00693483
-0.270133;0.295005;0;-0.0001778;-1.32727;0.0950184;-0.00703657
-0.273819;0.291587;0;-0.000180378;-1.34658;0.0963913;-0.00713823
-0.277461;0.288124;0;-0.000182799;-1.36473;0.0976803;-0.00723369
-0.28106;0.284614;0;-0.000185105;-1.38203;0.0989075;-0.00732457
-0.284614;0.28106;0;-0.000187342;-1.39887;0.100099;-0.0074128
-0.288124;0.277461;0;-0.000189581;-1.41571;0.101291;-0.00750106
-0.291587;0.273819;0;-0.00019182;-1.43255;0.102483;-0.00758935
-0.295005;0.270133;0;-0.000194059;-1.4494;0.103675;-0.00767765
-0.298376;0.266405;0;-0.000196299;-1.46625;0.104868;-0.00776595
-0.301701;0.262634;0;-0.000198538;-1.48309;0.10606;-0.00785423
-0.304977;0.258822;0;-0.000200776;-1.49993;0.107251;-0.00794248
-0.308205;0.25497;0;-0.000203013;-1.51676;0.108443;-0.00803068
-0.311385;0.251077;0;-0.000205249;-1.53358;0.109633;-0.00811883
-0.314515;0.247144;0;-0.000207482;-1.55039;0.110822;-0.00820691
-0.317596;0.243172;0;-0.000209567;-1.56608;0.111932;-0.00828912
-0.320627;0.239162;0;-0.000211372;-1.57972;0.112893;-0.00836027
-0.323607;0.235114;0;-0.000213178;-1.59337;0.113855;-0.00843148
-0.326536;0.231029;0;-0.000214985;-1.60702;0.114817;-0.00850273
-0.329413;0.226908;0;-0.000216793;-1.62068;0.115779;-0.00857402
-0.332238;0.22275;0;-0.000218602;-1.63435;0.116742;-0.00864533
-0.335011;0.218558;0;-0.00022041;-1.64802;0.117705;-0.00871664
-0.337731;0.214331;0;-0.000222191;-1.66147;0.118653;-0.00878685
-0.340398;0.21007;0;-0.000223973;-1.67493;0.119602;-0.0088571
-0.343011;0.205776;0;-0.000225754;-1.68839;0.12055;-0.00892733
-0.345569;0.201449;0;-0.000227534;-1.70185;0.121498;-0.00899753
-0.348074;0.197091;0;-0.000229314;-1.7153;0.122446;-0.0090677
-0.350523;0.192701;0;-0.000231093;-1.72874;0.123393;-0.00913782
-0.352916;0.188282;0;-0.00023287;-1.74217;0.124339;-0.00920789
-0.355255;0.183832;0;-0.000234474;-1.7543;0.125193;-0.00927114
-0.357537;0.179353;0;-0.000235799;-1.76436;0.125899;-0.0093234
-0.359762;0.174846;0;-0.00023713;-1.77445;0.126607;-0.00937587
-0.361931;0.170312;0;-0.000238461;-1.78455;0.127316;-0.00942835
-0.364042;0.16575;0;-0.000239792;-1.79464;0.128025;-0.00948083
-0.366096;0.161163;0;-0.000241123;-1.80474;0.128733;-0.00953332
-0.368093;0.156549;0;-0.000242454;-1.81483;0.129442;-0.00958579
-0.370031;0.151912;0;-0.000243785;-1.82493;0.13015;-0.00963825
-0.371911;0.14725;0;-0.000245114;-1.83501;0.130858;-0.00969067
-0.373732;0.142565;0;-0.000246443;-1.84509;0.131566;-0.00974307
-0.375494;0.137857;0;-0.000247771;-1.85516;0.132273;-0.00979542
-0.377196;0.133128;0;-0.000249059;-1.86494;0.132958;-0.00984621
-0.378839;0.128377;0;-0.000249957;-1.87176;0.133437;-0.00988161
-0.380423;0.123607;0;-0.000250787;-1.87808;0.133879;-0.00991436
-0.381946;0.118817;0;-0.000251618;-1.8844;0.134321;-0.00994712
-0.383409;0.114008;0;-0.00025245;-1.89072;0.134764;-0.00997991
-0.384811;0.109181;0;-0.000253281;-1.89705;0.135207;-0.0100127
-0.386153;0.104337;0;-0.000254113;-1.90338;0.13565;-0.0100455
-0.387433;0.099476;0;-0.000254945;-1.9097;0.136093;-0.0100783
-0.388653;0.0945996;0;-0.000255777;-1.91603;0.136536;-0.0101111
-0.389811;0.0897083;0;-0.000256609;-1.92235;0.136978;-0.0101439
-0.390907;0.0848028;0;-0.00025744;-1.92868;0.137421;-0.0101767
-0.391942;0.079884;0;-0.000258271;-1.935;0.137863;-0.0102094
-0.392915;0.0749525;0;-0.000259101;-1.94131;0.138305;-0.0102422
-0.393826;0.0700092;0;-0.00025993;-1.94762;0.138747;-0.0102749
-0.394674;0.0650549;0;-0.000260752;-1.95387;0.139184;-0.0103073
-0.395461;0.0600902;0;-0.000261078;-1.95635;0.139358;-0.0103201
-0.396185;0.0551161;0;-0.000261353;-1.95844;0.139504;-0.0103309
-0.396846;0.0501333;0;-0.000261627;-1.96053;0.13965;-0.0103418
-0.397445;0.0451426;0;-0.000261902;-1.96262;0.139797;-0.0103526
-0.39798;0.0401447;0;-0.000262176;-1.96471;0.139943;-0.0103634
-0.398453;0.0351405;0;-0.000262444;-1.96675;0.140085;-0.010374
-0.398864;0.0301307;0;-0.000262704;-1.96873;0.140223;-0.0103842
-0.399211;0.0251162;0;-0.000262961;-1.97069;0.140361;-0.0103944
-0.399495;0.0200977;0;-0.000263218;-1.97265;0.140497;-0.0104045
-0.399716;0.0150761;0;-0.000263475;-1.97461;0.140634;-0.0104146
-0.399874;0.010052;0;-0.000263732;-1.97656;0.140771;-0.0104248
-0.399968;0.00502642;0;-0.000263988;-1.97852;0.140907;-0.0104349
-0.4;4.89859e-17;0;-0.000264244;-1.98047;0.141043;-0.0104449
-0.399968;-0.00502642;0;-0.000264066;-1.97911;0.140949;-0.0104379
-0.399874;-0.010052;0;-0.000263797;-1.97706;0.140805;-0.0104273
-0.399716;-0.0150761;0;-0.000263527;-1.975;0.140662;-0.0104167
-0.399495;-0.0200977;0;-0.000263256;-1.97294;0.140518;-0.010406
-0.399211;-0.0251162;0;-0.000262985;-1.97087;0.140373;-0.0103953
-0.398864;-0.0301307;0;-0.000262714;-1.9688;0.140229;-0.0103846
-0.398453;-0.0351405;0;-0.000262443;-1.96674;0.140085;-0.0103739
-0.39798;-0.0401447;0;-0.000262172;-1.96467;0.13994;-0.0103632
-0.397445;-0.0451426;0;-0.0002619;-1.9626;0.139796;-0.0103525
-0.396846;-0.0501333;0;-0.000261628;-1.96053;0.139651;-0.0103418
-0.396185;-0.0551161;0;-0.000261357;-1.95845;0.139506;-0.0103311
-0.395461;-0.0600902;0;-0.000261085;-1.95638;0.139362;-0.0103204
-0.394674;-0.0650549;0;-0.000260812;-1.9543;0.139217;-0.0103097
-0.393826;-0.0700092;0;-0.000260011;-1.9482;0.13879;-0.010278
-0.392915;-0.0749525;0;-0.000259189;-1.94195;0.138352;-0.0102456
-0.391942;-0.079884;0;-0.000258366;-1.93569;0.137914;-0.0102132
-0.390907;-0.0848028;0;-0.000257542;-1.92943;0.137476;-0.0101807
-0.389811;-0.0897083;0;-0.000256718;-1.92316;0.137037;-0.0101482
-0.388653;-0.0945996;0;-0.000255894;-1.91689;0.136598;-0.0101157
-0.387433;-0.099476;0;-0.000255069;-1.91061;0.136159;-0.0100832
-0.386153;-0.104337;0;-0.000254245;-1.90434;0.13572;-0.0100507
-0.384811;-0.109181;0;-0.00025342;-1.89806;0.135281;-0.0100182
-0.383409;-0.114008;0;-0.000252595;-1.89179;0.134842;-0.00998567
-0.381946;-0.118817;0;-0.000251771;-1.88552;0.134403;-0.00995316
-0.380423;-0.123607;0;-0.000250947;-1.87925;0.133964;-0.00992068
-0.378839;-0.128377;0;-0.000250082;-1.87267;0.133504;-0.00988658
-0.377196;-0.133128;0;-0.000248852;-1.86333;0.132849;-0.00983807
-0.375494;-0.137857;0;-0.00024762;-1.85399;0.132193;-0.00978952
-0.373732;-0.142565;0;-0.000246388;-1.84464;0.131537;-0.00974095
-0.371911;-0.14725;0;-0.000245035;-1.83437;0.130816;-0.00968758
-0.370031;-0.151912;0;-0.000243665;-1.82398;0.130087;-0.00963355
-0.368093;-0.156549;0;-0.000242293;-1.81357;0.129357;-0.00957948
-0.366096;-0.161163;0;-0.000240922;-1.80317;0.128626;-0.00952539
-0.364042;-0.16575;0;-0.00023955;-1.79276;0.127896;-0.00947129
-0.361931;-0.170312;0;-0.000238178;-1.78235;0.127165;-0.00941719
-0.359762;-0.174846;0;-0.000236806;-1.77195;0.126435;-0.00936309
-0.357537;-0.179353;0;-0.000235434;-1.76154;0.125704;-0.009309
-0.355255;-0.183832;0;-0.000233896;-1.7499;0.124886;-0.00924838
-0.352916;-0.188282;0;-0.000232323;-1.73799;0.124048;-0.00918634
-0.350523;-0.192701;0;-0.000230678;-1.72555;0.123172;-0.0091215
-0.348074;-0.197091;0;-0.000228937;-1.71239;0.122245;-0.00905286
-0.345569;-0.201449;0;-0.000227196;-1.69922;0.121318;-0.00898419
-0.343011;-0.205776;0;-0.000225453;-1.68605;0.12039;-0.00891549
-0.340398;-0.21007;0;-0.00022371;-1.67288;0.119463;-0.00884678
-0.337731;-0.214331;0;-0.000221968;-1.65971;0.118535;-0.00877807
-0.335011;-0.218558;0;-0.000220225;-1.64654;0.117607;-0.00870937
-0.332238;-0.22275;0;-0.000218483;-1.63337;0.11668;-0.00864069
-0.329413;-0.226908;0;-0.000216742;-1.62021;0.115753;-0.00857204
-0.326536;-0.231029;0;-0.000214945;-1.60663;0.114796;-0.00850118
-0.323607;-0.235114;0;-0.000213123;-1.59286;0.113826;-0.00842934
-0.320627;-0.239162;0;-0.000211302;-1.5791;0.112856;-0.00835754
-0.317596;-0.243172;0;-0.000209477;-1.56532;0.111885;-0.00828558
-0.314515;-0.247144;0;-0.000207372;-1.54947;0.110764;-0.00820259
-0.311385;-0.251077;0;-0.000205133;-1.53263;0.109572;-0.00811434
-0.308205;-0.25497;0;-0.000202893;-1.51578;0.108379;-0.00802601
-0.304977;-0.258822;0;-0.000200652;-1.49891;0.107186;-0.00793763
-0.301701;-0.262634;0;-0.000198409;-1.48203;0.105992;-0.0078492
-0.298376;-0.266405;0;-0.000196165;-1.46515;0.104797;-0.00776074
-0.295005;-0.270133;0;-0.000193921;-1.44827;0.103602;-0.00767226
-0.291587;-0.273819;0;-0.000191677;-1.43138;0.102408;-0.00758378
-0.288124;-0.277461;0;-0.000189433;-1.4145;0.101213;-0.0074953
-0.284614;-0.28106;0;-0.00018719;-1.39762;0.100019;-0.00740686
-0.28106;-0.284614;0;-0.000184948;-1.38075;0.0988248;-0.00731845
-0.277461;-0.288124;0;-0.000182605;-1.36318;0.0975776;-0.00722609
-0.273819;-0.291587;0;-0.00018021;-1.34522;0.0963027;-0.00713168
-0.270133;-0.295005;0;-0.000177702;-1.32643;0.0949673;-0.00703278
-0.266405;-0.298376;0;-0.000175136;-1.30721;0.0936012;-0.00693161
-0.262634;-0.301701;0;-0.000172569;-1.28798;0.0922344;-0.00683039
-0.258822;-0.304977;0;-0.000170001;-1.26874;0.0908671;-0.00672914
-0.25497;-0.308205;0;-0.000167433;-1.2495;0.0894996;-0.00662787
-0.251077;-0.311385;0;-0.000164864;-1.23026;0.088132;-0.0065266
-0.247144;-0.314515;0;-0.000162296;-1.21102;0.0867647;-0.00642534
-0.243172;-0.317596;0;-0.000159729;-1.19179;0.0853977;-0.00632411
-0.239162;-0.320627;0;-0.000157162;-1.17256;0.0840314;-0.00622292
-0.235114;-0.323607;0;-0.000154597;-1.15335;0.0826658;-0.0061218
-0.231029;-0.326536;0;-0.000152035;-1.13415;0.0813013;-0.00602075
-0.226908;-0.329413;0;-0.000149409;-1.11451;0.0799031;-0.00591721
-0.22275;-0.332238;0;-0.000146617;-1.09367;0.0784172;-0.00580717
-0.218558;-0.335011;0;-0.00014377;-1.07243;0.0769012;-0.0056949
-0.214331;-0.337731;0;-0.000140895;-1.05099;0.0753704;-0.00558154
-0.21007;-0.340398;0;-0.000138018;-1.02954;0.073839;-0.00546813
-0.205776;-0.343011;0;-0.000135141;-1.00808;0.0723069;-0.00535467
-0.201449;-0.345569;0;-0.000132263;-0.986613;0.0707746;-0.0052412
-0.197091;-0.348074;0;-0.000129385;-0.965147;0.0692422;-0.00512772
-0.192701;-0.350523;0;-0.000126507;-0.943683;0.06771;-0.00501425
-0.188282;-0.352916;0;-0.00012363;-0.922226;0.0661783;-0.00490082
-0.183832;-0.355255;0;-0.000120754;-0.900778;0.0646472;-0.00478743
-0.179353;-0.357537;0;-0.00011788;-0.879343;0.063117;-0.00467411
-0.174846;-0.359762;0;-0.000115009;-0.857924;0.061588;-0.00456088
-0.170312;-0.361931;0;-0.000112031;-0.835775;0.0600028;-0.0044435
-0.16575;-0.364042;0;-0.000108956;-0.81292;0.0583655;-0.00432224
-0.161163;-0.366096;0;-0.000105849;-0.789834;0.0567114;-0.00419975
-0.156549;-0.368093;0;-0.00010274;-0.766732;0.0550562;-0.00407718
-0.151912;-0.370031;0;-9.96301e-05;-0.743619;0.0534002;-0.00395454
-0.14725;-0.371911;0;-9.65188e-05;-0.720498;0.0517437;-0.00383187
-0.142565;-0.373732;0;-9.34069e-05;-0.697373;0.0500869;-0.00370917
-0.137857;-0.375494;0;-9.02951e-05;-0.674248;0.0484301;-0.00358648
-0.133128;-0.377196;0;-8.71836e-05;-0.651126;0.0467735;-0.0034638
-0.128377;-0.378839;0;-8.40731e-05;-0.628011;0.0451174;-0.00334116
-0.123607;-0.380423;0;-8.09641e-05;-0.604907;0.0434621;-0.00321857
-0.118817;-0.381946;0;-7.78569e-05;-0.581817;0.0418077;-0.00309606
-0.114008;-0.383409;0;-7.47522e-05;-0.558745;0.0401547;-0.00297365
-0.109181;-0.384811;0;-7.16535e-05;-0.53572;0.0385049;-0.00285147
-0.104337;-0.386153;0;-6.84073e-05;-0.511654;0.0367765;-0.00272348
-0.099476;-0.387433;0;-6.51539e-05;-0.487537;0.0350444;-0.0025952
-0.0945996;-0.388653;0;-6.18988e-05;-0.463406;0.0333113;-0.00246686
-0.0897083;-0.389811;0;-5.86424e-05;-0.439265;0.0315775;-0.00233846
-0.0848028;-0.390907;0;-5.53875e-05;-0.415136;0.0298445;-0.00221013
-0.079884;-0.391942;0;-5.21266e-05;-0.390962;0.0281083;-0.00208156
-0.0749525;-0.392915;0;-4.88636e-05;-0.366773;0.026371;-0.0019529
-0.0700092;-0.393826;0;-4.5601e-05;-0.342587;0.024634;-0.00182426
-0.0650549;-0.394674;0;-4.23394e-05;-0.318409;0.0228974;-0.00169566
-0.0600902;-0.395461;0;-3.90794e-05;-0.294241;0.0211617;-0.00156712
-0.0551161;-0.396185;0;-3.58213e-05;-0.270089;0.019427;-0.00143866
-0.0501333;-0.396846;0;-3.2533e-05;-0.245728;0.0176762;-0.00130901
-0.0451426;-0.397445;0;-2.92149e-05;-0.221157;0.0159096;-0.00117818
-0.0401447;-0.39798;0;-2.5895e-05;-0.196573;0.014142;-0.00104728
-0.0351405;-0.398453;0;-2.25737e-05;-0.171979;0.0123737;-0.000916329
-0.0301307;-0.398864;0;-1.9257e-05;-0.147419;0.0106078;-0.000785556
-0.0251162;-0.399211;0;-1.59325e-05;-0.122801;0.00883774;-0.000654477
-0.0200977;-0.399495;0;-1.26078e-05;-0.0981817;0.00706759;-0.000523389
-0.0150761;-0.399716;0;-9.28335e-06;-0.0735646;0.0052976;-0.000392313
-0.010052;-0.399874;0;-5.95978e-06;-0.0489537;0.00352806;-0.000261269
-0.00502642;-0.399968;0;-2.63756e-06;-0.0243527;0.00175923;-0.000130279
-7.34788e-17;-0.4;0;6.82784e-07;0.000234284;-8.59414e-06;6.36437e-07
0.00502642;-0.399968;0;3.97706e-06;0.0246294;-0.00176255;0.000130525
0.010052;-0.399874;0;7.28458e-06;0.0491254;-0.00352358;0.000260938
0.0150761;-0.399716;0;1.05949e-05;0.0736418;-0.00528607;0.000391459
0.0200977;-0.399495;0;1.39074e-05;0.0981746;-0.00704976;0.000522068
0.0251162;-0.399211;0;1.72216e-05;0.12272;-0.00881435;0.000652745
0.0301307;-0.398864;0;2.0537e-05;0.147274;-0.0105796;0.000783468
0.0351405;-0.398453;0;2.3853e-05;0.171834;-0.0123452;0.000914217
0.0401447;-0.39798;0;2.71692e-05;0.196394;-0.0141108;0.00104497
0.0451426;-0.397445;0;3.04851e-05;0.220951;-0.0158763;0.00117571
0.0501333;-0.396846;0;3.38e-05;0.245502;-0.0176412;0.00130642
0.0551161;-0.396185;0;3.70976e-05;0.269914;-0.0193968;0.00143643
0.0600902;-0.395461;0;4.04068e-05;0.29441;-0.0211586;0.00156689
0.0650549;-0.394674;0;4.36287e-05;0.318292;-0.022874;0.00169393
0.0700092;-0.393826;0;4.69018e-05;0.342555;-0.0246166;0.00182298
0.0749525;-0.392915;0;5.01752e-05;0.366821;-0.0263595;0.00195204
0.079884;-0.391942;0;5.34484e-05;0.391085;-0.0281022;0.0020811
0.0848028;-0.390907;0;5.66501e-05;0.414822;-0.0298068;0.00220734
0.0897083;-0.389811;0;5.9877e-05;0.438751;-0.031525;0.00233457
0.0945996;-0.388653;0;6.31049e-05;0.462687;-0.0332436;0.00246184
0.099476;-0.387433;0;6.6333e-05;0.486626;-0.0349623;0.00258913
0.104337;-0.386153;0;6.9561e-05;0.510563;-0.036681;0.0027164
0.109181;-0.384811;0;7.27884e-05;0.534496;-0.0383994;0.00284366
0.114008;-0.383409;0;7.60145e-05;0.55842;-0.0401171;0.00297086
0.118817;-0.381946;0;7.90962e-05;0.581301;-0.0417579;0.00309237
0.123607;-0.380423;0;8.22134e-05;0.604464;-0.0434175;0.00321527
0.128377;-0.378839;0;8.53322e-05;0.627638;-0.0450781;0.00333825
0.133128;-0.377196;0;8.84522e-05;0.650821;-0.0467392;0.00346126
0.137857;-0.375494;0;9.15728e-05;0.674008;-0.0484007;0.0035843
0.142565;-0.373732;0;9.46935e-05;0.697197;-0.0500623;0.00370735
0.14725;-0.371911;0;9.78139e-05;0.720383;-0.0517237;0.00383039
0.151912;-0.370031;0;0.000100934;0.743564;-0.0533847;0.00395339
0.156549;-0.368093;0;0.000104052;0.766734;-0.0550449;0.00407634
0.161163;-0.366096;0;0.000107168;0.789891;-0.0567042;0.00419922
0.16575;-0.364042;0;0.000110282;0.813031;-0.0583623;0.00432201
0.170312;-0.361931;0;0.000113342;0.835773;-0.0599911;0.00444263
0.174846;-0.359762;0;0.000116315;0.857905;-0.0615742;0.00455987
0.179353;-0.357537;0;0.0001192;0.879413;-0.0631103;0.00467362
0.183832;-0.355255;0;0.000122087;0.900936;-0.0646473;0.00478744
0.188282;-0.352916;0;0.000124975;0.92247;-0.0661852;0.00490133
0.192701;-0.350523;0;0.000127864;0.944011;-0.0677235;0.00501525
0.197091;-0.348074;0;0.000130754;0.965556;-0.0692622;0.00512919
0.201449;-0.345569;0;0.000133644;0.987101;-0.0708008;0.00524314
0.205776;-0.343011;0;0.000136533;1.00864;-0.0723393;0.00535707
0.21007;-0.340398;0;0.000139422;1.03018;-0.0738774;0.00547097
0.214331;-0.337731;0;0.000142309;1.05171;-0.0754147;0.00558482
0.218558;-0.335011;0;0.000145195;1.07322;-0.0769512;0.0056986
0.22275;-0.332238;0;0.000148078;1.09472;-0.0784864;0.00581229
0.226908;-0.329413;0;0.000150843;1.11536;-0.0799582;0.00592129
0.231029;-0.326536;0;0.000153419;1.13465;-0.0813299;0.00602287
0.235114;-0.323607;0;0.000155997;1.15395;-0.0827027;0.00612453
0.239162;-0.320627;0;0.000158577;1.17327;-0.0840764;0.00622626
0.243172;-0.317596;0;0.000161158;1.19259;-0.0854509;0.00632804
0.247144;-0.314515;0;0.000163741;1.21193;-0.0868258;0.00642986
0.251077;-0.311385;0;0.000166323;1.23126;-0.088201;0.0065317
0.25497;-0.308205;0;0.000168906;1.2506;-0.0895762;0.00663354
0.258822;-0.304977;0;0.000171489;1.26993;-0.0909513;0.00673537
0.262634;-0.301701;0;0.00017407;1.28926;-0.0923259;0.00683717
0.266405;-0.298376;0;0.000176651;1.30858;-0.0937;0.00693893
0.270133;-0.295005;0;0.00017923;1.32789;-0.0950732;0.00704062
0.273819;-0.291587;0;0.000181807;1.34718;-0.0964454;0.00714224
0.277461;-0.288124;0;0.000184336;1.36612;-0.0977921;0.00724197
0.28106;-0.284614;0;0.000186609;1.3832;-0.0990023;0.00733159
0.284614;-0.28106;0;0.000188828;1.39988;-0.100184;0.00741908
0.288124;-0.277461;0;0.000191048;1.41657;-0.101366;0.00750662
0.291587;-0.273819;0;0.000193268;1.43326;-0.102548;0.00759419
0.295005;-0.270133;0;0.00019549;1.44996;-0.103731;0.00768178
0.298376;-0.266405;0;0.000197711;1.46666;-0.104914;0.00776937
0.301701;-0.262634;0;0.000199932;1.48336;-0.106096;0.00785695
0.304977;-0.258822;0;0.000202152;1.50006;-0.107279;0.00794451
0.308205;-0.25497;0;0.000204372;1.51674;-0.108461;0.00803203
0.311385;-0.251077;0;0.00020659;1.53342;-0.109642;0.0081195
0.314515;-0.247144;0;0.000208807;1.55009;-0.110822;0.0082069
0.317596;-0.243172;0;0.000210948;1.5662;-0.111963;0.00829136
0.320627;-0.239162;0;0.000212741;1.57973;-0.112917;0.00836205
0.323607;-0.235114;0;0.000214535;1.59327;-0.113872;0.00843279
0.326536;-0.231029;0;0.00021633;1.60683;-0.114828;0.00850359
0.329413;-0.226908;0;0.000218126;1.62038;-0.115785;0.00857442
0.332238;-0.22275;0;0.000219923;1.63395;-0.116742;0.00864527
0.335011;-0.218558;0;0.00022172;1.64751;-0.117699;0.00871614
0.337731;-0.214331;0;0.000223517;1.66108;-0.118656;0.00878701
0.340398;-0.21007;0;0.000225314;1.67464;-0.119613;0.00885788
0.343011;-0.205776;0;0.000227111;1.6882;-0.120569;0.00892872
0.345569;-0.201449;0;0.000228906;1.70176;-0.121525;0.00899954
0.348074;-0.197091;0;0.000230701;1.71531;-0.122481;0.00907031
0.350523;-0.192701;0;0.000232494;1.72884;-0.123436;0.00914103
0.352916;-0.188282;0;0.000234286;1.74237;-0.12439;0.00921168
0.355255;-0.183832;0;0.000235846;1.75417;-0.125221;0.00927322
0.357537;-0.179353;0;0.000237178;1.76426;-0.125931;0.00932575
0.359762;-0.174846;0;0.000238511;1.77436;-0.12664;0.00937831
0.361931;-0.170312;0;0.000239785;1.78402;-0.127319;0.00942856
0.364042;-0.16575;0;0.000241051;1.79361;-0.127993;0.00947845
0.366096;-0.161163;0;0.000242316;1.80321;-0.128667;0.00952837
0.368093;-0.156549;0;0.000243582;1.81281;-0.129341;0.00957829
0.370031;-0.151912;0;0.000244848;1.8224;-0.130015;0.0096282
0.371911;-0.14725;0;0.000246114;1.832;-0.130689;0.00967811
0.373732;-0.142565;0;0.000247379;1.84159;-0.131362;0.009728
0.375494;-0.137857;0;0.000248643;1.85117;-0.132036;0.00977786
0.377196;-0.133128;0;0.000249907;1.86075;-0.132708;0.00982769
0.378839;-0.128377;0;0.000251164;1.87028;-0.133378;0.00987726
0.380423;-0.123607;0;0.000252296;1.87886;-0.133981;0.00992192
0.381946;-0.118817;0;0.000253115;1.88509;-0.134416;0.00995418
0.383409;-0.114008;0;0.000253934;1.89133;-0.134852;0.00998645
0.384811;-0.109181;0;0.000254753;1.89757;-0.135288;0.0100187
0.386153;-0.104337;0;0.00025553;1.90349;-0.135702;0.0100494
0.387433;-0.099476;0;0.000256231;1.90883;-0.136075;0.010077
0.388653;-0.0945996;0;0.000256932;1.91418;-0.136448;0.0101047
0.389811;-0.0897083;0;0.000257634;1.91953;-0.136822;0.0101323
0.390907;-0.0848028;0;0.000258335;1.92488;-0.137195;0.0101599
0.391942;-0.079884;0;0.000259036;1.93022;-0.137568;0.0101876
0.392915;-0.0749525;0;0.000259737;1.93557;-0.137941;0.0102152
0.393826;-0.0700092;0;0.000260438;1.94091;-0.138314;0.0102428
0.394674;-0.0650549;0;0.000261138;1.94625;-0.138687;0.0102704
0.395461;-0.0600902;0;0.000261838;1.95159;-0.139059;0.010298
0.396185;-0.0551161;0;0.000262262;1.95484;-0.139285;0.0103147
0.396846;-0.0501333;0;0.000262579;1.95729;-0.139453;0.0103272
0.397445;-0.0451426;0;0.000262896;1.95973;-0.139622;0.0103396
0.39798;-0.0401447;0;0.00026312;1.96147;-0.13974;0.0103484
0.398453;-0.0351405;0;0.000263266;1.96262;-0.139818;0.0103542
0.398864;-0.0301307;0;0.000263413;1.96377;-0.139895;0.0103599
0.399211;-0.0251162;0;0.000263559;1.96493;-0.139973;0.0103657
0.399495;-0.0200977;0;0.000263706;1.96608;-0.14005;0.0103714
0.399716;-0.0150761;0;0.000263852;1.96724;-0.140128;0.0103771
0.399874;-0.010052;0;0.000263999;1.96839;-0.140206;0.0103829
0.399968;-0.00502642;0;0.000264145;1.96955;-0.140283;0.0103886
