0.4;0;0;0.000393911;1.55326;-0.140359;0.0103943
0.399968;0.00502642;0;0.000393744;1.54986;-0.140279;0.0103883
0.399874;0.010052;0;0.000393573;1.54639;-0.140196;0.0103822
0.399716;0.0150761;0;0.000393403;1.54293;-0.140114;0.0103761
0.399495;0.0200977;0;0.000393232;1.53946;-0.140032;0.01037
0.399211;0.0251162;0;0.000393061;1.536;-0.13995;0.0103639
0.398864;0.0301307;0;0.000392891;1.53253;-0.139867;0.0103578
0.398453;0.0351405;0;0.00039272;1.52906;-0.139785;0.0103518
0.39798;0.0401447;0;0.000392549;1.5256;-0.139703;0.0103457
0.397445;0.0451426;0;0.000392273;1.52126;-0.139552;0.0103345
0.396846;0.0501333;0;0.000391939;1.51644;-0.139365;0.0103206
0.396185;0.0551161;0;0.000391606;1.51162;-0.139178;0.0103068
0.395461;0.0600902;0;0.000391273;1.5068;-0.138991;0.0102929
0.394674;0.0650549;0;0.00039071;1.50007;-0.138655;0.0102681
0.393826;0.0700092;0;0.000390097;1.49284;-0.138289;0.0102409
0.392915;0.0749525;0;0.000389484;1.48562;-0.137921;0.0102137
0.391942;0.079884;0;0.00038887;1.47839;-0.137554;0.0101866
0.390907;0.0848028;0;0.000388257;1.47116;-0.137187;0.0101594
0.389811;0.0897083;0;0.000387643;1.46394;-0.13682;0.0101321
0.388653;0.0945996;0;0.000387029;1.45671;-0.136452;0.0101049
0.387433;0.099476;0;0.000386416;1.44949;-0.136085;0.0100777
0.386153;0.104337;0;0.000385779;1.44248;-0.135698;0.0100491
0.384811;0.109181;0;0.000385057;1.43561;-0.135245;0.0100156
0.383409;0.114008;0;0.000384336;1.42874;-0.134793;0.00998205
0.381946;0.118817;0;0.000383614;1.42187;-0.134341;0.00994855
0.380423;0.123607;0;0.000382893;1.41501;-0.133888;0.00991507
0.378839;0.128377;0;0.000381981;1.40762;-0.1333;0.0098715
0.377196;0.133128;0;0.000380943;1.39971;-0.132623;0.0098214
0.375494;0.137857;0;0.000379887;1.39042;-0.13195;0.00977152
0.373732;0.142565;0;0.000378831;1.38111;-0.131276;0.00972165
0.371911;0.14725;0;0.000377774;1.37181;-0.130603;0.00967174
0.370031;0.151912;0;0.000376716;1.3625;-0.129929;0.00962182
0.368093;0.156549;0;0.000375659;1.3532;-0.129254;0.0095719
0.366096;0.161163;0;0.000374602;1.34389;-0.12858;0.00952197
0.364042;0.16575;0;0.000373545;1.3346;-0.127906;0.00947204
0.361931;0.170312;0;0.000372488;1.32531;-0.127232;0.00942214
0.359762;0.174846;0;0.000371432;1.31602;-0.126558;0.00937225
0.357537;0.179353;0;0.000370376;1.30675;-0.125885;0.0093224
0.355255;0.183832;0;0.000369322;1.29748;-0.125212;0.00927258
0.352916;0.188282;0;0.000368069;1.28762;-0.124399;0.00921231
0.350523;0.192701;0;0.000366619;1.27703;-0.123446;0.00914176
0.348074;0.197091;0;0.000365168;1.26643;-0.122492;0.00907114
0.345569;0.201449;0;0.000363715;1.25582;-0.121538;0.00900047
0.343011;0.205776;0;0.000362262;1.24522;-0.120583;0.00892976
0.340398;0.21007;0;0.000360808;1.2346;-0.119628;0.00885902
0.337731;0.214331;0;0.000359354;1.22399;-0.118672;0.00878826
0.335011;0.218558;0;0.0003579;1.21338;-0.117717;0.00871749
0.332238;0.22275;0;0.000356446;1.20277;-0.116761;0.00864672
0.329413;0.226908;0;0.000354992;1.19217;-0.115806;0.00857597
0.326536;0.231029;0;0.000353538;1.18157;-0.114851;0.00850524
0.323607;0.235114;0;0.000352085;1.17102;-0.113895;0.00843446
0.320627;0.239162;0;0.000350628;1.16047;-0.112936;0.00836348
0.317596;0.243172;0;0.000349172;1.14992;-0.111979;0.00829255
0.314515;0.247144;0;0.000347516;1.13836;-0.110883;0.00821144
0.311385;0.251077;0;0.000345738;1.12617;-0.109705;0.00812417
0.308205;0.25497;0;0.00034396;1.11397;-0.108526;0.00803684
0.304977;0.258822;0;0.000342179;1.10176;-0.107345;0.0079494
0.301701;0.262634;0;0.000340396;1.08954;-0.106163;0.00786184
0.298376;0.266405;0;0.000338611;1.07733;-0.104979;0.0077742
0.295005;0.270133;0;0.000336825;1.06513;-0.103794;0.00768645
0.291587;0.273819;0;0.000335039;1.05294;-0.102609;0.0075987
0.288124;0.277461;0;0.000333253;1.04075;-0.101424;0.00751096
0.284614;0.28106;0;0.000331468;1.02857;-0.10024;0.00742326
0.28106;0.284614;0;0.000329684;1.0164;-0.0990564;0.0073356
0.277461;0.288124;0;0.00032787;1.00397;-0.0978542;0.00724657
0.273819;0.291587;0;0.000325807;0.989983;-0.096484;0.0071451
0.270133;0.295005;0;0.000323743;0.975982;-0.0951124;0.00704353
0.266405;0.298376;0;0.000321676;0.961972;-0.0937398;0.00694188
0.262634;0.301701;0;0.000319608;0.947956;-0.0923665;0.00684018
0.258822;0.304977;0;0.00031754;0.933934;-0.0909925;0.00673842
0.25497;0.308205;0;0.000315471;0.919911;-0.0896181;0.00663665
0.251077;0.311385;0;0.000313401;0.905915;-0.088243;0.00653481
0.247144;0.314515;0;0.000311331;0.891923;-0.0868677;0.00643296
0.243172;0.317596;0;0.00030926;0.877919;-0.0854912;0.00633103
0.239162;0.320627;0;0.000307189;0.86392;-0.0841153;0.00622914
0.235114;0.323607;0;0.000305119;0.849928;-0.08274;0.00612729
0.231029;0.326536;0;0.000303051;0.835945;-0.0813655;0.0060255
0.226908;0.329413;0;0.000300984;0.821973;-0.0799922;0.0059238
0.22275;0.332238;0;0.000298789;0.807066;-0.078534;0.00581581
0.218558;0.335011;0;0.000296475;0.791303;-0.0769981;0.00570208
0.214331;0.337731;0;0.00029416;0.775527;-0.0754611;0.00558825
0.21007;0.340398;0;0.000291844;0.759742;-0.0739231;0.00547436
0.205776;0.343011;0;0.000289526;0.74395;-0.0723844;0.00536041
0.201449;0.345569;0;0.000287208;0.728153;-0.0708453;0.00524643
0.197091;0.348074;0;0.000284889;0.712353;-0.0693059;0.00513243
0.192701;0.350523;0;0.000282571;0.696554;-0.0677666;0.00501844
0.188282;0.352916;0;0.000280253;0.680758;-0.0662275;0.00490446
0.183832;0.355255;0;0.000277935;0.664967;-0.0646889;0.00479052
0.179353;0.357537;0;0.000275619;0.649184;-0.0631511;0.00467664
0.174846;0.359762;0;0.000273304;0.633411;-0.0616143;0.00456283
0.170312;0.361931;0;0.000270959;0.617327;-0.0600577;0.00444756
0.16575;0.364042;0;0.000268459;0.600348;-0.0583972;0.00432459
0.161163;0.366096;0;0.000265948;0.583311;-0.0567286;0.00420102
0.156549;0.368093;0;0.000263433;0.566256;-0.0550583;0.00407733
0.151912;0.370031;0;0.000260917;0.549186;-0.0533865;0.00395353
0.14725;0.371911;0;0.000258399;0.532105;-0.0517137;0.00382964
0.142565;0.373732;0;0.00025588;0.515015;-0.0500399;0.00370569
0.137857;0.375494;0;0.00025336;0.497918;-0.0483654;0.00358169
0.133128;0.377196;0;0.000250839;0.480817;-0.0466906;0.00345766
0.128377;0.378839;0;0.000248318;0.463715;-0.0450158;0.00333363
0.123607;0.380423;0;0.000245797;0.446615;-0.043341;0.00320961
0.118817;0.381946;0;0.000243333;0.429626;-0.0417074;0.00308863
0.114008;0.383409;0;0.000240742;0.411435;-0.0399927;0.00296165
0.109181;0.384811;0;0.000238149;0.393235;-0.0382773;0.00283462
0.104337;0.386153;0;0.000235555;0.375031;-0.0365614;0.00270755
0.099476;0.387433;0;0.000232961;0.356824;-0.0348454;0.00258046
0.0945996;0.388653;0;0.000230367;0.338618;-0.0331293;0.00245338
0.0897083;0.389811;0;0.000227774;0.320415;-0.0314136;0.00232633
0.0848028;0.390907;0;0.000225182;0.302219;-0.0296985;0.00219932
0.079884;0.391942;0;0.000222591;0.284032;-0.0279843;0.00207237
0.0749525;0.392915;0;0.000220001;0.265858;-0.0262713;0.00194551
0.0700092;0.393826;0;0.000217414;0.247698;-0.0245596;0.00181876
0.0650549;0.394674;0;0.000214829;0.229556;-0.0228497;0.00169213
0.0600902;0.395461;0;0.000212248;0.211435;-0.0211417;0.00156564
0.0551161;0.396185;0;0.000209669;0.193338;-0.0194359;0.00143932
0.0501333;0.396846;0;0.000207017;0.174755;-0.0176808;0.00130935
0.0451426;0.397445;0;0.000204352;0.156089;-0.0159164;0.00117869
0.0401447;0.39798;0;0.000201684;0.137402;-0.0141501;0.00104788
0.0351405;0.398453;0;0.000199013;0.118697;-0.012382;0.000916944
0.0301307;0.398864;0;0.00019634;0.0999769;-0.0106124;0.0007859
0.0251162;0.399211;0;0.000193665;0.0812442;-0.00884168;0.000654768
0.0200977;0.399495;0;0.000190989;0.0625022;-0.00707004;0.00052357
0.0150761;0.399716;0;0.000188312;0.0437538;-0.00529779;0.000392326
0.010052;0.399874;0;0.000185635;0.0250019;-0.00352519;0.000261057
0.00502642;0.399968;0;0.000182957;0.00624952;-0.00175254;0.000129784
2.44929e-17;0.4;0;0.000180279;-0.0125004;1.98971e-05;-1.47348e-06
-0.00502642;0.399968;0;0.000177603;-0.0312448;0.00179183;-0.000132694
-0.010052;0.399874;0;0.000174927;-0.0499809;0.00356299;-0.000263856
-0.0150761;0.399716;0;0.000172253;-0.0687055;0.00533308;-0.00039494
-0.0200977;0.399495;0;0.000169582;-0.0874159;0.00710184;-0.000525925
-0.0251162;0.399211;0;0.000166912;-0.106109;0.00886897;-0.00065679
-0.0301307;0.398864;0;0.000164246;-0.124782;0.0106342;-0.000787514
-0.0351405;0.398453;0;0.000161602;-0.143402;0.0123824;-0.000916979
-0.0401447;0.39798;0;0.000158968;-0.162054;0.0141232;-0.00104589
-0.0451426;0.397445;0;0.000156337;-0.180621;0.0158641;-0.00117481
-0.0501333;0.396846;0;0.000153704;-0.199203;0.0176065;-0.00130384
-0.0551161;0.396185;0;0.000151069;-0.217797;0.01935;-0.00143296
-0.0600902;0.395461;0;0.000148433;-0.2364;0.0210943;-0.00156214
-0.0650549;0.394674;0;0.000145796;-0.255008;0.0228392;-0.00169135
-0.0700092;0.393826;0;0.000143158;-0.27362;0.0245844;-0.00182059
-0.0749525;0.392915;0;0.000140521;-0.292232;0.0263297;-0.00194984
-0.079884;0.391942;0;0.000137883;-0.310841;0.0280746;-0.00207906
-0.0848028;0.390907;0;0.000135247;-0.329444;0.0298191;-0.00220825
-0.0897083;0.389811;0;0.000132612;-0.348038;0.0315627;-0.00233737
-0.0945996;0.388653;0;0.000129978;-0.366621;0.0333053;-0.00246642
-0.099476;0.387433;0;0.000127347;-0.385188;0.0350465;-0.00259536
-0.104337;0.386153;0;0.000124749;-0.403599;0.0367636;-0.00272252
-0.109181;0.384811;0;0.000122215;-0.421623;0.0384379;-0.00284651
-0.114008;0.383409;0;0.000119705;-0.439416;0.0400989;-0.00296951
-0.118817;0.381946;0;0.000117193;-0.457223;0.0417611;-0.00309261
-0.123607;0.380423;0;0.000114679;-0.475041;0.0434244;-0.00321578
-0.128377;0.378839;0;0.000112164;-0.492867;0.0450885;-0.00333901
-0.133128;0.377196;0;0.000109648;-0.510698;0.046753;-0.00346228
-0.137857;0.375494;0;0.000107132;-0.528532;0.0484178;-0.00358557
-0.142565;0.373732;0;0.000104616;-0.546365;0.0500825;-0.00370885
-0.14725;0.371911;0;0.000102101;-0.564195;0.051747;-0.00383211
-0.151912;0.370031;0;9.95955e-05;-0.581953;0.0534039;-0.00395481
-0.156549;0.368093;0;9.70896e-05;-0.599758;0.0550614;-0.00407756
-0.161163;0.366096;0;9.4585e-05;-0.617555;0.0567181;-0.00420024
-0.16575;0.364042;0;9.20821e-05;-0.635339;0.0583736;-0.00432284
-0.170312;0.361931;0;8.95814e-05;-0.653109;0.0600277;-0.00444534
-0.174846;0.359762;0;8.71766e-05;-0.670313;0.0616183;-0.00456313
-0.179353;0.357537;0;8.48664e-05;-0.686824;0.0631459;-0.00467625
-0.183832;0.355255;0;8.25545e-05;-0.703347;0.0646746;-0.00478947
-0.188282;0.352916;0;8.02412e-05;-0.719882;0.0662043;-0.00490274
-0.192701;0.350523;0;7.79269e-05;-0.736424;0.0677347;-0.00501608
-0.197091;0.348074;0;7.56119e-05;-0.752971;0.0692655;-0.00512944
-0.201449;0.345569;0;7.32967e-05;-0.769522;0.0707965;-0.00524281
-0.205776;0.343011;0;7.09815e-05;-0.786073;0.0723274;-0.00535619
-0.21007;0.340398;0;6.86668e-05;-0.802621;0.0738581;-0.00546954
-0.214331;0.337731;0;6.63529e-05;-0.819164;0.0753882;-0.00558285
-0.218558;0.335011;0;6.40401e-05;-0.8357;0.0769175;-0.00569611
-0.22275;0.332238;0;6.1759e-05;-0.852018;0.0784266;-0.00580786
-0.226908;0.329413;0;5.95137e-05;-0.868119;0.0799138;-0.00591799
-0.231029;0.326536;0;5.74658e-05;-0.882795;0.0812685;-0.00601832
-0.235114;0.323607;0;5.53896e-05;-0.897671;0.082642;-0.00612004
-0.239162;0.320627;0;5.3312e-05;-0.912557;0.0840164;-0.00622182
-0.243172;0.317596;0;5.12333e-05;-0.92745;0.0853915;-0.00632365
-0.247144;0.314515;0;4.9154e-05;-0.94235;0.0867671;-0.00642552
-0.251077;0.311385;0;4.70742e-05;-0.957252;0.0881429;-0.0065274
-0.25497;0.308205;0;4.49944e-05;-0.972155;0.0895188;-0.00662929
-0.258822;0.304977;0;4.29149e-05;-0.987057;0.0908945;-0.00673117
-0.262634;0.301701;0;4.08359e-05;-1.00196;0.0922698;-0.00683302
-0.266405;0.298376;0;3.87579e-05;-1.01685;0.0936446;-0.00693483
-0.270133;0.295005;0;3.66812e-05;-1.03173;0.0950184;-0.00703657
-0.273819;0.291587;0;3.4606e-05;-1.0466;0.0963913;-0.00713823
-0.277461;0.288124;0;3.2656e-05;-1.06079;0.0976803;-0.00723369
-0.28106;0.284614;0;3.08004e-05;-1.07427;0.0989075;-0.00732457
-0.284614;0.28106;0;2.90014e-05;-1.08715;0.100099;-0.0074128
-0.288124;0.277461;0;2.72017e-05;-1.10003;0.101291;-0.00750106
-0.291587;0.273819;0;2.54015e-05;-1.11292;0.102483;-0.00758935
-0.295005;0.270133;0;2.3601e-05;-1.12581;0.103675;-0.00767765
-0.298376;0.266405;0;2.18007e-05;-1.1387;0.104868;-0.00776595
-0.301701;0.262634;0;2.00007e-05;-1.15159;0.10606;-0.00785423
-0.304977;0.258822;0;1.82013e-05;-1.16448;0.107251;-0.00794248
-0.308205;0.25497;0;1.64028e-05;-1.17736;0.108443;-0.00803068
-0.311385;0.251077;0;1.46056e-05;-1.19023;0.109633;-0.00811883
-0.314515;0.247144;0;1.28098e-05;-1.20309;0.110822;-0.00820691
-0.317596;0.243172;0;1.11345e-05;-1.21517;0.111932;-0.00828912
-0.320627;0.239162;0;9.68485e-06;-1.22557;0.112893;-0.00836027
-0.323607;0.235114;0;8.23407e-06;-1.23599;0.113855;-0.00843148
-0.326536;0.231029;0;6.78241e-06;-1.24641;0.114817;-0.00850273
-0.329413;0.226908;0;5.33009e-06;-1.25683;0.115779;-0.00857402
-0.332238;0.22275;0;3.87735e-06;-1.26726;0.116742;-0.00864533
-0.335011;0.218558;0;2.4245e-06;-1.2777;0.117705;-0.00871664
-0.337731;0.214331;0;9.93042e-07;-1.28809;0.118653;-0.00878685
-0.340398;0.21007;0;-4.40366e-07;-1.29851;0.119602;-0.0088571
-0.343011;0.205776;0;-1.87352e-06;-1.30893;0.12055;-0.00892733
-0.345569;0.201449;0;-3.3062e-06;-1.31934;0.121498;-0.00899753
-0.348074;0.197091;0;-4.73817e-06;-1.32975;0.122446;-0.0090677
-0.350523;0.192701;0;-6.16922e-06;-1.34015;0.123393;-0.00913782
-0.352916;0.188282;0;-7.5991e-06;-1.35054;0.124339;-0.00920789
-0.355255;0.183832;0;-8.89381e-06;-1.36014;0.125193;-0.00927114
-0.357537;0.179353;0;-9.95798e-06;-1.36784;0.125899;-0.0093234
-0.359762;0.174846;0;-1.10261e-05;-1.37556;0.126607;-0.00937587
-0.361931;0.170312;0;-1.20946e-05;-1.38329;0.127316;-0.00942835
-0.364042;0.16575;0;-1.31633e-05;-1.39102;0.128025;-0.00948083
-0.366096;0.161163;0;-1.4232e-05;-1.39876;0.128733;-0.00953332
-0.368093;0.156549;0;-1.53005e-05;-1.40649;0.129442;-0.00958579
-0.370031;0.151912;0;-1.63687e-05;-1.41422;0.13015;-0.00963825
-0.371911;0.14725;0;-1.74364e-05;-1.42194;0.130858;-0.00969067
-0.373732;0.142565;0;-1.85035e-05;-1.42966;0.131566;-0.00974307
-0.375494;0.137857;0;-1.95697e-05;-1.43738;0.132273;-0.00979542
-0.377196;0.133128;0;-2.0603e-05;-1.44477;0.132958;-0.00984621
-0.378839;0.128377;0;-2.13217e-05;-1.4499;0.133437;-0.00988161
-0.380423;0.123607;0;-2.19865e-05;-1.4547;0.133879;-0.00991436
-0.381946;0.118817;0;-2.26518e-05;-1.4595;0.134321;-0.00994712
-0.383409;0.114008;0;-2.33174e-05;-1.4643;0.134764;-0.00997991
-0.384811;0.109181;0;-2.39833e-05;-1.46911;0.135207;-0.0100127
-0.386153;0.104337;0;-2.46493e-05;-1.47392;0.13565;-0.0100455
-0.387433;0.099476;0;-2.53155e-05;-1.47873;0.136093;-0.0100783
-0.388653;0.0945996;0;-2.59815e-05;-1.48354;0.136536;-0.0101111
-0.389811;0.0897083;0;-2.66474e-05;-1.48835;0.136978;-0.0101439
-0.390907;0.0848028;0;-2.7313e-05;-1.49315;0.137421;-0.0101767
-0.391942;0.079884;0;-2.79783e-05;-1.49795;0.137863;-0.0102094
-0.392915;0.0749525;0;-2.86431e-05;-1.50275;0.138305;-0.0102422
-0.393826;0.0700092;0;-2.93073e-05;-1.50755;0.138747;-0.0102749
-0.394674;0.0650549;0;-2.99655e-05;-1.51231;0.139184;-0.0103073
-0.395461;0.0600902;0;-3.02242e-05;-1.51417;0.139358;-0.0103201
-0.396185;0.0551161;0;-3.04406e-05;-1.5157;0.139504;-0.0103309
-0.396846;0.0501333;0;-3.06571e-05;-1.51722;0.13965;-0.0103418
-0.397445;0.0451426;0;-3.08735e-05;-1.51874;0.139797;-0.0103526
-0.39798;0.0401447;0;-3.10899e-05;-1.52027;0.139943;-0.0103634
-0.398453;0.0351405;0;-3.13022e-05;-1.52177;0.140085;-0.010374
-0.398864;0.0301307;0;-3.15082e-05;-1.52327;0.140223;-0.0103842
-0.399211;0.0251162;0;-3.17123e-05;-1.52478;0.140361;-0.0103944
-0.399495;0.0200977;0;-3.19161e-05;-1.52628;0.140497;-0.0104045
-0.399716;0.0150761;0;-3.21197e-05;-1.52778;0.140634;-0.0104146
-0.399874;0.010052;0;-3.2323e-05;-1.52929;0.140771;-0.0104248
-0.399968;0.00502642;0;-3.2526e-05;-1.53079;0.140907;-0.0104349
-0.4;4.89859e-17;0;-3.27287e-05;-1.53229;0.141043;-0.0104449
-0.399968;-0.00502642;0;-3.25814e-05;-1.53118;0.140949;-0.0104379
-0.399874;-0.010052;0;-3.23596e-05;-1.52952;0.140805;-0.0104273
-0.399716;-0.0150761;0;-3.21374e-05;-1.52786;0.140662;-0.0104167
-0.399495;-0.0200977;0;-3.1915e-05;-1.5262;0.140518;-0.010406
-0.399211;-0.0251162;0;-3.16924e-05;-1.52454;0.140373;-0.0103953
-0.398864;-0.0301307;0;-3.14695e-05;-1.52287;0.140229;-0.0103846
-0.398453;-0.0351405;0;-3.12464e-05;-1.52121;0.140085;-0.0103739
-0.39798;-0.0401447;0;-3.10232e-05;-1.51955;0.13994;-0.0103632
-0.397445;-0.0451426;0;-3.07998e-05;-1.51789;0.139796;-0.0103525
-0.396846;-0.0501333;0;-3.05764e-05;-1.51622;0.139651;-0.0103418
-0.396185;-0.0551161;0;-3.0353e-05;-1.51456;0.139506;-0.0103311
-0.395461;-0.0600902;0;-3.01295e-05;-1.5129;0.139362;-0.0103204
-0.394674;-0.0650549;0;-2.99053e-05;-1.51125;0.139217;-0.0103097
-0.393826;-0.0700092;0;-2.92562e-05;-1.50655;0.13879;-0.010278
-0.392915;-0.0749525;0;-2.85908e-05;-1.50174;0.138352;-0.0102456
-0.391942;-0.079884;0;-2.79247e-05;-1.49692;0.137914;-0.0102132
-0.390907;-0.0848028;0;-2.72582e-05;-1.49211;0.137476;-0.0101807
-0.389811;-0.0897083;0;-2.65912e-05;-1.48729;0.137037;-0.0101482
-0.388653;-0.0945996;0;-2.59238e-05;-1.48247;0.136598;-0.0101157
-0.387433;-0.099476;0;-2.52563e-05;-1.47765;0.136159;-0.0100832
-0.386153;-0.104337;0;-2.45886e-05;-1.47283;0.13572;-0.0100507
-0.384811;-0.109181;0;-2.3921e-05;-1.46801;0.135281;-0.0100182
-0.383409;-0.114008;0;-2.32534e-05;-1.46319;0.134842;-0.00998567
-0.381946;-0.118817;0;-2.2586e-05;-1.45837;0.134403;-0.00995316
-0.380423;-0.123607;0;-2.1919e-05;-1.45356;0.133964;-0.00992068
-0.378839;-0.128377;0;-2.12186e-05;-1.44847;0.133504;-0.00988658
-0.377196;-0.133128;0;-2.02196e-05;-1.441;0.132849;-0.00983807
-0.375494;-0.137857;0;-1.922e-05;-1.43353;0.132193;-0.00978952
-0.373732;-0.142565;0;-1.82198e-05;-1.42605;0.131537;-0.00974095
-0.371911;-0.14725;0;-1.7129e-05;-1.41839;0.130816;-0.00968758
-0.370031;-0.151912;0;-1.60258e-05;-1.41064;0.130087;-0.00963355
-0.368093;-0.156549;0;-1.4922e-05;-1.40289;0.129357;-0.00957948
-0.366096;-0.161163;0;-1.38178e-05;-1.39514;0.128626;-0.00952539
-0.364042;-0.16575;0;-1.27134e-05;-1.38738;0.127896;-0.00947129
-0.361931;-0.170312;0;-1.1609e-05;-1.37963;0.127165;-0.00941719
-0.359762;-0.174846;0;-1.05047e-05;-1.37188;0.126435;-0.00936309
-0.357537;-0.179353;0;-9.40069e-06;-1.36413;0.125704;-0.009309
-0.355255;-0.183832;0;-8.15396e-06;-1.35494;0.124886;-0.00924838
-0.352916;-0.188282;0;-6.87829e-06;-1.34552;0.124048;-0.00918634
-0.350523;-0.192701;0;-5.54563e-06;-1.33566;0.123172;-0.0091215
-0.348074;-0.197091;0;-4.13467e-06;-1.32519;0.122245;-0.00905286
-0.345569;-0.201449;0;-2.72305e-06;-1.31472;0.121318;-0.00898419
-0.343011;-0.205776;0;-1.31099e-06;-1.30425;0.12039;-0.00891549
-0.340398;-0.21007;0;1.01295e-07;-1.29378;0.119463;-0.00884678
-0.337731;-0.214331;0;1.51357e-06;-1.2833;0.118535;-0.00877807
-0.335011;-0.218558;0;2.92563e-06;-1.27283;0.117607;-0.00870937
-0.332238;-0.22275;0;4.33723e-06;-1.26236;0.11668;-0.00864069
-0.329413;-0.226908;0;5.74816e-06;-1.2519;0.115753;-0.00857204
-0.326536;-0.231029;0;7.19692e-06;-1.24147;0.114796;-0.00850118
-0.323607;-0.235114;0;8.66598e-06;-1.23097;0.113826;-0.00842934
-0.320627;-0.239162;0;1.01342e-05;-1.22047;0.112856;-0.00835754
-0.317596;-0.243172;0;1.16058e-05;-1.20992;0.111885;-0.00828558
-0.314515;-0.247144;0;1.33056e-05;-1.19753;0.110764;-0.00820259
-0.311385;-0.251077;0;1.51113e-05;-1.18456;0.109572;-0.00811434
-0.308205;-0.25497;0;1.69184e-05;-1.17158;0.108379;-0.00802601
-0.304977;-0.258822;0;1.87267e-05;-1.1586;0.107186;-0.00793763
-0.301701;-0.262634;0;2.0536e-05;-1.14561;0.105992;-0.0078492
-0.298376;-0.266405;0;2.2346e-05;-1.13261;0.104797;-0.00776074
-0.295005;-0.270133;0;2.41563e-05;-1.11962;0.103602;-0.00767226
-0.291587;-0.273819;0;2.59667e-05;-1.10662;0.102408;-0.00758378
-0.288124;-0.277461;0;2.77769e-05;-1.09363;0.101213;-0.0074953
-0.284614;-0.28106;0;2.95867e-05;-1.08064;0.100019;-0.00740686
-0.28106;-0.284614;0;3.13956e-05;-1.06766;0.0988248;-0.00731845
-0.277461;-0.288124;0;3.32912e-05;-1.05365;0.0975776;-0.00722609
-0.273819;-0.291587;0;3.52295e-05;-1.0393;0.0963027;-0.00713168
-0.270133;-0.295005;0;3.72557e-05;-1.02464;0.0949673;-0.00703278
-0.266405;-0.298376;0;3.93279e-05;-1.00967;0.0936012;-0.00693161
-0.262634;-0.301701;0;4.14012e-05;-0.994686;0.0922344;-0.00683039
-0.258822;-0.304977;0;4.34751e-05;-0.979699;0.0908671;-0.00672914
-0.25497;-0.308205;0;4.55494e-05;-0.964711;0.0894996;-0.00662787
-0.251077;-0.311385;0;4.76238e-05;-0.949722;0.088132;-0.0065266
-0.247144;-0.314515;0;4.9698e-05;-0.934735;0.0867647;-0.00642534
-0.243172;-0.317596;0;5.17715e-05;-0.919753;0.0853977;-0.00632411
-0.239162;-0.320627;0;5.38441e-05;-0.904778;0.0840314;-0.00622292
-0.235114;-0.323607;0;5.59155e-05;-0.889812;0.0826658;-0.0061218
-0.231029;-0.326536;0;5.79853e-05;-0.874858;0.0813013;-0.00602075
-0.226908;-0.329413;0;6.0105e-05;-0.859516;0.0799031;-0.00591721
-0.22275;-0.332238;0;6.23567e-05;-0.843202;0.0784172;-0.00580717
-0.218558;-0.335011;0;6.46553e-05;-0.826653;0.0769012;-0.0056949
-0.214331;-0.337731;0;6.69761e-05;-0.809946;0.0753704;-0.00558154
-0.21007;-0.340398;0;6.9298e-05;-0.79323;0.073839;-0.00546813
-0.205776;-0.343011;0;7.16208e-05;-0.776509;0.0723069;-0.00535467
-0.201449;-0.345569;0;7.39441e-05;-0.759786;0.0707746;-0.0052412
-0.197091;-0.348074;0;7.62675e-05;-0.743062;0.0692422;-0.00512772
-0.192701;-0.350523;0;7.85906e-05;-0.72634;0.06771;-0.00501425
-0.188282;-0.352916;0;8.0913e-05;-0.709624;0.0661783;-0.00490082
-0.183832;-0.355255;0;8.32345e-05;-0.692916;0.0646472;-0.00478743
-0.179353;-0.357537;0;8.55546e-05;-0.676218;0.063117;-0.00467411
-0.174846;-0.359762;0;8.78729e-05;-0.659533;0.061588;-0.00456088
-0.170312;-0.361931;0;9.02775e-05;-0.642014;0.0600028;-0.0044435
-0.16575;-0.364042;0;9.27595e-05;-0.624171;0.0583655;-0.00432224
-0.161163;-0.366096;0;9.52666e-05;-0.60617;0.0567114;-0.00419975
-0.156549;-0.368093;0;9.77754e-05;-0.588157;0.0550562;-0.00407718
-0.151912;-0.370031;0;0.000100285;-0.570136;0.0534002;-0.00395454
-0.14725;-0.371911;0;0.000102796;-0.552108;0.0517437;-0.00383187
-0.142565;-0.373732;0;0.000105308;-0.534078;0.0500869;-0.00370917
-0.137857;-0.375494;0;0.000107819;-0.516048;0.0484301;-0.00358648
-0.133128;-0.377196;0;0.00011033;-0.49802;0.0467735;-0.0034638
-0.128377;-0.378839;0;0.00011284;-0.479998;0.0451174;-0.00334116
-0.123607;-0.380423;0;0.000115349;-0.461985;0.0434621;-0.00321857
-0.118817;-0.381946;0;0.000117857;-0.443982;0.0418077;-0.00309606
-0.114008;-0.383409;0;0.000120362;-0.425994;0.0401547;-0.00297365
-0.109181;-0.384811;0;0.000122863;-0.408034;0.0385049;-0.00285147
-0.104337;-0.386153;0;0.000125482;-0.389207;0.0367765;-0.00272348
-0.099476;-0.387433;0;0.000128107;-0.370378;0.0350444;-0.0025952
-0.0945996;-0.388653;0;0.000130734;-0.351538;0.0333113;-0.00246686
-0.0897083;-0.389811;0;0.000133361;-0.332691;0.0315775;-0.00233846
-0.0848028;-0.390907;0;0.000135988;-0.313855;0.0298445;-0.00221013
-0.079884;-0.391942;0;0.00013862;-0.295002;0.0281083;-0.00208156
-0.0749525;-0.392915;0;0.000141252;-0.276142;0.026371;-0.0019529
-0.0700092;-0.393826;0;0.000143884;-0.257285;0.024634;-0.00182426
-0.0650549;-0.394674;0;0.000146515;-0.238434;0.0228974;-0.00169566
-0.0600902;-0.395461;0;0.000149145;-0.219592;0.0211617;-0.00156712
-0.0551161;-0.396185;0;0.000151774;-0.200762;0.019427;-0.00143866
-0.0501333;-0.396846;0;0.000154428;-0.181729;0.0176762;-0.00130901
-0.0451426;-0.397445;0;0.000157105;-0.162521;0.0159096;-0.00117818
-0.0401447;-0.39798;0;0.000159784;-0.143302;0.014142;-0.00104728
-0.0351405;-0.398453;0;0.000162464;-0.124075;0.0123737;-0.000916329
-0.0301307;-0.398864;0;0.00016514;-0.104891;0.0106078;-0.000785556
-0.0251162;-0.399211;0;0.000167822;-0.0856545;0.00883774;-0.000654477
-0.0200977;-0.399495;0;0.000170504;-0.0664161;0.00706759;-0.000523389
-0.0150761;-0.399716;0;0.000173187;-0.0471793;0.0052976;-0.000392313
-0.010052;-0.399874;0;0.000175868;-0.027947;0.00352806;-0.000261269
-0.00502642;-0.399968;0;0.000178549;-0.00872234;0.00175923;-0.000130279
-7.34788e-17;-0.4;0;0.000181228;0.0104917;-8.59414e-06;6.36437e-07
0.00502642;-0.399968;0;0.000183886;0.0295541;-0.00176255;0.000130525
0.010052;-0.399874;0;0.000186555;0.048691;-0.00352358;0.000260938
0.0150761;-0.399716;0;0.000189226;0.0678442;-0.00528607;0.000391459
0.0200977;-0.399495;0;0.000191899;0.0870105;-0.00704976;0.000522068
0.0251162;-0.399211;0;0.000194573;0.106187;-0.00881435;0.000652745
0.0301307;-0.398864;0;0.000197248;0.125371;-0.0105796;0.000783468
0.0351405;-0.398453;0;0.000199924;0.144558;-0.0123452;0.000914217
0.0401447;-0.39798;0;0.0002026;0.163747;-0.0141108;0.00104497
0.0451426;-0.397445;0;0.000205276;0.182934;-0.0158763;0.00117571
0.0501333;-0.396846;0;0.000207951;0.202116;-0.0176412;0.00130642
0.0551161;-0.396185;0;0.000210614;0.22154;-0.0193968;0.00143643
0.0600902;-0.395461;0;0.000213286;0.241039;-0.0211586;0.00156689
0.0650549;-0.394674;0;0.000215887;0.259819;-0.022874;0.00169393
0.0700092;-0.393826;0;0.000218528;0.278888;-0.0246166;0.00182298
0.0749525;-0.392915;0;0.00022117;0.297959;-0.0263595;0.00195204
0.079884;-0.391942;0;0.000223812;0.31703;-0.0281022;0.0020811
0.0848028;-0.390907;0;0.000226398;0.335706;-0.0298068;0.00220734
0.0897083;-0.389811;0;0.000229004;0.354512;-0.031525;0.00233457
0.0945996;-0.388653;0;0.00023161;0.373322;-0.0332436;0.00246184
0.099476;-0.387433;0;0.000234217;0.392134;-0.0349623;0.00258913
0.104337;-0.386153;0;0.000236823;0.410945;-0.036681;0.0027164
0.109181;-0.384811;0;0.000239429;0.429751;-0.0383994;0.00284366
0.114008;-0.383409;0;0.000242034;0.44855;-0.0401171;0.00297086
0.118817;-0.381946;0;0.000244523;0.466567;-0.0417579;0.00309237
0.123607;-0.380423;0;0.00024704;0.484829;-0.0434175;0.00321527
0.128377;-0.378839;0;0.000249559;0.5031;-0.0450781;0.00333825
0.133128;-0.377196;0;0.000252078;0.521378;-0.0467392;0.00346126
0.137857;-0.375494;0;0.000254598;0.53966;-0.0484007;0.0035843
0.142565;-0.373732;0;0.000257118;0.557942;-0.0500623;0.00370735
0.14725;-0.371911;0;0.000259638;0.576221;-0.0517237;0.00383039
0.151912;-0.370031;0;0.000262157;0.594496;-0.0533847;0.00395339
0.156549;-0.368093;0;0.000264675;0.612762;-0.0550449;0.00407634
0.161163;-0.366096;0;0.000267192;0.631018;-0.0567042;0.00419922
0.16575;-0.364042;0;0.000269706;0.649259;-0.0583623;0.00432201
0.170312;-0.361931;0;0.000272178;0.667149;-0.0599911;0.00444263
0.174846;-0.359762;0;0.00027458;0.68456;-0.0615742;0.00455987
0.179353;-0.357537;0;0.000276913;0.701654;-0.0631103;0.00467362
0.183832;-0.355255;0;0.000279246;0.718758;-0.0646473;0.00478744
0.188282;-0.352916;0;0.000281581;0.73587;-0.0661852;0.00490133
0.192701;-0.350523;0;0.000283917;0.752987;-0.0677235;0.00501525
0.197091;-0.348074;0;0.000286253;0.770107;-0.0692622;0.00512919
0.201449;-0.345569;0;0.000288589;0.787226;-0.0708008;0.00524314
0.205776;-0.343011;0;0.000290925;0.804343;-0.0723393;0.00535707
0.21007;-0.340398;0;0.00029326;0.821454;-0.0738774;0.00547097
0.214331;-0.337731;0;0.000295594;0.838557;-0.0754147;0.00558482
0.218558;-0.335011;0;0.000297926;0.855649;-0.0769512;0.0056986
0.22275;-0.332238;0;0.000300257;0.872727;-0.0784864;0.00581229
0.226908;-0.329413;0;0.000302491;0.888932;-0.0799582;0.00592129
0.231029;-0.326536;0;0.000304577;0.904433;-0.0813299;0.00602287
0.235114;-0.323607;0;0.000306664;0.919946;-0.0827027;0.00612453
0.239162;-0.320627;0;0.000308753;0.935469;-0.0840764;0.00622626
0.243172;-0.317596;0;0.000310843;0.950999;-0.0854509;0.00632804
0.247144;-0.314515;0;0.000312934;0.966534;-0.0868258;0.00642986
0.251077;-0.311385;0;0.000315025;0.982071;-0.088201;0.0065317
0.25497;-0.308205;0;0.000317116;0.997608;-0.0895762;0.00663354
0.258822;-0.304977;0;0.000319206;1.01314;-0.0909513;0.00673537
0.262634;-0.301701;0;0.000321297;1.02867;-0.0923259;0.00683717
0.266405;-0.298376;0;0.000323386;1.04419;-0.0937;0.00693893
0.270133;-0.295005;0;0.000325474;1.05971;-0.0950732;0.00704062
0.273819;-0.291587;0;0.00032756;1.07521;-0.0964454;0.00714224
0.277461;-0.288124;0;0.000329608;1.09038;-0.0977921;0.00724197
0.28106;-0.284614;0;0.00033145;1.10418;-0.0990023;0.00733159
0.284614;-0.28106;0;0.00033325;1.11777;-0.100184;0.00741908
0.288124;-0.277461;0;0.00033505;1.13138;-0.101366;0.00750662
0.291587;-0.273819;0;0.000336852;1.14498;-0.102548;0.00759419
0.295005;-0.270133;0;0.000338654;1.15859;-0.103731;0.00768178
0.298376;-0.266405;0;0.000340455;1.1722;-0.104914;0.00776937
0.301701;-0.262634;0;0.000342257;1.1858;-0.106096;0.00785695
0.304977;-0.258822;0;0.000344058;1.1994;-0.107279;0.00794451
0.308205;-0.25497;0;0.000345858;1.21299;-0.108461;0.00803203
0.311385;-0.251077;0;0.000347657;1.22658;-0.109642;0.0081195
0.314515;-0.247144;0;0.000349455;1.24015;-0.110822;0.0082069
0.317596;-0.243172;0;0.00035119;1.25307;-0.111963;0.00829136
0.320627;-0.239162;0;0.000352646;1.26423;-0.112917;0.00836205
0.323607;-0.235114;0;0.000354104;1.27541;-0.113872;0.00843279
0.326536;-0.231029;0;0.000355562;1.28659;-0.114828;0.00850359
0.329413;-0.226908;0;0.000357022;1.29778;-0.115785;0.00857442
0.332238;-0.22275;0;0.000358482;1.30897;-0.116742;0.00864527
0.335011;-0.218558;0;0.000359942;1.32016;-0.117699;0.00871614
0.337731;-0.214331;0;0.000361402;1.33135;-0.118656;0.00878701
0.340398;-0.21007;0;0.000362862;1.34254;-0.119613;0.00885788
0.343011;-0.205776;0;0.000364321;1.35373;-0.120569;0.00892872
0.345569;-0.201449;0;0.00036578;1.3649;-0.121525;0.00899954
0.348074;-0.197091;0;0.000367238;1.37607;-0.122481;0.00907031
0.350523;-0.192701;0;0.000368695;1.38723;-0.123436;0.00914103
0.352916;-0.188282;0;0.00037015;1.39838;-0.12439;0.00921168
0.355255;-0.183832;0;0.000371416;1.40795;-0.125221;0.00927322
0.357537;-0.179353;0;0.000372495;1.4161;-0.125931;0.00932575
0.359762;-0.174846;0;0.000373575;1.42426;-0.12664;0.00937831
0.361931;-0.170312;0;0.000374607;1.43203;-0.127319;0.00942856
0.364042;-0.16575;0;0.000375632;1.43982;-0.127993;0.00947845
0.366096;-0.161163;0;0.000376658;1.44762;-0.128667;0.00952837
0.368093;-0.156549;0;0.000377685;1.45542;-0.129341;0.00957829
0.370031;-0.151912;0;0.000378711;1.46322;-0.130015;0.0096282
0.371911;-0.14725;0;0.000379737;1.47102;-0.130689;0.00967811
0.373732;-0.142565;0;0.000380763;1.47882;-0.131362;0.009728
0.375494;-0.137857;0;0.000381788;1.48662;-0.132036;0.00977786
0.377196;-0.133128;0;0.000382813;1.49442;-0.132708;0.00982769
0.378839;-0.128377;0;0.00038383;1.50211;-0.133378;0.00987726
0.380423;-0.123607;0;0.000384741;1.50879;-0.133981;0.00992192
0.381946;-0.118817;0;0.00038539;1.51302;-0.134416;0.00995418
0.383409;-0.114008;0;0.000386038;1.51726;-0.134852;0.00998645
0.384811;-0.109181;0;0.000386687;1.5215;-0.135288;0.0100187
0.386153;-0.104337;0;0.000387304;1.5256;-0.135702;0.0100494
0.387433;-0.099476;0;0.000387859;1.52924;-0.136075;0.010077
0.388653;-0.0945996;0;0.000388415;1.53289;-0.136448;0.0101047
0.389811;-0.0897083;0;0.00038897;1.53653;-0.136822;0.0101323
0.390907;-0.0848028;0;0.000389526;1.54017;-0.137195;0.0101599
0.391942;-0.079884;0;0.000390081;1.54381;-0.137568;0.0101876
0.392915;-0.0749525;0;0.000390636;1.54744;-0.137941;0.0102152
0.393826;-0.0700092;0;0.000391191;1.55107;-0.138314;0.0102428
0.394674;-0.0650549;0;0.000391746;1.5547;-0.138687;0.0102704
0.395461;-0.0600902;0;0.0003923;1.55833;-0.139059;0.010298
0.396185;-0.0551161;0;0.000392624;1.55988;-0.139285;0.0103147
0.396846;-0.0501333;0;0.000392857;1.56055;-0.139453;0.0103272
0.397445;-0.0451426;0;0.00039309;1.56121;-0.139622;0.0103396
0.39798;-0.0401447;0;0.000393242;1.561;-0.13974;0.0103484
0.398453;-0.0351405;0;0.000393326;1.56003;-0.139818;0.0103542
0.398864;-0.0301307;0;0.00039341;1.55906;-0.139895;0.0103599
0.399211;-0.0251162;0;0.000393494;1.55809;-0.139973;0.0103657
0.399495;-0.0200977;0;0.000393577;1.55712;-0.14005;0.0103714
0.399716;-0.0150761;0;0.000393661;1.55615;-0.140128;0.0103771
0.399874;-0.010052;0;0.000393745;1.55518;-0.140206;0.0103829
0.399968;-0.00502642;0;0.000393829;1.55421;-0.140283;0.0103886
