0.4;0;0;0.000252245;1.89468;-0.140359;0.0103943
0.399968;0.00502642;0;0.0002521;1.89361;-0.140279;0.0103883
0.399874;0.010052;0;0.000251952;1.89251;-0.140196;0.0103822
0.399716;0.0150761;0;0.000251804;1.89141;-0.140114;0.0103761
0.399495;0.0200977;0;0.000251656;1.89031;-0.140032;0.01037
0.399211;0.0251162;0;0.000251509;1.88921;-0.13995;0.0103639
0.398864;0.0301307;0;0.000251361;1.88811;-0.139867;0.0103578
0.398453;0.0351405;0;0.000251213;1.88701;-0.139785;0.0103518
0.39798;0.0401447;0;0.000251066;1.88591;-0.139703;0.0103457
0.397445;0.0451426;0;0.000250794;1.88385;-0.139552;0.0103345
0.396846;0.0501333;0;0.000250456;1.88129;-0.139365;0.0103206
0.396185;0.0551161;0;0.000250119;1.87872;-0.139178;0.0103068
0.395461;0.0600902;0;0.000249781;1.87615;-0.138991;0.0102929
0.394674;0.0650549;0;0.000249177;1.87156;-0.138655;0.0102681
0.393826;0.0700092;0;0.000248516;1.86654;-0.138289;0.0102409
0.392915;0.0749525;0;0.000247854;1.86152;-0.137921;0.0102137
0.391942;0.079884;0;0.000247192;1.85649;-0.137554;0.0101866
0.390907;0.0848028;0;0.00024653;1.85146;-0.137187;0.0101594
0.389811;0.0897083;0;0.000245868;1.84643;-0.13682;0.0101321
0.388653;0.0945996;0;0.000245206;1.84141;-0.136452;0.0101049
0.387433;0.099476;0;0.000244544;1.83638;-0.136085;0.0100777
0.386153;0.104337;0;0.000243846;1.83107;-0.135698;0.0100491
0.384811;0.109181;0;0.00024303;1.82485;-0.135245;0.0100156
0.383409;0.114008;0;0.000242214;1.81863;-0.134793;0.00998205
0.381946;0.118817;0;0.000241398;1.81241;-0.134341;0.00994855
0.380423;0.123607;0;0.000240582;1.8062;-0.133888;0.00991507
0.378839;0.128377;0;0.000239521;1.79813;-0.1333;0.0098715
0.377196;0.133128;0;0.000238301;1.78886;-0.132623;0.0098214
0.375494;0.137857;0;0.000237086;1.77963;-0.13195;0.00977152
0.373732;0.142565;0;0.000235871;1.77041;-0.131276;0.00972165
0.371911;0.14725;0;0.000234656;1.76117;-0.130603;0.00967174
0.370031;0.151912;0;0.00023344;1.75194;-0.129929;0.00962182
0.368093;0.156549;0;0.000232225;1.7427;-0.129254;0.0095719
0.366096;0.161163;0;0.000231009;1.73346;-0.12858;0.00952197
0.364042;0.16575;0;0.000229793;1.72422;-0.127906;0.00947204
0.361931;0.170312;0;0.000228577;1.71499;-0.127232;0.00942214
0.359762;0.174846;0;0.000227363;1.70575;-0.126558;0.00937225
0.357537;0.179353;0;0.000226149;1.69653;-0.125885;0.0093224
0.355255;0.183832;0;0.000224935;1.68731;-0.125212;0.00927258
0.352916;0.188282;0;0.000223468;1.67619;-0.124399;0.00921231
0.350523;0.192701;0;0.000221749;1.66318;-0.123446;0.00914176
0.348074;0.197091;0;0.000220029;1.65015;-0.122492;0.00907114
0.345569;0.201449;0;0.000218308;1.63712;-0.121538;0.00900047
0.343011;0.205776;0;0.000216586;1.62408;-0.120583;0.00892976
0.340398;0.21007;0;0.000214863;1.61104;-0.119628;0.00885902
0.337731;0.214331;0;0.00021314;1.59799;-0.118672;0.00878826
0.335011;0.218558;0;0.000211416;1.58494;-0.117717;0.00871749
0.332238;0.22275;0;0.000209692;1.57189;-0.116761;0.00864672
0.329413;0.226908;0;0.000207969;1.55885;-0.115806;0.00857597
0.326536;0.231029;0;0.000206247;1.54581;-0.114851;0.00850524
0.323607;0.235114;0;0.000204523;1.53275;-0.113895;0.00843446
0.320627;0.239162;0;0.000202794;1.51966;-0.112936;0.00836348
0.317596;0.243172;0;0.000201067;1.50658;-0.111979;0.00829255
0.314515;0.247144;0;0.000199091;1.49167;-0.110883;0.00821144
0.311385;0.251077;0;0.000196966;1.47565;-0.109705;0.00812417
0.308205;0.25497;0;0.000194839;1.45962;-0.108526;0.00803684
0.304977;0.258822;0;0.000192709;1.44357;-0.107345;0.0079494
0.301701;0.262634;0;0.000190577;1.4275;-0.106163;0.00786184
0.298376;0.266405;0;0.000188442;1.41141;-0.104979;0.0077742
0.295005;0.270133;0;0.000186305;1.3953;-0.103794;0.00768645
0.291587;0.273819;0;0.000184168;1.37919;-0.102609;0.0075987
0.288124;0.277461;0;0.000182031;1.36309;-0.101424;0.00751096
0.284614;0.28106;0;0.000179895;1.34699;-0.10024;0.00742326
0.28106;0.284614;0;0.00017776;1.3309;-0.0990564;0.0073356
0.277461;0.288124;0;0.000175592;1.31457;-0.0978542;0.00724657
0.273819;0.291587;0;0.000173121;1.29603;-0.096484;0.0071451
0.270133;0.295005;0;0.000170647;1.27747;-0.0951124;0.00704353
0.266405;0.298376;0;0.000168171;1.2589;-0.0937398;0.00694188
0.262634;0.301701;0;0.000165695;1.24032;-0.0923665;0.00684018
0.258822;0.304977;0;0.000163216;1.22174;-0.0909925;0.00673842
0.25497;0.308205;0;0.000160738;1.20314;-0.0896181;0.00663665
0.251077;0.311385;0;0.000158258;1.18454;-0.088243;0.00653481
0.247144;0.314515;0;0.000155777;1.16593;-0.0868677;0.00643296
0.243172;0.317596;0;0.000153295;1.14731;-0.0854912;0.00633103
0.239162;0.320627;0;0.000150813;1.12869;-0.0841153;0.00622914
0.235114;0.323607;0;0.000148333;1.11008;-0.08274;0.00612729
0.231029;0.326536;0;0.000145854;1.09149;-0.0813655;0.0060255
0.226908;0.329413;0;0.000143377;1.07291;-0.0799922;0.0059238
0.22275;0.332238;0;0.000140747;1.05323;-0.078534;0.00581581
0.218558;0.335011;0;0.000137977;1.03254;-0.0769981;0.00570208
0.214331;0.337731;0;0.000135205;1.01184;-0.0754611;0.00558825
0.21007;0.340398;0;0.000132431;0.991123;-0.0739231;0.00547436
0.205776;0.343011;0;0.000129656;0.970398;-0.0723844;0.00536041
0.201449;0.345569;0;0.00012688;0.949668;-0.0708453;0.00524643
0.197091;0.348074;0;0.000124104;0.928934;-0.0693059;0.00513243
0.192701;0.350523;0;0.000121328;0.908201;-0.0677666;0.00501844
0.188282;0.352916;0;0.000118552;0.887471;-0.0662275;0.00490446
0.183832;0.355255;0;0.000115777;0.866748;-0.0646889;0.00479052
0.179353;0.357537;0;0.000113004;0.846035;-0.0631511;0.00467664
0.174846;0.359762;0;0.000110232;0.825336;-0.0616143;0.00456283
0.170312;0.361931;0;0.000107425;0.80439;-0.0600577;0.00444756
0.16575;0.364042;0;0.00010443;0.782095;-0.0583972;0.00432459
0.161163;0.366096;0;0.000101421;0.75969;-0.0567286;0.00420102
0.156549;0.368093;0;9.84082e-05;0.737263;-0.0550583;0.00407733
0.151912;0.370031;0;9.53932e-05;0.714817;-0.0533865;0.00395353
0.14725;0.371911;0;9.2376e-05;0.692355;-0.0517137;0.00382964
0.142565;0.373732;0;8.93573e-05;0.669881;-0.0500399;0.00370569
0.137857;0.375494;0;8.63374e-05;0.647399;-0.0483654;0.00358169
0.133128;0.377196;0;8.33168e-05;0.624912;-0.0466906;0.00345766
0.128377;0.378839;0;8.0296e-05;0.602423;-0.0450158;0.00333363
0.123607;0.380423;0;7.72756e-05;0.579936;-0.043341;0.00320961
0.118817;0.381946;0;7.43293e-05;0.558032;-0.0417074;0.00308863
0.114008;0.383409;0;7.1237e-05;0.535076;-0.0399927;0.00296165
0.109181;0.384811;0;6.81434e-05;0.51211;-0.0382773;0.00283462
0.104337;0.386153;0;6.50489e-05;0.489137;-0.0365614;0.00270755
0.099476;0.387433;0;6.1954e-05;0.466162;-0.0348454;0.00258046
0.0945996;0.388653;0;5.88593e-05;0.443187;-0.0331293;0.00245338
0.0897083;0.389811;0;5.57651e-05;0.420217;-0.0314136;0.00232633
0.0848028;0.390907;0;5.26721e-05;0.397255;-0.0296985;0.00219932
0.079884;0.391942;0;4.95806e-05;0.374305;-0.0279843;0.00207237
0.0749525;0.392915;0;4.64912e-05;0.35137;-0.0262713;0.00194551
0.0700092;0.393826;0;4.34043e-05;0.328454;-0.0245596;0.00181876
0.0650549;0.394674;0;4.03205e-05;0.305561;-0.0228497;0.00169213
0.0600902;0.395461;0;3.72403e-05;0.282694;-0.0211417;0.00156564
0.0551161;0.396185;0;3.4164e-05;0.259857;-0.0194359;0.00143932
0.0501333;0.396846;0;3.09987e-05;0.236383;-0.0176808;0.00130935
0.0451426;0.397445;0;2.78167e-05;0.21279;-0.0159164;0.00117869
0.0401447;0.39798;0;2.46311e-05;0.189169;-0.0141501;0.00104788
0.0351405;0.398453;0;2.14424e-05;0.165524;-0.012382;0.000916944
0.0301307;0.398864;0;1.82511e-05;0.141861;-0.0106124;0.0007859
0.0251162;0.399211;0;1.50576e-05;0.118181;-0.00884168;0.000654768
0.0200977;0.399495;0;1.18625e-05;0.0944899;-0.00707004;0.00052357
0.0150761;0.399716;0;8.66627e-06;0.0707902;-0.00529779;0.000392326
0.010052;0.399874;0;5.46945e-06;0.0470859;-0.00352519;0.000261057
0.00502642;0.399968;0;2.27251e-06;0.0233809;-0.00175254;0.000129784
2.44929e-17;0.4;0;-9.24027e-07;-0.000321267;1.98971e-05;-1.47348e-06
-0.00502642;0.399968;0;-4.11966e-06;-0.0240167;0.00179183;-0.000132694
-0.010052;0.399874;0;-7.31389e-06;-0.0477017;0.00356299;-0.000263856
-0.0150761;0.399716;0;-1.05062e-05;-0.0713726;0.00533308;-0.00039494
-0.0200977;0.399495;0;-1.36961e-05;-0.0950255;0.00710184;-0.000525925
-0.0251162;0.399211;0;-1.68831e-05;-0.118657;0.00886897;-0.00065679
-0.0301307;0.398864;0;-2.00667e-05;-0.142263;0.0106342;-0.000787514
-0.0351405;0.398453;0;-2.32196e-05;-0.165639;0.0123824;-0.000916979
-0.0401447;0.39798;0;-2.6359e-05;-0.188923;0.0141232;-0.00104589
-0.0451426;0.397445;0;-2.94988e-05;-0.212223;0.0158641;-0.00117481
-0.0501333;0.396846;0;-3.26411e-05;-0.235542;0.0176065;-0.00130384
-0.0551161;0.396185;0;-3.57854e-05;-0.258876;0.01935;-0.00143296
-0.0600902;0.395461;0;-3.89313e-05;-0.282222;0.0210943;-0.00156214
-0.0650549;0.394674;0;-4.20781e-05;-0.305575;0.0228392;-0.00169135
-0.0700092;0.393826;0;-4.52256e-05;-0.328932;0.0245844;-0.00182059
-0.0749525;0.392915;0;-4.8373e-05;-0.352289;0.0263297;-0.00194984
-0.079884;0.391942;0;-5.152e-05;-0.375643;0.0280746;-0.00207906
-0.0848028;0.390907;0;-5.46661e-05;-0.39899;0.0298191;-0.00220825
-0.0897083;0.389811;0;-5.78107e-05;-0.422326;0.0315627;-0.00233737
-0.0945996;0.388653;0;-6.09533e-05;-0.445647;0.0333053;-0.00246642
-0.099476;0.387433;0;-6.40935e-05;-0.468951;0.0350465;-0.00259536
-0.104337;0.386153;0;-6.71904e-05;-0.491938;0.0367636;-0.00272252
-0.109181;0.384811;0;-7.021e-05;-0.514382;0.0384379;-0.00284651
-0.114008;0.383409;0;-7.32055e-05;-0.536672;0.0400989;-0.00296951
-0.118817;0.381946;0;-7.62034e-05;-0.558979;0.0417611;-0.00309261
-0.123607;0.380423;0;-7.92031e-05;-0.5813;0.0434244;-0.00321578
-0.128377;0.378839;0;-8.22041e-05;-0.60363;0.0450885;-0.00333901
-0.133128;0.377196;0;-8.52061e-05;-0.625968;0.046753;-0.00346228
-0.137857;0.375494;0;-8.82085e-05;-0.648309;0.0484178;-0.00358557
-0.142565;0.373732;0;-9.12108e-05;-0.670649;0.0500825;-0.00370885
-0.14725;0.371911;0;-9.42127e-05;-0.692985;0.051747;-0.00383211
-0.151912;0.370031;0;-9.72009e-05;-0.715218;0.0534039;-0.00395481
-0.156549;0.368093;0;-0.00010019;-0.737458;0.0550614;-0.00407756
-0.161163;0.366096;0;-0.000103178;-0.759685;0.0567181;-0.00420024
-0.16575;0.364042;0;-0.000106164;-0.781897;0.0583736;-0.00432284
-0.170312;0.361931;0;-0.000109147;-0.804091;0.0600277;-0.00444534
-0.174846;0.359762;0;-0.000112015;-0.825459;0.0616183;-0.00456313
-0.179353;0.357537;0;-0.00011477;-0.846029;0.0631459;-0.00467625
-0.183832;0.355255;0;-0.000117527;-0.866615;0.0646746;-0.00478947
-0.188282;0.352916;0;-0.000120286;-0.887213;0.0662043;-0.00490274
-0.192701;0.350523;0;-0.000123046;-0.90782;0.0677347;-0.00501608
-0.197091;0.348074;0;-0.000125807;-0.928433;0.0692655;-0.00512944
-0.201449;0.345569;0;-0.000128568;-0.949048;0.0707965;-0.00524281
-0.205776;0.343011;0;-0.000131329;-0.969663;0.0723274;-0.00535619
-0.21007;0.340398;0;-0.000134089;-0.990274;0.0738581;-0.00546954
-0.214331;0.337731;0;-0.000136849;-1.01088;0.0753882;-0.00558285
-0.218558;0.335011;0;-0.000139607;-1.03147;0.0769175;-0.00569611
-0.22275;0.332238;0;-0.000142328;-1.0518;0.0784266;-0.00580786
-0.226908;0.329413;0;-0.00014501;-1.07187;0.0799138;-0.00591799
-0.231029;0.326536;0;-0.000147453;-1.09019;0.0812685;-0.00601832
-0.235114;0.323607;0;-0.000149931;-1.10877;0.082642;-0.00612004
-0.239162;0.320627;0;-0.000152409;-1.12735;0.0840164;-0.00622182
-0.243172;0.317596;0;-0.000154889;-1.14595;0.0853915;-0.00632365
-0.247144;0.314515;0;-0.00015737;-1.16456;0.0867671;-0.00642552
-0.251077;0.311385;0;-0.000159851;-1.18317;0.0881429;-0.0065274
-0.25497;0.308205;0;-0.000162333;-1.20177;0.0895188;-0.00662929
-0.258822;0.304977;0;-0.000164814;-1.22038;0.0908945;-0.00673117
-0.262634;0.301701;0;-0.000167294;-1.23898;0.0922698;-0.00683302
-0.266405;0.298376;0;-0.000169774;-1.25757;0.0936446;-0.00693483
-0.270133;0.295005;0;-0.000172251;-1.27616;0.0950184;-0.00703657
-0.273819;0.291587;0;-0.000174727;-1.29472;0.0963913;-0.00713823
-0.277461;0.288124;0;-0.000177052;-1.31217;0.0976803;-0.00723369
-0.28106;0.284614;0;-0.000179265;-1.32881;0.0989075;-0.00732457
-0.284614;0.28106;0;-0.000181413;-1.345;0.100099;-0.0074128
-0.288124;0.277461;0;-0.000183563;-1.3612;0.101291;-0.00750106
-0.291587;0.273819;0;-0.000185713;-1.3774;0.102483;-0.00758935
-0.295005;0.270133;0;-0.000187864;-1.3936;0.103675;-0.00767765
-0.298376;0.266405;0;-0.000190014;-1.40981;0.104868;-0.00776595
-0.301701;0.262634;0;-0.000192164;-1.42601;0.10606;-0.00785423
-0.304977;0.258822;0;-0.000194313;-1.4422;0.107251;-0.00794248
-0.308205;0.25497;0;-0.000196461;-1.45839;0.108443;-0.00803068
-0.311385;0.251077;0;-0.000198608;-1.47456;0.109633;-0.00811883
-0.314515;0.247144;0;-0.000200753;-1.49073;0.110822;-0.00820691
-0.317596;0.243172;0;-0.000202755;-1.50583;0.111932;-0.00828912
-0.320627;0.239162;0;-0.000204488;-1.51895;0.112893;-0.00836027
-0.323607;0.235114;0;-0.000206222;-1.53207;0.113855;-0.00843148
-0.326536;0.231029;0;-0.000207958;-1.54521;0.114817;-0.00850273
-0.329413;0.226908;0;-0.000209694;-1.55835;0.115779;-0.00857402
-0.332238;0.22275;0;-0.00021143;-1.57149;0.116742;-0.00864533
-0.335011;0.218558;0;-0.000213167;-1.58464;0.117705;-0.00871664
-0.337731;0.214331;0;-0.000214877;-1.59758;0.118653;-0.00878685
-0.340398;0.21007;0;-0.000216588;-1.61052;0.119602;-0.0088571
-0.343011;0.205776;0;-0.000218298;-1.62346;0.12055;-0.00892733
-0.345569;0.201449;0;-0.000220008;-1.6364;0.121498;-0.00899753
-0.348074;0.197091;0;-0.000221716;-1.64932;0.122446;-0.0090677
-0.350523;0.192701;0;-0.000223424;-1.66224;0.123393;-0.00913782
-0.352916;0.188282;0;-0.00022513;-1.67515;0.124339;-0.00920789
-0.355255;0.183832;0;-0.000226671;-1.68681;0.125193;-0.00927114
-0.357537;0.179353;0;-0.000227943;-1.69648;0.125899;-0.0093234
-0.359762;0.174846;0;-0.000229221;-1.70618;0.126607;-0.00937587
-0.361931;0.170312;0;-0.000230499;-1.71589;0.127316;-0.00942835
-0.364042;0.16575;0;-0.000231777;-1.7256;0.128025;-0.00948083
-0.366096;0.161163;0;-0.000233055;-1.73532;0.128733;-0.00953332
-0.368093;0.156549;0;-0.000234333;-1.74502;0.129442;-0.00958579
-0.370031;0.151912;0;-0.000235611;-1.75473;0.13015;-0.00963825
-0.371911;0.14725;0;-0.000236888;-1.76443;0.130858;-0.00969067
-0.373732;0.142565;0;-0.000238164;-1.77412;0.131566;-0.00974307
-0.375494;0.137857;0;-0.000239439;-1.78381;0.132273;-0.00979542
-0.377196;0.133128;0;-0.000240676;-1.79321;0.132958;-0.00984621
-0.378839;0.128377;0;-0.000241538;-1.79978;0.133437;-0.00988161
-0.380423;0.123607;0;-0.000242335;-1.80585;0.133879;-0.00991436
-0.381946;0.118817;0;-0.000243133;-1.81193;0.134321;-0.00994712
-0.383409;0.114008;0;-0.000243932;-1.81801;0.134764;-0.00997991
-0.384811;0.109181;0;-0.00024473;-1.8241;0.135207;-0.0100127
-0.386153;0.104337;0;-0.000245529;-1.83018;0.13565;-0.0100455
-0.387433;0.099476;0;-0.000246328;-1.83627;0.136093;-0.0100783
-0.388653;0.0945996;0;-0.000247127;-1.84236;0.136536;-0.0101111
-0.389811;0.0897083;0;-0.000247925;-1.84844;0.136978;-0.0101439
-0.390907;0.0848028;0;-0.000248724;-1.85452;0.137421;-0.0101767
-0.391942;0.079884;0;-0.000249521;-1.8606;0.137863;-0.0102094
-0.392915;0.0749525;0;-0.000250318;-1.86667;0.138305;-0.0102422
-0.393826;0.0700092;0;-0.000251115;-1.87274;0.138747;-0.0102749
-0.394674;0.0650549;0;-0.000251904;-1.87875;0.139184;-0.0103073
-0.395461;0.0600902;0;-0.000252217;-1.88114;0.139358;-0.0103201
-0.396185;0.0551161;0;-0.000252481;-1.88315;0.139504;-0.0103309
-0.396846;0.0501333;0;-0.000252744;-1.88517;0.13965;-0.0103418
-0.397445;0.0451426;0;-0.000253008;-1.88718;0.139797;-0.0103526
-0.39798;0.0401447;0;-0.000253272;-1.88919;0.139943;-0.0103634
-0.398453;0.0351405;0;-0.000253529;-1.89115;0.140085;-0.010374
-0.398864;0.0301307;0;-0.000253778;-1.89305;0.140223;-0.0103842
-0.399211;0.0251162;0;-0.000254025;-1.89494;0.140361;-0.0103944
-0.399495;0.0200977;0;-0.000254272;-1.89682;0.140497;-0.0104045
-0.399716;0.0150761;0;-0.000254519;-1.8987;0.140634;-0.0104146
-0.399874;0.010052;0;-0.000254765;-1.90058;0.140771;-0.0104248
-0.399968;0.00502642;0;-0.000255011;-1.90245;0.140907;-0.0104349
-0.4;4.89859e-17;0;-0.000255257;-1.90433;0.141043;-0.0104449
-0.399968;-0.00502642;0;-0.000255087;-1.90303;0.140949;-0.0104379
-0.399874;-0.010052;0;-0.000254828;-1.90105;0.140805;-0.0104273
-0.399716;-0.0150761;0;-0.000254568;-1.89907;0.140662;-0.0104167
-0.399495;-0.0200977;0;-0.000254309;-1.89709;0.140518;-0.010406
-0.399211;-0.0251162;0;-0.000254049;-1.89511;0.140373;-0.0103953
-0.398864;-0.0301307;0;-0.000253788;-1.89312;0.140229;-0.0103846
-0.398453;-0.0351405;0;-0.000253528;-1.89113;0.140085;-0.0103739
-0.39798;-0.0401447;0;-0.000253267;-1.88915;0.13994;-0.0103632
-0.397445;-0.0451426;0;-0.000253007;-1.88716;0.139796;-0.0103525
-0.396846;-0.0501333;0;-0.000252746;-1.88517;0.139651;-0.0103418
-0.396185;-0.0551161;0;-0.000252485;-1.88318;0.139506;-0.0103311
-0.395461;-0.0600902;0;-0.000252224;-1.88119;0.139362;-0.0103204
-0.394674;-0.0650549;0;-0.000251962;-1.87919;0.139217;-0.0103097
-0.393826;-0.0700092;0;-0.000251192;-1.87332;0.13879;-0.010278
-0.392915;-0.0749525;0;-0.000250403;-1.8673;0.138352;-0.0102456
-0.391942;-0.079884;0;-0.000249613;-1.86128;0.137914;-0.0102132
-0.390907;-0.0848028;0;-0.000248822;-1.85525;0.137476;-0.0101807
-0.389811;-0.0897083;0;-0.000248031;-1.84922;0.137037;-0.0101482
-0.388653;-0.0945996;0;-0.000247239;-1.84319;0.136598;-0.0101157
-0.387433;-0.099476;0;-0.000246447;-1.83715;0.136159;-0.0100832
-0.386153;-0.104337;0;-0.000245655;-1.83112;0.13572;-0.0100507
-0.384811;-0.109181;0;-0.000244863;-1.82508;0.135281;-0.0100182
-0.383409;-0.114008;0;-0.000244072;-1.81905;0.134842;-0.00998567
-0.381946;-0.118817;0;-0.00024328;-1.81301;0.134403;-0.00995316
-0.380423;-0.123607;0;-0.000242489;-1.80698;0.133964;-0.00992068
-0.378839;-0.128377;0;-0.000241658;-1.80066;0.133504;-0.00988658
-0.377196;-0.133128;0;-0.000240477;-1.79169;0.132849;-0.00983807
-0.375494;-0.137857;0;-0.000239295;-1.78271;0.132193;-0.00978952
-0.373732;-0.142565;0;-0.000238112;-1.77373;0.131537;-0.00974095
-0.371911;-0.14725;0;-0.000236812;-1.76384;0.130816;-0.00968758
-0.370031;-0.151912;0;-0.000235496;-1.75383;0.130087;-0.00963355
-0.368093;-0.156549;0;-0.000234179;-1.74381;0.129357;-0.00957948
-0.366096;-0.161163;0;-0.000232862;-1.73379;0.128626;-0.00952539
-0.364042;-0.16575;0;-0.000231544;-1.72377;0.127896;-0.00947129
-0.361931;-0.170312;0;-0.000230226;-1.71375;0.127165;-0.00941719
-0.359762;-0.174846;0;-0.000228909;-1.70372;0.126435;-0.00936309
-0.357537;-0.179353;0;-0.000227591;-1.6937;0.125704;-0.009309
-0.355255;-0.183832;0;-0.000226115;-1.68252;0.124886;-0.00924838
-0.352916;-0.188282;0;-0.000224604;-1.67108;0.124048;-0.00918634
-0.350523;-0.192701;0;-0.000223025;-1.65914;0.123172;-0.0091215
-0.348074;-0.197091;0;-0.000221353;-1.64649;0.122245;-0.00905286
-0.345569;-0.201449;0;-0.000219681;-1.63385;0.121318;-0.00898419
-0.343011;-0.205776;0;-0.000218008;-1.62119;0.12039;-0.00891549
-0.340398;-0.21007;0;-0.000216335;-1.60854;0.119463;-0.00884678
-0.337731;-0.214331;0;-0.000214662;-1.59588;0.118535;-0.00877807
-0.335011;-0.218558;0;-0.000212989;-1.58323;0.117607;-0.00870937
-0.332238;-0.22275;0;-0.000211316;-1.57058;0.11668;-0.00864069
-0.329413;-0.226908;0;-0.000209645;-1.55794;0.115753;-0.00857204
-0.326536;-0.231029;0;-0.000207919;-1.54487;0.114796;-0.00850118
-0.323607;-0.235114;0;-0.000206169;-1.53162;0.113826;-0.00842934
-0.320627;-0.239162;0;-0.000204421;-1.51838;0.112856;-0.00835754
-0.317596;-0.243172;0;-0.000202668;-1.50511;0.111885;-0.00828558
-0.314515;-0.247144;0;-0.000200647;-1.48987;0.110764;-0.00820259
-0.311385;-0.251077;0;-0.000198498;-1.47367;0.109572;-0.00811434
-0.308205;-0.25497;0;-0.000196347;-1.45746;0.108379;-0.00802601
-0.304977;-0.258822;0;-0.000194194;-1.44124;0.107186;-0.00793763
-0.301701;-0.262634;0;-0.000192041;-1.42501;0.105992;-0.0078492
-0.298376;-0.266405;0;-0.000189886;-1.40877;0.104797;-0.00776074
-0.295005;-0.270133;0;-0.000187731;-1.39253;0.103602;-0.00767226
-0.291587;-0.273819;0;-0.000185576;-1.37629;0.102408;-0.00758378
-0.288124;-0.277461;0;-0.000183422;-1.36005;0.101213;-0.0074953
-0.284614;-0.28106;0;-0.000181268;-1.34382;0.100019;-0.00740686
-0.28106;-0.284614;0;-0.000179114;-1.32759;0.0988248;-0.00731845
-0.277461;-0.288124;0;-0.000176865;-1.3107;0.0975776;-0.00722609
-0.273819;-0.291587;0;-0.000174567;-1.29344;0.0963027;-0.00713168
-0.270133;-0.295005;0;-0.000172158;-1.27538;0.0949673;-0.00703278
-0.266405;-0.298376;0;-0.000169694;-1.2569;0.0936012;-0.00693161
-0.262634;-0.301701;0;-0.000167229;-1.23841;0.0922344;-0.00683039
-0.258822;-0.304977;0;-0.000164763;-1.21992;0.0908671;-0.00672914
-0.25497;-0.308205;0;-0.000162297;-1.20143;0.0894996;-0.00662787
-0.251077;-0.311385;0;-0.000159831;-1.18293;0.088132;-0.0065266
-0.247144;-0.314515;0;-0.000157365;-1.16443;0.0867647;-0.00642534
-0.243172;-0.317596;0;-0.000154899;-1.14595;0.0853977;-0.00632411
-0.239162;-0.320627;0;-0.000152435;-1.12746;0.0840314;-0.00622292
-0.235114;-0.323607;0;-0.000149972;-1.109;0.0826658;-0.0061218
-0.231029;-0.326536;0;-0.000147512;-1.09054;0.0813013;-0.00602075
-0.226908;-0.329413;0;-0.00014499;-1.07165;0.0799031;-0.00591721
-0.22275;-0.332238;0;-0.00014231;-1.0516;0.0784172;-0.00580717
-0.218558;-0.335011;0;-0.000139576;-1.03118;0.0769012;-0.0056949
-0.214331;-0.337731;0;-0.000136816;-1.01057;0.0753704;-0.00558154
-0.21007;-0.340398;0;-0.000134054;-0.989944;0.073839;-0.00546813
-0.205776;-0.343011;0;-0.000131291;-0.969312;0.0723069;-0.00535467
-0.201449;-0.345569;0;-0.000128527;-0.948676;0.0707746;-0.0052412
-0.197091;-0.348074;0;-0.000125763;-0.928039;0.0692422;-0.00512772
-0.192701;-0.350523;0;-0.000123;-0.907404;0.06771;-0.00501425
-0.188282;-0.352916;0;-0.000120238;-0.886775;0.0661783;-0.00490082
-0.183832;-0.355255;0;-0.000117476;-0.866156;0.0646472;-0.00478743
-0.179353;-0.357537;0;-0.000114717;-0.845548;0.063117;-0.00467411
-0.174846;-0.359762;0;-0.000111959;-0.824957;0.061588;-0.00456088
-0.170312;-0.361931;0;-0.000109101;-0.803656;0.0600028;-0.0044435
-0.16575;-0.364042;0;-0.000106148;-0.781682;0.0583655;-0.00432224
-0.161163;-0.366096;0;-0.000103165;-0.759486;0.0567114;-0.00419975
-0.156549;-0.368093;0;-0.00010018;-0.737274;0.0550562;-0.00407718
-0.151912;-0.370031;0;-9.7193e-05;-0.715052;0.0534002;-0.00395454
-0.14725;-0.371911;0;-9.42055e-05;-0.692823;0.0517437;-0.00383187
-0.142565;-0.373732;0;-9.12174e-05;-0.67059;0.0500869;-0.00370917
-0.137857;-0.375494;0;-8.82293e-05;-0.648356;0.0484301;-0.00358648
-0.133128;-0.377196;0;-8.52417e-05;-0.626126;0.0467735;-0.0034638
-0.128377;-0.378839;0;-8.2255e-05;-0.603903;0.0451174;-0.00334116
-0.123607;-0.380423;0;-7.92696e-05;-0.581689;0.0434621;-0.00321857
-0.118817;-0.381946;0;-7.62861e-05;-0.559489;0.0418077;-0.00309606
-0.114008;-0.383409;0;-7.33049e-05;-0.537307;0.0401547;-0.00297365
-0.109181;-0.384811;0;-7.03294e-05;-0.515169;0.0385049;-0.00285147
-0.104337;-0.386153;0;-6.72125e-05;-0.492028;0.0367765;-0.00272348
-0.099476;-0.387433;0;-6.40886e-05;-0.468839;0.0350444;-0.0025952
-0.0945996;-0.388653;0;-6.09629e-05;-0.445638;0.0333113;-0.00246686
-0.0897083;-0.389811;0;-5.78361e-05;-0.422427;0.0315775;-0.00233846
-0.0848028;-0.390907;0;-5.47107e-05;-0.399227;0.0298445;-0.00221013
-0.079884;-0.391942;0;-5.15795e-05;-0.375983;0.0281083;-0.00208156
-0.0749525;-0.392915;0;-4.84463e-05;-0.352725;0.026371;-0.0019529
-0.0700092;-0.393826;0;-4.53136e-05;-0.329469;0.024634;-0.00182426
-0.0650549;-0.394674;0;-4.21818e-05;-0.306221;0.0228974;-0.00169566
-0.0600902;-0.395461;0;-3.90514e-05;-0.282983;0.0211617;-0.00156712
-0.0551161;-0.396185;0;-3.59229e-05;-0.259759;0.019427;-0.00143866
-0.0501333;-0.396846;0;-3.27654e-05;-0.236343;0.0176762;-0.00130901
-0.0451426;-0.397445;0;-2.95793e-05;-0.212718;0.0159096;-0.00117818
-0.0401447;-0.39798;0;-2.63915e-05;-0.18908;0.014142;-0.00104728
-0.0351405;-0.398453;0;-2.32023e-05;-0.165432;0.0123737;-0.000916329
-0.0301307;-0.398864;0;-2.00176e-05;-0.141817;0.0106078;-0.000785556
-0.0251162;-0.399211;0;-1.68254e-05;-0.118146;0.00883774;-0.000654477
-0.0200977;-0.399495;0;-1.36329e-05;-0.0944742;0.00706759;-0.000523389
-0.0150761;-0.399716;0;-1.04408e-05;-0.0708041;0.0052976;-0.000392313
-0.010052;-0.399874;0;-7.24947e-06;-0.04714;0.00352806;-0.000261269
-0.00502642;-0.399968;0;-4.05944e-06;-0.0234855;0.00175923;-0.000130279
-7.34788e-17;-0.4;0;-8.71207e-07;0.000155655;-8.59414e-06;6.36437e-07
0.00502642;-0.399968;0;2.29202e-06;0.0236114;-0.00176255;0.000130525
0.010052;-0.399874;0;5.46803e-06;0.047162;-0.00352358;0.000260938
0.0150761;-0.399716;0;8.64669e-06;0.0707321;-0.00528607;0.000391459
0.0200977;-0.399495;0;1.18275e-05;0.0943182;-0.00704976;0.000522068
0.0251162;-0.399211;0;1.50099e-05;0.117916;-0.00881435;0.000652745
0.0301307;-0.398864;0;1.81935e-05;0.141523;-0.0105796;0.000783468
0.0351405;-0.398453;0;2.13777e-05;0.165135;-0.0123452;0.000914217
0.0401447;-0.39798;0;2.45621e-05;0.188747;-0.0141108;0.00104497
0.0451426;-0.397445;0;2.77461e-05;0.212357;-0.0158763;0.00117571
0.0501333;-0.396846;0;3.09292e-05;0.23596;-0.0176412;0.00130642
0.0551161;-0.396185;0;3.40951e-05;0.259437;-0.0193968;0.00143643
0.0600902;-0.395461;0;3.7272e-05;0.282997;-0.0211586;0.00156689
0.0650549;-0.394674;0;4.03656e-05;0.305966;-0.022874;0.00169393
0.0700092;-0.393826;0;4.35085e-05;0.329302;-0.0246166;0.00182298
0.0749525;-0.392915;0;4.66516e-05;0.35264;-0.0263595;0.00195204
0.079884;-0.391942;0;4.97946e-05;0.375977;-0.0281022;0.0020811
0.0848028;-0.390907;0;5.28688e-05;0.398801;-0.0298068;0.00220734
0.0897083;-0.389811;0;5.59674e-05;0.421803;-0.031525;0.00233457
0.0945996;-0.388653;0;5.90668e-05;0.444811;-0.0332436;0.00246184
0.099476;-0.387433;0;6.21666e-05;0.467821;-0.0349623;0.00258913
0.104337;-0.386153;0;6.52662e-05;0.49083;-0.036681;0.0027164
0.109181;-0.384811;0;6.83651e-05;0.513834;-0.0383994;0.00284366
0.114008;-0.383409;0;7.1463e-05;0.53683;-0.0401171;0.00297086
0.118817;-0.381946;0;7.44221e-05;0.558832;-0.0417579;0.00309237
0.123607;-0.380423;0;7.74152e-05;0.581108;-0.0434175;0.00321527
0.128377;-0.378839;0;8.041e-05;0.603395;-0.0450781;0.00333825
0.133128;-0.377196;0;8.34058e-05;0.625691;-0.0467392;0.00346126
0.137857;-0.375494;0;8.64023e-05;0.647992;-0.0484007;0.0035843
0.142565;-0.373732;0;8.93989e-05;0.670293;-0.0500623;0.00370735
0.14725;-0.371911;0;9.23952e-05;0.692593;-0.0517237;0.00383039
0.151912;-0.370031;0;9.53907e-05;0.714886;-0.0533847;0.00395339
0.156549;-0.368093;0;9.83849e-05;0.73717;-0.0550449;0.00407634
0.161163;-0.366096;0;0.000101377;0.759441;-0.0567042;0.00419922
0.16575;-0.364042;0;0.000104368;0.781695;-0.0583623;0.00432201
0.170312;-0.361931;0;0.000107305;0.803556;-0.0599911;0.00444263
0.174846;-0.359762;0;0.00011016;0.824821;-0.0615742;0.00455987
0.179353;-0.357537;0;0.000112931;0.845507;-0.0631103;0.00467362
0.183832;-0.355255;0;0.000115703;0.866206;-0.0646473;0.00478744
0.188282;-0.352916;0;0.000118476;0.886915;-0.0661852;0.00490133
0.192701;-0.350523;0;0.00012125;0.907631;-0.0677235;0.00501525
0.197091;-0.348074;0;0.000124025;0.928352;-0.0692622;0.00512919
0.201449;-0.345569;0;0.0001268;0.949073;-0.0708008;0.00524314
0.205776;-0.343011;0;0.000129575;0.969791;-0.0723393;0.00535707
0.21007;-0.340398;0;0.000132348;0.990503;-0.0738774;0.00547097
0.214331;-0.337731;0;0.000135121;1.01121;-0.0754147;0.00558482
0.218558;-0.335011;0;0.000137892;1.0319;-0.0769512;0.0056986
0.22275;-0.332238;0;0.000140661;1.05257;-0.0784864;0.00581229
0.226908;-0.329413;0;0.000143315;1.07241;-0.0799582;0.00592129
0.231029;-0.326536;0;0.000145789;1.09096;-0.0813299;0.00602287
0.235114;-0.323607;0;0.000148265;1.10953;-0.0827027;0.00612453
0.239162;-0.320627;0;0.000150742;1.12811;-0.0840764;0.00622626
0.243172;-0.317596;0;0.000153221;1.14669;-0.0854509;0.00632804
0.247144;-0.314515;0;0.0001557;1.16529;-0.0868258;0.00642986
0.251077;-0.311385;0;0.00015818;1.18388;-0.088201;0.0065317
0.25497;-0.308205;0;0.00016066;1.20248;-0.0895762;0.00663354
0.258822;-0.304977;0;0.00016314;1.22108;-0.0909513;0.00673537
0.262634;-0.301701;0;0.000165619;1.23967;-0.0923259;0.00683717
0.266405;-0.298376;0;0.000168097;1.25825;-0.0937;0.00693893
0.270133;-0.295005;0;0.000170574;1.27682;-0.0950732;0.00704062
0.273819;-0.291587;0;0.000173049;1.29538;-0.0964454;0.00714224
0.277461;-0.288124;0;0.000175477;1.31359;-0.0977921;0.00724197
0.28106;-0.284614;0;0.00017766;1.33;-0.0990023;0.00733159
0.284614;-0.28106;0;0.00017979;1.34605;-0.100184;0.00741908
0.288124;-0.277461;0;0.000181922;1.36211;-0.101366;0.00750662
0.291587;-0.273819;0;0.000184054;1.37817;-0.102548;0.00759419
0.295005;-0.270133;0;0.000186187;1.39424;-0.103731;0.00768178
0.298376;-0.266405;0;0.00018832;1.4103;-0.104914;0.00776937
0.301701;-0.262634;0;0.000190453;1.42637;-0.106096;0.00785695
0.304977;-0.258822;0;0.000192585;1.44243;-0.107279;0.00794451
0.308205;-0.25497;0;0.000194717;1.45848;-0.108461;0.00803203
0.311385;-0.251077;0;0.000196847;1.47452;-0.109642;0.0081195
0.314515;-0.247144;0;0.000198975;1.49056;-0.110822;0.0082069
0.317596;-0.243172;0;0.000201032;1.50605;-0.111963;0.00829136
0.320627;-0.239162;0;0.000202753;1.51908;-0.112917;0.00836205
0.323607;-0.235114;0;0.000204476;1.53211;-0.113872;0.00843279
0.326536;-0.231029;0;0.0002062;1.54515;-0.114828;0.00850359
0.329413;-0.226908;0;0.000207925;1.55819;-0.115785;0.00857442
0.332238;-0.22275;0;0.00020965;1.57124;-0.116742;0.00864527
0.335011;-0.218558;0;0.000211376;1.5843;-0.117699;0.00871614
0.337731;-0.214331;0;0.000213102;1.59735;-0.118656;0.00878701
0.340398;-0.21007;0;0.000214828;1.6104;-0.119613;0.00885788
0.343011;-0.205776;0;0.000216553;1.62345;-0.120569;0.00892872
0.345569;-0.201449;0;0.000218277;1.6365;-0.121525;0.00899954
0.348074;-0.197091;0;0.000220001;1.64953;-0.122481;0.00907031
0.350523;-0.192701;0;0.000221723;1.66256;-0.123436;0.00914103
0.352916;-0.188282;0;0.000223443;1.67557;-0.12439;0.00921168
0.355255;-0.183832;0;0.000224942;1.68692;-0.125221;0.00927322
0.357537;-0.179353;0;0.000226221;1.69664;-0.125931;0.00932575
0.359762;-0.174846;0;0.000227501;1.70636;-0.12664;0.00937831
0.361931;-0.170312;0;0.000228725;1.71565;-0.127319;0.00942856
0.364042;-0.16575;0;0.00022994;1.72488;-0.127993;0.00947845
0.366096;-0.161163;0;0.000231155;1.7341;-0.128667;0.00952837
0.368093;-0.156549;0;0.000232371;1.74333;-0.129341;0.00957829
0.370031;-0.151912;0;0.000233586;1.75256;-0.130015;0.0096282
0.371911;-0.14725;0;0.000234802;1.76178;-0.130689;0.00967811
0.373732;-0.142565;0;0.000236016;1.771;-0.131362;0.009728
0.375494;-0.137857;0;0.000237231;1.78022;-0.132036;0.00977786
0.377196;-0.133128;0;0.000238444;1.78943;-0.132708;0.00982769
0.378839;-0.128377;0;0.000239651;1.7986;-0.133378;0.00987726
0.380423;-0.123607;0;0.000240738;1.80687;-0.133981;0.00992192
0.381946;-0.118817;0;0.000241524;1.81287;-0.134416;0.00995418
0.383409;-0.114008;0;0.000242311;1.81887;-0.134852;0.00998645
0.384811;-0.109181;0;0.000243097;1.82488;-0.135288;0.0100187
0.386153;-0.104337;0;0.000243844;1.83057;-0.135702;0.0100494
0.387433;-0.099476;0;0.000244516;1.8357;-0.136075;0.010077
0.388653;-0.0945996;0;0.000245189;1.84082;-0.136448;0.0101047
0.389811;-0.0897083;0;0.000245862;1.84595;-0.136822;0.0101323
0.390907;-0.0848028;0;0.000246536;1.85107;-0.137195;0.0101599
0.391942;-0.079884;0;0.000247209;1.8562;-0.137568;0.0101876
0.392915;-0.0749525;0;0.000247881;1.86132;-0.137941;0.0102152
0.393826;-0.0700092;0;0.000248554;1.86644;-0.138314;0.0102428
0.394674;-0.0650549;0;0.000249226;1.87156;-0.138687;0.0102704
0.395461;-0.0600902;0;0.000249898;1.87667;-0.139059;0.010298
0.396185;-0.0551161;0;0.000250305;1.87979;-0.139285;0.0103147
0.396846;-0.0501333;0;0.000250609;1.88213;-0.139453;0.0103272
0.397445;-0.0451426;0;0.000250913;1.88447;-0.139622;0.0103396
0.39798;-0.0401447;0;0.000251128;1.88612;-0.13974;0.0103484
0.398453;-0.0351405;0;0.000251268;1.8872;-0.139818;0.0103542
0.398864;-0.0301307;0;0.000251407;1.88827;-0.139895;0.0103599
0.399211;-0.0251162;0;0.000251547;1.88934;-0.139973;0.0103657
0.399495;-0.0200977;0;0.000251687;1.89041;-0.14005;0.0103714
0.399716;-0.0150761;0;0.000251827;1.89149;-0.140128;0.0103771
0.399874;-0.010052;0;0.000251967;1.89256;-0.140206;0.0103829
0.399968;-0.00502642;0;0.000252107;1.89363;-0.140283;0.0103886
