0.4;0;0;0.00029116;1.99881;-0.140359;0.0103943
0.399968;0.00502642;0;0.000291005;1.99756;-0.140279;0.0103883
0.399874;0.010052;0;0.000290846;1.99629;-0.140196;0.0103822
0.399716;0.0150761;0;0.000290687;1.99501;-0.140114;0.0103761
0.399495;0.0200977;0;0.000290529;1.99374;-0.140032;0.01037
0.399211;0.0251162;0;0.00029037;1.99247;-0.13995;0.0103639
0.398864;0.0301307;0;0.000290212;1.99119;-0.139867;0.0103578
0.398453;0.0351405;0;0.000290053;1.98992;-0.139785;0.0103518
0.39798;0.0401447;0;0.000289895;1.98865;-0.139703;0.0103457
0.397445;0.0451426;0;0.000289607;1.98648;-0.139552;0.0103345
0.396846;0.0501333;0;0.000289251;1.98383;-0.139365;0.0103206
0.396185;0.0551161;0;0.000288894;1.98119;-0.139178;0.0103068
0.395461;0.0600902;0;0.000288538;1.97855;-0.138991;0.0102929
0.394674;0.0650549;0;0.000287897;1.97364;-0.138655;0.0102681
0.393826;0.0700092;0;0.000287195;1.96825;-0.138289;0.0102409
0.392915;0.0749525;0;0.000286493;1.96287;-0.137921;0.0102137
0.391942;0.079884;0;0.00028579;1.95748;-0.137554;0.0101866
0.390907;0.0848028;0;0.000285087;1.95208;-0.137187;0.0101594
0.389811;0.0897083;0;0.000284384;1.94669;-0.13682;0.0101321
0.388653;0.0945996;0;0.000283682;1.9413;-0.136452;0.0101049
0.387433;0.099476;0;0.000282979;1.93591;-0.136085;0.0100777
0.386153;0.104337;0;0.000282238;1.93028;-0.135698;0.0100491
0.384811;0.109181;0;0.000281375;1.92378;-0.135245;0.0100156
0.383409;0.114008;0;0.000280512;1.91729;-0.134793;0.00998205
0.381946;0.118817;0;0.000279649;1.9108;-0.134341;0.00994855
0.380423;0.123607;0;0.000278786;1.90431;-0.133888;0.00991507
0.378839;0.128377;0;0.000277663;1.89584;-0.1333;0.0098715
0.377196;0.133128;0;0.00027637;1.88608;-0.132623;0.0098214
0.375494;0.137857;0;0.000275083;1.87632;-0.13195;0.00977152
0.373732;0.142565;0;0.000273797;1.86656;-0.131276;0.00972165
0.371911;0.14725;0;0.000272509;1.8568;-0.130603;0.00967174
0.370031;0.151912;0;0.000271221;1.84703;-0.129929;0.00962182
0.368093;0.156549;0;0.000269933;1.83727;-0.129254;0.0095719
0.366096;0.161163;0;0.000268645;1.8275;-0.12858;0.00952197
0.364042;0.16575;0;0.000267357;1.81773;-0.127906;0.00947204
0.361931;0.170312;0;0.000266069;1.80797;-0.127232;0.00942214
0.359762;0.174846;0;0.000264782;1.79821;-0.126558;0.00937225
0.357537;0.179353;0;0.000263496;1.78846;-0.125885;0.0093224
0.355255;0.183832;0;0.000262211;1.77871;-0.125212;0.00927258
0.352916;0.188282;0;0.000260656;1.76697;-0.124399;0.00921231
0.350523;0.192701;0;0.000258837;1.75326;-0.123446;0.00914176
0.348074;0.197091;0;0.000257015;1.73954;-0.122492;0.00907114
0.345569;0.201449;0;0.000255193;1.72581;-0.121538;0.00900047
0.343011;0.205776;0;0.000253369;1.71207;-0.120583;0.00892976
0.340398;0.21007;0;0.000251544;1.69833;-0.119628;0.00885902
0.337731;0.214331;0;0.000249719;1.68458;-0.118672;0.00878826
0.335011;0.218558;0;0.000247894;1.67083;-0.117717;0.00871749
0.332238;0.22275;0;0.000246069;1.65708;-0.116761;0.00864672
0.329413;0.226908;0;0.000244244;1.64333;-0.115806;0.00857597
0.326536;0.231029;0;0.00024242;1.62959;-0.114851;0.00850524
0.323607;0.235114;0;0.000240595;1.61584;-0.113895;0.00843446
0.320627;0.239162;0;0.000238764;1.60206;-0.112936;0.00836348
0.317596;0.243172;0;0.000236935;1.58828;-0.111979;0.00829255
0.314515;0.247144;0;0.000234844;1.57258;-0.110883;0.00821144
0.311385;0.251077;0;0.000232593;1.55569;-0.109705;0.00812417
0.308205;0.25497;0;0.00023034;1.5388;-0.108526;0.00803684
0.304977;0.258822;0;0.000228085;1.52189;-0.107345;0.0079494
0.301701;0.262634;0;0.000225827;1.50496;-0.106163;0.00786184
0.298376;0.266405;0;0.000223567;1.48801;-0.104979;0.0077742
0.295005;0.270133;0;0.000221304;1.47104;-0.103794;0.00768645
0.291587;0.273819;0;0.000219041;1.45408;-0.102609;0.0075987
0.288124;0.277461;0;0.000216778;1.43711;-0.101424;0.00751096
0.284614;0.28106;0;0.000214517;1.42015;-0.10024;0.00742326
0.28106;0.284614;0;0.000212256;1.4032;-0.0990564;0.0073356
0.277461;0.288124;0;0.00020996;1.386;-0.0978542;0.00724657
0.273819;0.291587;0;0.000207343;1.36646;-0.096484;0.0071451
0.270133;0.295005;0;0.000204724;1.3469;-0.0951124;0.00704353
0.266405;0.298376;0;0.000202102;1.32733;-0.0937398;0.00694188
0.262634;0.301701;0;0.000199479;1.30775;-0.0923665;0.00684018
0.258822;0.304977;0;0.000196855;1.28816;-0.0909925;0.00673842
0.25497;0.308205;0;0.00019423;1.26856;-0.0896181;0.00663665
0.251077;0.311385;0;0.000191604;1.24895;-0.088243;0.00653481
0.247144;0.314515;0;0.000188977;1.22934;-0.0868677;0.00643296
0.243172;0.317596;0;0.000186349;1.20972;-0.0854912;0.00633103
0.239162;0.320627;0;0.000183721;1.1901;-0.0841153;0.00622914
0.235114;0.323607;0;0.000181094;1.1705;-0.08274;0.00612729
0.231029;0.326536;0;0.000178469;1.1509;-0.0813655;0.0060255
0.226908;0.329413;0;0.000175847;1.13133;-0.0799922;0.0059238
0.22275;0.332238;0;0.000173062;1.11058;-0.078534;0.00581581
0.218558;0.335011;0;0.000170129;1.08878;-0.0769981;0.00570208
0.214331;0.337731;0;0.000167193;1.06696;-0.0754611;0.00558825
0.21007;0.340398;0;0.000164256;1.04513;-0.0739231;0.00547436
0.205776;0.343011;0;0.000161317;1.02329;-0.0723844;0.00536041
0.201449;0.345569;0;0.000158378;1.00144;-0.0708453;0.00524643
0.197091;0.348074;0;0.000155438;0.979584;-0.0693059;0.00513243
0.192701;0.350523;0;0.000152498;0.957733;-0.0677666;0.00501844
0.188282;0.352916;0;0.000149559;0.935885;-0.0662275;0.00490446
0.183832;0.355255;0;0.000146621;0.914045;-0.0646889;0.00479052
0.179353;0.357537;0;0.000143684;0.892215;-0.0631511;0.00467664
0.174846;0.359762;0;0.000140749;0.8704;-0.0616143;0.00456283
0.170312;0.361931;0;0.000137776;0.848306;-0.0600577;0.00444756
0.16575;0.364042;0;0.000134605;0.824838;-0.0583972;0.00432459
0.161163;0.366096;0;0.000131419;0.80126;-0.0567286;0.00420102
0.156549;0.368093;0;0.00012823;0.777658;-0.0550583;0.00407733
0.151912;0.370031;0;0.000125037;0.754035;-0.0533865;0.00395353
0.14725;0.371911;0;0.000121843;0.730396;-0.0517137;0.00382964
0.142565;0.373732;0;0.000118647;0.706745;-0.0500399;0.00370569
0.137857;0.375494;0;0.00011545;0.683085;-0.0483654;0.00358169
0.133128;0.377196;0;0.000112252;0.659419;-0.0466906;0.00345766
0.128377;0.378839;0;0.000109054;0.635752;-0.0450158;0.00333363
0.123607;0.380423;0;0.000105856;0.612087;-0.043341;0.00320961
0.118817;0.381946;0;0.000102736;0.589002;-0.0417074;0.00308863
0.114008;0.383409;0;9.94611e-05;0.56477;-0.0399927;0.00296165
0.109181;0.384811;0;9.61846e-05;0.540528;-0.0382773;0.00283462
0.104337;0.386153;0;9.29071e-05;0.51628;-0.0365614;0.00270755
0.099476;0.387433;0;8.96293e-05;0.492028;-0.0348454;0.00258046
0.0945996;0.388653;0;8.63516e-05;0.467777;-0.0331293;0.00245338
0.0897083;0.389811;0;8.30745e-05;0.443531;-0.0314136;0.00232633
0.0848028;0.390907;0;7.97986e-05;0.419293;-0.0296985;0.00219932
0.079884;0.391942;0;7.65244e-05;0.395068;-0.0279843;0.00207237
0.0749525;0.392915;0;7.32523e-05;0.370859;-0.0262713;0.00194551
0.0700092;0.393826;0;6.9983e-05;0.34667;-0.0245596;0.00181876
0.0650549;0.394674;0;6.67169e-05;0.322505;-0.0228497;0.00169213
0.0600902;0.395461;0;6.34545e-05;0.298368;-0.0211417;0.00156564
0.0551161;0.396185;0;6.01964e-05;0.274262;-0.0194359;0.00143932
0.0501333;0.396846;0;5.68443e-05;0.249513;-0.0176808;0.00130935
0.0451426;0.397445;0;5.34748e-05;0.224639;-0.0159164;0.00117869
0.0401447;0.39798;0;5.01015e-05;0.199735;-0.0141501;0.00104788
0.0351405;0.398453;0;4.67248e-05;0.174808;-0.012382;0.000916944
0.0301307;0.398864;0;4.33454e-05;0.149859;-0.0106124;0.0007859
0.0251162;0.399211;0;3.99637e-05;0.124894;-0.00884168;0.000654768
0.0200977;0.399495;0;3.65803e-05;0.0999166;-0.00707004;0.00052357
0.0150761;0.399716;0;3.31957e-05;0.0749302;-0.00529779;0.000392326
0.010052;0.399874;0;2.98105e-05;0.049939;-0.00352519;0.000261057
0.00502642;0.399968;0;2.64251e-05;0.024947;-0.00175254;0.000129784
2.44929e-17;0.4;0;2.30402e-05;-4.19697e-05;1.98971e-05;-1.47348e-06
-0.00502642;0.399968;0;1.96562e-05;-0.0250239;0.00179183;-0.000132694
-0.010052;0.399874;0;1.62737e-05;-0.0499947;0.00356299;-0.000263856
-0.0150761;0.399716;0;1.28932e-05;-0.0749507;0.00533308;-0.00039494
-0.0200977;0.399495;0;9.51531e-06;-0.0998878;0.00710184;-0.000525925
-0.0251162;0.399211;0;6.14048e-06;-0.124802;0.00886897;-0.00065679
-0.0301307;0.398864;0;2.76929e-06;-0.14969;0.0106342;-0.000787514
-0.0351405;0.398453;0;-5.69925e-07;-0.174341;0.0123824;-0.000916979
-0.0401447;0.39798;0;-3.89494e-06;-0.198898;0.0141232;-0.00104589
-0.0451426;0.397445;0;-7.21974e-06;-0.223464;0.0158641;-0.00117481
-0.0501333;0.396846;0;-1.05472e-05;-0.24805;0.0176065;-0.00130384
-0.0551161;0.396185;0;-1.38768e-05;-0.272652;0.01935;-0.00143296
-0.0600902;0.395461;0;-1.72081e-05;-0.297266;0.0210943;-0.00156214
-0.0650549;0.394674;0;-2.05404e-05;-0.321888;0.0228392;-0.00169135
-0.0700092;0.393826;0;-2.38733e-05;-0.346514;0.0245844;-0.00182059
-0.0749525;0.392915;0;-2.72063e-05;-0.371141;0.0263297;-0.00194984
-0.079884;0.391942;0;-3.05387e-05;-0.395764;0.0280746;-0.00207906
-0.0848028;0.390907;0;-3.38702e-05;-0.42038;0.0298191;-0.00220825
-0.0897083;0.389811;0;-3.72001e-05;-0.444984;0.0315627;-0.00233737
-0.0945996;0.388653;0;-4.0528e-05;-0.469573;0.0333053;-0.00246642
-0.099476;0.387433;0;-4.38532e-05;-0.494143;0.0350465;-0.00259536
-0.104337;0.386153;0;-4.7133e-05;-0.518382;0.0367636;-0.00272252
-0.109181;0.384811;0;-5.03311e-05;-0.542046;0.0384379;-0.00284651
-0.114008;0.383409;0;-5.3503e-05;-0.565537;0.0400989;-0.00296951
-0.118817;0.381946;0;-5.66774e-05;-0.589046;0.0417611;-0.00309261
-0.123607;0.380423;0;-5.98538e-05;-0.612569;0.0434244;-0.00321578
-0.128377;0.378839;0;-6.30316e-05;-0.636104;0.0450885;-0.00333901
-0.133128;0.377196;0;-6.62103e-05;-0.659645;0.046753;-0.00346228
-0.137857;0.375494;0;-6.93895e-05;-0.68319;0.0484178;-0.00358557
-0.142565;0.373732;0;-7.25687e-05;-0.706734;0.0500825;-0.00370885
-0.14725;0.371911;0;-7.57473e-05;-0.730274;0.051747;-0.00383211
-0.151912;0.370031;0;-7.89117e-05;-0.753711;0.0534039;-0.00395481
-0.156549;0.368093;0;-8.20773e-05;-0.777164;0.0550614;-0.00407756
-0.161163;0.366096;0;-8.52412e-05;-0.800605;0.0567181;-0.00420024
-0.16575;0.364042;0;-8.8403e-05;-0.82403;0.0583736;-0.00432284
-0.170312;0.361931;0;-9.15621e-05;-0.847435;0.0600277;-0.00444534
-0.174846;0.359762;0;-9.45998e-05;-0.869998;0.0616183;-0.00456313
-0.179353;0.357537;0;-9.75174e-05;-0.891692;0.0631459;-0.00467625
-0.183832;0.355255;0;-0.000100437;-0.913403;0.0646746;-0.00478947
-0.188282;0.352916;0;-0.000103359;-0.935126;0.0662043;-0.00490274
-0.192701;0.350523;0;-0.000106282;-0.95686;0.0677347;-0.00501608
-0.197091;0.348074;0;-0.000109205;-0.9786;0.0692655;-0.00512944
-0.201449;0.345569;0;-0.000112129;-1.00034;0.0707965;-0.00524281
-0.205776;0.343011;0;-0.000115053;-1.02208;0.0723274;-0.00535619
-0.21007;0.340398;0;-0.000117977;-1.04382;0.0738581;-0.00546954
-0.214331;0.337731;0;-0.000120899;-1.06555;0.0753882;-0.00558285
-0.218558;0.335011;0;-0.00012382;-1.08727;0.0769175;-0.00569611
-0.22275;0.332238;0;-0.000126702;-1.10872;0.0784266;-0.00580786
-0.226908;0.329413;0;-0.000129542;-1.12989;0.0799138;-0.00591799
-0.231029;0.326536;0;-0.000132129;-1.14921;0.0812685;-0.00601832
-0.235114;0.323607;0;-0.000134752;-1.16879;0.082642;-0.00612004
-0.239162;0.320627;0;-0.000137377;-1.18838;0.0840164;-0.00622182
-0.243172;0.317596;0;-0.000140003;-1.20798;0.0853915;-0.00632365
-0.247144;0.314515;0;-0.00014263;-1.22759;0.0867671;-0.00642552
-0.251077;0.311385;0;-0.000145258;-1.2472;0.0881429;-0.0065274
-0.25497;0.308205;0;-0.000147886;-1.26682;0.0895188;-0.00662929
-0.258822;0.304977;0;-0.000150513;-1.28643;0.0908945;-0.00673117
-0.262634;0.301701;0;-0.00015314;-1.30604;0.0922698;-0.00683302
-0.266405;0.298376;0;-0.000155765;-1.32563;0.0936446;-0.00693483
-0.270133;0.295005;0;-0.000158389;-1.34522;0.0950184;-0.00703657
-0.273819;0.291587;0;-0.000161011;-1.36479;0.0963913;-0.00713823
-0.277461;0.288124;0;-0.000163473;-1.38324;0.0976803;-0.00723369
-0.28106;0.284614;0;-0.000165817;-1.40082;0.0989075;-0.00732457
-0.284614;0.28106;0;-0.000168092;-1.41787;0.100099;-0.0074128
-0.288124;0.277461;0;-0.000170368;-1.43492;0.101291;-0.00750106
-0.291587;0.273819;0;-0.000172644;-1.45197;0.102483;-0.00758935
-0.295005;0.270133;0;-0.000174921;-1.46903;0.103675;-0.00767765
-0.298376;0.266405;0;-0.000177198;-1.48609;0.104868;-0.00776595
-0.301701;0.262634;0;-0.000179474;-1.50315;0.10606;-0.00785423
-0.304977;0.258822;0;-0.00018175;-1.5202;0.107251;-0.00794248
-0.308205;0.25497;0;-0.000184024;-1.53724;0.108443;-0.00803068
-0.311385;0.251077;0;-0.000186297;-1.55427;0.109633;-0.00811883
-0.314515;0.247144;0;-0.000188568;-1.57129;0.110822;-0.00820691
-0.317596;0.243172;0;-0.000190688;-1.58721;0.111932;-0.00828912
-0.320627;0.239162;0;-0.000192523;-1.60101;0.112893;-0.00836027
-0.323607;0.235114;0;-0.000194359;-1.61483;0.113855;-0.00843148
-0.326536;0.231029;0;-0.000196196;-1.62865;0.114817;-0.00850273
-0.329413;0.226908;0;-0.000198034;-1.64248;0.115779;-0.00857402
-0.332238;0.22275;0;-0.000199872;-1.65632;0.116742;-0.00864533
-0.335011;0.218558;0;-0.000201711;-1.67016;0.117705;-0.00871664
-0.337731;0.214331;0;-0.000203522;-1.68381;0.118653;-0.00878685
-0.340398;0.21007;0;-0.000205334;-1.69746;0.119602;-0.0088571
-0.343011;0.205776;0;-0.000207145;-1.71112;0.12055;-0.00892733
-0.345569;0.201449;0;-0.000208956;-1.72477;0.121498;-0.00899753
-0.348074;0.197091;0;-0.000210766;-1.73841;0.122446;-0.0090677
-0.350523;0.192701;0;-0.000212574;-1.75204;0.123393;-0.00913782
-0.352916;0.188282;0;-0.000214381;-1.76567;0.124339;-0.00920789
-0.355255;0.183832;0;-0.000216013;-1.778;0.125193;-0.00927114
-0.357537;0.179353;0;-0.000217361;-1.78819;0.125899;-0.0093234
-0.359762;0.174846;0;-0.000218714;-1.79841;0.126607;-0.00937587
-0.361931;0.170312;0;-0.000220067;-1.80864;0.127316;-0.00942835
-0.364042;0.16575;0;-0.000221421;-1.81887;0.128025;-0.00948083
-0.366096;0.161163;0;-0.000222774;-1.82911;0.128733;-0.00953332
-0.368093;0.156549;0;-0.000224127;-1.83933;0.129442;-0.00958579
-0.370031;0.151912;0;-0.00022548;-1.84956;0.13015;-0.00963825
-0.371911;0.14725;0;-0.000226832;-1.85978;0.130858;-0.00969067
-0.373732;0.142565;0;-0.000228183;-1.86999;0.131566;-0.00974307
-0.375494;0.137857;0;-0.000229533;-1.8802;0.132273;-0.00979542
-0.377196;0.133128;0;-0.000230842;-1.89008;0.132958;-0.00984621
-0.378839;0.128377;0;-0.000231755;-1.89698;0.133437;-0.00988161
-0.380423;0.123607;0;-0.000232599;-1.90338;0.133879;-0.00991436
-0.381946;0.118817;0;-0.000233444;-1.90978;0.134321;-0.00994712
-0.383409;0.114008;0;-0.000234289;-1.91618;0.134764;-0.00997991
-0.384811;0.109181;0;-0.000235135;-1.92259;0.135207;-0.0100127
-0.386153;0.104337;0;-0.000235981;-1.929;0.13565;-0.0100455
-0.387433;0.099476;0;-0.000236827;-1.93541;0.136093;-0.0100783
-0.388653;0.0945996;0;-0.000237672;-1.94181;0.136536;-0.0101111
-0.389811;0.0897083;0;-0.000238518;-1.94822;0.136978;-0.0101439
-0.390907;0.0848028;0;-0.000239363;-1.95462;0.137421;-0.0101767
-0.391942;0.079884;0;-0.000240207;-1.96102;0.137863;-0.0102094
-0.392915;0.0749525;0;-0.000241051;-1.96741;0.138305;-0.0102422
-0.393826;0.0700092;0;-0.000241895;-1.9738;0.138747;-0.0102749
-0.394674;0.0650549;0;-0.00024273;-1.98013;0.139184;-0.0103073
-0.395461;0.0600902;0;-0.000243062;-1.98265;0.139358;-0.0103201
-0.396185;0.0551161;0;-0.000243341;-1.98476;0.139504;-0.0103309
-0.396846;0.0501333;0;-0.00024362;-1.98687;0.13965;-0.0103418
-0.397445;0.0451426;0;-0.000243899;-1.98898;0.139797;-0.0103526
-0.39798;0.0401447;0;-0.000244177;-1.99109;0.139943;-0.0103634
-0.398453;0.0351405;0;-0.00024445;-1.99315;0.140085;-0.010374
-0.398864;0.0301307;0;-0.000244714;-1.99516;0.140223;-0.0103842
-0.399211;0.0251162;0;-0.000244976;-1.99716;0.140361;-0.0103944
-0.399495;0.0200977;0;-0.000245237;-1.99915;0.140497;-0.0104045
-0.399716;0.0150761;0;-0.000245499;-2.00114;0.140634;-0.0104146
-0.399874;0.010052;0;-0.000245759;-2.00313;0.140771;-0.0104248
-0.399968;0.00502642;0;-0.00024602;-2.00512;0.140907;-0.0104349
-0.4;4.89859e-17;0;-0.00024628;-2.0071;0.141043;-0.0104449
-0.399968;-0.00502642;0;-0.0002461;-2.00573;0.140949;-0.0104379
-0.399874;-0.010052;0;-0.000245825;-2.00364;0.140805;-0.0104273
-0.399716;-0.0150761;0;-0.000245551;-2.00155;0.140662;-0.0104167
-0.399495;-0.0200977;0;-0.000245275;-1.99945;0.140518;-0.010406
-0.399211;-0.0251162;0;-0.000245;-1.99736;0.140373;-0.0103953
-0.398864;-0.0301307;0;-0.000244724;-1.99526;0.140229;-0.0103846
-0.398453;-0.0351405;0;-0.000244448;-1.99316;0.140085;-0.0103739
-0.39798;-0.0401447;0;-0.000244172;-1.99106;0.13994;-0.0103632
-0.397445;-0.0451426;0;-0.000243896;-1.98896;0.139796;-0.0103525
-0.396846;-0.0501333;0;-0.00024362;-1.98686;0.139651;-0.0103418
-0.396185;-0.0551161;0;-0.000243343;-1.98476;0.139506;-0.0103311
-0.395461;-0.0600902;0;-0.000243067;-1.98266;0.139362;-0.0103204
-0.394674;-0.0650549;0;-0.000242789;-1.98055;0.139217;-0.0103097
-0.393826;-0.0700092;0;-0.000241974;-1.97438;0.13879;-0.010278
-0.392915;-0.0749525;0;-0.000241139;-1.96805;0.138352;-0.0102456
-0.391942;-0.079884;0;-0.000240302;-1.96172;0.137914;-0.0102132
-0.390907;-0.0848028;0;-0.000239465;-1.95539;0.137476;-0.0101807
-0.389811;-0.0897083;0;-0.000238627;-1.94905;0.137037;-0.0101482
-0.388653;-0.0945996;0;-0.000237789;-1.94271;0.136598;-0.0101157
-0.387433;-0.099476;0;-0.000236951;-1.93636;0.136159;-0.0100832
-0.386153;-0.104337;0;-0.000236113;-1.93002;0.13572;-0.0100507
-0.384811;-0.109181;0;-0.000235274;-1.92367;0.135281;-0.0100182
-0.383409;-0.114008;0;-0.000234436;-1.91733;0.134842;-0.00998567
-0.381946;-0.118817;0;-0.000233598;-1.91099;0.134403;-0.00995316
-0.380423;-0.123607;0;-0.00023276;-1.90465;0.133964;-0.00992068
-0.378839;-0.128377;0;-0.000231881;-1.898;0.133504;-0.00988658
-0.377196;-0.133128;0;-0.000230629;-1.88849;0.132849;-0.00983807
-0.375494;-0.137857;0;-0.000229376;-1.87898;0.132193;-0.00978952
-0.373732;-0.142565;0;-0.000228123;-1.86946;0.131537;-0.00974095
-0.371911;-0.14725;0;-0.000226748;-1.85911;0.130816;-0.00968758
-0.370031;-0.151912;0;-0.000225355;-1.84864;0.130087;-0.00963355
-0.368093;-0.156549;0;-0.000223962;-1.83816;0.129357;-0.00957948
-0.366096;-0.161163;0;-0.000222568;-1.82767;0.128626;-0.00952539
-0.364042;-0.16575;0;-0.000221174;-1.81719;0.127896;-0.00947129
-0.361931;-0.170312;0;-0.00021978;-1.8067;0.127165;-0.00941719
-0.359762;-0.174846;0;-0.000218386;-1.79621;0.126435;-0.00936309
-0.357537;-0.179353;0;-0.000216992;-1.78573;0.125704;-0.009309
-0.355255;-0.183832;0;-0.000215427;-1.77391;0.124886;-0.00924838
-0.352916;-0.188282;0;-0.000213827;-1.76182;0.124048;-0.00918634
-0.350523;-0.192701;0;-0.000212153;-1.74918;0.123172;-0.0091215
-0.348074;-0.197091;0;-0.000210382;-1.7358;0.122245;-0.00905286
-0.345569;-0.201449;0;-0.00020861;-1.72242;0.121318;-0.00898419
-0.343011;-0.205776;0;-0.000206838;-1.70903;0.12039;-0.00891549
-0.340398;-0.21007;0;-0.000205065;-1.69563;0.119463;-0.00884678
-0.337731;-0.214331;0;-0.000203292;-1.68224;0.118535;-0.00877807
-0.335011;-0.218558;0;-0.00020152;-1.66885;0.117607;-0.00870937
-0.332238;-0.22275;0;-0.000199748;-1.65546;0.11668;-0.00864069
-0.329413;-0.226908;0;-0.000197976;-1.64208;0.115753;-0.00857204
-0.326536;-0.231029;0;-0.00019615;-1.62833;0.114796;-0.00850118
-0.323607;-0.235114;0;-0.000194298;-1.61442;0.113826;-0.00842934
-0.320627;-0.239162;0;-0.000192447;-1.60051;0.112856;-0.00835754
-0.317596;-0.243172;0;-0.000190592;-1.58656;0.111885;-0.00828558
-0.314515;-0.247144;0;-0.000188452;-1.57048;0.110764;-0.00820259
-0.311385;-0.251077;0;-0.000186176;-1.55343;0.109572;-0.00811434
-0.308205;-0.25497;0;-0.000183899;-1.53637;0.108379;-0.00802601
-0.304977;-0.258822;0;-0.00018162;-1.5193;0.107186;-0.00793763
-0.301701;-0.262634;0;-0.000179339;-1.50223;0.105992;-0.0078492
-0.298376;-0.266405;0;-0.000177058;-1.48514;0.104797;-0.00776074
-0.295005;-0.270133;0;-0.000174777;-1.46805;0.103602;-0.00767226
-0.291587;-0.273819;0;-0.000172495;-1.45096;0.102408;-0.00758378
-0.288124;-0.277461;0;-0.000170214;-1.43388;0.101213;-0.0074953
-0.284614;-0.28106;0;-0.000167933;-1.4168;0.100019;-0.00740686
-0.28106;-0.284614;0;-0.000165654;-1.39972;0.0988248;-0.00731845
-0.277461;-0.288124;0;-0.000163271;-1.38184;0.0975776;-0.00722609
-0.273819;-0.291587;0;-0.000160836;-1.36356;0.0963027;-0.00713168
-0.270133;-0.295005;0;-0.000158285;-1.34451;0.0949673;-0.00703278
-0.266405;-0.298376;0;-0.000155676;-1.32502;0.0936012;-0.00693161
-0.262634;-0.301701;0;-0.000153065;-1.30553;0.0922344;-0.00683039
-0.258822;-0.304977;0;-0.000150453;-1.28603;0.0908671;-0.00672914
-0.25497;-0.308205;0;-0.000147841;-1.26652;0.0894996;-0.00662787
-0.251077;-0.311385;0;-0.000145229;-1.24702;0.088132;-0.0065266
-0.247144;-0.314515;0;-0.000142618;-1.22751;0.0867647;-0.00642534
-0.243172;-0.317596;0;-0.000140007;-1.20802;0.0853977;-0.00632411
-0.239162;-0.320627;0;-0.000137397;-1.18853;0.0840314;-0.00622292
-0.235114;-0.323607;0;-0.000134789;-1.16905;0.0826658;-0.0061218
-0.231029;-0.326536;0;-0.000132183;-1.14959;0.0813013;-0.00602075
-0.226908;-0.329413;0;-0.000129512;-1.12967;0.0799031;-0.00591721
-0.22275;-0.332238;0;-0.000126675;-1.10851;0.0784172;-0.00580717
-0.218558;-0.335011;0;-0.00012378;-1.08698;0.0769012;-0.0056949
-0.214331;-0.337731;0;-0.000120856;-1.06525;0.0753704;-0.00558154
-0.21007;-0.340398;0;-0.000117931;-1.0435;0.073839;-0.00546813
-0.205776;-0.343011;0;-0.000115005;-1.02174;0.0723069;-0.00535467
-0.201449;-0.345569;0;-0.000112078;-0.999986;0.0707746;-0.0052412
-0.197091;-0.348074;0;-0.000109152;-0.978227;0.0692422;-0.00512772
-0.192701;-0.350523;0;-0.000106225;-0.95647;0.06771;-0.00501425
-0.188282;-0.352916;0;-0.0001033;-0.93472;0.0661783;-0.00490082
-0.183832;-0.355255;0;-0.000100375;-0.912979;0.0646472;-0.00478743
-0.179353;-0.357537;0;-9.74528e-05;-0.891251;0.063117;-0.00467411
-0.174846;-0.359762;0;-9.45325e-05;-0.86954;0.061588;-0.00456088
-0.170312;-0.361931;0;-9.15051e-05;-0.84703;0.0600028;-0.0044435
-0.16575;-0.364042;0;-8.8378e-05;-0.823857;0.0583655;-0.00432224
-0.161163;-0.366096;0;-8.52189e-05;-0.800454;0.0567114;-0.00419975
-0.156549;-0.368093;0;-8.20578e-05;-0.777035;0.0550562;-0.00407718
-0.151912;-0.370031;0;-7.88951e-05;-0.753606;0.0534002;-0.00395454
-0.14725;-0.371911;0;-7.57313e-05;-0.730168;0.0517437;-0.00383187
-0.142565;-0.373732;0;-7.25671e-05;-0.706727;0.0500869;-0.00370917
-0.137857;-0.375494;0;-6.94027e-05;-0.683285;0.0484301;-0.00358648
-0.133128;-0.377196;0;-6.62389e-05;-0.659847;0.0467735;-0.0034638
-0.128377;-0.378839;0;-6.3076e-05;-0.636416;0.0451174;-0.00334116
-0.123607;-0.380423;0;-5.99145e-05;-0.612996;0.0434621;-0.00321857
-0.118817;-0.381946;0;-5.6755e-05;-0.58959;0.0418077;-0.00309606
-0.114008;-0.383409;0;-5.35979e-05;-0.566203;0.0401547;-0.00297365
-0.109181;-0.384811;0;-5.0447e-05;-0.54286;0.0385049;-0.00285147
-0.104337;-0.386153;0;-4.71463e-05;-0.518454;0.0367765;-0.00272348
-0.099476;-0.387433;0;-4.38382e-05;-0.494005;0.0350444;-0.0025952
-0.0945996;-0.388653;0;-4.05283e-05;-0.469542;0.0333113;-0.00246686
-0.0897083;-0.389811;0;-3.72171e-05;-0.44507;0.0315775;-0.00233846
-0.0848028;-0.390907;0;-3.39074e-05;-0.420612;0.0298445;-0.00221013
-0.079884;-0.391942;0;-3.05917e-05;-0.39611;0.0281083;-0.00208156
-0.0749525;-0.392915;0;-2.72738e-05;-0.371592;0.026371;-0.0019529
-0.0700092;-0.393826;0;-2.39565e-05;-0.347078;0.024634;-0.00182426
-0.0650549;-0.394674;0;-2.06401e-05;-0.322571;0.0228974;-0.00169566
-0.0600902;-0.395461;0;-1.73252e-05;-0.298075;0.0211617;-0.00156712
-0.0551161;-0.396185;0;-1.40124e-05;-0.273595;0.019427;-0.00143866
-0.0501333;-0.396846;0;-1.06683e-05;-0.248901;0.0176762;-0.00130901
-0.0451426;-0.397445;0;-7.29448e-06;-0.223994;0.0159096;-0.00117818
-0.0401447;-0.39798;0;-3.91873e-06;-0.199073;0.014142;-0.00104728
-0.0351405;-0.398453;0;-5.41613e-07;-0.174141;0.0123737;-0.000916329
-0.0301307;-0.398864;0;2.83084e-06;-0.149244;0.0106078;-0.000785556
-0.0251162;-0.399211;0;6.21121e-06;-0.124288;0.00883774;-0.000654477
-0.0200977;-0.399495;0;9.59179e-06;-0.0993309;0.00706759;-0.000523389
-0.0150761;-0.399716;0;1.29721e-05;-0.074376;0.0052976;-0.000392313
-0.010052;-0.399874;0;1.63515e-05;-0.0494273;0.00352806;-0.000261269
-0.00502642;-0.399968;0;1.97296e-05;-0.0244889;0.00175923;-0.000130279
-7.34788e-17;-0.4;0;2.31057e-05;0.000435505;-8.59414e-06;6.36437e-07
0.00502642;-0.399968;0;2.64554e-05;0.0251636;-0.00176255;0.000130525
0.010052;-0.399874;0;2.98187e-05;0.0499899;-0.00352358;0.000260938
0.0150761;-0.399716;0;3.31849e-05;0.0748369;-0.00528607;0.000391459
0.0200977;-0.399495;0;3.65533e-05;0.0997006;-0.00704976;0.000522068
0.0251162;-0.399211;0;3.99234e-05;0.124577;-0.00881435;0.000652745
0.0301307;-0.398864;0;4.32947e-05;0.149463;-0.0105796;0.000783468
0.0351405;-0.398453;0;4.66667e-05;0.174353;-0.0123452;0.000914217
0.0401447;-0.39798;0;5.00389e-05;0.199244;-0.0141108;0.00104497
0.0451426;-0.397445;0;5.34107e-05;0.224133;-0.0158763;0.00117571
0.0501333;-0.396846;0;5.67815e-05;0.249014;-0.0176412;0.00130642
0.0551161;-0.396185;0;6.01343e-05;0.273825;-0.0193968;0.00143643
0.0600902;-0.395461;0;6.34988e-05;0.298722;-0.0211586;0.00156689
0.0650549;-0.394674;0;6.67744e-05;0.322931;-0.022874;0.00169393
0.0700092;-0.393826;0;7.01021e-05;0.347523;-0.0246166;0.00182298
0.0749525;-0.392915;0;7.34301e-05;0.372117;-0.0263595;0.00195204
0.079884;-0.391942;0;7.67579e-05;0.396711;-0.0281022;0.0020811
0.0848028;-0.390907;0;8.00135e-05;0.420778;-0.0298068;0.00220734
0.0897083;-0.389811;0;8.32952e-05;0.445047;-0.031525;0.00233457
0.0945996;-0.388653;0;8.65779e-05;0.469323;-0.0332436;0.00246184
0.099476;-0.387433;0;8.98609e-05;0.493601;-0.0349623;0.00258913
0.104337;-0.386153;0;9.31437e-05;0.517878;-0.036681;0.0027164
0.109181;-0.384811;0;9.64258e-05;0.542149;-0.0383994;0.00284366
0.114008;-0.383409;0;9.97068e-05;0.566412;-0.0401171;0.00297086
0.118817;-0.381946;0;0.00010284;0.589609;-0.0417579;0.00309237
0.123607;-0.380423;0;0.00010601;0.613085;-0.0434175;0.00321527
0.128377;-0.378839;0;0.000109181;0.636573;-0.0450781;0.00333825
0.133128;-0.377196;0;0.000112353;0.66007;-0.0467392;0.00346126
0.137857;-0.375494;0;0.000115526;0.683572;-0.0484007;0.0035843
0.142565;-0.373732;0;0.000118699;0.707075;-0.0500623;0.00370735
0.14725;-0.371911;0;0.000121871;0.730575;-0.0517237;0.00383039
0.151912;-0.370031;0;0.000125043;0.754069;-0.0533847;0.00395339
0.156549;-0.368093;0;0.000128214;0.777554;-0.0550449;0.00407634
0.161163;-0.366096;0;0.000131382;0.801024;-0.0567042;0.00419922
0.16575;-0.364042;0;0.000134549;0.824477;-0.0583623;0.00432201
0.170312;-0.361931;0;0.00013766;0.847532;-0.0599911;0.00444263
0.174846;-0.359762;0;0.000140684;0.869972;-0.0615742;0.00455987
0.179353;-0.357537;0;0.000143617;0.891778;-0.0631103;0.00467362
0.183832;-0.355255;0;0.000146553;0.913598;-0.0646473;0.00478744
0.188282;-0.352916;0;0.000149489;0.935429;-0.0661852;0.00490133
0.192701;-0.350523;0;0.000152427;0.957268;-0.0677235;0.00501525
0.197091;-0.348074;0;0.000155366;0.979111;-0.0692622;0.00512919
0.201449;-0.345569;0;0.000158304;1.00095;-0.0708008;0.00524314
0.205776;-0.343011;0;0.000161242;1.02279;-0.0723393;0.00535707
0.21007;-0.340398;0;0.000164179;1.04463;-0.0738774;0.00547097
0.214331;-0.337731;0;0.000167115;1.06645;-0.0754147;0.00558482
0.218558;-0.335011;0;0.000170049;1.08827;-0.0769512;0.0056986
0.22275;-0.332238;0;0.000172981;1.11006;-0.0784864;0.00581229
0.226908;-0.329413;0;0.000175793;1.13097;-0.0799582;0.00592129
0.231029;-0.326536;0;0.000178412;1.15053;-0.0813299;0.00602287
0.235114;-0.323607;0;0.000181034;1.1701;-0.0827027;0.00612453
0.239162;-0.320627;0;0.000183657;1.18969;-0.0840764;0.00622626
0.243172;-0.317596;0;0.000186282;1.20928;-0.0854509;0.00632804
0.247144;-0.314515;0;0.000188908;1.22889;-0.0868258;0.00642986
0.251077;-0.311385;0;0.000191534;1.24849;-0.088201;0.0065317
0.25497;-0.308205;0;0.00019416;1.2681;-0.0895762;0.00663354
0.258822;-0.304977;0;0.000196786;1.28771;-0.0909513;0.00673537
0.262634;-0.301701;0;0.000199411;1.30731;-0.0923259;0.00683717
0.266405;-0.298376;0;0.000202036;1.3269;-0.0937;0.00693893
0.270133;-0.295005;0;0.000204658;1.34647;-0.0950732;0.00704062
0.273819;-0.291587;0;0.000207279;1.36604;-0.0964454;0.00714224
0.277461;-0.288124;0;0.000209851;1.38525;-0.0977921;0.00724197
0.28106;-0.284614;0;0.000212162;1.40257;-0.0990023;0.00733159
0.284614;-0.28106;0;0.000214418;1.41949;-0.100184;0.00741908
0.288124;-0.277461;0;0.000216676;1.43642;-0.101366;0.00750662
0.291587;-0.273819;0;0.000218934;1.45335;-0.102548;0.00759419
0.295005;-0.270133;0;0.000221193;1.47029;-0.103731;0.00768178
0.298376;-0.266405;0;0.000223451;1.48722;-0.104914;0.00776937
0.301701;-0.262634;0;0.00022571;1.50416;-0.106096;0.00785695
0.304977;-0.258822;0;0.000227968;1.52109;-0.107279;0.00794451
0.308205;-0.25497;0;0.000230225;1.53802;-0.108461;0.00803203
0.311385;-0.251077;0;0.00023248;1.55493;-0.109642;0.0081195
0.314515;-0.247144;0;0.000234734;1.57183;-0.110822;0.0082069
0.317596;-0.243172;0;0.000236913;1.58816;-0.111963;0.00829136
0.320627;-0.239162;0;0.000238735;1.60189;-0.112917;0.00836205
0.323607;-0.235114;0;0.00024056;1.61563;-0.113872;0.00843279
0.326536;-0.231029;0;0.000242385;1.62938;-0.114828;0.00850359
0.329413;-0.226908;0;0.000244212;1.64314;-0.115785;0.00857442
0.332238;-0.22275;0;0.000246039;1.6569;-0.116742;0.00864527
0.335011;-0.218558;0;0.000247867;1.67066;-0.117699;0.00871614
0.337731;-0.214331;0;0.000249694;1.68442;-0.118656;0.00878701
0.340398;-0.21007;0;0.000251522;1.69819;-0.119613;0.00885788
0.343011;-0.205776;0;0.000253349;1.71195;-0.120569;0.00892872
0.345569;-0.201449;0;0.000255175;1.7257;-0.121525;0.00899954
0.348074;-0.197091;0;0.000257;1.73944;-0.122481;0.00907031
0.350523;-0.192701;0;0.000258823;1.75318;-0.123436;0.00914103
0.352916;-0.188282;0;0.000260645;1.7669;-0.12439;0.00921168
0.355255;-0.183832;0;0.000262233;1.77887;-0.125221;0.00927322
0.357537;-0.179353;0;0.000263587;1.78909;-0.125931;0.00932575
0.359762;-0.174846;0;0.000264942;1.79931;-0.12664;0.00937831
0.361931;-0.170312;0;0.000266238;1.80912;-0.127319;0.00942856
0.364042;-0.16575;0;0.000267525;1.81888;-0.127993;0.00947845
0.366096;-0.161163;0;0.000268813;1.82864;-0.128667;0.00952837
0.368093;-0.156549;0;0.000270101;1.8384;-0.129341;0.00957829
0.370031;-0.151912;0;0.000271389;1.84816;-0.130015;0.0096282
0.371911;-0.14725;0;0.000272676;1.85792;-0.130689;0.00967811
0.373732;-0.142565;0;0.000273963;1.86768;-0.131362;0.009728
0.375494;-0.137857;0;0.00027525;1.87743;-0.132036;0.00977786
0.377196;-0.133128;0;0.000276535;1.88718;-0.132708;0.00982769
0.378839;-0.128377;0;0.000277813;1.89686;-0.133378;0.00987726
0.380423;-0.123607;0;0.000278964;1.90556;-0.133981;0.00992192
0.381946;-0.118817;0;0.000279795;1.91182;-0.134416;0.00995418
0.383409;-0.114008;0;0.000280627;1.91808;-0.134852;0.00998645
0.384811;-0.109181;0;0.000281459;1.92435;-0.135288;0.0100187
0.386153;-0.104337;0;0.000282248;1.93033;-0.135702;0.0100494
0.387433;-0.099476;0;0.000282962;1.93578;-0.136075;0.010077
0.388653;-0.0945996;0;0.000283675;1.94124;-0.136448;0.0101047
0.389811;-0.0897083;0;0.000284389;1.9467;-0.136822;0.0101323
0.390907;-0.0848028;0;0.000285103;1.95216;-0.137195;0.0101599
0.391942;-0.079884;0;0.000285817;1.95762;-0.137568;0.0101876
0.392915;-0.0749525;0;0.00028653;1.96307;-0.137941;0.0102152
0.393826;-0.0700092;0;0.000287243;1.96853;-0.138314;0.0102428
0.394674;-0.0650549;0;0.000287956;1.97398;-0.138687;0.0102704
0.395461;-0.0600902;0;0.000288668;1.97943;-0.139059;0.010298
0.396185;-0.0551161;0;0.000289099;1.98268;-0.139285;0.0103147
0.396846;-0.0501333;0;0.00028942;1.98507;-0.139453;0.0103272
0.397445;-0.0451426;0;0.00028974;1.98746;-0.139622;0.0103396
0.39798;-0.0401447;0;0.000289967;1.9892;-0.13974;0.0103484
0.398453;-0.0351405;0;0.000290117;1.9904;-0.139818;0.0103542
0.398864;-0.0301307;0;0.000290266;1.9916;-0.139895;0.0103599
0.399211;-0.0251162;0;0.000290416;1.99281;-0.139973;0.0103657
0.399495;-0.0200977;0;0.000290565;1.99401;-0.14005;0.0103714
0.399716;-0.0150761;0;0.000290714;1.99522;-0.140128;0.0103771
0.399874;-0.010052;0;0.000290864;1.99642;-0.140206;0.0103829
0.399968;-0.00502642;0;0.000291013;1.99763;-0.140283;0.0103886
