0.4;0;0;0.000300614;2.00019;-0.140359;0.0103943
0.399968;0.00502642;0;0.000300459;1.99894;-0.140279;0.0103883
0.399874;0.010052;0;0.0003003;1.99765;-0.140196;0.0103822
0.399716;0.0150761;0;0.000300142;1.99637;-0.140114;0.0103761
0.399495;0.0200977;0;0.000299983;1.99509;-0.140032;0.01037
0.399211;0.0251162;0;0.000299824;1.99381;-0.13995;0.0103639
0.398864;0.0301307;0;0.000299666;1.99252;-0.139867;0.0103578
0.398453;0.0351405;0;0.000299507;1.99124;-0.139785;0.0103518
0.39798;0.0401447;0;0.000299349;1.98996;-0.139703;0.0103457
0.397445;0.0451426;0;0.000299061;1.98779;-0.139552;0.0103345
0.396846;0.0501333;0;0.000298705;1.98515;-0.139365;0.0103206
0.396185;0.0551161;0;0.000298349;1.9825;-0.139178;0.0103068
0.395461;0.0600902;0;0.000297994;1.97986;-0.138991;0.0102929
0.394674;0.0650549;0;0.000297353;1.97494;-0.138655;0.0102681
0.393826;0.0700092;0;0.000296652;1.96955;-0.138289;0.0102409
0.392915;0.0749525;0;0.00029595;1.96415;-0.137921;0.0102137
0.391942;0.079884;0;0.000295248;1.95876;-0.137554;0.0101866
0.390907;0.0848028;0;0.000294546;1.95336;-0.137187;0.0101594
0.389811;0.0897083;0;0.000293844;1.94796;-0.13682;0.0101321
0.388653;0.0945996;0;0.000293141;1.94256;-0.136452;0.0101049
0.387433;0.099476;0;0.000292439;1.93716;-0.136085;0.0100777
0.386153;0.104337;0;0.000291699;1.93152;-0.135698;0.0100491
0.384811;0.109181;0;0.000290837;1.92503;-0.135245;0.0100156
0.383409;0.114008;0;0.000289975;1.91854;-0.134793;0.00998205
0.381946;0.118817;0;0.000289113;1.91205;-0.134341;0.00994855
0.380423;0.123607;0;0.000288252;1.90556;-0.133888;0.00991507
0.378839;0.128377;0;0.000287129;1.89708;-0.1333;0.0098715
0.377196;0.133128;0;0.000285838;1.88732;-0.132623;0.0098214
0.375494;0.137857;0;0.000284553;1.87755;-0.13195;0.00977152
0.373732;0.142565;0;0.000283267;1.86778;-0.131276;0.00972165
0.371911;0.14725;0;0.000281981;1.85801;-0.130603;0.00967174
0.370031;0.151912;0;0.000280694;1.84824;-0.129929;0.00962182
0.368093;0.156549;0;0.000279407;1.83846;-0.129254;0.0095719
0.366096;0.161163;0;0.000278121;1.82869;-0.12858;0.00952197
0.364042;0.16575;0;0.000276834;1.81891;-0.127906;0.00947204
0.361931;0.170312;0;0.000275548;1.80914;-0.127232;0.00942214
0.359762;0.174846;0;0.000274262;1.79937;-0.126558;0.00937225
0.357537;0.179353;0;0.000272977;1.78961;-0.125885;0.0093224
0.355255;0.183832;0;0.000271693;1.77985;-0.125212;0.00927258
0.352916;0.188282;0;0.00027014;1.7681;-0.124399;0.00921231
0.350523;0.192701;0;0.000268322;1.75439;-0.123446;0.00914176
0.348074;0.197091;0;0.000266503;1.74066;-0.122492;0.00907114
0.345569;0.201449;0;0.000264682;1.72692;-0.121538;0.00900047
0.343011;0.205776;0;0.00026286;1.71317;-0.120583;0.00892976
0.340398;0.21007;0;0.000261038;1.69942;-0.119628;0.00885902
0.337731;0.214331;0;0.000259215;1.68566;-0.118672;0.00878826
0.335011;0.218558;0;0.000257391;1.6719;-0.117717;0.00871749
0.332238;0.22275;0;0.000255568;1.65814;-0.116761;0.00864672
0.329413;0.226908;0;0.000253746;1.64439;-0.115806;0.00857597
0.326536;0.231029;0;0.000251923;1.63064;-0.114851;0.00850524
0.323607;0.235114;0;0.0002501;1.61687;-0.113895;0.00843446
0.320627;0.239162;0;0.000248271;1.60308;-0.112936;0.00836348
0.317596;0.243172;0;0.000246444;1.5893;-0.111979;0.00829255
0.314515;0.247144;0;0.000244355;1.57359;-0.110883;0.00821144
0.311385;0.251077;0;0.000242106;1.55669;-0.109705;0.00812417
0.308205;0.25497;0;0.000239856;1.53979;-0.108526;0.00803684
0.304977;0.258822;0;0.000237604;1.52287;-0.107345;0.0079494
0.301701;0.262634;0;0.000235348;1.50593;-0.106163;0.00786184
0.298376;0.266405;0;0.00023309;1.48897;-0.104979;0.0077742
0.295005;0.270133;0;0.00023083;1.47199;-0.103794;0.00768645
0.291587;0.273819;0;0.000228569;1.45502;-0.102609;0.0075987
0.288124;0.277461;0;0.000226309;1.43804;-0.101424;0.00751096
0.284614;0.28106;0;0.00022405;1.42107;-0.10024;0.00742326
0.28106;0.284614;0;0.000221791;1.40411;-0.0990564;0.0073356
0.277461;0.288124;0;0.000219498;1.3869;-0.0978542;0.00724657
0.273819;0.291587;0;0.000216884;1.36735;-0.096484;0.0071451
0.270133;0.295005;0;0.000214267;1.34778;-0.0951124;0.00704353
0.266405;0.298376;0;0.000211648;1.3282;-0.0937398;0.00694188
0.262634;0.301701;0;0.000209028;1.3086;-0.0923665;0.00684018
0.258822;0.304977;0;0.000206407;1.289;-0.0909925;0.00673842
0.25497;0.308205;0;0.000203785;1.26939;-0.0896181;0.00663665
0.251077;0.311385;0;0.000201162;1.24977;-0.088243;0.00653481
0.247144;0.314515;0;0.000198538;1.23015;-0.0868677;0.00643296
0.243172;0.317596;0;0.000195912;1.21051;-0.0854912;0.00633103
0.239162;0.320627;0;0.000193287;1.19089;-0.0841153;0.00622914
0.235114;0.323607;0;0.000190663;1.17127;-0.08274;0.00612729
0.231029;0.326536;0;0.000188041;1.15167;-0.0813655;0.0060255
0.226908;0.329413;0;0.000185421;1.13208;-0.0799922;0.0059238
0.22275;0.332238;0;0.000182639;1.11132;-0.078534;0.00581581
0.218558;0.335011;0;0.000179709;1.0895;-0.0769981;0.00570208
0.214331;0.337731;0;0.000176777;1.06767;-0.0754611;0.00558825
0.21007;0.340398;0;0.000173843;1.04583;-0.0739231;0.00547436
0.205776;0.343011;0;0.000170908;1.02397;-0.0723844;0.00536041
0.201449;0.345569;0;0.000167971;1.00211;-0.0708453;0.00524643
0.197091;0.348074;0;0.000165035;0.980245;-0.0693059;0.00513243
0.192701;0.350523;0;0.000162098;0.958381;-0.0677666;0.00501844
0.188282;0.352916;0;0.000159162;0.93652;-0.0662275;0.00490446
0.183832;0.355255;0;0.000156227;0.914667;-0.0646889;0.00479052
0.179353;0.357537;0;0.000153293;0.892825;-0.0631511;0.00467664
0.174846;0.359762;0;0.000150361;0.870998;-0.0616143;0.00456283
0.170312;0.361931;0;0.000147391;0.84889;-0.0600577;0.00444756
0.16575;0.364042;0;0.000144224;0.825411;-0.0583972;0.00432459
0.161163;0.366096;0;0.000141041;0.801823;-0.0567286;0.00420102
0.156549;0.368093;0;0.000137856;0.77821;-0.0550583;0.00407733
0.151912;0.370031;0;0.000134667;0.754577;-0.0533865;0.00395353
0.14725;0.371911;0;0.000131476;0.730928;-0.0517137;0.00382964
0.142565;0.373732;0;0.000128284;0.707266;-0.0500399;0.00370569
0.137857;0.375494;0;0.00012509;0.683595;-0.0483654;0.00358169
0.133128;0.377196;0;0.000121896;0.65992;-0.0466906;0.00345766
0.128377;0.378839;0;0.000118701;0.636242;-0.0450158;0.00333363
0.123607;0.380423;0;0.000115507;0.612567;-0.043341;0.00320961
0.118817;0.381946;0;0.00011239;0.589469;-0.0417074;0.00308863
0.114008;0.383409;0;0.000109119;0.565221;-0.0399927;0.00296165
0.109181;0.384811;0;0.000105846;0.540963;-0.0382773;0.00283462
0.104337;0.386153;0;0.000102572;0.516698;-0.0365614;0.00270755
0.099476;0.387433;0;9.92972e-05;0.49243;-0.0348454;0.00258046
0.0945996;0.388653;0;9.6023e-05;0.468162;-0.0331293;0.00245338
0.0897083;0.389811;0;9.27494e-05;0.4439;-0.0314136;0.00232633
0.0848028;0.390907;0;8.9477e-05;0.419646;-0.0296985;0.00219932
0.079884;0.391942;0;8.62062e-05;0.395405;-0.0279843;0.00207237
0.0749525;0.392915;0;8.29376e-05;0.371179;-0.0262713;0.00194551
0.0700092;0.393826;0;7.96717e-05;0.346974;-0.0245596;0.00181876
0.0650549;0.394674;0;7.64091e-05;0.322793;-0.0228497;0.00169213
0.0600902;0.395461;0;7.31502e-05;0.298639;-0.0211417;0.00156564
0.0551161;0.396185;0;6.98955e-05;0.274517;-0.0194359;0.00143932
0.0501333;0.396846;0;6.65471e-05;0.249755;-0.0176808;0.00130935
0.0451426;0.397445;0;6.31812e-05;0.224866;-0.0159164;0.00117869
0.0401447;0.39798;0;5.98115e-05;0.199948;-0.0141501;0.00104788
0.0351405;0.398453;0;5.64385e-05;0.175006;-0.012382;0.000916944
0.0301307;0.398864;0;5.30627e-05;0.150043;-0.0106124;0.0007859
0.0251162;0.399211;0;4.96847e-05;0.125064;-0.00884168;0.000654768
0.0200977;0.399495;0;4.6305e-05;0.100072;-0.00707004;0.00052357
0.0150761;0.399716;0;4.2924e-05;0.0750715;-0.00529779;0.000392326
0.010052;0.399874;0;3.95424e-05;0.0500659;-0.00352519;0.000261057
0.00502642;0.399968;0;3.61607e-05;0.0250596;-0.00175254;0.000129784
2.44929e-17;0.4;0;3.27794e-05;5.63051e-05;1.98971e-05;-1.47348e-06
-0.00502642;0.399968;0;2.93991e-05;-0.0249399;0.00179183;-0.000132694
-0.010052;0.399874;0;2.60203e-05;-0.0499251;0.00356299;-0.000263856
-0.0150761;0.399716;0;2.26435e-05;-0.0748954;0.00533308;-0.00039494
-0.0200977;0.399495;0;1.92692e-05;-0.0998468;0.00710184;-0.000525925
-0.0251162;0.399211;0;1.5898e-05;-0.124775;0.00886897;-0.00065679
-0.0301307;0.398864;0;1.25305e-05;-0.149677;0.0106342;-0.000787514
-0.0351405;0.398453;0;9.19487e-06;-0.174341;0.0123824;-0.000916979
-0.0401447;0.39798;0;5.87344e-06;-0.198911;0.0141232;-0.00104589
-0.0451426;0.397445;0;2.55223e-06;-0.223491;0.0158641;-0.00117481
-0.0501333;0.396846;0;-7.71644e-07;-0.248092;0.0176065;-0.00130384
-0.0551161;0.396185;0;-4.09766e-06;-0.272708;0.01935;-0.00143296
-0.0600902;0.395461;0;-7.4253e-06;-0.297337;0.0210943;-0.00156214
-0.0650549;0.394674;0;-1.0754e-05;-0.321973;0.0228392;-0.00169135
-0.0700092;0.393826;0;-1.40833e-05;-0.346614;0.0245844;-0.00182059
-0.0749525;0.392915;0;-1.74127e-05;-0.371255;0.0263297;-0.00194984
-0.079884;0.391942;0;-2.07415e-05;-0.395892;0.0280746;-0.00207906
-0.0848028;0.390907;0;-2.40694e-05;-0.420522;0.0298191;-0.00220825
-0.0897083;0.389811;0;-2.73957e-05;-0.445141;0.0315627;-0.00233737
-0.0945996;0.388653;0;-3.072e-05;-0.469744;0.0333053;-0.00246642
-0.099476;0.387433;0;-3.40416e-05;-0.494328;0.0350465;-0.00259536
-0.104337;0.386153;0;-3.73179e-05;-0.518581;0.0367636;-0.00272252
-0.109181;0.384811;0;-4.05125e-05;-0.542255;0.0384379;-0.00284651
-0.114008;0.383409;0;-4.3681e-05;-0.565759;0.0400989;-0.00296951
-0.118817;0.381946;0;-4.68519e-05;-0.589281;0.0417611;-0.00309261
-0.123607;0.380423;0;-5.00248e-05;-0.612818;0.0434244;-0.00321578
-0.128377;0.378839;0;-5.31991e-05;-0.636365;0.0450885;-0.00333901
-0.133128;0.377196;0;-5.63744e-05;-0.659919;0.046753;-0.00346228
-0.137857;0.375494;0;-5.95502e-05;-0.683477;0.0484178;-0.00358557
-0.142565;0.373732;0;-6.27259e-05;-0.707034;0.0500825;-0.00370885
-0.14725;0.371911;0;-6.5901e-05;-0.730587;0.051747;-0.00383211
-0.151912;0.370031;0;-6.9062e-05;-0.754036;0.0534039;-0.00395481
-0.156549;0.368093;0;-7.22242e-05;-0.777504;0.0550614;-0.00407756
-0.161163;0.366096;0;-7.53847e-05;-0.800958;0.0567181;-0.00420024
-0.16575;0.364042;0;-7.8543e-05;-0.824397;0.0583736;-0.00432284
-0.170312;0.361931;0;-8.16987e-05;-0.847816;0.0600277;-0.00444534
-0.174846;0.359762;0;-8.47332e-05;-0.870396;0.0616183;-0.00456313
-0.179353;0.357537;0;-8.76476e-05;-0.892102;0.0631459;-0.00467625
-0.183832;0.355255;0;-9.05643e-05;-0.913825;0.0646746;-0.00478947
-0.188282;0.352916;0;-9.34827e-05;-0.935561;0.0662043;-0.00490274
-0.192701;0.350523;0;-9.64024e-05;-0.957307;0.0677347;-0.00501608
-0.197091;0.348074;0;-9.93229e-05;-0.97906;0.0692655;-0.00512944
-0.201449;0.345569;0;-0.000102244;-1.00082;0.0707965;-0.00524281
-0.205776;0.343011;0;-0.000105165;-1.02257;0.0723274;-0.00535619
-0.21007;0.340398;0;-0.000108085;-1.04432;0.0738581;-0.00546954
-0.214331;0.337731;0;-0.000111004;-1.06606;0.0753882;-0.00558285
-0.218558;0.335011;0;-0.000113922;-1.0878;0.0769175;-0.00569611
-0.22275;0.332238;0;-0.000116801;-1.10926;0.0784266;-0.00580786
-0.226908;0.329413;0;-0.000119637;-1.13045;0.0799138;-0.00591799
-0.231029;0.326536;0;-0.000122222;-1.14977;0.0812685;-0.00601832
-0.235114;0.323607;0;-0.000124842;-1.16936;0.082642;-0.00612004
-0.239162;0.320627;0;-0.000127464;-1.18897;0.0840164;-0.00622182
-0.243172;0.317596;0;-0.000130088;-1.20858;0.0853915;-0.00632365
-0.247144;0.314515;0;-0.000132712;-1.2282;0.0867671;-0.00642552
-0.251077;0.311385;0;-0.000135337;-1.24783;0.0881429;-0.0065274
-0.25497;0.308205;0;-0.000137961;-1.26745;0.0895188;-0.00662929
-0.258822;0.304977;0;-0.000140586;-1.28707;0.0908945;-0.00673117
-0.262634;0.301701;0;-0.00014321;-1.30669;0.0922698;-0.00683302
-0.266405;0.298376;0;-0.000145832;-1.3263;0.0936446;-0.00693483
-0.270133;0.295005;0;-0.000148453;-1.3459;0.0950184;-0.00703657
-0.273819;0.291587;0;-0.000151072;-1.36548;0.0963913;-0.00713823
-0.277461;0.288124;0;-0.000153532;-1.38394;0.0976803;-0.00723369
-0.28106;0.284614;0;-0.000155873;-1.40154;0.0989075;-0.00732457
-0.284614;0.28106;0;-0.000158146;-1.41859;0.100099;-0.0074128
-0.288124;0.277461;0;-0.000160419;-1.43565;0.101291;-0.00750106
-0.291587;0.273819;0;-0.000162693;-1.45271;0.102483;-0.00758935
-0.295005;0.270133;0;-0.000164967;-1.46978;0.103675;-0.00767765
-0.298376;0.266405;0;-0.000167242;-1.48685;0.104868;-0.00776595
-0.301701;0.262634;0;-0.000169516;-1.50391;0.10606;-0.00785423
-0.304977;0.258822;0;-0.000171789;-1.52097;0.107251;-0.00794248
-0.308205;0.25497;0;-0.000174061;-1.53802;0.108443;-0.00803068
-0.311385;0.251077;0;-0.000176331;-1.55506;0.109633;-0.00811883
-0.314515;0.247144;0;-0.000178599;-1.57209;0.110822;-0.00820691
-0.317596;0.243172;0;-0.000180717;-1.58802;0.111932;-0.00828912
-0.320627;0.239162;0;-0.000182549;-1.60183;0.112893;-0.00836027
-0.323607;0.235114;0;-0.000184383;-1.61566;0.113855;-0.00843148
-0.326536;0.231029;0;-0.000186219;-1.62949;0.114817;-0.00850273
-0.329413;0.226908;0;-0.000188055;-1.64333;0.115779;-0.00857402
-0.332238;0.22275;0;-0.000189891;-1.65717;0.116742;-0.00864533
-0.335011;0.218558;0;-0.000191728;-1.67101;0.117705;-0.00871664
-0.337731;0.214331;0;-0.000193537;-1.68467;0.118653;-0.00878685
-0.340398;0.21007;0;-0.000195346;-1.69834;0.119602;-0.0088571
-0.343011;0.205776;0;-0.000197156;-1.712;0.12055;-0.00892733
-0.345569;0.201449;0;-0.000198965;-1.72566;0.121498;-0.00899753
-0.348074;0.197091;0;-0.000200772;-1.73931;0.122446;-0.0090677
-0.350523;0.192701;0;-0.000202579;-1.75296;0.123393;-0.00913782
-0.352916;0.188282;0;-0.000204384;-1.76659;0.124339;-0.00920789
-0.355255;0.183832;0;-0.000206015;-1.77893;0.125193;-0.00927114
-0.357537;0.179353;0;-0.000207361;-1.78912;0.125899;-0.0093234
-0.359762;0.174846;0;-0.000208712;-1.79936;0.126607;-0.00937587
-0.361931;0.170312;0;-0.000210064;-1.80959;0.127316;-0.00942835
-0.364042;0.16575;0;-0.000211416;-1.81983;0.128025;-0.00948083
-0.366096;0.161163;0;-0.000212768;-1.83006;0.128733;-0.00953332
-0.368093;0.156549;0;-0.000214119;-1.8403;0.129442;-0.00958579
-0.370031;0.151912;0;-0.000215471;-1.85053;0.13015;-0.00963825
-0.371911;0.14725;0;-0.000216821;-1.86076;0.130858;-0.00969067
-0.373732;0.142565;0;-0.000218171;-1.87097;0.131566;-0.00974307
-0.375494;0.137857;0;-0.000219519;-1.88119;0.132273;-0.00979542
-0.377196;0.133128;0;-0.000220827;-1.89108;0.132958;-0.00984621
-0.378839;0.128377;0;-0.000221739;-1.89798;0.133437;-0.00988161
-0.380423;0.123607;0;-0.000222582;-1.90438;0.133879;-0.00991436
-0.381946;0.118817;0;-0.000223426;-1.91078;0.134321;-0.00994712
-0.383409;0.114008;0;-0.000224271;-1.91719;0.134764;-0.00997991
-0.384811;0.109181;0;-0.000225115;-1.9236;0.135207;-0.0100127
-0.386153;0.104337;0;-0.00022596;-1.93001;0.13565;-0.0100455
-0.387433;0.099476;0;-0.000226805;-1.93642;0.136093;-0.0100783
-0.388653;0.0945996;0;-0.00022765;-1.94283;0.136536;-0.0101111
-0.389811;0.0897083;0;-0.000228494;-1.94924;0.136978;-0.0101439
-0.390907;0.0848028;0;-0.000229338;-1.95565;0.137421;-0.0101767
-0.391942;0.079884;0;-0.000230182;-1.96205;0.137863;-0.0102094
-0.392915;0.0749525;0;-0.000231025;-1.96845;0.138305;-0.0102422
-0.393826;0.0700092;0;-0.000231867;-1.97484;0.138747;-0.0102749
-0.394674;0.0650549;0;-0.000232702;-1.98117;0.139184;-0.0103073
-0.395461;0.0600902;0;-0.000233033;-1.98369;0.139358;-0.0103201
-0.396185;0.0551161;0;-0.000233311;-1.9858;0.139504;-0.0103309
-0.396846;0.0501333;0;-0.00023359;-1.98791;0.13965;-0.0103418
-0.397445;0.0451426;0;-0.000233869;-1.99002;0.139797;-0.0103526
-0.39798;0.0401447;0;-0.000234147;-1.99213;0.139943;-0.0103634
-0.398453;0.0351405;0;-0.000234419;-1.99419;0.140085;-0.010374
-0.398864;0.0301307;0;-0.000234683;-1.9962;0.140223;-0.0103842
-0.399211;0.0251162;0;-0.000234944;-1.9982;0.140361;-0.0103944
-0.399495;0.0200977;0;-0.000235206;-2.00019;0.140497;-0.0104045
-0.399716;0.0150761;0;-0.000235467;-2.00219;0.140634;-0.0104146
-0.399874;0.010052;0;-0.000235727;-2.00418;0.140771;-0.0104248
-0.399968;0.00502642;0;-0.000235988;-2.00617;0.140907;-0.0104349
-0.4;4.89859e-17;0;-0.000236248;-2.00815;0.141043;-0.0104449
-0.399968;-0.00502642;0;-0.000236067;-2.00678;0.140949;-0.0104379
-0.399874;-0.010052;0;-0.000235793;-2.00469;0.140805;-0.0104273
-0.399716;-0.0150761;0;-0.000235519;-2.00259;0.140662;-0.0104167
-0.399495;-0.0200977;0;-0.000235244;-2.0005;0.140518;-0.010406
-0.399211;-0.0251162;0;-0.000234968;-1.9984;0.140373;-0.0103953
-0.398864;-0.0301307;0;-0.000234693;-1.9963;0.140229;-0.0103846
-0.398453;-0.0351405;0;-0.000234417;-1.9942;0.140085;-0.0103739
-0.39798;-0.0401447;0;-0.000234141;-1.9921;0.13994;-0.0103632
-0.397445;-0.0451426;0;-0.000233865;-1.98999;0.139796;-0.0103525
-0.396846;-0.0501333;0;-0.000233589;-1.98789;0.139651;-0.0103418
-0.396185;-0.0551161;0;-0.000233313;-1.98579;0.139506;-0.0103311
-0.395461;-0.0600902;0;-0.000233037;-1.98369;0.139362;-0.0103204
-0.394674;-0.0650549;0;-0.00023276;-1.98158;0.139217;-0.0103097
-0.393826;-0.0700092;0;-0.000231946;-1.9754;0.13879;-0.010278
-0.392915;-0.0749525;0;-0.000231111;-1.96907;0.138352;-0.0102456
-0.391942;-0.079884;0;-0.000230275;-1.96274;0.137914;-0.0102132
-0.390907;-0.0848028;0;-0.000229439;-1.9564;0.137476;-0.0101807
-0.389811;-0.0897083;0;-0.000228603;-1.95006;0.137037;-0.0101482
-0.388653;-0.0945996;0;-0.000227765;-1.94371;0.136598;-0.0101157
-0.387433;-0.099476;0;-0.000226928;-1.93737;0.136159;-0.0100832
-0.386153;-0.104337;0;-0.00022609;-1.93102;0.13572;-0.0100507
-0.384811;-0.109181;0;-0.000225253;-1.92467;0.135281;-0.0100182
-0.383409;-0.114008;0;-0.000224416;-1.91833;0.134842;-0.00998567
-0.381946;-0.118817;0;-0.000223578;-1.91198;0.134403;-0.00995316
-0.380423;-0.123607;0;-0.000222742;-1.90564;0.133964;-0.00992068
-0.378839;-0.128377;0;-0.000221863;-1.89898;0.133504;-0.00988658
-0.377196;-0.133128;0;-0.000220613;-1.88947;0.132849;-0.00983807
-0.375494;-0.137857;0;-0.000219361;-1.87995;0.132193;-0.00978952
-0.373732;-0.142565;0;-0.000218109;-1.87042;0.131537;-0.00974095
-0.371911;-0.14725;0;-0.000216735;-1.86007;0.130816;-0.00968758
-0.370031;-0.151912;0;-0.000215344;-1.8496;0.130087;-0.00963355
-0.368093;-0.156549;0;-0.000213953;-1.83912;0.129357;-0.00957948
-0.366096;-0.161163;0;-0.000212561;-1.82863;0.128626;-0.00952539
-0.364042;-0.16575;0;-0.000211168;-1.81815;0.127896;-0.00947129
-0.361931;-0.170312;0;-0.000209776;-1.80766;0.127165;-0.00941719
-0.359762;-0.174846;0;-0.000208383;-1.79717;0.126435;-0.00936309
-0.357537;-0.179353;0;-0.000206991;-1.78669;0.125704;-0.009309
-0.355255;-0.183832;0;-0.000205428;-1.77486;0.124886;-0.00924838
-0.352916;-0.188282;0;-0.000203829;-1.76276;0.124048;-0.00918634
-0.350523;-0.192701;0;-0.000202157;-1.75011;0.123172;-0.0091215
-0.348074;-0.197091;0;-0.000200388;-1.73672;0.122245;-0.00905286
-0.345569;-0.201449;0;-0.000198618;-1.72332;0.121318;-0.00898419
-0.343011;-0.205776;0;-0.000196847;-1.70992;0.12039;-0.00891549
-0.340398;-0.21007;0;-0.000195076;-1.69651;0.119463;-0.00884678
-0.337731;-0.214331;0;-0.000193305;-1.6831;0.118535;-0.00877807
-0.335011;-0.218558;0;-0.000191534;-1.6697;0.117607;-0.00870937
-0.332238;-0.22275;0;-0.000189764;-1.6563;0.11668;-0.00864069
-0.329413;-0.226908;0;-0.000187995;-1.6429;0.115753;-0.00857204
-0.326536;-0.231029;0;-0.00018617;-1.62915;0.114796;-0.00850118
-0.323607;-0.235114;0;-0.00018432;-1.61523;0.113826;-0.00842934
-0.320627;-0.239162;0;-0.000182471;-1.60131;0.112856;-0.00835754
-0.317596;-0.243172;0;-0.000180618;-1.58736;0.111885;-0.00828558
-0.314515;-0.247144;0;-0.00017848;-1.57126;0.110764;-0.00820259
-0.311385;-0.251077;0;-0.000176207;-1.55421;0.109572;-0.00811434
-0.308205;-0.25497;0;-0.000173932;-1.53714;0.108379;-0.00802601
-0.304977;-0.258822;0;-0.000171656;-1.52006;0.107186;-0.00793763
-0.301701;-0.262634;0;-0.000169378;-1.50298;0.105992;-0.0078492
-0.298376;-0.266405;0;-0.000167099;-1.48588;0.104797;-0.00776074
-0.295005;-0.270133;0;-0.00016482;-1.46879;0.103602;-0.00767226
-0.291587;-0.273819;0;-0.000162541;-1.45169;0.102408;-0.00758378
-0.288124;-0.277461;0;-0.000160263;-1.4346;0.101213;-0.0074953
-0.284614;-0.28106;0;-0.000157984;-1.41751;0.100019;-0.00740686
-0.28106;-0.284614;0;-0.000155707;-1.40042;0.0988248;-0.00731845
-0.277461;-0.288124;0;-0.000153327;-1.38253;0.0975776;-0.00722609
-0.273819;-0.291587;0;-0.000150894;-1.36423;0.0963027;-0.00713168
-0.270133;-0.295005;0;-0.000148346;-1.34517;0.0949673;-0.00703278
-0.266405;-0.298376;0;-0.000145739;-1.32567;0.0936012;-0.00693161
-0.262634;-0.301701;0;-0.000143132;-1.30616;0.0922344;-0.00683039
-0.258822;-0.304977;0;-0.000140523;-1.28665;0.0908671;-0.00672914
-0.25497;-0.308205;0;-0.000137914;-1.26713;0.0894996;-0.00662787
-0.251077;-0.311385;0;-0.000135304;-1.24762;0.088132;-0.0065266
-0.247144;-0.314515;0;-0.000132696;-1.2281;0.0867647;-0.00642534
-0.243172;-0.317596;0;-0.000130087;-1.20859;0.0853977;-0.00632411
-0.239162;-0.320627;0;-0.00012748;-1.18909;0.0840314;-0.00622292
-0.235114;-0.323607;0;-0.000124875;-1.16961;0.0826658;-0.0061218
-0.231029;-0.326536;0;-0.000122272;-1.15013;0.0813013;-0.00602075
-0.226908;-0.329413;0;-0.000119604;-1.13019;0.0799031;-0.00591721
-0.22275;-0.332238;0;-0.00011677;-1.10902;0.0784172;-0.00580717
-0.218558;-0.335011;0;-0.000113878;-1.08748;0.0769012;-0.0056949
-0.214331;-0.337731;0;-0.000110957;-1.06573;0.0753704;-0.00558154
-0.21007;-0.340398;0;-0.000108035;-1.04397;0.073839;-0.00546813
-0.205776;-0.343011;0;-0.000105112;-1.0222;0.0723069;-0.00535467
-0.201449;-0.345569;0;-0.000102189;-1.00043;0.0707746;-0.0052412
-0.197091;-0.348074;0;-9.92652e-05;-0.97866;0.0692422;-0.00512772
-0.192701;-0.350523;0;-9.6342e-05;-0.956891;0.06771;-0.00501425
-0.188282;-0.352916;0;-9.34195e-05;-0.935128;0.0661783;-0.00490082
-0.183832;-0.355255;0;-9.04984e-05;-0.913375;0.0646472;-0.00478743
-0.179353;-0.357537;0;-8.7579e-05;-0.891635;0.063117;-0.00467411
-0.174846;-0.359762;0;-8.46618e-05;-0.869911;0.061588;-0.00456088
-0.170312;-0.361931;0;-8.16376e-05;-0.847382;0.0600028;-0.0044435
-0.16575;-0.364042;0;-7.85139e-05;-0.824195;0.0583655;-0.00432224
-0.161163;-0.366096;0;-7.53582e-05;-0.800778;0.0567114;-0.00419975
-0.156549;-0.368093;0;-7.22005e-05;-0.777346;0.0550562;-0.00407718
-0.151912;-0.370031;0;-6.90412e-05;-0.753903;0.0534002;-0.00395454
-0.14725;-0.371911;0;-6.58809e-05;-0.730452;0.0517437;-0.00383187
-0.142565;-0.373732;0;-6.272e-05;-0.706998;0.0500869;-0.00370917
-0.137857;-0.375494;0;-5.95591e-05;-0.683542;0.0484301;-0.00358648
-0.133128;-0.377196;0;-5.63986e-05;-0.660091;0.0467735;-0.0034638
-0.128377;-0.378839;0;-5.32391e-05;-0.636646;0.0451174;-0.00334116
-0.123607;-0.380423;0;-5.0081e-05;-0.613213;0.0434621;-0.00321857
-0.118817;-0.381946;0;-4.69249e-05;-0.589794;0.0418077;-0.00309606
-0.114008;-0.383409;0;-4.37713e-05;-0.566393;0.0401547;-0.00297365
-0.109181;-0.384811;0;-4.06238e-05;-0.543037;0.0385049;-0.00285147
-0.104337;-0.386153;0;-3.73266e-05;-0.518615;0.0367765;-0.00272348
-0.099476;-0.387433;0;-3.4022e-05;-0.494152;0.0350444;-0.0025952
-0.0945996;-0.388653;0;-3.07157e-05;-0.469675;0.0333113;-0.00246686
-0.0897083;-0.389811;0;-2.74081e-05;-0.445189;0.0315775;-0.00233846
-0.0848028;-0.390907;0;-2.4102e-05;-0.420717;0.0298445;-0.00221013
-0.079884;-0.391942;0;-2.07898e-05;-0.396201;0.0281083;-0.00208156
-0.0749525;-0.392915;0;-1.74756e-05;-0.37167;0.026371;-0.0019529
-0.0700092;-0.393826;0;-1.41618e-05;-0.347142;0.024634;-0.00182426
-0.0650549;-0.394674;0;-1.0849e-05;-0.322621;0.0228974;-0.00169566
-0.0600902;-0.395461;0;-7.5377e-06;-0.298112;0.0211617;-0.00156712
-0.0551161;-0.396185;0;-4.22847e-06;-0.273617;0.019427;-0.00143866
-0.0501333;-0.396846;0;-8.87993e-07;-0.248911;0.0176762;-0.00130901
-0.0451426;-0.397445;0;2.48221e-06;-0.223989;0.0159096;-0.00117818
-0.0401447;-0.39798;0;5.85432e-06;-0.199054;0.014142;-0.00104728
-0.0351405;-0.398453;0;9.22779e-06;-0.174108;0.0123737;-0.000916329
-0.0301307;-0.398864;0;1.25966e-05;-0.149196;0.0106078;-0.000785556
-0.0251162;-0.399211;0;1.59733e-05;-0.124226;0.00883774;-0.000654477
-0.0200977;-0.399495;0;1.93502e-05;-0.099255;0.00706759;-0.000523389
-0.0150761;-0.399716;0;2.27269e-05;-0.0742858;0.0052976;-0.000392313
-0.010052;-0.399874;0;2.61026e-05;-0.0493228;0.00352806;-0.000261269
-0.00502642;-0.399968;0;2.94771e-05;-0.0243701;0.00175923;-0.000130279
-7.34788e-17;-0.4;0;3.28496e-05;0.000568539;-8.59414e-06;6.36437e-07
0.00502642;-0.399968;0;3.61956e-05;0.0253105;-0.00176255;0.000130525
0.010052;-0.399874;0;3.95553e-05;0.0501499;-0.00352358;0.000260938
0.0150761;-0.399716;0;4.29178e-05;0.0750099;-0.00528607;0.000391459
0.0200977;-0.399495;0;4.62825e-05;0.0998867;-0.00704976;0.000522068
0.0251162;-0.399211;0;4.9649e-05;0.124776;-0.00881435;0.000652745
0.0301307;-0.398864;0;5.30167e-05;0.149675;-0.0105796;0.000783468
0.0351405;-0.398453;0;5.63851e-05;0.174578;-0.0123452;0.000914217
0.0401447;-0.39798;0;5.97536e-05;0.199483;-0.0141108;0.00104497
0.0451426;-0.397445;0;6.31217e-05;0.224384;-0.0158763;0.00117571
0.0501333;-0.396846;0;6.64889e-05;0.249279;-0.0176412;0.00130642
0.0551161;-0.396185;0;6.98381e-05;0.274111;-0.0193968;0.00143643
0.0600902;-0.395461;0;7.3199e-05;0.29903;-0.0211586;0.00156689
0.0650549;-0.394674;0;7.64711e-05;0.323254;-0.022874;0.00169393
0.0700092;-0.393826;0;7.97952e-05;0.34786;-0.0246166;0.00182298
0.0749525;-0.392915;0;8.31196e-05;0.372469;-0.0263595;0.00195204
0.079884;-0.391942;0;8.64439e-05;0.397077;-0.0281022;0.0020811
0.0848028;-0.390907;0;8.96959e-05;0.42116;-0.0298068;0.00220734
0.0897083;-0.389811;0;9.29741e-05;0.445443;-0.031525;0.00233457
0.0945996;-0.388653;0;9.62532e-05;0.469733;-0.0332436;0.00246184
0.099476;-0.387433;0;9.95327e-05;0.494025;-0.0349623;0.00258913
0.104337;-0.386153;0;0.000102812;0.518316;-0.036681;0.0027164
0.109181;-0.384811;0;0.000106091;0.542602;-0.0383994;0.00284366
0.114008;-0.383409;0;0.000109368;0.56688;-0.0401171;0.00297086
0.118817;-0.381946;0;0.000112498;0.59009;-0.0417579;0.00309237
0.123607;-0.380423;0;0.000115664;0.613579;-0.0434175;0.00321527
0.128377;-0.378839;0;0.000118832;0.63708;-0.0450781;0.00333825
0.133128;-0.377196;0;0.000122;0.66059;-0.0467392;0.00346126
0.137857;-0.375494;0;0.00012517;0.684105;-0.0484007;0.0035843
0.142565;-0.373732;0;0.000128339;0.707621;-0.0500623;0.00370735
0.14725;-0.371911;0;0.000131509;0.731134;-0.0517237;0.00383039
0.151912;-0.370031;0;0.000134677;0.754642;-0.0533847;0.00395339
0.156549;-0.368093;0;0.000137844;0.778139;-0.0550449;0.00407634
0.161163;-0.366096;0;0.000141009;0.801623;-0.0567042;0.00419922
0.16575;-0.364042;0;0.000144172;0.825089;-0.0583623;0.00432201
0.170312;-0.361931;0;0.00014728;0.848156;-0.0599911;0.00444263
0.174846;-0.359762;0;0.000150301;0.870606;-0.0615742;0.00455987
0.179353;-0.357537;0;0.000153231;0.892425;-0.0631103;0.00467362
0.183832;-0.355255;0;0.000156163;0.914258;-0.0646473;0.00478744
0.188282;-0.352916;0;0.000159097;0.936102;-0.0661852;0.00490133
0.192701;-0.350523;0;0.000162031;0.957953;-0.0677235;0.00501525
0.197091;-0.348074;0;0.000164966;0.979809;-0.0692622;0.00512919
0.201449;-0.345569;0;0.000167902;1.00166;-0.0708008;0.00524314
0.205776;-0.343011;0;0.000170837;1.02352;-0.0723393;0.00535707
0.21007;-0.340398;0;0.000173771;1.04536;-0.0738774;0.00547097
0.214331;-0.337731;0;0.000176703;1.0672;-0.0754147;0.00558482
0.218558;-0.335011;0;0.000179634;1.08903;-0.0769512;0.0056986
0.22275;-0.332238;0;0.000182563;1.11083;-0.0784864;0.00581229
0.226908;-0.329413;0;0.000185371;1.13176;-0.0799582;0.00592129
0.231029;-0.326536;0;0.000187988;1.15132;-0.0813299;0.00602287
0.235114;-0.323607;0;0.000190607;1.17091;-0.0827027;0.00612453
0.239162;-0.320627;0;0.000193227;1.19051;-0.0840764;0.00622626
0.243172;-0.317596;0;0.000195849;1.21011;-0.0854509;0.00632804
0.247144;-0.314515;0;0.000198472;1.22973;-0.0868258;0.00642986
0.251077;-0.311385;0;0.000201095;1.24935;-0.088201;0.0065317
0.25497;-0.308205;0;0.000203719;1.26896;-0.0895762;0.00663354
0.258822;-0.304977;0;0.000206342;1.28858;-0.0909513;0.00673537
0.262634;-0.301701;0;0.000208964;1.30819;-0.0923259;0.00683717
0.266405;-0.298376;0;0.000211586;1.32779;-0.0937;0.00693893
0.270133;-0.295005;0;0.000214205;1.34738;-0.0950732;0.00704062
0.273819;-0.291587;0;0.000216823;1.36696;-0.0964454;0.00714224
0.277461;-0.288124;0;0.000219392;1.38618;-0.0977921;0.00724197
0.28106;-0.284614;0;0.000221701;1.40351;-0.0990023;0.00733159
0.284614;-0.28106;0;0.000223955;1.42044;-0.100184;0.00741908
0.288124;-0.277461;0;0.00022621;1.43738;-0.101366;0.00750662
0.291587;-0.273819;0;0.000228466;1.45432;-0.102548;0.00759419
0.295005;-0.270133;0;0.000230722;1.47127;-0.103731;0.00768178
0.298376;-0.266405;0;0.000232978;1.48821;-0.104914;0.00776937
0.301701;-0.262634;0;0.000235234;1.50516;-0.106096;0.00785695
0.304977;-0.258822;0;0.00023749;1.5221;-0.107279;0.00794451
0.308205;-0.25497;0;0.000239744;1.53903;-0.108461;0.00803203
0.311385;-0.251077;0;0.000241997;1.55596;-0.109642;0.0081195
0.314515;-0.247144;0;0.000244249;1.57287;-0.110822;0.0082069
0.317596;-0.243172;0;0.000246425;1.58921;-0.111963;0.00829136
0.320627;-0.239162;0;0.000248245;1.60295;-0.112917;0.00836205
0.323607;-0.235114;0;0.000250068;1.61669;-0.113872;0.00843279
0.326536;-0.231029;0;0.000251891;1.63045;-0.114828;0.00850359
0.329413;-0.226908;0;0.000253716;1.64421;-0.115785;0.00857442
0.332238;-0.22275;0;0.000255541;1.65798;-0.116742;0.00864527
0.335011;-0.218558;0;0.000257367;1.67175;-0.117699;0.00871614
0.337731;-0.214331;0;0.000259192;1.68553;-0.118656;0.00878701
0.340398;-0.21007;0;0.000261018;1.6993;-0.119613;0.00885788
0.343011;-0.205776;0;0.000262842;1.71306;-0.120569;0.00892872
0.345569;-0.201449;0;0.000264667;1.72682;-0.121525;0.00899954
0.348074;-0.197091;0;0.00026649;1.74058;-0.122481;0.00907031
0.350523;-0.192701;0;0.000268311;1.75432;-0.123436;0.00914103
0.352916;-0.188282;0;0.000270131;1.76805;-0.12439;0.00921168
0.355255;-0.183832;0;0.000271717;1.78002;-0.125221;0.00927322
0.357537;-0.179353;0;0.000273069;1.79025;-0.125931;0.00932575
0.359762;-0.174846;0;0.000274423;1.80047;-0.12664;0.00937831
0.361931;-0.170312;0;0.000275718;1.81029;-0.127319;0.00942856
0.364042;-0.16575;0;0.000277004;1.82005;-0.127993;0.00947845
0.366096;-0.161163;0;0.00027829;1.82982;-0.128667;0.00952837
0.368093;-0.156549;0;0.000279576;1.83959;-0.129341;0.00957829
0.370031;-0.151912;0;0.000280863;1.84936;-0.130015;0.0096282
0.371911;-0.14725;0;0.000282149;1.85912;-0.130689;0.00967811
0.373732;-0.142565;0;0.000283435;1.86889;-0.131362;0.009728
0.375494;-0.137857;0;0.00028472;1.87865;-0.132036;0.00977786
0.377196;-0.133128;0;0.000286004;1.8884;-0.132708;0.00982769
0.378839;-0.128377;0;0.000287281;1.89809;-0.133378;0.00987726
0.380423;-0.123607;0;0.000288431;1.9068;-0.133981;0.00992192
0.381946;-0.118817;0;0.000289261;1.91306;-0.134416;0.00995418
0.383409;-0.114008;0;0.000290091;1.91933;-0.134852;0.00998645
0.384811;-0.109181;0;0.000290922;1.92559;-0.135288;0.0100187
0.386153;-0.104337;0;0.00029171;1.93158;-0.135702;0.0100494
0.387433;-0.099476;0;0.000292423;1.93704;-0.136075;0.010077
0.388653;-0.0945996;0;0.000293136;1.94251;-0.136448;0.0101047
0.389811;-0.0897083;0;0.000293849;1.94798;-0.136822;0.0101323
0.390907;-0.0848028;0;0.000294562;1.95344;-0.137195;0.0101599
0.391942;-0.079884;0;0.000295275;1.95891;-0.137568;0.0101876
0.392915;-0.0749525;0;0.000295988;1.96438;-0.137941;0.0102152
0.393826;-0.0700092;0;0.000296701;1.96984;-0.138314;0.0102428
0.394674;-0.0650549;0;0.000297413;1.9753;-0.138687;0.0102704
0.395461;-0.0600902;0;0.000298124;1.98075;-0.139059;0.010298
0.396185;-0.0551161;0;0.000298554;1.98401;-0.139285;0.0103147
0.396846;-0.0501333;0;0.000298875;1.98639;-0.139453;0.0103272
0.397445;-0.0451426;0;0.000299195;1.98878;-0.139622;0.0103396
0.39798;-0.0401447;0;0.000299422;1.99052;-0.13974;0.0103484
0.398453;-0.0351405;0;0.000299571;1.99173;-0.139818;0.0103542
0.398864;-0.0301307;0;0.00029972;1.99294;-0.139895;0.0103599
0.399211;-0.0251162;0;0.00029987;1.99415;-0.139973;0.0103657
0.399495;-0.0200977;0;0.000300019;1.99537;-0.14005;0.0103714
0.399716;-0.0150761;0;0.000300169;1.99658;-0.140128;0.0103771
0.399874;-0.010052;0;0.000300318;1.99779;-0.140206;0.0103829
0.399968;-0.00502642;0;0.000300468;1.999;-0.140283;0.0103886
