0.4;0;0;0.000255409;1.85431;-0.140359;0.0103943
0.399968;0.00502642;0;0.000255267;1.85328;-0.140279;0.0103883
0.399874;0.010052;0;0.000255123;1.85222;-0.140196;0.0103822
0.399716;0.0150761;0;0.000254979;1.85116;-0.140114;0.0103761
0.399495;0.0200977;0;0.000254834;1.85011;-0.140032;0.01037
0.399211;0.0251162;0;0.00025469;1.84905;-0.13995;0.0103639
0.398864;0.0301307;0;0.000254545;1.84799;-0.139867;0.0103578
0.398453;0.0351405;0;0.000254401;1.84694;-0.139785;0.0103518
0.39798;0.0401447;0;0.000254257;1.84588;-0.139703;0.0103457
0.397445;0.0451426;0;0.000253991;1.8439;-0.139552;0.0103345
0.396846;0.0501333;0;0.000253661;1.84142;-0.139365;0.0103206
0.396185;0.0551161;0;0.000253332;1.83895;-0.139178;0.0103068
0.395461;0.0600902;0;0.000253002;1.83648;-0.138991;0.0102929
0.394674;0.0650549;0;0.00025241;1.832;-0.138655;0.0102681
0.393826;0.0700092;0;0.000251763;1.82709;-0.138289;0.0102409
0.392915;0.0749525;0;0.000251116;1.82218;-0.137921;0.0102137
0.391942;0.079884;0;0.000250468;1.81726;-0.137554;0.0101866
0.390907;0.0848028;0;0.00024982;1.81235;-0.137187;0.0101594
0.389811;0.0897083;0;0.000249171;1.80743;-0.13682;0.0101321
0.388653;0.0945996;0;0.000248523;1.80252;-0.136452;0.0101049
0.387433;0.099476;0;0.000247875;1.7976;-0.136085;0.0100777
0.386153;0.104337;0;0.000247192;1.79241;-0.135698;0.0100491
0.384811;0.109181;0;0.000246393;1.78635;-0.135245;0.0100156
0.383409;0.114008;0;0.000245595;1.78028;-0.134793;0.00998205
0.381946;0.118817;0;0.000244796;1.77422;-0.134341;0.00994855
0.380423;0.123607;0;0.000243998;1.76815;-0.133888;0.00991507
0.378839;0.128377;0;0.00024296;1.76026;-0.1333;0.0098715
0.377196;0.133128;0;0.000241765;1.75118;-0.132623;0.0098214
0.375494;0.137857;0;0.000240576;1.74214;-0.13195;0.00977152
0.373732;0.142565;0;0.000239387;1.7331;-0.131276;0.00972165
0.371911;0.14725;0;0.000238197;1.72406;-0.130603;0.00967174
0.370031;0.151912;0;0.000237006;1.71501;-0.129929;0.00962182
0.368093;0.156549;0;0.000235816;1.70596;-0.129254;0.0095719
0.366096;0.161163;0;0.000234625;1.69692;-0.12858;0.00952197
0.364042;0.16575;0;0.000233435;1.68787;-0.127906;0.00947204
0.361931;0.170312;0;0.000232245;1.67883;-0.127232;0.00942214
0.359762;0.174846;0;0.000231055;1.66979;-0.126558;0.00937225
0.357537;0.179353;0;0.000229867;1.66075;-0.125885;0.0093224
0.355255;0.183832;0;0.000228679;1.65173;-0.125212;0.00927258
0.352916;0.188282;0;0.000227242;1.64083;-0.124399;0.00921231
0.350523;0.192701;0;0.000225559;1.62808;-0.123446;0.00914176
0.348074;0.197091;0;0.000223875;1.61533;-0.122492;0.00907114
0.345569;0.201449;0;0.00022219;1.60257;-0.121538;0.00900047
0.343011;0.205776;0;0.000220504;1.58979;-0.120583;0.00892976
0.340398;0.21007;0;0.000218817;1.57702;-0.119628;0.00885902
0.337731;0.214331;0;0.00021713;1.56424;-0.118672;0.00878826
0.335011;0.218558;0;0.000215442;1.55146;-0.117717;0.00871749
0.332238;0.22275;0;0.000213754;1.53867;-0.116761;0.00864672
0.329413;0.226908;0;0.000212067;1.5259;-0.115806;0.00857597
0.326536;0.231029;0;0.000210381;1.51312;-0.114851;0.00850524
0.323607;0.235114;0;0.000208693;1.50034;-0.113895;0.00843446
0.320627;0.239162;0;0.000207;1.48752;-0.112936;0.00836348
0.317596;0.243172;0;0.000205309;1.47471;-0.111979;0.00829255
0.314515;0.247144;0;0.000203375;1.46011;-0.110883;0.00821144
0.311385;0.251077;0;0.000201294;1.44442;-0.109705;0.00812417
0.308205;0.25497;0;0.000199211;1.42872;-0.108526;0.00803684
0.304977;0.258822;0;0.000197126;1.41301;-0.107345;0.0079494
0.301701;0.262634;0;0.000195038;1.39727;-0.106163;0.00786184
0.298376;0.266405;0;0.000192949;1.38151;-0.104979;0.0077742
0.295005;0.270133;0;0.000190856;1.36574;-0.103794;0.00768645
0.291587;0.273819;0;0.000188764;1.34996;-0.102609;0.0075987
0.288124;0.277461;0;0.000186672;1.33419;-0.101424;0.00751096
0.284614;0.28106;0;0.00018458;1.31843;-0.10024;0.00742326
0.28106;0.284614;0;0.00018249;1.30267;-0.0990564;0.0073356
0.277461;0.288124;0;0.000180367;1.28668;-0.0978542;0.00724657
0.273819;0.291587;0;0.000177948;1.26853;-0.096484;0.0071451
0.270133;0.295005;0;0.000175526;1.25037;-0.0951124;0.00704353
0.266405;0.298376;0;0.000173102;1.23219;-0.0937398;0.00694188
0.262634;0.301701;0;0.000170677;1.214;-0.0923665;0.00684018
0.258822;0.304977;0;0.000168251;1.1958;-0.0909925;0.00673842
0.25497;0.308205;0;0.000165824;1.17759;-0.0896181;0.00663665
0.251077;0.311385;0;0.000163396;1.15938;-0.088243;0.00653481
0.247144;0.314515;0;0.000160968;1.14117;-0.0868677;0.00643296
0.243172;0.317596;0;0.000158537;1.12293;-0.0854912;0.00633103
0.239162;0.320627;0;0.000156108;1.10471;-0.0841153;0.00622914
0.235114;0.323607;0;0.000153679;1.08649;-0.08274;0.00612729
0.231029;0.326536;0;0.000151253;1.06829;-0.0813655;0.0060255
0.226908;0.329413;0;0.000148828;1.0501;-0.0799922;0.0059238
0.22275;0.332238;0;0.000146253;1.03083;-0.078534;0.00581581
0.218558;0.335011;0;0.000143541;1.01059;-0.0769981;0.00570208
0.214331;0.337731;0;0.000140827;0.990323;-0.0754611;0.00558825
0.21007;0.340398;0;0.000138112;0.970047;-0.0739231;0.00547436
0.205776;0.343011;0;0.000135395;0.949761;-0.0723844;0.00536041
0.201449;0.345569;0;0.000132677;0.929469;-0.0708453;0.00524643
0.197091;0.348074;0;0.000129959;0.909175;-0.0693059;0.00513243
0.192701;0.350523;0;0.000127241;0.888881;-0.0677666;0.00501844
0.188282;0.352916;0;0.000124524;0.86859;-0.0662275;0.00490446
0.183832;0.355255;0;0.000121807;0.848306;-0.0646889;0.00479052
0.179353;0.357537;0;0.000119092;0.828031;-0.0631511;0.00467664
0.174846;0.359762;0;0.000116378;0.80777;-0.0616143;0.00456283
0.170312;0.361931;0;0.00011363;0.78727;-0.0600577;0.00444756
0.16575;0.364042;0;0.000110698;0.765452;-0.0583972;0.00432459
0.161163;0.366096;0;0.000107752;0.743528;-0.0567286;0.00420102
0.156549;0.368093;0;0.000104803;0.721582;-0.0550583;0.00407733
0.151912;0.370031;0;0.000101851;0.699617;-0.0533865;0.00395353
0.14725;0.371911;0;9.88972e-05;0.677636;-0.0517137;0.00382964
0.142565;0.373732;0;9.59419e-05;0.655644;-0.0500399;0.00370569
0.137857;0.375494;0;9.29855e-05;0.633644;-0.0483654;0.00358169
0.133128;0.377196;0;9.00284e-05;0.611638;-0.0466906;0.00345766
0.128377;0.378839;0;8.70712e-05;0.589632;-0.0450158;0.00333363
0.123607;0.380423;0;8.41142e-05;0.567627;-0.043341;0.00320961
0.118817;0.381946;0;8.12298e-05;0.546189;-0.0417074;0.00308863
0.114008;0.383409;0;7.82024e-05;0.52372;-0.0399927;0.00296165
0.109181;0.384811;0;7.51737e-05;0.50124;-0.0382773;0.00283462
0.104337;0.386153;0;7.21441e-05;0.478754;-0.0365614;0.00270755
0.099476;0.387433;0;6.91141e-05;0.456266;-0.0348454;0.00258046
0.0945996;0.388653;0;6.60843e-05;0.433778;-0.0331293;0.00245338
0.0897083;0.389811;0;6.30551e-05;0.411294;-0.0314136;0.00232633
0.0848028;0.390907;0;6.00269e-05;0.388819;-0.0296985;0.00219932
0.079884;0.391942;0;5.70003e-05;0.366355;-0.0279843;0.00207237
0.0749525;0.392915;0;5.39757e-05;0.343906;-0.0262713;0.00194551
0.0700092;0.393826;0;5.09536e-05;0.321476;-0.0245596;0.00181876
0.0650549;0.394674;0;4.79345e-05;0.299067;-0.0228497;0.00169213
0.0600902;0.395461;0;4.49188e-05;0.276685;-0.0211417;0.00156564
0.0551161;0.396185;0;4.19071e-05;0.254331;-0.0194359;0.00143932
0.0501333;0.396846;0;3.88083e-05;0.231357;-0.0176808;0.00130935
0.0451426;0.397445;0;3.56932e-05;0.208268;-0.0159164;0.00117869
0.0401447;0.39798;0;3.25745e-05;0.185152;-0.0141501;0.00104788
0.0351405;0.398453;0;2.94527e-05;0.162013;-0.012382;0.000916944
0.0301307;0.398864;0;2.63284e-05;0.138855;-0.0106124;0.0007859
0.0251162;0.399211;0;2.3202e-05;0.115682;-0.00884168;0.000654768
0.0200977;0.399495;0;2.0074e-05;0.092497;-0.00707004;0.00052357
0.0150761;0.399716;0;1.69449e-05;0.0693039;-0.00529779;0.000392326
0.010052;0.399874;0;1.38152e-05;0.0461063;-0.00352519;0.000261057
0.00502642;0.399968;0;1.06854e-05;0.022908;-0.00175254;0.000129784
2.44929e-17;0.4;0;7.556e-06;-0.000287438;1.98971e-05;-1.47348e-06
-0.00502642;0.399968;0;4.42747e-06;-0.0234763;0.00179183;-0.000132694
-0.010052;0.399874;0;1.30032e-06;-0.046655;0.00356299;-0.000263856
-0.0150761;0.399716;0;-1.82496e-06;-0.0698199;0.00533308;-0.00039494
-0.0200977;0.399495;0;-4.94787e-06;-0.0929672;0.00710184;-0.000525925
-0.0251162;0.399211;0;-8.06793e-06;-0.116093;0.00886897;-0.00065679
-0.0301307;0.398864;0;-1.11846e-05;-0.139195;0.0106342;-0.000787514
-0.0351405;0.398453;0;-1.42712e-05;-0.162078;0.0123824;-0.000916979
-0.0401447;0.39798;0;-1.73444e-05;-0.184874;0.0141232;-0.00104589
-0.0451426;0.397445;0;-2.04183e-05;-0.207675;0.0158641;-0.00117481
-0.0501333;0.396846;0;-2.34946e-05;-0.230494;0.0176065;-0.00130384
-0.0551161;0.396185;0;-2.65729e-05;-0.253328;0.01935;-0.00143296
-0.0600902;0.395461;0;-2.96527e-05;-0.276173;0.0210943;-0.00156214
-0.0650549;0.394674;0;-3.27335e-05;-0.299026;0.0228392;-0.00169135
-0.0700092;0.393826;0;-3.58149e-05;-0.321883;0.0245844;-0.00182059
-0.0749525;0.392915;0;-3.88962e-05;-0.344739;0.0263297;-0.00194984
-0.079884;0.391942;0;-4.19772e-05;-0.367593;0.0280746;-0.00207906
-0.0848028;0.390907;0;-4.50572e-05;-0.39044;0.0298191;-0.00220825
-0.0897083;0.389811;0;-4.81357e-05;-0.413276;0.0315627;-0.00233737
-0.0945996;0.388653;0;-5.12124e-05;-0.436098;0.0333053;-0.00246642
-0.099476;0.387433;0;-5.42867e-05;-0.458902;0.0350465;-0.00259536
-0.104337;0.386153;0;-5.73183e-05;-0.481404;0.0367636;-0.00272252
-0.109181;0.384811;0;-6.02742e-05;-0.503378;0.0384379;-0.00284651
-0.114008;0.383409;0;-6.32068e-05;-0.525189;0.0400989;-0.00296951
-0.118817;0.381946;0;-6.61417e-05;-0.547018;0.0417611;-0.00309261
-0.123607;0.380423;0;-6.90784e-05;-0.56886;0.0434244;-0.00321578
-0.128377;0.378839;0;-7.20164e-05;-0.590712;0.0450885;-0.00333901
-0.133128;0.377196;0;-7.49553e-05;-0.61257;0.046753;-0.00346228
-0.137857;0.375494;0;-7.78946e-05;-0.634432;0.0484178;-0.00358557
-0.142565;0.373732;0;-8.08339e-05;-0.656293;0.0500825;-0.00370885
-0.14725;0.371911;0;-8.37726e-05;-0.67815;0.051747;-0.00383211
-0.151912;0.370031;0;-8.6698e-05;-0.699909;0.0534039;-0.00395481
-0.156549;0.368093;0;-8.96245e-05;-0.721673;0.0550614;-0.00407756
-0.161163;0.366096;0;-9.25495e-05;-0.743425;0.0567181;-0.00420024
-0.16575;0.364042;0;-9.54725e-05;-0.765162;0.0583736;-0.00432284
-0.170312;0.361931;0;-9.8393e-05;-0.786881;0.0600277;-0.00444534
-0.174846;0.359762;0;-0.000101201;-0.807789;0.0616183;-0.00456313
-0.179353;0.357537;0;-0.000103898;-0.827921;0.0631459;-0.00467625
-0.183832;0.355255;0;-0.000106598;-0.848068;0.0646746;-0.00478947
-0.188282;0.352916;0;-0.000109298;-0.868227;0.0662043;-0.00490274
-0.192701;0.350523;0;-0.000112;-0.888396;0.0677347;-0.00501608
-0.197091;0.348074;0;-0.000114703;-0.90857;0.0692655;-0.00512944
-0.201449;0.345569;0;-0.000117406;-0.928746;0.0707965;-0.00524281
-0.205776;0.343011;0;-0.000120109;-0.948922;0.0723274;-0.00535619
-0.21007;0.340398;0;-0.000122812;-0.969094;0.0738581;-0.00546954
-0.214331;0.337731;0;-0.000125513;-0.989259;0.0753882;-0.00558285
-0.218558;0.335011;0;-0.000128213;-1.00941;0.0769175;-0.00569611
-0.22275;0.332238;0;-0.000130878;-1.02931;0.0784266;-0.00580786
-0.226908;0.329413;0;-0.000133504;-1.04893;0.0799138;-0.00591799
-0.231029;0.326536;0;-0.000135896;-1.06686;0.0812685;-0.00601832
-0.235114;0.323607;0;-0.000138321;-1.08504;0.082642;-0.00612004
-0.239162;0.320627;0;-0.000140747;-1.10323;0.0840164;-0.00622182
-0.243172;0.317596;0;-0.000143175;-1.12143;0.0853915;-0.00632365
-0.247144;0.314515;0;-0.000145604;-1.13964;0.0867671;-0.00642552
-0.251077;0.311385;0;-0.000148033;-1.15785;0.0881429;-0.0065274
-0.25497;0.308205;0;-0.000150462;-1.17606;0.0895188;-0.00662929
-0.258822;0.304977;0;-0.000152891;-1.19427;0.0908945;-0.00673117
-0.262634;0.301701;0;-0.000155319;-1.21248;0.0922698;-0.00683302
-0.266405;0.298376;0;-0.000157746;-1.23067;0.0936446;-0.00693483
-0.270133;0.295005;0;-0.000160172;-1.24886;0.0950184;-0.00703657
-0.273819;0.291587;0;-0.000162596;-1.26703;0.0963913;-0.00713823
-0.277461;0.288124;0;-0.000164872;-1.2841;0.0976803;-0.00723369
-0.28106;0.284614;0;-0.000167039;-1.30038;0.0989075;-0.00732457
-0.284614;0.28106;0;-0.000169142;-1.31622;0.100099;-0.0074128
-0.288124;0.277461;0;-0.000171247;-1.33207;0.101291;-0.00750106
-0.291587;0.273819;0;-0.000173351;-1.34792;0.102483;-0.00758935
-0.295005;0.270133;0;-0.000175457;-1.36378;0.103675;-0.00767765
-0.298376;0.266405;0;-0.000177562;-1.37963;0.104868;-0.00776595
-0.301701;0.262634;0;-0.000179667;-1.39548;0.10606;-0.00785423
-0.304977;0.258822;0;-0.000181771;-1.41133;0.107251;-0.00794248
-0.308205;0.25497;0;-0.000183874;-1.42716;0.108443;-0.00803068
-0.311385;0.251077;0;-0.000185975;-1.44299;0.109633;-0.00811883
-0.314515;0.247144;0;-0.000188075;-1.45881;0.110822;-0.00820691
-0.317596;0.243172;0;-0.000190035;-1.47358;0.111932;-0.00828912
-0.320627;0.239162;0;-0.000191732;-1.48641;0.112893;-0.00836027
-0.323607;0.235114;0;-0.000193429;-1.49925;0.113855;-0.00843148
-0.326536;0.231029;0;-0.000195128;-1.51211;0.114817;-0.00850273
-0.329413;0.226908;0;-0.000196828;-1.52496;0.115779;-0.00857402
-0.332238;0.22275;0;-0.000198528;-1.53782;0.116742;-0.00864533
-0.335011;0.218558;0;-0.000200228;-1.55068;0.117705;-0.00871664
-0.337731;0.214331;0;-0.000201902;-1.56334;0.118653;-0.00878685
-0.340398;0.21007;0;-0.000203577;-1.57601;0.119602;-0.0088571
-0.343011;0.205776;0;-0.000205251;-1.58867;0.12055;-0.00892733
-0.345569;0.201449;0;-0.000206925;-1.60133;0.121498;-0.00899753
-0.348074;0.197091;0;-0.000208598;-1.61398;0.122446;-0.0090677
-0.350523;0.192701;0;-0.00021027;-1.62663;0.123393;-0.00913782
-0.352916;0.188282;0;-0.00021194;-1.63926;0.124339;-0.00920789
-0.355255;0.183832;0;-0.000213448;-1.65068;0.125193;-0.00927114
-0.357537;0.179353;0;-0.000214694;-1.66014;0.125899;-0.0093234
-0.359762;0.174846;0;-0.000215945;-1.66963;0.126607;-0.00937587
-0.361931;0.170312;0;-0.000217196;-1.67913;0.127316;-0.00942835
-0.364042;0.16575;0;-0.000218448;-1.68863;0.128025;-0.00948083
-0.366096;0.161163;0;-0.000219699;-1.69814;0.128733;-0.00953332
-0.368093;0.156549;0;-0.00022095;-1.70764;0.129442;-0.00958579
-0.370031;0.151912;0;-0.000222201;-1.71713;0.13015;-0.00963825
-0.371911;0.14725;0;-0.000223451;-1.72662;0.130858;-0.00969067
-0.373732;0.142565;0;-0.0002247;-1.73611;0.131566;-0.00974307
-0.375494;0.137857;0;-0.000225948;-1.74558;0.132273;-0.00979542
-0.377196;0.133128;0;-0.000227159;-1.75478;0.132958;-0.00984621
-0.378839;0.128377;0;-0.000228003;-1.76121;0.133437;-0.00988161
-0.380423;0.123607;0;-0.000228784;-1.76715;0.133879;-0.00991436
-0.381946;0.118817;0;-0.000229565;-1.7731;0.134321;-0.00994712
-0.383409;0.114008;0;-0.000230346;-1.77905;0.134764;-0.00997991
-0.384811;0.109181;0;-0.000231128;-1.785;0.135207;-0.0100127
-0.386153;0.104337;0;-0.00023191;-1.79096;0.13565;-0.0100455
-0.387433;0.099476;0;-0.000232693;-1.79691;0.136093;-0.0100783
-0.388653;0.0945996;0;-0.000233474;-1.80286;0.136536;-0.0101111
-0.389811;0.0897083;0;-0.000234256;-1.80882;0.136978;-0.0101439
-0.390907;0.0848028;0;-0.000235038;-1.81476;0.137421;-0.0101767
-0.391942;0.079884;0;-0.000235819;-1.82071;0.137863;-0.0102094
-0.392915;0.0749525;0;-0.000236599;-1.82665;0.138305;-0.0102422
-0.393826;0.0700092;0;-0.000237379;-1.83259;0.138747;-0.0102749
-0.394674;0.0650549;0;-0.000238151;-1.83847;0.139184;-0.0103073
-0.395461;0.0600902;0;-0.000238458;-1.84081;0.139358;-0.0103201
-0.396185;0.0551161;0;-0.000238716;-1.84277;0.139504;-0.0103309
-0.396846;0.0501333;0;-0.000238974;-1.84474;0.13965;-0.0103418
-0.397445;0.0451426;0;-0.000239232;-1.84671;0.139797;-0.0103526
-0.39798;0.0401447;0;-0.00023949;-1.84868;0.139943;-0.0103634
-0.398453;0.0351405;0;-0.000239742;-1.8506;0.140085;-0.010374
-0.398864;0.0301307;0;-0.000239986;-1.85246;0.140223;-0.0103842
-0.399211;0.0251162;0;-0.000240228;-1.8543;0.140361;-0.0103944
-0.399495;0.0200977;0;-0.00024047;-1.85614;0.140497;-0.0104045
-0.399716;0.0150761;0;-0.000240711;-1.85799;0.140634;-0.0104146
-0.399874;0.010052;0;-0.000240952;-1.85982;0.140771;-0.0104248
-0.399968;0.00502642;0;-0.000241193;-1.86166;0.140907;-0.0104349
-0.4;4.89859e-17;0;-0.000241434;-1.86349;0.141043;-0.0104449
-0.399968;-0.00502642;0;-0.000241267;-1.86222;0.140949;-0.0104379
-0.399874;-0.010052;0;-0.000241013;-1.86028;0.140805;-0.0104273
-0.399716;-0.0150761;0;-0.000240759;-1.85835;0.140662;-0.0104167
-0.399495;-0.0200977;0;-0.000240505;-1.85641;0.140518;-0.010406
-0.399211;-0.0251162;0;-0.000240251;-1.85446;0.140373;-0.0103953
-0.398864;-0.0301307;0;-0.000239996;-1.85252;0.140229;-0.0103846
-0.398453;-0.0351405;0;-0.000239741;-1.85057;0.140085;-0.0103739
-0.39798;-0.0401447;0;-0.000239486;-1.84863;0.13994;-0.0103632
-0.397445;-0.0451426;0;-0.00023923;-1.84668;0.139796;-0.0103525
-0.396846;-0.0501333;0;-0.000238975;-1.84473;0.139651;-0.0103418
-0.396185;-0.0551161;0;-0.00023872;-1.84278;0.139506;-0.0103311
-0.395461;-0.0600902;0;-0.000238464;-1.84083;0.139362;-0.0103204
-0.394674;-0.0650549;0;-0.000238208;-1.83888;0.139217;-0.0103097
-0.393826;-0.0700092;0;-0.000237454;-1.83313;0.13879;-0.010278
-0.392915;-0.0749525;0;-0.000236682;-1.82725;0.138352;-0.0102456
-0.391942;-0.079884;0;-0.000235908;-1.82136;0.137914;-0.0102132
-0.390907;-0.0848028;0;-0.000235134;-1.81546;0.137476;-0.0101807
-0.389811;-0.0897083;0;-0.000234359;-1.80956;0.137037;-0.0101482
-0.388653;-0.0945996;0;-0.000233584;-1.80366;0.136598;-0.0101157
-0.387433;-0.099476;0;-0.000232809;-1.79775;0.136159;-0.0100832
-0.386153;-0.104337;0;-0.000232034;-1.79185;0.13572;-0.0100507
-0.384811;-0.109181;0;-0.000231259;-1.78594;0.135281;-0.0100182
-0.383409;-0.114008;0;-0.000230483;-1.78003;0.134842;-0.00998567
-0.381946;-0.118817;0;-0.000229708;-1.77413;0.134403;-0.00995316
-0.380423;-0.123607;0;-0.000228934;-1.76823;0.133964;-0.00992068
-0.378839;-0.128377;0;-0.000228121;-1.76204;0.133504;-0.00988658
-0.377196;-0.133128;0;-0.000226964;-1.75326;0.132849;-0.00983807
-0.375494;-0.137857;0;-0.000225807;-1.74447;0.132193;-0.00978952
-0.373732;-0.142565;0;-0.000224649;-1.73568;0.131537;-0.00974095
-0.371911;-0.14725;0;-0.000223376;-1.72601;0.130816;-0.00968758
-0.370031;-0.151912;0;-0.000222088;-1.71622;0.130087;-0.00963355
-0.368093;-0.156549;0;-0.000220799;-1.70642;0.129357;-0.00957948
-0.366096;-0.161163;0;-0.000219509;-1.69662;0.128626;-0.00952539
-0.364042;-0.16575;0;-0.000218219;-1.68682;0.127896;-0.00947129
-0.361931;-0.170312;0;-0.000216929;-1.67702;0.127165;-0.00941719
-0.359762;-0.174846;0;-0.00021564;-1.66722;0.126435;-0.00936309
-0.357537;-0.179353;0;-0.00021435;-1.65742;0.125704;-0.009309
-0.355255;-0.183832;0;-0.000212905;-1.64647;0.124886;-0.00924838
-0.352916;-0.188282;0;-0.000211426;-1.63526;0.124048;-0.00918634
-0.350523;-0.192701;0;-0.00020988;-1.62356;0.123172;-0.0091215
-0.348074;-0.197091;0;-0.000208243;-1.61118;0.122245;-0.00905286
-0.345569;-0.201449;0;-0.000206606;-1.5988;0.121318;-0.00898419
-0.343011;-0.205776;0;-0.000204968;-1.58641;0.12039;-0.00891549
-0.340398;-0.21007;0;-0.00020333;-1.57402;0.119463;-0.00884678
-0.337731;-0.214331;0;-0.000201692;-1.56163;0.118535;-0.00877807
-0.335011;-0.218558;0;-0.000200054;-1.54925;0.117607;-0.00870937
-0.332238;-0.22275;0;-0.000198416;-1.53686;0.11668;-0.00864069
-0.329413;-0.226908;0;-0.00019678;-1.52448;0.115753;-0.00857204
-0.326536;-0.231029;0;-0.00019509;-1.5117;0.114796;-0.00850118
-0.323607;-0.235114;0;-0.000193377;-1.49874;0.113826;-0.00842934
-0.320627;-0.239162;0;-0.000191665;-1.48579;0.112856;-0.00835754
-0.317596;-0.243172;0;-0.00018995;-1.47281;0.111885;-0.00828558
-0.314515;-0.247144;0;-0.000187971;-1.45791;0.110764;-0.00820259
-0.311385;-0.251077;0;-0.000185867;-1.44206;0.109572;-0.00811434
-0.308205;-0.25497;0;-0.000183761;-1.42619;0.108379;-0.00802601
-0.304977;-0.258822;0;-0.000181654;-1.41032;0.107186;-0.00793763
-0.301701;-0.262634;0;-0.000179545;-1.39444;0.105992;-0.0078492
-0.298376;-0.266405;0;-0.000177436;-1.37855;0.104797;-0.00776074
-0.295005;-0.270133;0;-0.000175327;-1.36266;0.103602;-0.00767226
-0.291587;-0.273819;0;-0.000173217;-1.34677;0.102408;-0.00758378
-0.288124;-0.277461;0;-0.000171108;-1.33088;0.101213;-0.0074953
-0.284614;-0.28106;0;-0.000168999;-1.31499;0.100019;-0.00740686
-0.28106;-0.284614;0;-0.000166891;-1.29911;0.0988248;-0.00731845
-0.277461;-0.288124;0;-0.000164689;-1.28258;0.0975776;-0.00722609
-0.273819;-0.291587;0;-0.000162438;-1.2657;0.0963027;-0.00713168
-0.270133;-0.295005;0;-0.00016008;-1.24802;0.0949673;-0.00703278
-0.266405;-0.298376;0;-0.000157668;-1.22993;0.0936012;-0.00693161
-0.262634;-0.301701;0;-0.000155255;-1.21183;0.0922344;-0.00683039
-0.258822;-0.304977;0;-0.000152841;-1.19373;0.0908671;-0.00672914
-0.25497;-0.308205;0;-0.000150426;-1.17563;0.0894996;-0.00662787
-0.251077;-0.311385;0;-0.000148012;-1.15752;0.088132;-0.0065266
-0.247144;-0.314515;0;-0.000145598;-1.13942;0.0867647;-0.00642534
-0.243172;-0.317596;0;-0.000143184;-1.12132;0.0853977;-0.00632411
-0.239162;-0.320627;0;-0.000140772;-1.10323;0.0840314;-0.00622292
-0.235114;-0.323607;0;-0.000138361;-1.08516;0.0826658;-0.0061218
-0.231029;-0.326536;0;-0.000135952;-1.06709;0.0813013;-0.00602075
-0.226908;-0.329413;0;-0.000133483;-1.04861;0.0799031;-0.00591721
-0.22275;-0.332238;0;-0.000130859;-1.029;0.0784172;-0.00580717
-0.218558;-0.335011;0;-0.000128183;-1.00902;0.0769012;-0.0056949
-0.214331;-0.337731;0;-0.00012548;-0.988841;0.0753704;-0.00558154
-0.21007;-0.340398;0;-0.000122776;-0.968654;0.073839;-0.00546813
-0.205776;-0.343011;0;-0.000120071;-0.94846;0.0723069;-0.00535467
-0.201449;-0.345569;0;-0.000117366;-0.928262;0.0707746;-0.0052412
-0.197091;-0.348074;0;-0.00011466;-0.908063;0.0692422;-0.00512772
-0.192701;-0.350523;0;-0.000111955;-0.887867;0.06771;-0.00501425
-0.188282;-0.352916;0;-0.00010925;-0.867676;0.0661783;-0.00490082
-0.183832;-0.355255;0;-0.000106547;-0.847495;0.0646472;-0.00478743
-0.179353;-0.357537;0;-0.000103845;-0.827325;0.063117;-0.00467411
-0.174846;-0.359762;0;-0.000101146;-0.80717;0.061588;-0.00456088
-0.170312;-0.361931;0;-9.83468e-05;-0.786333;0.0600028;-0.0044435
-0.16575;-0.364042;0;-9.5456e-05;-0.764828;0.0583655;-0.00432224
-0.161163;-0.366096;0;-9.25355e-05;-0.743103;0.0567114;-0.00419975
-0.156549;-0.368093;0;-8.96131e-05;-0.721365;0.0550562;-0.00407718
-0.151912;-0.370031;0;-8.66893e-05;-0.699616;0.0534002;-0.00395454
-0.14725;-0.371911;0;-8.37646e-05;-0.67786;0.0517437;-0.00383187
-0.142565;-0.373732;0;-8.08393e-05;-0.6561;0.0500869;-0.00370917
-0.137857;-0.375494;0;-7.79141e-05;-0.63434;0.0484301;-0.00358648
-0.133128;-0.377196;0;-7.49892e-05;-0.612583;0.0467735;-0.0034638
-0.128377;-0.378839;0;-7.20652e-05;-0.590832;0.0451174;-0.00334116
-0.123607;-0.380423;0;-6.91425e-05;-0.569092;0.0434621;-0.00321857
-0.118817;-0.381946;0;-6.62217e-05;-0.547365;0.0418077;-0.00309606
-0.114008;-0.383409;0;-6.33031e-05;-0.525654;0.0401547;-0.00297365
-0.109181;-0.384811;0;-6.03902e-05;-0.503988;0.0385049;-0.00285147
-0.104337;-0.386153;0;-5.73386e-05;-0.481343;0.0367765;-0.00272348
-0.099476;-0.387433;0;-5.42803e-05;-0.458649;0.0350444;-0.0025952
-0.0945996;-0.388653;0;-5.12203e-05;-0.435942;0.0333113;-0.00246686
-0.0897083;-0.389811;0;-4.81592e-05;-0.413227;0.0315775;-0.00233846
-0.0848028;-0.390907;0;-4.50994e-05;-0.390522;0.0298445;-0.00221013
-0.079884;-0.391942;0;-4.2034e-05;-0.367774;0.0281083;-0.00208156
-0.0749525;-0.392915;0;-3.89667e-05;-0.345012;0.026371;-0.0019529
-0.0700092;-0.393826;0;-3.58997e-05;-0.322253;0.024634;-0.00182426
-0.0650549;-0.394674;0;-3.28337e-05;-0.299502;0.0228974;-0.00169566
-0.0600902;-0.395461;0;-2.97691e-05;-0.27676;0.0211617;-0.00156712
-0.0551161;-0.396185;0;-2.67063e-05;-0.254033;0.019427;-0.00143866
-0.0501333;-0.396846;0;-2.36152e-05;-0.23111;0.0176762;-0.00130901
-0.0451426;-0.397445;0;-2.04961e-05;-0.20799;0.0159096;-0.00117818
-0.0401447;-0.39798;0;-1.73752e-05;-0.184857;0.014142;-0.00104728
-0.0351405;-0.398453;0;-1.4253e-05;-0.161714;0.0123737;-0.000916329
-0.0301307;-0.398864;0;-1.11352e-05;-0.138603;0.0106078;-0.000785556
-0.0251162;-0.399211;0;-8.00999e-06;-0.115438;0.00883774;-0.000654477
-0.0200977;-0.399495;0;-4.88462e-06;-0.0922718;0.00706759;-0.000523389
-0.0150761;-0.399716;0;-1.75952e-06;-0.0691076;0.0052976;-0.000392313
-0.010052;-0.399874;0;1.36479e-06;-0.0459491;0.00352806;-0.000261269
-0.00502642;-0.399968;0;4.48782e-06;-0.0228001;0.00175923;-0.000130279
-7.34788e-17;-0.4;0;7.60909e-06;0.000335815;-8.59414e-06;6.36437e-07
0.00502642;-0.399968;0;1.07059e-05;0.0232912;-0.00176255;0.000130525
0.010052;-0.399874;0;1.38151e-05;0.0463414;-0.00352358;0.000260938
0.0150761;-0.399716;0;1.69268e-05;0.0694108;-0.00528607;0.000391459
0.0200977;-0.399495;0;2.00407e-05;0.0924957;-0.00704976;0.000522068
0.0251162;-0.399211;0;2.31562e-05;0.115593;-0.00881435;0.000652745
0.0301307;-0.398864;0;2.62728e-05;0.138698;-0.0105796;0.000783468
0.0351405;-0.398453;0;2.93901e-05;0.161807;-0.0123452;0.000914217
0.0401447;-0.39798;0;3.25074e-05;0.184918;-0.0141108;0.00104497
0.0451426;-0.397445;0;3.56244e-05;0.208026;-0.0158763;0.00117571
0.0501333;-0.396846;0;3.87406e-05;0.231128;-0.0176412;0.00130642
0.0551161;-0.396185;0;4.18405e-05;0.254094;-0.0193968;0.00143643
0.0600902;-0.395461;0;4.49513e-05;0.277139;-0.0211586;0.00156689
0.0650549;-0.394674;0;4.798e-05;0.299612;-0.022874;0.00169393
0.0700092;-0.393826;0;5.10569e-05;0.322444;-0.0246166;0.00182298
0.0749525;-0.392915;0;5.41341e-05;0.345278;-0.0263595;0.00195204
0.079884;-0.391942;0;5.72111e-05;0.36811;-0.0281022;0.0020811
0.0848028;-0.390907;0;6.02208e-05;0.390445;-0.0298068;0.00220734
0.0897083;-0.389811;0;6.32542e-05;0.41296;-0.031525;0.00233457
0.0945996;-0.388653;0;6.62885e-05;0.435481;-0.0332436;0.00246184
0.099476;-0.387433;0;6.9323e-05;0.458004;-0.0349623;0.00258913
0.104337;-0.386153;0;7.23574e-05;0.480526;-0.036681;0.0027164
0.109181;-0.384811;0;7.53912e-05;0.503044;-0.0383994;0.00284366
0.114008;-0.383409;0;7.84239e-05;0.525553;-0.0401171;0.00297086
0.118817;-0.381946;0;8.13208e-05;0.547084;-0.0417579;0.00309237
0.123607;-0.380423;0;8.42511e-05;0.568879;-0.0434175;0.00321527
0.128377;-0.378839;0;8.71829e-05;0.590685;-0.0450781;0.00333825
0.133128;-0.377196;0;9.01159e-05;0.612499;-0.0467392;0.00346126
0.137857;-0.375494;0;9.30494e-05;0.634318;-0.0484007;0.0035843
0.142565;-0.373732;0;9.5983e-05;0.656139;-0.0500623;0.00370735
0.14725;-0.371911;0;9.89164e-05;0.677956;-0.0517237;0.00383039
0.151912;-0.370031;0;0.000101849;0.699768;-0.0533847;0.00395339
0.156549;-0.368093;0;0.00010478;0.721571;-0.0550449;0.00407634
0.161163;-0.366096;0;0.00010771;0.743361;-0.0567042;0.00419922
0.16575;-0.364042;0;0.000110637;0.765135;-0.0583623;0.00432201
0.170312;-0.361931;0;0.000113513;0.786533;-0.0599911;0.00444263
0.174846;-0.359762;0;0.000116308;0.807354;-0.0615742;0.00455987
0.179353;-0.357537;0;0.00011902;0.827592;-0.0631103;0.00467362
0.183832;-0.355255;0;0.000121734;0.847843;-0.0646473;0.00478744
0.188282;-0.352916;0;0.000124449;0.868104;-0.0661852;0.00490133
0.192701;-0.350523;0;0.000127165;0.888372;-0.0677235;0.00501525
0.197091;-0.348074;0;0.000129881;0.908644;-0.0692622;0.00512919
0.201449;-0.345569;0;0.000132598;0.928917;-0.0708008;0.00524314
0.205776;-0.343011;0;0.000135314;0.949187;-0.0723393;0.00535707
0.21007;-0.340398;0;0.00013803;0.969451;-0.0738774;0.00547097
0.214331;-0.337731;0;0.000140744;0.989706;-0.0754147;0.00558482
0.218558;-0.335011;0;0.000143457;1.00995;-0.0769512;0.0056986
0.22275;-0.332238;0;0.000146167;1.03018;-0.0784864;0.00581229
0.226908;-0.329413;0;0.000148765;1.0496;-0.0799582;0.00592129
0.231029;-0.326536;0;0.000151187;1.06775;-0.0813299;0.00602287
0.235114;-0.323607;0;0.000153611;1.08591;-0.0827027;0.00612453
0.239162;-0.320627;0;0.000156036;1.10408;-0.0840764;0.00622626
0.243172;-0.317596;0;0.000158463;1.12226;-0.0854509;0.00632804
0.247144;-0.314515;0;0.00016089;1.14045;-0.0868258;0.00642986
0.251077;-0.311385;0;0.000163318;1.15864;-0.088201;0.0065317
0.25497;-0.308205;0;0.000165746;1.17683;-0.0895762;0.00663354
0.258822;-0.304977;0;0.000168173;1.19502;-0.0909513;0.00673537
0.262634;-0.301701;0;0.0001706;1.21321;-0.0923259;0.00683717
0.266405;-0.298376;0;0.000173026;1.23138;-0.0937;0.00693893
0.270133;-0.295005;0;0.000175451;1.24955;-0.0950732;0.00704062
0.273819;-0.291587;0;0.000177873;1.2677;-0.0964454;0.00714224
0.277461;-0.288124;0;0.000180251;1.28552;-0.0977921;0.00724197
0.28106;-0.284614;0;0.000182387;1.30158;-0.0990023;0.00733159
0.284614;-0.28106;0;0.000184473;1.31728;-0.100184;0.00741908
0.288124;-0.277461;0;0.00018656;1.33298;-0.101366;0.00750662
0.291587;-0.273819;0;0.000188647;1.34868;-0.102548;0.00759419
0.295005;-0.270133;0;0.000190735;1.3644;-0.103731;0.00768178
0.298376;-0.266405;0;0.000192823;1.38011;-0.104914;0.00776937
0.301701;-0.262634;0;0.000194911;1.39582;-0.106096;0.00785695
0.304977;-0.258822;0;0.000196999;1.41152;-0.107279;0.00794451
0.308205;-0.25497;0;0.000199085;1.42722;-0.108461;0.00803203
0.311385;-0.251077;0;0.00020117;1.44291;-0.109642;0.0081195
0.314515;-0.247144;0;0.000203254;1.45859;-0.110822;0.0082069
0.317596;-0.243172;0;0.000205267;1.47375;-0.111963;0.00829136
0.320627;-0.239162;0;0.000206952;1.48648;-0.112917;0.00836205
0.323607;-0.235114;0;0.000208638;1.49922;-0.113872;0.00843279
0.326536;-0.231029;0;0.000210326;1.51197;-0.114828;0.00850359
0.329413;-0.226908;0;0.000212014;1.52472;-0.115785;0.00857442
0.332238;-0.22275;0;0.000213703;1.53748;-0.116742;0.00864527
0.335011;-0.218558;0;0.000215393;1.55024;-0.117699;0.00871614
0.337731;-0.214331;0;0.000217082;1.563;-0.118656;0.00878701
0.340398;-0.21007;0;0.000218771;1.57576;-0.119613;0.00885788
0.343011;-0.205776;0;0.00022046;1.58852;-0.120569;0.00892872
0.345569;-0.201449;0;0.000222148;1.60127;-0.121525;0.00899954
0.348074;-0.197091;0;0.000223835;1.61401;-0.122481;0.00907031
0.350523;-0.192701;0;0.000225521;1.62675;-0.123436;0.00914103
0.352916;-0.188282;0;0.000227205;1.63947;-0.12439;0.00921168
0.355255;-0.183832;0;0.000228672;1.65057;-0.125221;0.00927322
0.357537;-0.179353;0;0.000229924;1.66007;-0.125931;0.00932575
0.359762;-0.174846;0;0.000231177;1.66957;-0.12664;0.00937831
0.361931;-0.170312;0;0.000232375;1.67866;-0.127319;0.00942856
0.364042;-0.16575;0;0.000233564;1.68768;-0.127993;0.00947845
0.366096;-0.161163;0;0.000234754;1.69671;-0.128667;0.00952837
0.368093;-0.156549;0;0.000235944;1.70573;-0.129341;0.00957829
0.370031;-0.151912;0;0.000237134;1.71476;-0.130015;0.0096282
0.371911;-0.14725;0;0.000238324;1.72378;-0.130689;0.00967811
0.373732;-0.142565;0;0.000239513;1.7328;-0.131362;0.009728
0.375494;-0.137857;0;0.000240701;1.74182;-0.132036;0.00977786
0.377196;-0.133128;0;0.000241889;1.75083;-0.132708;0.00982769
0.378839;-0.128377;0;0.000243071;1.75979;-0.133378;0.00987726
0.380423;-0.123607;0;0.000244136;1.76787;-0.133981;0.00992192
0.381946;-0.118817;0;0.000244905;1.77374;-0.134416;0.00995418
0.383409;-0.114008;0;0.000245675;1.77962;-0.134852;0.00998645
0.384811;-0.109181;0;0.000246445;1.78549;-0.135288;0.0100187
0.386153;-0.104337;0;0.000247176;1.79107;-0.135702;0.0100494
0.387433;-0.099476;0;0.000247835;1.7961;-0.136075;0.010077
0.388653;-0.0945996;0;0.000248494;1.80113;-0.136448;0.0101047
0.389811;-0.0897083;0;0.000249153;1.80616;-0.136822;0.0101323
0.390907;-0.0848028;0;0.000249812;1.81119;-0.137195;0.0101599
0.391942;-0.079884;0;0.000250471;1.81621;-0.137568;0.0101876
0.392915;-0.0749525;0;0.00025113;1.82124;-0.137941;0.0102152
0.393826;-0.0700092;0;0.000251789;1.82627;-0.138314;0.0102428
0.394674;-0.0650549;0;0.000252447;1.83129;-0.138687;0.0102704
0.395461;-0.0600902;0;0.000253105;1.83631;-0.139059;0.010298
0.396185;-0.0551161;0;0.000253504;1.83938;-0.139285;0.0103147
0.396846;-0.0501333;0;0.000253802;1.84169;-0.139453;0.0103272
0.397445;-0.0451426;0;0.0002541;1.844;-0.139622;0.0103396
0.39798;-0.0401447;0;0.00025431;1.84565;-0.13974;0.0103484
0.398453;-0.0351405;0;0.000254448;1.84673;-0.139818;0.0103542
0.398864;-0.0301307;0;0.000254585;1.84782;-0.139895;0.0103599
0.399211;-0.0251162;0;0.000254723;1.8489;-0.139973;0.0103657
0.399495;-0.0200977;0;0.000254861;1.84999;-0.14005;0.0103714
0.399716;-0.0150761;0;0.000254998;1.85108;-0.140128;0.0103771
0.399874;-0.010052;0;0.000255136;1.85216;-0.140206;0.0103829
0.399968;-0.00502642;0;0.000255274;1.85325;-0.140283;0.0103886
