0.4;0;0;0.000253329;1.89339;-0.140359;0.0103943
0.399968;0.00502642;0;0.000253184;1.89232;-0.140279;0.0103883
0.399874;0.010052;0;0.000253037;1.89124;-0.140196;0.0103822
0.399716;0.0150761;0;0.000252889;1.89015;-0.140114;0.0103761
0.399495;0.0200977;0;0.000252742;1.88906;-0.140032;0.01037
0.399211;0.0251162;0;0.000252594;1.88797;-0.13995;0.0103639
0.398864;0.0301307;0;0.000252447;1.88688;-0.139867;0.0103578
0.398453;0.0351405;0;0.0002523;1.8858;-0.139785;0.0103518
0.39798;0.0401447;0;0.000252152;1.88471;-0.139703;0.0103457
0.397445;0.0451426;0;0.00025188;1.88266;-0.139552;0.0103345
0.396846;0.0501333;0;0.000251543;1.88011;-0.139365;0.0103206
0.396185;0.0551161;0;0.000251206;1.87755;-0.139178;0.0103068
0.395461;0.0600902;0;0.000250869;1.875;-0.138991;0.0102929
0.394674;0.0650549;0;0.000250265;1.87042;-0.138655;0.0102681
0.393826;0.0700092;0;0.000249605;1.86542;-0.138289;0.0102409
0.392915;0.0749525;0;0.000248944;1.8604;-0.137921;0.0102137
0.391942;0.079884;0;0.000248282;1.85539;-0.137554;0.0101866
0.390907;0.0848028;0;0.000247621;1.85038;-0.137187;0.0101594
0.389811;0.0897083;0;0.000246959;1.84536;-0.13682;0.0101321
0.388653;0.0945996;0;0.000246297;1.84035;-0.136452;0.0101049
0.387433;0.099476;0;0.000245636;1.83533;-0.136085;0.0100777
0.386153;0.104337;0;0.000244938;1.83004;-0.135698;0.0100491
0.384811;0.109181;0;0.000244123;1.82383;-0.135245;0.0100156
0.383409;0.114008;0;0.000243307;1.81763;-0.134793;0.00998205
0.381946;0.118817;0;0.000242492;1.81143;-0.134341;0.00994855
0.380423;0.123607;0;0.000241677;1.80523;-0.133888;0.00991507
0.378839;0.128377;0;0.000240617;1.79717;-0.1333;0.0098715
0.377196;0.133128;0;0.000239398;1.7879;-0.132623;0.0098214
0.375494;0.137857;0;0.000238184;1.77867;-0.13195;0.00977152
0.373732;0.142565;0;0.00023697;1.76945;-0.131276;0.00972165
0.371911;0.14725;0;0.000235755;1.76022;-0.130603;0.00967174
0.370031;0.151912;0;0.00023454;1.75098;-0.129929;0.00962182
0.368093;0.156549;0;0.000233324;1.74174;-0.129254;0.0095719
0.366096;0.161163;0;0.000232109;1.73251;-0.12858;0.00952197
0.364042;0.16575;0;0.000230894;1.72327;-0.127906;0.00947204
0.361931;0.170312;0;0.000229679;1.71404;-0.127232;0.00942214
0.359762;0.174846;0;0.000228465;1.70481;-0.126558;0.00937225
0.357537;0.179353;0;0.000227251;1.69559;-0.125885;0.0093224
0.355255;0.183832;0;0.000226038;1.68637;-0.125212;0.00927258
0.352916;0.188282;0;0.000224571;1.67525;-0.124399;0.00921231
0.350523;0.192701;0;0.000222854;1.66224;-0.123446;0.00914176
0.348074;0.197091;0;0.000221135;1.64922;-0.122492;0.00907114
0.345569;0.201449;0;0.000219414;1.63619;-0.121538;0.00900047
0.343011;0.205776;0;0.000217693;1.62316;-0.120583;0.00892976
0.340398;0.21007;0;0.000215971;1.61011;-0.119628;0.00885902
0.337731;0.214331;0;0.000214248;1.59707;-0.118672;0.00878826
0.335011;0.218558;0;0.000212526;1.58402;-0.117717;0.00871749
0.332238;0.22275;0;0.000210803;1.57098;-0.116761;0.00864672
0.329413;0.226908;0;0.00020908;1.55793;-0.115806;0.00857597
0.326536;0.231029;0;0.000207359;1.54489;-0.114851;0.00850524
0.323607;0.235114;0;0.000205636;1.53185;-0.113895;0.00843446
0.320627;0.239162;0;0.000203908;1.51876;-0.112936;0.00836348
0.317596;0.243172;0;0.000202181;1.50568;-0.111979;0.00829255
0.314515;0.247144;0;0.000200207;1.49077;-0.110883;0.00821144
0.311385;0.251077;0;0.000198082;1.47476;-0.109705;0.00812417
0.308205;0.25497;0;0.000195956;1.45874;-0.108526;0.00803684
0.304977;0.258822;0;0.000193828;1.44269;-0.107345;0.0079494
0.301701;0.262634;0;0.000191696;1.42663;-0.106163;0.00786184
0.298376;0.266405;0;0.000189563;1.41054;-0.104979;0.0077742
0.295005;0.270133;0;0.000187427;1.39444;-0.103794;0.00768645
0.291587;0.273819;0;0.000185291;1.37834;-0.102609;0.0075987
0.288124;0.277461;0;0.000183155;1.36224;-0.101424;0.00751096
0.284614;0.28106;0;0.00018102;1.34615;-0.10024;0.00742326
0.28106;0.284614;0;0.000178886;1.33006;-0.0990564;0.0073356
0.277461;0.288124;0;0.000176719;1.31374;-0.0978542;0.00724657
0.273819;0.291587;0;0.000174249;1.29521;-0.096484;0.0071451
0.270133;0.295005;0;0.000171777;1.27666;-0.0951124;0.00704353
0.266405;0.298376;0;0.000169303;1.2581;-0.0937398;0.00694188
0.262634;0.301701;0;0.000166827;1.23953;-0.0923665;0.00684018
0.258822;0.304977;0;0.00016435;1.22095;-0.0909925;0.00673842
0.25497;0.308205;0;0.000161873;1.20237;-0.0896181;0.00663665
0.251077;0.311385;0;0.000159394;1.18377;-0.088243;0.00653481
0.247144;0.314515;0;0.000156915;1.16517;-0.0868677;0.00643296
0.243172;0.317596;0;0.000154434;1.14656;-0.0854912;0.00633103
0.239162;0.320627;0;0.000151953;1.12795;-0.0841153;0.00622914
0.235114;0.323607;0;0.000149474;1.10935;-0.08274;0.00612729
0.231029;0.326536;0;0.000146997;1.09077;-0.0813655;0.0060255
0.226908;0.329413;0;0.000144521;1.07219;-0.0799922;0.0059238
0.22275;0.332238;0;0.000141892;1.05253;-0.078534;0.00581581
0.218558;0.335011;0;0.000139124;1.03185;-0.0769981;0.00570208
0.214331;0.337731;0;0.000136353;1.01116;-0.0754611;0.00558825
0.21007;0.340398;0;0.000133581;0.99046;-0.0739231;0.00547436
0.205776;0.343011;0;0.000130807;0.969747;-0.0723844;0.00536041
0.201449;0.345569;0;0.000128033;0.949028;-0.0708453;0.00524643
0.197091;0.348074;0;0.000125258;0.928307;-0.0693059;0.00513243
0.192701;0.350523;0;0.000122484;0.907585;-0.0677666;0.00501844
0.188282;0.352916;0;0.000119709;0.886868;-0.0662275;0.00490446
0.183832;0.355255;0;0.000116936;0.866157;-0.0646889;0.00479052
0.179353;0.357537;0;0.000114164;0.845456;-0.0631511;0.00467664
0.174846;0.359762;0;0.000111394;0.824768;-0.0616143;0.00456283
0.170312;0.361931;0;0.000108588;0.803837;-0.0600577;0.00444756
0.16575;0.364042;0;0.000105595;0.781557;-0.0583972;0.00432459
0.161163;0.366096;0;0.000102587;0.759167;-0.0567286;0.00420102
0.156549;0.368093;0;9.95761e-05;0.736755;-0.0550583;0.00407733
0.151912;0.370031;0;9.65627e-05;0.714324;-0.0533865;0.00395353
0.14725;0.371911;0;9.35472e-05;0.691877;-0.0517137;0.00382964
0.142565;0.373732;0;9.05301e-05;0.669418;-0.0500399;0.00370569
0.137857;0.375494;0;8.75119e-05;0.64695;-0.0483654;0.00358169
0.133128;0.377196;0;8.4493e-05;0.624478;-0.0466906;0.00345766
0.128377;0.378839;0;8.14739e-05;0.602004;-0.0450158;0.00333363
0.123607;0.380423;0;7.84551e-05;0.579532;-0.043341;0.00320961
0.118817;0.381946;0;7.55104e-05;0.557642;-0.0417074;0.00308863
0.114008;0.383409;0;7.24198e-05;0.5347;-0.0399927;0.00296165
0.109181;0.384811;0;6.93278e-05;0.511749;-0.0382773;0.00283462
0.104337;0.386153;0;6.62349e-05;0.488791;-0.0365614;0.00270755
0.099476;0.387433;0;6.31417e-05;0.46583;-0.0348454;0.00258046
0.0945996;0.388653;0;6.00486e-05;0.44287;-0.0331293;0.00245338
0.0897083;0.389811;0;5.69561e-05;0.419915;-0.0314136;0.00232633
0.0848028;0.390907;0;5.38647e-05;0.396967;-0.0296985;0.00219932
0.079884;0.391942;0;5.07749e-05;0.374032;-0.0279843;0.00207237
0.0749525;0.392915;0;4.76871e-05;0.351112;-0.0262713;0.00194551
0.0700092;0.393826;0;4.46019e-05;0.32821;-0.0245596;0.00181876
0.0650549;0.394674;0;4.15198e-05;0.305332;-0.0228497;0.00169213
0.0600902;0.395461;0;3.84411e-05;0.282479;-0.0211417;0.00156564
0.0551161;0.396185;0;3.53665e-05;0.259656;-0.0194359;0.00143932
0.0501333;0.396846;0;3.2203e-05;0.236198;-0.0176808;0.00130935
0.0451426;0.397445;0;2.90227e-05;0.21262;-0.0159164;0.00117869
0.0401447;0.39798;0;2.58388e-05;0.189015;-0.0141501;0.00104788
0.0351405;0.398453;0;2.26518e-05;0.165388;-0.012382;0.000916944
0.0301307;0.398864;0;1.94622e-05;0.14174;-0.0106124;0.0007859
0.0251162;0.399211;0;1.62705e-05;0.118077;-0.00884168;0.000654768
0.0200977;0.399495;0;1.30771e-05;0.0944019;-0.00707004;0.00052357
0.0150761;0.399716;0;9.88258e-06;0.0707184;-0.00529779;0.000392326
0.010052;0.399874;0;6.68748e-06;0.0470305;-0.00352519;0.000261057
0.00502642;0.399968;0;3.49226e-06;0.0233417;-0.00175254;0.000129784
2.44929e-17;0.4;0;2.97446e-07;-0.000344139;1.98971e-05;-1.47348e-06
-0.00502642;0.399968;0;-2.89647e-06;-0.0240233;0.00179183;-0.000132694
-0.010052;0.399874;0;-6.08898e-06;-0.047692;0.00356299;-0.000263856
-0.0150761;0.399716;0;-9.27958e-06;-0.0713466;0.00533308;-0.00039494
-0.0200977;0.399495;0;-1.24678e-05;-0.0949833;0.00710184;-0.000525925
-0.0251162;0.399211;0;-1.5653e-05;-0.118598;0.00886897;-0.00065679
-0.0301307;0.398864;0;-1.88349e-05;-0.142188;0.0106342;-0.000787514
-0.0351405;0.398453;0;-2.19859e-05;-0.165552;0.0123824;-0.000916979
-0.0401447;0.39798;0;-2.51234e-05;-0.188825;0.0141232;-0.00104589
-0.0451426;0.397445;0;-2.82615e-05;-0.212109;0.0158641;-0.00117481
-0.0501333;0.396846;0;-3.14021e-05;-0.235411;0.0176065;-0.00130384
-0.0551161;0.396185;0;-3.45448e-05;-0.258729;0.01935;-0.00143296
-0.0600902;0.395461;0;-3.76889e-05;-0.282057;0.0210943;-0.00156214
-0.0650549;0.394674;0;-4.08342e-05;-0.305394;0.0228392;-0.00169135
-0.0700092;0.393826;0;-4.39799e-05;-0.328734;0.0245844;-0.00182059
-0.0749525;0.392915;0;-4.71257e-05;-0.352075;0.0263297;-0.00194984
-0.079884;0.391942;0;-5.0271e-05;-0.375412;0.0280746;-0.00207906
-0.0848028;0.390907;0;-5.34154e-05;-0.398743;0.0298191;-0.00220825
-0.0897083;0.389811;0;-5.65583e-05;-0.422062;0.0315627;-0.00233737
-0.0945996;0.388653;0;-5.96993e-05;-0.445367;0.0333053;-0.00246642
-0.099476;0.387433;0;-6.28378e-05;-0.468654;0.0350465;-0.00259536
-0.104337;0.386153;0;-6.59328e-05;-0.491629;0.0367636;-0.00272252
-0.109181;0.384811;0;-6.89504e-05;-0.514062;0.0384379;-0.00284651
-0.114008;0.383409;0;-7.19443e-05;-0.536336;0.0400989;-0.00296951
-0.118817;0.381946;0;-7.49406e-05;-0.558626;0.0417611;-0.00309261
-0.123607;0.380423;0;-7.79386e-05;-0.580931;0.0434244;-0.00321578
-0.128377;0.378839;0;-8.09381e-05;-0.603245;0.0450885;-0.00333901
-0.133128;0.377196;0;-8.39384e-05;-0.625567;0.046753;-0.00346228
-0.137857;0.375494;0;-8.69392e-05;-0.647891;0.0484178;-0.00358557
-0.142565;0.373732;0;-8.99399e-05;-0.670215;0.0500825;-0.00370885
-0.14725;0.371911;0;-9.294e-05;-0.692535;0.051747;-0.00383211
-0.151912;0.370031;0;-9.59266e-05;-0.714753;0.0534039;-0.00395481
-0.156549;0.368093;0;-9.89143e-05;-0.736977;0.0550614;-0.00407756
-0.161163;0.366096;0;-0.0001019;-0.759188;0.0567181;-0.00420024
-0.16575;0.364042;0;-0.000104884;-0.781384;0.0583736;-0.00432284
-0.170312;0.361931;0;-0.000107866;-0.803562;0.0600277;-0.00444534
-0.174846;0.359762;0;-0.000110733;-0.824911;0.0616183;-0.00456313
-0.179353;0.357537;0;-0.000113486;-0.845466;0.0631459;-0.00467625
-0.183832;0.355255;0;-0.000116242;-0.866037;0.0646746;-0.00478947
-0.188282;0.352916;0;-0.000118999;-0.886621;0.0662043;-0.00490274
-0.192701;0.350523;0;-0.000121757;-0.907214;0.0677347;-0.00501608
-0.197091;0.348074;0;-0.000124517;-0.927812;0.0692655;-0.00512944
-0.201449;0.345569;0;-0.000127276;-0.948413;0.0707965;-0.00524281
-0.205776;0.343011;0;-0.000130036;-0.969014;0.0723274;-0.00535619
-0.21007;0.340398;0;-0.000132795;-0.98961;0.0738581;-0.00546954
-0.214331;0.337731;0;-0.000135553;-1.0102;0.0753882;-0.00558285
-0.218558;0.335011;0;-0.000138309;-1.03078;0.0769175;-0.00569611
-0.22275;0.332238;0;-0.000141029;-1.05109;0.0784266;-0.00580786
-0.226908;0.329413;0;-0.00014371;-1.07114;0.0799138;-0.00591799
-0.231029;0.326536;0;-0.000146152;-1.08945;0.0812685;-0.00601832
-0.235114;0.323607;0;-0.000148628;-1.10801;0.082642;-0.00612004
-0.239162;0.320627;0;-0.000151105;-1.12659;0.0840164;-0.00622182
-0.243172;0.317596;0;-0.000153584;-1.14518;0.0853915;-0.00632365
-0.247144;0.314515;0;-0.000156063;-1.16377;0.0867671;-0.00642552
-0.251077;0.311385;0;-0.000158543;-1.18236;0.0881429;-0.0065274
-0.25497;0.308205;0;-0.000161023;-1.20096;0.0895188;-0.00662929
-0.258822;0.304977;0;-0.000163503;-1.21955;0.0908945;-0.00673117
-0.262634;0.301701;0;-0.000165982;-1.23814;0.0922698;-0.00683302
-0.266405;0.298376;0;-0.00016846;-1.25672;0.0936446;-0.00693483
-0.270133;0.295005;0;-0.000170936;-1.27529;0.0950184;-0.00703657
-0.273819;0.291587;0;-0.00017341;-1.29385;0.0963913;-0.00713823
-0.277461;0.288124;0;-0.000175734;-1.31127;0.0976803;-0.00723369
-0.28106;0.284614;0;-0.000177946;-1.32789;0.0989075;-0.00732457
-0.284614;0.28106;0;-0.000180093;-1.34407;0.100099;-0.0074128
-0.288124;0.277461;0;-0.000182242;-1.36026;0.101291;-0.00750106
-0.291587;0.273819;0;-0.000184391;-1.37645;0.102483;-0.00758935
-0.295005;0.270133;0;-0.00018654;-1.39264;0.103675;-0.00767765
-0.298376;0.266405;0;-0.000188689;-1.40884;0.104868;-0.00776595
-0.301701;0.262634;0;-0.000190838;-1.42503;0.10606;-0.00785423
-0.304977;0.258822;0;-0.000192986;-1.44121;0.107251;-0.00794248
-0.308205;0.25497;0;-0.000195133;-1.45739;0.108443;-0.00803068
-0.311385;0.251077;0;-0.000197279;-1.47355;0.109633;-0.00811883
-0.314515;0.247144;0;-0.000199422;-1.4897;0.110822;-0.00820691
-0.317596;0.243172;0;-0.000201423;-1.5048;0.111932;-0.00828912
-0.320627;0.239162;0;-0.000203155;-1.5179;0.112893;-0.00836027
-0.323607;0.235114;0;-0.000204889;-1.53102;0.113855;-0.00843148
-0.326536;0.231029;0;-0.000206623;-1.54415;0.114817;-0.00850273
-0.329413;0.226908;0;-0.000208358;-1.55728;0.115779;-0.00857402
-0.332238;0.22275;0;-0.000210094;-1.57042;0.116742;-0.00864533
-0.335011;0.218558;0;-0.00021183;-1.58355;0.117705;-0.00871664
-0.337731;0.214331;0;-0.000213539;-1.59648;0.118653;-0.00878685
-0.340398;0.21007;0;-0.000215249;-1.60942;0.119602;-0.0088571
-0.343011;0.205776;0;-0.000216958;-1.62235;0.12055;-0.00892733
-0.345569;0.201449;0;-0.000218667;-1.63527;0.121498;-0.00899753
-0.348074;0.197091;0;-0.000220375;-1.64819;0.122446;-0.0090677
-0.350523;0.192701;0;-0.000222081;-1.66111;0.123393;-0.00913782
-0.352916;0.188282;0;-0.000223787;-1.67401;0.124339;-0.00920789
-0.355255;0.183832;0;-0.000225326;-1.68566;0.125193;-0.00927114
-0.357537;0.179353;0;-0.000226598;-1.69532;0.125899;-0.0093234
-0.359762;0.174846;0;-0.000227875;-1.70502;0.126607;-0.00937587
-0.361931;0.170312;0;-0.000229153;-1.71473;0.127316;-0.00942835
-0.364042;0.16575;0;-0.00023043;-1.72443;0.128025;-0.00948083
-0.366096;0.161163;0;-0.000231708;-1.73413;0.128733;-0.00953332
-0.368093;0.156549;0;-0.000232985;-1.74383;0.129442;-0.00958579
-0.370031;0.151912;0;-0.000234262;-1.75353;0.13015;-0.00963825
-0.371911;0.14725;0;-0.000235538;-1.76322;0.130858;-0.00969067
-0.373732;0.142565;0;-0.000236813;-1.77291;0.131566;-0.00974307
-0.375494;0.137857;0;-0.000238087;-1.78259;0.132273;-0.00979542
-0.377196;0.133128;0;-0.000239323;-1.79198;0.132958;-0.00984621
-0.378839;0.128377;0;-0.000240185;-1.79854;0.133437;-0.00988161
-0.380423;0.123607;0;-0.000240982;-1.80461;0.133879;-0.00991436
-0.381946;0.118817;0;-0.00024178;-1.81068;0.134321;-0.00994712
-0.383409;0.114008;0;-0.000242578;-1.81676;0.134764;-0.00997991
-0.384811;0.109181;0;-0.000243376;-1.82284;0.135207;-0.0100127
-0.386153;0.104337;0;-0.000244174;-1.82892;0.13565;-0.0100455
-0.387433;0.099476;0;-0.000244973;-1.835;0.136093;-0.0100783
-0.388653;0.0945996;0;-0.000245771;-1.84108;0.136536;-0.0101111
-0.389811;0.0897083;0;-0.000246569;-1.84716;0.136978;-0.0101439
-0.390907;0.0848028;0;-0.000247367;-1.85324;0.137421;-0.0101767
-0.391942;0.079884;0;-0.000248164;-1.85931;0.137863;-0.0102094
-0.392915;0.0749525;0;-0.000248961;-1.86538;0.138305;-0.0102422
-0.393826;0.0700092;0;-0.000249757;-1.87144;0.138747;-0.0102749
-0.394674;0.0650549;0;-0.000250546;-1.87745;0.139184;-0.0103073
-0.395461;0.0600902;0;-0.000250858;-1.87983;0.139358;-0.0103201
-0.396185;0.0551161;0;-0.000251122;-1.88184;0.139504;-0.0103309
-0.396846;0.0501333;0;-0.000251386;-1.88385;0.13965;-0.0103418
-0.397445;0.0451426;0;-0.000251649;-1.88587;0.139797;-0.0103526
-0.39798;0.0401447;0;-0.000251913;-1.88787;0.139943;-0.0103634
-0.398453;0.0351405;0;-0.000252169;-1.88983;0.140085;-0.010374
-0.398864;0.0301307;0;-0.000252419;-1.89173;0.140223;-0.0103842
-0.399211;0.0251162;0;-0.000252666;-1.89362;0.140361;-0.0103944
-0.399495;0.0200977;0;-0.000252912;-1.8955;0.140497;-0.0104045
-0.399716;0.0150761;0;-0.000253159;-1.89738;0.140634;-0.0104146
-0.399874;0.010052;0;-0.000253405;-1.89925;0.140771;-0.0104248
-0.399968;0.00502642;0;-0.000253651;-1.90112;0.140907;-0.0104349
-0.4;4.89859e-17;0;-0.000253896;-1.903;0.141043;-0.0104449
-0.399968;-0.00502642;0;-0.000253726;-1.9017;0.140949;-0.0104379
-0.399874;-0.010052;0;-0.000253467;-1.89972;0.140805;-0.0104273
-0.399716;-0.0150761;0;-0.000253208;-1.89775;0.140662;-0.0104167
-0.399495;-0.0200977;0;-0.000252949;-1.89576;0.140518;-0.010406
-0.399211;-0.0251162;0;-0.000252689;-1.89378;0.140373;-0.0103953
-0.398864;-0.0301307;0;-0.000252429;-1.8918;0.140229;-0.0103846
-0.398453;-0.0351405;0;-0.000252168;-1.88981;0.140085;-0.0103739
-0.39798;-0.0401447;0;-0.000251908;-1.88783;0.13994;-0.0103632
-0.397445;-0.0451426;0;-0.000251647;-1.88584;0.139796;-0.0103525
-0.396846;-0.0501333;0;-0.000251387;-1.88385;0.139651;-0.0103418
-0.396185;-0.0551161;0;-0.000251126;-1.88186;0.139506;-0.0103311
-0.395461;-0.0600902;0;-0.000250865;-1.87987;0.139362;-0.0103204
-0.394674;-0.0650549;0;-0.000250604;-1.87787;0.139217;-0.0103097
-0.393826;-0.0700092;0;-0.000249834;-1.87201;0.13879;-0.010278
-0.392915;-0.0749525;0;-0.000249045;-1.866;0.138352;-0.0102456
-0.391942;-0.079884;0;-0.000248256;-1.85998;0.137914;-0.0102132
-0.390907;-0.0848028;0;-0.000247465;-1.85395;0.137476;-0.0101807
-0.389811;-0.0897083;0;-0.000246674;-1.84793;0.137037;-0.0101482
-0.388653;-0.0945996;0;-0.000245883;-1.8419;0.136598;-0.0101157
-0.387433;-0.099476;0;-0.000245092;-1.83586;0.136159;-0.0100832
-0.386153;-0.104337;0;-0.0002443;-1.82983;0.13572;-0.0100507
-0.384811;-0.109181;0;-0.000243509;-1.8238;0.135281;-0.0100182
-0.383409;-0.114008;0;-0.000242717;-1.81777;0.134842;-0.00998567
-0.381946;-0.118817;0;-0.000241926;-1.81174;0.134403;-0.00995316
-0.380423;-0.123607;0;-0.000241135;-1.80571;0.133964;-0.00992068
-0.378839;-0.128377;0;-0.000240305;-1.79939;0.133504;-0.00988658
-0.377196;-0.133128;0;-0.000239125;-1.79043;0.132849;-0.00983807
-0.375494;-0.137857;0;-0.000237943;-1.78146;0.132193;-0.00978952
-0.373732;-0.142565;0;-0.000236761;-1.77248;0.131537;-0.00974095
-0.371911;-0.14725;0;-0.000235462;-1.76261;0.130816;-0.00968758
-0.370031;-0.151912;0;-0.000234147;-1.75261;0.130087;-0.00963355
-0.368093;-0.156549;0;-0.00023283;-1.7426;0.129357;-0.00957948
-0.366096;-0.161163;0;-0.000231514;-1.7326;0.128626;-0.00952539
-0.364042;-0.16575;0;-0.000230197;-1.72259;0.127896;-0.00947129
-0.361931;-0.170312;0;-0.00022888;-1.71257;0.127165;-0.00941719
-0.359762;-0.174846;0;-0.000227563;-1.70256;0.126435;-0.00936309
-0.357537;-0.179353;0;-0.000226247;-1.69256;0.125704;-0.009309
-0.355255;-0.183832;0;-0.000224771;-1.68137;0.124886;-0.00924838
-0.352916;-0.188282;0;-0.000223261;-1.66994;0.124048;-0.00918634
-0.350523;-0.192701;0;-0.000221683;-1.65799;0.123172;-0.0091215
-0.348074;-0.197091;0;-0.000220012;-1.64535;0.122245;-0.00905286
-0.345569;-0.201449;0;-0.000218341;-1.63271;0.121318;-0.00898419
-0.343011;-0.205776;0;-0.000216669;-1.62006;0.12039;-0.00891549
-0.340398;-0.21007;0;-0.000214997;-1.60741;0.119463;-0.00884678
-0.337731;-0.214331;0;-0.000213324;-1.59476;0.118535;-0.00877807
-0.335011;-0.218558;0;-0.000211652;-1.58212;0.117607;-0.00870937
-0.332238;-0.22275;0;-0.00020998;-1.56947;0.11668;-0.00864069
-0.329413;-0.226908;0;-0.000208309;-1.55683;0.115753;-0.00857204
-0.326536;-0.231029;0;-0.000206585;-1.54378;0.114796;-0.00850118
-0.323607;-0.235114;0;-0.000204836;-1.53053;0.113826;-0.00842934
-0.320627;-0.239162;0;-0.000203088;-1.5173;0.112856;-0.00835754
-0.317596;-0.243172;0;-0.000201336;-1.50404;0.111885;-0.00828558
-0.314515;-0.247144;0;-0.000199316;-1.48881;0.110764;-0.00820259
-0.311385;-0.251077;0;-0.000197168;-1.47262;0.109572;-0.00811434
-0.308205;-0.25497;0;-0.000195018;-1.45642;0.108379;-0.00802601
-0.304977;-0.258822;0;-0.000192867;-1.44021;0.107186;-0.00793763
-0.301701;-0.262634;0;-0.000190714;-1.42398;0.105992;-0.0078492
-0.298376;-0.266405;0;-0.000188561;-1.40776;0.104797;-0.00776074
-0.295005;-0.270133;0;-0.000186407;-1.39153;0.103602;-0.00767226
-0.291587;-0.273819;0;-0.000184254;-1.3753;0.102408;-0.00758378
-0.288124;-0.277461;0;-0.0001821;-1.35907;0.101213;-0.0074953
-0.284614;-0.28106;0;-0.000179947;-1.34284;0.100019;-0.00740686
-0.28106;-0.284614;0;-0.000177795;-1.32663;0.0988248;-0.00731845
-0.277461;-0.288124;0;-0.000175547;-1.30976;0.0975776;-0.00722609
-0.273819;-0.291587;0;-0.000173249;-1.29252;0.0963027;-0.00713168
-0.270133;-0.295005;0;-0.000170842;-1.27447;0.0949673;-0.00703278
-0.266405;-0.298376;0;-0.00016838;-1.256;0.0936012;-0.00693161
-0.262634;-0.301701;0;-0.000165916;-1.23753;0.0922344;-0.00683039
-0.258822;-0.304977;0;-0.000163452;-1.21905;0.0908671;-0.00672914
-0.25497;-0.308205;0;-0.000160987;-1.20056;0.0894996;-0.00662787
-0.251077;-0.311385;0;-0.000158522;-1.18208;0.088132;-0.0065266
-0.247144;-0.314515;0;-0.000156057;-1.16359;0.0867647;-0.00642534
-0.243172;-0.317596;0;-0.000153593;-1.14512;0.0853977;-0.00632411
-0.239162;-0.320627;0;-0.000151131;-1.12665;0.0840314;-0.00622292
-0.235114;-0.323607;0;-0.000148669;-1.10819;0.0826658;-0.0061218
-0.231029;-0.326536;0;-0.00014621;-1.08975;0.0813013;-0.00602075
-0.226908;-0.329413;0;-0.00014369;-1.07087;0.0799031;-0.00591721
-0.22275;-0.332238;0;-0.000141011;-1.05084;0.0784172;-0.00580717
-0.218558;-0.335011;0;-0.000138278;-1.03044;0.0769012;-0.0056949
-0.214331;-0.337731;0;-0.000135519;-1.00983;0.0753704;-0.00558154
-0.21007;-0.340398;0;-0.000132759;-0.989223;0.073839;-0.00546813
-0.205776;-0.343011;0;-0.000129997;-0.968604;0.0723069;-0.00535467
-0.201449;-0.345569;0;-0.000127235;-0.947981;0.0707746;-0.0052412
-0.197091;-0.348074;0;-0.000124473;-0.927357;0.0692422;-0.00512772
-0.192701;-0.350523;0;-0.000121711;-0.906736;0.06771;-0.00501425
-0.188282;-0.352916;0;-0.00011895;-0.88612;0.0661783;-0.00490082
-0.183832;-0.355255;0;-0.000116191;-0.865514;0.0646472;-0.00478743
-0.179353;-0.357537;0;-0.000113433;-0.84492;0.063117;-0.00467411
-0.174846;-0.359762;0;-0.000110677;-0.824341;0.061588;-0.00456088
-0.170312;-0.361931;0;-0.000107819;-0.803063;0.0600028;-0.0044435
-0.16575;-0.364042;0;-0.000104868;-0.781105;0.0583655;-0.00432224
-0.161163;-0.366096;0;-0.000101886;-0.758923;0.0567114;-0.00419975
-0.156549;-0.368093;0;-9.8903e-05;-0.736726;0.0550562;-0.00407718
-0.151912;-0.370031;0;-9.59181e-05;-0.714519;0.0534002;-0.00395454
-0.14725;-0.371911;0;-9.29323e-05;-0.692304;0.0517437;-0.00383187
-0.142565;-0.373732;0;-8.99459e-05;-0.670085;0.0500869;-0.00370917
-0.137857;-0.375494;0;-8.69595e-05;-0.647866;0.0484301;-0.00358648
-0.133128;-0.377196;0;-8.39735e-05;-0.625651;0.0467735;-0.0034638
-0.128377;-0.378839;0;-8.09884e-05;-0.603442;0.0451174;-0.00334116
-0.123607;-0.380423;0;-7.80047e-05;-0.581243;0.0434621;-0.00321857
-0.118817;-0.381946;0;-7.50228e-05;-0.559058;0.0418077;-0.00309606
-0.114008;-0.383409;0;-7.20432e-05;-0.53689;0.0401547;-0.00297365
-0.109181;-0.384811;0;-6.90695e-05;-0.514766;0.0385049;-0.00285147
-0.104337;-0.386153;0;-6.59541e-05;-0.491642;0.0367765;-0.00272348
-0.099476;-0.387433;0;-6.28319e-05;-0.468469;0.0350444;-0.0025952
-0.0945996;-0.388653;0;-5.97079e-05;-0.445283;0.0333113;-0.00246686
-0.0897083;-0.389811;0;-5.65828e-05;-0.422088;0.0315775;-0.00233846
-0.0848028;-0.390907;0;-5.34591e-05;-0.398904;0.0298445;-0.00221013
-0.079884;-0.391942;0;-5.03297e-05;-0.375676;0.0281083;-0.00208156
-0.0749525;-0.392915;0;-4.71982e-05;-0.352433;0.026371;-0.0019529
-0.0700092;-0.393826;0;-4.40671e-05;-0.329193;0.024634;-0.00182426
-0.0650549;-0.394674;0;-4.0937e-05;-0.305961;0.0228974;-0.00169566
-0.0600902;-0.395461;0;-3.78083e-05;-0.282739;0.0211617;-0.00156712
-0.0551161;-0.396185;0;-3.46816e-05;-0.259531;0.019427;-0.00143866
-0.0501333;-0.396846;0;-3.15259e-05;-0.236127;0.0176762;-0.00130901
-0.0451426;-0.397445;0;-2.83416e-05;-0.212518;0.0159096;-0.00117818
-0.0401447;-0.39798;0;-2.51554e-05;-0.188896;0.014142;-0.00104728
-0.0351405;-0.398453;0;-2.1968e-05;-0.165264;0.0123737;-0.000916329
-0.0301307;-0.398864;0;-1.8785e-05;-0.141665;0.0106078;-0.000785556
-0.0251162;-0.399211;0;-1.55945e-05;-0.11801;0.00883774;-0.000654477
-0.0200977;-0.399495;0;-1.24038e-05;-0.0943542;0.00706759;-0.000523389
-0.0150761;-0.399716;0;-9.21339e-06;-0.0707003;0.0052976;-0.000392313
-0.010052;-0.399874;0;-6.02378e-06;-0.0470523;0.00352806;-0.000261269
-0.00502642;-0.399968;0;-2.83546e-06;-0.0234139;0.00175923;-0.000130279
-7.34788e-17;-0.4;0;3.51045e-07;0.000211066;-8.59414e-06;6.36437e-07
0.00502642;-0.399968;0;3.51253e-06;0.0236512;-0.00176255;0.000130525
0.010052;-0.399874;0;6.6867e-06;0.0471871;-0.00352358;0.000260938
0.0150761;-0.399716;0;9.86352e-06;0.0707426;-0.00528607;0.000391459
0.0200977;-0.399495;0;1.30425e-05;0.094314;-0.00704976;0.000522068
0.0251162;-0.399211;0;1.62231e-05;0.117898;-0.00881435;0.000652745
0.0301307;-0.398864;0;1.94048e-05;0.14149;-0.0105796;0.000783468
0.0351405;-0.398453;0;2.25872e-05;0.165086;-0.0123452;0.000914217
0.0401447;-0.39798;0;2.57697e-05;0.188684;-0.0141108;0.00104497
0.0451426;-0.397445;0;2.89518e-05;0.212279;-0.0158763;0.00117571
0.0501333;-0.396846;0;3.21331e-05;0.235867;-0.0176412;0.00130642
0.0551161;-0.396185;0;3.52978e-05;0.25932;-0.0193968;0.00143643
0.0600902;-0.395461;0;3.84735e-05;0.282854;-0.0211586;0.00156689
0.0650549;-0.394674;0;4.15656e-05;0.305806;-0.022874;0.00169393
0.0700092;-0.393826;0;4.47069e-05;0.329125;-0.0246166;0.00182298
0.0749525;-0.392915;0;4.78484e-05;0.352447;-0.0263595;0.00195204
0.079884;-0.391942;0;5.09898e-05;0.375767;-0.0281022;0.0020811
0.0848028;-0.390907;0;5.40625e-05;0.398576;-0.0298068;0.00220734
0.0897083;-0.389811;0;5.71593e-05;0.421564;-0.031525;0.00233457
0.0945996;-0.388653;0;6.02569e-05;0.444559;-0.0332436;0.00246184
0.099476;-0.387433;0;6.33549e-05;0.467556;-0.0349623;0.00258913
0.104337;-0.386153;0;6.64527e-05;0.490552;-0.036681;0.0027164
0.109181;-0.384811;0;6.95498e-05;0.513543;-0.0383994;0.00284366
0.114008;-0.383409;0;7.26459e-05;0.536526;-0.0401171;0.00297086
0.118817;-0.381946;0;7.56034e-05;0.558512;-0.0417579;0.00309237
0.123607;-0.380423;0;7.85949e-05;0.58077;-0.0434175;0.00321527
0.128377;-0.378839;0;8.15881e-05;0.603041;-0.0450781;0.00333825
0.133128;-0.377196;0;8.45823e-05;0.625319;-0.0467392;0.00346126
0.137857;-0.375494;0;8.75772e-05;0.647602;-0.0484007;0.0035843
0.142565;-0.373732;0;9.05722e-05;0.669886;-0.0500623;0.00370735
0.14725;-0.371911;0;9.35669e-05;0.692167;-0.0517237;0.00383039
0.151912;-0.370031;0;9.65608e-05;0.714443;-0.0533847;0.00395339
0.156549;-0.368093;0;9.95534e-05;0.736709;-0.0550449;0.00407634
0.161163;-0.366096;0;0.000102544;0.758963;-0.0567042;0.00419922
0.16575;-0.364042;0;0.000105533;0.7812;-0.0583623;0.00432201
0.170312;-0.361931;0;0.000108469;0.803049;-0.0599911;0.00444263
0.174846;-0.359762;0;0.000111322;0.824306;-0.0615742;0.00455987
0.179353;-0.357537;0;0.000114091;0.844974;-0.0631103;0.00467362
0.183832;-0.355255;0;0.000116861;0.865656;-0.0646473;0.00478744
0.188282;-0.352916;0;0.000119633;0.886349;-0.0661852;0.00490133
0.192701;-0.350523;0;0.000122406;0.907048;-0.0677235;0.00501525
0.197091;-0.348074;0;0.000125179;0.927752;-0.0692622;0.00512919
0.201449;-0.345569;0;0.000127953;0.948456;-0.0708008;0.00524314
0.205776;-0.343011;0;0.000130726;0.969157;-0.0723393;0.00535707
0.21007;-0.340398;0;0.000133498;0.989852;-0.0738774;0.00547097
0.214331;-0.337731;0;0.000136269;1.01054;-0.0754147;0.00558482
0.218558;-0.335011;0;0.000139038;1.03121;-0.0769512;0.0056986
0.22275;-0.332238;0;0.000141806;1.05187;-0.0784864;0.00581229
0.226908;-0.329413;0;0.000144458;1.0717;-0.0799582;0.00592129
0.231029;-0.326536;0;0.000146931;1.09023;-0.0813299;0.00602287
0.235114;-0.323607;0;0.000149405;1.10878;-0.0827027;0.00612453
0.239162;-0.320627;0;0.000151881;1.12734;-0.0840764;0.00622626
0.243172;-0.317596;0;0.000154358;1.14591;-0.0854509;0.00632804
0.247144;-0.314515;0;0.000156837;1.16449;-0.0868258;0.00642986
0.251077;-0.311385;0;0.000159315;1.18307;-0.088201;0.0065317
0.25497;-0.308205;0;0.000161794;1.20165;-0.0895762;0.00663354
0.258822;-0.304977;0;0.000164272;1.22023;-0.0909513;0.00673537
0.262634;-0.301701;0;0.00016675;1.23881;-0.0923259;0.00683717
0.266405;-0.298376;0;0.000169227;1.25737;-0.0937;0.00693893
0.270133;-0.295005;0;0.000171702;1.27593;-0.0950732;0.00704062
0.273819;-0.291587;0;0.000174175;1.29447;-0.0964454;0.00714224
0.277461;-0.288124;0;0.000176602;1.31266;-0.0977921;0.00724197
0.28106;-0.284614;0;0.000178784;1.32907;-0.0990023;0.00733159
0.284614;-0.28106;0;0.000180913;1.3451;-0.100184;0.00741908
0.288124;-0.277461;0;0.000183043;1.36114;-0.101366;0.00750662
0.291587;-0.273819;0;0.000185175;1.37718;-0.102548;0.00759419
0.295005;-0.270133;0;0.000187306;1.39323;-0.103731;0.00768178
0.298376;-0.266405;0;0.000189438;1.40928;-0.104914;0.00776937
0.301701;-0.262634;0;0.00019157;1.42533;-0.106096;0.00785695
0.304977;-0.258822;0;0.000193701;1.44137;-0.107279;0.00794451
0.308205;-0.25497;0;0.000195831;1.45741;-0.108461;0.00803203
0.311385;-0.251077;0;0.00019796;1.47344;-0.109642;0.0081195
0.314515;-0.247144;0;0.000200087;1.48945;-0.110822;0.0082069
0.317596;-0.243172;0;0.000202142;1.50494;-0.111963;0.00829136
0.320627;-0.239162;0;0.000203863;1.51794;-0.112917;0.00836205
0.323607;-0.235114;0;0.000205584;1.53096;-0.113872;0.00843279
0.326536;-0.231029;0;0.000207307;1.54398;-0.114828;0.00850359
0.329413;-0.226908;0;0.000209031;1.55701;-0.115785;0.00857442
0.332238;-0.22275;0;0.000210755;1.57005;-0.116742;0.00864527
0.335011;-0.218558;0;0.00021248;1.58308;-0.117699;0.00871614
0.337731;-0.214331;0;0.000214205;1.59612;-0.118656;0.00878701
0.340398;-0.21007;0;0.00021593;1.60916;-0.119613;0.00885788
0.343011;-0.205776;0;0.000217654;1.62219;-0.120569;0.00892872
0.345569;-0.201449;0;0.000219377;1.63522;-0.121525;0.00899954
0.348074;-0.197091;0;0.0002211;1.64824;-0.122481;0.00907031
0.350523;-0.192701;0;0.000222821;1.66125;-0.123436;0.00914103
0.352916;-0.188282;0;0.00022454;1.67425;-0.12439;0.00921168
0.355255;-0.183832;0;0.000226038;1.68559;-0.125221;0.00927322
0.357537;-0.179353;0;0.000227316;1.69529;-0.125931;0.00932575
0.359762;-0.174846;0;0.000228595;1.705;-0.12664;0.00937831
0.361931;-0.170312;0;0.000229818;1.71428;-0.127319;0.00942856
0.364042;-0.16575;0;0.000231032;1.72349;-0.127993;0.00947845
0.366096;-0.161163;0;0.000232247;1.73271;-0.128667;0.00952837
0.368093;-0.156549;0;0.000233462;1.74192;-0.129341;0.00957829
0.370031;-0.151912;0;0.000234677;1.75114;-0.130015;0.0096282
0.371911;-0.14725;0;0.000235891;1.76035;-0.130689;0.00967811
0.373732;-0.142565;0;0.000237105;1.76956;-0.131362;0.009728
0.375494;-0.137857;0;0.000238318;1.77876;-0.132036;0.00977786
0.377196;-0.133128;0;0.000239531;1.78796;-0.132708;0.00982769
0.378839;-0.128377;0;0.000240737;1.79712;-0.133378;0.00987726
0.380423;-0.123607;0;0.000241825;1.80538;-0.133981;0.00992192
0.381946;-0.118817;0;0.00024261;1.81138;-0.134416;0.00995418
0.383409;-0.114008;0;0.000243396;1.81739;-0.134852;0.00998645
0.384811;-0.109181;0;0.000244182;1.8234;-0.135288;0.0100187
0.386153;-0.104337;0;0.000244929;1.82909;-0.135702;0.0100494
0.387433;-0.099476;0;0.000245601;1.83422;-0.136075;0.010077
0.388653;-0.0945996;0;0.000246274;1.83935;-0.136448;0.0101047
0.389811;-0.0897083;0;0.000246947;1.84448;-0.136822;0.0101323
0.390907;-0.0848028;0;0.00024762;1.84961;-0.137195;0.0101599
0.391942;-0.079884;0;0.000248293;1.85474;-0.137568;0.0101876
0.392915;-0.0749525;0;0.000248965;1.85987;-0.137941;0.0102152
0.393826;-0.0700092;0;0.000249637;1.86499;-0.138314;0.0102428
0.394674;-0.0650549;0;0.000250309;1.87011;-0.138687;0.0102704
0.395461;-0.0600902;0;0.000250981;1.87523;-0.139059;0.010298
0.396185;-0.0551161;0;0.000251388;1.87836;-0.139285;0.0103147
0.396846;-0.0501333;0;0.000251692;1.8807;-0.139453;0.0103272
0.397445;-0.0451426;0;0.000251996;1.88305;-0.139622;0.0103396
0.39798;-0.0401447;0;0.000252211;1.88471;-0.13974;0.0103484
0.398453;-0.0351405;0;0.000252351;1.8858;-0.139818;0.0103542
0.398864;-0.0301307;0;0.000252491;1.88689;-0.139895;0.0103599
0.399211;-0.0251162;0;0.000252631;1.88797;-0.139973;0.0103657
0.399495;-0.0200977;0;0.000252771;1.88906;-0.14005;0.0103714
0.399716;-0.0150761;0;0.000252911;1.89015;-0.140128;0.0103771
0.399874;-0.010052;0;0.000253051;1.89123;-0.140206;0.0103829
0.399968;-0.00502642;0;0.000253191;1.89232;-0.140283;0.0103886
