0.4;0;0;0.000263153;1.96528;-0.140359;0.0103943
0.399968;0.00502642;0;0.000263002;1.96414;-0.140279;0.0103883
0.399874;0.010052;0;0.000262848;1.96298;-0.140196;0.0103822
0.399716;0.0150761;0;0.000262694;1.96182;-0.140114;0.0103761
0.399495;0.0200977;0;0.000262541;1.96065;-0.140032;0.01037
0.399211;0.0251162;0;0.000262387;1.95949;-0.13995;0.0103639
0.398864;0.0301307;0;0.000262233;1.95833;-0.139867;0.0103578
0.398453;0.0351405;0;0.000262079;1.95716;-0.139785;0.0103518
0.39798;0.0401447;0;0.000261926;1.956;-0.139703;0.0103457
0.397445;0.0451426;0;0.000261643;1.95385;-0.139552;0.0103345
0.396846;0.0501333;0;0.000261293;1.95119;-0.139365;0.0103206
0.396185;0.0551161;0;0.000260943;1.94853;-0.139178;0.0103068
0.395461;0.0600902;0;0.000260592;1.94587;-0.138991;0.0102929
0.394674;0.0650549;0;0.000259965;1.9411;-0.138655;0.0102681
0.393826;0.0700092;0;0.000259278;1.93587;-0.138289;0.0102409
0.392915;0.0749525;0;0.000258591;1.93065;-0.137921;0.0102137
0.391942;0.079884;0;0.000257904;1.92542;-0.137554;0.0101866
0.390907;0.0848028;0;0.000257216;1.92019;-0.137187;0.0101594
0.389811;0.0897083;0;0.000256529;1.91496;-0.13682;0.0101321
0.388653;0.0945996;0;0.000255841;1.90973;-0.136452;0.0101049
0.387433;0.099476;0;0.000255153;1.9045;-0.136085;0.0100777
0.386153;0.104337;0;0.000254428;1.89899;-0.135698;0.0100491
0.384811;0.109181;0;0.000253581;1.89254;-0.135245;0.0100156
0.383409;0.114008;0;0.000252734;1.8861;-0.134793;0.00998205
0.381946;0.118817;0;0.000251887;1.87966;-0.134341;0.00994855
0.380423;0.123607;0;0.000251041;1.87322;-0.133888;0.00991507
0.378839;0.128377;0;0.000249939;1.86486;-0.1333;0.0098715
0.377196;0.133128;0;0.000248672;1.85524;-0.132623;0.0098214
0.375494;0.137857;0;0.000247411;1.84567;-0.13195;0.00977152
0.373732;0.142565;0;0.00024615;1.8361;-0.131276;0.00972165
0.371911;0.14725;0;0.000244889;1.82652;-0.130603;0.00967174
0.370031;0.151912;0;0.000243627;1.81694;-0.129929;0.00962182
0.368093;0.156549;0;0.000242364;1.80735;-0.129254;0.0095719
0.366096;0.161163;0;0.000241102;1.79777;-0.12858;0.00952197
0.364042;0.16575;0;0.00023984;1.78819;-0.127906;0.00947204
0.361931;0.170312;0;0.000238578;1.77861;-0.127232;0.00942214
0.359762;0.174846;0;0.000237317;1.76903;-0.126558;0.00937225
0.357537;0.179353;0;0.000236057;1.75946;-0.125885;0.0093224
0.355255;0.183832;0;0.000234797;1.7499;-0.125212;0.00927258
0.352916;0.188282;0;0.000233274;1.73836;-0.124399;0.00921231
0.350523;0.192701;0;0.00023149;1.72487;-0.123446;0.00914176
0.348074;0.197091;0;0.000229704;1.71137;-0.122492;0.00907114
0.345569;0.201449;0;0.000227918;1.69786;-0.121538;0.00900047
0.343011;0.205776;0;0.00022613;1.68434;-0.120583;0.00892976
0.340398;0.21007;0;0.000224341;1.67082;-0.119628;0.00885902
0.337731;0.214331;0;0.000222552;1.65729;-0.118672;0.00878826
0.335011;0.218558;0;0.000220763;1.64376;-0.117717;0.00871749
0.332238;0.22275;0;0.000218974;1.63023;-0.116761;0.00864672
0.329413;0.226908;0;0.000217185;1.6167;-0.115806;0.00857597
0.326536;0.231029;0;0.000215397;1.60318;-0.114851;0.00850524
0.323607;0.235114;0;0.000213608;1.58965;-0.113895;0.00843446
0.320627;0.239162;0;0.000211813;1.57608;-0.112936;0.00836348
0.317596;0.243172;0;0.00021002;1.56251;-0.111979;0.00829255
0.314515;0.247144;0;0.000207969;1.54705;-0.110883;0.00821144
0.311385;0.251077;0;0.000205763;1.53044;-0.109705;0.00812417
0.308205;0.25497;0;0.000203555;1.51382;-0.108526;0.00803684
0.304977;0.258822;0;0.000201344;1.49718;-0.107345;0.0079494
0.301701;0.262634;0;0.00019913;1.48051;-0.106163;0.00786184
0.298376;0.266405;0;0.000196914;1.46383;-0.104979;0.0077742
0.295005;0.270133;0;0.000194696;1.44713;-0.103794;0.00768645
0.291587;0.273819;0;0.000192477;1.43043;-0.102609;0.0075987
0.288124;0.277461;0;0.000190259;1.41373;-0.101424;0.00751096
0.284614;0.28106;0;0.000188042;1.39703;-0.10024;0.00742326
0.28106;0.284614;0;0.000185826;1.38035;-0.0990564;0.0073356
0.277461;0.288124;0;0.000183575;1.36342;-0.0978542;0.00724657
0.273819;0.291587;0;0.000181009;1.34419;-0.096484;0.0071451
0.270133;0.295005;0;0.000178441;1.32495;-0.0951124;0.00704353
0.266405;0.298376;0;0.000175872;1.30569;-0.0937398;0.00694188
0.262634;0.301701;0;0.0001733;1.28642;-0.0923665;0.00684018
0.258822;0.304977;0;0.000170728;1.26714;-0.0909925;0.00673842
0.25497;0.308205;0;0.000168155;1.24786;-0.0896181;0.00663665
0.251077;0.311385;0;0.00016558;1.22857;-0.088243;0.00653481
0.247144;0.314515;0;0.000163005;1.20927;-0.0868677;0.00643296
0.243172;0.317596;0;0.000160428;1.18996;-0.0854912;0.00633103
0.239162;0.320627;0;0.000157852;1.17065;-0.0841153;0.00622914
0.235114;0.323607;0;0.000155277;1.15136;-0.08274;0.00612729
0.231029;0.326536;0;0.000152704;1.13207;-0.0813655;0.0060255
0.226908;0.329413;0;0.000150132;1.1128;-0.0799922;0.0059238
0.22275;0.332238;0;0.000147402;1.09239;-0.078534;0.00581581
0.218558;0.335011;0;0.000144527;1.07094;-0.0769981;0.00570208
0.214331;0.337731;0;0.000141649;1.04947;-0.0754611;0.00558825
0.21007;0.340398;0;0.00013877;1.02799;-0.0739231;0.00547436
0.205776;0.343011;0;0.000135889;1.00649;-0.0723844;0.00536041
0.201449;0.345569;0;0.000133007;0.984994;-0.0708453;0.00524643
0.197091;0.348074;0;0.000130125;0.963492;-0.0693059;0.00513243
0.192701;0.350523;0;0.000127243;0.941989;-0.0677666;0.00501844
0.188282;0.352916;0;0.000124362;0.92049;-0.0662275;0.00490446
0.183832;0.355255;0;0.000121481;0.898999;-0.0646889;0.00479052
0.179353;0.357537;0;0.000118602;0.877518;-0.0631511;0.00467664
0.174846;0.359762;0;0.000115725;0.85605;-0.0616143;0.00456283
0.170312;0.361931;0;0.00011281;0.834325;-0.0600577;0.00444756
0.16575;0.364042;0;0.000109702;0.811206;-0.0583972;0.00432459
0.161163;0.366096;0;0.000106578;0.787975;-0.0567286;0.00420102
0.156549;0.368093;0;0.00010345;0.76472;-0.0550583;0.00407733
0.151912;0.370031;0;0.00010032;0.741445;-0.0533865;0.00395353
0.14725;0.371911;0;9.71884e-05;0.718154;-0.0517137;0.00382964
0.142565;0.373732;0;9.40547e-05;0.69485;-0.0500399;0.00370569
0.137857;0.375494;0;9.09197e-05;0.671538;-0.0483654;0.00358169
0.133128;0.377196;0;8.77841e-05;0.64822;-0.0466906;0.00345766
0.128377;0.378839;0;8.46484e-05;0.624901;-0.0450158;0.00333363
0.123607;0.380423;0;8.15129e-05;0.601585;-0.043341;0.00320961
0.118817;0.381946;0;7.84543e-05;0.578867;-0.0417074;0.00308863
0.114008;0.383409;0;7.52441e-05;0.555053;-0.0399927;0.00296165
0.109181;0.384811;0;7.20325e-05;0.53123;-0.0382773;0.00283462
0.104337;0.386153;0;6.882e-05;0.507399;-0.0365614;0.00270755
0.099476;0.387433;0;6.56071e-05;0.483566;-0.0348454;0.00258046
0.0945996;0.388653;0;6.23944e-05;0.459733;-0.0331293;0.00245338
0.0897083;0.389811;0;5.91822e-05;0.435906;-0.0314136;0.00232633
0.0848028;0.390907;0;5.59712e-05;0.412086;-0.0296985;0.00219932
0.079884;0.391942;0;5.27619e-05;0.388279;-0.0279843;0.00207237
0.0749525;0.392915;0;4.95546e-05;0.364488;-0.0262713;0.00194551
0.0700092;0.393826;0;4.63501e-05;0.340716;-0.0245596;0.00181876
0.0650549;0.394674;0;4.31487e-05;0.316968;-0.0228497;0.00169213
0.0600902;0.395461;0;3.99509e-05;0.293247;-0.0211417;0.00156564
0.0551161;0.396185;0;3.67573e-05;0.269557;-0.0194359;0.00143932
0.0501333;0.396846;0;3.34714e-05;0.24521;-0.0176808;0.00130935
0.0451426;0.397445;0;3.01681e-05;0.220739;-0.0159164;0.00117869
0.0401447;0.39798;0;2.68611e-05;0.19624;-0.0141501;0.00104788
0.0351405;0.398453;0;2.35509e-05;0.171716;-0.012382;0.000916944
0.0301307;0.398864;0;2.02379e-05;0.147173;-0.0106124;0.0007859
0.0251162;0.399211;0;1.69227e-05;0.122613;-0.00884168;0.000654768
0.0200977;0.399495;0;1.36059e-05;0.0980405;-0.00707004;0.00052357
0.0150761;0.399716;0;1.02878e-05;0.0734594;-0.00529779;0.000392326
0.010052;0.399874;0;6.96918e-06;0.0488737;-0.00352519;0.000261057
0.00502642;0.399968;0;3.65041e-06;0.0242872;-0.00175254;0.000129784
2.44929e-17;0.4;0;3.32043e-07;-0.000296319;1.98971e-05;-1.47348e-06
-0.00502642;0.399968;0;-2.98538e-06;-0.0248729;0.00179183;-0.000132694
-0.010052;0.399874;0;-6.30135e-06;-0.0494386;0.00356299;-0.000263856
-0.0150761;0.399716;0;-9.61533e-06;-0.0739897;0.00533308;-0.00039494
-0.0200977;0.399495;0;-1.29268e-05;-0.0985222;0.00710184;-0.000525925
-0.0251162;0.399211;0;-1.62353e-05;-0.123032;0.00886897;-0.00065679
-0.0301307;0.398864;0;-1.95401e-05;-0.147516;0.0106342;-0.000787514
-0.0351405;0.398453;0;-2.28133e-05;-0.171763;0.0123824;-0.000916979
-0.0401447;0.39798;0;-2.60725e-05;-0.195914;0.0141232;-0.00104589
-0.0451426;0.397445;0;-2.93319e-05;-0.220081;0.0158641;-0.00117481
-0.0501333;0.396846;0;-3.25939e-05;-0.244268;0.0176065;-0.00130384
-0.0551161;0.396185;0;-3.58581e-05;-0.26847;0.01935;-0.00143296
-0.0600902;0.395461;0;-3.91238e-05;-0.292683;0.0210943;-0.00156214
-0.0650549;0.394674;0;-4.23907e-05;-0.316905;0.0228392;-0.00169135
-0.0700092;0.393826;0;-4.5658e-05;-0.341131;0.0245844;-0.00182059
-0.0749525;0.392915;0;-4.89254e-05;-0.365357;0.0263297;-0.00194984
-0.079884;0.391942;0;-5.21924e-05;-0.389579;0.0280746;-0.00207906
-0.0848028;0.390907;0;-5.54583e-05;-0.413794;0.0298191;-0.00220825
-0.0897083;0.389811;0;-5.87228e-05;-0.437998;0.0315627;-0.00233737
-0.0945996;0.388653;0;-6.19852e-05;-0.462187;0.0333053;-0.00246642
-0.099476;0.387433;0;-6.52451e-05;-0.486357;0.0350465;-0.00259536
-0.104337;0.386153;0;-6.846e-05;-0.510201;0.0367636;-0.00272252
-0.109181;0.384811;0;-7.15948e-05;-0.53348;0.0384379;-0.00284651
-0.114008;0.383409;0;-7.47044e-05;-0.556597;0.0400989;-0.00296951
-0.118817;0.381946;0;-7.78165e-05;-0.579733;0.0417611;-0.00309261
-0.123607;0.380423;0;-8.09305e-05;-0.602882;0.0434244;-0.00321578
-0.128377;0.378839;0;-8.4046e-05;-0.626042;0.0450885;-0.00333901
-0.133128;0.377196;0;-8.71623e-05;-0.649209;0.046753;-0.00346228
-0.137857;0.375494;0;-9.02791e-05;-0.672379;0.0484178;-0.00358557
-0.142565;0.373732;0;-9.33959e-05;-0.695549;0.0500825;-0.00370885
-0.14725;0.371911;0;-9.65121e-05;-0.718715;0.051747;-0.00383211
-0.151912;0.370031;0;-9.96142e-05;-0.741775;0.0534039;-0.00395481
-0.156549;0.368093;0;-0.000102717;-0.764842;0.0550614;-0.00407756
-0.161163;0.366096;0;-0.000105819;-0.787897;0.0567181;-0.00420024
-0.16575;0.364042;0;-0.000108919;-0.810936;0.0583736;-0.00432284
-0.170312;0.361931;0;-0.000112015;-0.833956;0.0600277;-0.00444534
-0.174846;0.359762;0;-0.000114993;-0.856123;0.0616183;-0.00456313
-0.179353;0.357537;0;-0.000117853;-0.877459;0.0631459;-0.00467625
-0.183832;0.355255;0;-0.000120715;-0.898811;0.0646746;-0.00478947
-0.188282;0.352916;0;-0.000123579;-0.920176;0.0662043;-0.00490274
-0.192701;0.350523;0;-0.000126444;-0.941551;0.0677347;-0.00501608
-0.197091;0.348074;0;-0.00012931;-0.962931;0.0692655;-0.00512944
-0.201449;0.345569;0;-0.000132177;-0.984315;0.0707965;-0.00524281
-0.205776;0.343011;0;-0.000135043;-1.0057;0.0723274;-0.00535619
-0.21007;0.340398;0;-0.000137909;-1.02708;0.0738581;-0.00546954
-0.214331;0.337731;0;-0.000140774;-1.04845;0.0753882;-0.00558285
-0.218558;0.335011;0;-0.000143637;-1.06981;0.0769175;-0.00569611
-0.22275;0.332238;0;-0.000146462;-1.09089;0.0784266;-0.00580786
-0.226908;0.329413;0;-0.000149246;-1.11171;0.0799138;-0.00591799
-0.231029;0.326536;0;-0.000151782;-1.13071;0.0812685;-0.00601832
-0.235114;0.323607;0;-0.000154354;-1.14998;0.082642;-0.00612004
-0.239162;0.320627;0;-0.000156927;-1.16926;0.0840164;-0.00622182
-0.243172;0.317596;0;-0.000159502;-1.18855;0.0853915;-0.00632365
-0.247144;0.314515;0;-0.000162077;-1.20784;0.0867671;-0.00642552
-0.251077;0.311385;0;-0.000164653;-1.22714;0.0881429;-0.0065274
-0.25497;0.308205;0;-0.000167229;-1.24644;0.0895188;-0.00662929
-0.258822;0.304977;0;-0.000169805;-1.26574;0.0908945;-0.00673117
-0.262634;0.301701;0;-0.00017238;-1.28503;0.0922698;-0.00683302
-0.266405;0.298376;0;-0.000174953;-1.30432;0.0936446;-0.00693483
-0.270133;0.295005;0;-0.000177526;-1.32359;0.0950184;-0.00703657
-0.273819;0.291587;0;-0.000180096;-1.34285;0.0963913;-0.00713823
-0.277461;0.288124;0;-0.000182509;-1.36095;0.0976803;-0.00723369
-0.28106;0.284614;0;-0.000184806;-1.37821;0.0989075;-0.00732457
-0.284614;0.28106;0;-0.000187037;-1.395;0.100099;-0.0074128
-0.288124;0.277461;0;-0.000189268;-1.4118;0.101291;-0.00750106
-0.291587;0.273819;0;-0.000191501;-1.4286;0.102483;-0.00758935
-0.295005;0.270133;0;-0.000193733;-1.4454;0.103675;-0.00767765
-0.298376;0.266405;0;-0.000195965;-1.4622;0.104868;-0.00776595
-0.301701;0.262634;0;-0.000198197;-1.479;0.10606;-0.00785423
-0.304977;0.258822;0;-0.000200428;-1.4958;0.107251;-0.00794248
-0.308205;0.25497;0;-0.000202658;-1.51258;0.108443;-0.00803068
-0.311385;0.251077;0;-0.000204887;-1.52936;0.109633;-0.00811883
-0.314515;0.247144;0;-0.000207113;-1.54612;0.110822;-0.00820691
-0.317596;0.243172;0;-0.000209192;-1.56178;0.111932;-0.00828912
-0.320627;0.239162;0;-0.00021099;-1.57538;0.112893;-0.00836027
-0.323607;0.235114;0;-0.000212791;-1.589;0.113855;-0.00843148
-0.326536;0.231029;0;-0.000214592;-1.60262;0.114817;-0.00850273
-0.329413;0.226908;0;-0.000216394;-1.61624;0.115779;-0.00857402
-0.332238;0.22275;0;-0.000218197;-1.62987;0.116742;-0.00864533
-0.335011;0.218558;0;-0.00022;-1.64351;0.117705;-0.00871664
-0.337731;0.214331;0;-0.000221775;-1.65693;0.118653;-0.00878685
-0.340398;0.21007;0;-0.000223551;-1.67035;0.119602;-0.0088571
-0.343011;0.205776;0;-0.000225326;-1.68378;0.12055;-0.00892733
-0.345569;0.201449;0;-0.000227101;-1.69719;0.121498;-0.00899753
-0.348074;0.197091;0;-0.000228875;-1.7106;0.122446;-0.0090677
-0.350523;0.192701;0;-0.000230648;-1.72401;0.123393;-0.00913782
-0.352916;0.188282;0;-0.000232419;-1.7374;0.124339;-0.00920789
-0.355255;0.183832;0;-0.000234019;-1.74949;0.125193;-0.00927114
-0.357537;0.179353;0;-0.00023534;-1.75952;0.125899;-0.0093234
-0.359762;0.174846;0;-0.000236666;-1.76959;0.126607;-0.00937587
-0.361931;0.170312;0;-0.000237993;-1.77966;0.127316;-0.00942835
-0.364042;0.16575;0;-0.00023932;-1.78973;0.128025;-0.00948083
-0.366096;0.161163;0;-0.000240647;-1.7998;0.128733;-0.00953332
-0.368093;0.156549;0;-0.000241973;-1.80987;0.129442;-0.00958579
-0.370031;0.151912;0;-0.0002433;-1.81993;0.13015;-0.00963825
-0.371911;0.14725;0;-0.000244625;-1.82999;0.130858;-0.00969067
-0.373732;0.142565;0;-0.00024595;-1.84005;0.131566;-0.00974307
-0.375494;0.137857;0;-0.000247273;-1.85009;0.132273;-0.00979542
-0.377196;0.133128;0;-0.000248557;-1.85984;0.132958;-0.00984621
-0.378839;0.128377;0;-0.000249452;-1.86665;0.133437;-0.00988161
-0.380423;0.123607;0;-0.00025028;-1.87295;0.133879;-0.00991436
-0.381946;0.118817;0;-0.000251108;-1.87925;0.134321;-0.00994712
-0.383409;0.114008;0;-0.000251937;-1.88556;0.134764;-0.00997991
-0.384811;0.109181;0;-0.000252766;-1.89187;0.135207;-0.0100127
-0.386153;0.104337;0;-0.000253596;-1.89818;0.13565;-0.0100455
-0.387433;0.099476;0;-0.000254425;-1.90449;0.136093;-0.0100783
-0.388653;0.0945996;0;-0.000255254;-1.9108;0.136536;-0.0101111
-0.389811;0.0897083;0;-0.000256083;-1.91711;0.136978;-0.0101439
-0.390907;0.0848028;0;-0.000256912;-1.92342;0.137421;-0.0101767
-0.391942;0.079884;0;-0.00025774;-1.92972;0.137863;-0.0102094
-0.392915;0.0749525;0;-0.000258567;-1.93602;0.138305;-0.0102422
-0.393826;0.0700092;0;-0.000259394;-1.94231;0.138747;-0.0102749
-0.394674;0.0650549;0;-0.000260213;-1.94854;0.139184;-0.0103073
-0.395461;0.0600902;0;-0.000260538;-1.95102;0.139358;-0.0103201
-0.396185;0.0551161;0;-0.000260812;-1.95311;0.139504;-0.0103309
-0.396846;0.0501333;0;-0.000261086;-1.95519;0.13965;-0.0103418
-0.397445;0.0451426;0;-0.000261359;-1.95728;0.139797;-0.0103526
-0.39798;0.0401447;0;-0.000261633;-1.95937;0.139943;-0.0103634
-0.398453;0.0351405;0;-0.0002619;-1.9614;0.140085;-0.010374
-0.398864;0.0301307;0;-0.000262159;-1.96337;0.140223;-0.0103842
-0.399211;0.0251162;0;-0.000262415;-1.96533;0.140361;-0.0103944
-0.399495;0.0200977;0;-0.000262672;-1.96728;0.140497;-0.0104045
-0.399716;0.0150761;0;-0.000262928;-1.96923;0.140634;-0.0104146
-0.399874;0.010052;0;-0.000263184;-1.97118;0.140771;-0.0104248
-0.399968;0.00502642;0;-0.000263439;-1.97313;0.140907;-0.0104349
-0.4;4.89859e-17;0;-0.000263694;-1.97507;0.141043;-0.0104449
-0.399968;-0.00502642;0;-0.000263517;-1.97373;0.140949;-0.0104379
-0.399874;-0.010052;0;-0.000263248;-1.97167;0.140805;-0.0104273
-0.399716;-0.0150761;0;-0.000262979;-1.96962;0.140662;-0.0104167
-0.399495;-0.0200977;0;-0.000262709;-1.96757;0.140518;-0.010406
-0.399211;-0.0251162;0;-0.00026244;-1.96551;0.140373;-0.0103953
-0.398864;-0.0301307;0;-0.000262169;-1.96345;0.140229;-0.0103846
-0.398453;-0.0351405;0;-0.000261899;-1.96139;0.140085;-0.0103739
-0.39798;-0.0401447;0;-0.000261628;-1.95932;0.13994;-0.0103632
-0.397445;-0.0451426;0;-0.000261358;-1.95726;0.139796;-0.0103525
-0.396846;-0.0501333;0;-0.000261087;-1.9552;0.139651;-0.0103418
-0.396185;-0.0551161;0;-0.000260816;-1.95313;0.139506;-0.0103311
-0.395461;-0.0600902;0;-0.000260545;-1.95107;0.139362;-0.0103204
-0.394674;-0.0650549;0;-0.000260274;-1.949;0.139217;-0.0103097
-0.393826;-0.0700092;0;-0.000259474;-1.94291;0.13879;-0.010278
-0.392915;-0.0749525;0;-0.000258655;-1.93667;0.138352;-0.0102456
-0.391942;-0.079884;0;-0.000257835;-1.93043;0.137914;-0.0102132
-0.390907;-0.0848028;0;-0.000257014;-1.92418;0.137476;-0.0101807
-0.389811;-0.0897083;0;-0.000256193;-1.91793;0.137037;-0.0101482
-0.388653;-0.0945996;0;-0.000255371;-1.91167;0.136598;-0.0101157
-0.387433;-0.099476;0;-0.000254549;-1.90542;0.136159;-0.0100832
-0.386153;-0.104337;0;-0.000253727;-1.89916;0.13572;-0.0100507
-0.384811;-0.109181;0;-0.000252905;-1.8929;0.135281;-0.0100182
-0.383409;-0.114008;0;-0.000252083;-1.88664;0.134842;-0.00998567
-0.381946;-0.118817;0;-0.000251261;-1.88039;0.134403;-0.00995316
-0.380423;-0.123607;0;-0.000250439;-1.87414;0.133964;-0.00992068
-0.378839;-0.128377;0;-0.000249577;-1.86758;0.133504;-0.00988658
-0.377196;-0.133128;0;-0.000248351;-1.85827;0.132849;-0.00983807
-0.375494;-0.137857;0;-0.000247124;-1.84895;0.132193;-0.00978952
-0.373732;-0.142565;0;-0.000245896;-1.83963;0.131537;-0.00974095
-0.371911;-0.14725;0;-0.000244546;-1.82938;0.130816;-0.00968758
-0.370031;-0.151912;0;-0.00024318;-1.81901;0.130087;-0.00963355
-0.368093;-0.156549;0;-0.000241813;-1.80863;0.129357;-0.00957948
-0.366096;-0.161163;0;-0.000240446;-1.79825;0.128626;-0.00952539
-0.364042;-0.16575;0;-0.000239078;-1.78787;0.127896;-0.00947129
-0.361931;-0.170312;0;-0.00023771;-1.77748;0.127165;-0.00941719
-0.359762;-0.174846;0;-0.000236343;-1.7671;0.126435;-0.00936309
-0.357537;-0.179353;0;-0.000234975;-1.75672;0.125704;-0.009309
-0.355255;-0.183832;0;-0.000233442;-1.74512;0.124886;-0.00924838
-0.352916;-0.188282;0;-0.000231874;-1.73325;0.124048;-0.00918634
-0.350523;-0.192701;0;-0.000230234;-1.72085;0.123172;-0.0091215
-0.348074;-0.197091;0;-0.000228499;-1.70773;0.122245;-0.00905286
-0.345569;-0.201449;0;-0.000226763;-1.69461;0.121318;-0.00898419
-0.343011;-0.205776;0;-0.000225026;-1.68148;0.12039;-0.00891549
-0.340398;-0.21007;0;-0.000223289;-1.66834;0.119463;-0.00884678
-0.337731;-0.214331;0;-0.000221552;-1.65521;0.118535;-0.00877807
-0.335011;-0.218558;0;-0.000219815;-1.64208;0.117607;-0.00870937
-0.332238;-0.22275;0;-0.000218079;-1.62895;0.11668;-0.00864069
-0.329413;-0.226908;0;-0.000216343;-1.61583;0.115753;-0.00857204
-0.326536;-0.231029;0;-0.000214552;-1.60229;0.114796;-0.00850118
-0.323607;-0.235114;0;-0.000212736;-1.58855;0.113826;-0.00842934
-0.320627;-0.239162;0;-0.00021092;-1.57482;0.112856;-0.00835754
-0.317596;-0.243172;0;-0.000209101;-1.56107;0.111885;-0.00828558
-0.314515;-0.247144;0;-0.000207003;-1.54526;0.110764;-0.00820259
-0.311385;-0.251077;0;-0.000204772;-1.52846;0.109572;-0.00811434
-0.308205;-0.25497;0;-0.000202539;-1.51165;0.108379;-0.00802601
-0.304977;-0.258822;0;-0.000200305;-1.49483;0.107186;-0.00793763
-0.301701;-0.262634;0;-0.000198069;-1.478;0.105992;-0.0078492
-0.298376;-0.266405;0;-0.000195832;-1.46117;0.104797;-0.00776074
-0.295005;-0.270133;0;-0.000193595;-1.44433;0.103602;-0.00767226
-0.291587;-0.273819;0;-0.000191358;-1.42749;0.102408;-0.00758378
-0.288124;-0.277461;0;-0.000189122;-1.41065;0.101213;-0.0074953
-0.284614;-0.28106;0;-0.000186886;-1.39382;0.100019;-0.00740686
-0.28106;-0.284614;0;-0.00018465;-1.37699;0.0988248;-0.00731845
-0.277461;-0.288124;0;-0.000182316;-1.35946;0.0975776;-0.00722609
-0.273819;-0.291587;0;-0.000179929;-1.34155;0.0963027;-0.00713168
-0.270133;-0.295005;0;-0.000177429;-1.32282;0.0949673;-0.00703278
-0.266405;-0.298376;0;-0.000174871;-1.30365;0.0936012;-0.00693161
-0.262634;-0.301701;0;-0.000172312;-1.28448;0.0922344;-0.00683039
-0.258822;-0.304977;0;-0.000169752;-1.2653;0.0908671;-0.00672914
-0.25497;-0.308205;0;-0.000167192;-1.24611;0.0894996;-0.00662787
-0.251077;-0.311385;0;-0.000164631;-1.22693;0.088132;-0.0065266
-0.247144;-0.314515;0;-0.000162071;-1.20774;0.0867647;-0.00642534
-0.243172;-0.317596;0;-0.000159512;-1.18857;0.0853977;-0.00632411
-0.239162;-0.320627;0;-0.000156954;-1.1694;0.0840314;-0.00622292
-0.235114;-0.323607;0;-0.000154397;-1.15024;0.0826658;-0.0061218
-0.231029;-0.326536;0;-0.000151843;-1.1311;0.0813013;-0.00602075
-0.226908;-0.329413;0;-0.000149225;-1.11151;0.0799031;-0.00591721
-0.22275;-0.332238;0;-0.000146443;-1.09071;0.0784172;-0.00580717
-0.218558;-0.335011;0;-0.000143605;-1.06954;0.0769012;-0.0056949
-0.214331;-0.337731;0;-0.000140739;-1.04815;0.0753704;-0.00558154
-0.21007;-0.340398;0;-0.000137872;-1.02676;0.073839;-0.00546813
-0.205776;-0.343011;0;-0.000135003;-1.00536;0.0723069;-0.00535467
-0.201449;-0.345569;0;-0.000132134;-0.983958;0.0707746;-0.0052412
-0.197091;-0.348074;0;-0.000129265;-0.962554;0.0692422;-0.00512772
-0.192701;-0.350523;0;-0.000126397;-0.941152;0.06771;-0.00501425
-0.188282;-0.352916;0;-0.000123529;-0.919756;0.0661783;-0.00490082
-0.183832;-0.355255;0;-0.000120662;-0.89837;0.0646472;-0.00478743
-0.179353;-0.357537;0;-0.000117798;-0.876996;0.063117;-0.00467411
-0.174846;-0.359762;0;-0.000114935;-0.855638;0.061588;-0.00456088
-0.170312;-0.361931;0;-0.000111967;-0.83354;0.0600028;-0.0044435
-0.16575;-0.364042;0;-0.000108902;-0.810749;0.0583655;-0.00432224
-0.161163;-0.366096;0;-0.000105805;-0.787727;0.0567114;-0.00419975
-0.156549;-0.368093;0;-0.000102706;-0.764689;0.0550562;-0.00407718
-0.151912;-0.370031;0;-9.96058e-05;-0.741641;0.0534002;-0.00395454
-0.14725;-0.371911;0;-9.65044e-05;-0.718585;0.0517437;-0.00383187
-0.142565;-0.373732;0;-9.34025e-05;-0.695525;0.0500869;-0.00370917
-0.137857;-0.375494;0;-9.03006e-05;-0.672465;0.0484301;-0.00358648
-0.133128;-0.377196;0;-8.7199e-05;-0.649408;0.0467735;-0.0034638
-0.128377;-0.378839;0;-8.40984e-05;-0.626359;0.0451174;-0.00334116
-0.123607;-0.380423;0;-8.09993e-05;-0.603319;0.0434621;-0.00321857
-0.118817;-0.381946;0;-7.7902e-05;-0.580294;0.0418077;-0.00309606
-0.114008;-0.383409;0;-7.48072e-05;-0.557287;0.0401547;-0.00297365
-0.109181;-0.384811;0;-7.17184e-05;-0.534326;0.0385049;-0.00285147
-0.104337;-0.386153;0;-6.84826e-05;-0.510323;0.0367765;-0.00272348
-0.099476;-0.387433;0;-6.52396e-05;-0.486272;0.0350444;-0.0025952
-0.0945996;-0.388653;0;-6.19949e-05;-0.462208;0.0333113;-0.00246686
-0.0897083;-0.389811;0;-5.87489e-05;-0.438135;0.0315775;-0.00233846
-0.0848028;-0.390907;0;-5.55044e-05;-0.414072;0.0298445;-0.00221013
-0.079884;-0.391942;0;-5.22539e-05;-0.389965;0.0281083;-0.00208156
-0.0749525;-0.392915;0;-4.90013e-05;-0.365842;0.026371;-0.0019529
-0.0700092;-0.393826;0;-4.57491e-05;-0.341723;0.024634;-0.00182426
-0.0650549;-0.394674;0;-4.24979e-05;-0.317611;0.0228974;-0.00169566
-0.0600902;-0.395461;0;-3.92483e-05;-0.29351;0.0211617;-0.00156712
-0.0551161;-0.396185;0;-3.60006e-05;-0.269423;0.019427;-0.00143866
-0.0501333;-0.396846;0;-3.27227e-05;-0.245135;0.0176762;-0.00130901
-0.0451426;-0.397445;0;-2.94152e-05;-0.220632;0.0159096;-0.00117818
-0.0401447;-0.39798;0;-2.61058e-05;-0.196115;0.014142;-0.00104728
-0.0351405;-0.398453;0;-2.27951e-05;-0.171588;0.0123737;-0.000916329
-0.0301307;-0.398864;0;-1.9489e-05;-0.147095;0.0106078;-0.000785556
-0.0251162;-0.399211;0;-1.61752e-05;-0.122545;0.00883774;-0.000654477
-0.0200977;-0.399495;0;-1.28611e-05;-0.0979923;0.00706759;-0.000523389
-0.0150761;-0.399716;0;-9.54728e-06;-0.0734424;0.0052976;-0.000392313
-0.010052;-0.399874;0;-6.23432e-06;-0.0488986;0.00352806;-0.000261269
-0.00502642;-0.399968;0;-2.92272e-06;-0.0243648;0.00175923;-0.000130279
-7.34788e-17;-0.4;0;3.87017e-07;0.000155171;-8.59414e-06;6.36437e-07
0.00502642;-0.399968;0;3.6708e-06;0.0244828;-0.00176255;0.000130525
0.010052;-0.399874;0;6.96787e-06;0.0489088;-0.00352358;0.000260938
0.0150761;-0.399716;0;1.02677e-05;0.0733551;-0.00528607;0.000391459
0.0200977;-0.399495;0;1.35697e-05;0.0978179;-0.00704976;0.000522068
0.0251162;-0.399211;0;1.68735e-05;0.122293;-0.00881435;0.000652745
0.0301307;-0.398864;0;2.01784e-05;0.146777;-0.0105796;0.000783468
0.0351405;-0.398453;0;2.3484e-05;0.171266;-0.0123452;0.000914217
0.0401447;-0.39798;0;2.67897e-05;0.195756;-0.0141108;0.00104497
0.0451426;-0.397445;0;3.00951e-05;0.220244;-0.0158763;0.00117571
0.0501333;-0.396846;0;3.33995e-05;0.244724;-0.0176412;0.00130642
0.0551161;-0.396185;0;3.66861e-05;0.269081;-0.0193968;0.00143643
0.0600902;-0.395461;0;3.99841e-05;0.293523;-0.0211586;0.00156689
0.0650549;-0.394674;0;4.31956e-05;0.317346;-0.022874;0.00169393
0.0700092;-0.393826;0;4.64582e-05;0.341548;-0.0246166;0.00182298
0.0749525;-0.392915;0;4.9721e-05;0.365752;-0.0263595;0.00195204
0.079884;-0.391942;0;5.29837e-05;0.389955;-0.0281022;0.0020811
0.0848028;-0.390907;0;5.61752e-05;0.413629;-0.0298068;0.00220734
0.0897083;-0.389811;0;5.93919e-05;0.437488;-0.031525;0.00233457
0.0945996;-0.388653;0;6.26095e-05;0.461354;-0.0332436;0.00246184
0.099476;-0.387433;0;6.58275e-05;0.485223;-0.0349623;0.00258913
0.104337;-0.386153;0;6.90453e-05;0.50909;-0.036681;0.0027164
0.109181;-0.384811;0;7.22625e-05;0.532953;-0.0383994;0.00284366
0.114008;-0.383409;0;7.54784e-05;0.556806;-0.0401171;0.00297086
0.118817;-0.381946;0;7.85503e-05;0.579627;-0.0417579;0.00309237
0.123607;-0.380423;0;8.16575e-05;0.60273;-0.0434175;0.00321527
0.128377;-0.378839;0;8.47664e-05;0.625845;-0.0450781;0.00333825
0.133128;-0.377196;0;8.78763e-05;0.648969;-0.0467392;0.00346126
0.137857;-0.375494;0;9.0987e-05;0.672097;-0.0484007;0.0035843
0.142565;-0.373732;0;9.40978e-05;0.695227;-0.0500623;0.00370735
0.14725;-0.371911;0;9.72082e-05;0.718354;-0.0517237;0.00383039
0.151912;-0.370031;0;0.000100318;0.741475;-0.0533847;0.00395339
0.156549;-0.368093;0;0.000103426;0.764587;-0.0550449;0.00407634
0.161163;-0.366096;0;0.000106533;0.787685;-0.0567042;0.00419922
0.16575;-0.364042;0;0.000109637;0.810766;-0.0583623;0.00432201
0.170312;-0.361931;0;0.000112686;0.833441;-0.0599911;0.00444263
0.174846;-0.359762;0;0.000115651;0.855501;-0.0615742;0.00455987
0.179353;-0.357537;0;0.000118526;0.876956;-0.0631103;0.00467362
0.183832;-0.355255;0;0.000121404;0.898425;-0.0646473;0.00478744
0.188282;-0.352916;0;0.000124283;0.919904;-0.0661852;0.00490133
0.192701;-0.350523;0;0.000127163;0.941392;-0.0677235;0.00501525
0.197091;-0.348074;0;0.000130044;0.962883;-0.0692622;0.00512919
0.201449;-0.345569;0;0.000132924;0.984374;-0.0708008;0.00524314
0.205776;-0.343011;0;0.000135805;1.00586;-0.0723393;0.00535707
0.21007;-0.340398;0;0.000138684;1.02735;-0.0738774;0.00547097
0.214331;-0.337731;0;0.000141562;1.04882;-0.0754147;0.00558482
0.218558;-0.335011;0;0.000144439;1.07028;-0.0769512;0.0056986
0.22275;-0.332238;0;0.000147313;1.09172;-0.0784864;0.00581229
0.226908;-0.329413;0;0.000150069;1.1123;-0.0799582;0.00592129
0.231029;-0.326536;0;0.000152637;1.13154;-0.0813299;0.00602287
0.235114;-0.323607;0;0.000155207;1.1508;-0.0827027;0.00612453
0.239162;-0.320627;0;0.000157779;1.17007;-0.0840764;0.00622626
0.243172;-0.317596;0;0.000160352;1.18935;-0.0854509;0.00632804
0.247144;-0.314515;0;0.000162926;1.20864;-0.0868258;0.00642986
0.251077;-0.311385;0;0.000165501;1.22793;-0.088201;0.0065317
0.25497;-0.308205;0;0.000168075;1.24722;-0.0895762;0.00663354
0.258822;-0.304977;0;0.00017065;1.26651;-0.0909513;0.00673537
0.262634;-0.301701;0;0.000173223;1.28579;-0.0923259;0.00683717
0.266405;-0.298376;0;0.000175796;1.30506;-0.0937;0.00693893
0.270133;-0.295005;0;0.000178367;1.32433;-0.0950732;0.00704062
0.273819;-0.291587;0;0.000180936;1.34358;-0.0964454;0.00714224
0.277461;-0.288124;0;0.000183457;1.36247;-0.0977921;0.00724197
0.28106;-0.284614;0;0.000185723;1.3795;-0.0990023;0.00733159
0.284614;-0.28106;0;0.000187935;1.39615;-0.100184;0.00741908
0.288124;-0.277461;0;0.000190148;1.4128;-0.101366;0.00750662
0.291587;-0.273819;0;0.000192362;1.42946;-0.102548;0.00759419
0.295005;-0.270133;0;0.000194576;1.44613;-0.103731;0.00768178
0.298376;-0.266405;0;0.00019679;1.46279;-0.104914;0.00776937
0.301701;-0.262634;0;0.000199004;1.47946;-0.106096;0.00785695
0.304977;-0.258822;0;0.000201218;1.49612;-0.107279;0.00794451
0.308205;-0.25497;0;0.00020343;1.51277;-0.108461;0.00803203
0.311385;-0.251077;0;0.000205642;1.52941;-0.109642;0.0081195
0.314515;-0.247144;0;0.000207851;1.54604;-0.110822;0.0082069
0.317596;-0.243172;0;0.000209987;1.56212;-0.111963;0.00829136
0.320627;-0.239162;0;0.000211774;1.57563;-0.112917;0.00836205
0.323607;-0.235114;0;0.000213562;1.58915;-0.113872;0.00843279
0.326536;-0.231029;0;0.000215352;1.60268;-0.114828;0.00850359
0.329413;-0.226908;0;0.000217142;1.61621;-0.115785;0.00857442
0.332238;-0.22275;0;0.000218934;1.62975;-0.116742;0.00864527
0.335011;-0.218558;0;0.000220725;1.64329;-0.117699;0.00871614
0.337731;-0.214331;0;0.000222517;1.65684;-0.118656;0.00878701
0.340398;-0.21007;0;0.000224308;1.67038;-0.119613;0.00885788
0.343011;-0.205776;0;0.000226099;1.68392;-0.120569;0.00892872
0.345569;-0.201449;0;0.00022789;1.69745;-0.121525;0.00899954
0.348074;-0.197091;0;0.000229679;1.71097;-0.122481;0.00907031
0.350523;-0.192701;0;0.000231467;1.72449;-0.123436;0.00914103
0.352916;-0.188282;0;0.000233253;1.73799;-0.12439;0.00921168
0.355255;-0.183832;0;0.000234809;1.74977;-0.125221;0.00927322
0.357537;-0.179353;0;0.000236137;1.75984;-0.125931;0.00932575
0.359762;-0.174846;0;0.000237465;1.76993;-0.12664;0.00937831
0.361931;-0.170312;0;0.000238736;1.77957;-0.127319;0.00942856
0.364042;-0.16575;0;0.000239997;1.78914;-0.127993;0.00947845
0.366096;-0.161163;0;0.000241259;1.79872;-0.128667;0.00952837
0.368093;-0.156549;0;0.000242521;1.80829;-0.129341;0.00957829
0.370031;-0.151912;0;0.000243783;1.81787;-0.130015;0.0096282
0.371911;-0.14725;0;0.000245045;1.82745;-0.130689;0.00967811
0.373732;-0.142565;0;0.000246306;1.83702;-0.131362;0.009728
0.375494;-0.137857;0;0.000247567;1.84658;-0.132036;0.00977786
0.377196;-0.133128;0;0.000248826;1.85614;-0.132708;0.00982769
0.378839;-0.128377;0;0.000250079;1.86565;-0.133378;0.00987726
0.380423;-0.123607;0;0.000251208;1.87423;-0.133981;0.00992192
0.381946;-0.118817;0;0.000252024;1.88044;-0.134416;0.00995418
0.383409;-0.114008;0;0.00025284;1.88666;-0.134852;0.00998645
0.384811;-0.109181;0;0.000253656;1.89288;-0.135288;0.0100187
0.386153;-0.104337;0;0.000254431;1.89878;-0.135702;0.0100494
0.387433;-0.099476;0;0.00025513;1.9041;-0.136075;0.010077
0.388653;-0.0945996;0;0.000255828;1.90942;-0.136448;0.0101047
0.389811;-0.0897083;0;0.000256527;1.91474;-0.136822;0.0101323
0.390907;-0.0848028;0;0.000257226;1.92006;-0.137195;0.0101599
0.391942;-0.079884;0;0.000257925;1.92538;-0.137568;0.0101876
0.392915;-0.0749525;0;0.000258623;1.9307;-0.137941;0.0102152
0.393826;-0.0700092;0;0.000259322;1.93602;-0.138314;0.0102428
0.394674;-0.0650549;0;0.000260019;1.94133;-0.138687;0.0102704
0.395461;-0.0600902;0;0.000260717;1.94664;-0.139059;0.010298
0.396185;-0.0551161;0;0.000261139;1.94987;-0.139285;0.0103147
0.396846;-0.0501333;0;0.000261455;1.95228;-0.139453;0.0103272
0.397445;-0.0451426;0;0.00026177;1.95469;-0.139622;0.0103396
0.39798;-0.0401447;0;0.000261993;1.95639;-0.13974;0.0103484
0.398453;-0.0351405;0;0.000262138;1.9575;-0.139818;0.0103542
0.398864;-0.0301307;0;0.000262283;1.95862;-0.139895;0.0103599
0.399211;-0.0251162;0;0.000262429;1.95973;-0.139973;0.0103657
0.399495;-0.0200977;0;0.000262574;1.96085;-0.14005;0.0103714
0.399716;-0.0150761;0;0.000262719;1.96196;-0.140128;0.0103771
0.399874;-0.010052;0;0.000262865;1.96307;-0.140206;0.0103829
0.399968;-0.00502642;0;0.00026301;1.96419;-0.140283;0.0103886
