0.4;0;0;0.000228315;1.83902;-0.140359;0.0103943
0.399968;0.00502642;0;0.000228178;1.83815;-0.140279;0.0103883
0.399874;0.010052;0;0.000228038;1.83726;-0.140196;0.0103822
0.399716;0.0150761;0;0.000227897;1.83638;-0.140114;0.0103761
0.399495;0.0200977;0;0.000227757;1.83549;-0.140032;0.01037
0.399211;0.0251162;0;0.000227617;1.8346;-0.13995;0.0103639
0.398864;0.0301307;0;0.000227477;1.83371;-0.139867;0.0103578
0.398453;0.0351405;0;0.000227337;1.83282;-0.139785;0.0103518
0.39798;0.0401447;0;0.000227197;1.83194;-0.139703;0.0103457
0.397445;0.0451426;0;0.000226936;1.83008;-0.139552;0.0103345
0.396846;0.0501333;0;0.000226612;1.82773;-0.139365;0.0103206
0.396185;0.0551161;0;0.000226288;1.82538;-0.139178;0.0103068
0.395461;0.0600902;0;0.000225963;1.82302;-0.138991;0.0102929
0.394674;0.0650549;0;0.00022538;1.81867;-0.138655;0.0102681
0.393826;0.0700092;0;0.000224742;1.81391;-0.138289;0.0102409
0.392915;0.0749525;0;0.000224104;1.80914;-0.137921;0.0102137
0.391942;0.079884;0;0.000223465;1.80437;-0.137554;0.0101866
0.390907;0.0848028;0;0.000222826;1.79959;-0.137187;0.0101594
0.389811;0.0897083;0;0.000222187;1.79482;-0.13682;0.0101321
0.388653;0.0945996;0;0.000221548;1.79004;-0.136452;0.0101049
0.387433;0.099476;0;0.000220909;1.78527;-0.136085;0.0100777
0.386153;0.104337;0;0.000220235;1.78021;-0.135698;0.0100491
0.384811;0.109181;0;0.000219447;1.77423;-0.135245;0.0100156
0.383409;0.114008;0;0.000218658;1.76825;-0.134793;0.00998205
0.381946;0.118817;0;0.00021787;1.76228;-0.134341;0.00994855
0.380423;0.123607;0;0.000217082;1.7563;-0.133888;0.00991507
0.378839;0.128377;0;0.000216055;1.74848;-0.1333;0.0098715
0.377196;0.133128;0;0.000214874;1.73946;-0.132623;0.0098214
0.375494;0.137857;0;0.000213699;1.73048;-0.13195;0.00977152
0.373732;0.142565;0;0.000212523;1.72151;-0.131276;0.00972165
0.371911;0.14725;0;0.000211347;1.71253;-0.130603;0.00967174
0.370031;0.151912;0;0.00021017;1.70355;-0.129929;0.00962182
0.368093;0.156549;0;0.000208993;1.69457;-0.129254;0.0095719
0.366096;0.161163;0;0.000207816;1.68558;-0.12858;0.00952197
0.364042;0.16575;0;0.00020664;1.6766;-0.127906;0.00947204
0.361931;0.170312;0;0.000205463;1.66762;-0.127232;0.00942214
0.359762;0.174846;0;0.000204287;1.65864;-0.126558;0.00937225
0.357537;0.179353;0;0.000203112;1.64967;-0.125885;0.0093224
0.355255;0.183832;0;0.000201938;1.64071;-0.125212;0.00927258
0.352916;0.188282;0;0.000200517;1.62987;-0.124399;0.00921231
0.350523;0.192701;0;0.000198853;1.61718;-0.123446;0.00914176
0.348074;0.197091;0;0.000197188;1.60447;-0.122492;0.00907114
0.345569;0.201449;0;0.000195521;1.59175;-0.121538;0.00900047
0.343011;0.205776;0;0.000193854;1.57903;-0.120583;0.00892976
0.340398;0.21007;0;0.000192185;1.5663;-0.119628;0.00885902
0.337731;0.214331;0;0.000190517;1.55357;-0.118672;0.00878826
0.335011;0.218558;0;0.000188848;1.54084;-0.117717;0.00871749
0.332238;0.22275;0;0.000187179;1.52811;-0.116761;0.00864672
0.329413;0.226908;0;0.00018551;1.51538;-0.115806;0.00857597
0.326536;0.231029;0;0.000183843;1.50265;-0.114851;0.00850524
0.323607;0.235114;0;0.000182173;1.48991;-0.113895;0.00843446
0.320627;0.239162;0;0.000180499;1.47714;-0.112936;0.00836348
0.317596;0.243172;0;0.000178826;1.46437;-0.111979;0.00829255
0.314515;0.247144;0;0.000176914;1.44983;-0.110883;0.00821144
0.311385;0.251077;0;0.000174856;1.43422;-0.109705;0.00812417
0.308205;0.25497;0;0.000172797;1.41859;-0.108526;0.00803684
0.304977;0.258822;0;0.000170735;1.40295;-0.107345;0.0079494
0.301701;0.262634;0;0.000168671;1.38728;-0.106163;0.00786184
0.298376;0.266405;0;0.000166604;1.3716;-0.104979;0.0077742
0.295005;0.270133;0;0.000164535;1.3559;-0.103794;0.00768645
0.291587;0.273819;0;0.000162466;1.34019;-0.102609;0.0075987
0.288124;0.277461;0;0.000160397;1.32449;-0.101424;0.00751096
0.284614;0.28106;0;0.000158329;1.3088;-0.10024;0.00742326
0.28106;0.284614;0;0.000156262;1.29311;-0.0990564;0.0073356
0.277461;0.288124;0;0.000154163;1.2772;-0.0978542;0.00724657
0.273819;0.291587;0;0.000151771;1.25916;-0.096484;0.0071451
0.270133;0.295005;0;0.000149377;1.24109;-0.0951124;0.00704353
0.266405;0.298376;0;0.000146981;1.22302;-0.0937398;0.00694188
0.262634;0.301701;0;0.000144583;1.20493;-0.0923665;0.00684018
0.258822;0.304977;0;0.000142185;1.18684;-0.0909925;0.00673842
0.25497;0.308205;0;0.000139785;1.16874;-0.0896181;0.00663665
0.251077;0.311385;0;0.000137385;1.15063;-0.088243;0.00653481
0.247144;0.314515;0;0.000134984;1.13252;-0.0868677;0.00643296
0.243172;0.317596;0;0.000132581;1.11439;-0.0854912;0.00633103
0.239162;0.320627;0;0.000130179;1.09627;-0.0841153;0.00622914
0.235114;0.323607;0;0.000127778;1.07816;-0.08274;0.00612729
0.231029;0.326536;0;0.000125378;1.06006;-0.0813655;0.0060255
0.226908;0.329413;0;0.000122981;1.04197;-0.0799922;0.0059238
0.22275;0.332238;0;0.000120435;1.02283;-0.078534;0.00581581
0.218558;0.335011;0;0.000117754;1.00271;-0.0769981;0.00570208
0.214331;0.337731;0;0.000115071;0.98258;-0.0754611;0.00558825
0.21007;0.340398;0;0.000112387;0.962437;-0.0739231;0.00547436
0.205776;0.343011;0;0.000109701;0.942285;-0.0723844;0.00536041
0.201449;0.345569;0;0.000107014;0.922127;-0.0708453;0.00524643
0.197091;0.348074;0;0.000104328;0.901966;-0.0693059;0.00513243
0.192701;0.350523;0;0.000101641;0.881805;-0.0677666;0.00501844
0.188282;0.352916;0;9.89541e-05;0.861647;-0.0662275;0.00490446
0.183832;0.355255;0;9.62686e-05;0.841496;-0.0646889;0.00479052
0.179353;0.357537;0;9.35843e-05;0.821355;-0.0631511;0.00467664
0.174846;0.359762;0;9.09018e-05;0.801227;-0.0616143;0.00456283
0.170312;0.361931;0;8.81848e-05;0.780868;-0.0600577;0.00444756
0.16575;0.364042;0;8.52865e-05;0.759195;-0.0583972;0.00432459
0.161163;0.366096;0;8.2374e-05;0.737413;-0.0567286;0.00420102
0.156549;0.368093;0;7.94585e-05;0.715609;-0.0550583;0.00407733
0.151912;0.370031;0;7.65405e-05;0.693787;-0.0533865;0.00395353
0.14725;0.371911;0;7.36205e-05;0.67195;-0.0517137;0.00382964
0.142565;0.373732;0;7.0699e-05;0.650101;-0.0500399;0.00370569
0.137857;0.375494;0;6.77763e-05;0.628244;-0.0483654;0.00358169
0.133128;0.377196;0;6.4853e-05;0.606382;-0.0466906;0.00345766
0.128377;0.378839;0;6.19295e-05;0.584518;-0.0450158;0.00333363
0.123607;0.380423;0;5.90063e-05;0.562657;-0.043341;0.00320961
0.118817;0.381946;0;5.61551e-05;0.541372;-0.0417074;0.00308863
0.114008;0.383409;0;5.31628e-05;0.519079;-0.0399927;0.00296165
0.109181;0.384811;0;5.01691e-05;0.496775;-0.0382773;0.00283462
0.104337;0.386153;0;4.71746e-05;0.474466;-0.0365614;0.00270755
0.099476;0.387433;0;4.41798e-05;0.452153;-0.0348454;0.00258046
0.0945996;0.388653;0;4.1185e-05;0.429842;-0.0331293;0.00245338
0.0897083;0.389811;0;3.81909e-05;0.407535;-0.0314136;0.00232633
0.0848028;0.390907;0;3.51978e-05;0.385236;-0.0296985;0.00219932
0.079884;0.391942;0;3.22062e-05;0.362948;-0.0279843;0.00207237
0.0749525;0.392915;0;2.92167e-05;0.340675;-0.0262713;0.00194551
0.0700092;0.393826;0;2.62296e-05;0.31842;-0.0245596;0.00181876
0.0650549;0.394674;0;2.32454e-05;0.296188;-0.0228497;0.00169213
0.0600902;0.395461;0;2.02647e-05;0.27398;-0.0211417;0.00156564
0.0551161;0.396185;0;1.72879e-05;0.251802;-0.0194359;0.00143932
0.0501333;0.396846;0;1.42249e-05;0.229004;-0.0176808;0.00130935
0.0451426;0.397445;0;1.11458e-05;0.20609;-0.0159164;0.00117869
0.0401447;0.39798;0;8.06315e-06;0.183149;-0.0141501;0.00104788
0.0351405;0.398453;0;4.97746e-06;0.160186;-0.012382;0.000916944
0.0301307;0.398864;0;1.88923e-06;0.137204;-0.0106124;0.0007859
0.0251162;0.399211;0;-1.20107e-06;0.114207;-0.00884168;0.000654768
0.0200977;0.399495;0;-4.29293e-06;0.0911981;-0.00707004;0.00052357
0.0150761;0.399716;0;-7.38587e-06;0.0681811;-0.00529779;0.000392326
0.010052;0.399874;0;-1.04794e-05;0.0451596;-0.00352519;0.000261057
0.00502642;0.399968;0;-1.3573e-05;0.0221374;-0.00175254;0.000129784
2.44929e-17;0.4;0;-1.66663e-05;-0.000881942;1.98971e-05;-1.47348e-06
-0.00502642;0.399968;0;-1.97587e-05;-0.0238948;0.00179183;-0.000132694
-0.010052;0.399874;0;-2.28497e-05;-0.0468975;0.00356299;-0.000263856
-0.0150761;0.399716;0;-2.59389e-05;-0.0698865;0.00533308;-0.00039494
-0.0200977;0.399495;0;-2.90257e-05;-0.092858;0.00710184;-0.000525925
-0.0251162;0.399211;0;-3.21097e-05;-0.115809;0.00886897;-0.00065679
-0.0301307;0.398864;0;-3.51904e-05;-0.138734;0.0106342;-0.000787514
-0.0351405;0.398453;0;-3.8241e-05;-0.161436;0.0123824;-0.000916979
-0.0401447;0.39798;0;-4.12784e-05;-0.184047;0.0141232;-0.00104589
-0.0451426;0.397445;0;-4.43167e-05;-0.206673;0.0158641;-0.00117481
-0.0501333;0.396846;0;-4.73575e-05;-0.229317;0.0176065;-0.00130384
-0.0551161;0.396185;0;-5.04002e-05;-0.251976;0.01935;-0.00143296
-0.0600902;0.395461;0;-5.34443e-05;-0.274646;0.0210943;-0.00156214
-0.0650549;0.394674;0;-5.64895e-05;-0.297323;0.0228392;-0.00169135
-0.0700092;0.393826;0;-5.95352e-05;-0.320004;0.0245844;-0.00182059
-0.0749525;0.392915;0;-6.2581e-05;-0.342685;0.0263297;-0.00194984
-0.079884;0.391942;0;-6.56263e-05;-0.365363;0.0280746;-0.00207906
-0.0848028;0.390907;0;-6.86706e-05;-0.388034;0.0298191;-0.00220825
-0.0897083;0.389811;0;-7.17136e-05;-0.410694;0.0315627;-0.00233737
-0.0945996;0.388653;0;-7.47547e-05;-0.433341;0.0333053;-0.00246642
-0.099476;0.387433;0;-7.77934e-05;-0.45597;0.0350465;-0.00259536
-0.104337;0.386153;0;-8.07897e-05;-0.478292;0.0367636;-0.00272252
-0.109181;0.384811;0;-8.3711e-05;-0.500088;0.0384379;-0.00284651
-0.114008;0.383409;0;-8.66097e-05;-0.521734;0.0400989;-0.00296951
-0.118817;0.381946;0;-8.95106e-05;-0.543396;0.0417611;-0.00309261
-0.123607;0.380423;0;-9.24133e-05;-0.565072;0.0434244;-0.00321578
-0.128377;0.378839;0;-9.53174e-05;-0.586758;0.0450885;-0.00333901
-0.133128;0.377196;0;-9.82223e-05;-0.60845;0.046753;-0.00346228
-0.137857;0.375494;0;-0.000101128;-0.630145;0.0484178;-0.00358557
-0.142565;0.373732;0;-0.000104033;-0.651839;0.0500825;-0.00370885
-0.14725;0.371911;0;-0.000106938;-0.67353;0.051747;-0.00383211
-0.151912;0.370031;0;-0.000109829;-0.69512;0.0534039;-0.00395481
-0.156549;0.368093;0;-0.000112722;-0.716713;0.0550614;-0.00407756
-0.161163;0.366096;0;-0.000115613;-0.738294;0.0567181;-0.00420024
-0.16575;0.364042;0;-0.000118502;-0.75986;0.0583736;-0.00432284
-0.170312;0.361931;0;-0.000121388;-0.781408;0.0600277;-0.00444534
-0.174846;0.359762;0;-0.000124164;-0.802144;0.0616183;-0.00456313
-0.179353;0.357537;0;-0.00012683;-0.822114;0.0631459;-0.00467625
-0.183832;0.355255;0;-0.000129498;-0.8421;0.0646746;-0.00478947
-0.188282;0.352916;0;-0.000132167;-0.862098;0.0662043;-0.00490274
-0.192701;0.350523;0;-0.000134837;-0.882105;0.0677347;-0.00501608
-0.197091;0.348074;0;-0.000137509;-0.902117;0.0692655;-0.00512944
-0.201449;0.345569;0;-0.00014018;-0.922132;0.0707965;-0.00524281
-0.205776;0.343011;0;-0.000142852;-0.942146;0.0723274;-0.00535619
-0.21007;0.340398;0;-0.000145523;-0.962156;0.0738581;-0.00546954
-0.214331;0.337731;0;-0.000148193;-0.98216;0.0753882;-0.00558285
-0.218558;0.335011;0;-0.000150862;-1.00215;0.0769175;-0.00569611
-0.22275;0.332238;0;-0.000153495;-1.02189;0.0784266;-0.00580786
-0.226908;0.329413;0;-0.000156091;-1.04137;0.0799138;-0.00591799
-0.231029;0.326536;0;-0.000158455;-1.05916;0.0812685;-0.00601832
-0.235114;0.323607;0;-0.000160852;-1.0772;0.082642;-0.00612004
-0.239162;0.320627;0;-0.00016325;-1.09525;0.0840164;-0.00622182
-0.243172;0.317596;0;-0.00016565;-1.11331;0.0853915;-0.00632365
-0.247144;0.314515;0;-0.00016805;-1.13138;0.0867671;-0.00642552
-0.251077;0.311385;0;-0.000170451;-1.14945;0.0881429;-0.0065274
-0.25497;0.308205;0;-0.000172852;-1.16752;0.0895188;-0.00662929
-0.258822;0.304977;0;-0.000175253;-1.18559;0.0908945;-0.00673117
-0.262634;0.301701;0;-0.000177653;-1.20365;0.0922698;-0.00683302
-0.266405;0.298376;0;-0.000180052;-1.2217;0.0936446;-0.00693483
-0.270133;0.295005;0;-0.000182449;-1.23975;0.0950184;-0.00703657
-0.273819;0.291587;0;-0.000184845;-1.25778;0.0963913;-0.00713823
-0.277461;0.288124;0;-0.000187094;-1.27469;0.0976803;-0.00723369
-0.28106;0.284614;0;-0.000189236;-1.29083;0.0989075;-0.00732457
-0.284614;0.28106;0;-0.000191315;-1.30655;0.100099;-0.0074128
-0.288124;0.277461;0;-0.000193395;-1.32229;0.101291;-0.00750106
-0.291587;0.273819;0;-0.000195476;-1.33803;0.102483;-0.00758935
-0.295005;0.270133;0;-0.000197557;-1.35377;0.103675;-0.00767765
-0.298376;0.266405;0;-0.000199637;-1.36951;0.104868;-0.00776595
-0.301701;0.262634;0;-0.000201718;-1.38525;0.10606;-0.00785423
-0.304977;0.258822;0;-0.000203798;-1.40098;0.107251;-0.00794248
-0.308205;0.25497;0;-0.000205876;-1.4167;0.108443;-0.00803068
-0.311385;0.251077;0;-0.000207954;-1.43241;0.109633;-0.00811883
-0.314515;0.247144;0;-0.000210029;-1.44811;0.110822;-0.00820691
-0.317596;0.243172;0;-0.000211967;-1.46278;0.111932;-0.00828912
-0.320627;0.239162;0;-0.000213644;-1.47552;0.112893;-0.00836027
-0.323607;0.235114;0;-0.000215322;-1.48827;0.113855;-0.00843148
-0.326536;0.231029;0;-0.000217001;-1.50103;0.114817;-0.00850273
-0.329413;0.226908;0;-0.000218681;-1.5138;0.115779;-0.00857402
-0.332238;0.22275;0;-0.000220361;-1.52657;0.116742;-0.00864533
-0.335011;0.218558;0;-0.000222042;-1.53934;0.117705;-0.00871664
-0.337731;0.214331;0;-0.000223697;-1.5519;0.118653;-0.00878685
-0.340398;0.21007;0;-0.000225352;-1.56446;0.119602;-0.0088571
-0.343011;0.205776;0;-0.000227007;-1.57702;0.12055;-0.00892733
-0.345569;0.201449;0;-0.000228661;-1.58958;0.121498;-0.00899753
-0.348074;0.197091;0;-0.000230314;-1.60213;0.122446;-0.0090677
-0.350523;0.192701;0;-0.000231966;-1.61467;0.123393;-0.00913782
-0.352916;0.188282;0;-0.000233617;-1.6272;0.124339;-0.00920789
-0.355255;0.183832;0;-0.000235107;-1.6385;0.125193;-0.00927114
-0.357537;0.179353;0;-0.000236339;-1.64789;0.125899;-0.0093234
-0.359762;0.174846;0;-0.000237575;-1.65731;0.126607;-0.00937587
-0.361931;0.170312;0;-0.000238812;-1.66674;0.127316;-0.00942835
-0.364042;0.16575;0;-0.000240049;-1.67617;0.128025;-0.00948083
-0.366096;0.161163;0;-0.000241285;-1.6856;0.128733;-0.00953332
-0.368093;0.156549;0;-0.000242522;-1.69503;0.129442;-0.00958579
-0.370031;0.151912;0;-0.000243758;-1.70445;0.13015;-0.00963825
-0.371911;0.14725;0;-0.000244993;-1.71387;0.130858;-0.00969067
-0.373732;0.142565;0;-0.000246228;-1.72328;0.131566;-0.00974307
-0.375494;0.137857;0;-0.000247462;-1.73268;0.132273;-0.00979542
-0.377196;0.133128;0;-0.000248658;-1.74182;0.132958;-0.00984621
-0.378839;0.128377;0;-0.000249493;-1.7482;0.133437;-0.00988161
-0.380423;0.123607;0;-0.000250264;-1.7541;0.133879;-0.00991436
-0.381946;0.118817;0;-0.000251036;-1.76;0.134321;-0.00994712
-0.383409;0.114008;0;-0.000251809;-1.76591;0.134764;-0.00997991
-0.384811;0.109181;0;-0.000252582;-1.77181;0.135207;-0.0100127
-0.386153;0.104337;0;-0.000253355;-1.77772;0.13565;-0.0100455
-0.387433;0.099476;0;-0.000254128;-1.78363;0.136093;-0.0100783
-0.388653;0.0945996;0;-0.0002549;-1.78954;0.136536;-0.0101111
-0.389811;0.0897083;0;-0.000255673;-1.79545;0.136978;-0.0101439
-0.390907;0.0848028;0;-0.000256445;-1.80135;0.137421;-0.0101767
-0.391942;0.079884;0;-0.000257217;-1.80725;0.137863;-0.0102094
-0.392915;0.0749525;0;-0.000257988;-1.81315;0.138305;-0.0102422
-0.393826;0.0700092;0;-0.000258759;-1.81904;0.138747;-0.0102749
-0.394674;0.0650549;0;-0.000259523;-1.82487;0.139184;-0.0103073
-0.395461;0.0600902;0;-0.000259825;-1.82719;0.139358;-0.0103201
-0.396185;0.0551161;0;-0.00026008;-1.82914;0.139504;-0.0103309
-0.396846;0.0501333;0;-0.000260336;-1.8311;0.13965;-0.0103418
-0.397445;0.0451426;0;-0.000260591;-1.83305;0.139797;-0.0103526
-0.39798;0.0401447;0;-0.000260846;-1.835;0.139943;-0.0103634
-0.398453;0.0351405;0;-0.000261094;-1.83691;0.140085;-0.010374
-0.398864;0.0301307;0;-0.000261335;-1.83875;0.140223;-0.0103842
-0.399211;0.0251162;0;-0.000261574;-1.84057;0.140361;-0.0103944
-0.399495;0.0200977;0;-0.000261813;-1.84239;0.140497;-0.0104045
-0.399716;0.0150761;0;-0.000262052;-1.84421;0.140634;-0.0104146
-0.399874;0.010052;0;-0.00026229;-1.84603;0.140771;-0.0104248
-0.399968;0.00502642;0;-0.000262528;-1.84784;0.140907;-0.0104349
-0.4;4.89859e-17;0;-0.000262765;-1.84965;0.141043;-0.0104449
-0.399968;-0.00502642;0;-0.0002626;-1.84839;0.140949;-0.0104379
-0.399874;-0.010052;0;-0.00026235;-1.84647;0.140805;-0.0104273
-0.399716;-0.0150761;0;-0.000262098;-1.84455;0.140662;-0.0104167
-0.399495;-0.0200977;0;-0.000261847;-1.84262;0.140518;-0.010406
-0.399211;-0.0251162;0;-0.000261595;-1.84069;0.140373;-0.0103953
-0.398864;-0.0301307;0;-0.000261343;-1.83876;0.140229;-0.0103846
-0.398453;-0.0351405;0;-0.000261091;-1.83683;0.140085;-0.0103739
-0.39798;-0.0401447;0;-0.000260839;-1.83489;0.13994;-0.0103632
-0.397445;-0.0451426;0;-0.000260587;-1.83296;0.139796;-0.0103525
-0.396846;-0.0501333;0;-0.000260334;-1.83102;0.139651;-0.0103418
-0.396185;-0.0551161;0;-0.000260082;-1.82909;0.139506;-0.0103311
-0.395461;-0.0600902;0;-0.000259829;-1.82715;0.139362;-0.0103204
-0.394674;-0.0650549;0;-0.000259576;-1.82521;0.139217;-0.0103097
-0.393826;-0.0700092;0;-0.000258831;-1.8195;0.13879;-0.010278
-0.392915;-0.0749525;0;-0.000258067;-1.81365;0.138352;-0.0102456
-0.391942;-0.079884;0;-0.000257302;-1.80779;0.137914;-0.0102132
-0.390907;-0.0848028;0;-0.000256536;-1.80193;0.137476;-0.0101807
-0.389811;-0.0897083;0;-0.000255771;-1.79606;0.137037;-0.0101482
-0.388653;-0.0945996;0;-0.000255004;-1.79019;0.136598;-0.0101157
-0.387433;-0.099476;0;-0.000254238;-1.78432;0.136159;-0.0100832
-0.386153;-0.104337;0;-0.000253471;-1.77845;0.13572;-0.0100507
-0.384811;-0.109181;0;-0.000252705;-1.77258;0.135281;-0.0100182
-0.383409;-0.114008;0;-0.000251938;-1.76671;0.134842;-0.00998567
-0.381946;-0.118817;0;-0.000251172;-1.76084;0.134403;-0.00995316
-0.380423;-0.123607;0;-0.000250406;-1.75497;0.133964;-0.00992068
-0.378839;-0.128377;0;-0.000249603;-1.74882;0.133504;-0.00988658
-0.377196;-0.133128;0;-0.00024846;-1.74012;0.132849;-0.00983807
-0.375494;-0.137857;0;-0.000247316;-1.73141;0.132193;-0.00978952
-0.373732;-0.142565;0;-0.000246171;-1.7227;0.131537;-0.00974095
-0.371911;-0.14725;0;-0.000244913;-1.71308;0.130816;-0.00968758
-0.370031;-0.151912;0;-0.000243639;-1.70333;0.130087;-0.00963355
-0.368093;-0.156549;0;-0.000242364;-1.69358;0.129357;-0.00957948
-0.366096;-0.161163;0;-0.000241089;-1.68383;0.128626;-0.00952539
-0.364042;-0.16575;0;-0.000239814;-1.67408;0.127896;-0.00947129
-0.361931;-0.170312;0;-0.000238538;-1.66432;0.127165;-0.00941719
-0.359762;-0.174846;0;-0.000237263;-1.65456;0.126435;-0.00936309
-0.357537;-0.179353;0;-0.000235987;-1.64481;0.125704;-0.009309
-0.355255;-0.183832;0;-0.000234559;-1.63396;0.124886;-0.00924838
-0.352916;-0.188282;0;-0.000233098;-1.62285;0.124048;-0.00918634
-0.350523;-0.192701;0;-0.00023157;-1.61125;0.123172;-0.0091215
-0.348074;-0.197091;0;-0.000229953;-1.59898;0.122245;-0.00905286
-0.345569;-0.201449;0;-0.000228334;-1.58671;0.121318;-0.00898419
-0.343011;-0.205776;0;-0.000226716;-1.57443;0.12039;-0.00891549
-0.340398;-0.21007;0;-0.000225097;-1.56214;0.119463;-0.00884678
-0.337731;-0.214331;0;-0.000223478;-1.54986;0.118535;-0.00877807
-0.335011;-0.218558;0;-0.000221859;-1.53758;0.117607;-0.00870937
-0.332238;-0.22275;0;-0.000220241;-1.5253;0.11668;-0.00864069
-0.329413;-0.226908;0;-0.000218623;-1.51303;0.115753;-0.00857204
-0.326536;-0.231029;0;-0.000216953;-1.50032;0.114796;-0.00850118
-0.323607;-0.235114;0;-0.000215259;-1.48743;0.113826;-0.00842934
-0.320627;-0.239162;0;-0.000213566;-1.47455;0.112856;-0.00835754
-0.317596;-0.243172;0;-0.00021187;-1.46165;0.111885;-0.00828558
-0.314515;-0.247144;0;-0.000209914;-1.44685;0.110764;-0.00820259
-0.311385;-0.251077;0;-0.000207834;-1.4311;0.109572;-0.00811434
-0.308205;-0.25497;0;-0.000205752;-1.41534;0.108379;-0.00802601
-0.304977;-0.258822;0;-0.000203669;-1.39958;0.107186;-0.00793763
-0.301701;-0.262634;0;-0.000201585;-1.3838;0.105992;-0.0078492
-0.298376;-0.266405;0;-0.0001995;-1.36802;0.104797;-0.00776074
-0.295005;-0.270133;0;-0.000197414;-1.35223;0.103602;-0.00767226
-0.291587;-0.273819;0;-0.000195329;-1.33645;0.102408;-0.00758378
-0.288124;-0.277461;0;-0.000193244;-1.32066;0.101213;-0.0074953
-0.284614;-0.28106;0;-0.000191159;-1.30488;0.100019;-0.00740686
-0.28106;-0.284614;0;-0.000189075;-1.28911;0.0988248;-0.00731845
-0.277461;-0.288124;0;-0.000186899;-1.27273;0.0975776;-0.00722609
-0.273819;-0.291587;0;-0.000184674;-1.25601;0.0963027;-0.00713168
-0.270133;-0.295005;0;-0.000182344;-1.23846;0.0949673;-0.00703278
-0.266405;-0.298376;0;-0.00017996;-1.22052;0.0936012;-0.00693161
-0.262634;-0.301701;0;-0.000177574;-1.20256;0.0922344;-0.00683039
-0.258822;-0.304977;0;-0.000175188;-1.1846;0.0908671;-0.00672914
-0.25497;-0.308205;0;-0.000172802;-1.16663;0.0894996;-0.00662787
-0.251077;-0.311385;0;-0.000170415;-1.14867;0.088132;-0.0065266
-0.247144;-0.314515;0;-0.000168029;-1.1307;0.0867647;-0.00642534
-0.243172;-0.317596;0;-0.000165644;-1.11274;0.0853977;-0.00632411
-0.239162;-0.320627;0;-0.000163259;-1.09479;0.0840314;-0.00622292
-0.235114;-0.323607;0;-0.000160876;-1.07685;0.0826658;-0.0061218
-0.231029;-0.326536;0;-0.000158495;-1.05893;0.0813013;-0.00602075
-0.226908;-0.329413;0;-0.000156054;-1.04058;0.0799031;-0.00591721
-0.22275;-0.332238;0;-0.00015346;-1.02111;0.0784172;-0.00580717
-0.218558;-0.335011;0;-0.000150815;-1.00128;0.0769012;-0.0056949
-0.214331;-0.337731;0;-0.000148143;-0.981258;0.0753704;-0.00558154
-0.21007;-0.340398;0;-0.000145471;-0.961225;0.073839;-0.00546813
-0.205776;-0.343011;0;-0.000142797;-0.941185;0.0723069;-0.00535467
-0.201449;-0.345569;0;-0.000140123;-0.921142;0.0707746;-0.0052412
-0.197091;-0.348074;0;-0.000137449;-0.901097;0.0692422;-0.00512772
-0.192701;-0.350523;0;-0.000134775;-0.881055;0.06771;-0.00501425
-0.188282;-0.352916;0;-0.000132102;-0.861019;0.0661783;-0.00490082
-0.183832;-0.355255;0;-0.00012943;-0.840991;0.0646472;-0.00478743
-0.179353;-0.357537;0;-0.000126759;-0.820975;0.063117;-0.00467411
-0.174846;-0.359762;0;-0.000124091;-0.800975;0.061588;-0.00456088
-0.170312;-0.361931;0;-0.000121324;-0.780307;0.0600028;-0.0044435
-0.16575;-0.364042;0;-0.000118467;-0.758966;0.0583655;-0.00432224
-0.161163;-0.366096;0;-0.00011558;-0.737408;0.0567114;-0.00419975
-0.156549;-0.368093;0;-0.000112692;-0.715835;0.0550562;-0.00407718
-0.151912;-0.370031;0;-0.000109802;-0.694252;0.0534002;-0.00395454
-0.14725;-0.371911;0;-0.000106911;-0.672662;0.0517437;-0.00383187
-0.142565;-0.373732;0;-0.000104019;-0.651068;0.0500869;-0.00370917
-0.137857;-0.375494;0;-0.000101128;-0.629474;0.0484301;-0.00358648
-0.133128;-0.377196;0;-9.82367e-05;-0.607883;0.0467735;-0.0034638
-0.128377;-0.378839;0;-9.53466e-05;-0.586298;0.0451174;-0.00334116
-0.123607;-0.380423;0;-9.24577e-05;-0.564723;0.0434621;-0.00321857
-0.118817;-0.381946;0;-8.95707e-05;-0.543162;0.0418077;-0.00309606
-0.114008;-0.383409;0;-8.66859e-05;-0.521617;0.0401547;-0.00297365
-0.109181;-0.384811;0;-8.38066e-05;-0.500116;0.0385049;-0.00285147
-0.104337;-0.386153;0;-8.07902e-05;-0.477644;0.0367765;-0.00272348
-0.099476;-0.387433;0;-7.77673e-05;-0.455123;0.0350444;-0.0025952
-0.0945996;-0.388653;0;-7.47427e-05;-0.432591;0.0333113;-0.00246686
-0.0897083;-0.389811;0;-7.17169e-05;-0.410049;0.0315775;-0.00233846
-0.0848028;-0.390907;0;-6.86926e-05;-0.387516;0.0298445;-0.00221013
-0.079884;-0.391942;0;-6.56626e-05;-0.364941;0.0281083;-0.00208156
-0.0749525;-0.392915;0;-6.26306e-05;-0.342351;0.026371;-0.0019529
-0.0700092;-0.393826;0;-5.95991e-05;-0.319765;0.024634;-0.00182426
-0.0650549;-0.394674;0;-5.65685e-05;-0.297185;0.0228974;-0.00169566
-0.0600902;-0.395461;0;-5.35393e-05;-0.274615;0.0211617;-0.00156712
-0.0551161;-0.396185;0;-5.05119e-05;-0.25206;0.019427;-0.00143866
-0.0501333;-0.396846;0;-4.74568e-05;-0.229319;0.0176762;-0.00130901
-0.0451426;-0.397445;0;-4.43737e-05;-0.206375;0.0159096;-0.00117818
-0.0401447;-0.39798;0;-4.12889e-05;-0.183419;0.014142;-0.00104728
-0.0351405;-0.398453;0;-3.82028e-05;-0.160454;0.0123737;-0.000916329
-0.0301307;-0.398864;0;-3.5121e-05;-0.13752;0.0106078;-0.000785556
-0.0251162;-0.399211;0;-3.2032e-05;-0.114533;0.00883774;-0.000654477
-0.0200977;-0.399495;0;-2.89427e-05;-0.0915439;0.00706759;-0.000523389
-0.0150761;-0.399716;0;-2.58538e-05;-0.068557;0.0052976;-0.000392313
-0.010052;-0.399874;0;-2.27656e-05;-0.0455758;0.00352806;-0.000261269
-0.00502642;-0.399968;0;-1.96787e-05;-0.022604;0.00175923;-0.000130279
-7.34788e-17;-0.4;0;-1.65935e-05;0.000354789;-8.59414e-06;6.36437e-07
0.00502642;-0.399968;0;-1.35326e-05;0.0231334;-0.00176255;0.000130525
0.010052;-0.399874;0;-1.04594e-05;0.0460038;-0.00352358;0.000260938
0.0150761;-0.399716;0;-7.38376e-06;0.0688932;-0.00528607;0.000391459
0.0200977;-0.399495;0;-4.30601e-06;0.091798;-0.00704976;0.000522068
0.0251162;-0.399211;0;-1.22668e-06;0.114715;-0.00881435;0.000652745
0.0301307;-0.398864;0;1.85376e-06;0.13764;-0.0105796;0.000783468
0.0351405;-0.398453;0;4.93482e-06;0.160569;-0.0123452;0.000914217
0.0401447;-0.39798;0;8.016e-06;0.183499;-0.0141108;0.00104497
0.0451426;-0.397445;0;1.10968e-05;0.206427;-0.0158763;0.00117571
0.0501333;-0.396846;0;1.41768e-05;0.229349;-0.0176412;0.00130642
0.0551161;-0.396185;0;1.7241e-05;0.252123;-0.0193968;0.00143643
0.0600902;-0.395461;0;2.03158e-05;0.274977;-0.0211586;0.00156689
0.0650549;-0.394674;0;2.33096e-05;0.29728;-0.022874;0.00169393
0.0700092;-0.393826;0;2.6351e-05;0.31994;-0.0246166;0.00182298
0.0749525;-0.392915;0;2.93928e-05;0.342603;-0.0263595;0.00195204
0.079884;-0.391942;0;3.24343e-05;0.365264;-0.0281022;0.0020811
0.0848028;-0.390907;0;3.54091e-05;0.387423;-0.0298068;0.00220734
0.0897083;-0.389811;0;3.84071e-05;0.409753;-0.031525;0.00233457
0.0945996;-0.388653;0;4.1406e-05;0.432088;-0.0332436;0.00246184
0.099476;-0.387433;0;4.44051e-05;0.454426;-0.0349623;0.00258913
0.104337;-0.386153;0;4.74041e-05;0.476763;-0.036681;0.0027164
0.109181;-0.384811;0;5.04025e-05;0.499095;-0.0383994;0.00284366
0.114008;-0.383409;0;5.33998e-05;0.521419;-0.0401171;0.00297086
0.118817;-0.381946;0;5.6263e-05;0.542776;-0.0417579;0.00309237
0.123607;-0.380423;0;5.91594e-05;0.564399;-0.0434175;0.00321527
0.128377;-0.378839;0;6.20572e-05;0.586034;-0.0450781;0.00333825
0.133128;-0.377196;0;6.49561e-05;0.607676;-0.0467392;0.00346126
0.137857;-0.375494;0;6.78557e-05;0.629322;-0.0484007;0.0035843
0.142565;-0.373732;0;7.07553e-05;0.65097;-0.0500623;0.00370735
0.14725;-0.371911;0;7.36547e-05;0.672616;-0.0517237;0.00383039
0.151912;-0.370031;0;7.65533e-05;0.694256;-0.0533847;0.00395339
0.156549;-0.368093;0;7.94506e-05;0.715886;-0.0550449;0.00407634
0.161163;-0.366096;0;8.23463e-05;0.737504;-0.0567042;0.00419922
0.16575;-0.364042;0;8.52398e-05;0.759106;-0.0583623;0.00432201
0.170312;-0.361931;0;8.80817e-05;0.780325;-0.0599911;0.00444263
0.174846;-0.359762;0;9.08437e-05;0.800962;-0.0615742;0.00455987
0.179353;-0.357537;0;9.3524e-05;0.82103;-0.0631103;0.00467362
0.183832;-0.355255;0;9.62061e-05;0.841111;-0.0646473;0.00478744
0.188282;-0.352916;0;9.88895e-05;0.861202;-0.0661852;0.00490133
0.192701;-0.350523;0;0.000101574;0.881301;-0.0677235;0.00501525
0.197091;-0.348074;0;0.000104259;0.901403;-0.0692622;0.00512919
0.201449;-0.345569;0;0.000106944;0.921505;-0.0708008;0.00524314
0.205776;-0.343011;0;0.000109628;0.941605;-0.0723393;0.00535707
0.21007;-0.340398;0;0.000112312;0.961699;-0.0738774;0.00547097
0.214331;-0.337731;0;0.000114995;0.981784;-0.0754147;0.00558482
0.218558;-0.335011;0;0.000117676;1.00186;-0.0769512;0.0056986
0.22275;-0.332238;0;0.000120355;1.02191;-0.0784864;0.00581229
0.226908;-0.329413;0;0.000122922;1.04117;-0.0799582;0.00592129
0.231029;-0.326536;0;0.000125315;1.05915;-0.0813299;0.00602287
0.235114;-0.323607;0;0.000127711;1.07714;-0.0827027;0.00612453
0.239162;-0.320627;0;0.000130107;1.09515;-0.0840764;0.00622626
0.243172;-0.317596;0;0.000132505;1.11317;-0.0854509;0.00632804
0.247144;-0.314515;0;0.000134904;1.13119;-0.0868258;0.00642986
0.251077;-0.311385;0;0.000137303;1.14921;-0.088201;0.0065317
0.25497;-0.308205;0;0.000139703;1.16724;-0.0895762;0.00663354
0.258822;-0.304977;0;0.000142102;1.18527;-0.0909513;0.00673537
0.262634;-0.301701;0;0.0001445;1.20328;-0.0923259;0.00683717
0.266405;-0.298376;0;0.000146898;1.2213;-0.0937;0.00693893
0.270133;-0.295005;0;0.000149294;1.2393;-0.0950732;0.00704062
0.273819;-0.291587;0;0.000151688;1.25728;-0.0964454;0.00714224
0.277461;-0.288124;0;0.000154037;1.27493;-0.0977921;0.00724197
0.28106;-0.284614;0;0.000156148;1.29083;-0.0990023;0.00733159
0.284614;-0.28106;0;0.000158209;1.30636;-0.100184;0.00741908
0.288124;-0.277461;0;0.000160271;1.3219;-0.101366;0.00750662
0.291587;-0.273819;0;0.000162333;1.33745;-0.102548;0.00759419
0.295005;-0.270133;0;0.000164396;1.353;-0.103731;0.00768178
0.298376;-0.266405;0;0.00016646;1.36855;-0.104914;0.00776937
0.301701;-0.262634;0;0.000168523;1.3841;-0.106096;0.00785695
0.304977;-0.258822;0;0.000170585;1.39965;-0.107279;0.00794451
0.308205;-0.25497;0;0.000172647;1.41519;-0.108461;0.00803203
0.311385;-0.251077;0;0.000174707;1.43072;-0.109642;0.0081195
0.314515;-0.247144;0;0.000176766;1.44624;-0.110822;0.0082069
0.317596;-0.243172;0;0.000178755;1.46124;-0.111963;0.00829136
0.320627;-0.239162;0;0.00018042;1.47383;-0.112917;0.00836205
0.323607;-0.235114;0;0.000182086;1.48642;-0.113872;0.00843279
0.326536;-0.231029;0;0.000183753;1.49902;-0.114828;0.00850359
0.329413;-0.226908;0;0.000185421;1.51163;-0.115785;0.00857442
0.332238;-0.22275;0;0.000187089;1.52424;-0.116742;0.00864527
0.335011;-0.218558;0;0.000188758;1.53685;-0.117699;0.00871614
0.337731;-0.214331;0;0.000190427;1.54947;-0.118656;0.00878701
0.340398;-0.21007;0;0.000192096;1.56208;-0.119613;0.00885788
0.343011;-0.205776;0;0.000193764;1.57469;-0.120569;0.00892872
0.345569;-0.201449;0;0.000195432;1.58729;-0.121525;0.00899954
0.348074;-0.197091;0;0.000197099;1.59989;-0.122481;0.00907031
0.350523;-0.192701;0;0.000198764;1.61248;-0.123436;0.00914103
0.352916;-0.188282;0;0.000200428;1.62505;-0.12439;0.00921168
0.355255;-0.183832;0;0.000201877;1.63602;-0.125221;0.00927322
0.357537;-0.179353;0;0.000203114;1.64542;-0.125931;0.00932575
0.359762;-0.174846;0;0.000204352;1.65482;-0.12664;0.00937831
0.361931;-0.170312;0;0.000205535;1.66379;-0.127319;0.00942856
0.364042;-0.16575;0;0.000206709;1.6727;-0.127993;0.00947845
0.366096;-0.161163;0;0.000207885;1.6816;-0.128667;0.00952837
0.368093;-0.156549;0;0.00020906;1.69051;-0.129341;0.00957829
0.370031;-0.151912;0;0.000210235;1.69941;-0.130015;0.0096282
0.371911;-0.14725;0;0.00021141;1.70832;-0.130689;0.00967811
0.373732;-0.142565;0;0.000212584;1.71722;-0.131362;0.009728
0.375494;-0.137857;0;0.000213758;1.72611;-0.132036;0.00977786
0.377196;-0.133128;0;0.000214931;1.735;-0.132708;0.00982769
0.378839;-0.128377;0;0.000216099;1.74386;-0.133378;0.00987726
0.380423;-0.123607;0;0.000217151;1.75188;-0.133981;0.00992192
0.381946;-0.118817;0;0.000217913;1.75776;-0.134416;0.00995418
0.383409;-0.114008;0;0.000218675;1.76364;-0.134852;0.00998645
0.384811;-0.109181;0;0.000219437;1.76953;-0.135288;0.0100187
0.386153;-0.104337;0;0.00022016;1.7751;-0.135702;0.0100494
0.387433;-0.099476;0;0.000220811;1.7801;-0.136075;0.010077
0.388653;-0.0945996;0;0.000221463;1.78509;-0.136448;0.0101047
0.389811;-0.0897083;0;0.000222114;1.79009;-0.136822;0.0101323
0.390907;-0.0848028;0;0.000222766;1.79509;-0.137195;0.0101599
0.391942;-0.079884;0;0.000223417;1.80009;-0.137568;0.0101876
0.392915;-0.0749525;0;0.000224069;1.80509;-0.137941;0.0102152
0.393826;-0.0700092;0;0.00022472;1.81008;-0.138314;0.0102428
0.394674;-0.0650549;0;0.00022537;1.81508;-0.138687;0.0102704
0.395461;-0.0600902;0;0.00022602;1.82006;-0.139059;0.010298
0.396185;-0.0551161;0;0.000226416;1.82319;-0.139285;0.0103147
0.396846;-0.0501333;0;0.000226713;1.8256;-0.139453;0.0103272
0.397445;-0.0451426;0;0.000227009;1.82801;-0.139622;0.0103396
0.39798;-0.0401447;0;0.000227219;1.82974;-0.13974;0.0103484
0.398453;-0.0351405;0;0.000227356;1.83091;-0.139818;0.0103542
0.398864;-0.0301307;0;0.000227493;1.83207;-0.139895;0.0103599
0.399211;-0.0251162;0;0.00022763;1.83323;-0.139973;0.0103657
0.399495;-0.0200977;0;0.000227768;1.83439;-0.14005;0.0103714
0.399716;-0.0150761;0;0.000227905;1.83556;-0.140128;0.0103771
0.399874;-0.010052;0;0.000228043;1.83672;-0.140206;0.0103829
0.399968;-0.00502642;0;0.00022818;1.83788;-0.140283;0.0103886
