0.4;0;0;0.0003443;1.99306;-0.140359;0.0103943
0.399968;0.00502642;0;0.000344145;1.99182;-0.140279;0.0103883
0.399874;0.010052;0;0.000343987;1.99054;-0.140196;0.0103822
0.399716;0.0150761;0;0.000343829;1.98927;-0.140114;0.0103761
0.399495;0.0200977;0;0.000343671;1.988;-0.140032;0.01037
0.399211;0.0251162;0;0.000343513;1.98672;-0.13995;0.0103639
0.398864;0.0301307;0;0.000343355;1.98545;-0.139867;0.0103578
0.398453;0.0351405;0;0.000343197;1.98418;-0.139785;0.0103518
0.39798;0.0401447;0;0.000343039;1.98291;-0.139703;0.0103457
0.397445;0.0451426;0;0.000342753;1.98076;-0.139552;0.0103345
0.396846;0.0501333;0;0.000342398;1.97814;-0.139365;0.0103206
0.396185;0.0551161;0;0.000342044;1.97552;-0.139178;0.0103068
0.395461;0.0600902;0;0.000341689;1.9729;-0.138991;0.0102929
0.394674;0.0650549;0;0.000341051;1.968;-0.138655;0.0102681
0.393826;0.0700092;0;0.000340352;1.96262;-0.138289;0.0102409
0.392915;0.0749525;0;0.000339653;1.95725;-0.137921;0.0102137
0.391942;0.079884;0;0.000338953;1.95187;-0.137554;0.0101866
0.390907;0.0848028;0;0.000338253;1.94648;-0.137187;0.0101594
0.389811;0.0897083;0;0.000337553;1.9411;-0.13682;0.0101321
0.388653;0.0945996;0;0.000336853;1.93572;-0.136452;0.0101049
0.387433;0.099476;0;0.000336153;1.93034;-0.136085;0.0100777
0.386153;0.104337;0;0.000335416;1.92471;-0.135698;0.0100491
0.384811;0.109181;0;0.000334556;1.91823;-0.135245;0.0100156
0.383409;0.114008;0;0.000333697;1.91175;-0.134793;0.00998205
0.381946;0.118817;0;0.000332837;1.90527;-0.134341;0.00994855
0.380423;0.123607;0;0.000331978;1.89879;-0.133888;0.00991507
0.378839;0.128377;0;0.00033086;1.89033;-0.1333;0.0098715
0.377196;0.133128;0;0.000329573;1.88058;-0.132623;0.0098214
0.375494;0.137857;0;0.000328292;1.87085;-0.13195;0.00977152
0.373732;0.142565;0;0.000327011;1.86113;-0.131276;0.00972165
0.371911;0.14725;0;0.000325729;1.85141;-0.130603;0.00967174
0.370031;0.151912;0;0.000324447;1.84168;-0.129929;0.00962182
0.368093;0.156549;0;0.000323164;1.83195;-0.129254;0.0095719
0.366096;0.161163;0;0.000321882;1.82222;-0.12858;0.00952197
0.364042;0.16575;0;0.0003206;1.81249;-0.127906;0.00947204
0.361931;0.170312;0;0.000319318;1.80276;-0.127232;0.00942214
0.359762;0.174846;0;0.000318037;1.79304;-0.126558;0.00937225
0.357537;0.179353;0;0.000316757;1.78332;-0.125885;0.0093224
0.355255;0.183832;0;0.000315477;1.77361;-0.125212;0.00927258
0.352916;0.188282;0;0.00031393;1.76191;-0.124399;0.00921231
0.350523;0.192701;0;0.000312118;1.74824;-0.123446;0.00914176
0.348074;0.197091;0;0.000310305;1.73457;-0.122492;0.00907114
0.345569;0.201449;0;0.000308491;1.72088;-0.121538;0.00900047
0.343011;0.205776;0;0.000306675;1.70719;-0.120583;0.00892976
0.340398;0.21007;0;0.000304859;1.69349;-0.119628;0.00885902
0.337731;0.214331;0;0.000303042;1.67978;-0.118672;0.00878826
0.335011;0.218558;0;0.000301225;1.66608;-0.117717;0.00871749
0.332238;0.22275;0;0.000299408;1.65238;-0.116761;0.00864672
0.329413;0.226908;0;0.000297592;1.63867;-0.115806;0.00857597
0.326536;0.231029;0;0.000295776;1.62498;-0.114851;0.00850524
0.323607;0.235114;0;0.000293959;1.61128;-0.113895;0.00843446
0.320627;0.239162;0;0.000292136;1.59754;-0.112936;0.00836348
0.317596;0.243172;0;0.000290315;1.58381;-0.111979;0.00829255
0.314515;0.247144;0;0.000288233;1.56816;-0.110883;0.00821144
0.311385;0.251077;0;0.000285993;1.55133;-0.109705;0.00812417
0.308205;0.25497;0;0.00028375;1.53449;-0.108526;0.00803684
0.304977;0.258822;0;0.000281506;1.51763;-0.107345;0.0079494
0.301701;0.262634;0;0.000279258;1.50075;-0.106163;0.00786184
0.298376;0.266405;0;0.000277007;1.48386;-0.104979;0.0077742
0.295005;0.270133;0;0.000274755;1.46695;-0.103794;0.00768645
0.291587;0.273819;0;0.000272502;1.45003;-0.102609;0.0075987
0.288124;0.277461;0;0.00027025;1.43312;-0.101424;0.00751096
0.284614;0.28106;0;0.000267998;1.41622;-0.10024;0.00742326
0.28106;0.284614;0;0.000265748;1.39933;-0.0990564;0.0073356
0.277461;0.288124;0;0.000263462;1.38217;-0.0978542;0.00724657
0.273819;0.291587;0;0.000260857;1.3627;-0.096484;0.0071451
0.270133;0.295005;0;0.000258249;1.3432;-0.0951124;0.00704353
0.266405;0.298376;0;0.00025564;1.3237;-0.0937398;0.00694188
0.262634;0.301701;0;0.000253028;1.30418;-0.0923665;0.00684018
0.258822;0.304977;0;0.000250416;1.28465;-0.0909925;0.00673842
0.25497;0.308205;0;0.000247803;1.26511;-0.0896181;0.00663665
0.251077;0.311385;0;0.000245189;1.24557;-0.088243;0.00653481
0.247144;0.314515;0;0.000242574;1.22603;-0.0868677;0.00643296
0.243172;0.317596;0;0.000239958;1.20647;-0.0854912;0.00633103
0.239162;0.320627;0;0.000237342;1.18691;-0.0841153;0.00622914
0.235114;0.323607;0;0.000234727;1.16737;-0.08274;0.00612729
0.231029;0.326536;0;0.000232114;1.14784;-0.0813655;0.0060255
0.226908;0.329413;0;0.000229503;1.12833;-0.0799922;0.0059238
0.22275;0.332238;0;0.000226731;1.10765;-0.078534;0.00581581
0.218558;0.335011;0;0.000223811;1.08592;-0.0769981;0.00570208
0.214331;0.337731;0;0.000220889;1.06417;-0.0754611;0.00558825
0.21007;0.340398;0;0.000217965;1.04241;-0.0739231;0.00547436
0.205776;0.343011;0;0.00021504;1.02063;-0.0723844;0.00536041
0.201449;0.345569;0;0.000212113;0.998854;-0.0708453;0.00524643
0.197091;0.348074;0;0.000209187;0.977072;-0.0693059;0.00513243
0.192701;0.350523;0;0.00020626;0.955289;-0.0677666;0.00501844
0.188282;0.352916;0;0.000203334;0.933511;-0.0662275;0.00490446
0.183832;0.355255;0;0.000200409;0.91174;-0.0646889;0.00479052
0.179353;0.357537;0;0.000197486;0.88998;-0.0631511;0.00467664
0.174846;0.359762;0;0.000194564;0.868234;-0.0616143;0.00456283
0.170312;0.361931;0;0.000191605;0.846215;-0.0600577;0.00444756
0.16575;0.364042;0;0.000188448;0.822823;-0.0583972;0.00432459
0.161163;0.366096;0;0.000185277;0.79932;-0.0567286;0.00420102
0.156549;0.368093;0;0.000182102;0.775793;-0.0550583;0.00407733
0.151912;0.370031;0;0.000178924;0.752246;-0.0533865;0.00395353
0.14725;0.371911;0;0.000175744;0.728683;-0.0517137;0.00382964
0.142565;0.373732;0;0.000172563;0.705107;-0.0500399;0.00370569
0.137857;0.375494;0;0.00016938;0.681523;-0.0483654;0.00358169
0.133128;0.377196;0;0.000166197;0.657933;-0.0466906;0.00345766
0.128377;0.378839;0;0.000163013;0.634341;-0.0450158;0.00333363
0.123607;0.380423;0;0.00015983;0.610752;-0.043341;0.00320961
0.118817;0.381946;0;0.000156724;0.58774;-0.0417074;0.00308863
0.114008;0.383409;0;0.000153464;0.563585;-0.0399927;0.00296165
0.109181;0.384811;0;0.000150202;0.539419;-0.0382773;0.00283462
0.104337;0.386153;0;0.00014694;0.515246;-0.0365614;0.00270755
0.099476;0.387433;0;0.000143677;0.49107;-0.0348454;0.00258046
0.0945996;0.388653;0;0.000140414;0.466896;-0.0331293;0.00245338
0.0897083;0.389811;0;0.000137152;0.442726;-0.0314136;0.00232633
0.0848028;0.390907;0;0.000133891;0.418564;-0.0296985;0.00219932
0.079884;0.391942;0;0.000130631;0.394415;-0.0279843;0.00207237
0.0749525;0.392915;0;0.000127374;0.370282;-0.0262713;0.00194551
0.0700092;0.393826;0;0.00012412;0.346169;-0.0245596;0.00181876
0.0650549;0.394674;0;0.000120868;0.32208;-0.0228497;0.00169213
0.0600902;0.395461;0;0.000117621;0.298018;-0.0211417;0.00156564
0.0551161;0.396185;0;0.000114377;0.273988;-0.0194359;0.00143932
0.0501333;0.396846;0;0.00011104;0.249315;-0.0176808;0.00130935
0.0451426;0.397445;0;0.000107686;0.224519;-0.0159164;0.00117869
0.0401447;0.39798;0;0.000104328;0.199696;-0.0141501;0.00104788
0.0351405;0.398453;0;0.000100967;0.174848;-0.012382;0.000916944
0.0301307;0.398864;0;9.76029e-05;0.14998;-0.0106124;0.0007859
0.0251162;0.399211;0;9.42366e-05;0.125095;-0.00884168;0.000654768
0.0200977;0.399495;0;9.08686e-05;0.100197;-0.00707004;0.00052357
0.0150761;0.399716;0;8.74994e-05;0.075291;-0.00529779;0.000392326
0.010052;0.399874;0;8.41296e-05;0.05038;-0.00352519;0.000261057
0.00502642;0.399968;0;8.07597e-05;0.025468;-0.00175254;0.000129784
2.44929e-17;0.4;0;7.73901e-05;0.000559184;1.98971e-05;-1.47348e-06
-0.00502642;0.399968;0;7.40216e-05;-0.0243426;0.00179183;-0.000132694
-0.010052;0.399874;0;7.06545e-05;-0.0492335;0.00356299;-0.000263856
-0.0150761;0.399716;0;6.72894e-05;-0.0741095;0.00533308;-0.00039494
-0.0200977;0.399495;0;6.39268e-05;-0.0989667;0.00710184;-0.000525925
-0.0251162;0.399211;0;6.05674e-05;-0.123801;0.00886897;-0.00065679
-0.0301307;0.398864;0;5.72115e-05;-0.148609;0.0106342;-0.000787514
-0.0351405;0.398453;0;5.38873e-05;-0.173192;0.0123824;-0.000916979
-0.0401447;0.39798;0;5.05771e-05;-0.197685;0.0141232;-0.00104589
-0.0451426;0.397445;0;4.72675e-05;-0.222171;0.0158641;-0.00117481
-0.0501333;0.396846;0;4.39552e-05;-0.246677;0.0176065;-0.00130384
-0.0551161;0.396185;0;4.06408e-05;-0.271198;0.01935;-0.00143296
-0.0600902;0.395461;0;3.73248e-05;-0.295731;0.0210943;-0.00156214
-0.0650549;0.394674;0;3.40077e-05;-0.320273;0.0228392;-0.00169135
-0.0700092;0.393826;0;3.069e-05;-0.344819;0.0245844;-0.00182059
-0.0749525;0.392915;0;2.73723e-05;-0.369365;0.0263297;-0.00194984
-0.079884;0.391942;0;2.4055e-05;-0.393908;0.0280746;-0.00207906
-0.0848028;0.390907;0;2.07388e-05;-0.418443;0.0298191;-0.00220825
-0.0897083;0.389811;0;1.74241e-05;-0.442967;0.0315627;-0.00233737
-0.0945996;0.388653;0;1.41114e-05;-0.467476;0.0333053;-0.00246642
-0.099476;0.387433;0;1.08013e-05;-0.491965;0.0350465;-0.00259536
-0.104337;0.386153;0;7.53623e-06;-0.516139;0.0367636;-0.00272252
-0.109181;0.384811;0;4.35239e-06;-0.539743;0.0384379;-0.00284651
-0.114008;0.383409;0;1.19492e-06;-0.563159;0.0400989;-0.00296951
-0.118817;0.381946;0;-1.965e-06;-0.586593;0.0417611;-0.00309261
-0.123607;0.380423;0;-5.12686e-06;-0.610041;0.0434244;-0.00321578
-0.128377;0.378839;0;-8.29018e-06;-0.6335;0.0450885;-0.00333901
-0.133128;0.377196;0;-1.14544e-05;-0.656966;0.046753;-0.00346228
-0.137857;0.375494;0;-1.46192e-05;-0.680436;0.0484178;-0.00358557
-0.142565;0.373732;0;-1.77838e-05;-0.703905;0.0500825;-0.00370885
-0.14725;0.371911;0;-2.09479e-05;-0.72737;0.051747;-0.00383211
-0.151912;0.370031;0;-2.40979e-05;-0.750735;0.0534039;-0.00395481
-0.156549;0.368093;0;-2.72491e-05;-0.774113;0.0550614;-0.00407756
-0.161163;0.366096;0;-3.03986e-05;-0.797479;0.0567181;-0.00420024
-0.16575;0.364042;0;-3.3546e-05;-0.820829;0.0583736;-0.00432284
-0.170312;0.361931;0;-3.66907e-05;-0.84416;0.0600277;-0.00444534
-0.174846;0.359762;0;-3.97144e-05;-0.86664;0.0616183;-0.00456313
-0.179353;0.357537;0;-4.26187e-05;-0.888268;0.0631459;-0.00467625
-0.183832;0.355255;0;-4.55253e-05;-0.909913;0.0646746;-0.00478947
-0.188282;0.352916;0;-4.84336e-05;-0.931571;0.0662043;-0.00490274
-0.192701;0.350523;0;-5.13432e-05;-0.953238;0.0677347;-0.00501608
-0.197091;0.348074;0;-5.42537e-05;-0.974912;0.0692655;-0.00512944
-0.201449;0.345569;0;-5.71645e-05;-0.996588;0.0707965;-0.00524281
-0.205776;0.343011;0;-6.00752e-05;-1.01826;0.0723274;-0.00535619
-0.21007;0.340398;0;-6.29854e-05;-1.03994;0.0738581;-0.00546954
-0.214331;0.337731;0;-6.58946e-05;-1.0616;0.0753882;-0.00558285
-0.218558;0.335011;0;-6.88023e-05;-1.08325;0.0769175;-0.00569611
-0.22275;0.332238;0;-7.16709e-05;-1.10462;0.0784266;-0.00580786
-0.226908;0.329413;0;-7.44968e-05;-1.1257;0.0799138;-0.00591799
-0.231029;0.326536;0;-7.70724e-05;-1.14495;0.0812685;-0.00601832
-0.235114;0.323607;0;-7.96836e-05;-1.16447;0.082642;-0.00612004
-0.239162;0.320627;0;-8.22966e-05;-1.184;0.0840164;-0.00622182
-0.243172;0.317596;0;-8.49108e-05;-1.20355;0.0853915;-0.00632365
-0.247144;0.314515;0;-8.7526e-05;-1.22309;0.0867671;-0.00642552
-0.251077;0.311385;0;-9.01417e-05;-1.24265;0.0881429;-0.0065274
-0.25497;0.308205;0;-9.27574e-05;-1.2622;0.0895188;-0.00662929
-0.258822;0.304977;0;-9.53728e-05;-1.28175;0.0908945;-0.00673117
-0.262634;0.301701;0;-9.79875e-05;-1.3013;0.0922698;-0.00683302
-0.266405;0.298376;0;-0.000100601;-1.32083;0.0936446;-0.00693483
-0.270133;0.295005;0;-0.000103213;-1.34036;0.0950184;-0.00703657
-0.273819;0.291587;0;-0.000105823;-1.35987;0.0963913;-0.00713823
-0.277461;0.288124;0;-0.000108274;-1.37825;0.0976803;-0.00723369
-0.28106;0.284614;0;-0.000110607;-1.39577;0.0989075;-0.00732457
-0.284614;0.28106;0;-0.000112871;-1.41276;0.100099;-0.0074128
-0.288124;0.277461;0;-0.000115137;-1.42975;0.101291;-0.00750106
-0.291587;0.273819;0;-0.000117403;-1.44675;0.102483;-0.00758935
-0.295005;0.270133;0;-0.000119669;-1.46375;0.103675;-0.00767765
-0.298376;0.266405;0;-0.000121936;-1.48075;0.104868;-0.00776595
-0.301701;0.262634;0;-0.000124202;-1.49775;0.10606;-0.00785423
-0.304977;0.258822;0;-0.000126467;-1.51475;0.107251;-0.00794248
-0.308205;0.25497;0;-0.000128731;-1.53173;0.108443;-0.00803068
-0.311385;0.251077;0;-0.000130993;-1.5487;0.109633;-0.00811883
-0.314515;0.247144;0;-0.000133254;-1.56566;0.110822;-0.00820691
-0.317596;0.243172;0;-0.000135363;-1.58152;0.111932;-0.00828912
-0.320627;0.239162;0;-0.000137189;-1.59528;0.112893;-0.00836027
-0.323607;0.235114;0;-0.000139017;-1.60904;0.113855;-0.00843148
-0.326536;0.231029;0;-0.000140846;-1.62282;0.114817;-0.00850273
-0.329413;0.226908;0;-0.000142675;-1.6366;0.115779;-0.00857402
-0.332238;0.22275;0;-0.000144505;-1.65039;0.116742;-0.00864533
-0.335011;0.218558;0;-0.000146336;-1.66418;0.117705;-0.00871664
-0.337731;0.214331;0;-0.000148138;-1.67777;0.118653;-0.00878685
-0.340398;0.21007;0;-0.000149941;-1.69138;0.119602;-0.0088571
-0.343011;0.205776;0;-0.000151744;-1.70499;0.12055;-0.00892733
-0.345569;0.201449;0;-0.000153547;-1.7186;0.121498;-0.00899753
-0.348074;0.197091;0;-0.000155348;-1.73219;0.122446;-0.0090677
-0.350523;0.192701;0;-0.000157149;-1.74578;0.123393;-0.00913782
-0.352916;0.188282;0;-0.000158947;-1.75936;0.124339;-0.00920789
-0.355255;0.183832;0;-0.000160572;-1.77164;0.125193;-0.00927114
-0.357537;0.179353;0;-0.000161913;-1.78179;0.125899;-0.0093234
-0.359762;0.174846;0;-0.00016326;-1.79198;0.126607;-0.00937587
-0.361931;0.170312;0;-0.000164607;-1.80218;0.127316;-0.00942835
-0.364042;0.16575;0;-0.000165954;-1.81237;0.128025;-0.00948083
-0.366096;0.161163;0;-0.000167301;-1.82257;0.128733;-0.00953332
-0.368093;0.156549;0;-0.000168648;-1.83276;0.129442;-0.00958579
-0.370031;0.151912;0;-0.000169994;-1.84295;0.13015;-0.00963825
-0.371911;0.14725;0;-0.00017134;-1.85314;0.130858;-0.00969067
-0.373732;0.142565;0;-0.000172685;-1.86332;0.131566;-0.00974307
-0.375494;0.137857;0;-0.000174029;-1.87349;0.132273;-0.00979542
-0.377196;0.133128;0;-0.000175333;-1.88335;0.132958;-0.00984621
-0.378839;0.128377;0;-0.000176241;-1.89024;0.133437;-0.00988161
-0.380423;0.123607;0;-0.000177081;-1.89661;0.133879;-0.00991436
-0.381946;0.118817;0;-0.000177922;-1.90299;0.134321;-0.00994712
-0.383409;0.114008;0;-0.000178764;-1.90937;0.134764;-0.00997991
-0.384811;0.109181;0;-0.000179605;-1.91575;0.135207;-0.0100127
-0.386153;0.104337;0;-0.000180447;-1.92214;0.13565;-0.0100455
-0.387433;0.099476;0;-0.000181289;-1.92853;0.136093;-0.0100783
-0.388653;0.0945996;0;-0.000182131;-1.93491;0.136536;-0.0101111
-0.389811;0.0897083;0;-0.000182972;-1.94129;0.136978;-0.0101439
-0.390907;0.0848028;0;-0.000183813;-1.94767;0.137421;-0.0101767
-0.391942;0.079884;0;-0.000184654;-1.95405;0.137863;-0.0102094
-0.392915;0.0749525;0;-0.000185494;-1.96042;0.138305;-0.0102422
-0.393826;0.0700092;0;-0.000186333;-1.96679;0.138747;-0.0102749
-0.394674;0.0650549;0;-0.000187165;-1.9731;0.139184;-0.0103073
-0.395461;0.0600902;0;-0.000187495;-1.9756;0.139358;-0.0103201
-0.396185;0.0551161;0;-0.000187772;-1.97771;0.139504;-0.0103309
-0.396846;0.0501333;0;-0.00018805;-1.97981;0.13965;-0.0103418
-0.397445;0.0451426;0;-0.000188328;-1.98192;0.139797;-0.0103526
-0.39798;0.0401447;0;-0.000188605;-1.98402;0.139943;-0.0103634
-0.398453;0.0351405;0;-0.000188876;-1.98608;0.140085;-0.010374
-0.398864;0.0301307;0;-0.000189139;-1.98808;0.140223;-0.0103842
-0.399211;0.0251162;0;-0.0001894;-1.99007;0.140361;-0.0103944
-0.399495;0.0200977;0;-0.00018966;-1.99206;0.140497;-0.0104045
-0.399716;0.0150761;0;-0.00018992;-1.99404;0.140634;-0.0104146
-0.399874;0.010052;0;-0.00019018;-1.99603;0.140771;-0.0104248
-0.399968;0.00502642;0;-0.000190439;-1.99801;0.140907;-0.0104349
-0.4;4.89859e-17;0;-0.000190698;-1.99998;0.141043;-0.0104449
-0.399968;-0.00502642;0;-0.000190518;-1.99861;0.140949;-0.0104379
-0.399874;-0.010052;0;-0.000190245;-1.99653;0.140805;-0.0104273
-0.399716;-0.0150761;0;-0.000189971;-1.99445;0.140662;-0.0104167
-0.399495;-0.0200977;0;-0.000189697;-1.99236;0.140518;-0.010406
-0.399211;-0.0251162;0;-0.000189423;-1.99027;0.140373;-0.0103953
-0.398864;-0.0301307;0;-0.000189148;-1.98817;0.140229;-0.0103846
-0.398453;-0.0351405;0;-0.000188874;-1.98608;0.140085;-0.0103739
-0.39798;-0.0401447;0;-0.000188599;-1.98399;0.13994;-0.0103632
-0.397445;-0.0451426;0;-0.000188323;-1.98189;0.139796;-0.0103525
-0.396846;-0.0501333;0;-0.000188048;-1.97979;0.139651;-0.0103418
-0.396185;-0.0551161;0;-0.000187773;-1.9777;0.139506;-0.0103311
-0.395461;-0.0600902;0;-0.000187498;-1.9756;0.139362;-0.0103204
-0.394674;-0.0650549;0;-0.000187221;-1.9735;0.139217;-0.0103097
-0.393826;-0.0700092;0;-0.00018641;-1.96735;0.13879;-0.010278
-0.392915;-0.0749525;0;-0.000185578;-1.96105;0.138352;-0.0102456
-0.391942;-0.079884;0;-0.000184745;-1.95474;0.137914;-0.0102132
-0.390907;-0.0848028;0;-0.000183912;-1.94843;0.137476;-0.0101807
-0.389811;-0.0897083;0;-0.000183078;-1.94211;0.137037;-0.0101482
-0.388653;-0.0945996;0;-0.000182244;-1.93579;0.136598;-0.0101157
-0.387433;-0.099476;0;-0.000181409;-1.92947;0.136159;-0.0100832
-0.386153;-0.104337;0;-0.000180575;-1.92315;0.13572;-0.0100507
-0.384811;-0.109181;0;-0.00017974;-1.91682;0.135281;-0.0100182
-0.383409;-0.114008;0;-0.000178905;-1.9105;0.134842;-0.00998567
-0.381946;-0.118817;0;-0.000178071;-1.90418;0.134403;-0.00995316
-0.380423;-0.123607;0;-0.000177237;-1.89787;0.133964;-0.00992068
-0.378839;-0.128377;0;-0.000176362;-1.89123;0.133504;-0.00988658
-0.377196;-0.133128;0;-0.000175116;-1.88176;0.132849;-0.00983807
-0.375494;-0.137857;0;-0.000173868;-1.87227;0.132193;-0.00978952
-0.373732;-0.142565;0;-0.000172621;-1.86278;0.131537;-0.00974095
-0.371911;-0.14725;0;-0.000171251;-1.85246;0.130816;-0.00968758
-0.370031;-0.151912;0;-0.000169865;-1.84202;0.130087;-0.00963355
-0.368093;-0.156549;0;-0.000168478;-1.83157;0.129357;-0.00957948
-0.366096;-0.161163;0;-0.00016709;-1.82111;0.128626;-0.00952539
-0.364042;-0.16575;0;-0.000165702;-1.81066;0.127896;-0.00947129
-0.361931;-0.170312;0;-0.000164314;-1.8002;0.127165;-0.00941719
-0.359762;-0.174846;0;-0.000162926;-1.78974;0.126435;-0.00936309
-0.357537;-0.179353;0;-0.000161539;-1.77929;0.125704;-0.009309
-0.355255;-0.183832;0;-0.000159981;-1.7675;0.124886;-0.00924838
-0.352916;-0.188282;0;-0.000158387;-1.75543;0.124048;-0.00918634
-0.350523;-0.192701;0;-0.000156722;-1.74283;0.123172;-0.0091215
-0.348074;-0.197091;0;-0.000154958;-1.7295;0.122245;-0.00905286
-0.345569;-0.201449;0;-0.000153195;-1.71616;0.121318;-0.00898419
-0.343011;-0.205776;0;-0.00015143;-1.70282;0.12039;-0.00891549
-0.340398;-0.21007;0;-0.000149665;-1.68947;0.119463;-0.00884678
-0.337731;-0.214331;0;-0.0001479;-1.67612;0.118535;-0.00877807
-0.335011;-0.218558;0;-0.000146136;-1.66278;0.117607;-0.00870937
-0.332238;-0.22275;0;-0.000144372;-1.64944;0.11668;-0.00864069
-0.329413;-0.226908;0;-0.000142609;-1.63611;0.115753;-0.00857204
-0.326536;-0.231029;0;-0.00014079;-1.62242;0.114796;-0.00850118
-0.323607;-0.235114;0;-0.000138947;-1.60856;0.113826;-0.00842934
-0.320627;-0.239162;0;-0.000137104;-1.5947;0.112856;-0.00835754
-0.317596;-0.243172;0;-0.000135258;-1.58081;0.111885;-0.00828558
-0.314515;-0.247144;0;-0.000133128;-1.5648;0.110764;-0.00820259
-0.311385;-0.251077;0;-0.000130863;-1.54781;0.109572;-0.00811434
-0.308205;-0.25497;0;-0.000128596;-1.53081;0.108379;-0.00802601
-0.304977;-0.258822;0;-0.000126327;-1.5138;0.107186;-0.00793763
-0.301701;-0.262634;0;-0.000124057;-1.49677;0.105992;-0.0078492
-0.298376;-0.266405;0;-0.000121786;-1.47974;0.104797;-0.00776074
-0.295005;-0.270133;0;-0.000119515;-1.46271;0.103602;-0.00767226
-0.291587;-0.273819;0;-0.000117244;-1.44568;0.102408;-0.00758378
-0.288124;-0.277461;0;-0.000114973;-1.42864;0.101213;-0.0074953
-0.284614;-0.28106;0;-0.000112703;-1.41162;0.100019;-0.00740686
-0.28106;-0.284614;0;-0.000110433;-1.3946;0.0988248;-0.00731845
-0.277461;-0.288124;0;-0.000108062;-1.37679;0.0975776;-0.00722609
-0.273819;-0.291587;0;-0.000105637;-1.35858;0.0963027;-0.00713168
-0.270133;-0.295005;0;-0.000103098;-1.33958;0.0949673;-0.00703278
-0.266405;-0.298376;0;-0.0001005;-1.32015;0.0936012;-0.00693161
-0.262634;-0.301701;0;-9.79014e-05;-1.30072;0.0922344;-0.00683039
-0.258822;-0.304977;0;-9.53015e-05;-1.28127;0.0908671;-0.00672914
-0.25497;-0.308205;0;-9.27013e-05;-1.26182;0.0894996;-0.00662787
-0.251077;-0.311385;0;-9.01009e-05;-1.24238;0.088132;-0.0065266
-0.247144;-0.314515;0;-8.75009e-05;-1.22293;0.0867647;-0.00642534
-0.243172;-0.317596;0;-8.49016e-05;-1.20349;0.0853977;-0.00632411
-0.239162;-0.320627;0;-8.23035e-05;-1.18406;0.0840314;-0.00622292
-0.235114;-0.323607;0;-7.9707e-05;-1.16464;0.0826658;-0.0061218
-0.231029;-0.326536;0;-7.71125e-05;-1.14523;0.0813013;-0.00602075
-0.226908;-0.329413;0;-7.44546e-05;-1.12538;0.0799031;-0.00591721
-0.22275;-0.332238;0;-7.16307e-05;-1.10433;0.0784172;-0.00580717
-0.218558;-0.335011;0;-6.87483e-05;-1.08287;0.0769012;-0.0056949
-0.214331;-0.337731;0;-6.58379e-05;-1.06119;0.0753704;-0.00558154
-0.21007;-0.340398;0;-6.2926e-05;-1.03951;0.073839;-0.00546813
-0.205776;-0.343011;0;-6.00131e-05;-1.01782;0.0723069;-0.00535467
-0.201449;-0.345569;0;-5.70997e-05;-0.99613;0.0707746;-0.0052412
-0.197091;-0.348074;0;-5.41861e-05;-0.974436;0.0692422;-0.00512772
-0.192701;-0.350523;0;-5.12729e-05;-0.952745;0.06771;-0.00501425
-0.188282;-0.352916;0;-4.83605e-05;-0.93106;0.0661783;-0.00490082
-0.183832;-0.355255;0;-4.54494e-05;-0.909384;0.0646472;-0.00478743
-0.179353;-0.357537;0;-4.254e-05;-0.887721;0.063117;-0.00467411
-0.174846;-0.359762;0;-3.96328e-05;-0.866075;0.061588;-0.00456088
-0.170312;-0.361931;0;-3.66196e-05;-0.84366;0.0600028;-0.0044435
-0.16575;-0.364042;0;-3.35067e-05;-0.820561;0.0583655;-0.00432224
-0.161163;-0.366096;0;-3.03619e-05;-0.79723;0.0567114;-0.00419975
-0.156549;-0.368093;0;-2.72151e-05;-0.773884;0.0550562;-0.00407718
-0.151912;-0.370031;0;-2.40667e-05;-0.750526;0.0534002;-0.00395454
-0.14725;-0.371911;0;-2.09172e-05;-0.727161;0.0517437;-0.00383187
-0.142565;-0.373732;0;-1.77673e-05;-0.703792;0.0500869;-0.00370917
-0.137857;-0.375494;0;-1.46173e-05;-0.680423;0.0484301;-0.00358648
-0.133128;-0.377196;0;-1.14677e-05;-0.657057;0.0467735;-0.0034638
-0.128377;-0.378839;0;-8.31908e-06;-0.633698;0.0451174;-0.00334116
-0.123607;-0.380423;0;-5.17191e-06;-0.61035;0.0434621;-0.00321857
-0.118817;-0.381946;0;-2.02668e-06;-0.587016;0.0418077;-0.00309606
-0.114008;-0.383409;0;1.1161e-06;-0.5637;0.0401547;-0.00297365
-0.109181;-0.384811;0;4.25274e-06;-0.540431;0.0385049;-0.00285147
-0.104337;-0.386153;0;7.53836e-06;-0.516108;0.0367765;-0.00272348
-0.099476;-0.387433;0;1.08314e-05;-0.491736;0.0350444;-0.0025952
-0.0945996;-0.388653;0;1.41263e-05;-0.467351;0.0333113;-0.00246686
-0.0897083;-0.389811;0;1.74225e-05;-0.442956;0.0315775;-0.00233846
-0.0848028;-0.390907;0;2.07172e-05;-0.418574;0.0298445;-0.00221013
-0.079884;-0.391942;0;2.40179e-05;-0.394149;0.0281083;-0.00208156
-0.0749525;-0.392915;0;2.73207e-05;-0.369709;0.026371;-0.0019529
-0.0700092;-0.393826;0;3.0623e-05;-0.345272;0.024634;-0.00182426
-0.0650549;-0.394674;0;3.39243e-05;-0.320842;0.0228974;-0.00169566
-0.0600902;-0.395461;0;3.72241e-05;-0.296424;0.0211617;-0.00156712
-0.0551161;-0.396185;0;4.05219e-05;-0.27202;0.019427;-0.00143866
-0.0501333;-0.396846;0;4.38509e-05;-0.247395;0.0176762;-0.00130901
-0.0451426;-0.397445;0;4.72095e-05;-0.222568;0.0159096;-0.00117818
-0.0401447;-0.39798;0;5.05699e-05;-0.197726;0.014142;-0.00104728
-0.0351405;-0.398453;0;5.39316e-05;-0.172874;0.0123737;-0.000916329
-0.0301307;-0.398864;0;5.72887e-05;-0.148055;0.0106078;-0.000785556
-0.0251162;-0.399211;0;6.06537e-05;-0.123179;0.00883774;-0.000654477
-0.0200977;-0.399495;0;6.40189e-05;-0.0983018;0.00706759;-0.000523389
-0.0150761;-0.399716;0;6.73838e-05;-0.0734266;0.0052976;-0.000392313
-0.010052;-0.399874;0;7.07478e-05;-0.0485576;0.00352806;-0.000261269
-0.00502642;-0.399968;0;7.41105e-05;-0.0236988;0.00175923;-0.000130279
-7.34788e-17;-0.4;0;7.74713e-05;0.00114597;-8.59414e-06;6.36437e-07
0.00502642;-0.399968;0;8.08058e-05;0.0257972;-0.00176255;0.000130525
0.010052;-0.399874;0;8.4154e-05;0.050551;-0.00352358;0.000260938
0.0150761;-0.399716;0;8.75049e-05;0.0753255;-0.00528607;0.000391459
0.0200977;-0.399495;0;9.08581e-05;0.100117;-0.00704976;0.000522068
0.0251162;-0.399211;0;9.4213e-05;0.124921;-0.00881435;0.000652745
0.0301307;-0.398864;0;9.75691e-05;0.149733;-0.0105796;0.000783468
0.0351405;-0.398453;0;0.000100926;0.174551;-0.0123452;0.000914217
0.0401447;-0.39798;0;0.000104283;0.19937;-0.0141108;0.00104497
0.0451426;-0.397445;0;0.000107639;0.224185;-0.0158763;0.00117571
0.0501333;-0.396846;0;0.000110995;0.248994;-0.0176412;0.00130642
0.0551161;-0.396185;0;0.000114332;0.273701;-0.0193968;0.00143643
0.0600902;-0.395461;0;0.000117681;0.298493;-0.0211586;0.00156689
0.0650549;-0.394674;0;0.000120941;0.322616;-0.022874;0.00169393
0.0700092;-0.393826;0;0.000124254;0.34712;-0.0246166;0.00182298
0.0749525;-0.392915;0;0.000127566;0.371628;-0.0263595;0.00195204
0.079884;-0.391942;0;0.000130879;0.396133;-0.0281022;0.0020811
0.0848028;-0.390907;0;0.000134119;0.420122;-0.0298068;0.00220734
0.0897083;-0.389811;0;0.000137386;0.444319;-0.031525;0.00233457
0.0945996;-0.388653;0;0.000140654;0.468524;-0.0332436;0.00246184
0.099476;-0.387433;0;0.000143922;0.492731;-0.0349623;0.00258913
0.104337;-0.386153;0;0.00014719;0.516936;-0.036681;0.0027164
0.109181;-0.384811;0;0.000150458;0.541137;-0.0383994;0.00284366
0.114008;-0.383409;0;0.000153724;0.565329;-0.0401171;0.00297086
0.118817;-0.381946;0;0.000156843;0.588453;-0.0417579;0.00309237
0.123607;-0.380423;0;0.000159998;0.61185;-0.0434175;0.00321527
0.128377;-0.378839;0;0.000163154;0.63526;-0.0450781;0.00333825
0.133128;-0.377196;0;0.000166312;0.658678;-0.0467392;0.00346126
0.137857;-0.375494;0;0.00016947;0.682101;-0.0484007;0.0035843
0.142565;-0.373732;0;0.000172629;0.705526;-0.0500623;0.00370735
0.14725;-0.371911;0;0.000175787;0.728948;-0.0517237;0.00383039
0.151912;-0.370031;0;0.000178944;0.752363;-0.0533847;0.00395339
0.156549;-0.368093;0;0.0001821;0.775769;-0.0550449;0.00407634
0.161163;-0.366096;0;0.000185254;0.799162;-0.0567042;0.00419922
0.16575;-0.364042;0;0.000188406;0.822537;-0.0583623;0.00432201
0.170312;-0.361931;0;0.000191503;0.845527;-0.0599911;0.00444263
0.174846;-0.359762;0;0.000194514;0.86791;-0.0615742;0.00455987
0.179353;-0.357537;0;0.000197434;0.889643;-0.0631103;0.00467362
0.183832;-0.355255;0;0.000200356;0.911391;-0.0646473;0.00478744
0.188282;-0.352916;0;0.000203279;0.93315;-0.0661852;0.00490133
0.192701;-0.350523;0;0.000206204;0.954916;-0.0677235;0.00501525
0.197091;-0.348074;0;0.000209129;0.976686;-0.0692622;0.00512919
0.201449;-0.345569;0;0.000212053;0.998458;-0.0708008;0.00524314
0.205776;-0.343011;0;0.000214978;1.02023;-0.0723393;0.00535707
0.21007;-0.340398;0;0.000217902;1.04199;-0.0738774;0.00547097
0.214331;-0.337731;0;0.000220824;1.06374;-0.0754147;0.00558482
0.218558;-0.335011;0;0.000223745;1.08548;-0.0769512;0.0056986
0.22275;-0.332238;0;0.000226664;1.1072;-0.0784864;0.00581229
0.226908;-0.329413;0;0.000229463;1.12807;-0.0799582;0.00592129
0.231029;-0.326536;0;0.00023207;1.14756;-0.0813299;0.00602287
0.235114;-0.323607;0;0.00023468;1.16707;-0.0827027;0.00612453
0.239162;-0.320627;0;0.000237291;1.18659;-0.0840764;0.00622626
0.243172;-0.317596;0;0.000239904;1.20612;-0.0854509;0.00632804
0.247144;-0.314515;0;0.000242518;1.22566;-0.0868258;0.00642986
0.251077;-0.311385;0;0.000245132;1.2452;-0.088201;0.0065317
0.25497;-0.308205;0;0.000247746;1.26474;-0.0895762;0.00663354
0.258822;-0.304977;0;0.00025036;1.28428;-0.0909513;0.00673537
0.262634;-0.301701;0;0.000252973;1.30382;-0.0923259;0.00683717
0.266405;-0.298376;0;0.000255585;1.32334;-0.0937;0.00693893
0.270133;-0.295005;0;0.000258196;1.34286;-0.0950732;0.00704062
0.273819;-0.291587;0;0.000260804;1.36236;-0.0964454;0.00714224
0.277461;-0.288124;0;0.000263365;1.38151;-0.0977921;0.00724197
0.28106;-0.284614;0;0.000265666;1.39877;-0.0990023;0.00733159
0.284614;-0.28106;0;0.000267912;1.41563;-0.100184;0.00741908
0.288124;-0.277461;0;0.000270158;1.4325;-0.101366;0.00750662
0.291587;-0.273819;0;0.000272406;1.44938;-0.102548;0.00759419
0.295005;-0.270133;0;0.000274655;1.46626;-0.103731;0.00768178
0.298376;-0.266405;0;0.000276903;1.48314;-0.104914;0.00776937
0.301701;-0.262634;0;0.000279151;1.50002;-0.106096;0.00785695
0.304977;-0.258822;0;0.000281399;1.5169;-0.107279;0.00794451
0.308205;-0.25497;0;0.000283645;1.53376;-0.108461;0.00803203
0.311385;-0.251077;0;0.000285891;1.55062;-0.109642;0.0081195
0.314515;-0.247144;0;0.000288134;1.56747;-0.110822;0.0082069
0.317596;-0.243172;0;0.000290303;1.58376;-0.111963;0.00829136
0.320627;-0.239162;0;0.000292117;1.59744;-0.112917;0.00836205
0.323607;-0.235114;0;0.000293933;1.61113;-0.113872;0.00843279
0.326536;-0.231029;0;0.00029575;1.62483;-0.114828;0.00850359
0.329413;-0.226908;0;0.000297568;1.63854;-0.115785;0.00857442
0.332238;-0.22275;0;0.000299387;1.65226;-0.116742;0.00864527
0.335011;-0.218558;0;0.000301206;1.66598;-0.117699;0.00871614
0.337731;-0.214331;0;0.000303025;1.67969;-0.118656;0.00878701
0.340398;-0.21007;0;0.000304844;1.69341;-0.119613;0.00885788
0.343011;-0.205776;0;0.000306663;1.70712;-0.120569;0.00892872
0.345569;-0.201449;0;0.000308481;1.72083;-0.121525;0.00899954
0.348074;-0.197091;0;0.000310297;1.73453;-0.122481;0.00907031
0.350523;-0.192701;0;0.000312113;1.74822;-0.123436;0.00914103
0.352916;-0.188282;0;0.000313926;1.76189;-0.12439;0.00921168
0.355255;-0.183832;0;0.000315506;1.77382;-0.125221;0.00927322
0.357537;-0.179353;0;0.000316854;1.78401;-0.125931;0.00932575
0.359762;-0.174846;0;0.000318203;1.7942;-0.12664;0.00937831
0.361931;-0.170312;0;0.000319493;1.80399;-0.127319;0.00942856
0.364042;-0.16575;0;0.000320775;1.81372;-0.127993;0.00947845
0.366096;-0.161163;0;0.000322057;1.82345;-0.128667;0.00952837
0.368093;-0.156549;0;0.000323339;1.83318;-0.129341;0.00957829
0.370031;-0.151912;0;0.000324621;1.84292;-0.130015;0.0096282
0.371911;-0.14725;0;0.000325903;1.85265;-0.130689;0.00967811
0.373732;-0.142565;0;0.000327184;1.86238;-0.131362;0.009728
0.375494;-0.137857;0;0.000328464;1.8721;-0.132036;0.00977786
0.377196;-0.133128;0;0.000329744;1.88182;-0.132708;0.00982769
0.378839;-0.128377;0;0.000331016;1.89147;-0.133378;0.00987726
0.380423;-0.123607;0;0.000332162;1.90012;-0.133981;0.00992192
0.381946;-0.118817;0;0.000332989;1.90635;-0.134416;0.00995418
0.383409;-0.114008;0;0.000333816;1.91259;-0.134852;0.00998645
0.384811;-0.109181;0;0.000334644;1.91882;-0.135288;0.0100187
0.386153;-0.104337;0;0.000335429;1.92477;-0.135702;0.0100494
0.387433;-0.099476;0;0.000336139;1.9302;-0.136075;0.010077
0.388653;-0.0945996;0;0.00033685;1.93564;-0.136448;0.0101047
0.389811;-0.0897083;0;0.00033756;1.94108;-0.136822;0.0101323
0.390907;-0.0848028;0;0.000338271;1.94652;-0.137195;0.0101599
0.391942;-0.079884;0;0.000338981;1.95196;-0.137568;0.0101876
0.392915;-0.0749525;0;0.000339691;1.95739;-0.137941;0.0102152
0.393826;-0.0700092;0;0.000340401;1.96283;-0.138314;0.0102428
0.394674;-0.0650549;0;0.00034111;1.96826;-0.138687;0.0102704
0.395461;-0.0600902;0;0.000341819;1.97368;-0.139059;0.010298
0.396185;-0.0551161;0;0.000342248;1.97693;-0.139285;0.0103147
0.396846;-0.0501333;0;0.000342567;1.97932;-0.139453;0.0103272
0.397445;-0.0451426;0;0.000342886;1.98171;-0.139622;0.0103396
0.39798;-0.0401447;0;0.000343113;1.98344;-0.13974;0.0103484
0.398453;-0.0351405;0;0.000343261;1.98465;-0.139818;0.0103542
0.398864;-0.0301307;0;0.00034341;1.98585;-0.139895;0.0103599
0.399211;-0.0251162;0;0.000343559;1.98706;-0.139973;0.0103657
0.399495;-0.0200977;0;0.000343708;1.98826;-0.14005;0.0103714
0.399716;-0.0150761;0;0.000343856;1.98947;-0.140128;0.0103771
0.399874;-0.010052;0;0.000344005;1.99068;-0.140206;0.0103829
0.399968;-0.00502642;0;0.000344154;1.99188;-0.140283;0.0103886
