0.4;0;0;0.000267752;2.0005;-0.140359;0.0103943
0.399968;0.00502642;0;0.000267598;1.99929;-0.140279;0.0103883
0.399874;0.010052;0;0.00026744;1.99807;-0.140196;0.0103822
0.399716;0.0150761;0;0.000267283;1.99684;-0.140114;0.0103761
0.399495;0.0200977;0;0.000267125;1.99562;-0.140032;0.01037
0.399211;0.0251162;0;0.000266968;1.99439;-0.13995;0.0103639
0.398864;0.0301307;0;0.00026681;1.99316;-0.139867;0.0103578
0.398453;0.0351405;0;0.000266653;1.99194;-0.139785;0.0103518
0.39798;0.0401447;0;0.000266496;1.99071;-0.139703;0.0103457
0.397445;0.0451426;0;0.000266207;1.98853;-0.139552;0.0103345
0.396846;0.0501333;0;0.000265851;1.98583;-0.139365;0.0103206
0.396185;0.0551161;0;0.000265494;1.98313;-0.139178;0.0103068
0.395461;0.0600902;0;0.000265137;1.98043;-0.138991;0.0102929
0.394674;0.0650549;0;0.000264497;1.97555;-0.138655;0.0102681
0.393826;0.0700092;0;0.000263797;1.97021;-0.138289;0.0102409
0.392915;0.0749525;0;0.000263096;1.96487;-0.137921;0.0102137
0.391942;0.079884;0;0.000262396;1.95952;-0.137554;0.0101866
0.390907;0.0848028;0;0.000261694;1.95417;-0.137187;0.0101594
0.389811;0.0897083;0;0.000260993;1.94883;-0.13682;0.0101321
0.388653;0.0945996;0;0.000260292;1.94348;-0.136452;0.0101049
0.387433;0.099476;0;0.000259591;1.93813;-0.136085;0.0100777
0.386153;0.104337;0;0.000258852;1.9325;-0.135698;0.0100491
0.384811;0.109181;0;0.000257989;1.92594;-0.135245;0.0100156
0.383409;0.114008;0;0.000257126;1.91938;-0.134793;0.00998205
0.381946;0.118817;0;0.000256263;1.91282;-0.134341;0.00994855
0.380423;0.123607;0;0.000255401;1.90627;-0.133888;0.00991507
0.378839;0.128377;0;0.000254279;1.89775;-0.1333;0.0098715
0.377196;0.133128;0;0.000252988;1.88795;-0.132623;0.0098214
0.375494;0.137857;0;0.000251703;1.8782;-0.13195;0.00977152
0.373732;0.142565;0;0.000250418;1.86846;-0.131276;0.00972165
0.371911;0.14725;0;0.000249132;1.85871;-0.130603;0.00967174
0.370031;0.151912;0;0.000247846;1.84895;-0.129929;0.00962182
0.368093;0.156549;0;0.00024656;1.8392;-0.129254;0.0095719
0.366096;0.161163;0;0.000245273;1.82944;-0.12858;0.00952197
0.364042;0.16575;0;0.000243987;1.81969;-0.127906;0.00947204
0.361931;0.170312;0;0.000242701;1.80994;-0.127232;0.00942214
0.359762;0.174846;0;0.000241416;1.80019;-0.126558;0.00937225
0.357537;0.179353;0;0.000240132;1.79045;-0.125885;0.0093224
0.355255;0.183832;0;0.000238848;1.78072;-0.125212;0.00927258
0.352916;0.188282;0;0.000237296;1.76897;-0.124399;0.00921231
0.350523;0.192701;0;0.000235478;1.75525;-0.123446;0.00914176
0.348074;0.197091;0;0.000233659;1.74152;-0.122492;0.00907114
0.345569;0.201449;0;0.000231838;1.72777;-0.121538;0.00900047
0.343011;0.205776;0;0.000230017;1.71402;-0.120583;0.00892976
0.340398;0.21007;0;0.000228194;1.70026;-0.119628;0.00885902
0.337731;0.214331;0;0.000226372;1.6865;-0.118672;0.00878826
0.335011;0.218558;0;0.000224548;1.67274;-0.117717;0.00871749
0.332238;0.22275;0;0.000222725;1.65898;-0.116761;0.00864672
0.329413;0.226908;0;0.000220903;1.64522;-0.115806;0.00857597
0.326536;0.231029;0;0.000219081;1.63146;-0.114851;0.00850524
0.323607;0.235114;0;0.000217257;1.6177;-0.113895;0.00843446
0.320627;0.239162;0;0.000215429;1.6039;-0.112936;0.00836348
0.317596;0.243172;0;0.000213602;1.5901;-0.111979;0.00829255
0.314515;0.247144;0;0.000211512;1.57438;-0.110883;0.00821144
0.311385;0.251077;0;0.000209264;1.55748;-0.109705;0.00812417
0.308205;0.25497;0;0.000207014;1.54057;-0.108526;0.00803684
0.304977;0.258822;0;0.000204762;1.52364;-0.107345;0.0079494
0.301701;0.262634;0;0.000202506;1.50668;-0.106163;0.00786184
0.298376;0.266405;0;0.000200249;1.48971;-0.104979;0.0077742
0.295005;0.270133;0;0.000197988;1.47272;-0.103794;0.00768645
0.291587;0.273819;0;0.000195728;1.45573;-0.102609;0.0075987
0.288124;0.277461;0;0.000193467;1.43874;-0.101424;0.00751096
0.284614;0.28106;0;0.000191208;1.42176;-0.10024;0.00742326
0.28106;0.284614;0;0.00018895;1.40479;-0.0990564;0.0073356
0.277461;0.288124;0;0.000186657;1.38756;-0.0978542;0.00724657
0.273819;0.291587;0;0.000184042;1.368;-0.096484;0.0071451
0.270133;0.295005;0;0.000181426;1.34842;-0.0951124;0.00704353
0.266405;0.298376;0;0.000178807;1.32882;-0.0937398;0.00694188
0.262634;0.301701;0;0.000176187;1.30922;-0.0923665;0.00684018
0.258822;0.304977;0;0.000173566;1.2896;-0.0909925;0.00673842
0.25497;0.308205;0;0.000170944;1.26998;-0.0896181;0.00663665
0.251077;0.311385;0;0.000168321;1.25035;-0.088243;0.00653481
0.247144;0.314515;0;0.000165697;1.23072;-0.0868677;0.00643296
0.243172;0.317596;0;0.000163071;1.21107;-0.0854912;0.00633103
0.239162;0.320627;0;0.000160446;1.19143;-0.0841153;0.00622914
0.235114;0.323607;0;0.000157822;1.1718;-0.08274;0.00612729
0.231029;0.326536;0;0.0001552;1.15218;-0.0813655;0.0060255
0.226908;0.329413;0;0.00015258;1.13257;-0.0799922;0.0059238
0.22275;0.332238;0;0.000149799;1.11181;-0.078534;0.00581581
0.218558;0.335011;0;0.000146869;1.08998;-0.0769981;0.00570208
0.214331;0.337731;0;0.000143936;1.06813;-0.0754611;0.00558825
0.21007;0.340398;0;0.000141002;1.04627;-0.0739231;0.00547436
0.205776;0.343011;0;0.000138067;1.0244;-0.0723844;0.00536041
0.201449;0.345569;0;0.00013513;1.00252;-0.0708453;0.00524643
0.197091;0.348074;0;0.000132194;0.980637;-0.0693059;0.00513243
0.192701;0.350523;0;0.000129257;0.958756;-0.0677666;0.00501844
0.188282;0.352916;0;0.000126321;0.936878;-0.0662275;0.00490446
0.183832;0.355255;0;0.000123386;0.915008;-0.0646889;0.00479052
0.179353;0.357537;0;0.000120452;0.893149;-0.0631511;0.00467664
0.174846;0.359762;0;0.00011752;0.871303;-0.0616143;0.00456283
0.170312;0.361931;0;0.00011455;0.849198;-0.0600577;0.00444756
0.16575;0.364042;0;0.000111383;0.825677;-0.0583972;0.00432459
0.161163;0.366096;0;0.000108199;0.802041;-0.0567286;0.00420102
0.156549;0.368093;0;0.000105013;0.778381;-0.0550583;0.00407733
0.151912;0.370031;0;0.000101824;0.754701;-0.0533865;0.00395353
0.14725;0.371911;0;9.86327e-05;0.731004;-0.0517137;0.00382964
0.142565;0.373732;0;9.54396e-05;0.707295;-0.0500399;0.00370569
0.137857;0.375494;0;9.22454e-05;0.683577;-0.0483654;0.00358169
0.133128;0.377196;0;8.90505e-05;0.659854;-0.0466906;0.00345766
0.128377;0.378839;0;8.58553e-05;0.636129;-0.0450158;0.00333363
0.123607;0.380423;0;8.26605e-05;0.612406;-0.043341;0.00320961
0.118817;0.381946;0;7.95439e-05;0.589287;-0.0417074;0.00308863
0.114008;0.383409;0;7.62726e-05;0.565045;-0.0399927;0.00296165
0.109181;0.384811;0;7.29999e-05;0.540793;-0.0382773;0.00283462
0.104337;0.386153;0;6.97263e-05;0.516534;-0.0365614;0.00270755
0.099476;0.387433;0;6.64522e-05;0.492272;-0.0348454;0.00258046
0.0945996;0.388653;0;6.31783e-05;0.468011;-0.0331293;0.00245338
0.0897083;0.389811;0;5.9905e-05;0.443755;-0.0314136;0.00232633
0.0848028;0.390907;0;5.66329e-05;0.419507;-0.0296985;0.00219932
0.079884;0.391942;0;5.33625e-05;0.395272;-0.0279843;0.00207237
0.0749525;0.392915;0;5.00942e-05;0.371053;-0.0262713;0.00194551
0.0700092;0.393826;0;4.68286e-05;0.346854;-0.0245596;0.00181876
0.0650549;0.394674;0;4.35663e-05;0.322678;-0.0228497;0.00169213
0.0600902;0.395461;0;4.03077e-05;0.298531;-0.0211417;0.00156564
0.0551161;0.396185;0;3.70533e-05;0.274415;-0.0194359;0.00143932
0.0501333;0.396846;0;3.3705e-05;0.249631;-0.0176808;0.00130935
0.0451426;0.397445;0;3.0339e-05;0.224725;-0.0159164;0.00117869
0.0401447;0.39798;0;2.69691e-05;0.199791;-0.0141501;0.00104788
0.0351405;0.398453;0;2.3596e-05;0.174832;-0.012382;0.000916944
0.0301307;0.398864;0;2.022e-05;0.149853;-0.0106124;0.0007859
0.0251162;0.399211;0;1.68418e-05;0.124856;-0.00884168;0.000654768
0.0200977;0.399495;0;1.34619e-05;0.0998477;-0.00707004;0.00052357
0.0150761;0.399716;0;1.00808e-05;0.0748301;-0.00529779;0.000392326
0.010052;0.399874;0;6.6991e-06;0.0498078;-0.00352519;0.000261057
0.00502642;0.399968;0;3.31725e-06;0.0247846;-0.00175254;0.000129784
2.44929e-17;0.4;0;-6.41857e-08;-0.000235513;1.98971e-05;-1.47348e-06
-0.00502642;0.399968;0;-3.44467e-06;-0.0252486;0.00179183;-0.000132694
-0.010052;0.399874;0;-6.82366e-06;-0.0502506;0.00356299;-0.000263856
-0.0150761;0.399716;0;-1.02006e-05;-0.0752377;0.00533308;-0.00039494
-0.0200977;0.399495;0;-1.3575e-05;-0.100206;0.00710184;-0.000525925
-0.0251162;0.399211;0;-1.69464e-05;-0.125151;0.00886897;-0.00065679
-0.0301307;0.398864;0;-2.03141e-05;-0.15007;0.0106342;-0.000787514
-0.0351405;0.398453;0;-2.36492e-05;-0.174761;0.0123824;-0.000916979
-0.0401447;0.39798;0;-2.69699e-05;-0.199361;0.0141232;-0.00104589
-0.0451426;0.397445;0;-3.02914e-05;-0.223956;0.0158641;-0.00117481
-0.0501333;0.396846;0;-3.36155e-05;-0.248571;0.0176065;-0.00130384
-0.0551161;0.396185;0;-3.69417e-05;-0.273202;0.01935;-0.00143296
-0.0600902;0.395461;0;-4.02696e-05;-0.297845;0.0210943;-0.00156214
-0.0650549;0.394674;0;-4.35986e-05;-0.322496;0.0228392;-0.00169135
-0.0700092;0.393826;0;-4.69281e-05;-0.347152;0.0245844;-0.00182059
-0.0749525;0.392915;0;-5.02577e-05;-0.371807;0.0263297;-0.00194984
-0.079884;0.391942;0;-5.35868e-05;-0.396459;0.0280746;-0.00207906
-0.0848028;0.390907;0;-5.69148e-05;-0.421104;0.0298191;-0.00220825
-0.0897083;0.389811;0;-6.02414e-05;-0.445737;0.0315627;-0.00233737
-0.0945996;0.388653;0;-6.35659e-05;-0.470355;0.0333053;-0.00246642
-0.099476;0.387433;0;-6.68878e-05;-0.494954;0.0350465;-0.00259536
-0.104337;0.386153;0;-7.01636e-05;-0.519235;0.0367636;-0.00272252
-0.109181;0.384811;0;-7.33575e-05;-0.542948;0.0384379;-0.00284651
-0.114008;0.383409;0;-7.65263e-05;-0.566475;0.0400989;-0.00296951
-0.118817;0.381946;0;-7.96975e-05;-0.590021;0.0417611;-0.00309261
-0.123607;0.380423;0;-8.28707e-05;-0.613581;0.0434244;-0.00321578
-0.128377;0.378839;0;-8.60453e-05;-0.637151;0.0450885;-0.00333901
-0.133128;0.377196;0;-8.92209e-05;-0.660729;0.046753;-0.00346228
-0.137857;0.375494;0;-9.2397e-05;-0.68431;0.0484178;-0.00358557
-0.142565;0.373732;0;-9.55729e-05;-0.707891;0.0500825;-0.00370885
-0.14725;0.371911;0;-9.87484e-05;-0.731468;0.051747;-0.00383211
-0.151912;0.370031;0;-0.000101909;-0.75494;0.0534039;-0.00395481
-0.156549;0.368093;0;-0.000105072;-0.77842;0.0550614;-0.00407756
-0.161163;0.366096;0;-0.000108232;-0.801886;0.0567181;-0.00420024
-0.16575;0.364042;0;-0.000111391;-0.825337;0.0583736;-0.00432284
-0.170312;0.361931;0;-0.000114547;-0.848767;0.0600277;-0.00444534
-0.174846;0.359762;0;-0.000117581;-0.871323;0.0616183;-0.00456313
-0.179353;0.357537;0;-0.000120496;-0.893044;0.0631459;-0.00467625
-0.183832;0.355255;0;-0.000123412;-0.914781;0.0646746;-0.00478947
-0.188282;0.352916;0;-0.000126331;-0.936532;0.0662043;-0.00490274
-0.192701;0.350523;0;-0.00012925;-0.958292;0.0677347;-0.00501608
-0.197091;0.348074;0;-0.000132171;-0.980058;0.0692655;-0.00512944
-0.201449;0.345569;0;-0.000135092;-1.00183;0.0707965;-0.00524281
-0.205776;0.343011;0;-0.000138012;-1.0236;0.0723274;-0.00535619
-0.21007;0.340398;0;-0.000140933;-1.04536;0.0738581;-0.00546954
-0.214331;0.337731;0;-0.000143852;-1.06712;0.0753882;-0.00558285
-0.218558;0.335011;0;-0.000146769;-1.08886;0.0769175;-0.00569611
-0.22275;0.332238;0;-0.000149649;-1.11032;0.0784266;-0.00580786
-0.226908;0.329413;0;-0.000152486;-1.13148;0.0799138;-0.00591799
-0.231029;0.326536;0;-0.000155071;-1.15082;0.0812685;-0.00601832
-0.235114;0.323607;0;-0.000157691;-1.17043;0.082642;-0.00612004
-0.239162;0.320627;0;-0.000160313;-1.19006;0.0840164;-0.00622182
-0.243172;0.317596;0;-0.000162937;-1.20969;0.0853915;-0.00632365
-0.247144;0.314515;0;-0.000165561;-1.22934;0.0867671;-0.00642552
-0.251077;0.311385;0;-0.000168186;-1.24898;0.0881429;-0.0065274
-0.25497;0.308205;0;-0.000170811;-1.26863;0.0895188;-0.00662929
-0.258822;0.304977;0;-0.000173435;-1.28827;0.0908945;-0.00673117
-0.262634;0.301701;0;-0.000176059;-1.30791;0.0922698;-0.00683302
-0.266405;0.298376;0;-0.000178682;-1.32754;0.0936446;-0.00693483
-0.270133;0.295005;0;-0.000181303;-1.34716;0.0950184;-0.00703657
-0.273819;0.291587;0;-0.000183922;-1.36676;0.0963913;-0.00713823
-0.277461;0.288124;0;-0.000186382;-1.38518;0.0976803;-0.00723369
-0.28106;0.284614;0;-0.000188723;-1.40275;0.0989075;-0.00732457
-0.284614;0.28106;0;-0.000190996;-1.41983;0.100099;-0.0074128
-0.288124;0.277461;0;-0.00019327;-1.43693;0.101291;-0.00750106
-0.291587;0.273819;0;-0.000195544;-1.45402;0.102483;-0.00758935
-0.295005;0.270133;0;-0.000197819;-1.47112;0.103675;-0.00767765
-0.298376;0.266405;0;-0.000200094;-1.48822;0.104868;-0.00776595
-0.301701;0.262634;0;-0.000202368;-1.50532;0.10606;-0.00785423
-0.304977;0.258822;0;-0.000204641;-1.52241;0.107251;-0.00794248
-0.308205;0.25497;0;-0.000206914;-1.53949;0.108443;-0.00803068
-0.311385;0.251077;0;-0.000209184;-1.55656;0.109633;-0.00811883
-0.314515;0.247144;0;-0.000211453;-1.57361;0.110822;-0.00820691
-0.317596;0.243172;0;-0.000213572;-1.58954;0.111932;-0.00828912
-0.320627;0.239162;0;-0.000215405;-1.60338;0.112893;-0.00836027
-0.323607;0.235114;0;-0.000217239;-1.61723;0.113855;-0.00843148
-0.326536;0.231029;0;-0.000219075;-1.63109;0.114817;-0.00850273
-0.329413;0.226908;0;-0.000220911;-1.64495;0.115779;-0.00857402
-0.332238;0.22275;0;-0.000222748;-1.65882;0.116742;-0.00864533
-0.335011;0.218558;0;-0.000224585;-1.67269;0.117705;-0.00871664
-0.337731;0.214331;0;-0.000226394;-1.68635;0.118653;-0.00878685
-0.340398;0.21007;0;-0.000228204;-1.70002;0.119602;-0.0088571
-0.343011;0.205776;0;-0.000230013;-1.71368;0.12055;-0.00892733
-0.345569;0.201449;0;-0.000231822;-1.72734;0.121498;-0.00899753
-0.348074;0.197091;0;-0.00023363;-1.74099;0.122446;-0.0090677
-0.350523;0.192701;0;-0.000235437;-1.75464;0.123393;-0.00913782
-0.352916;0.188282;0;-0.000237242;-1.76827;0.124339;-0.00920789
-0.355255;0.183832;0;-0.000238871;-1.7806;0.125193;-0.00927114
-0.357537;0.179353;0;-0.000240218;-1.7908;0.125899;-0.0093234
-0.359762;0.174846;0;-0.000241569;-1.80105;0.126607;-0.00937587
-0.361931;0.170312;0;-0.000242921;-1.81129;0.127316;-0.00942835
-0.364042;0.16575;0;-0.000244274;-1.82154;0.128025;-0.00948083
-0.366096;0.161163;0;-0.000245626;-1.83179;0.128733;-0.00953332
-0.368093;0.156549;0;-0.000246978;-1.84204;0.129442;-0.00958579
-0.370031;0.151912;0;-0.000248329;-1.85228;0.13015;-0.00963825
-0.371911;0.14725;0;-0.00024968;-1.86252;0.130858;-0.00969067
-0.373732;0.142565;0;-0.00025103;-1.87275;0.131566;-0.00974307
-0.375494;0.137857;0;-0.000252378;-1.88297;0.132273;-0.00979542
-0.377196;0.133128;0;-0.000253687;-1.89289;0.132958;-0.00984621
-0.378839;0.128377;0;-0.000254599;-1.89982;0.133437;-0.00988161
-0.380423;0.123607;0;-0.000255442;-1.90623;0.133879;-0.00991436
-0.381946;0.118817;0;-0.000256286;-1.91264;0.134321;-0.00994712
-0.383409;0.114008;0;-0.000257131;-1.91906;0.134764;-0.00997991
-0.384811;0.109181;0;-0.000257976;-1.92548;0.135207;-0.0100127
-0.386153;0.104337;0;-0.000258821;-1.93191;0.13565;-0.0100455
-0.387433;0.099476;0;-0.000259666;-1.93833;0.136093;-0.0100783
-0.388653;0.0945996;0;-0.000260511;-1.94475;0.136536;-0.0101111
-0.389811;0.0897083;0;-0.000261356;-1.95117;0.136978;-0.0101439
-0.390907;0.0848028;0;-0.0002622;-1.95759;0.137421;-0.0101767
-0.391942;0.079884;0;-0.000263044;-1.964;0.137863;-0.0102094
-0.392915;0.0749525;0;-0.000263887;-1.97041;0.138305;-0.0102422
-0.393826;0.0700092;0;-0.00026473;-1.97681;0.138747;-0.0102749
-0.394674;0.0650549;0;-0.000265565;-1.98316;0.139184;-0.0103073
-0.395461;0.0600902;0;-0.000265896;-1.98568;0.139358;-0.0103201
-0.396185;0.0551161;0;-0.000266175;-1.9878;0.139504;-0.0103309
-0.396846;0.0501333;0;-0.000266454;-1.98992;0.13965;-0.0103418
-0.397445;0.0451426;0;-0.000266733;-1.99204;0.139797;-0.0103526
-0.39798;0.0401447;0;-0.000267012;-1.99416;0.139943;-0.0103634
-0.398453;0.0351405;0;-0.000267284;-1.99624;0.140085;-0.010374
-0.398864;0.0301307;0;-0.000267547;-1.99825;0.140223;-0.0103842
-0.399211;0.0251162;0;-0.000267809;-2.00024;0.140361;-0.0103944
-0.399495;0.0200977;0;-0.00026807;-2.00224;0.140497;-0.0104045
-0.399716;0.0150761;0;-0.000268331;-2.00422;0.140634;-0.0104146
-0.399874;0.010052;0;-0.000268592;-2.00621;0.140771;-0.0104248
-0.399968;0.00502642;0;-0.000268852;-2.00819;0.140907;-0.0104349
-0.4;4.89859e-17;0;-0.000269112;-2.01017;0.141043;-0.0104449
-0.399968;-0.00502642;0;-0.000268932;-2.0088;0.140949;-0.0104379
-0.399874;-0.010052;0;-0.000268658;-2.00672;0.140805;-0.0104273
-0.399716;-0.0150761;0;-0.000268384;-2.00463;0.140662;-0.0104167
-0.399495;-0.0200977;0;-0.000268109;-2.00254;0.140518;-0.010406
-0.399211;-0.0251162;0;-0.000267834;-2.00044;0.140373;-0.0103953
-0.398864;-0.0301307;0;-0.000267559;-1.99835;0.140229;-0.0103846
-0.398453;-0.0351405;0;-0.000267284;-1.99625;0.140085;-0.0103739
-0.39798;-0.0401447;0;-0.000267008;-1.99415;0.13994;-0.0103632
-0.397445;-0.0451426;0;-0.000266732;-1.99205;0.139796;-0.0103525
-0.396846;-0.0501333;0;-0.000266456;-1.98995;0.139651;-0.0103418
-0.396185;-0.0551161;0;-0.00026618;-1.98784;0.139506;-0.0103311
-0.395461;-0.0600902;0;-0.000265905;-1.98574;0.139362;-0.0103204
-0.394674;-0.0650549;0;-0.000265628;-1.98363;0.139217;-0.0103097
-0.393826;-0.0700092;0;-0.000264813;-1.97745;0.13879;-0.010278
-0.392915;-0.0749525;0;-0.000263978;-1.9711;0.138352;-0.0102456
-0.391942;-0.079884;0;-0.000263143;-1.96475;0.137914;-0.0102132
-0.390907;-0.0848028;0;-0.000262306;-1.9584;0.137476;-0.0101807
-0.389811;-0.0897083;0;-0.00026147;-1.95204;0.137037;-0.0101482
-0.388653;-0.0945996;0;-0.000260632;-1.94568;0.136598;-0.0101157
-0.387433;-0.099476;0;-0.000259795;-1.93932;0.136159;-0.0100832
-0.386153;-0.104337;0;-0.000258957;-1.93295;0.13572;-0.0100507
-0.384811;-0.109181;0;-0.00025812;-1.92659;0.135281;-0.0100182
-0.383409;-0.114008;0;-0.000257282;-1.92022;0.134842;-0.00998567
-0.381946;-0.118817;0;-0.000256445;-1.91386;0.134403;-0.00995316
-0.380423;-0.123607;0;-0.000255608;-1.9075;0.133964;-0.00992068
-0.378839;-0.128377;0;-0.00025473;-1.90083;0.133504;-0.00988658
-0.377196;-0.133128;0;-0.00025348;-1.89135;0.132849;-0.00983807
-0.375494;-0.137857;0;-0.000252229;-1.88186;0.132193;-0.00978952
-0.373732;-0.142565;0;-0.000250977;-1.87237;0.131537;-0.00974095
-0.371911;-0.14725;0;-0.000249603;-1.86195;0.130816;-0.00968758
-0.370031;-0.151912;0;-0.000248211;-1.85141;0.130087;-0.00963355
-0.368093;-0.156549;0;-0.000246819;-1.84087;0.129357;-0.00957948
-0.366096;-0.161163;0;-0.000245426;-1.83032;0.128626;-0.00952539
-0.364042;-0.16575;0;-0.000244032;-1.81977;0.127896;-0.00947129
-0.361931;-0.170312;0;-0.000242639;-1.80921;0.127165;-0.00941719
-0.359762;-0.174846;0;-0.000241245;-1.79866;0.126435;-0.00936309
-0.357537;-0.179353;0;-0.000239852;-1.78811;0.125704;-0.009309
-0.355255;-0.183832;0;-0.000238291;-1.77628;0.124886;-0.00924838
-0.352916;-0.188282;0;-0.000236693;-1.76418;0.124048;-0.00918634
-0.350523;-0.192701;0;-0.000235022;-1.75155;0.123172;-0.0091215
-0.348074;-0.197091;0;-0.000233254;-1.73819;0.122245;-0.00905286
-0.345569;-0.201449;0;-0.000231484;-1.72482;0.121318;-0.00898419
-0.343011;-0.205776;0;-0.000229714;-1.71145;0.12039;-0.00891549
-0.340398;-0.21007;0;-0.000227944;-1.69808;0.119463;-0.00884678
-0.337731;-0.214331;0;-0.000226174;-1.6847;0.118535;-0.00877807
-0.335011;-0.218558;0;-0.000224404;-1.67133;0.117607;-0.00870937
-0.332238;-0.22275;0;-0.000222634;-1.65796;0.11668;-0.00864069
-0.329413;-0.226908;0;-0.000220865;-1.6446;0.115753;-0.00857204
-0.326536;-0.231029;0;-0.00021904;-1.63083;0.114796;-0.00850118
-0.323607;-0.235114;0;-0.000217189;-1.61686;0.113826;-0.00842934
-0.320627;-0.239162;0;-0.00021534;-1.60291;0.112856;-0.00835754
-0.317596;-0.243172;0;-0.000213486;-1.58892;0.111885;-0.00828558
-0.314515;-0.247144;0;-0.000211348;-1.57285;0.110764;-0.00820259
-0.311385;-0.251077;0;-0.000209074;-1.55576;0.109572;-0.00811434
-0.308205;-0.25497;0;-0.000206799;-1.53866;0.108379;-0.00802601
-0.304977;-0.258822;0;-0.000204522;-1.52155;0.107186;-0.00793763
-0.301701;-0.262634;0;-0.000202244;-1.50442;0.105992;-0.0078492
-0.298376;-0.266405;0;-0.000199966;-1.48729;0.104797;-0.00776074
-0.295005;-0.270133;0;-0.000197686;-1.47016;0.103602;-0.00767226
-0.291587;-0.273819;0;-0.000195407;-1.45302;0.102408;-0.00758378
-0.288124;-0.277461;0;-0.000193128;-1.43589;0.101213;-0.0074953
-0.284614;-0.28106;0;-0.00019085;-1.41876;0.100019;-0.00740686
-0.28106;-0.284614;0;-0.000188572;-1.40164;0.0988248;-0.00731845
-0.277461;-0.288124;0;-0.000186192;-1.38381;0.0975776;-0.00722609
-0.273819;-0.291587;0;-0.00018376;-1.36559;0.0963027;-0.00713168
-0.270133;-0.295005;0;-0.000181212;-1.34651;0.0949673;-0.00703278
-0.266405;-0.298376;0;-0.000178606;-1.327;0.0936012;-0.00693161
-0.262634;-0.301701;0;-0.000175998;-1.30748;0.0922344;-0.00683039
-0.258822;-0.304977;0;-0.00017339;-1.28795;0.0908671;-0.00672914
-0.25497;-0.308205;0;-0.000170781;-1.26842;0.0894996;-0.00662787
-0.251077;-0.311385;0;-0.000168172;-1.24889;0.088132;-0.0065266
-0.247144;-0.314515;0;-0.000165563;-1.22936;0.0867647;-0.00642534
-0.243172;-0.317596;0;-0.000162955;-1.20984;0.0853977;-0.00632411
-0.239162;-0.320627;0;-0.000160349;-1.19032;0.0840314;-0.00622292
-0.235114;-0.323607;0;-0.000157744;-1.17082;0.0826658;-0.0061218
-0.231029;-0.326536;0;-0.000155141;-1.15133;0.0813013;-0.00602075
-0.226908;-0.329413;0;-0.000152473;-1.1314;0.0799031;-0.00591721
-0.22275;-0.332238;0;-0.000149638;-1.11026;0.0784172;-0.00580717
-0.218558;-0.335011;0;-0.000146745;-1.08871;0.0769012;-0.0056949
-0.214331;-0.337731;0;-0.000143825;-1.06694;0.0753704;-0.00558154
-0.21007;-0.340398;0;-0.000140903;-1.04516;0.073839;-0.00546813
-0.205776;-0.343011;0;-0.000137981;-1.02338;0.0723069;-0.00535467
-0.201449;-0.345569;0;-0.000135057;-1.00159;0.0707746;-0.0052412
-0.197091;-0.348074;0;-0.000132134;-0.979801;0.0692422;-0.00512772
-0.192701;-0.350523;0;-0.000129211;-0.958015;0.06771;-0.00501425
-0.188282;-0.352916;0;-0.000126289;-0.936234;0.0661783;-0.00490082
-0.183832;-0.355255;0;-0.000123368;-0.914463;0.0646472;-0.00478743
-0.179353;-0.357537;0;-0.000120449;-0.892705;0.063117;-0.00467411
-0.174846;-0.359762;0;-0.000117532;-0.870963;0.061588;-0.00456088
-0.170312;-0.361931;0;-0.000114507;-0.84849;0.0600028;-0.0044435
-0.16575;-0.364042;0;-0.000111383;-0.825292;0.0583655;-0.00432224
-0.161163;-0.366096;0;-0.000108227;-0.801858;0.0567114;-0.00419975
-0.156549;-0.368093;0;-0.00010507;-0.778409;0.0550562;-0.00407718
-0.151912;-0.370031;0;-0.000101911;-0.754948;0.0534002;-0.00395454
-0.14725;-0.371911;0;-9.87502e-05;-0.731479;0.0517437;-0.00383187
-0.142565;-0.373732;0;-9.55894e-05;-0.708007;0.0500869;-0.00370917
-0.137857;-0.375494;0;-9.24286e-05;-0.684534;0.0484301;-0.00358648
-0.133128;-0.377196;0;-8.92682e-05;-0.661064;0.0467735;-0.0034638
-0.128377;-0.378839;0;-8.61087e-05;-0.637602;0.0451174;-0.00334116
-0.123607;-0.380423;0;-8.29507e-05;-0.61415;0.0434621;-0.00321857
-0.118817;-0.381946;0;-7.97947e-05;-0.590712;0.0418077;-0.00309606
-0.114008;-0.383409;0;-7.66411e-05;-0.567293;0.0401547;-0.00297365
-0.109181;-0.384811;0;-7.34935e-05;-0.543922;0.0385049;-0.00285147
-0.104337;-0.386153;0;-7.01961e-05;-0.519497;0.0367765;-0.00272348
-0.099476;-0.387433;0;-6.68915e-05;-0.495017;0.0350444;-0.0025952
-0.0945996;-0.388653;0;-6.35851e-05;-0.470523;0.0333113;-0.00246686
-0.0897083;-0.389811;0;-6.02774e-05;-0.44602;0.0315775;-0.00233846
-0.0848028;-0.390907;0;-5.69713e-05;-0.421528;0.0298445;-0.00221013
-0.079884;-0.391942;0;-5.36591e-05;-0.396992;0.0281083;-0.00208156
-0.0749525;-0.392915;0;-5.03447e-05;-0.37244;0.026371;-0.0019529
-0.0700092;-0.393826;0;-4.70307e-05;-0.347891;0.024634;-0.00182426
-0.0650549;-0.394674;0;-4.37178e-05;-0.32335;0.0228974;-0.00169566
-0.0600902;-0.395461;0;-4.04064e-05;-0.29882;0.0211617;-0.00156712
-0.0551161;-0.396185;0;-3.7097e-05;-0.274305;0.019427;-0.00143866
-0.0501333;-0.396846;0;-3.3757e-05;-0.24957;0.0176762;-0.00130901
-0.0451426;-0.397445;0;-3.03867e-05;-0.224631;0.0159096;-0.00117818
-0.0401447;-0.39798;0;-2.70144e-05;-0.199677;0.014142;-0.00104728
-0.0351405;-0.398453;0;-2.36408e-05;-0.174714;0.0123737;-0.000916329
-0.0301307;-0.398864;0;-2.02718e-05;-0.149784;0.0106078;-0.000785556
-0.0251162;-0.399211;0;-1.6895e-05;-0.124796;0.00883774;-0.000654477
-0.0200977;-0.399495;0;-1.35179e-05;-0.0998067;0.00706759;-0.000523389
-0.0150761;-0.399716;0;-1.01411e-05;-0.0748197;0.0052976;-0.000392313
-0.010052;-0.399874;0;-6.76518e-06;-0.0498389;0.00352806;-0.000261269
-0.00502642;-0.399968;0;-3.39063e-06;-0.0248684;0.00175923;-0.000130279
-7.34788e-17;-0.4;0;-1.79805e-08;8.80747e-05;-8.59414e-06;6.36437e-07
0.00502642;-0.399968;0;3.32818e-06;0.024851;-0.00176255;0.000130525
0.010052;-0.399874;0;6.68778e-06;0.0497194;-0.00352358;0.000260938
0.0150761;-0.399716;0;1.00502e-05;0.0746084;-0.00528607;0.000391459
0.0200977;-0.399495;0;1.34148e-05;0.0995142;-0.00704976;0.000522068
0.0251162;-0.399211;0;1.67812e-05;0.124433;-0.00881435;0.000652745
0.0301307;-0.398864;0;2.01488e-05;0.14936;-0.0105796;0.000783468
0.0351405;-0.398453;0;2.35171e-05;0.174293;-0.0123452;0.000914217
0.0401447;-0.39798;0;2.68855e-05;0.199226;-0.0141108;0.00104497
0.0451426;-0.397445;0;3.02535e-05;0.224157;-0.0158763;0.00117571
0.0501333;-0.396846;0;3.36206e-05;0.249081;-0.0176412;0.00130642
0.0551161;-0.396185;0;3.69706e-05;0.273851;-0.0193968;0.00143643
0.0600902;-0.395461;0;4.03323e-05;0.298707;-0.0211586;0.00156689
0.0650549;-0.394674;0;4.3605e-05;0.322944;-0.022874;0.00169393
0.0700092;-0.393826;0;4.69297e-05;0.347569;-0.0246166;0.00182298
0.0749525;-0.392915;0;5.02547e-05;0.372196;-0.0263595;0.00195204
0.079884;-0.391942;0;5.35796e-05;0.396821;-0.0281022;0.0020811
0.0848028;-0.390907;0;5.68317e-05;0.420917;-0.0298068;0.00220734
0.0897083;-0.389811;0;6.01096e-05;0.445214;-0.031525;0.00233457
0.0945996;-0.388653;0;6.33883e-05;0.469518;-0.0332436;0.00246184
0.099476;-0.387433;0;6.66674e-05;0.493824;-0.0349623;0.00258913
0.104337;-0.386153;0;6.99463e-05;0.51813;-0.036681;0.0027164
0.109181;-0.384811;0;7.32245e-05;0.54243;-0.0383994;0.00284366
0.114008;-0.383409;0;7.65015e-05;0.566722;-0.0401171;0.00297086
0.118817;-0.381946;0;7.96318e-05;0.589951;-0.0417579;0.00309237
0.123607;-0.380423;0;8.27982e-05;0.613462;-0.0434175;0.00321527
0.128377;-0.378839;0;8.59662e-05;0.636985;-0.0450781;0.00333825
0.133128;-0.377196;0;8.91354e-05;0.660517;-0.0467392;0.00346126
0.137857;-0.375494;0;9.23052e-05;0.684054;-0.0484007;0.0035843
0.142565;-0.373732;0;9.54752e-05;0.707592;-0.0500623;0.00370735
0.14725;-0.371911;0;9.86449e-05;0.731128;-0.0517237;0.00383039
0.151912;-0.370031;0;0.000101814;0.754657;-0.0533847;0.00395339
0.156549;-0.368093;0;0.000104981;0.778177;-0.0550449;0.00407634
0.161163;-0.366096;0;0.000108147;0.801683;-0.0567042;0.00419922
0.16575;-0.364042;0;0.00011131;0.825171;-0.0583623;0.00432201
0.170312;-0.361931;0;0.000114417;0.848267;-0.0599911;0.00444263
0.174846;-0.359762;0;0.000117438;0.870749;-0.0615742;0.00455987
0.179353;-0.357537;0;0.000120368;0.892586;-0.0631103;0.00467362
0.183832;-0.355255;0;0.000123301;0.914437;-0.0646473;0.00478744
0.188282;-0.352916;0;0.000126235;0.936299;-0.0661852;0.00490133
0.192701;-0.350523;0;0.000129169;0.958169;-0.0677235;0.00501525
0.197091;-0.348074;0;0.000132105;0.980042;-0.0692622;0.00512919
0.201449;-0.345569;0;0.000135041;1.00192;-0.0708008;0.00524314
0.205776;-0.343011;0;0.000137976;1.02379;-0.0723393;0.00535707
0.21007;-0.340398;0;0.00014091;1.04565;-0.0738774;0.00547097
0.214331;-0.337731;0;0.000143843;1.06751;-0.0754147;0.00558482
0.218558;-0.335011;0;0.000146774;1.08935;-0.0769512;0.0056986
0.22275;-0.332238;0;0.000149703;1.11118;-0.0784864;0.00581229
0.226908;-0.329413;0;0.000152511;1.13215;-0.0799582;0.00592129
0.231029;-0.326536;0;0.000155128;1.15174;-0.0813299;0.00602287
0.235114;-0.323607;0;0.000157747;1.17134;-0.0827027;0.00612453
0.239162;-0.320627;0;0.000160368;1.19096;-0.0840764;0.00622626
0.243172;-0.317596;0;0.00016299;1.21058;-0.0854509;0.00632804
0.247144;-0.314515;0;0.000165613;1.23021;-0.0868258;0.00642986
0.251077;-0.311385;0;0.000168237;1.24985;-0.088201;0.0065317
0.25497;-0.308205;0;0.000170861;1.26949;-0.0895762;0.00663354
0.258822;-0.304977;0;0.000173484;1.28912;-0.0909513;0.00673537
0.262634;-0.301701;0;0.000176107;1.30875;-0.0923259;0.00683717
0.266405;-0.298376;0;0.000178729;1.32837;-0.0937;0.00693893
0.270133;-0.295005;0;0.000181348;1.34798;-0.0950732;0.00704062
0.273819;-0.291587;0;0.000183966;1.36757;-0.0964454;0.00714224
0.277461;-0.288124;0;0.000186536;1.38681;-0.0977921;0.00724197
0.28106;-0.284614;0;0.000188845;1.40416;-0.0990023;0.00733159
0.284614;-0.28106;0;0.000191099;1.42111;-0.100184;0.00741908
0.288124;-0.277461;0;0.000193354;1.43806;-0.101366;0.00750662
0.291587;-0.273819;0;0.00019561;1.45503;-0.102548;0.00759419
0.295005;-0.270133;0;0.000197866;1.47199;-0.103731;0.00768178
0.298376;-0.266405;0;0.000200123;1.48896;-0.104914;0.00776937
0.301701;-0.262634;0;0.000202379;1.50592;-0.106096;0.00785695
0.304977;-0.258822;0;0.000204635;1.52288;-0.107279;0.00794451
0.308205;-0.25497;0;0.00020689;1.53984;-0.108461;0.00803203
0.311385;-0.251077;0;0.000209143;1.55678;-0.109642;0.0081195
0.314515;-0.247144;0;0.000211395;1.57371;-0.110822;0.0082069
0.317596;-0.243172;0;0.000213571;1.59009;-0.111963;0.00829136
0.320627;-0.239162;0;0.000215392;1.60385;-0.112917;0.00836205
0.323607;-0.235114;0;0.000217215;1.61761;-0.113872;0.00843279
0.326536;-0.231029;0;0.000219039;1.63138;-0.114828;0.00850359
0.329413;-0.226908;0;0.000220864;1.64516;-0.115785;0.00857442
0.332238;-0.22275;0;0.000222689;1.65895;-0.116742;0.00864527
0.335011;-0.218558;0;0.000224515;1.67274;-0.117699;0.00871614
0.337731;-0.214331;0;0.000226341;1.68653;-0.118656;0.00878701
0.340398;-0.21007;0;0.000228167;1.70032;-0.119613;0.00885788
0.343011;-0.205776;0;0.000229992;1.7141;-0.120569;0.00892872
0.345569;-0.201449;0;0.000231816;1.72788;-0.121525;0.00899954
0.348074;-0.197091;0;0.00023364;1.74165;-0.122481;0.00907031
0.350523;-0.192701;0;0.000235462;1.75541;-0.123436;0.00914103
0.352916;-0.188282;0;0.000237282;1.76916;-0.12439;0.00921168
0.355255;-0.183832;0;0.000238867;1.78115;-0.125221;0.00927322
0.357537;-0.179353;0;0.000240221;1.79141;-0.125931;0.00932575
0.359762;-0.174846;0;0.000241574;1.80167;-0.12664;0.00937831
0.361931;-0.170312;0;0.000242869;1.8115;-0.127319;0.00942856
0.364042;-0.16575;0;0.000244155;1.82125;-0.127993;0.00947845
0.366096;-0.161163;0;0.000245441;1.83101;-0.128667;0.00952837
0.368093;-0.156549;0;0.000246727;1.84077;-0.129341;0.00957829
0.370031;-0.151912;0;0.000248013;1.85053;-0.130015;0.0096282
0.371911;-0.14725;0;0.000249299;1.86029;-0.130689;0.00967811
0.373732;-0.142565;0;0.000250584;1.87004;-0.131362;0.009728
0.375494;-0.137857;0;0.000251869;1.87979;-0.132036;0.00977786
0.377196;-0.133128;0;0.000253153;1.88953;-0.132708;0.00982769
0.378839;-0.128377;0;0.00025443;1.89921;-0.133378;0.00987726
0.380423;-0.123607;0;0.000255581;1.90792;-0.133981;0.00992192
0.381946;-0.118817;0;0.000256412;1.91423;-0.134416;0.00995418
0.383409;-0.114008;0;0.000257243;1.92053;-0.134852;0.00998645
0.384811;-0.109181;0;0.000258075;1.92684;-0.135288;0.0100187
0.386153;-0.104337;0;0.000258864;1.93283;-0.135702;0.0100494
0.387433;-0.099476;0;0.000259576;1.93825;-0.136075;0.010077
0.388653;-0.0945996;0;0.000260288;1.94367;-0.136448;0.0101047
0.389811;-0.0897083;0;0.000261001;1.94909;-0.136822;0.0101323
0.390907;-0.0848028;0;0.000261713;1.95451;-0.137195;0.0101599
0.391942;-0.079884;0;0.000262425;1.95993;-0.137568;0.0101876
0.392915;-0.0749525;0;0.000263137;1.96535;-0.137941;0.0102152
0.393826;-0.0700092;0;0.000263849;1.97077;-0.138314;0.0102428
0.394674;-0.0650549;0;0.00026456;1.97619;-0.138687;0.0102704
0.395461;-0.0600902;0;0.000265271;1.98159;-0.139059;0.010298
0.396185;-0.0551161;0;0.000265701;1.98486;-0.139285;0.0103147
0.396846;-0.0501333;0;0.000266022;1.98728;-0.139453;0.0103272
0.397445;-0.0451426;0;0.000266343;1.9897;-0.139622;0.0103396
0.39798;-0.0401447;0;0.000266569;1.99142;-0.13974;0.0103484
0.398453;-0.0351405;0;0.000266717;1.99256;-0.139818;0.0103542
0.398864;-0.0301307;0;0.000266865;1.99369;-0.139895;0.0103599
0.399211;-0.0251162;0;0.000267014;1.99483;-0.139973;0.0103657
0.399495;-0.0200977;0;0.000267162;1.99597;-0.14005;0.0103714
0.399716;-0.0150761;0;0.00026731;1.9971;-0.140128;0.0103771
0.399874;-0.010052;0;0.000267458;1.99824;-0.140206;0.0103829
0.399968;-0.00502642;0;0.000267606;1.99938;-0.140283;0.0103886
