0.4;0;0;0.000264371;1.97238;-0.140359;0.0103943
0.399968;0.00502642;0;0.00026422;1.97125;-0.140279;0.0103883
0.399874;0.010052;0;0.000264066;1.97011;-0.140196;0.0103822
0.399716;0.0150761;0;0.000263912;1.96896;-0.140114;0.0103761
0.399495;0.0200977;0;0.000263758;1.96781;-0.140032;0.01037
0.399211;0.0251162;0;0.000263604;1.96666;-0.13995;0.0103639
0.398864;0.0301307;0;0.00026345;1.96551;-0.139867;0.0103578
0.398453;0.0351405;0;0.000263296;1.96437;-0.139785;0.0103518
0.39798;0.0401447;0;0.000263143;1.96322;-0.139703;0.0103457
0.397445;0.0451426;0;0.000262859;1.9611;-0.139552;0.0103345
0.396846;0.0501333;0;0.000262509;1.95846;-0.139365;0.0103206
0.396185;0.0551161;0;0.000262158;1.95583;-0.139178;0.0103068
0.395461;0.0600902;0;0.000261807;1.95319;-0.138991;0.0102929
0.394674;0.0650549;0;0.000261177;1.94841;-0.138655;0.0102681
0.393826;0.0700092;0;0.000260488;1.94318;-0.138289;0.0102409
0.392915;0.0749525;0;0.000259798;1.93794;-0.137921;0.0102137
0.391942;0.079884;0;0.000259108;1.93269;-0.137554;0.0101866
0.390907;0.0848028;0;0.000258418;1.92745;-0.137187;0.0101594
0.389811;0.0897083;0;0.000257728;1.92221;-0.13682;0.0101321
0.388653;0.0945996;0;0.000257038;1.91696;-0.136452;0.0101049
0.387433;0.099476;0;0.000256348;1.91172;-0.136085;0.0100777
0.386153;0.104337;0;0.00025562;1.90619;-0.135698;0.0100491
0.384811;0.109181;0;0.00025477;1.89974;-0.135245;0.0100156
0.383409;0.114008;0;0.00025392;1.89329;-0.134793;0.00998205
0.381946;0.118817;0;0.000253071;1.88684;-0.134341;0.00994855
0.380423;0.123607;0;0.000252221;1.88039;-0.133888;0.00991507
0.378839;0.128377;0;0.000251116;1.872;-0.1333;0.0098715
0.377196;0.133128;0;0.000249844;1.86234;-0.132623;0.0098214
0.375494;0.137857;0;0.000248578;1.85272;-0.13195;0.00977152
0.373732;0.142565;0;0.000247312;1.84311;-0.131276;0.00972165
0.371911;0.14725;0;0.000246045;1.83349;-0.130603;0.00967174
0.370031;0.151912;0;0.000244778;1.82386;-0.129929;0.00962182
0.368093;0.156549;0;0.000243511;1.81423;-0.129254;0.0095719
0.366096;0.161163;0;0.000242244;1.80461;-0.12858;0.00952197
0.364042;0.16575;0;0.000240977;1.79498;-0.127906;0.00947204
0.361931;0.170312;0;0.00023971;1.78536;-0.127232;0.00942214
0.359762;0.174846;0;0.000238443;1.77574;-0.126558;0.00937225
0.357537;0.179353;0;0.000237178;1.76613;-0.125885;0.0093224
0.355255;0.183832;0;0.000235913;1.75652;-0.125212;0.00927258
0.352916;0.188282;0;0.000234384;1.74493;-0.124399;0.00921231
0.350523;0.192701;0;0.000232593;1.73138;-0.123446;0.00914176
0.348074;0.197091;0;0.000230801;1.71782;-0.122492;0.00907114
0.345569;0.201449;0;0.000229007;1.70425;-0.121538;0.00900047
0.343011;0.205776;0;0.000227212;1.69067;-0.120583;0.00892976
0.340398;0.21007;0;0.000225416;1.67708;-0.119628;0.00885902
0.337731;0.214331;0;0.00022362;1.6635;-0.118672;0.00878826
0.335011;0.218558;0;0.000221824;1.64991;-0.117717;0.00871749
0.332238;0.22275;0;0.000220028;1.63632;-0.116761;0.00864672
0.329413;0.226908;0;0.000218232;1.62273;-0.115806;0.00857597
0.326536;0.231029;0;0.000216437;1.60915;-0.114851;0.00850524
0.323607;0.235114;0;0.00021464;1.59556;-0.113895;0.00843446
0.320627;0.239162;0;0.000212838;1.58192;-0.112936;0.00836348
0.317596;0.243172;0;0.000211038;1.5683;-0.111979;0.00829255
0.314515;0.247144;0;0.000208979;1.55278;-0.110883;0.00821144
0.311385;0.251077;0;0.000206764;1.5361;-0.109705;0.00812417
0.308205;0.25497;0;0.000204548;1.51941;-0.108526;0.00803684
0.304977;0.258822;0;0.000202328;1.50269;-0.107345;0.0079494
0.301701;0.262634;0;0.000200106;1.48596;-0.106163;0.00786184
0.298376;0.266405;0;0.000197882;1.46921;-0.104979;0.0077742
0.295005;0.270133;0;0.000195654;1.45244;-0.103794;0.00768645
0.291587;0.273819;0;0.000193427;1.43566;-0.102609;0.0075987
0.288124;0.277461;0;0.0001912;1.4189;-0.101424;0.00751096
0.284614;0.28106;0;0.000188974;1.40213;-0.10024;0.00742326
0.28106;0.284614;0;0.000186749;1.38538;-0.0990564;0.0073356
0.277461;0.288124;0;0.00018449;1.36838;-0.0978542;0.00724657
0.273819;0.291587;0;0.000181914;1.34908;-0.096484;0.0071451
0.270133;0.295005;0;0.000179337;1.32976;-0.0951124;0.00704353
0.266405;0.298376;0;0.000176757;1.31043;-0.0937398;0.00694188
0.262634;0.301701;0;0.000174176;1.29108;-0.0923665;0.00684018
0.258822;0.304977;0;0.000171593;1.27173;-0.0909925;0.00673842
0.25497;0.308205;0;0.00016901;1.25237;-0.0896181;0.00663665
0.251077;0.311385;0;0.000166425;1.233;-0.088243;0.00653481
0.247144;0.314515;0;0.000163841;1.21363;-0.0868677;0.00643296
0.243172;0.317596;0;0.000161254;1.19425;-0.0854912;0.00633103
0.239162;0.320627;0;0.000158667;1.17486;-0.0841153;0.00622914
0.235114;0.323607;0;0.000156083;1.15549;-0.08274;0.00612729
0.231029;0.326536;0;0.000153499;1.13613;-0.0813655;0.0060255
0.226908;0.329413;0;0.000150918;1.11679;-0.0799922;0.0059238
0.22275;0.332238;0;0.000148177;1.09631;-0.078534;0.00581581
0.218558;0.335011;0;0.000145291;1.07477;-0.0769981;0.00570208
0.214331;0.337731;0;0.000142402;1.05322;-0.0754611;0.00558825
0.21007;0.340398;0;0.000139512;1.03166;-0.0739231;0.00547436
0.205776;0.343011;0;0.00013662;1.01009;-0.0723844;0.00536041
0.201449;0.345569;0;0.000133727;0.988505;-0.0708453;0.00524643
0.197091;0.348074;0;0.000130834;0.966922;-0.0693059;0.00513243
0.192701;0.350523;0;0.000127941;0.94534;-0.0677666;0.00501844
0.188282;0.352916;0;0.000125048;0.92376;-0.0662275;0.00490446
0.183832;0.355255;0;0.000122157;0.902188;-0.0646889;0.00479052
0.179353;0.357537;0;0.000119266;0.880627;-0.0631511;0.00467664
0.174846;0.359762;0;0.000116378;0.85908;-0.0616143;0.00456283
0.170312;0.361931;0;0.000113453;0.837276;-0.0600577;0.00444756
0.16575;0.364042;0;0.000110332;0.814076;-0.0583972;0.00432459
0.161163;0.366096;0;0.000107196;0.790762;-0.0567286;0.00420102
0.156549;0.368093;0;0.000104057;0.767426;-0.0550583;0.00407733
0.151912;0.370031;0;0.000100915;0.744069;-0.0533865;0.00395353
0.14725;0.371911;0;9.77711e-05;0.720696;-0.0517137;0.00382964
0.142565;0.373732;0;9.46254e-05;0.69731;-0.0500399;0.00370569
0.137857;0.375494;0;9.14786e-05;0.673916;-0.0483654;0.00358169
0.133128;0.377196;0;8.8331e-05;0.650517;-0.0466906;0.00345766
0.128377;0.378839;0;8.51833e-05;0.627116;-0.0450158;0.00333363
0.123607;0.380423;0;8.20359e-05;0.603717;-0.043341;0.00320961
0.118817;0.381946;0;7.89657e-05;0.580917;-0.0417074;0.00308863
0.114008;0.383409;0;7.57431e-05;0.557016;-0.0399927;0.00296165
0.109181;0.384811;0;7.25192e-05;0.533103;-0.0382773;0.00283462
0.104337;0.386153;0;6.92943e-05;0.509185;-0.0365614;0.00270755
0.099476;0.387433;0;6.60691e-05;0.485263;-0.0348454;0.00258046
0.0945996;0.388653;0;6.28439e-05;0.461342;-0.0331293;0.00245338
0.0897083;0.389811;0;5.96194e-05;0.437426;-0.0314136;0.00232633
0.0848028;0.390907;0;5.63961e-05;0.413518;-0.0296985;0.00219932
0.079884;0.391942;0;5.31744e-05;0.389623;-0.0279843;0.00207237
0.0749525;0.392915;0;4.99548e-05;0.365743;-0.0262713;0.00194551
0.0700092;0.393826;0;4.67379e-05;0.341883;-0.0245596;0.00181876
0.0650549;0.394674;0;4.35242e-05;0.318047;-0.0228497;0.00169213
0.0600902;0.395461;0;4.03142e-05;0.294238;-0.0211417;0.00156564
0.0551161;0.396185;0;3.71083e-05;0.27046;-0.0194359;0.00143932
0.0501333;0.396846;0;3.38098e-05;0.246025;-0.0176808;0.00130935
0.0451426;0.397445;0;3.04939e-05;0.221466;-0.0159164;0.00117869
0.0401447;0.39798;0;2.71743e-05;0.19688;-0.0141501;0.00104788
0.0351405;0.398453;0;2.38514e-05;0.17227;-0.012382;0.000916944
0.0301307;0.398864;0;2.05257e-05;0.147639;-0.0106124;0.0007859
0.0251162;0.399211;0;1.71978e-05;0.122992;-0.00884168;0.000654768
0.0200977;0.399495;0;1.38683e-05;0.0983318;-0.00707004;0.00052357
0.0150761;0.399716;0;1.05375e-05;0.0736634;-0.00529779;0.000392326
0.010052;0.399874;0;7.20617e-06;0.0489904;-0.00352519;0.000261057
0.00502642;0.399968;0;3.87468e-06;0.0243165;-0.00175254;0.000129784
2.44929e-17;0.4;0;5.43615e-07;-0.000354392;1.98971e-05;-1.47348e-06
-0.00502642;0.399968;0;-2.78651e-06;-0.0250183;0.00179183;-0.000132694
-0.010052;0.399874;0;-6.11518e-06;-0.0496713;0.00356299;-0.000263856
-0.0150761;0.399716;0;-9.44185e-06;-0.0743096;0.00533308;-0.00039494
-0.0200977;0.399495;0;-1.2766e-05;-0.0989292;0.00710184;-0.000525925
-0.0251162;0.399211;0;-1.60871e-05;-0.123526;0.00886897;-0.00065679
-0.0301307;0.398864;0;-1.94047e-05;-0.148097;0.0106342;-0.000787514
-0.0351405;0.398453;0;-2.26901e-05;-0.172437;0.0123824;-0.000916979
-0.0401447;0.39798;0;-2.59615e-05;-0.196684;0.0141232;-0.00104589
-0.0451426;0.397445;0;-2.92334e-05;-0.220936;0.0158641;-0.00117481
-0.0501333;0.396846;0;-3.2508e-05;-0.245207;0.0176065;-0.00130384
-0.0551161;0.396185;0;-3.57847e-05;-0.269494;0.01935;-0.00143296
-0.0600902;0.395461;0;-3.90629e-05;-0.293793;0.0210943;-0.00156214
-0.0650549;0.394674;0;-4.23423e-05;-0.3181;0.0228392;-0.00169135
-0.0700092;0.393826;0;-4.56222e-05;-0.342411;0.0245844;-0.00182059
-0.0749525;0.392915;0;-4.89021e-05;-0.366722;0.0263297;-0.00194984
-0.079884;0.391942;0;-5.21816e-05;-0.39103;0.0280746;-0.00207906
-0.0848028;0.390907;0;-5.54601e-05;-0.41533;0.0298191;-0.00220825
-0.0897083;0.389811;0;-5.8737e-05;-0.439619;0.0315627;-0.00233737
-0.0945996;0.388653;0;-6.20119e-05;-0.463893;0.0333053;-0.00246642
-0.099476;0.387433;0;-6.52843e-05;-0.488148;0.0350465;-0.00259536
-0.104337;0.386153;0;-6.85113e-05;-0.512083;0.0367636;-0.00272252
-0.109181;0.384811;0;-7.16578e-05;-0.535455;0.0384379;-0.00284651
-0.114008;0.383409;0;-7.47793e-05;-0.558654;0.0400989;-0.00296951
-0.118817;0.381946;0;-7.79033e-05;-0.58187;0.0417611;-0.00309261
-0.123607;0.380423;0;-8.10292e-05;-0.605101;0.0434244;-0.00321578
-0.128377;0.378839;0;-8.41566e-05;-0.628342;0.0450885;-0.00333901
-0.133128;0.377196;0;-8.72848e-05;-0.651591;0.046753;-0.00346228
-0.137857;0.375494;0;-9.04135e-05;-0.674842;0.0484178;-0.00358557
-0.142565;0.373732;0;-9.35422e-05;-0.698093;0.0500825;-0.00370885
-0.14725;0.371911;0;-9.66703e-05;-0.721341;0.051747;-0.00383211
-0.151912;0.370031;0;-9.97842e-05;-0.744483;0.0534039;-0.00395481
-0.156549;0.368093;0;-0.000102899;-0.767633;0.0550614;-0.00407756
-0.161163;0.366096;0;-0.000106013;-0.79077;0.0567181;-0.00420024
-0.16575;0.364042;0;-0.000109124;-0.813891;0.0583736;-0.00432284
-0.170312;0.361931;0;-0.000112233;-0.836993;0.0600277;-0.00444534
-0.174846;0.359762;0;-0.000115222;-0.859235;0.0616183;-0.00456313
-0.179353;0.357537;0;-0.000118093;-0.880649;0.0631459;-0.00467625
-0.183832;0.355255;0;-0.000120966;-0.902079;0.0646746;-0.00478947
-0.188282;0.352916;0;-0.000123841;-0.923522;0.0662043;-0.00490274
-0.192701;0.350523;0;-0.000126717;-0.944975;0.0677347;-0.00501608
-0.197091;0.348074;0;-0.000129594;-0.966434;0.0692655;-0.00512944
-0.201449;0.345569;0;-0.000132471;-0.987895;0.0707965;-0.00524281
-0.205776;0.343011;0;-0.000135349;-1.00936;0.0723274;-0.00535619
-0.21007;0.340398;0;-0.000138225;-1.03081;0.0738581;-0.00546954
-0.214331;0.337731;0;-0.000141101;-1.05226;0.0753882;-0.00558285
-0.218558;0.335011;0;-0.000143975;-1.0737;0.0769175;-0.00569611
-0.22275;0.332238;0;-0.000146811;-1.09486;0.0784266;-0.00580786
-0.226908;0.329413;0;-0.000149606;-1.11573;0.0799138;-0.00591799
-0.231029;0.326536;0;-0.000152153;-1.13481;0.0812685;-0.00601832
-0.235114;0.323607;0;-0.000154734;-1.15414;0.082642;-0.00612004
-0.239162;0.320627;0;-0.000157317;-1.17349;0.0840164;-0.00622182
-0.243172;0.317596;0;-0.000159901;-1.19285;0.0853915;-0.00632365
-0.247144;0.314515;0;-0.000162486;-1.21222;0.0867671;-0.00642552
-0.251077;0.311385;0;-0.000165072;-1.23159;0.0881429;-0.0065274
-0.25497;0.308205;0;-0.000167658;-1.25096;0.0895188;-0.00662929
-0.258822;0.304977;0;-0.000170243;-1.27033;0.0908945;-0.00673117
-0.262634;0.301701;0;-0.000172828;-1.28969;0.0922698;-0.00683302
-0.266405;0.298376;0;-0.000175411;-1.30904;0.0936446;-0.00693483
-0.270133;0.295005;0;-0.000177993;-1.32838;0.0950184;-0.00703657
-0.273819;0.291587;0;-0.000180573;-1.34771;0.0963913;-0.00713823
-0.277461;0.288124;0;-0.000182996;-1.36587;0.0976803;-0.00723369
-0.28106;0.284614;0;-0.000185303;-1.38319;0.0989075;-0.00732457
-0.284614;0.28106;0;-0.000187542;-1.40004;0.100099;-0.0074128
-0.288124;0.277461;0;-0.000189782;-1.4169;0.101291;-0.00750106
-0.291587;0.273819;0;-0.000192022;-1.43376;0.102483;-0.00758935
-0.295005;0.270133;0;-0.000194263;-1.45062;0.103675;-0.00767765
-0.298376;0.266405;0;-0.000196504;-1.46748;0.104868;-0.00776595
-0.301701;0.262634;0;-0.000198744;-1.48434;0.10606;-0.00785423
-0.304977;0.258822;0;-0.000200984;-1.50119;0.107251;-0.00794248
-0.308205;0.25497;0;-0.000203222;-1.51804;0.108443;-0.00803068
-0.311385;0.251077;0;-0.000205459;-1.53487;0.109633;-0.00811883
-0.314515;0.247144;0;-0.000207694;-1.55169;0.110822;-0.00820691
-0.317596;0.243172;0;-0.000209781;-1.5674;0.111932;-0.00828912
-0.320627;0.239162;0;-0.000211586;-1.58105;0.112893;-0.00836027
-0.323607;0.235114;0;-0.000213394;-1.59471;0.113855;-0.00843148
-0.326536;0.231029;0;-0.000215202;-1.60838;0.114817;-0.00850273
-0.329413;0.226908;0;-0.000217011;-1.62205;0.115779;-0.00857402
-0.332238;0.22275;0;-0.000218821;-1.63573;0.116742;-0.00864533
-0.335011;0.218558;0;-0.00022063;-1.6494;0.117705;-0.00871664
-0.337731;0.214331;0;-0.000222412;-1.66287;0.118653;-0.00878685
-0.340398;0.21007;0;-0.000224195;-1.67635;0.119602;-0.0088571
-0.343011;0.205776;0;-0.000225977;-1.68982;0.12055;-0.00892733
-0.345569;0.201449;0;-0.000227759;-1.70329;0.121498;-0.00899753
-0.348074;0.197091;0;-0.00022954;-1.71675;0.122446;-0.0090677
-0.350523;0.192701;0;-0.000231319;-1.7302;0.123393;-0.00913782
-0.352916;0.188282;0;-0.000233098;-1.74364;0.124339;-0.00920789
-0.355255;0.183832;0;-0.000234703;-1.75578;0.125193;-0.00927114
-0.357537;0.179353;0;-0.000236029;-1.76585;0.125899;-0.0093234
-0.359762;0.174846;0;-0.000237361;-1.77595;0.126607;-0.00937587
-0.361931;0.170312;0;-0.000238692;-1.78605;0.127316;-0.00942835
-0.364042;0.16575;0;-0.000240024;-1.79616;0.128025;-0.00948083
-0.366096;0.161163;0;-0.000241356;-1.80627;0.128733;-0.00953332
-0.368093;0.156549;0;-0.000242688;-1.81637;0.129442;-0.00958579
-0.370031;0.151912;0;-0.000244019;-1.82647;0.13015;-0.00963825
-0.371911;0.14725;0;-0.00024535;-1.83656;0.130858;-0.00969067
-0.373732;0.142565;0;-0.000246679;-1.84665;0.131566;-0.00974307
-0.375494;0.137857;0;-0.000248008;-1.85673;0.132273;-0.00979542
-0.377196;0.133128;0;-0.000249297;-1.86651;0.132958;-0.00984621
-0.378839;0.128377;0;-0.000250195;-1.87335;0.133437;-0.00988161
-0.380423;0.123607;0;-0.000251026;-1.87967;0.133879;-0.00991436
-0.381946;0.118817;0;-0.000251858;-1.88599;0.134321;-0.00994712
-0.383409;0.114008;0;-0.00025269;-1.89232;0.134764;-0.00997991
-0.384811;0.109181;0;-0.000253522;-1.89865;0.135207;-0.0100127
-0.386153;0.104337;0;-0.000254355;-1.90499;0.13565;-0.0100455
-0.387433;0.099476;0;-0.000255187;-1.91132;0.136093;-0.0100783
-0.388653;0.0945996;0;-0.000256019;-1.91765;0.136536;-0.0101111
-0.389811;0.0897083;0;-0.000256851;-1.92398;0.136978;-0.0101439
-0.390907;0.0848028;0;-0.000257683;-1.93031;0.137421;-0.0101767
-0.391942;0.079884;0;-0.000258514;-1.93663;0.137863;-0.0102094
-0.392915;0.0749525;0;-0.000259345;-1.94295;0.138305;-0.0102422
-0.393826;0.0700092;0;-0.000260175;-1.94927;0.138747;-0.0102749
-0.394674;0.0650549;0;-0.000260997;-1.95552;0.139184;-0.0103073
-0.395461;0.0600902;0;-0.000261324;-1.95801;0.139358;-0.0103201
-0.396185;0.0551161;0;-0.000261598;-1.9601;0.139504;-0.0103309
-0.396846;0.0501333;0;-0.000261873;-1.96219;0.13965;-0.0103418
-0.397445;0.0451426;0;-0.000262148;-1.96428;0.139797;-0.0103526
-0.39798;0.0401447;0;-0.000262422;-1.96637;0.139943;-0.0103634
-0.398453;0.0351405;0;-0.00026269;-1.96842;0.140085;-0.010374
-0.398864;0.0301307;0;-0.00026295;-1.9704;0.140223;-0.0103842
-0.399211;0.0251162;0;-0.000263208;-1.97236;0.140361;-0.0103944
-0.399495;0.0200977;0;-0.000263465;-1.97432;0.140497;-0.0104045
-0.399716;0.0150761;0;-0.000263722;-1.97628;0.140634;-0.0104146
-0.399874;0.010052;0;-0.000263979;-1.97824;0.140771;-0.0104248
-0.399968;0.00502642;0;-0.000264235;-1.98019;0.140907;-0.0104349
-0.4;4.89859e-17;0;-0.000264491;-1.98214;0.141043;-0.0104449
-0.399968;-0.00502642;0;-0.000264314;-1.98079;0.140949;-0.0104379
-0.399874;-0.010052;0;-0.000264044;-1.97873;0.140805;-0.0104273
-0.399716;-0.0150761;0;-0.000263774;-1.97667;0.140662;-0.0104167
-0.399495;-0.0200977;0;-0.000263503;-1.97461;0.140518;-0.010406
-0.399211;-0.0251162;0;-0.000263232;-1.97254;0.140373;-0.0103953
-0.398864;-0.0301307;0;-0.000262961;-1.97047;0.140229;-0.0103846
-0.398453;-0.0351405;0;-0.000262689;-1.9684;0.140085;-0.0103739
-0.39798;-0.0401447;0;-0.000262418;-1.96633;0.13994;-0.0103632
-0.397445;-0.0451426;0;-0.000262146;-1.96426;0.139796;-0.0103525
-0.396846;-0.0501333;0;-0.000261874;-1.96219;0.139651;-0.0103418
-0.396185;-0.0551161;0;-0.000261602;-1.96011;0.139506;-0.0103311
-0.395461;-0.0600902;0;-0.000261331;-1.95804;0.139362;-0.0103204
-0.394674;-0.0650549;0;-0.000261058;-1.95596;0.139217;-0.0103097
-0.393826;-0.0700092;0;-0.000260256;-1.94985;0.13879;-0.010278
-0.392915;-0.0749525;0;-0.000259433;-1.94359;0.138352;-0.0102456
-0.391942;-0.079884;0;-0.00025861;-1.93733;0.137914;-0.0102132
-0.390907;-0.0848028;0;-0.000257786;-1.93106;0.137476;-0.0101807
-0.389811;-0.0897083;0;-0.000256961;-1.92479;0.137037;-0.0101482
-0.388653;-0.0945996;0;-0.000256136;-1.91851;0.136598;-0.0101157
-0.387433;-0.099476;0;-0.000255311;-1.91223;0.136159;-0.0100832
-0.386153;-0.104337;0;-0.000254486;-1.90595;0.13572;-0.0100507
-0.384811;-0.109181;0;-0.000253661;-1.89967;0.135281;-0.0100182
-0.383409;-0.114008;0;-0.000252836;-1.89339;0.134842;-0.00998567
-0.381946;-0.118817;0;-0.000252011;-1.88712;0.134403;-0.00995316
-0.380423;-0.123607;0;-0.000251186;-1.88084;0.133964;-0.00992068
-0.378839;-0.128377;0;-0.000250321;-1.87426;0.133504;-0.00988658
-0.377196;-0.133128;0;-0.00024909;-1.86491;0.132849;-0.00983807
-0.375494;-0.137857;0;-0.000247858;-1.85556;0.132193;-0.00978952
-0.373732;-0.142565;0;-0.000246625;-1.8462;0.131537;-0.00974095
-0.371911;-0.14725;0;-0.000245271;-1.83593;0.130816;-0.00968758
-0.370031;-0.151912;0;-0.000243899;-1.82552;0.130087;-0.00963355
-0.368093;-0.156549;0;-0.000242527;-1.81511;0.129357;-0.00957948
-0.366096;-0.161163;0;-0.000241155;-1.8047;0.128626;-0.00952539
-0.364042;-0.16575;0;-0.000239782;-1.79429;0.127896;-0.00947129
-0.361931;-0.170312;0;-0.000238409;-1.78387;0.127165;-0.00941719
-0.359762;-0.174846;0;-0.000237036;-1.77346;0.126435;-0.00936309
-0.357537;-0.179353;0;-0.000235664;-1.76305;0.125704;-0.009309
-0.355255;-0.183832;0;-0.000234125;-1.75139;0.124886;-0.00924838
-0.352916;-0.188282;0;-0.000232551;-1.73947;0.124048;-0.00918634
-0.350523;-0.192701;0;-0.000230905;-1.72702;0.123172;-0.0091215
-0.348074;-0.197091;0;-0.000229163;-1.71385;0.122245;-0.00905286
-0.345569;-0.201449;0;-0.00022742;-1.70067;0.121318;-0.00898419
-0.343011;-0.205776;0;-0.000225677;-1.68749;0.12039;-0.00891549
-0.340398;-0.21007;0;-0.000223933;-1.6743;0.119463;-0.00884678
-0.337731;-0.214331;0;-0.000222189;-1.66112;0.118535;-0.00877807
-0.335011;-0.218558;0;-0.000220445;-1.64794;0.117607;-0.00870937
-0.332238;-0.22275;0;-0.000218702;-1.63476;0.11668;-0.00864069
-0.329413;-0.226908;0;-0.00021696;-1.62158;0.115753;-0.00857204
-0.326536;-0.231029;0;-0.000215162;-1.60799;0.114796;-0.00850118
-0.323607;-0.235114;0;-0.000213338;-1.59421;0.113826;-0.00842934
-0.320627;-0.239162;0;-0.000211516;-1.58044;0.112856;-0.00835754
-0.317596;-0.243172;0;-0.00020969;-1.56664;0.111885;-0.00828558
-0.314515;-0.247144;0;-0.000207584;-1.55078;0.110764;-0.00820259
-0.311385;-0.251077;0;-0.000205344;-1.53393;0.109572;-0.00811434
-0.308205;-0.25497;0;-0.000203103;-1.51706;0.108379;-0.00802601
-0.304977;-0.258822;0;-0.00020086;-1.50018;0.107186;-0.00793763
-0.301701;-0.262634;0;-0.000198615;-1.48329;0.105992;-0.0078492
-0.298376;-0.266405;0;-0.00019637;-1.46639;0.104797;-0.00776074
-0.295005;-0.270133;0;-0.000194125;-1.44949;0.103602;-0.00767226
-0.291587;-0.273819;0;-0.00019188;-1.4326;0.102408;-0.00758378
-0.288124;-0.277461;0;-0.000189634;-1.4157;0.101213;-0.0074953
-0.284614;-0.28106;0;-0.00018739;-1.3988;0.100019;-0.00740686
-0.28106;-0.284614;0;-0.000185146;-1.38192;0.0988248;-0.00731845
-0.277461;-0.288124;0;-0.000182802;-1.36433;0.0975776;-0.00722609
-0.273819;-0.291587;0;-0.000180406;-1.34636;0.0963027;-0.00713168
-0.270133;-0.295005;0;-0.000177896;-1.32756;0.0949673;-0.00703278
-0.266405;-0.298376;0;-0.000175328;-1.30832;0.0936012;-0.00693161
-0.262634;-0.301701;0;-0.00017276;-1.28907;0.0922344;-0.00683039
-0.258822;-0.304977;0;-0.00017019;-1.26982;0.0908671;-0.00672914
-0.25497;-0.308205;0;-0.00016762;-1.25056;0.0894996;-0.00662787
-0.251077;-0.311385;0;-0.00016505;-1.2313;0.088132;-0.0065266
-0.247144;-0.314515;0;-0.00016248;-1.21205;0.0867647;-0.00642534
-0.243172;-0.317596;0;-0.000159911;-1.1928;0.0853977;-0.00632411
-0.239162;-0.320627;0;-0.000157343;-1.17356;0.0840314;-0.00622292
-0.235114;-0.323607;0;-0.000154777;-1.15433;0.0826658;-0.0061218
-0.231029;-0.326536;0;-0.000152213;-1.13512;0.0813013;-0.00602075
-0.226908;-0.329413;0;-0.000149585;-1.11546;0.0799031;-0.00591721
-0.22275;-0.332238;0;-0.000146792;-1.0946;0.0784172;-0.00580717
-0.218558;-0.335011;0;-0.000143943;-1.07334;0.0769012;-0.0056949
-0.214331;-0.337731;0;-0.000141066;-1.05188;0.0753704;-0.00558154
-0.21007;-0.340398;0;-0.000138187;-1.03041;0.073839;-0.00546813
-0.205776;-0.343011;0;-0.000135308;-1.00893;0.0723069;-0.00535467
-0.201449;-0.345569;0;-0.000132428;-0.987451;0.0707746;-0.0052412
-0.197091;-0.348074;0;-0.000129549;-0.965967;0.0692422;-0.00512772
-0.192701;-0.350523;0;-0.000126669;-0.944486;0.06771;-0.00501425
-0.188282;-0.352916;0;-0.00012379;-0.923011;0.0661783;-0.00490082
-0.183832;-0.355255;0;-0.000120913;-0.901545;0.0646472;-0.00478743
-0.179353;-0.357537;0;-0.000118037;-0.880092;0.063117;-0.00467411
-0.174846;-0.359762;0;-0.000115163;-0.858655;0.061588;-0.00456088
-0.170312;-0.361931;0;-0.000112184;-0.836487;0.0600028;-0.0044435
-0.16575;-0.364042;0;-0.000109107;-0.813613;0.0583655;-0.00432224
-0.161163;-0.366096;0;-0.000105998;-0.790507;0.0567114;-0.00419975
-0.156549;-0.368093;0;-0.000102887;-0.767385;0.0550562;-0.00407718
-0.151912;-0.370031;0;-9.97752e-05;-0.744253;0.0534002;-0.00395454
-0.14725;-0.371911;0;-9.6662e-05;-0.721113;0.0517437;-0.00383187
-0.142565;-0.373732;0;-9.35483e-05;-0.697969;0.0500869;-0.00370917
-0.137857;-0.375494;0;-9.04344e-05;-0.674824;0.0484301;-0.00358648
-0.133128;-0.377196;0;-8.73211e-05;-0.651683;0.0467735;-0.0034638
-0.128377;-0.378839;0;-8.42087e-05;-0.628549;0.0451174;-0.00334116
-0.123607;-0.380423;0;-8.10977e-05;-0.605425;0.0434621;-0.00321857
-0.118817;-0.381946;0;-7.79886e-05;-0.582316;0.0418077;-0.00309606
-0.114008;-0.383409;0;-7.4882e-05;-0.559225;0.0401547;-0.00297365
-0.109181;-0.384811;0;-7.17813e-05;-0.53618;0.0385049;-0.00285147
-0.104337;-0.386153;0;-6.8533e-05;-0.512094;0.0367765;-0.00272348
-0.099476;-0.387433;0;-6.52777e-05;-0.487956;0.0350444;-0.0025952
-0.0945996;-0.388653;0;-6.20205e-05;-0.463805;0.0333113;-0.00246686
-0.0897083;-0.389811;0;-5.87621e-05;-0.439645;0.0315775;-0.00233846
-0.0848028;-0.390907;0;-5.55052e-05;-0.415495;0.0298445;-0.00221013
-0.079884;-0.391942;0;-5.22422e-05;-0.391301;0.0281083;-0.00208156
-0.0749525;-0.392915;0;-4.89772e-05;-0.367092;0.026371;-0.0019529
-0.0700092;-0.393826;0;-4.57126e-05;-0.342886;0.024634;-0.00182426
-0.0650549;-0.394674;0;-4.2449e-05;-0.318687;0.0228974;-0.00169566
-0.0600902;-0.395461;0;-3.91869e-05;-0.2945;0.0211617;-0.00156712
-0.0551161;-0.396185;0;-3.59268e-05;-0.270327;0.019427;-0.00143866
-0.0501333;-0.396846;0;-3.26365e-05;-0.245945;0.0176762;-0.00130901
-0.0451426;-0.397445;0;-2.93164e-05;-0.221354;0.0159096;-0.00117818
-0.0401447;-0.39798;0;-2.59944e-05;-0.19675;0.014142;-0.00104728
-0.0351405;-0.398453;0;-2.2671e-05;-0.172135;0.0123737;-0.000916329
-0.0301307;-0.398864;0;-1.93522e-05;-0.147554;0.0106078;-0.000785556
-0.0251162;-0.399211;0;-1.60257e-05;-0.122916;0.00883774;-0.000654477
-0.0200977;-0.399495;0;-1.26989e-05;-0.0982755;0.00706759;-0.000523389
-0.0150761;-0.399716;0;-9.3724e-06;-0.0736378;0.0052976;-0.000392313
-0.010052;-0.399874;0;-6.04675e-06;-0.0490062;0.00352806;-0.000261269
-0.00502642;-0.399968;0;-2.72247e-06;-0.0243846;0.00175923;-0.000130279
-7.34788e-17;-0.4;0;5.99941e-07;0.000223008;-8.59414e-06;6.36437e-07
0.00502642;-0.399968;0;3.89626e-06;0.0246386;-0.00176255;0.000130525
0.010052;-0.399874;0;7.20583e-06;0.049155;-0.00352358;0.000260938
0.0150761;-0.399716;0;1.05181e-05;0.0736918;-0.00528607;0.000391459
0.0200977;-0.399495;0;1.38327e-05;0.0982451;-0.00704976;0.000522068
0.0251162;-0.399211;0;1.7149e-05;0.122811;-0.00881435;0.000652745
0.0301307;-0.398864;0;2.04664e-05;0.147386;-0.0105796;0.000783468
0.0351405;-0.398453;0;2.37845e-05;0.171966;-0.0123452;0.000914217
0.0401447;-0.39798;0;2.71028e-05;0.196546;-0.0141108;0.00104497
0.0451426;-0.397445;0;3.04206e-05;0.221124;-0.0158763;0.00117571
0.0501333;-0.396846;0;3.37376e-05;0.245695;-0.0176412;0.00130642
0.0551161;-0.396185;0;3.70374e-05;0.270128;-0.0193968;0.00143643
0.0600902;-0.395461;0;4.03487e-05;0.294646;-0.0211586;0.00156689
0.0650549;-0.394674;0;4.35726e-05;0.318548;-0.022874;0.00169393
0.0700092;-0.393826;0;4.68477e-05;0.342832;-0.0246166;0.00182298
0.0749525;-0.392915;0;5.01232e-05;0.367118;-0.0263595;0.00195204
0.079884;-0.391942;0;5.33985e-05;0.391403;-0.0281022;0.0020811
0.0848028;-0.390907;0;5.66021e-05;0.41516;-0.0298068;0.00220734
0.0897083;-0.389811;0;5.98311e-05;0.43911;-0.031525;0.00233457
0.0945996;-0.388653;0;6.30609e-05;0.463067;-0.0332436;0.00246184
0.099476;-0.387433;0;6.62911e-05;0.487026;-0.0349623;0.00258913
0.104337;-0.386153;0;6.95211e-05;0.510984;-0.036681;0.0027164
0.109181;-0.384811;0;7.27504e-05;0.534937;-0.0383994;0.00284366
0.114008;-0.383409;0;7.59786e-05;0.558881;-0.0401171;0.00297086
0.118817;-0.381946;0;7.90622e-05;0.581782;-0.0417579;0.00309237
0.123607;-0.380423;0;8.21813e-05;0.604964;-0.0434175;0.00321527
0.128377;-0.378839;0;8.53021e-05;0.628158;-0.0450781;0.00333825
0.133128;-0.377196;0;8.8424e-05;0.65136;-0.0467392;0.00346126
0.137857;-0.375494;0;9.15465e-05;0.674567;-0.0484007;0.0035843
0.142565;-0.373732;0;9.46692e-05;0.697776;-0.0500623;0.00370735
0.14725;-0.371911;0;9.77916e-05;0.720981;-0.0517237;0.00383039
0.151912;-0.370031;0;0.000100913;0.744181;-0.0533847;0.00395339
0.156549;-0.368093;0;0.000104033;0.767371;-0.0550449;0.00407634
0.161163;-0.366096;0;0.000107152;0.790548;-0.0567042;0.00419922
0.16575;-0.364042;0;0.000110268;0.813707;-0.0583623;0.00432201
0.170312;-0.361931;0;0.000113329;0.836469;-0.0599911;0.00444263
0.174846;-0.359762;0;0.000116304;0.858619;-0.0615742;0.00455987
0.179353;-0.357537;0;0.000119191;0.880146;-0.0631103;0.00467362
0.183832;-0.355255;0;0.000122079;0.901688;-0.0646473;0.00478744
0.188282;-0.352916;0;0.000124969;0.92324;-0.0661852;0.00490133
0.192701;-0.350523;0;0.000127861;0.944799;-0.0677235;0.00501525
0.197091;-0.348074;0;0.000130752;0.966363;-0.0692622;0.00512919
0.201449;-0.345569;0;0.000133644;0.987927;-0.0708008;0.00524314
0.205776;-0.343011;0;0.000136535;1.00949;-0.0723393;0.00535707
0.21007;-0.340398;0;0.000139426;1.03104;-0.0738774;0.00547097
0.214331;-0.337731;0;0.000142315;1.05259;-0.0754147;0.00558482
0.218558;-0.335011;0;0.000145202;1.07412;-0.0769512;0.0056986
0.22275;-0.332238;0;0.000148088;1.09564;-0.0784864;0.00581229
0.226908;-0.329413;0;0.000150853;1.1163;-0.0799582;0.00592129
0.231029;-0.326536;0;0.000153431;1.1356;-0.0813299;0.00602287
0.235114;-0.323607;0;0.000156011;1.15492;-0.0827027;0.00612453
0.239162;-0.320627;0;0.000158593;1.17426;-0.0840764;0.00622626
0.243172;-0.317596;0;0.000161176;1.1936;-0.0854509;0.00632804
0.247144;-0.314515;0;0.000163759;1.21295;-0.0868258;0.00642986
0.251077;-0.311385;0;0.000166344;1.2323;-0.088201;0.0065317
0.25497;-0.308205;0;0.000168928;1.25165;-0.0895762;0.00663354
0.258822;-0.304977;0;0.000171512;1.271;-0.0909513;0.00673537
0.262634;-0.301701;0;0.000174096;1.29035;-0.0923259;0.00683717
0.266405;-0.298376;0;0.000176678;1.30969;-0.0937;0.00693893
0.270133;-0.295005;0;0.000179259;1.32901;-0.0950732;0.00704062
0.273819;-0.291587;0;0.000181837;1.34832;-0.0964454;0.00714224
0.277461;-0.288124;0;0.000184368;1.36728;-0.0977921;0.00724197
0.28106;-0.284614;0;0.000186642;1.38437;-0.0990023;0.00733159
0.284614;-0.28106;0;0.000188862;1.40107;-0.100184;0.00741908
0.288124;-0.277461;0;0.000191084;1.41777;-0.101366;0.00750662
0.291587;-0.273819;0;0.000193306;1.43448;-0.102548;0.00759419
0.295005;-0.270133;0;0.000195528;1.4512;-0.103731;0.00768178
0.298376;-0.266405;0;0.000197751;1.46791;-0.104914;0.00776937
0.301701;-0.262634;0;0.000199974;1.48463;-0.106096;0.00785695
0.304977;-0.258822;0;0.000202195;1.50134;-0.107279;0.00794451
0.308205;-0.25497;0;0.000204416;1.51804;-0.108461;0.00803203
0.311385;-0.251077;0;0.000206636;1.53473;-0.109642;0.0081195
0.314515;-0.247144;0;0.000208854;1.55141;-0.110822;0.0082069
0.317596;-0.243172;0;0.000210997;1.56754;-0.111963;0.00829136
0.320627;-0.239162;0;0.00021279;1.58109;-0.112917;0.00836205
0.323607;-0.235114;0;0.000214586;1.59464;-0.113872;0.00843279
0.326536;-0.231029;0;0.000216382;1.6082;-0.114828;0.00850359
0.329413;-0.226908;0;0.000218179;1.62178;-0.115785;0.00857442
0.332238;-0.22275;0;0.000219977;1.63535;-0.116742;0.00864527
0.335011;-0.218558;0;0.000221775;1.64893;-0.117699;0.00871614
0.337731;-0.214331;0;0.000223574;1.66251;-0.118656;0.00878701
0.340398;-0.21007;0;0.000225372;1.67609;-0.119613;0.00885788
0.343011;-0.205776;0;0.000227169;1.68966;-0.120569;0.00892872
0.345569;-0.201449;0;0.000228966;1.70323;-0.121525;0.00899954
0.348074;-0.197091;0;0.000230762;1.71679;-0.122481;0.00907031
0.350523;-0.192701;0;0.000232556;1.73034;-0.123436;0.00914103
0.352916;-0.188282;0;0.000234349;1.74388;-0.12439;0.00921168
0.355255;-0.183832;0;0.000235911;1.75569;-0.125221;0.00927322
0.357537;-0.179353;0;0.000237244;1.76579;-0.125931;0.00932575
0.359762;-0.174846;0;0.000238577;1.7759;-0.12664;0.00937831
0.361931;-0.170312;0;0.000239852;1.78557;-0.127319;0.00942856
0.364042;-0.16575;0;0.000241118;1.79517;-0.127993;0.00947845
0.366096;-0.161163;0;0.000242385;1.80478;-0.128667;0.00952837
0.368093;-0.156549;0;0.000243652;1.81438;-0.129341;0.00957829
0.370031;-0.151912;0;0.000244918;1.82399;-0.130015;0.0096282
0.371911;-0.14725;0;0.000246185;1.83359;-0.130689;0.00967811
0.373732;-0.142565;0;0.00024745;1.84319;-0.131362;0.009728
0.375494;-0.137857;0;0.000248716;1.85279;-0.132036;0.00977786
0.377196;-0.133128;0;0.00024998;1.86238;-0.132708;0.00982769
0.378839;-0.128377;0;0.000251238;1.87191;-0.133378;0.00987726
0.380423;-0.123607;0;0.000252371;1.88051;-0.133981;0.00992192
0.381946;-0.118817;0;0.00025319;1.88674;-0.134416;0.00995418
0.383409;-0.114008;0;0.000254009;1.89298;-0.134852;0.00998645
0.384811;-0.109181;0;0.000254829;1.89922;-0.135288;0.0100187
0.386153;-0.104337;0;0.000255607;1.90515;-0.135702;0.0100494
0.387433;-0.099476;0;0.000256308;1.9105;-0.136075;0.010077
0.388653;-0.0945996;0;0.00025701;1.91585;-0.136448;0.0101047
0.389811;-0.0897083;0;0.000257712;1.92121;-0.136822;0.0101323
0.390907;-0.0848028;0;0.000258414;1.92656;-0.137195;0.0101599
0.391942;-0.079884;0;0.000259115;1.93191;-0.137568;0.0101876
0.392915;-0.0749525;0;0.000259817;1.93726;-0.137941;0.0102152
0.393826;-0.0700092;0;0.000260518;1.94261;-0.138314;0.0102428
0.394674;-0.0650549;0;0.000261219;1.94796;-0.138687;0.0102704
0.395461;-0.0600902;0;0.000261919;1.9533;-0.139059;0.010298
0.396185;-0.0551161;0;0.000262344;1.95656;-0.139285;0.0103147
0.396846;-0.0501333;0;0.000262661;1.959;-0.139453;0.0103272
0.397445;-0.0451426;0;0.000262978;1.96144;-0.139622;0.0103396
0.39798;-0.0401447;0;0.000263201;1.96317;-0.13974;0.0103484
0.398453;-0.0351405;0;0.000263348;1.96433;-0.139818;0.0103542
0.398864;-0.0301307;0;0.000263494;1.96548;-0.139895;0.0103599
0.399211;-0.0251162;0;0.000263641;1.96663;-0.139973;0.0103657
0.399495;-0.0200977;0;0.000263787;1.96779;-0.14005;0.0103714
0.399716;-0.0150761;0;0.000263934;1.96894;-0.140128;0.0103771
0.399874;-0.010052;0;0.000264081;1.97009;-0.140206;0.0103829
0.399968;-0.00502642;0;0.000264227;1.97125;-0.140283;0.0103886
