0.4;0;0;0.000264586;1.97048;-0.140359;0.0103943
0.399968;0.00502642;0;0.000264436;1.96938;-0.140279;0.0103883
0.399874;0.010052;0;0.000264282;1.96826;-0.140196;0.0103822
0.399716;0.0150761;0;0.000264129;1.96713;-0.140114;0.0103761
0.399495;0.0200977;0;0.000263976;1.96601;-0.140032;0.01037
0.399211;0.0251162;0;0.000263823;1.96489;-0.13995;0.0103639
0.398864;0.0301307;0;0.000263669;1.96377;-0.139867;0.0103578
0.398453;0.0351405;0;0.000263516;1.96264;-0.139785;0.0103518
0.39798;0.0401447;0;0.000263363;1.96152;-0.139703;0.0103457
0.397445;0.0451426;0;0.000263081;1.95942;-0.139552;0.0103345
0.396846;0.0501333;0;0.00026273;1.95679;-0.139365;0.0103206
0.396185;0.0551161;0;0.00026238;1.95416;-0.139178;0.0103068
0.395461;0.0600902;0;0.000262029;1.95154;-0.138991;0.0102929
0.394674;0.0650549;0;0.0002614;1.94677;-0.138655;0.0102681
0.393826;0.0700092;0;0.000260712;1.94155;-0.138289;0.0102409
0.392915;0.0749525;0;0.000260024;1.93633;-0.137921;0.0102137
0.391942;0.079884;0;0.000259335;1.93111;-0.137554;0.0101866
0.390907;0.0848028;0;0.000258646;1.92588;-0.137187;0.0101594
0.389811;0.0897083;0;0.000257957;1.92065;-0.13682;0.0101321
0.388653;0.0945996;0;0.000257268;1.91542;-0.136452;0.0101049
0.387433;0.099476;0;0.000256579;1.9102;-0.136085;0.0100777
0.386153;0.104337;0;0.000255852;1.90467;-0.135698;0.0100491
0.384811;0.109181;0;0.000255003;1.89822;-0.135245;0.0100156
0.383409;0.114008;0;0.000254154;1.89176;-0.134793;0.00998205
0.381946;0.118817;0;0.000253305;1.88531;-0.134341;0.00994855
0.380423;0.123607;0;0.000252457;1.87886;-0.133888;0.00991507
0.378839;0.128377;0;0.000251352;1.87046;-0.1333;0.0098715
0.377196;0.133128;0;0.000250082;1.8608;-0.132623;0.0098214
0.375494;0.137857;0;0.000248818;1.8512;-0.13195;0.00977152
0.373732;0.142565;0;0.000247553;1.84159;-0.131276;0.00972165
0.371911;0.14725;0;0.000246288;1.83199;-0.130603;0.00967174
0.370031;0.151912;0;0.000245023;1.82238;-0.129929;0.00962182
0.368093;0.156549;0;0.000243757;1.81277;-0.129254;0.0095719
0.366096;0.161163;0;0.000242492;1.80315;-0.12858;0.00952197
0.364042;0.16575;0;0.000241226;1.79354;-0.127906;0.00947204
0.361931;0.170312;0;0.000239961;1.78394;-0.127232;0.00942214
0.359762;0.174846;0;0.000238696;1.77433;-0.126558;0.00937225
0.357537;0.179353;0;0.000237432;1.76474;-0.125885;0.0093224
0.355255;0.183832;0;0.00023617;1.75515;-0.125212;0.00927258
0.352916;0.188282;0;0.000234642;1.74357;-0.124399;0.00921231
0.350523;0.192701;0;0.000232853;1.73002;-0.123446;0.00914176
0.348074;0.197091;0;0.000231063;1.71647;-0.122492;0.00907114
0.345569;0.201449;0;0.000229271;1.70291;-0.121538;0.00900047
0.343011;0.205776;0;0.000227478;1.68934;-0.120583;0.00892976
0.340398;0.21007;0;0.000225685;1.67576;-0.119628;0.00885902
0.337731;0.214331;0;0.000223891;1.66218;-0.118672;0.00878826
0.335011;0.218558;0;0.000222097;1.6486;-0.117717;0.00871749
0.332238;0.22275;0;0.000220303;1.63502;-0.116761;0.00864672
0.329413;0.226908;0;0.000218509;1.62144;-0.115806;0.00857597
0.326536;0.231029;0;0.000216716;1.60787;-0.114851;0.00850524
0.323607;0.235114;0;0.000214921;1.59429;-0.113895;0.00843446
0.320627;0.239162;0;0.000213122;1.58067;-0.112936;0.00836348
0.317596;0.243172;0;0.000211323;1.56705;-0.111979;0.00829255
0.314515;0.247144;0;0.000209267;1.55154;-0.110883;0.00821144
0.311385;0.251077;0;0.000207055;1.53487;-0.109705;0.00812417
0.308205;0.25497;0;0.000204841;1.51819;-0.108526;0.00803684
0.304977;0.258822;0;0.000202624;1.50149;-0.107345;0.0079494
0.301701;0.262634;0;0.000200404;1.48477;-0.106163;0.00786184
0.298376;0.266405;0;0.000198182;1.46802;-0.104979;0.0077742
0.295005;0.270133;0;0.000195958;1.45126;-0.103794;0.00768645
0.291587;0.273819;0;0.000193733;1.4345;-0.102609;0.0075987
0.288124;0.277461;0;0.000191509;1.41774;-0.101424;0.00751096
0.284614;0.28106;0;0.000189286;1.40099;-0.10024;0.00742326
0.28106;0.284614;0;0.000187063;1.38425;-0.0990564;0.0073356
0.277461;0.288124;0;0.000184806;1.36726;-0.0978542;0.00724657
0.273819;0.291587;0;0.000182234;1.34797;-0.096484;0.0071451
0.270133;0.295005;0;0.000179659;1.32867;-0.0951124;0.00704353
0.266405;0.298376;0;0.000177083;1.30935;-0.0937398;0.00694188
0.262634;0.301701;0;0.000174504;1.29002;-0.0923665;0.00684018
0.258822;0.304977;0;0.000171925;1.27068;-0.0909925;0.00673842
0.25497;0.308205;0;0.000169345;1.25134;-0.0896181;0.00663665
0.251077;0.311385;0;0.000166764;1.23198;-0.088243;0.00653481
0.247144;0.314515;0;0.000164182;1.21263;-0.0868677;0.00643296
0.243172;0.317596;0;0.000161598;1.19326;-0.0854912;0.00633103
0.239162;0.320627;0;0.000159015;1.17389;-0.0841153;0.00622914
0.235114;0.323607;0;0.000156433;1.15453;-0.08274;0.00612729
0.231029;0.326536;0;0.000153853;1.13519;-0.0813655;0.0060255
0.226908;0.329413;0;0.000151275;1.11586;-0.0799922;0.0059238
0.22275;0.332238;0;0.000148537;1.09539;-0.078534;0.00581581
0.218558;0.335011;0;0.000145654;1.07387;-0.0769981;0.00570208
0.214331;0.337731;0;0.000142769;1.05234;-0.0754611;0.00558825
0.21007;0.340398;0;0.000139882;1.03079;-0.0739231;0.00547436
0.205776;0.343011;0;0.000136993;1.00924;-0.0723844;0.00536041
0.201449;0.345569;0;0.000134104;0.987673;-0.0708453;0.00524643
0.197091;0.348074;0;0.000131214;0.966107;-0.0693059;0.00513243
0.192701;0.350523;0;0.000128325;0.944541;-0.0677666;0.00501844
0.188282;0.352916;0;0.000125436;0.922978;-0.0662275;0.00490446
0.183832;0.355255;0;0.000122547;0.901422;-0.0646889;0.00479052
0.179353;0.357537;0;0.000119661;0.879877;-0.0631511;0.00467664
0.174846;0.359762;0;0.000116776;0.858346;-0.0616143;0.00456283
0.170312;0.361931;0;0.000113854;0.836564;-0.0600577;0.00444756
0.16575;0.364042;0;0.000110737;0.813378;-0.0583972;0.00432459
0.161163;0.366096;0;0.000107604;0.790077;-0.0567286;0.00420102
0.156549;0.368093;0;0.000104469;0.766753;-0.0550583;0.00407733
0.151912;0.370031;0;0.000101331;0.743409;-0.0533865;0.00395353
0.14725;0.371911;0;9.81905e-05;0.720049;-0.0517137;0.00382964
0.142565;0.373732;0;9.50485e-05;0.696676;-0.0500399;0.00370569
0.137857;0.375494;0;9.19053e-05;0.673294;-0.0483654;0.00358169
0.133128;0.377196;0;8.87614e-05;0.649908;-0.0466906;0.00345766
0.128377;0.378839;0;8.56173e-05;0.626519;-0.0450158;0.00333363
0.123607;0.380423;0;8.24735e-05;0.603134;-0.043341;0.00320961
0.118817;0.381946;0;7.9407e-05;0.580351;-0.0417074;0.00308863
0.114008;0.383409;0;7.61884e-05;0.556474;-0.0399927;0.00296165
0.109181;0.384811;0;7.29684e-05;0.532586;-0.0382773;0.00283462
0.104337;0.386153;0;6.97475e-05;0.508691;-0.0365614;0.00270755
0.099476;0.387433;0;6.65263e-05;0.484794;-0.0348454;0.00258046
0.0945996;0.388653;0;6.33051e-05;0.460897;-0.0331293;0.00245338
0.0897083;0.389811;0;6.00846e-05;0.437006;-0.0314136;0.00232633
0.0848028;0.390907;0;5.68652e-05;0.413122;-0.0296985;0.00219932
0.079884;0.391942;0;5.36475e-05;0.389251;-0.0279843;0.00207237
0.0749525;0.392915;0;5.04319e-05;0.365395;-0.0262713;0.00194551
0.0700092;0.393826;0;4.7219e-05;0.34156;-0.0245596;0.00181876
0.0650549;0.394674;0;4.40092e-05;0.317748;-0.0228497;0.00169213
0.0600902;0.395461;0;4.08031e-05;0.293963;-0.0211417;0.00156564
0.0551161;0.396185;0;3.76012e-05;0.270209;-0.0194359;0.00143932
0.0501333;0.396846;0;3.43067e-05;0.245792;-0.0176808;0.00130935
0.0451426;0.397445;0;3.09948e-05;0.221255;-0.0159164;0.00117869
0.0401447;0.39798;0;2.76792e-05;0.19669;-0.0141501;0.00104788
0.0351405;0.398453;0;2.43603e-05;0.1721;-0.012382;0.000916944
0.0301307;0.398864;0;2.10386e-05;0.147491;-0.0106124;0.0007859
0.0251162;0.399211;0;1.77148e-05;0.122865;-0.00884168;0.000654768
0.0200977;0.399495;0;1.43892e-05;0.098226;-0.00707004;0.00052357
0.0150761;0.399716;0;1.10625e-05;0.0735788;-0.00529779;0.000392326
0.010052;0.399874;0;7.73519e-06;0.0489269;-0.00352519;0.000261057
0.00502642;0.399968;0;4.40773e-06;0.0242742;-0.00175254;0.000129784
2.44929e-17;0.4;0;1.08069e-06;-0.00037549;1.98971e-05;-1.47348e-06
-0.00502642;0.399968;0;-2.24542e-06;-0.0250182;0.00179183;-0.000132694
-0.010052;0.399874;0;-5.57006e-06;-0.0496501;0.00356299;-0.000263856
-0.0150761;0.399716;0;-8.89271e-06;-0.0742672;0.00533308;-0.00039494
-0.0200977;0.399495;0;-1.22128e-05;-0.0988658;0.00710184;-0.000525925
-0.0251162;0.399211;0;-1.553e-05;-0.123442;0.00886897;-0.00065679
-0.0301307;0.398864;0;-1.88435e-05;-0.147991;0.0106342;-0.000787514
-0.0351405;0.398453;0;-2.21251e-05;-0.172316;0.0123824;-0.000916979
-0.0401447;0.39798;0;-2.53926e-05;-0.196549;0.0141232;-0.00104589
-0.0451426;0.397445;0;-2.86606e-05;-0.220779;0.0158641;-0.00117481
-0.0501333;0.396846;0;-3.19311e-05;-0.245028;0.0176065;-0.00130384
-0.0551161;0.396185;0;-3.52038e-05;-0.269293;0.01935;-0.00143296
-0.0600902;0.395461;0;-3.84781e-05;-0.29357;0.0210943;-0.00156214
-0.0650549;0.394674;0;-4.17535e-05;-0.317855;0.0228392;-0.00169135
-0.0700092;0.393826;0;-4.50294e-05;-0.342144;0.0245844;-0.00182059
-0.0749525;0.392915;0;-4.83054e-05;-0.366433;0.0263297;-0.00194984
-0.079884;0.391942;0;-5.15809e-05;-0.390718;0.0280746;-0.00207906
-0.0848028;0.390907;0;-5.48554e-05;-0.414997;0.0298191;-0.00220825
-0.0897083;0.389811;0;-5.81283e-05;-0.439264;0.0315627;-0.00233737
-0.0945996;0.388653;0;-6.13993e-05;-0.463516;0.0333053;-0.00246642
-0.099476;0.387433;0;-6.46677e-05;-0.487749;0.0350465;-0.00259536
-0.104337;0.386153;0;-6.78909e-05;-0.511669;0.0367636;-0.00272252
-0.109181;0.384811;0;-7.10337e-05;-0.535031;0.0384379;-0.00284651
-0.114008;0.383409;0;-7.41515e-05;-0.55821;0.0400989;-0.00296951
-0.118817;0.381946;0;-7.72718e-05;-0.581408;0.0417611;-0.00309261
-0.123607;0.380423;0;-8.03939e-05;-0.60462;0.0434244;-0.00321578
-0.128377;0.378839;0;-8.35175e-05;-0.627843;0.0450885;-0.00333901
-0.133128;0.377196;0;-8.6642e-05;-0.651073;0.046753;-0.00346228
-0.137857;0.375494;0;-8.9767e-05;-0.674306;0.0484178;-0.00358557
-0.142565;0.373732;0;-9.28919e-05;-0.697539;0.0500825;-0.00370885
-0.14725;0.371911;0;-9.60163e-05;-0.720767;0.051747;-0.00383211
-0.151912;0.370031;0;-9.91265e-05;-0.743892;0.0534039;-0.00395481
-0.156549;0.368093;0;-0.000102238;-0.767021;0.0550614;-0.00407756
-0.161163;0.366096;0;-0.000105348;-0.790138;0.0567181;-0.00420024
-0.16575;0.364042;0;-0.000108455;-0.813238;0.0583736;-0.00432284
-0.170312;0.361931;0;-0.00011156;-0.836319;0.0600277;-0.00444534
-0.174846;0.359762;0;-0.000114546;-0.858531;0.0616183;-0.00456313
-0.179353;0.357537;0;-0.000117413;-0.879928;0.0631459;-0.00467625
-0.183832;0.355255;0;-0.000120283;-0.901341;0.0646746;-0.00478947
-0.188282;0.352916;0;-0.000123154;-0.922766;0.0662043;-0.00490274
-0.192701;0.350523;0;-0.000126027;-0.944202;0.0677347;-0.00501608
-0.197091;0.348074;0;-0.0001289;-0.965643;0.0692655;-0.00512944
-0.201449;0.345569;0;-0.000131774;-0.987086;0.0707965;-0.00524281
-0.205776;0.343011;0;-0.000134648;-1.00853;0.0723274;-0.00535619
-0.21007;0.340398;0;-0.000137521;-1.02997;0.0738581;-0.00546954
-0.214331;0.337731;0;-0.000140393;-1.0514;0.0753882;-0.00558285
-0.218558;0.335011;0;-0.000143264;-1.07282;0.0769175;-0.00569611
-0.22275;0.332238;0;-0.000146096;-1.09396;0.0784266;-0.00580786
-0.226908;0.329413;0;-0.000148888;-1.11479;0.0799138;-0.00591799
-0.231029;0.326536;0;-0.000151431;-1.13385;0.0812685;-0.00601832
-0.235114;0.323607;0;-0.000154009;-1.15317;0.082642;-0.00612004
-0.239162;0.320627;0;-0.000156589;-1.1725;0.0840164;-0.00622182
-0.243172;0.317596;0;-0.00015917;-1.19185;0.0853915;-0.00632365
-0.247144;0.314515;0;-0.000161752;-1.2112;0.0867671;-0.00642552
-0.251077;0.311385;0;-0.000164335;-1.23055;0.0881429;-0.0065274
-0.25497;0.308205;0;-0.000166918;-1.24991;0.0895188;-0.00662929
-0.258822;0.304977;0;-0.0001695;-1.26926;0.0908945;-0.00673117
-0.262634;0.301701;0;-0.000172082;-1.28861;0.0922698;-0.00683302
-0.266405;0.298376;0;-0.000174662;-1.30795;0.0936446;-0.00693483
-0.270133;0.295005;0;-0.000177241;-1.32728;0.0950184;-0.00703657
-0.273819;0.291587;0;-0.000179818;-1.34659;0.0963913;-0.00713823
-0.277461;0.288124;0;-0.000182237;-1.36472;0.0976803;-0.00723369
-0.28106;0.284614;0;-0.000184541;-1.38202;0.0989075;-0.00732457
-0.284614;0.28106;0;-0.000186777;-1.39885;0.100099;-0.0074128
-0.288124;0.277461;0;-0.000189015;-1.4157;0.101291;-0.00750106
-0.291587;0.273819;0;-0.000191253;-1.43255;0.102483;-0.00758935
-0.295005;0.270133;0;-0.000193491;-1.4494;0.103675;-0.00767765
-0.298376;0.266405;0;-0.000195729;-1.46625;0.104868;-0.00776595
-0.301701;0.262634;0;-0.000197967;-1.48309;0.10606;-0.00785423
-0.304977;0.258822;0;-0.000200204;-1.49993;0.107251;-0.00794248
-0.308205;0.25497;0;-0.000202439;-1.51676;0.108443;-0.00803068
-0.311385;0.251077;0;-0.000204674;-1.53358;0.109633;-0.00811883
-0.314515;0.247144;0;-0.000206906;-1.55039;0.110822;-0.00820691
-0.317596;0.243172;0;-0.00020899;-1.56608;0.111932;-0.00828912
-0.320627;0.239162;0;-0.000210794;-1.57972;0.112893;-0.00836027
-0.323607;0.235114;0;-0.000212599;-1.59336;0.113855;-0.00843148
-0.326536;0.231029;0;-0.000214405;-1.60702;0.114817;-0.00850273
-0.329413;0.226908;0;-0.000216212;-1.62068;0.115779;-0.00857402
-0.332238;0.22275;0;-0.000218019;-1.63435;0.116742;-0.00864533
-0.335011;0.218558;0;-0.000219827;-1.64802;0.117705;-0.00871664
-0.337731;0.214331;0;-0.000221606;-1.66146;0.118653;-0.00878685
-0.340398;0.21007;0;-0.000223387;-1.67492;0.119602;-0.0088571
-0.343011;0.205776;0;-0.000225167;-1.68838;0.12055;-0.00892733
-0.345569;0.201449;0;-0.000226947;-1.70183;0.121498;-0.00899753
-0.348074;0.197091;0;-0.000228725;-1.71528;0.122446;-0.0090677
-0.350523;0.192701;0;-0.000230502;-1.72871;0.123393;-0.00913782
-0.352916;0.188282;0;-0.000232278;-1.74214;0.124339;-0.00920789
-0.355255;0.183832;0;-0.000233881;-1.75427;0.125193;-0.00927114
-0.357537;0.179353;0;-0.000235206;-1.76432;0.125899;-0.0093234
-0.359762;0.174846;0;-0.000236536;-1.77441;0.126607;-0.00937587
-0.361931;0.170312;0;-0.000237866;-1.78451;0.127316;-0.00942835
-0.364042;0.16575;0;-0.000239197;-1.7946;0.128025;-0.00948083
-0.366096;0.161163;0;-0.000240527;-1.8047;0.128733;-0.00953332
-0.368093;0.156549;0;-0.000241857;-1.8148;0.129442;-0.00958579
-0.370031;0.151912;0;-0.000243187;-1.82489;0.13015;-0.00963825
-0.371911;0.14725;0;-0.000244516;-1.83497;0.130858;-0.00969067
-0.373732;0.142565;0;-0.000245844;-1.84505;0.131566;-0.00974307
-0.375494;0.137857;0;-0.000247171;-1.85512;0.132273;-0.00979542
-0.377196;0.133128;0;-0.000248458;-1.86491;0.132958;-0.00984621
-0.378839;0.128377;0;-0.000249356;-1.87174;0.133437;-0.00988161
-0.380423;0.123607;0;-0.000250186;-1.87805;0.133879;-0.00991436
-0.381946;0.118817;0;-0.000251016;-1.88437;0.134321;-0.00994712
-0.383409;0.114008;0;-0.000251847;-1.8907;0.134764;-0.00997991
-0.384811;0.109181;0;-0.000252678;-1.89702;0.135207;-0.0100127
-0.386153;0.104337;0;-0.00025351;-1.90335;0.13565;-0.0100455
-0.387433;0.099476;0;-0.000254341;-1.90968;0.136093;-0.0100783
-0.388653;0.0945996;0;-0.000255173;-1.91601;0.136536;-0.0101111
-0.389811;0.0897083;0;-0.000256004;-1.92233;0.136978;-0.0101439
-0.390907;0.0848028;0;-0.000256835;-1.92865;0.137421;-0.0101767
-0.391942;0.079884;0;-0.000257665;-1.93497;0.137863;-0.0102094
-0.392915;0.0749525;0;-0.000258495;-1.94129;0.138305;-0.0102422
-0.393826;0.0700092;0;-0.000259324;-1.9476;0.138747;-0.0102749
-0.394674;0.0650549;0;-0.000260145;-1.95385;0.139184;-0.0103073
-0.395461;0.0600902;0;-0.000260471;-1.95633;0.139358;-0.0103201
-0.396185;0.0551161;0;-0.000260745;-1.95842;0.139504;-0.0103309
-0.396846;0.0501333;0;-0.00026102;-1.96051;0.13965;-0.0103418
-0.397445;0.0451426;0;-0.000261294;-1.9626;0.139797;-0.0103526
-0.39798;0.0401447;0;-0.000261568;-1.9647;0.139943;-0.0103634
-0.398453;0.0351405;0;-0.000261836;-1.96674;0.140085;-0.010374
-0.398864;0.0301307;0;-0.000262096;-1.96872;0.140223;-0.0103842
-0.399211;0.0251162;0;-0.000262353;-1.97068;0.140361;-0.0103944
-0.399495;0.0200977;0;-0.00026261;-1.97264;0.140497;-0.0104045
-0.399716;0.0150761;0;-0.000262867;-1.97459;0.140634;-0.0104146
-0.399874;0.010052;0;-0.000263123;-1.97655;0.140771;-0.0104248
-0.399968;0.00502642;0;-0.000263379;-1.9785;0.140907;-0.0104349
-0.4;4.89859e-17;0;-0.000263635;-1.98045;0.141043;-0.0104449
-0.399968;-0.00502642;0;-0.000263457;-1.97909;0.140949;-0.0104379
-0.399874;-0.010052;0;-0.000263188;-1.97704;0.140805;-0.0104273
-0.399716;-0.0150761;0;-0.000262918;-1.97498;0.140662;-0.0104167
-0.399495;-0.0200977;0;-0.000262648;-1.97292;0.140518;-0.010406
-0.399211;-0.0251162;0;-0.000262377;-1.97085;0.140373;-0.0103953
-0.398864;-0.0301307;0;-0.000262106;-1.96879;0.140229;-0.0103846
-0.398453;-0.0351405;0;-0.000261835;-1.96672;0.140085;-0.0103739
-0.39798;-0.0401447;0;-0.000261564;-1.96465;0.13994;-0.0103632
-0.397445;-0.0451426;0;-0.000261292;-1.96258;0.139796;-0.0103525
-0.396846;-0.0501333;0;-0.000261021;-1.96051;0.139651;-0.0103418
-0.396185;-0.0551161;0;-0.000260749;-1.95844;0.139506;-0.0103311
-0.395461;-0.0600902;0;-0.000260478;-1.95637;0.139362;-0.0103204
-0.394674;-0.0650549;0;-0.000260205;-1.95429;0.139217;-0.0103097
-0.393826;-0.0700092;0;-0.000259404;-1.94819;0.13879;-0.010278
-0.392915;-0.0749525;0;-0.000258583;-1.94193;0.138352;-0.0102456
-0.391942;-0.079884;0;-0.00025776;-1.93567;0.137914;-0.0102132
-0.390907;-0.0848028;0;-0.000256937;-1.92941;0.137476;-0.0101807
-0.389811;-0.0897083;0;-0.000256114;-1.92314;0.137037;-0.0101482
-0.388653;-0.0945996;0;-0.00025529;-1.91686;0.136598;-0.0101157
-0.387433;-0.099476;0;-0.000254466;-1.91059;0.136159;-0.0100832
-0.386153;-0.104337;0;-0.000253641;-1.90431;0.13572;-0.0100507
-0.384811;-0.109181;0;-0.000252817;-1.89804;0.135281;-0.0100182
-0.383409;-0.114008;0;-0.000251993;-1.89176;0.134842;-0.00998567
-0.381946;-0.118817;0;-0.000251169;-1.88549;0.134403;-0.00995316
-0.380423;-0.123607;0;-0.000250345;-1.87922;0.133964;-0.00992068
-0.378839;-0.128377;0;-0.000249481;-1.87264;0.133504;-0.00988658
-0.377196;-0.133128;0;-0.000248251;-1.86331;0.132849;-0.00983807
-0.375494;-0.137857;0;-0.000247021;-1.85397;0.132193;-0.00978952
-0.373732;-0.142565;0;-0.00024579;-1.84462;0.131537;-0.00974095
-0.371911;-0.14725;0;-0.000244437;-1.83434;0.130816;-0.00968758
-0.370031;-0.151912;0;-0.000243067;-1.82393;0.130087;-0.00963355
-0.368093;-0.156549;0;-0.000241696;-1.81352;0.129357;-0.00957948
-0.366096;-0.161163;0;-0.000240325;-1.8031;0.128626;-0.00952539
-0.364042;-0.16575;0;-0.000238954;-1.79268;0.127896;-0.00947129
-0.361931;-0.170312;0;-0.000237582;-1.78226;0.127165;-0.00941719
-0.359762;-0.174846;0;-0.00023621;-1.77184;0.126435;-0.00936309
-0.357537;-0.179353;0;-0.000234839;-1.76142;0.125704;-0.009309
-0.355255;-0.183832;0;-0.000233303;-1.74978;0.124886;-0.00924838
-0.352916;-0.188282;0;-0.00023173;-1.73786;0.124048;-0.00918634
-0.350523;-0.192701;0;-0.000230087;-1.72543;0.123172;-0.0091215
-0.348074;-0.197091;0;-0.000228347;-1.71228;0.122245;-0.00905286
-0.345569;-0.201449;0;-0.000226606;-1.69912;0.121318;-0.00898419
-0.343011;-0.205776;0;-0.000224865;-1.68596;0.12039;-0.00891549
-0.340398;-0.21007;0;-0.000223124;-1.6728;0.119463;-0.00884678
-0.337731;-0.214331;0;-0.000221382;-1.65964;0.118535;-0.00877807
-0.335011;-0.218558;0;-0.000219641;-1.64648;0.117607;-0.00870937
-0.332238;-0.22275;0;-0.0002179;-1.63332;0.11668;-0.00864069
-0.329413;-0.226908;0;-0.00021616;-1.62017;0.115753;-0.00857204
-0.326536;-0.231029;0;-0.000214364;-1.6066;0.114796;-0.00850118
-0.323607;-0.235114;0;-0.000212543;-1.59283;0.113826;-0.00842934
-0.320627;-0.239162;0;-0.000210723;-1.57906;0.112856;-0.00835754
-0.317596;-0.243172;0;-0.000208899;-1.56528;0.111885;-0.00828558
-0.314515;-0.247144;0;-0.000206795;-1.54945;0.110764;-0.00820259
-0.311385;-0.251077;0;-0.000204558;-1.53261;0.109572;-0.00811434
-0.308205;-0.25497;0;-0.00020232;-1.51575;0.108379;-0.00802601
-0.304977;-0.258822;0;-0.000200079;-1.49888;0.107186;-0.00793763
-0.301701;-0.262634;0;-0.000197838;-1.482;0.105992;-0.0078492
-0.298376;-0.266405;0;-0.000195595;-1.46511;0.104797;-0.00776074
-0.295005;-0.270133;0;-0.000193353;-1.44823;0.103602;-0.00767226
-0.291587;-0.273819;0;-0.00019111;-1.43134;0.102408;-0.00758378
-0.288124;-0.277461;0;-0.000188867;-1.41445;0.101213;-0.0074953
-0.284614;-0.28106;0;-0.000186625;-1.39757;0.100019;-0.00740686
-0.28106;-0.284614;0;-0.000184384;-1.38069;0.0988248;-0.00731845
-0.277461;-0.288124;0;-0.000182043;-1.36313;0.0975776;-0.00722609
-0.273819;-0.291587;0;-0.00017965;-1.3452;0.0963027;-0.00713168
-0.270133;-0.295005;0;-0.000177143;-1.32641;0.0949673;-0.00703278
-0.266405;-0.298376;0;-0.000174579;-1.30718;0.0936012;-0.00693161
-0.262634;-0.301701;0;-0.000172013;-1.28795;0.0922344;-0.00683039
-0.258822;-0.304977;0;-0.000169447;-1.26871;0.0908671;-0.00672914
-0.25497;-0.308205;0;-0.00016688;-1.24947;0.0894996;-0.00662787
-0.251077;-0.311385;0;-0.000164313;-1.23023;0.088132;-0.0065266
-0.247144;-0.314515;0;-0.000161746;-1.21099;0.0867647;-0.00642534
-0.243172;-0.317596;0;-0.00015918;-1.19175;0.0853977;-0.00632411
-0.239162;-0.320627;0;-0.000156615;-1.17252;0.0840314;-0.00622292
-0.235114;-0.323607;0;-0.000154052;-1.15331;0.0826658;-0.0061218
-0.231029;-0.326536;0;-0.00015149;-1.13411;0.0813013;-0.00602075
-0.226908;-0.329413;0;-0.000148866;-1.11448;0.0799031;-0.00591721
-0.22275;-0.332238;0;-0.000146077;-1.09366;0.0784172;-0.00580717
-0.218558;-0.335011;0;-0.000143231;-1.07242;0.0769012;-0.0056949
-0.214331;-0.337731;0;-0.000140358;-1.05097;0.0753704;-0.00558154
-0.21007;-0.340398;0;-0.000137483;-1.02952;0.073839;-0.00546813
-0.205776;-0.343011;0;-0.000134607;-1.00806;0.0723069;-0.00535467
-0.201449;-0.345569;0;-0.000131731;-0.986591;0.0707746;-0.0052412
-0.197091;-0.348074;0;-0.000128854;-0.965123;0.0692422;-0.00512772
-0.192701;-0.350523;0;-0.000125978;-0.943658;0.06771;-0.00501425
-0.188282;-0.352916;0;-0.000123103;-0.922199;0.0661783;-0.00490082
-0.183832;-0.355255;0;-0.000120229;-0.900749;0.0646472;-0.00478743
-0.179353;-0.357537;0;-0.000117356;-0.879312;0.063117;-0.00467411
-0.174846;-0.359762;0;-0.000114486;-0.857892;0.061588;-0.00456088
-0.170312;-0.361931;0;-0.000111511;-0.835762;0.0600028;-0.0044435
-0.16575;-0.364042;0;-0.000108437;-0.812908;0.0583655;-0.00432224
-0.161163;-0.366096;0;-0.000105332;-0.78982;0.0567114;-0.00419975
-0.156549;-0.368093;0;-0.000102225;-0.766718;0.0550562;-0.00407718
-0.151912;-0.370031;0;-9.91169e-05;-0.743604;0.0534002;-0.00395454
-0.14725;-0.371911;0;-9.60074e-05;-0.720482;0.0517437;-0.00383187
-0.142565;-0.373732;0;-9.28974e-05;-0.697356;0.0500869;-0.00370917
-0.137857;-0.375494;0;-8.97873e-05;-0.67423;0.0484301;-0.00358648
-0.133128;-0.377196;0;-8.66777e-05;-0.651107;0.0467735;-0.0034638
-0.128377;-0.378839;0;-8.3569e-05;-0.627991;0.0451174;-0.00334116
-0.123607;-0.380423;0;-8.04617e-05;-0.604886;0.0434621;-0.00321857
-0.118817;-0.381946;0;-7.73564e-05;-0.581795;0.0418077;-0.00309606
-0.114008;-0.383409;0;-7.42535e-05;-0.558722;0.0401547;-0.00297365
-0.109181;-0.384811;0;-7.11566e-05;-0.535696;0.0385049;-0.00285147
-0.104337;-0.386153;0;-6.79123e-05;-0.511635;0.0367765;-0.00272348
-0.099476;-0.387433;0;-6.46608e-05;-0.487517;0.0350444;-0.0025952
-0.0945996;-0.388653;0;-6.14076e-05;-0.463386;0.0333113;-0.00246686
-0.0897083;-0.389811;0;-5.81531e-05;-0.439246;0.0315775;-0.00233846
-0.0848028;-0.390907;0;-5.49001e-05;-0.415115;0.0298445;-0.00221013
-0.079884;-0.391942;0;-5.16411e-05;-0.390941;0.0281083;-0.00208156
-0.0749525;-0.392915;0;-4.83799e-05;-0.366751;0.026371;-0.0019529
-0.0700092;-0.393826;0;-4.51193e-05;-0.342564;0.024634;-0.00182426
-0.0650549;-0.394674;0;-4.18596e-05;-0.318385;0.0228974;-0.00169566
-0.0600902;-0.395461;0;-3.86014e-05;-0.294216;0.0211617;-0.00156712
-0.0551161;-0.396185;0;-3.53452e-05;-0.270063;0.019427;-0.00143866
-0.0501333;-0.396846;0;-3.20588e-05;-0.245697;0.0176762;-0.00130901
-0.0451426;-0.397445;0;-2.87427e-05;-0.221127;0.0159096;-0.00117818
-0.0401447;-0.39798;0;-2.54247e-05;-0.196543;0.014142;-0.00104728
-0.0351405;-0.398453;0;-2.21053e-05;-0.171949;0.0123737;-0.000916329
-0.0301307;-0.398864;0;-1.87905e-05;-0.147389;0.0106078;-0.000785556
-0.0251162;-0.399211;0;-1.5468e-05;-0.122771;0.00883774;-0.000654477
-0.0200977;-0.399495;0;-1.21452e-05;-0.0981517;0.00706759;-0.000523389
-0.0150761;-0.399716;0;-8.82274e-06;-0.0735347;0.0052976;-0.000392313
-0.010052;-0.399874;0;-5.50111e-06;-0.0489239;0.00352806;-0.000261269
-0.00502642;-0.399968;0;-2.18083e-06;-0.0243231;0.00175923;-0.000130279
-7.34788e-17;-0.4;0;1.13757e-06;0.000263729;-8.59414e-06;6.36437e-07
0.00502642;-0.399968;0;4.42994e-06;0.0246599;-0.00176255;0.000130525
0.010052;-0.399874;0;7.73559e-06;0.0491598;-0.00352358;0.000260938
0.0150761;-0.399716;0;1.1044e-05;0.0736801;-0.00528607;0.000391459
0.0200977;-0.399495;0;1.43546e-05;0.0982168;-0.00704976;0.000522068
0.0251162;-0.399211;0;1.7667e-05;0.122766;-0.00881435;0.000652745
0.0301307;-0.398864;0;2.09805e-05;0.147325;-0.0105796;0.000783468
0.0351405;-0.398453;0;2.42947e-05;0.171888;-0.0123452;0.000914217
0.0401447;-0.39798;0;2.7609e-05;0.196452;-0.0141108;0.00104497
0.0451426;-0.397445;0;3.09229e-05;0.221013;-0.0158763;0.00117571
0.0501333;-0.396846;0;3.4236e-05;0.245568;-0.0176412;0.00130642
0.0551161;-0.396185;0;3.75314e-05;0.269957;-0.0193968;0.00143643
0.0600902;-0.395461;0;4.08382e-05;0.294432;-0.0211586;0.00156689
0.0650549;-0.394674;0;4.40582e-05;0.318309;-0.022874;0.00169393
0.0700092;-0.393826;0;4.73293e-05;0.342569;-0.0246166;0.00182298
0.0749525;-0.392915;0;5.06007e-05;0.366831;-0.0263595;0.00195204
0.079884;-0.391942;0;5.3872e-05;0.391091;-0.0281022;0.0020811
0.0848028;-0.390907;0;5.70718e-05;0.414826;-0.0298068;0.00220734
0.0897083;-0.389811;0;6.02968e-05;0.438756;-0.031525;0.00233457
0.0945996;-0.388653;0;6.35227e-05;0.462693;-0.0332436;0.00246184
0.099476;-0.387433;0;6.6749e-05;0.486632;-0.0349623;0.00258913
0.104337;-0.386153;0;6.99751e-05;0.51057;-0.036681;0.0027164
0.109181;-0.384811;0;7.32005e-05;0.534503;-0.0383994;0.00284366
0.114008;-0.383409;0;7.64248e-05;0.558427;-0.0401171;0.00297086
0.118817;-0.381946;0;7.95047e-05;0.581309;-0.0417579;0.00309237
0.123607;-0.380423;0;8.26201e-05;0.60447;-0.0434175;0.00321527
0.128377;-0.378839;0;8.5737e-05;0.627643;-0.0450781;0.00333825
0.133128;-0.377196;0;8.88552e-05;0.650825;-0.0467392;0.00346126
0.137857;-0.375494;0;9.19739e-05;0.674012;-0.0484007;0.0035843
0.142565;-0.373732;0;9.50929e-05;0.6972;-0.0500623;0.00370735
0.14725;-0.371911;0;9.82115e-05;0.720385;-0.0517237;0.00383039
0.151912;-0.370031;0;0.000101329;0.743565;-0.0533847;0.00395339
0.156549;-0.368093;0;0.000104446;0.766734;-0.0550449;0.00407634
0.161163;-0.366096;0;0.00010756;0.789891;-0.0567042;0.00419922
0.16575;-0.364042;0;0.000110673;0.81303;-0.0583623;0.00432201
0.170312;-0.361931;0;0.00011373;0.835776;-0.0599911;0.00444263
0.174846;-0.359762;0;0.000116702;0.857913;-0.0615742;0.00455987
0.179353;-0.357537;0;0.000119585;0.87942;-0.0631103;0.00467362
0.183832;-0.355255;0;0.00012247;0.90094;-0.0646473;0.00478744
0.188282;-0.352916;0;0.000125357;0.922472;-0.0661852;0.00490133
0.192701;-0.350523;0;0.000128244;0.944012;-0.0677235;0.00501525
0.197091;-0.348074;0;0.000131132;0.965555;-0.0692622;0.00512919
0.201449;-0.345569;0;0.00013402;0.987099;-0.0708008;0.00524314
0.205776;-0.343011;0;0.000136908;1.00864;-0.0723393;0.00535707
0.21007;-0.340398;0;0.000139795;1.03018;-0.0738774;0.00547097
0.214331;-0.337731;0;0.000142681;1.0517;-0.0754147;0.00558482
0.218558;-0.335011;0;0.000145565;1.07321;-0.0769512;0.0056986
0.22275;-0.332238;0;0.000148447;1.09471;-0.0784864;0.00581229
0.226908;-0.329413;0;0.000151209;1.11537;-0.0799582;0.00592129
0.231029;-0.326536;0;0.000153784;1.13465;-0.0813299;0.00602287
0.235114;-0.323607;0;0.000156361;1.15395;-0.0827027;0.00612453
0.239162;-0.320627;0;0.000158939;1.17326;-0.0840764;0.00622626
0.243172;-0.317596;0;0.000161519;1.19259;-0.0854509;0.00632804
0.247144;-0.314515;0;0.0001641;1.21191;-0.0868258;0.00642986
0.251077;-0.311385;0;0.000166681;1.23125;-0.088201;0.0065317
0.25497;-0.308205;0;0.000169262;1.25058;-0.0895762;0.00663354
0.258822;-0.304977;0;0.000171843;1.26991;-0.0909513;0.00673537
0.262634;-0.301701;0;0.000174423;1.28924;-0.0923259;0.00683717
0.266405;-0.298376;0;0.000177002;1.30856;-0.0937;0.00693893
0.270133;-0.295005;0;0.00017958;1.32786;-0.0950732;0.00704062
0.273819;-0.291587;0;0.000182155;1.34716;-0.0964454;0.00714224
0.277461;-0.288124;0;0.000184683;1.3661;-0.0977921;0.00724197
0.28106;-0.284614;0;0.000186954;1.38317;-0.0990023;0.00733159
0.284614;-0.28106;0;0.000189172;1.39984;-0.100184;0.00741908
0.288124;-0.277461;0;0.00019139;1.41653;-0.101366;0.00750662
0.291587;-0.273819;0;0.00019361;1.43323;-0.102548;0.00759419
0.295005;-0.270133;0;0.00019583;1.44992;-0.103731;0.00768178
0.298376;-0.266405;0;0.00019805;1.46662;-0.104914;0.00776937
0.301701;-0.262634;0;0.000200269;1.48332;-0.106096;0.00785695
0.304977;-0.258822;0;0.000202488;1.50001;-0.107279;0.00794451
0.308205;-0.25497;0;0.000204707;1.51669;-0.108461;0.00803203
0.311385;-0.251077;0;0.000206923;1.53337;-0.109642;0.0081195
0.314515;-0.247144;0;0.000209139;1.55003;-0.110822;0.0082069
0.317596;-0.243172;0;0.000211279;1.56615;-0.111963;0.00829136
0.320627;-0.239162;0;0.000213071;1.57968;-0.112917;0.00836205
0.323607;-0.235114;0;0.000214863;1.59322;-0.113872;0.00843279
0.326536;-0.231029;0;0.000216658;1.60677;-0.114828;0.00850359
0.329413;-0.226908;0;0.000218453;1.62032;-0.115785;0.00857442
0.332238;-0.22275;0;0.000220248;1.63388;-0.116742;0.00864527
0.335011;-0.218558;0;0.000222044;1.64744;-0.117699;0.00871614
0.337731;-0.214331;0;0.00022384;1.66101;-0.118656;0.00878701
0.340398;-0.21007;0;0.000225636;1.67457;-0.119613;0.00885788
0.343011;-0.205776;0;0.000227432;1.68813;-0.120569;0.00892872
0.345569;-0.201449;0;0.000229226;1.70168;-0.121525;0.00899954
0.348074;-0.197091;0;0.00023102;1.71523;-0.122481;0.00907031
0.350523;-0.192701;0;0.000232812;1.72876;-0.123436;0.00914103
0.352916;-0.188282;0;0.000234603;1.74228;-0.12439;0.00921168
0.355255;-0.183832;0;0.000236162;1.75408;-0.125221;0.00927322
0.357537;-0.179353;0;0.000237494;1.76418;-0.125931;0.00932575
0.359762;-0.174846;0;0.000238825;1.77428;-0.12664;0.00937831
0.361931;-0.170312;0;0.000240099;1.78394;-0.127319;0.00942856
0.364042;-0.16575;0;0.000241364;1.79353;-0.127993;0.00947845
0.366096;-0.161163;0;0.000242628;1.80312;-0.128667;0.00952837
0.368093;-0.156549;0;0.000243893;1.81272;-0.129341;0.00957829
0.370031;-0.151912;0;0.000245158;1.82231;-0.130015;0.0096282
0.371911;-0.14725;0;0.000246423;1.8319;-0.130689;0.00967811
0.373732;-0.142565;0;0.000247688;1.84149;-0.131362;0.009728
0.375494;-0.137857;0;0.000248951;1.85107;-0.132036;0.00977786
0.377196;-0.133128;0;0.000250214;1.86064;-0.132708;0.00982769
0.378839;-0.128377;0;0.00025147;1.87016;-0.133378;0.00987726
0.380423;-0.123607;0;0.000252602;1.87874;-0.133981;0.00992192
0.381946;-0.118817;0;0.00025342;1.88497;-0.134416;0.00995418
0.383409;-0.114008;0;0.000254238;1.89121;-0.134852;0.00998645
0.384811;-0.109181;0;0.000255057;1.89745;-0.135288;0.0100187
0.386153;-0.104337;0;0.000255834;1.90337;-0.135702;0.0100494
0.387433;-0.099476;0;0.000256534;1.9087;-0.136075;0.010077
0.388653;-0.0945996;0;0.000257235;1.91404;-0.136448;0.0101047
0.389811;-0.0897083;0;0.000257936;1.91938;-0.136822;0.0101323
0.390907;-0.0848028;0;0.000258636;1.92472;-0.137195;0.0101599
0.391942;-0.079884;0;0.000259337;1.93006;-0.137568;0.0101876
0.392915;-0.0749525;0;0.000260037;1.9354;-0.137941;0.0102152
0.393826;-0.0700092;0;0.000260738;1.94073;-0.138314;0.0102428
0.394674;-0.0650549;0;0.000261437;1.94606;-0.138687;0.0102704
0.395461;-0.0600902;0;0.000262136;1.95139;-0.139059;0.010298
0.396185;-0.0551161;0;0.000262561;1.95465;-0.139285;0.0103147
0.396846;-0.0501333;0;0.000262878;1.95711;-0.139453;0.0103272
0.397445;-0.0451426;0;0.000263195;1.95957;-0.139622;0.0103396
0.39798;-0.0401447;0;0.000263419;1.96132;-0.13974;0.0103484
0.398453;-0.0351405;0;0.000263565;1.96246;-0.139818;0.0103542
0.398864;-0.0301307;0;0.000263711;1.96361;-0.139895;0.0103599
0.399211;-0.0251162;0;0.000263857;1.96476;-0.139973;0.0103657
0.399495;-0.0200977;0;0.000264004;1.96591;-0.14005;0.0103714
0.399716;-0.0150761;0;0.00026415;1.96706;-0.140128;0.0103771
0.399874;-0.010052;0;0.000264296;1.9682;-0.140206;0.0103829
0.399968;-0.00502642;0;0.000264442;1.96935;-0.140283;0.0103886
