0.4;0;0;0.000263219;1.72836;-0.140359;0.0103943
0.399968;0.00502642;0;0.000263082;1.72723;-0.140279;0.0103883
0.399874;0.010052;0;0.000262942;1.72608;-0.140196;0.0103822
0.399716;0.0150761;0;0.000262802;1.72494;-0.140114;0.0103761
0.399495;0.0200977;0;0.000262662;1.72379;-0.140032;0.01037
0.399211;0.0251162;0;0.000262522;1.72264;-0.13995;0.0103639
0.398864;0.0301307;0;0.000262382;1.72149;-0.139867;0.0103578
0.398453;0.0351405;0;0.000262242;1.72034;-0.139785;0.0103518
0.39798;0.0401447;0;0.000262103;1.71919;-0.139703;0.0103457
0.397445;0.0451426;0;0.000261851;1.7174;-0.139552;0.0103345
0.396846;0.0501333;0;0.00026154;1.71525;-0.139365;0.0103206
0.396185;0.0551161;0;0.000261229;1.71311;-0.139178;0.0103068
0.395461;0.0600902;0;0.000260918;1.71097;-0.138991;0.0102929
0.394674;0.0650549;0;0.000260351;1.70658;-0.138655;0.0102681
0.393826;0.0700092;0;0.000259731;1.70175;-0.138289;0.0102409
0.392915;0.0749525;0;0.000259111;1.69691;-0.137921;0.0102137
0.391942;0.079884;0;0.00025849;1.69207;-0.137554;0.0101866
0.390907;0.0848028;0;0.000257869;1.68723;-0.137187;0.0101594
0.389811;0.0897083;0;0.000257248;1.68239;-0.13682;0.0101321
0.388653;0.0945996;0;0.000256627;1.67754;-0.136452;0.0101049
0.387433;0.099476;0;0.000256006;1.67271;-0.136085;0.0100777
0.386153;0.104337;0;0.000255354;1.66777;-0.135698;0.0100491
0.384811;0.109181;0;0.000254598;1.66236;-0.135245;0.0100156
0.383409;0.114008;0;0.000253842;1.65695;-0.134793;0.00998205
0.381946;0.118817;0;0.000253086;1.65154;-0.134341;0.00994855
0.380423;0.123607;0;0.00025233;1.64613;-0.133888;0.00991507
0.378839;0.128377;0;0.000251344;1.63889;-0.1333;0.0098715
0.377196;0.133128;0;0.000250207;1.63048;-0.132623;0.0098214
0.375494;0.137857;0;0.000249073;1.62188;-0.13195;0.00977152
0.373732;0.142565;0;0.000247938;1.61327;-0.131276;0.00972165
0.371911;0.14725;0;0.000246803;1.60467;-0.130603;0.00967174
0.370031;0.151912;0;0.000245668;1.59606;-0.129929;0.00962182
0.368093;0.156549;0;0.000244532;1.58745;-0.129254;0.0095719
0.366096;0.161163;0;0.000243397;1.57884;-0.12858;0.00952197
0.364042;0.16575;0;0.000242261;1.57024;-0.127906;0.00947204
0.361931;0.170312;0;0.000241126;1.56163;-0.127232;0.00942214
0.359762;0.174846;0;0.000239992;1.55304;-0.126558;0.00937225
0.357537;0.179353;0;0.000238858;1.54444;-0.125885;0.0093224
0.355255;0.183832;0;0.000237725;1.53586;-0.125212;0.00927258
0.352916;0.188282;0;0.000236356;1.52557;-0.124399;0.00921231
0.350523;0.192701;0;0.000234754;1.51364;-0.123446;0.00914176
0.348074;0.197091;0;0.000233151;1.50169;-0.122492;0.00907114
0.345569;0.201449;0;0.000231547;1.48974;-0.121538;0.00900047
0.343011;0.205776;0;0.000229942;1.47778;-0.120583;0.00892976
0.340398;0.21007;0;0.000228336;1.46582;-0.119628;0.00885902
0.337731;0.214331;0;0.000226729;1.45385;-0.118672;0.00878826
0.335011;0.218558;0;0.000225123;1.44188;-0.117717;0.00871749
0.332238;0.22275;0;0.000223517;1.42992;-0.116761;0.00864672
0.329413;0.226908;0;0.000221911;1.41795;-0.115806;0.00857597
0.326536;0.231029;0;0.000220305;1.40599;-0.114851;0.00850524
0.323607;0.235114;0;0.000218699;1.39404;-0.113895;0.00843446
0.320627;0.239162;0;0.000217088;1.38207;-0.112936;0.00836348
0.317596;0.243172;0;0.000215478;1.37011;-0.111979;0.00829255
0.314515;0.247144;0;0.000213638;1.35649;-0.110883;0.00821144
0.311385;0.251077;0;0.000211659;1.34186;-0.109705;0.00812417
0.308205;0.25497;0;0.000209677;1.32722;-0.108526;0.00803684
0.304977;0.258822;0;0.000207694;1.31257;-0.107345;0.0079494
0.301701;0.262634;0;0.000205708;1.29791;-0.106163;0.00786184
0.298376;0.266405;0;0.00020372;1.28323;-0.104979;0.0077742
0.295005;0.270133;0;0.000201729;1.26855;-0.103794;0.00768645
0.291587;0.273819;0;0.000199739;1.25386;-0.102609;0.0075987
0.288124;0.277461;0;0.000197749;1.23918;-0.101424;0.00751096
0.284614;0.28106;0;0.00019576;1.22451;-0.10024;0.00742326
0.28106;0.284614;0;0.000193772;1.20984;-0.0990564;0.0073356
0.277461;0.288124;0;0.000191752;1.19493;-0.0978542;0.00724657
0.273819;0.291587;0;0.000189451;1.17804;-0.096484;0.0071451
0.270133;0.295005;0;0.000187148;1.16114;-0.0951124;0.00704353
0.266405;0.298376;0;0.000184843;1.14422;-0.0937398;0.00694188
0.262634;0.301701;0;0.000182536;1.1273;-0.0923665;0.00684018
0.258822;0.304977;0;0.000180229;1.11037;-0.0909925;0.00673842
0.25497;0.308205;0;0.000177921;1.09343;-0.0896181;0.00663665
0.251077;0.311385;0;0.000175612;1.07649;-0.088243;0.00653481
0.247144;0.314515;0;0.000173303;1.05955;-0.0868677;0.00643296
0.243172;0.317596;0;0.000170992;1.0426;-0.0854912;0.00633103
0.239162;0.320627;0;0.000168681;1.02566;-0.0841153;0.00622914
0.235114;0.323607;0;0.000166372;1.00873;-0.08274;0.00612729
0.231029;0.326536;0;0.000164064;0.991804;-0.0813655;0.0060255
0.226908;0.329413;0;0.000161758;0.974895;-0.0799922;0.0059238
0.22275;0.332238;0;0.00015931;0.956983;-0.078534;0.00581581
0.218558;0.335011;0;0.000156731;0.938162;-0.0769981;0.00570208
0.214331;0.337731;0;0.000154151;0.919326;-0.0754611;0.00558825
0.21007;0.340398;0;0.000151569;0.900479;-0.0739231;0.00547436
0.205776;0.343011;0;0.000148985;0.881623;-0.0723844;0.00536041
0.201449;0.345569;0;0.000146401;0.862762;-0.0708453;0.00524643
0.197091;0.348074;0;0.000143817;0.843899;-0.0693059;0.00513243
0.192701;0.350523;0;0.000141232;0.825036;-0.0677666;0.00501844
0.188282;0.352916;0;0.000138648;0.806177;-0.0662275;0.00490446
0.183832;0.355255;0;0.000136065;0.787324;-0.0646889;0.00479052
0.179353;0.357537;0;0.000133483;0.768481;-0.0631511;0.00467664
0.174846;0.359762;0;0.000130903;0.74965;-0.0616143;0.00456283
0.170312;0.361931;0;0.00012829;0.730556;-0.0600577;0.00444756
0.16575;0.364042;0;0.000125503;0.710365;-0.0583972;0.00432459
0.161163;0.366096;0;0.000122704;0.690087;-0.0567286;0.00420102
0.156549;0.368093;0;0.000119901;0.669788;-0.0550583;0.00407733
0.151912;0.370031;0;0.000117096;0.649471;-0.0533865;0.00395353
0.14725;0.371911;0;0.000114289;0.629141;-0.0517137;0.00382964
0.142565;0.373732;0;0.000111481;0.608799;-0.0500399;0.00370569
0.137857;0.375494;0;0.000108672;0.58845;-0.0483654;0.00358169
0.133128;0.377196;0;0.000105862;0.568097;-0.0466906;0.00345766
0.128377;0.378839;0;0.000103051;0.547742;-0.0450158;0.00333363
0.123607;0.380423;0;0.000100241;0.527389;-0.043341;0.00320961
0.118817;0.381946;0;9.7499e-05;0.507468;-0.0417074;0.00308863
0.114008;0.383409;0;9.4619e-05;0.486481;-0.0399927;0.00296165
0.109181;0.384811;0;9.17378e-05;0.465485;-0.0382773;0.00283462
0.104337;0.386153;0;8.88557e-05;0.444482;-0.0365614;0.00270755
0.099476;0.387433;0;8.59734e-05;0.423478;-0.0348454;0.00258046
0.0945996;0.388653;0;8.30911e-05;0.402474;-0.0331293;0.00245338
0.0897083;0.389811;0;8.02094e-05;0.381474;-0.0314136;0.00232633
0.0848028;0.390907;0;7.73287e-05;0.360481;-0.0296985;0.00219932
0.079884;0.391942;0;7.44495e-05;0.3395;-0.0279843;0.00207237
0.0749525;0.392915;0;7.15722e-05;0.318532;-0.0262713;0.00194551
0.0700092;0.393826;0;6.86973e-05;0.297582;-0.0245596;0.00181876
0.0650549;0.394674;0;6.58252e-05;0.276652;-0.0228497;0.00169213
0.0600902;0.395461;0;6.29564e-05;0.255746;-0.0211417;0.00156564
0.0551161;0.396185;0;6.00914e-05;0.234868;-0.0194359;0.00143932
0.0501333;0.396846;0;5.71445e-05;0.21348;-0.0176808;0.00130935
0.0451426;0.397445;0;5.41824e-05;0.191992;-0.0159164;0.00117869
0.0401447;0.39798;0;5.12169e-05;0.17048;-0.0141501;0.00104788
0.0351405;0.398453;0;4.82486e-05;0.148946;-0.012382;0.000916944
0.0301307;0.398864;0;4.52778e-05;0.127394;-0.0106124;0.0007859
0.0251162;0.399211;0;4.2305e-05;0.105828;-0.00884168;0.000654768
0.0200977;0.399495;0;3.93307e-05;0.084251;-0.00707004;0.00052357
0.0150761;0.399716;0;3.63553e-05;0.0626665;-0.00529779;0.000392326
0.010052;0.399874;0;3.33794e-05;0.0410779;-0.00352519;0.000261057
0.00502642;0.399968;0;3.04034e-05;0.0194885;-0.00175254;0.000129784
2.44929e-17;0.4;0;2.74277e-05;-0.00209814;1.98971e-05;-1.47348e-06
-0.00502642;0.399968;0;2.44529e-05;-0.0236787;0.00179183;-0.000132694
-0.010052;0.399874;0;2.14794e-05;-0.0452498;0.00356299;-0.000263856
-0.0150761;0.399716;0;1.85077e-05;-0.066808;0.00533308;-0.00039494
-0.0200977;0.399495;0;1.55382e-05;-0.0883498;0.00710184;-0.000525925
-0.0251162;0.399211;0;1.25715e-05;-0.109872;0.00886897;-0.00065679
-0.0301307;0.398864;0;9.60789e-06;-0.131371;0.0106342;-0.000787514
-0.0351405;0.398453;0;6.67173e-06;-0.152695;0.0123824;-0.000916979
-0.0401447;0.39798;0;3.74776e-06;-0.173951;0.0141232;-0.00104589
-0.0451426;0.397445;0;8.24911e-07;-0.195178;0.0158641;-0.00117481
-0.0501333;0.396846;0;-2.10029e-06;-0.216422;0.0176065;-0.00130384
-0.0551161;0.396185;0;-5.02738e-06;-0.23768;0.01935;-0.00143296
-0.0600902;0.395461;0;-7.9559e-06;-0.258948;0.0210943;-0.00156214
-0.0650549;0.394674;0;-1.08854e-05;-0.280223;0.0228392;-0.00169135
-0.0700092;0.393826;0;-1.38154e-05;-0.301502;0.0245844;-0.00182059
-0.0749525;0.392915;0;-1.67454e-05;-0.322782;0.0263297;-0.00194984
-0.079884;0.391942;0;-1.9675e-05;-0.344058;0.0280746;-0.00207906
-0.0848028;0.390907;0;-2.26037e-05;-0.365328;0.0298191;-0.00220825
-0.0897083;0.389811;0;-2.55311e-05;-0.386588;0.0315627;-0.00233737
-0.0945996;0.388653;0;-2.84566e-05;-0.407835;0.0333053;-0.00246642
-0.099476;0.387433;0;-3.13799e-05;-0.429065;0.0350465;-0.00259536
-0.104337;0.386153;0;-3.42639e-05;-0.450033;0.0367636;-0.00272252
-0.109181;0.384811;0;-3.70762e-05;-0.470505;0.0384379;-0.00284651
-0.114008;0.383409;0;-3.98645e-05;-0.490789;0.0400989;-0.00296951
-0.118817;0.381946;0;-4.26551e-05;-0.511089;0.0417611;-0.00309261
-0.123607;0.380423;0;-4.54473e-05;-0.531401;0.0434244;-0.00321578
-0.128377;0.378839;0;-4.82409e-05;-0.551723;0.0450885;-0.00333901
-0.133128;0.377196;0;-5.10352e-05;-0.572051;0.046753;-0.00346228
-0.137857;0.375494;0;-5.383e-05;-0.592382;0.0484178;-0.00358557
-0.142565;0.373732;0;-5.66248e-05;-0.612713;0.0500825;-0.00370885
-0.14725;0.371911;0;-5.9419e-05;-0.63304;0.051747;-0.00383211
-0.151912;0.370031;0;-6.2201e-05;-0.653287;0.0534039;-0.00395481
-0.156549;0.368093;0;-6.49842e-05;-0.673564;0.0550614;-0.00407756
-0.161163;0.366096;0;-6.77659e-05;-0.693831;0.0567181;-0.00420024
-0.16575;0.364042;0;-7.05457e-05;-0.714084;0.0583736;-0.00432284
-0.170312;0.361931;0;-7.33232e-05;-0.73432;0.0600277;-0.00444534
-0.174846;0.359762;0;-7.59943e-05;-0.753864;0.0616183;-0.00456313
-0.179353;0.357537;0;-7.85597e-05;-0.772624;0.0631459;-0.00467625
-0.183832;0.355255;0;-8.1127e-05;-0.7914;0.0646746;-0.00478947
-0.188282;0.352916;0;-8.36959e-05;-0.810186;0.0662043;-0.00490274
-0.192701;0.350523;0;-8.62659e-05;-0.828982;0.0677347;-0.00501608
-0.197091;0.348074;0;-8.88367e-05;-0.847783;0.0692655;-0.00512944
-0.201449;0.345569;0;-9.14078e-05;-0.866587;0.0707965;-0.00524281
-0.205776;0.343011;0;-9.39788e-05;-0.885391;0.0723274;-0.00535619
-0.21007;0.340398;0;-9.65494e-05;-0.904191;0.0738581;-0.00546954
-0.214331;0.337731;0;-9.9119e-05;-0.922985;0.0753882;-0.00558285
-0.218558;0.335011;0;-0.000101687;-0.941771;0.0769175;-0.00569611
-0.22275;0.332238;0;-0.000104221;-0.960312;0.0784266;-0.00580786
-0.226908;0.329413;0;-0.000106717;-0.97861;0.0799138;-0.00591799
-0.231029;0.326536;0;-0.000108992;-0.995293;0.0812685;-0.00601832
-0.235114;0.323607;0;-0.000111298;-1.0122;0.082642;-0.00612004
-0.239162;0.320627;0;-0.000113606;-1.02913;0.0840164;-0.00622182
-0.243172;0.317596;0;-0.000115915;-1.04606;0.0853915;-0.00632365
-0.247144;0.314515;0;-0.000118225;-1.063;0.0867671;-0.00642552
-0.251077;0.311385;0;-0.000120535;-1.07994;0.0881429;-0.0065274
-0.25497;0.308205;0;-0.000122845;-1.09688;0.0895188;-0.00662929
-0.258822;0.304977;0;-0.000125155;-1.11382;0.0908945;-0.00673117
-0.262634;0.301701;0;-0.000127465;-1.13075;0.0922698;-0.00683302
-0.266405;0.298376;0;-0.000129773;-1.14768;0.0936446;-0.00693483
-0.270133;0.295005;0;-0.00013208;-1.1646;0.0950184;-0.00703657
-0.273819;0.291587;0;-0.000134385;-1.1815;0.0963913;-0.00713823
-0.277461;0.288124;0;-0.000136551;-1.19753;0.0976803;-0.00723369
-0.28106;0.284614;0;-0.000138612;-1.21278;0.0989075;-0.00732457
-0.284614;0.28106;0;-0.000140612;-1.22747;0.100099;-0.0074128
-0.288124;0.277461;0;-0.000142612;-1.24216;0.101291;-0.00750106
-0.291587;0.273819;0;-0.000144613;-1.25685;0.102483;-0.00758935
-0.295005;0.270133;0;-0.000146615;-1.27155;0.103675;-0.00767765
-0.298376;0.266405;0;-0.000148616;-1.28624;0.104868;-0.00776595
-0.301701;0.262634;0;-0.000150617;-1.30094;0.10606;-0.00785423
-0.304977;0.258822;0;-0.000152617;-1.31563;0.107251;-0.00794248
-0.308205;0.25497;0;-0.000154616;-1.33031;0.108443;-0.00803068
-0.311385;0.251077;0;-0.000156614;-1.34498;0.109633;-0.00811883
-0.314515;0.247144;0;-0.00015861;-1.35965;0.110822;-0.00820691
-0.317596;0.243172;0;-0.000160473;-1.37338;0.111932;-0.00828912
-0.320627;0.239162;0;-0.000162086;-1.38526;0.112893;-0.00836027
-0.323607;0.235114;0;-0.0001637;-1.39716;0.113855;-0.00843148
-0.326536;0.231029;0;-0.000165315;-1.40905;0.114817;-0.00850273
-0.329413;0.226908;0;-0.00016693;-1.42096;0.115779;-0.00857402
-0.332238;0.22275;0;-0.000168546;-1.43287;0.116742;-0.00864533
-0.335011;0.218558;0;-0.000170162;-1.44478;0.117705;-0.00871664
-0.337731;0.214331;0;-0.000171754;-1.45658;0.118653;-0.00878685
-0.340398;0.21007;0;-0.000173348;-1.4684;0.119602;-0.0088571
-0.343011;0.205776;0;-0.000174941;-1.48021;0.12055;-0.00892733
-0.345569;0.201449;0;-0.000176533;-1.49203;0.121498;-0.00899753
-0.348074;0.197091;0;-0.000178125;-1.50383;0.122446;-0.0090677
-0.350523;0.192701;0;-0.000179715;-1.51563;0.123393;-0.00913782
-0.352916;0.188282;0;-0.000181305;-1.52742;0.124339;-0.00920789
-0.355255;0.183832;0;-0.000182742;-1.53818;0.125193;-0.00927114
-0.357537;0.179353;0;-0.000183927;-1.54696;0.125899;-0.0093234
-0.359762;0.174846;0;-0.000185116;-1.55578;0.126607;-0.00937587
-0.361931;0.170312;0;-0.000186305;-1.56459;0.127316;-0.00942835
-0.364042;0.16575;0;-0.000187495;-1.57341;0.128025;-0.00948083
-0.366096;0.161163;0;-0.000188685;-1.58223;0.128733;-0.00953332
-0.368093;0.156549;0;-0.000189875;-1.59105;0.129442;-0.00958579
-0.370031;0.151912;0;-0.000191064;-1.59986;0.13015;-0.00963825
-0.371911;0.14725;0;-0.000192252;-1.60867;0.130858;-0.00969067
-0.373732;0.142565;0;-0.00019344;-1.61748;0.131566;-0.00974307
-0.375494;0.137857;0;-0.000194627;-1.62628;0.132273;-0.00979542
-0.377196;0.133128;0;-0.000195778;-1.63476;0.132958;-0.00984621
-0.378839;0.128377;0;-0.00019658;-1.64067;0.133437;-0.00988161
-0.380423;0.123607;0;-0.000197322;-1.64617;0.133879;-0.00991436
-0.381946;0.118817;0;-0.000198065;-1.65167;0.134321;-0.00994712
-0.383409;0.114008;0;-0.000198808;-1.65718;0.134764;-0.00997991
-0.384811;0.109181;0;-0.000199551;-1.66269;0.135207;-0.0100127
-0.386153;0.104337;0;-0.000200294;-1.66821;0.13565;-0.0100455
-0.387433;0.099476;0;-0.000201038;-1.67372;0.136093;-0.0100783
-0.388653;0.0945996;0;-0.000201781;-1.67923;0.136536;-0.0101111
-0.389811;0.0897083;0;-0.000202524;-1.68474;0.136978;-0.0101439
-0.390907;0.0848028;0;-0.000203267;-1.69025;0.137421;-0.0101767
-0.391942;0.079884;0;-0.000204009;-1.69575;0.137863;-0.0102094
-0.392915;0.0749525;0;-0.000204751;-1.70126;0.138305;-0.0102422
-0.393826;0.0700092;0;-0.000205493;-1.70675;0.138747;-0.0102749
-0.394674;0.0650549;0;-0.000206227;-1.7122;0.139184;-0.0103073
-0.395461;0.0600902;0;-0.000206519;-1.71436;0.139358;-0.0103201
-0.396185;0.0551161;0;-0.000206764;-1.71615;0.139504;-0.0103309
-0.396846;0.0501333;0;-0.000207008;-1.71795;0.13965;-0.0103418
-0.397445;0.0451426;0;-0.000207253;-1.71974;0.139797;-0.0103526
-0.39798;0.0401447;0;-0.000207498;-1.72154;0.139943;-0.0103634
-0.398453;0.0351405;0;-0.000207738;-1.7233;0.140085;-0.010374
-0.398864;0.0301307;0;-0.00020797;-1.72503;0.140223;-0.0103842
-0.399211;0.0251162;0;-0.000208201;-1.72676;0.140361;-0.0103944
-0.399495;0.0200977;0;-0.000208431;-1.72849;0.140497;-0.0104045
-0.399716;0.0150761;0;-0.000208661;-1.73022;0.140634;-0.0104146
-0.399874;0.010052;0;-0.00020889;-1.73194;0.140771;-0.0104248
-0.399968;0.00502642;0;-0.00020912;-1.73366;0.140907;-0.0104349
-0.4;4.89859e-17;0;-0.000209349;-1.73539;0.141043;-0.0104449
-0.399968;-0.00502642;0;-0.00020919;-1.73418;0.140949;-0.0104379
-0.399874;-0.010052;0;-0.000208949;-1.73236;0.140805;-0.0104273
-0.399716;-0.0150761;0;-0.000208707;-1.73053;0.140662;-0.0104167
-0.399495;-0.0200977;0;-0.000208465;-1.7287;0.140518;-0.010406
-0.399211;-0.0251162;0;-0.000208222;-1.72687;0.140373;-0.0103953
-0.398864;-0.0301307;0;-0.00020798;-1.72504;0.140229;-0.0103846
-0.398453;-0.0351405;0;-0.000207737;-1.72321;0.140085;-0.0103739
-0.39798;-0.0401447;0;-0.000207494;-1.72138;0.13994;-0.0103632
-0.397445;-0.0451426;0;-0.000207251;-1.71955;0.139796;-0.0103525
-0.396846;-0.0501333;0;-0.000207008;-1.71771;0.139651;-0.0103418
-0.396185;-0.0551161;0;-0.000206765;-1.71588;0.139506;-0.0103311
-0.395461;-0.0600902;0;-0.000206522;-1.71405;0.139362;-0.0103204
-0.394674;-0.0650549;0;-0.000206278;-1.71222;0.139217;-0.0103097
-0.393826;-0.0700092;0;-0.000205561;-1.7069;0.13879;-0.010278
-0.392915;-0.0749525;0;-0.000204827;-1.70146;0.138352;-0.0102456
-0.391942;-0.079884;0;-0.000204092;-1.696;0.137914;-0.0102132
-0.390907;-0.0848028;0;-0.000203356;-1.69055;0.137476;-0.0101807
-0.389811;-0.0897083;0;-0.00020262;-1.68509;0.137037;-0.0101482
-0.388653;-0.0945996;0;-0.000201884;-1.67963;0.136598;-0.0101157
-0.387433;-0.099476;0;-0.000201147;-1.67417;0.136159;-0.0100832
-0.386153;-0.104337;0;-0.00020041;-1.66871;0.13572;-0.0100507
-0.384811;-0.109181;0;-0.000199673;-1.66325;0.135281;-0.0100182
-0.383409;-0.114008;0;-0.000198937;-1.65779;0.134842;-0.00998567
-0.381946;-0.118817;0;-0.0001982;-1.65234;0.134403;-0.00995316
-0.380423;-0.123607;0;-0.000197464;-1.64688;0.133964;-0.00992068
-0.378839;-0.128377;0;-0.000196691;-1.64114;0.133504;-0.00988658
-0.377196;-0.133128;0;-0.000195589;-1.63283;0.132849;-0.00983807
-0.375494;-0.137857;0;-0.000194487;-1.62452;0.132193;-0.00978952
-0.373732;-0.142565;0;-0.000193383;-1.6162;0.131537;-0.00974095
-0.371911;-0.14725;0;-0.000192176;-1.60738;0.130816;-0.00968758
-0.370031;-0.151912;0;-0.000190953;-1.59846;0.130087;-0.00963355
-0.368093;-0.156549;0;-0.00018973;-1.58954;0.129357;-0.00957948
-0.366096;-0.161163;0;-0.000188507;-1.58061;0.128626;-0.00952539
-0.364042;-0.16575;0;-0.000187283;-1.57168;0.127896;-0.00947129
-0.361931;-0.170312;0;-0.000186059;-1.56275;0.127165;-0.00941719
-0.359762;-0.174846;0;-0.000184835;-1.55382;0.126435;-0.00936309
-0.357537;-0.179353;0;-0.000183612;-1.54489;0.125704;-0.009309
-0.355255;-0.183832;0;-0.000182235;-1.53459;0.124886;-0.00924838
-0.352916;-0.188282;0;-0.000180826;-1.52405;0.124048;-0.00918634
-0.350523;-0.192701;0;-0.000179353;-1.51303;0.123172;-0.0091215
-0.348074;-0.197091;0;-0.000177795;-1.50135;0.122245;-0.00905286
-0.345569;-0.201449;0;-0.000176235;-1.48968;0.121318;-0.00898419
-0.343011;-0.205776;0;-0.000174675;-1.47799;0.12039;-0.00891549
-0.340398;-0.21007;0;-0.000173115;-1.46631;0.119463;-0.00884678
-0.337731;-0.214331;0;-0.000171554;-1.45463;0.118535;-0.00877807
-0.335011;-0.218558;0;-0.000169994;-1.44295;0.117607;-0.00870937
-0.332238;-0.22275;0;-0.000168435;-1.43127;0.11668;-0.00864069
-0.329413;-0.226908;0;-0.000166876;-1.41959;0.115753;-0.00857204
-0.326536;-0.231029;0;-0.000165271;-1.40777;0.114796;-0.00850118
-0.323607;-0.235114;0;-0.000163643;-1.39581;0.113826;-0.00842934
-0.320627;-0.239162;0;-0.000162017;-1.38386;0.112856;-0.00835754
-0.317596;-0.243172;0;-0.000160387;-1.37187;0.111885;-0.00828558
-0.314515;-0.247144;0;-0.000158506;-1.35795;0.110764;-0.00820259
-0.311385;-0.251077;0;-0.000156505;-1.34325;0.109572;-0.00811434
-0.308205;-0.25497;0;-0.000154504;-1.32854;0.108379;-0.00802601
-0.304977;-0.258822;0;-0.0001525;-1.31382;0.107186;-0.00793763
-0.301701;-0.262634;0;-0.000150496;-1.29909;0.105992;-0.0078492
-0.298376;-0.266405;0;-0.000148491;-1.28436;0.104797;-0.00776074
-0.295005;-0.270133;0;-0.000146486;-1.26962;0.103602;-0.00767226
-0.291587;-0.273819;0;-0.00014448;-1.25489;0.102408;-0.00758378
-0.288124;-0.277461;0;-0.000142475;-1.24016;0.101213;-0.0074953
-0.284614;-0.28106;0;-0.00014047;-1.22543;0.100019;-0.00740686
-0.28106;-0.284614;0;-0.000138466;-1.21071;0.0988248;-0.00731845
-0.277461;-0.288124;0;-0.00013637;-1.19511;0.0975776;-0.00722609
-0.273819;-0.291587;0;-0.000134226;-1.17915;0.0963027;-0.00713168
-0.270133;-0.295005;0;-0.000131983;-1.16264;0.0949673;-0.00703278
-0.266405;-0.298376;0;-0.000129688;-1.14576;0.0936012;-0.00693161
-0.262634;-0.301701;0;-0.000127393;-1.12888;0.0922344;-0.00683039
-0.258822;-0.304977;0;-0.000125096;-1.11198;0.0908671;-0.00672914
-0.25497;-0.308205;0;-0.000122799;-1.09509;0.0894996;-0.00662787
-0.251077;-0.311385;0;-0.000120502;-1.0782;0.088132;-0.0065266
-0.247144;-0.314515;0;-0.000118205;-1.0613;0.0867647;-0.00642534
-0.243172;-0.317596;0;-0.000115909;-1.04442;0.0853977;-0.00632411
-0.239162;-0.320627;0;-0.000113614;-1.02754;0.0840314;-0.00622292
-0.235114;-0.323607;0;-0.00011132;-1.01067;0.0826658;-0.0061218
-0.231029;-0.326536;0;-0.000109028;-0.993812;0.0813013;-0.00602075
-0.226908;-0.329413;0;-0.00010668;-0.976554;0.0799031;-0.00591721
-0.22275;-0.332238;0;-0.000104185;-0.958235;0.0784172;-0.00580717
-0.218558;-0.335011;0;-0.000101639;-0.93959;0.0769012;-0.0056949
-0.214331;-0.337731;0;-9.90683e-05;-0.920765;0.0753704;-0.00558154
-0.21007;-0.340398;0;-9.6496e-05;-0.901931;0.073839;-0.00546813
-0.205776;-0.343011;0;-9.39229e-05;-0.88309;0.0723069;-0.00535467
-0.201449;-0.345569;0;-9.13492e-05;-0.864246;0.0707746;-0.0052412
-0.197091;-0.348074;0;-8.87755e-05;-0.845402;0.0692422;-0.00512772
-0.192701;-0.350523;0;-8.62021e-05;-0.82656;0.06771;-0.00501425
-0.188282;-0.352916;0;-8.36294e-05;-0.807724;0.0661783;-0.00490082
-0.183832;-0.355255;0;-8.10578e-05;-0.788896;0.0646472;-0.00478743
-0.179353;-0.357537;0;-7.84878e-05;-0.77008;0.063117;-0.00467411
-0.174846;-0.359762;0;-7.59197e-05;-0.751278;0.061588;-0.00456088
-0.170312;-0.361931;0;-7.32569e-05;-0.731709;0.0600028;-0.0044435
-0.16575;-0.364042;0;-7.0507e-05;-0.711633;0.0583655;-0.00432224
-0.161163;-0.366096;0;-6.7729e-05;-0.691364;0.0567114;-0.00419975
-0.156549;-0.368093;0;-6.49492e-05;-0.671082;0.0550562;-0.00407718
-0.151912;-0.370031;0;-6.2168e-05;-0.65079;0.0534002;-0.00395454
-0.14725;-0.371911;0;-5.93859e-05;-0.630491;0.0517437;-0.00383187
-0.142565;-0.373732;0;-5.66034e-05;-0.610189;0.0500869;-0.00370917
-0.137857;-0.375494;0;-5.38208e-05;-0.589887;0.0484301;-0.00358648
-0.133128;-0.377196;0;-5.10386e-05;-0.569589;0.0467735;-0.0034638
-0.128377;-0.378839;0;-4.82572e-05;-0.549296;0.0451174;-0.00334116
-0.123607;-0.380423;0;-4.54771e-05;-0.529013;0.0434621;-0.00321857
-0.118817;-0.381946;0;-4.26987e-05;-0.508742;0.0418077;-0.00309606
-0.114008;-0.383409;0;-3.99225e-05;-0.488488;0.0401547;-0.00297365
-0.109181;-0.384811;0;-3.71517e-05;-0.46827;0.0385049;-0.00285147
-0.104337;-0.386153;0;-3.42492e-05;-0.447121;0.0367765;-0.00272348
-0.099476;-0.387433;0;-3.13402e-05;-0.425944;0.0350444;-0.0025952
-0.0945996;-0.388653;0;-2.84296e-05;-0.404755;0.0333113;-0.00246686
-0.0897083;-0.389811;0;-2.55178e-05;-0.383558;0.0315775;-0.00233846
-0.0848028;-0.390907;0;-2.26074e-05;-0.362375;0.0298445;-0.00221013
-0.079884;-0.391942;0;-1.96917e-05;-0.341161;0.0281083;-0.00208156
-0.0749525;-0.392915;0;-1.67743e-05;-0.319934;0.026371;-0.0019529
-0.0700092;-0.393826;0;-1.38572e-05;-0.29871;0.024634;-0.00182426
-0.0650549;-0.394674;0;-1.09411e-05;-0.277493;0.0228974;-0.00169566
-0.0600902;-0.395461;0;-8.02629e-06;-0.256285;0.0211617;-0.00156712
-0.0551161;-0.396185;0;-5.11329e-06;-0.23509;0.019427;-0.00143866
-0.0501333;-0.396846;0;-2.17218e-06;-0.213687;0.0176762;-0.00130901
-0.0451426;-0.397445;0;7.94678e-07;-0.192113;0.0159096;-0.00117818
-0.0401447;-0.39798;0;3.7632e-06;-0.170527;0.014142;-0.00104728
-0.0351405;-0.398453;0;6.73292e-06;-0.148933;0.0123737;-0.000916329
-0.0301307;-0.398864;0;9.69842e-06;-0.127369;0.0106078;-0.000785556
-0.0251162;-0.399211;0;1.2671e-05;-0.105755;0.00883774;-0.000654477
-0.0200977;-0.399495;0;1.56437e-05;-0.0841393;0.00706759;-0.000523389
-0.0150761;-0.399716;0;1.86162e-05;-0.0625257;0.0052976;-0.000392313
-0.010052;-0.399874;0;2.15879e-05;-0.0409175;0.00352806;-0.000261269
-0.00502642;-0.399968;0;2.45584e-05;-0.0193181;0.00175923;-0.000130279
-7.34788e-17;-0.4;0;2.75273e-05;0.00226906;-8.59414e-06;6.36437e-07
0.00502642;-0.399968;0;3.04729e-05;0.0236852;-0.00176255;0.000130525
0.010052;-0.399874;0;3.34306e-05;0.0451836;-0.00352358;0.000260938
0.0150761;-0.399716;0;3.63907e-05;0.0667;-0.00528607;0.000391459
0.0200977;-0.399495;0;3.93528e-05;0.0882308;-0.00704976;0.000522068
0.0251162;-0.399211;0;4.23165e-05;0.109773;-0.00881435;0.000652745
0.0301307;-0.398864;0;4.52813e-05;0.131322;-0.0105796;0.000783468
0.0351405;-0.398453;0;4.82466e-05;0.152876;-0.0123452;0.000914217
0.0401447;-0.39798;0;5.1212e-05;0.174431;-0.0141108;0.00104497
0.0451426;-0.397445;0;5.41772e-05;0.195984;-0.0158763;0.00117571
0.0501333;-0.396846;0;5.71415e-05;0.21753;-0.0176412;0.00130642
0.0551161;-0.396185;0;6.00906e-05;0.239109;-0.0193968;0.00143643
0.0600902;-0.395461;0;6.305e-05;0.260766;-0.0211586;0.00156689
0.0650549;-0.394674;0;6.59303e-05;0.281725;-0.022874;0.00169393
0.0700092;-0.393826;0;6.88564e-05;0.303012;-0.0246166;0.00182298
0.0749525;-0.392915;0;7.17827e-05;0.324301;-0.0263595;0.00195204
0.079884;-0.391942;0;7.47089e-05;0.345589;-0.0281022;0.0020811
0.0848028;-0.390907;0;7.75721e-05;0.366444;-0.0298068;0.00220734
0.0897083;-0.389811;0;8.04587e-05;0.387492;-0.031525;0.00233457
0.0945996;-0.388653;0;8.3346e-05;0.408546;-0.0332436;0.00246184
0.099476;-0.387433;0;8.62336e-05;0.429601;-0.0349623;0.00258913
0.104337;-0.386153;0;8.91211e-05;0.450656;-0.036681;0.0027164
0.109181;-0.384811;0;9.2008e-05;0.471706;-0.0383994;0.00284366
0.114008;-0.383409;0;9.48939e-05;0.492749;-0.0401171;0.00297086
0.118817;-0.381946;0;9.76496e-05;0.51284;-0.0417579;0.00309237
0.123607;-0.380423;0;0.000100437;0.533157;-0.0434175;0.00321527
0.128377;-0.378839;0;0.000103225;0.553484;-0.0450781;0.00333825
0.133128;-0.377196;0;0.000106014;0.573819;-0.0467392;0.00346126
0.137857;-0.375494;0;0.000108804;0.594158;-0.0484007;0.0035843
0.142565;-0.373732;0;0.000111595;0.614498;-0.0500623;0.00370735
0.14725;-0.371911;0;0.000114384;0.634836;-0.0517237;0.00383039
0.151912;-0.370031;0;0.000117174;0.655168;-0.0533847;0.00395339
0.156549;-0.368093;0;0.000119962;0.675492;-0.0550449;0.00407634
0.161163;-0.366096;0;0.000122748;0.695805;-0.0567042;0.00419922
0.16575;-0.364042;0;0.000125532;0.716102;-0.0583623;0.00432201
0.170312;-0.361931;0;0.000128268;0.736076;-0.0599911;0.00444263
0.174846;-0.359762;0;0.000130929;0.75553;-0.0615742;0.00455987
0.179353;-0.357537;0;0.000133509;0.774402;-0.0631103;0.00467362
0.183832;-0.355255;0;0.00013609;0.793286;-0.0646473;0.00478744
0.188282;-0.352916;0;0.000138673;0.81218;-0.0661852;0.00490133
0.192701;-0.350523;0;0.000141256;0.831081;-0.0677235;0.00501525
0.197091;-0.348074;0;0.00014384;0.849985;-0.0692622;0.00512919
0.201449;-0.345569;0;0.000146424;0.86889;-0.0708008;0.00524314
0.205776;-0.343011;0;0.000149008;0.887793;-0.0723393;0.00535707
0.21007;-0.340398;0;0.000151591;0.90669;-0.0738774;0.00547097
0.214331;-0.337731;0;0.000154173;0.925578;-0.0754147;0.00558482
0.218558;-0.335011;0;0.000156753;0.944456;-0.0769512;0.0056986
0.22275;-0.332238;0;0.000159332;0.963319;-0.0784864;0.00581229
0.226908;-0.329413;0;0.000161804;0.981381;-0.0799582;0.00592129
0.231029;-0.326536;0;0.000164107;0.998291;-0.0813299;0.00602287
0.235114;-0.323607;0;0.000166413;1.01521;-0.0827027;0.00612453
0.239162;-0.320627;0;0.00016872;1.03215;-0.0840764;0.00622626
0.243172;-0.317596;0;0.000171028;1.04909;-0.0854509;0.00632804
0.247144;-0.314515;0;0.000173337;1.06604;-0.0868258;0.00642986
0.251077;-0.311385;0;0.000175647;1.08299;-0.088201;0.0065317
0.25497;-0.308205;0;0.000177956;1.09995;-0.0895762;0.00663354
0.258822;-0.304977;0;0.000180265;1.1169;-0.0909513;0.00673537
0.262634;-0.301701;0;0.000182574;1.13385;-0.0923259;0.00683717
0.266405;-0.298376;0;0.000184882;1.15078;-0.0937;0.00693893
0.270133;-0.295005;0;0.000187188;1.16771;-0.0950732;0.00704062
0.273819;-0.291587;0;0.000189492;1.18463;-0.0964454;0.00714224
0.277461;-0.288124;0;0.000191754;1.20125;-0.0977921;0.00724197
0.28106;-0.284614;0;0.000193787;1.21621;-0.0990023;0.00733159
0.284614;-0.28106;0;0.000195771;1.23081;-0.100184;0.00741908
0.288124;-0.277461;0;0.000197756;1.24541;-0.101366;0.00750662
0.291587;-0.273819;0;0.000199741;1.26001;-0.102548;0.00759419
0.295005;-0.270133;0;0.000201727;1.27462;-0.103731;0.00768178
0.298376;-0.266405;0;0.000203713;1.28923;-0.104914;0.00776937
0.301701;-0.262634;0;0.000205699;1.30383;-0.106096;0.00785695
0.304977;-0.258822;0;0.000207684;1.31844;-0.107279;0.00794451
0.308205;-0.25497;0;0.000209668;1.33304;-0.108461;0.00803203
0.311385;-0.251077;0;0.000211651;1.34762;-0.109642;0.0081195
0.314515;-0.247144;0;0.000213633;1.3622;-0.110822;0.0082069
0.317596;-0.243172;0;0.000215548;1.37624;-0.111963;0.00829136
0.320627;-0.239162;0;0.00021715;1.38802;-0.112917;0.00836205
0.323607;-0.235114;0;0.000218753;1.39982;-0.113872;0.00843279
0.326536;-0.231029;0;0.000220357;1.41162;-0.114828;0.00850359
0.329413;-0.226908;0;0.000221963;1.42343;-0.115785;0.00857442
0.332238;-0.22275;0;0.000223568;1.43525;-0.116742;0.00864527
0.335011;-0.218558;0;0.000225174;1.44707;-0.117699;0.00871614
0.337731;-0.214331;0;0.000226781;1.45888;-0.118656;0.00878701
0.340398;-0.21007;0;0.000228387;1.4707;-0.119613;0.00885788
0.343011;-0.205776;0;0.000229992;1.48251;-0.120569;0.00892872
0.345569;-0.201449;0;0.000231597;1.49432;-0.121525;0.00899954
0.348074;-0.197091;0;0.000233201;1.50612;-0.122481;0.00907031
0.350523;-0.192701;0;0.000234804;1.51791;-0.123436;0.00914103
0.352916;-0.188282;0;0.000236405;1.52969;-0.12439;0.00921168
0.355255;-0.183832;0;0.000237799;1.53993;-0.125221;0.00927322
0.357537;-0.179353;0;0.000238988;1.54859;-0.125931;0.00932575
0.359762;-0.174846;0;0.000240177;1.55726;-0.12664;0.00937831
0.361931;-0.170312;0;0.000241315;1.56562;-0.127319;0.00942856
0.364042;-0.16575;0;0.000242446;1.57396;-0.127993;0.00947845
0.366096;-0.161163;0;0.000243578;1.58231;-0.128667;0.00952837
0.368093;-0.156549;0;0.000244709;1.59065;-0.129341;0.00957829
0.370031;-0.151912;0;0.00024584;1.599;-0.130015;0.0096282
0.371911;-0.14725;0;0.000246971;1.60735;-0.130689;0.00967811
0.373732;-0.142565;0;0.000248102;1.61569;-0.131362;0.009728
0.375494;-0.137857;0;0.000249232;1.62403;-0.132036;0.00977786
0.377196;-0.133128;0;0.000250362;1.63237;-0.132708;0.00982769
0.378839;-0.128377;0;0.000251484;1.64062;-0.133378;0.00987726
0.380423;-0.123607;0;0.000252493;1.64797;-0.133981;0.00992192
0.381946;-0.118817;0;0.000253221;1.65319;-0.134416;0.00995418
0.383409;-0.114008;0;0.00025395;1.65841;-0.134852;0.00998645
0.384811;-0.109181;0;0.000254679;1.66364;-0.135288;0.0100187
0.386153;-0.104337;0;0.000255371;1.66867;-0.135702;0.0100494
0.387433;-0.099476;0;0.000255998;1.67336;-0.136075;0.010077
0.388653;-0.0945996;0;0.000256625;1.67805;-0.136448;0.0101047
0.389811;-0.0897083;0;0.000257253;1.68274;-0.136822;0.0101323
0.390907;-0.0848028;0;0.00025788;1.68743;-0.137195;0.0101599
0.391942;-0.079884;0;0.000258508;1.69212;-0.137568;0.0101876
0.392915;-0.0749525;0;0.000259135;1.69681;-0.137941;0.0102152
0.393826;-0.0700092;0;0.000259762;1.7015;-0.138314;0.0102428
0.394674;-0.0650549;0;0.000260388;1.70618;-0.138687;0.0102704
0.395461;-0.0600902;0;0.000261014;1.71086;-0.139059;0.010298
0.396185;-0.0551161;0;0.000261393;1.71367;-0.139285;0.0103147
0.396846;-0.0501333;0;0.000261676;1.71575;-0.139453;0.0103272
0.397445;-0.0451426;0;0.000261959;1.71784;-0.139622;0.0103396
0.39798;-0.0401447;0;0.00026216;1.71938;-0.13974;0.0103484
0.398453;-0.0351405;0;0.000262292;1.72051;-0.139818;0.0103542
0.398864;-0.0301307;0;0.000262425;1.72163;-0.139895;0.0103599
0.399211;-0.0251162;0;0.000262558;1.72276;-0.139973;0.0103657
0.399495;-0.0200977;0;0.00026269;1.72388;-0.14005;0.0103714
0.399716;-0.0150761;0;0.000262823;1.72501;-0.140128;0.0103771
0.399874;-0.010052;0;0.000262956;1.72613;-0.140206;0.0103829
0.399968;-0.00502642;0;0.000263089;1.72726;-0.140283;0.0103886
