0.4;0;0;0.000267028;1.97033;-0.140359;0.0103943
0.399968;0.00502642;0;0.000266877;1.96919;-0.140279;0.0103883
0.399874;0.010052;0;0.000266723;1.96803;-0.140196;0.0103822
0.399716;0.0150761;0;0.000266569;1.96687;-0.140114;0.0103761
0.399495;0.0200977;0;0.000266415;1.9657;-0.140032;0.01037
0.399211;0.0251162;0;0.000266261;1.96454;-0.13995;0.0103639
0.398864;0.0301307;0;0.000266107;1.96337;-0.139867;0.0103578
0.398453;0.0351405;0;0.000265953;1.96221;-0.139785;0.0103518
0.39798;0.0401447;0;0.000265799;1.96105;-0.139703;0.0103457
0.397445;0.0451426;0;0.000265516;1.9589;-0.139552;0.0103345
0.396846;0.0501333;0;0.000265165;1.95624;-0.139365;0.0103206
0.396185;0.0551161;0;0.000264814;1.95357;-0.139178;0.0103068
0.395461;0.0600902;0;0.000264462;1.95091;-0.138991;0.0102929
0.394674;0.0650549;0;0.000263833;1.94612;-0.138655;0.0102681
0.393826;0.0700092;0;0.000263145;1.94089;-0.138289;0.0102409
0.392915;0.0749525;0;0.000262456;1.93565;-0.137921;0.0102137
0.391942;0.079884;0;0.000261767;1.93041;-0.137554;0.0101866
0.390907;0.0848028;0;0.000261078;1.92516;-0.137187;0.0101594
0.389811;0.0897083;0;0.000260389;1.91992;-0.13682;0.0101321
0.388653;0.0945996;0;0.0002597;1.91468;-0.136452;0.0101049
0.387433;0.099476;0;0.00025901;1.90943;-0.136085;0.0100777
0.386153;0.104337;0;0.000258284;1.9039;-0.135698;0.0100491
0.384811;0.109181;0;0.000257434;1.89743;-0.135245;0.0100156
0.383409;0.114008;0;0.000256585;1.89096;-0.134793;0.00998205
0.381946;0.118817;0;0.000255736;1.88449;-0.134341;0.00994855
0.380423;0.123607;0;0.000254887;1.87803;-0.133888;0.00991507
0.378839;0.128377;0;0.000253783;1.86963;-0.1333;0.0098715
0.377196;0.133128;0;0.000252513;1.85998;-0.132623;0.0098214
0.375494;0.137857;0;0.000251249;1.85039;-0.13195;0.00977152
0.373732;0.142565;0;0.000249985;1.84079;-0.131276;0.00972165
0.371911;0.14725;0;0.000248721;1.83119;-0.130603;0.00967174
0.370031;0.151912;0;0.000247456;1.82159;-0.129929;0.00962182
0.368093;0.156549;0;0.00024619;1.81199;-0.129254;0.0095719
0.366096;0.161163;0;0.000244925;1.80238;-0.12858;0.00952197
0.364042;0.16575;0;0.00024366;1.79278;-0.127906;0.00947204
0.361931;0.170312;0;0.000242395;1.78318;-0.127232;0.00942214
0.359762;0.174846;0;0.000241131;1.77358;-0.126558;0.00937225
0.357537;0.179353;0;0.000239868;1.76399;-0.125885;0.0093224
0.355255;0.183832;0;0.000238605;1.75441;-0.125212;0.00927258
0.352916;0.188282;0;0.000237078;1.74284;-0.124399;0.00921231
0.350523;0.192701;0;0.00023529;1.72932;-0.123446;0.00914176
0.348074;0.197091;0;0.0002335;1.71578;-0.122492;0.00907114
0.345569;0.201449;0;0.000231709;1.70224;-0.121538;0.00900047
0.343011;0.205776;0;0.000229917;1.68869;-0.120583;0.00892976
0.340398;0.21007;0;0.000228124;1.67513;-0.119628;0.00885902
0.337731;0.214331;0;0.000226331;1.66156;-0.118672;0.00878826
0.335011;0.218558;0;0.000224537;1.648;-0.117717;0.00871749
0.332238;0.22275;0;0.000222744;1.63444;-0.116761;0.00864672
0.329413;0.226908;0;0.000220951;1.62088;-0.115806;0.00857597
0.326536;0.231029;0;0.000219158;1.60732;-0.114851;0.00850524
0.323607;0.235114;0;0.000217364;1.59376;-0.113895;0.00843446
0.320627;0.239162;0;0.000215565;1.58015;-0.112936;0.00836348
0.317596;0.243172;0;0.000213768;1.56656;-0.111979;0.00829255
0.314515;0.247144;0;0.000211712;1.55106;-0.110883;0.00821144
0.311385;0.251077;0;0.0002095;1.53441;-0.109705;0.00812417
0.308205;0.25497;0;0.000207287;1.51774;-0.108526;0.00803684
0.304977;0.258822;0;0.000205071;1.50106;-0.107345;0.0079494
0.301701;0.262634;0;0.000202852;1.48435;-0.106163;0.00786184
0.298376;0.266405;0;0.000200631;1.46762;-0.104979;0.0077742
0.295005;0.270133;0;0.000198407;1.45088;-0.103794;0.00768645
0.291587;0.273819;0;0.000196183;1.43413;-0.102609;0.0075987
0.288124;0.277461;0;0.00019396;1.41739;-0.101424;0.00751096
0.284614;0.28106;0;0.000191737;1.40065;-0.10024;0.00742326
0.28106;0.284614;0;0.000189515;1.38393;-0.0990564;0.0073356
0.277461;0.288124;0;0.000187259;1.36695;-0.0978542;0.00724657
0.273819;0.291587;0;0.000184687;1.34768;-0.096484;0.0071451
0.270133;0.295005;0;0.000182113;1.32838;-0.0951124;0.00704353
0.266405;0.298376;0;0.000179537;1.30908;-0.0937398;0.00694188
0.262634;0.301701;0;0.00017696;1.28976;-0.0923665;0.00684018
0.258822;0.304977;0;0.000174381;1.27043;-0.0909925;0.00673842
0.25497;0.308205;0;0.000171802;1.2511;-0.0896181;0.00663665
0.251077;0.311385;0;0.000169221;1.23176;-0.088243;0.00653481
0.247144;0.314515;0;0.00016664;1.21242;-0.0868677;0.00643296
0.243172;0.317596;0;0.000164057;1.19306;-0.0854912;0.00633103
0.239162;0.320627;0;0.000161474;1.1737;-0.0841153;0.00622914
0.235114;0.323607;0;0.000158893;1.15436;-0.08274;0.00612729
0.231029;0.326536;0;0.000156314;1.13502;-0.0813655;0.0060255
0.226908;0.329413;0;0.000153736;1.11571;-0.0799922;0.0059238
0.22275;0.332238;0;0.000150999;1.09525;-0.078534;0.00581581
0.218558;0.335011;0;0.000148117;1.07374;-0.0769981;0.00570208
0.214331;0.337731;0;0.000145232;1.05222;-0.0754611;0.00558825
0.21007;0.340398;0;0.000142346;1.03068;-0.0739231;0.00547436
0.205776;0.343011;0;0.000139458;1.00913;-0.0723844;0.00536041
0.201449;0.345569;0;0.00013657;0.987575;-0.0708453;0.00524643
0.197091;0.348074;0;0.000133681;0.966017;-0.0693059;0.00513243
0.192701;0.350523;0;0.000130792;0.944459;-0.0677666;0.00501844
0.188282;0.352916;0;0.000127903;0.922905;-0.0662275;0.00490446
0.183832;0.355255;0;0.000125016;0.901358;-0.0646889;0.00479052
0.179353;0.357537;0;0.00012213;0.879822;-0.0631511;0.00467664
0.174846;0.359762;0;0.000119245;0.858299;-0.0616143;0.00456283
0.170312;0.361931;0;0.000116324;0.836524;-0.0600577;0.00444756
0.16575;0.364042;0;0.000113208;0.813345;-0.0583972;0.00432459
0.161163;0.366096;0;0.000110076;0.790052;-0.0567286;0.00420102
0.156549;0.368093;0;0.000106941;0.766735;-0.0550583;0.00407733
0.151912;0.370031;0;0.000103804;0.743398;-0.0533865;0.00395353
0.14725;0.371911;0;0.000100664;0.720045;-0.0517137;0.00382964
0.142565;0.373732;0;9.75229e-05;0.696679;-0.0500399;0.00370569
0.137857;0.375494;0;9.43804e-05;0.673305;-0.0483654;0.00358169
0.133128;0.377196;0;9.12372e-05;0.649926;-0.0466906;0.00345766
0.128377;0.378839;0;8.80939e-05;0.626545;-0.0450158;0.00333363
0.123607;0.380423;0;8.49508e-05;0.603166;-0.043341;0.00320961
0.118817;0.381946;0;8.18849e-05;0.58039;-0.0417074;0.00308863
0.114008;0.383409;0;7.86669e-05;0.556517;-0.0399927;0.00296165
0.109181;0.384811;0;7.54476e-05;0.532633;-0.0382773;0.00283462
0.104337;0.386153;0;7.22274e-05;0.508743;-0.0365614;0.00270755
0.099476;0.387433;0;6.90068e-05;0.48485;-0.0348454;0.00258046
0.0945996;0.388653;0;6.57863e-05;0.460958;-0.0331293;0.00245338
0.0897083;0.389811;0;6.25664e-05;0.43707;-0.0314136;0.00232633
0.0848028;0.390907;0;5.93477e-05;0.413191;-0.0296985;0.00219932
0.079884;0.391942;0;5.61306e-05;0.389324;-0.0279843;0.00207237
0.0749525;0.392915;0;5.29157e-05;0.365473;-0.0262713;0.00194551
0.0700092;0.393826;0;4.97034e-05;0.341642;-0.0245596;0.00181876
0.0650549;0.394674;0;4.64943e-05;0.317834;-0.0228497;0.00169213
0.0600902;0.395461;0;4.32889e-05;0.294054;-0.0211417;0.00156564
0.0551161;0.396185;0;4.00876e-05;0.270304;-0.0194359;0.00143932
0.0501333;0.396846;0;3.67938e-05;0.245892;-0.0176808;0.00130935
0.0451426;0.397445;0;3.34826e-05;0.221358;-0.0159164;0.00117869
0.0401447;0.39798;0;3.01676e-05;0.196797;-0.0141501;0.00104788
0.0351405;0.398453;0;2.68493e-05;0.172211;-0.012382;0.000916944
0.0301307;0.398864;0;2.35284e-05;0.147605;-0.0106124;0.0007859
0.0251162;0.399211;0;2.02052e-05;0.122983;-0.00884168;0.000654768
0.0200977;0.399495;0;1.68803e-05;0.0983478;-0.00707004;0.00052357
0.0150761;0.399716;0;1.35542e-05;0.0737044;-0.00529779;0.000392326
0.010052;0.399874;0;1.02276e-05;0.0490562;-0.00352519;0.000261057
0.00502642;0.399968;0;6.90077e-06;0.0244072;-0.00175254;0.000129784
2.44929e-17;0.4;0;3.57439e-06;-0.000238733;1.98971e-05;-1.47348e-06
-0.00502642;0.399968;0;2.48954e-07;-0.0248777;0.00179183;-0.000132694
-0.010052;0.399874;0;-3.07502e-06;-0.0495059;0.00356299;-0.000263856
-0.0150761;0.399716;0;-6.39701e-06;-0.0741193;0.00533308;-0.00039494
-0.0200977;0.399495;0;-9.71649e-06;-0.098714;0.00710184;-0.000525925
-0.0251162;0.399211;0;-1.30329e-05;-0.123286;0.00886897;-0.00065679
-0.0301307;0.398864;0;-1.63458e-05;-0.147832;0.0106342;-0.000787514
-0.0351405;0.398453;0;-1.96267e-05;-0.172152;0.0123824;-0.000916979
-0.0401447;0.39798;0;-2.28936e-05;-0.19638;0.0141232;-0.00104589
-0.0451426;0.397445;0;-2.61609e-05;-0.220607;0.0158641;-0.00117481
-0.0501333;0.396846;0;-2.94308e-05;-0.244854;0.0176065;-0.00130384
-0.0551161;0.396185;0;-3.27029e-05;-0.269116;0.01935;-0.00143296
-0.0600902;0.395461;0;-3.59765e-05;-0.29339;0.0210943;-0.00156214
-0.0650549;0.394674;0;-3.92512e-05;-0.317672;0.0228392;-0.00169135
-0.0700092;0.393826;0;-4.25265e-05;-0.341958;0.0245844;-0.00182059
-0.0749525;0.392915;0;-4.58018e-05;-0.366244;0.0263297;-0.00194984
-0.079884;0.391942;0;-4.90767e-05;-0.390527;0.0280746;-0.00207906
-0.0848028;0.390907;0;-5.23505e-05;-0.414802;0.0298191;-0.00220825
-0.0897083;0.389811;0;-5.56229e-05;-0.439067;0.0315627;-0.00233737
-0.0945996;0.388653;0;-5.88932e-05;-0.463316;0.0333053;-0.00246642
-0.099476;0.387433;0;-6.21609e-05;-0.487546;0.0350465;-0.00259536
-0.104337;0.386153;0;-6.53835e-05;-0.511462;0.0367636;-0.00272252
-0.109181;0.384811;0;-6.85256e-05;-0.534818;0.0384379;-0.00284651
-0.114008;0.383409;0;-7.16428e-05;-0.557995;0.0400989;-0.00296951
-0.118817;0.381946;0;-7.47625e-05;-0.58119;0.0417611;-0.00309261
-0.123607;0.380423;0;-7.7884e-05;-0.6044;0.0434244;-0.00321578
-0.128377;0.378839;0;-8.1007e-05;-0.627619;0.0450885;-0.00333901
-0.133128;0.377196;0;-8.41309e-05;-0.650846;0.046753;-0.00346228
-0.137857;0.375494;0;-8.72552e-05;-0.674076;0.0484178;-0.00358557
-0.142565;0.373732;0;-9.03795e-05;-0.697306;0.0500825;-0.00370885
-0.14725;0.371911;0;-9.35032e-05;-0.720532;0.051747;-0.00383211
-0.151912;0.370031;0;-9.66128e-05;-0.743653;0.0534039;-0.00395481
-0.156549;0.368093;0;-9.97236e-05;-0.766779;0.0550614;-0.00407756
-0.161163;0.366096;0;-0.000102833;-0.789893;0.0567181;-0.00420024
-0.16575;0.364042;0;-0.00010594;-0.812991;0.0583736;-0.00432284
-0.170312;0.361931;0;-0.000109044;-0.83607;0.0600277;-0.00444534
-0.174846;0.359762;0;-0.000112029;-0.858281;0.0616183;-0.00456313
-0.179353;0.357537;0;-0.000114896;-0.879675;0.0631459;-0.00467625
-0.183832;0.355255;0;-0.000117765;-0.901085;0.0646746;-0.00478947
-0.188282;0.352916;0;-0.000120636;-0.922508;0.0662043;-0.00490274
-0.192701;0.350523;0;-0.000123508;-0.94394;0.0677347;-0.00501608
-0.197091;0.348074;0;-0.000126381;-0.965379;0.0692655;-0.00512944
-0.201449;0.345569;0;-0.000129254;-0.98682;0.0707965;-0.00524281
-0.205776;0.343011;0;-0.000132127;-1.00826;0.0723274;-0.00535619
-0.21007;0.340398;0;-0.000135;-1.0297;0.0738581;-0.00546954
-0.214331;0.337731;0;-0.000137871;-1.05113;0.0753882;-0.00558285
-0.218558;0.335011;0;-0.000140741;-1.07254;0.0769175;-0.00569611
-0.22275;0.332238;0;-0.000143573;-1.09368;0.0784266;-0.00580786
-0.226908;0.329413;0;-0.000146365;-1.11451;0.0799138;-0.00591799
-0.231029;0.326536;0;-0.000148907;-1.13357;0.0812685;-0.00601832
-0.235114;0.323607;0;-0.000151485;-1.15289;0.082642;-0.00612004
-0.239162;0.320627;0;-0.000154064;-1.17222;0.0840164;-0.00622182
-0.243172;0.317596;0;-0.000156645;-1.19156;0.0853915;-0.00632365
-0.247144;0.314515;0;-0.000159226;-1.21091;0.0867671;-0.00642552
-0.251077;0.311385;0;-0.000161808;-1.23027;0.0881429;-0.0065274
-0.25497;0.308205;0;-0.000164391;-1.24962;0.0895188;-0.00662929
-0.258822;0.304977;0;-0.000166972;-1.26897;0.0908945;-0.00673117
-0.262634;0.301701;0;-0.000169554;-1.28831;0.0922698;-0.00683302
-0.266405;0.298376;0;-0.000172134;-1.30765;0.0936446;-0.00693483
-0.270133;0.295005;0;-0.000174712;-1.32698;0.0950184;-0.00703657
-0.273819;0.291587;0;-0.000177288;-1.34629;0.0963913;-0.00713823
-0.277461;0.288124;0;-0.000179707;-1.36442;0.0976803;-0.00723369
-0.28106;0.284614;0;-0.000182011;-1.38171;0.0989075;-0.00732457
-0.284614;0.28106;0;-0.000184247;-1.39855;0.100099;-0.0074128
-0.288124;0.277461;0;-0.000186483;-1.41539;0.101291;-0.00750106
-0.291587;0.273819;0;-0.000188721;-1.43224;0.102483;-0.00758935
-0.295005;0.270133;0;-0.000190959;-1.44908;0.103675;-0.00767765
-0.298376;0.266405;0;-0.000193196;-1.46593;0.104868;-0.00776595
-0.301701;0.262634;0;-0.000195434;-1.48278;0.10606;-0.00785423
-0.304977;0.258822;0;-0.00019767;-1.49961;0.107251;-0.00794248
-0.308205;0.25497;0;-0.000199905;-1.51644;0.108443;-0.00803068
-0.311385;0.251077;0;-0.000202139;-1.53326;0.109633;-0.00811883
-0.314515;0.247144;0;-0.000204371;-1.55007;0.110822;-0.00820691
-0.317596;0.243172;0;-0.000206455;-1.56576;0.111932;-0.00828912
-0.320627;0.239162;0;-0.000208258;-1.57939;0.112893;-0.00836027
-0.323607;0.235114;0;-0.000210063;-1.59304;0.113855;-0.00843148
-0.326536;0.231029;0;-0.000211868;-1.6067;0.114817;-0.00850273
-0.329413;0.226908;0;-0.000213675;-1.62036;0.115779;-0.00857402
-0.332238;0.22275;0;-0.000215482;-1.63402;0.116742;-0.00864533
-0.335011;0.218558;0;-0.000217289;-1.64769;0.117705;-0.00871664
-0.337731;0.214331;0;-0.000219069;-1.66114;0.118653;-0.00878685
-0.340398;0.21007;0;-0.000220849;-1.6746;0.119602;-0.0088571
-0.343011;0.205776;0;-0.000222628;-1.68805;0.12055;-0.00892733
-0.345569;0.201449;0;-0.000224408;-1.7015;0.121498;-0.00899753
-0.348074;0.197091;0;-0.000226186;-1.71495;0.122446;-0.0090677
-0.350523;0.192701;0;-0.000227963;-1.72838;0.123393;-0.00913782
-0.352916;0.188282;0;-0.000229738;-1.74181;0.124339;-0.00920789
-0.355255;0.183832;0;-0.000231341;-1.75394;0.125193;-0.00927114
-0.357537;0.179353;0;-0.000232666;-1.76399;0.125899;-0.0093234
-0.359762;0.174846;0;-0.000233995;-1.77408;0.126607;-0.00937587
-0.361931;0.170312;0;-0.000235325;-1.78418;0.127316;-0.00942835
-0.364042;0.16575;0;-0.000236655;-1.79427;0.128025;-0.00948083
-0.366096;0.161163;0;-0.000237985;-1.80437;0.128733;-0.00953332
-0.368093;0.156549;0;-0.000239315;-1.81446;0.129442;-0.00958579
-0.370031;0.151912;0;-0.000240645;-1.82455;0.13015;-0.00963825
-0.371911;0.14725;0;-0.000241973;-1.83464;0.130858;-0.00969067
-0.373732;0.142565;0;-0.000243301;-1.84472;0.131566;-0.00974307
-0.375494;0.137857;0;-0.000244628;-1.85479;0.132273;-0.00979542
-0.377196;0.133128;0;-0.000245915;-1.86457;0.132958;-0.00984621
-0.378839;0.128377;0;-0.000246812;-1.8714;0.133437;-0.00988161
-0.380423;0.123607;0;-0.000247642;-1.87772;0.133879;-0.00991436
-0.381946;0.118817;0;-0.000248472;-1.88404;0.134321;-0.00994712
-0.383409;0.114008;0;-0.000249303;-1.89036;0.134764;-0.00997991
-0.384811;0.109181;0;-0.000250134;-1.89669;0.135207;-0.0100127
-0.386153;0.104337;0;-0.000250966;-1.90301;0.13565;-0.0100455
-0.387433;0.099476;0;-0.000251797;-1.90934;0.136093;-0.0100783
-0.388653;0.0945996;0;-0.000252628;-1.91567;0.136536;-0.0101111
-0.389811;0.0897083;0;-0.000253459;-1.92199;0.136978;-0.0101439
-0.390907;0.0848028;0;-0.00025429;-1.92832;0.137421;-0.0101767
-0.391942;0.079884;0;-0.00025512;-1.93464;0.137863;-0.0102094
-0.392915;0.0749525;0;-0.000255949;-1.94095;0.138305;-0.0102422
-0.393826;0.0700092;0;-0.000256778;-1.94726;0.138747;-0.0102749
-0.394674;0.0650549;0;-0.000257599;-1.95351;0.139184;-0.0103073
-0.395461;0.0600902;0;-0.000257925;-1.95599;0.139358;-0.0103201
-0.396185;0.0551161;0;-0.0002582;-1.95808;0.139504;-0.0103309
-0.396846;0.0501333;0;-0.000258474;-1.96018;0.13965;-0.0103418
-0.397445;0.0451426;0;-0.000258748;-1.96227;0.139797;-0.0103526
-0.39798;0.0401447;0;-0.000259023;-1.96436;0.139943;-0.0103634
-0.398453;0.0351405;0;-0.00025929;-1.9664;0.140085;-0.010374
-0.398864;0.0301307;0;-0.000259549;-1.96838;0.140223;-0.0103842
-0.399211;0.0251162;0;-0.000259807;-1.97034;0.140361;-0.0103944
-0.399495;0.0200977;0;-0.000260064;-1.9723;0.140497;-0.0104045
-0.399716;0.0150761;0;-0.00026032;-1.97426;0.140634;-0.0104146
-0.399874;0.010052;0;-0.000260577;-1.97621;0.140771;-0.0104248
-0.399968;0.00502642;0;-0.000260833;-1.97817;0.140907;-0.0104349
-0.4;4.89859e-17;0;-0.000261088;-1.98011;0.141043;-0.0104449
-0.399968;-0.00502642;0;-0.000260911;-1.97876;0.140949;-0.0104379
-0.399874;-0.010052;0;-0.000260642;-1.97671;0.140805;-0.0104273
-0.399716;-0.0150761;0;-0.000260372;-1.97465;0.140662;-0.0104167
-0.399495;-0.0200977;0;-0.000260101;-1.97259;0.140518;-0.010406
-0.399211;-0.0251162;0;-0.000259831;-1.97053;0.140373;-0.0103953
-0.398864;-0.0301307;0;-0.00025956;-1.96846;0.140229;-0.0103846
-0.398453;-0.0351405;0;-0.000259289;-1.9664;0.140085;-0.0103739
-0.39798;-0.0401447;0;-0.000259018;-1.96433;0.13994;-0.0103632
-0.397445;-0.0451426;0;-0.000258746;-1.96226;0.139796;-0.0103525
-0.396846;-0.0501333;0;-0.000258475;-1.96019;0.139651;-0.0103418
-0.396185;-0.0551161;0;-0.000258204;-1.95812;0.139506;-0.0103311
-0.395461;-0.0600902;0;-0.000257932;-1.95605;0.139362;-0.0103204
-0.394674;-0.0650549;0;-0.00025766;-1.95397;0.139217;-0.0103097
-0.393826;-0.0700092;0;-0.000256859;-1.94787;0.13879;-0.010278
-0.392915;-0.0749525;0;-0.000256037;-1.94162;0.138352;-0.0102456
-0.391942;-0.079884;0;-0.000255215;-1.93536;0.137914;-0.0102132
-0.390907;-0.0848028;0;-0.000254392;-1.9291;0.137476;-0.0101807
-0.389811;-0.0897083;0;-0.000253569;-1.92283;0.137037;-0.0101482
-0.388653;-0.0945996;0;-0.000252745;-1.91656;0.136598;-0.0101157
-0.387433;-0.099476;0;-0.000251921;-1.91028;0.136159;-0.0100832
-0.386153;-0.104337;0;-0.000251097;-1.90401;0.13572;-0.0100507
-0.384811;-0.109181;0;-0.000250273;-1.89774;0.135281;-0.0100182
-0.383409;-0.114008;0;-0.000249449;-1.89146;0.134842;-0.00998567
-0.381946;-0.118817;0;-0.000248625;-1.88519;0.134403;-0.00995316
-0.380423;-0.123607;0;-0.000247802;-1.87892;0.133964;-0.00992068
-0.378839;-0.128377;0;-0.000246938;-1.87235;0.133504;-0.00988658
-0.377196;-0.133128;0;-0.000245708;-1.86302;0.132849;-0.00983807
-0.375494;-0.137857;0;-0.000244478;-1.85368;0.132193;-0.00978952
-0.373732;-0.142565;0;-0.000243247;-1.84434;0.131537;-0.00974095
-0.371911;-0.14725;0;-0.000241894;-1.83406;0.130816;-0.00968758
-0.370031;-0.151912;0;-0.000240525;-1.82365;0.130087;-0.00963355
-0.368093;-0.156549;0;-0.000239154;-1.81324;0.129357;-0.00957948
-0.366096;-0.161163;0;-0.000237784;-1.80283;0.128626;-0.00952539
-0.364042;-0.16575;0;-0.000236412;-1.79242;0.127896;-0.00947129
-0.361931;-0.170312;0;-0.000235041;-1.782;0.127165;-0.00941719
-0.359762;-0.174846;0;-0.00023367;-1.77159;0.126435;-0.00936309
-0.357537;-0.179353;0;-0.000232299;-1.76117;0.125704;-0.009309
-0.355255;-0.183832;0;-0.000230763;-1.74953;0.124886;-0.00924838
-0.352916;-0.188282;0;-0.000229191;-1.73762;0.124048;-0.00918634
-0.350523;-0.192701;0;-0.000227548;-1.72519;0.123172;-0.0091215
-0.348074;-0.197091;0;-0.000225808;-1.71204;0.122245;-0.00905286
-0.345569;-0.201449;0;-0.000224068;-1.69889;0.121318;-0.00898419
-0.343011;-0.205776;0;-0.000222327;-1.68573;0.12039;-0.00891549
-0.340398;-0.21007;0;-0.000220586;-1.67257;0.119463;-0.00884678
-0.337731;-0.214331;0;-0.000218844;-1.65941;0.118535;-0.00877807
-0.335011;-0.218558;0;-0.000217103;-1.64625;0.117607;-0.00870937
-0.332238;-0.22275;0;-0.000215363;-1.63309;0.11668;-0.00864069
-0.329413;-0.226908;0;-0.000213623;-1.61994;0.115753;-0.00857204
-0.326536;-0.231029;0;-0.000211828;-1.60637;0.114796;-0.00850118
-0.323607;-0.235114;0;-0.000210007;-1.5926;0.113826;-0.00842934
-0.320627;-0.239162;0;-0.000208187;-1.57884;0.112856;-0.00835754
-0.317596;-0.243172;0;-0.000206364;-1.56506;0.111885;-0.00828558
-0.314515;-0.247144;0;-0.00020426;-1.54923;0.110764;-0.00820259
-0.311385;-0.251077;0;-0.000202024;-1.53239;0.109572;-0.00811434
-0.308205;-0.25497;0;-0.000199785;-1.51553;0.108379;-0.00802601
-0.304977;-0.258822;0;-0.000197546;-1.49867;0.107186;-0.00793763
-0.301701;-0.262634;0;-0.000195304;-1.48179;0.105992;-0.0078492
-0.298376;-0.266405;0;-0.000193063;-1.46491;0.104797;-0.00776074
-0.295005;-0.270133;0;-0.00019082;-1.44803;0.103602;-0.00767226
-0.291587;-0.273819;0;-0.000188578;-1.43114;0.102408;-0.00758378
-0.288124;-0.277461;0;-0.000186336;-1.41426;0.101213;-0.0074953
-0.284614;-0.28106;0;-0.000184094;-1.39738;0.100019;-0.00740686
-0.28106;-0.284614;0;-0.000181854;-1.38051;0.0988248;-0.00731845
-0.277461;-0.288124;0;-0.000179513;-1.36295;0.0975776;-0.00722609
-0.273819;-0.291587;0;-0.00017712;-1.34502;0.0963027;-0.00713168
-0.270133;-0.295005;0;-0.000174614;-1.32623;0.0949673;-0.00703278
-0.266405;-0.298376;0;-0.00017205;-1.30701;0.0936012;-0.00693161
-0.262634;-0.301701;0;-0.000169485;-1.28778;0.0922344;-0.00683039
-0.258822;-0.304977;0;-0.000166919;-1.26855;0.0908671;-0.00672914
-0.25497;-0.308205;0;-0.000164353;-1.24931;0.0894996;-0.00662787
-0.251077;-0.311385;0;-0.000161786;-1.23007;0.088132;-0.0065266
-0.247144;-0.314515;0;-0.00015922;-1.21084;0.0867647;-0.00642534
-0.243172;-0.317596;0;-0.000156655;-1.19161;0.0853977;-0.00632411
-0.239162;-0.320627;0;-0.00015409;-1.17238;0.0840314;-0.00622292
-0.235114;-0.323607;0;-0.000151528;-1.15317;0.0826658;-0.0061218
-0.231029;-0.326536;0;-0.000148967;-1.13398;0.0813013;-0.00602075
-0.226908;-0.329413;0;-0.000146343;-1.11435;0.0799031;-0.00591721
-0.22275;-0.332238;0;-0.000143554;-1.09353;0.0784172;-0.00580717
-0.218558;-0.335011;0;-0.000140709;-1.07229;0.0769012;-0.0056949
-0.214331;-0.337731;0;-0.000137836;-1.05085;0.0753704;-0.00558154
-0.21007;-0.340398;0;-0.000134962;-1.0294;0.073839;-0.00546813
-0.205776;-0.343011;0;-0.000132087;-1.00794;0.0723069;-0.00535467
-0.201449;-0.345569;0;-0.000129211;-0.986483;0.0707746;-0.0052412
-0.197091;-0.348074;0;-0.000126335;-0.96502;0.0692422;-0.00512772
-0.192701;-0.350523;0;-0.000123459;-0.94356;0.06771;-0.00501425
-0.188282;-0.352916;0;-0.000120585;-0.922106;0.0661783;-0.00490082
-0.183832;-0.355255;0;-0.000117711;-0.900661;0.0646472;-0.00478743
-0.179353;-0.357537;0;-0.00011484;-0.879229;0.063117;-0.00467411
-0.174846;-0.359762;0;-0.00011197;-0.857813;0.061588;-0.00456088
-0.170312;-0.361931;0;-0.000108995;-0.835683;0.0600028;-0.0044435
-0.16575;-0.364042;0;-0.000105922;-0.812834;0.0583655;-0.00432224
-0.161163;-0.366096;0;-0.000102818;-0.789751;0.0567114;-0.00419975
-0.156549;-0.368093;0;-9.97116e-05;-0.766653;0.0550562;-0.00407718
-0.151912;-0.370031;0;-9.66038e-05;-0.743544;0.0534002;-0.00395454
-0.14725;-0.371911;0;-9.3495e-05;-0.720427;0.0517437;-0.00383187
-0.142565;-0.373732;0;-9.03856e-05;-0.697306;0.0500869;-0.00370917
-0.137857;-0.375494;0;-8.72761e-05;-0.674184;0.0484301;-0.00358648
-0.133128;-0.377196;0;-8.41671e-05;-0.651066;0.0467735;-0.0034638
-0.128377;-0.378839;0;-8.10591e-05;-0.627955;0.0451174;-0.00334116
-0.123607;-0.380423;0;-7.79525e-05;-0.604855;0.0434621;-0.00321857
-0.118817;-0.381946;0;-7.48478e-05;-0.581768;0.0418077;-0.00309606
-0.114008;-0.383409;0;-7.17455e-05;-0.5587;0.0401547;-0.00297365
-0.109181;-0.384811;0;-6.86492e-05;-0.535679;0.0385049;-0.00285147
-0.104337;-0.386153;0;-6.54056e-05;-0.511621;0.0367765;-0.00272348
-0.099476;-0.387433;0;-6.21548e-05;-0.487508;0.0350444;-0.0025952
-0.0945996;-0.388653;0;-5.89022e-05;-0.463381;0.0333113;-0.00246686
-0.0897083;-0.389811;0;-5.56484e-05;-0.439246;0.0315775;-0.00233846
-0.0848028;-0.390907;0;-5.2396e-05;-0.41512;0.0298445;-0.00221013
-0.079884;-0.391942;0;-4.91377e-05;-0.39095;0.0281083;-0.00208156
-0.0749525;-0.392915;0;-4.58772e-05;-0.366764;0.026371;-0.0019529
-0.0700092;-0.393826;0;-4.26172e-05;-0.342582;0.024634;-0.00182426
-0.0650549;-0.394674;0;-3.93582e-05;-0.318407;0.0228974;-0.00169566
-0.0600902;-0.395461;0;-3.61007e-05;-0.294244;0.0211617;-0.00156712
-0.0551161;-0.396185;0;-3.28452e-05;-0.270095;0.019427;-0.00143866
-0.0501333;-0.396846;0;-2.95594e-05;-0.245735;0.0176762;-0.00130901
-0.0451426;-0.397445;0;-2.62439e-05;-0.221169;0.0159096;-0.00117818
-0.0401447;-0.39798;0;-2.29266e-05;-0.196589;0.014142;-0.00104728
-0.0351405;-0.398453;0;-1.96079e-05;-0.171999;0.0123737;-0.000916329
-0.0301307;-0.398864;0;-1.62938e-05;-0.147443;0.0106078;-0.000785556
-0.0251162;-0.399211;0;-1.29719e-05;-0.12283;0.00883774;-0.000654477
-0.0200977;-0.399495;0;-9.64985e-06;-0.0982148;0.00706759;-0.000523389
-0.0150761;-0.399716;0;-6.32806e-06;-0.073602;0.0052976;-0.000392313
-0.010052;-0.399874;0;-3.0071e-06;-0.0489954;0.00352806;-0.000261269
-0.00502642;-0.399968;0;3.1251e-07;-0.0243988;0.00175923;-0.000130279
-7.34788e-17;-0.4;0;3.63024e-06;0.00018387;-8.59414e-06;6.36437e-07
0.00502642;-0.399968;0;6.92194e-06;0.0245758;-0.00176255;0.000130525
0.010052;-0.399874;0;1.02269e-05;0.0490711;-0.00352358;0.000260938
0.0150761;-0.399716;0;1.35346e-05;0.0735869;-0.00528607;0.000391459
0.0200977;-0.399495;0;1.68446e-05;0.0981191;-0.00704976;0.000522068
0.0251162;-0.399211;0;2.01562e-05;0.122664;-0.00881435;0.000652745
0.0301307;-0.398864;0;2.34691e-05;0.147218;-0.0105796;0.000783468
0.0351405;-0.398453;0;2.67826e-05;0.171776;-0.0123452;0.000914217
0.0401447;-0.39798;0;3.00962e-05;0.196336;-0.0141108;0.00104497
0.0451426;-0.397445;0;3.34095e-05;0.220893;-0.0158763;0.00117571
0.0501333;-0.396846;0;3.67219e-05;0.245443;-0.0176412;0.00130642
0.0551161;-0.396185;0;4.00167e-05;0.269833;-0.0193968;0.00143643
0.0600902;-0.395461;0;4.3323e-05;0.294307;-0.0211586;0.00156689
0.0650549;-0.394674;0;4.65423e-05;0.318183;-0.022874;0.00169393
0.0700092;-0.393826;0;4.98128e-05;0.342441;-0.0246166;0.00182298
0.0749525;-0.392915;0;5.30836e-05;0.366701;-0.0263595;0.00195204
0.079884;-0.391942;0;5.63542e-05;0.390959;-0.0281022;0.0020811
0.0848028;-0.390907;0;5.95534e-05;0.414692;-0.0298068;0.00220734
0.0897083;-0.389811;0;6.27778e-05;0.43862;-0.031525;0.00233457
0.0945996;-0.388653;0;6.60031e-05;0.462553;-0.0332436;0.00246184
0.099476;-0.387433;0;6.92287e-05;0.48649;-0.0349623;0.00258913
0.104337;-0.386153;0;7.24542e-05;0.510425;-0.036681;0.0027164
0.109181;-0.384811;0;7.5679e-05;0.534355;-0.0383994;0.00284366
0.114008;-0.383409;0;7.89026e-05;0.558277;-0.0401171;0.00297086
0.118817;-0.381946;0;8.19819e-05;0.581157;-0.0417579;0.00309237
0.123607;-0.380423;0;8.50967e-05;0.604317;-0.0434175;0.00321527
0.128377;-0.378839;0;8.82131e-05;0.627489;-0.0450781;0.00333825
0.133128;-0.377196;0;9.13306e-05;0.65067;-0.0467392;0.00346126
0.137857;-0.375494;0;9.44488e-05;0.673855;-0.0484007;0.0035843
0.142565;-0.373732;0;9.75672e-05;0.697042;-0.0500623;0.00370735
0.14725;-0.371911;0;0.000100685;0.720227;-0.0517237;0.00383039
0.151912;-0.370031;0;0.000103802;0.743405;-0.0533847;0.00395339
0.156549;-0.368093;0;0.000106918;0.766574;-0.0550449;0.00407634
0.161163;-0.366096;0;0.000110032;0.789729;-0.0567042;0.00419922
0.16575;-0.364042;0;0.000113144;0.812867;-0.0583623;0.00432201
0.170312;-0.361931;0;0.000116201;0.835611;-0.0599911;0.00444263
0.174846;-0.359762;0;0.000119172;0.857747;-0.0615742;0.00455987
0.179353;-0.357537;0;0.000122055;0.879256;-0.0631103;0.00467362
0.183832;-0.355255;0;0.000124939;0.900778;-0.0646473;0.00478744
0.188282;-0.352916;0;0.000127825;0.922312;-0.0661852;0.00490133
0.192701;-0.350523;0;0.000130712;0.943853;-0.0677235;0.00501525
0.197091;-0.348074;0;0.0001336;0.965398;-0.0692622;0.00512919
0.201449;-0.345569;0;0.000136488;0.986944;-0.0708008;0.00524314
0.205776;-0.343011;0;0.000139375;1.00849;-0.0723393;0.00535707
0.21007;-0.340398;0;0.000142261;1.03002;-0.0738774;0.00547097
0.214331;-0.337731;0;0.000145147;1.05155;-0.0754147;0.00558482
0.218558;-0.335011;0;0.00014803;1.07306;-0.0769512;0.0056986
0.22275;-0.332238;0;0.000150911;1.09456;-0.0784864;0.00581229
0.226908;-0.329413;0;0.000153673;1.11522;-0.0799582;0.00592129
0.231029;-0.326536;0;0.000156248;1.13451;-0.0813299;0.00602287
0.235114;-0.323607;0;0.000158824;1.15382;-0.0827027;0.00612453
0.239162;-0.320627;0;0.000161402;1.17313;-0.0840764;0.00622626
0.243172;-0.317596;0;0.000163982;1.19246;-0.0854509;0.00632804
0.247144;-0.314515;0;0.000166562;1.2118;-0.0868258;0.00642986
0.251077;-0.311385;0;0.000169143;1.23114;-0.088201;0.0065317
0.25497;-0.308205;0;0.000171724;1.25048;-0.0895762;0.00663354
0.258822;-0.304977;0;0.000174304;1.26981;-0.0909513;0.00673537
0.262634;-0.301701;0;0.000176884;1.28914;-0.0923259;0.00683717
0.266405;-0.298376;0;0.000179463;1.30847;-0.0937;0.00693893
0.270133;-0.295005;0;0.00018204;1.32778;-0.0950732;0.00704062
0.273819;-0.291587;0;0.000184615;1.34708;-0.0964454;0.00714224
0.277461;-0.288124;0;0.000187143;1.36602;-0.0977921;0.00724197
0.28106;-0.284614;0;0.000189414;1.3831;-0.0990023;0.00733159
0.284614;-0.28106;0;0.000191631;1.39979;-0.100184;0.00741908
0.288124;-0.277461;0;0.000193849;1.41649;-0.101366;0.00750662
0.291587;-0.273819;0;0.000196068;1.43319;-0.102548;0.00759419
0.295005;-0.270133;0;0.000198288;1.4499;-0.103731;0.00768178
0.298376;-0.266405;0;0.000200508;1.46661;-0.104914;0.00776937
0.301701;-0.262634;0;0.000202727;1.48332;-0.106096;0.00785695
0.304977;-0.258822;0;0.000204946;1.50002;-0.107279;0.00794451
0.308205;-0.25497;0;0.000207164;1.51672;-0.108461;0.00803203
0.311385;-0.251077;0;0.000209381;1.5334;-0.109642;0.0081195
0.314515;-0.247144;0;0.000211596;1.55007;-0.110822;0.0082069
0.317596;-0.243172;0;0.000213736;1.56621;-0.111963;0.00829136
0.320627;-0.239162;0;0.000215527;1.57975;-0.112917;0.00836205
0.323607;-0.235114;0;0.00021732;1.5933;-0.113872;0.00843279
0.326536;-0.231029;0;0.000219114;1.60686;-0.114828;0.00850359
0.329413;-0.226908;0;0.000220909;1.62043;-0.115785;0.00857442
0.332238;-0.22275;0;0.000222705;1.63401;-0.116742;0.00864527
0.335011;-0.218558;0;0.000224501;1.64758;-0.117699;0.00871614
0.337731;-0.214331;0;0.000226297;1.66116;-0.118656;0.00878701
0.340398;-0.21007;0;0.000228093;1.67474;-0.119613;0.00885788
0.343011;-0.205776;0;0.000229888;1.68831;-0.120569;0.00892872
0.345569;-0.201449;0;0.000231682;1.70188;-0.121525;0.00899954
0.348074;-0.197091;0;0.000233476;1.71543;-0.122481;0.00907031
0.350523;-0.192701;0;0.000235268;1.72898;-0.123436;0.00914103
0.352916;-0.188282;0;0.000237059;1.74252;-0.12439;0.00921168
0.355255;-0.183832;0;0.000238618;1.75433;-0.125221;0.00927322
0.357537;-0.179353;0;0.000239949;1.76444;-0.125931;0.00932575
0.359762;-0.174846;0;0.000241281;1.77455;-0.12664;0.00937831
0.361931;-0.170312;0;0.000242555;1.78422;-0.127319;0.00942856
0.364042;-0.16575;0;0.000243819;1.79382;-0.127993;0.00947845
0.366096;-0.161163;0;0.000245084;1.80342;-0.128667;0.00952837
0.368093;-0.156549;0;0.000246349;1.81303;-0.129341;0.00957829
0.370031;-0.151912;0;0.000247614;1.82263;-0.130015;0.0096282
0.371911;-0.14725;0;0.000248879;1.83223;-0.130689;0.00967811
0.373732;-0.142565;0;0.000250143;1.84183;-0.131362;0.009728
0.375494;-0.137857;0;0.000251406;1.85142;-0.132036;0.00977786
0.377196;-0.133128;0;0.000252669;1.861;-0.132708;0.00982769
0.378839;-0.128377;0;0.000253925;1.87053;-0.133378;0.00987726
0.380423;-0.123607;0;0.000255057;1.87911;-0.133981;0.00992192
0.381946;-0.118817;0;0.000255875;1.88534;-0.134416;0.00995418
0.383409;-0.114008;0;0.000256693;1.89157;-0.134852;0.00998645
0.384811;-0.109181;0;0.000257511;1.8978;-0.135288;0.0100187
0.386153;-0.104337;0;0.000258288;1.9037;-0.135702;0.0100494
0.387433;-0.099476;0;0.000258988;1.90903;-0.136075;0.010077
0.388653;-0.0945996;0;0.000259688;1.91436;-0.136448;0.0101047
0.389811;-0.0897083;0;0.000260388;1.91969;-0.136822;0.0101323
0.390907;-0.0848028;0;0.000261089;1.92502;-0.137195;0.0101599
0.391942;-0.079884;0;0.000261789;1.93035;-0.137568;0.0101876
0.392915;-0.0749525;0;0.000262489;1.93568;-0.137941;0.0102152
0.393826;-0.0700092;0;0.000263189;1.94101;-0.138314;0.0102428
0.394674;-0.0650549;0;0.000263888;1.94633;-0.138687;0.0102704
0.395461;-0.0600902;0;0.000264587;1.95165;-0.139059;0.010298
0.396185;-0.0551161;0;0.000265011;1.95489;-0.139285;0.0103147
0.396846;-0.0501333;0;0.000265327;1.95731;-0.139453;0.0103272
0.397445;-0.0451426;0;0.000265643;1.95973;-0.139622;0.0103396
0.39798;-0.0401447;0;0.000265866;1.96144;-0.13974;0.0103484
0.398453;-0.0351405;0;0.000266012;1.96256;-0.139818;0.0103542
0.398864;-0.0301307;0;0.000266157;1.96367;-0.139895;0.0103599
0.399211;-0.0251162;0;0.000266303;1.96478;-0.139973;0.0103657
0.399495;-0.0200977;0;0.000266449;1.9659;-0.14005;0.0103714
0.399716;-0.0150761;0;0.000266594;1.96701;-0.140128;0.0103771
0.399874;-0.010052;0;0.00026674;1.96813;-0.140206;0.0103829
0.399968;-0.00502642;0;0.000266885;1.96924;-0.140283;0.0103886
