0.4;0;0;0.000244852;1.82393;-0.140359;0.0103943
0.399968;0.00502642;0;0.000244714;1.82296;-0.140279;0.0103883
0.399874;0.010052;0;0.000244572;1.82197;-0.140196;0.0103822
0.399716;0.0150761;0;0.000244431;1.82098;-0.140114;0.0103761
0.399495;0.0200977;0;0.00024429;1.81999;-0.140032;0.01037
0.399211;0.0251162;0;0.000244149;1.819;-0.13995;0.0103639
0.398864;0.0301307;0;0.000244008;1.81801;-0.139867;0.0103578
0.398453;0.0351405;0;0.000243867;1.81702;-0.139785;0.0103518
0.39798;0.0401447;0;0.000243726;1.81603;-0.139703;0.0103457
0.397445;0.0451426;0;0.000243465;1.8141;-0.139552;0.0103345
0.396846;0.0501333;0;0.000243141;1.81169;-0.139365;0.0103206
0.396185;0.0551161;0;0.000242817;1.80928;-0.139178;0.0103068
0.395461;0.0600902;0;0.000242493;1.80687;-0.138991;0.0102929
0.394674;0.0650549;0;0.000241911;1.80249;-0.138655;0.0102681
0.393826;0.0700092;0;0.000241275;1.79769;-0.138289;0.0102409
0.392915;0.0749525;0;0.000240639;1.79289;-0.137921;0.0102137
0.391942;0.079884;0;0.000240002;1.78808;-0.137554;0.0101866
0.390907;0.0848028;0;0.000239365;1.78328;-0.137187;0.0101594
0.389811;0.0897083;0;0.000238728;1.77847;-0.13682;0.0101321
0.388653;0.0945996;0;0.000238091;1.77366;-0.136452;0.0101049
0.387433;0.099476;0;0.000237454;1.76886;-0.136085;0.0100777
0.386153;0.104337;0;0.000236782;1.76377;-0.135698;0.0100491
0.384811;0.109181;0;0.000235997;1.75781;-0.135245;0.0100156
0.383409;0.114008;0;0.000235212;1.75185;-0.134793;0.00998205
0.381946;0.118817;0;0.000234426;1.74588;-0.134341;0.00994855
0.380423;0.123607;0;0.000233642;1.73992;-0.133888;0.00991507
0.378839;0.128377;0;0.00023262;1.73216;-0.1333;0.0098715
0.377196;0.133128;0;0.000231445;1.72322;-0.132623;0.0098214
0.375494;0.137857;0;0.000230275;1.71432;-0.13195;0.00977152
0.373732;0.142565;0;0.000229106;1.70543;-0.131276;0.00972165
0.371911;0.14725;0;0.000227935;1.69653;-0.130603;0.00967174
0.370031;0.151912;0;0.000226764;1.68763;-0.129929;0.00962182
0.368093;0.156549;0;0.000225593;1.67873;-0.129254;0.0095719
0.366096;0.161163;0;0.000224422;1.66982;-0.12858;0.00952197
0.364042;0.16575;0;0.000223252;1.66092;-0.127906;0.00947204
0.361931;0.170312;0;0.000222081;1.65202;-0.127232;0.00942214
0.359762;0.174846;0;0.000220911;1.64313;-0.126558;0.00937225
0.357537;0.179353;0;0.000219742;1.63424;-0.125885;0.0093224
0.355255;0.183832;0;0.000218573;1.62536;-0.125212;0.00927258
0.352916;0.188282;0;0.00021716;1.61462;-0.124399;0.00921231
0.350523;0.192701;0;0.000215505;1.60207;-0.123446;0.00914176
0.348074;0.197091;0;0.000213848;1.58951;-0.122492;0.00907114
0.345569;0.201449;0;0.00021219;1.57694;-0.121538;0.00900047
0.343011;0.205776;0;0.000210532;1.56437;-0.120583;0.00892976
0.340398;0.21007;0;0.000208872;1.55178;-0.119628;0.00885902
0.337731;0.214331;0;0.000207212;1.5392;-0.118672;0.00878826
0.335011;0.218558;0;0.000205552;1.52661;-0.117717;0.00871749
0.332238;0.22275;0;0.000203892;1.51402;-0.116761;0.00864672
0.329413;0.226908;0;0.000202233;1.50143;-0.115806;0.00857597
0.326536;0.231029;0;0.000200573;1.48885;-0.114851;0.00850524
0.323607;0.235114;0;0.000198913;1.47627;-0.113895;0.00843446
0.320627;0.239162;0;0.000197248;1.46364;-0.112936;0.00836348
0.317596;0.243172;0;0.000195584;1.45102;-0.111979;0.00829255
0.314515;0.247144;0;0.000193681;1.43664;-0.110883;0.00821144
0.311385;0.251077;0;0.000191634;1.4212;-0.109705;0.00812417
0.308205;0.25497;0;0.000189586;1.40574;-0.108526;0.00803684
0.304977;0.258822;0;0.000187535;1.39027;-0.107345;0.0079494
0.301701;0.262634;0;0.000185481;1.37477;-0.106163;0.00786184
0.298376;0.266405;0;0.000183426;1.35926;-0.104979;0.0077742
0.295005;0.270133;0;0.000181367;1.34373;-0.103794;0.00768645
0.291587;0.273819;0;0.000179309;1.3282;-0.102609;0.0075987
0.288124;0.277461;0;0.000177251;1.31267;-0.101424;0.00751096
0.284614;0.28106;0;0.000175194;1.29715;-0.10024;0.00742326
0.28106;0.284614;0;0.000173138;1.28163;-0.0990564;0.0073356
0.277461;0.288124;0;0.00017105;1.26589;-0.0978542;0.00724657
0.273819;0.291587;0;0.00016867;1.24803;-0.096484;0.0071451
0.270133;0.295005;0;0.000166288;1.23015;-0.0951124;0.00704353
0.266405;0.298376;0;0.000163904;1.21225;-0.0937398;0.00694188
0.262634;0.301701;0;0.000161518;1.19435;-0.0923665;0.00684018
0.258822;0.304977;0;0.000159132;1.17644;-0.0909925;0.00673842
0.25497;0.308205;0;0.000156745;1.15852;-0.0896181;0.00663665
0.251077;0.311385;0;0.000154356;1.14059;-0.088243;0.00653481
0.247144;0.314515;0;0.000151968;1.12267;-0.0868677;0.00643296
0.243172;0.317596;0;0.000149577;1.10472;-0.0854912;0.00633103
0.239162;0.320627;0;0.000147187;1.08678;-0.0841153;0.00622914
0.235114;0.323607;0;0.000144798;1.06885;-0.08274;0.00612729
0.231029;0.326536;0;0.000142411;1.05093;-0.0813655;0.0060255
0.226908;0.329413;0;0.000140026;1.03303;-0.0799922;0.0059238
0.22275;0.332238;0;0.000137493;1.01407;-0.078534;0.00581581
0.218558;0.335011;0;0.000134826;0.994147;-0.0769981;0.00570208
0.214331;0.337731;0;0.000132157;0.974207;-0.0754611;0.00558825
0.21007;0.340398;0;0.000129486;0.954254;-0.0739231;0.00547436
0.205776;0.343011;0;0.000126813;0.934292;-0.0723844;0.00536041
0.201449;0.345569;0;0.00012414;0.914324;-0.0708453;0.00524643
0.197091;0.348074;0;0.000121467;0.894354;-0.0693059;0.00513243
0.192701;0.350523;0;0.000118793;0.874383;-0.0677666;0.00501844
0.188282;0.352916;0;0.00011612;0.854416;-0.0662275;0.00490446
0.183832;0.355255;0;0.000113448;0.834455;-0.0646889;0.00479052
0.179353;0.357537;0;0.000110777;0.814504;-0.0631511;0.00467664
0.174846;0.359762;0;0.000108108;0.794566;-0.0616143;0.00456283
0.170312;0.361931;0;0.000105405;0.774396;-0.0600577;0.00444756
0.16575;0.364042;0;0.000102521;0.752924;-0.0583972;0.00432459
0.161163;0.366096;0;9.96232e-05;0.731347;-0.0567286;0.00420102
0.156549;0.368093;0;9.67224e-05;0.709748;-0.0550583;0.00407733
0.151912;0.370031;0;9.3819e-05;0.68813;-0.0533865;0.00395353
0.14725;0.371911;0;9.09137e-05;0.666497;-0.0517137;0.00382964
0.142565;0.373732;0;8.80067e-05;0.644853;-0.0500399;0.00370569
0.137857;0.375494;0;8.50987e-05;0.623201;-0.0483654;0.00358169
0.133128;0.377196;0;8.21901e-05;0.601543;-0.0466906;0.00345766
0.128377;0.378839;0;7.92812e-05;0.579885;-0.0450158;0.00333363
0.123607;0.380423;0;7.63727e-05;0.558229;-0.043341;0.00320961
0.118817;0.381946;0;7.35356e-05;0.537135;-0.0417074;0.00308863
0.114008;0.383409;0;7.05579e-05;0.515033;-0.0399927;0.00296165
0.109181;0.384811;0;6.7579e-05;0.492921;-0.0382773;0.00283462
0.104337;0.386153;0;6.45992e-05;0.470803;-0.0365614;0.00270755
0.099476;0.387433;0;6.1619e-05;0.448683;-0.0348454;0.00258046
0.0945996;0.388653;0;5.8639e-05;0.426563;-0.0331293;0.00245338
0.0897083;0.389811;0;5.56595e-05;0.404447;-0.0314136;0.00232633
0.0848028;0.390907;0;5.26811e-05;0.382339;-0.0296985;0.00219932
0.079884;0.391942;0;4.97042e-05;0.360243;-0.0279843;0.00207237
0.0749525;0.392915;0;4.67293e-05;0.338161;-0.0262713;0.00194551
0.0700092;0.393826;0;4.37569e-05;0.316098;-0.0245596;0.00181876
0.0650549;0.394674;0;4.07874e-05;0.294056;-0.0228497;0.00169213
0.0600902;0.395461;0;3.78213e-05;0.27204;-0.0211417;0.00156564
0.0551161;0.396185;0;3.48591e-05;0.250052;-0.0194359;0.00143932
0.0501333;0.396846;0;3.18111e-05;0.22745;-0.0176808;0.00130935
0.0451426;0.397445;0;2.87471e-05;0.204735;-0.0159164;0.00117869
0.0401447;0.39798;0;2.56796e-05;0.181993;-0.0141501;0.00104788
0.0351405;0.398453;0;2.26091e-05;0.15923;-0.012382;0.000916944
0.0301307;0.398864;0;1.95361e-05;0.136447;-0.0106124;0.0007859
0.0251162;0.399211;0;1.6461e-05;0.113649;-0.00884168;0.000654768
0.0200977;0.399495;0;1.33843e-05;0.09084;-0.00707004;0.00052357
0.0150761;0.399716;0;1.03066e-05;0.0680227;-0.00529779;0.000392326
0.010052;0.399874;0;7.22825e-06;0.045201;-0.00352519;0.000261057
0.00502642;0.399968;0;4.14982e-06;0.0223786;-0.00175254;0.000129784
2.44929e-17;0.4;0;1.07177e-06;-0.000441052;1.98971e-05;-1.47348e-06
-0.00502642;0.399968;0;-2.0054e-06;-0.0232542;0.00179183;-0.000132694
-0.010052;0.399874;0;-5.08123e-06;-0.0460574;0.00356299;-0.000263856
-0.0150761;0.399716;0;-8.15521e-06;-0.0688469;0.00533308;-0.00039494
-0.0200977;0.399495;0;-1.12269e-05;-0.0916191;0.00710184;-0.000525925
-0.0251162;0.399211;0;-1.42957e-05;-0.114371;0.00886897;-0.00065679
-0.0301307;0.398864;0;-1.73613e-05;-0.137098;0.0106342;-0.000787514
-0.0351405;0.398453;0;-2.03971e-05;-0.159609;0.0123824;-0.000916979
-0.0401447;0.39798;0;-2.34198e-05;-0.182032;0.0141232;-0.00104589
-0.0451426;0.397445;0;-2.64432e-05;-0.204463;0.0158641;-0.00117481
-0.0501333;0.396846;0;-2.9469e-05;-0.226913;0.0176065;-0.00130384
-0.0551161;0.396185;0;-3.24968e-05;-0.249376;0.01935;-0.00143296
-0.0600902;0.395461;0;-3.5526e-05;-0.271851;0.0210943;-0.00156214
-0.0650549;0.394674;0;-3.85563e-05;-0.294332;0.0228392;-0.00169135
-0.0700092;0.393826;0;-4.15871e-05;-0.316818;0.0245844;-0.00182059
-0.0749525;0.392915;0;-4.46179e-05;-0.339304;0.0263297;-0.00194984
-0.079884;0.391942;0;-4.76482e-05;-0.361787;0.0280746;-0.00207906
-0.0848028;0.390907;0;-5.06777e-05;-0.384263;0.0298191;-0.00220825
-0.0897083;0.389811;0;-5.37057e-05;-0.406728;0.0315627;-0.00233737
-0.0945996;0.388653;0;-5.67319e-05;-0.42918;0.0333053;-0.00246642
-0.099476;0.387433;0;-5.97557e-05;-0.451614;0.0350465;-0.00259536
-0.104337;0.386153;0;-6.27375e-05;-0.47375;0.0367636;-0.00272252
-0.109181;0.384811;0;-6.56447e-05;-0.495366;0.0384379;-0.00284651
-0.114008;0.383409;0;-6.85292e-05;-0.516825;0.0400989;-0.00296951
-0.118817;0.381946;0;-7.14159e-05;-0.5383;0.0417611;-0.00309261
-0.123607;0.380423;0;-7.43044e-05;-0.559789;0.0434244;-0.00321578
-0.128377;0.378839;0;-7.71942e-05;-0.581288;0.0450885;-0.00333901
-0.133128;0.377196;0;-8.00849e-05;-0.602792;0.046753;-0.00346228
-0.137857;0.375494;0;-8.2976e-05;-0.6243;0.0484178;-0.00358557
-0.142565;0.373732;0;-8.5867e-05;-0.645808;0.0500825;-0.00370885
-0.14725;0.371911;0;-8.87575e-05;-0.667312;0.051747;-0.00383211
-0.151912;0.370031;0;-9.16349e-05;-0.688718;0.0534039;-0.00395481
-0.156549;0.368093;0;-9.45134e-05;-0.710128;0.0550614;-0.00407756
-0.161163;0.366096;0;-9.73903e-05;-0.731526;0.0567181;-0.00420024
-0.16575;0.364042;0;-0.000100265;-0.752909;0.0583736;-0.00432284
-0.170312;0.361931;0;-0.000103138;-0.774275;0.0600277;-0.00444534
-0.174846;0.359762;0;-0.0001059;-0.794839;0.0616183;-0.00456313
-0.179353;0.357537;0;-0.000108553;-0.814642;0.0631459;-0.00467625
-0.183832;0.355255;0;-0.000111208;-0.834461;0.0646746;-0.00478947
-0.188282;0.352916;0;-0.000113864;-0.854292;0.0662043;-0.00490274
-0.192701;0.350523;0;-0.000116522;-0.874131;0.0677347;-0.00501608
-0.197091;0.348074;0;-0.00011918;-0.893976;0.0692655;-0.00512944
-0.201449;0.345569;0;-0.000121838;-0.913824;0.0707965;-0.00524281
-0.205776;0.343011;0;-0.000124497;-0.93367;0.0723274;-0.00535619
-0.21007;0.340398;0;-0.000127155;-0.953513;0.0738581;-0.00546954
-0.214331;0.337731;0;-0.000129812;-0.97335;0.0753882;-0.00558285
-0.218558;0.335011;0;-0.000132468;-0.993176;0.0769175;-0.00569611
-0.22275;0.332238;0;-0.000135089;-1.01274;0.0784266;-0.00580786
-0.226908;0.329413;0;-0.000137672;-1.03205;0.0799138;-0.00591799
-0.231029;0.326536;0;-0.000140024;-1.04969;0.0812685;-0.00601832
-0.235114;0.323607;0;-0.00014241;-1.06757;0.082642;-0.00612004
-0.239162;0.320627;0;-0.000144796;-1.08547;0.0840164;-0.00622182
-0.243172;0.317596;0;-0.000147184;-1.10338;0.0853915;-0.00632365
-0.247144;0.314515;0;-0.000149573;-1.12129;0.0867671;-0.00642552
-0.251077;0.311385;0;-0.000151962;-1.1392;0.0881429;-0.0065274
-0.25497;0.308205;0;-0.000154352;-1.15712;0.0895188;-0.00662929
-0.258822;0.304977;0;-0.000156741;-1.17503;0.0908945;-0.00673117
-0.262634;0.301701;0;-0.000159129;-1.19294;0.0922698;-0.00683302
-0.266405;0.298376;0;-0.000161516;-1.21084;0.0936446;-0.00693483
-0.270133;0.295005;0;-0.000163902;-1.22873;0.0950184;-0.00703657
-0.273819;0.291587;0;-0.000166286;-1.24661;0.0963913;-0.00713823
-0.277461;0.288124;0;-0.000168525;-1.26339;0.0976803;-0.00723369
-0.28106;0.284614;0;-0.000170656;-1.2794;0.0989075;-0.00732457
-0.284614;0.28106;0;-0.000172725;-1.29499;0.100099;-0.0074128
-0.288124;0.277461;0;-0.000174795;-1.31059;0.101291;-0.00750106
-0.291587;0.273819;0;-0.000176865;-1.32619;0.102483;-0.00758935
-0.295005;0.270133;0;-0.000178936;-1.34179;0.103675;-0.00767765
-0.298376;0.266405;0;-0.000181007;-1.35739;0.104868;-0.00776595
-0.301701;0.262634;0;-0.000183077;-1.37299;0.10606;-0.00785423
-0.304977;0.258822;0;-0.000185146;-1.38858;0.107251;-0.00794248
-0.308205;0.25497;0;-0.000187215;-1.40416;0.108443;-0.00803068
-0.311385;0.251077;0;-0.000189282;-1.41974;0.109633;-0.00811883
-0.314515;0.247144;0;-0.000191347;-1.4353;0.110822;-0.00820691
-0.317596;0.243172;0;-0.000193275;-1.44983;0.111932;-0.00828912
-0.320627;0.239162;0;-0.000194944;-1.46246;0.112893;-0.00836027
-0.323607;0.235114;0;-0.000196614;-1.4751;0.113855;-0.00843148
-0.326536;0.231029;0;-0.000198285;-1.48774;0.114817;-0.00850273
-0.329413;0.226908;0;-0.000199957;-1.5004;0.115779;-0.00857402
-0.332238;0.22275;0;-0.000201629;-1.51305;0.116742;-0.00864533
-0.335011;0.218558;0;-0.000203301;-1.52571;0.117705;-0.00871664
-0.337731;0.214331;0;-0.000204948;-1.53816;0.118653;-0.00878685
-0.340398;0.21007;0;-0.000206595;-1.55062;0.119602;-0.0088571
-0.343011;0.205776;0;-0.000208242;-1.56307;0.12055;-0.00892733
-0.345569;0.201449;0;-0.000209888;-1.57553;0.121498;-0.00899753
-0.348074;0.197091;0;-0.000211534;-1.58797;0.122446;-0.0090677
-0.350523;0.192701;0;-0.000213178;-1.60041;0.123393;-0.00913782
-0.352916;0.188282;0;-0.000214821;-1.61284;0.124339;-0.00920789
-0.355255;0.183832;0;-0.000216304;-1.62406;0.125193;-0.00927114
-0.357537;0.179353;0;-0.00021753;-1.63336;0.125899;-0.0093234
-0.359762;0.174846;0;-0.00021876;-1.64271;0.126607;-0.00937587
-0.361931;0.170312;0;-0.000219991;-1.65205;0.127316;-0.00942835
-0.364042;0.16575;0;-0.000221221;-1.6614;0.128025;-0.00948083
-0.366096;0.161163;0;-0.000222452;-1.67075;0.128733;-0.00953332
-0.368093;0.156549;0;-0.000223683;-1.6801;0.129442;-0.00958579
-0.370031;0.151912;0;-0.000224913;-1.68944;0.13015;-0.00963825
-0.371911;0.14725;0;-0.000226142;-1.69878;0.130858;-0.00969067
-0.373732;0.142565;0;-0.000227371;-1.70811;0.131566;-0.00974307
-0.375494;0.137857;0;-0.000228599;-1.71743;0.132273;-0.00979542
-0.377196;0.133128;0;-0.00022979;-1.72648;0.132958;-0.00984621
-0.378839;0.128377;0;-0.00023062;-1.73281;0.133437;-0.00988161
-0.380423;0.123607;0;-0.000231388;-1.73865;0.133879;-0.00991436
-0.381946;0.118817;0;-0.000232156;-1.74451;0.134321;-0.00994712
-0.383409;0.114008;0;-0.000232925;-1.75036;0.134764;-0.00997991
-0.384811;0.109181;0;-0.000233694;-1.75622;0.135207;-0.0100127
-0.386153;0.104337;0;-0.000234463;-1.76208;0.13565;-0.0100455
-0.387433;0.099476;0;-0.000235233;-1.76793;0.136093;-0.0100783
-0.388653;0.0945996;0;-0.000236002;-1.77379;0.136536;-0.0101111
-0.389811;0.0897083;0;-0.000236771;-1.77965;0.136978;-0.0101439
-0.390907;0.0848028;0;-0.000237539;-1.7855;0.137421;-0.0101767
-0.391942;0.079884;0;-0.000238307;-1.79135;0.137863;-0.0102094
-0.392915;0.0749525;0;-0.000239075;-1.7972;0.138305;-0.0102422
-0.393826;0.0700092;0;-0.000239842;-1.80304;0.138747;-0.0102749
-0.394674;0.0650549;0;-0.000240602;-1.80883;0.139184;-0.0103073
-0.395461;0.0600902;0;-0.000240903;-1.81112;0.139358;-0.0103201
-0.396185;0.0551161;0;-0.000241157;-1.81306;0.139504;-0.0103309
-0.396846;0.0501333;0;-0.000241411;-1.815;0.13965;-0.0103418
-0.397445;0.0451426;0;-0.000241665;-1.81693;0.139797;-0.0103526
-0.39798;0.0401447;0;-0.000241919;-1.81887;0.139943;-0.0103634
-0.398453;0.0351405;0;-0.000242166;-1.82076;0.140085;-0.010374
-0.398864;0.0301307;0;-0.000242406;-1.82259;0.140223;-0.0103842
-0.399211;0.0251162;0;-0.000242644;-1.8244;0.140361;-0.0103944
-0.399495;0.0200977;0;-0.000242882;-1.82621;0.140497;-0.0104045
-0.399716;0.0150761;0;-0.00024312;-1.82802;0.140634;-0.0104146
-0.399874;0.010052;0;-0.000243357;-1.82983;0.140771;-0.0104248
-0.399968;0.00502642;0;-0.000243594;-1.83163;0.140907;-0.0104349
-0.4;4.89859e-17;0;-0.00024383;-1.83343;0.141043;-0.0104449
-0.399968;-0.00502642;0;-0.000243666;-1.83218;0.140949;-0.0104379
-0.399874;-0.010052;0;-0.000243417;-1.83028;0.140805;-0.0104273
-0.399716;-0.0150761;0;-0.000243167;-1.82837;0.140662;-0.0104167
-0.399495;-0.0200977;0;-0.000242917;-1.82646;0.140518;-0.010406
-0.399211;-0.0251162;0;-0.000242667;-1.82455;0.140373;-0.0103953
-0.398864;-0.0301307;0;-0.000242416;-1.82264;0.140229;-0.0103846
-0.398453;-0.0351405;0;-0.000242165;-1.82072;0.140085;-0.0103739
-0.39798;-0.0401447;0;-0.000241914;-1.81881;0.13994;-0.0103632
-0.397445;-0.0451426;0;-0.000241663;-1.81689;0.139796;-0.0103525
-0.396846;-0.0501333;0;-0.000241412;-1.81497;0.139651;-0.0103418
-0.396185;-0.0551161;0;-0.000241161;-1.81306;0.139506;-0.0103311
-0.395461;-0.0600902;0;-0.00024091;-1.81114;0.139362;-0.0103204
-0.394674;-0.0650549;0;-0.000240658;-1.80921;0.139217;-0.0103097
-0.393826;-0.0700092;0;-0.000239916;-1.80356;0.13879;-0.010278
-0.392915;-0.0749525;0;-0.000239156;-1.79777;0.138352;-0.0102456
-0.391942;-0.079884;0;-0.000238395;-1.79197;0.137914;-0.0102132
-0.390907;-0.0848028;0;-0.000237634;-1.78616;0.137476;-0.0101807
-0.389811;-0.0897083;0;-0.000236872;-1.78035;0.137037;-0.0101482
-0.388653;-0.0945996;0;-0.00023611;-1.77454;0.136598;-0.0101157
-0.387433;-0.099476;0;-0.000235347;-1.76873;0.136159;-0.0100832
-0.386153;-0.104337;0;-0.000234585;-1.76292;0.13572;-0.0100507
-0.384811;-0.109181;0;-0.000233822;-1.7571;0.135281;-0.0100182
-0.383409;-0.114008;0;-0.000233059;-1.75129;0.134842;-0.00998567
-0.381946;-0.118817;0;-0.000232297;-1.74548;0.134403;-0.00995316
-0.380423;-0.123607;0;-0.000231535;-1.73967;0.133964;-0.00992068
-0.378839;-0.128377;0;-0.000230736;-1.73358;0.133504;-0.00988658
-0.377196;-0.133128;0;-0.000229598;-1.72494;0.132849;-0.00983807
-0.375494;-0.137857;0;-0.00022846;-1.7163;0.132193;-0.00978952
-0.373732;-0.142565;0;-0.000227321;-1.70766;0.131537;-0.00974095
-0.371911;-0.14725;0;-0.000226069;-1.69813;0.130816;-0.00968758
-0.370031;-0.151912;0;-0.000224802;-1.68849;0.130087;-0.00963355
-0.368093;-0.156549;0;-0.000223534;-1.67884;0.129357;-0.00957948
-0.366096;-0.161163;0;-0.000222265;-1.66919;0.128626;-0.00952539
-0.364042;-0.16575;0;-0.000220996;-1.65953;0.127896;-0.00947129
-0.361931;-0.170312;0;-0.000219727;-1.64988;0.127165;-0.00941719
-0.359762;-0.174846;0;-0.000218458;-1.64023;0.126435;-0.00936309
-0.357537;-0.179353;0;-0.00021719;-1.63057;0.125704;-0.009309
-0.355255;-0.183832;0;-0.000215768;-1.6198;0.124886;-0.00924838
-0.352916;-0.188282;0;-0.000214314;-1.60878;0.124048;-0.00918634
-0.350523;-0.192701;0;-0.000212793;-1.59727;0.123172;-0.0091215
-0.348074;-0.197091;0;-0.000211184;-1.5851;0.122245;-0.00905286
-0.345569;-0.201449;0;-0.000209574;-1.57293;0.121318;-0.00898419
-0.343011;-0.205776;0;-0.000207963;-1.56075;0.12039;-0.00891549
-0.340398;-0.21007;0;-0.000206352;-1.54857;0.119463;-0.00884678
-0.337731;-0.214331;0;-0.00020474;-1.53638;0.118535;-0.00877807
-0.335011;-0.218558;0;-0.000203129;-1.5242;0.117607;-0.00870937
-0.332238;-0.22275;0;-0.000201519;-1.51203;0.11668;-0.00864069
-0.329413;-0.226908;0;-0.000199909;-1.49985;0.115753;-0.00857204
-0.326536;-0.231029;0;-0.000198247;-1.48727;0.114796;-0.00850118
-0.323607;-0.235114;0;-0.000196563;-1.47451;0.113826;-0.00842934
-0.320627;-0.239162;0;-0.000194878;-1.46176;0.112856;-0.00835754
-0.317596;-0.243172;0;-0.000193191;-1.44899;0.111885;-0.00828558
-0.314515;-0.247144;0;-0.000191244;-1.43432;0.110764;-0.00820259
-0.311385;-0.251077;0;-0.000189175;-1.41872;0.109572;-0.00811434
-0.308205;-0.25497;0;-0.000187103;-1.40311;0.108379;-0.00802601
-0.304977;-0.258822;0;-0.000185031;-1.38749;0.107186;-0.00793763
-0.301701;-0.262634;0;-0.000182957;-1.37186;0.105992;-0.0078492
-0.298376;-0.266405;0;-0.000180882;-1.35622;0.104797;-0.00776074
-0.295005;-0.270133;0;-0.000178807;-1.34058;0.103602;-0.00767226
-0.291587;-0.273819;0;-0.000176732;-1.32494;0.102408;-0.00758378
-0.288124;-0.277461;0;-0.000174658;-1.3093;0.101213;-0.0074953
-0.284614;-0.28106;0;-0.000172583;-1.29367;0.100019;-0.00740686
-0.28106;-0.284614;0;-0.00017051;-1.27804;0.0988248;-0.00731845
-0.277461;-0.288124;0;-0.000168344;-1.26179;0.0975776;-0.00722609
-0.273819;-0.291587;0;-0.00016613;-1.24519;0.0963027;-0.00713168
-0.270133;-0.295005;0;-0.000163811;-1.2278;0.0949673;-0.00703278
-0.266405;-0.298376;0;-0.000161439;-1.21;0.0936012;-0.00693161
-0.262634;-0.301701;0;-0.000159065;-1.1922;0.0922344;-0.00683039
-0.258822;-0.304977;0;-0.000156691;-1.17439;0.0908671;-0.00672914
-0.25497;-0.308205;0;-0.000154316;-1.15658;0.0894996;-0.00662787
-0.251077;-0.311385;0;-0.000151941;-1.13877;0.088132;-0.0065266
-0.247144;-0.314515;0;-0.000149567;-1.12096;0.0867647;-0.00642534
-0.243172;-0.317596;0;-0.000147193;-1.10316;0.0853977;-0.00632411
-0.239162;-0.320627;0;-0.00014482;-1.08536;0.0840314;-0.00622292
-0.235114;-0.323607;0;-0.000142449;-1.06758;0.0826658;-0.0061218
-0.231029;-0.326536;0;-0.000140079;-1.0498;0.0813013;-0.00602075
-0.226908;-0.329413;0;-0.000137651;-1.03162;0.0799031;-0.00591721
-0.22275;-0.332238;0;-0.00013507;-1.01233;0.0784172;-0.00580717
-0.218558;-0.335011;0;-0.000132437;-0.992672;0.0769012;-0.0056949
-0.214331;-0.337731;0;-0.000129779;-0.972822;0.0753704;-0.00558154
-0.21007;-0.340398;0;-0.00012712;-0.952962;0.073839;-0.00546813
-0.205776;-0.343011;0;-0.000124459;-0.933095;0.0723069;-0.00535467
-0.201449;-0.345569;0;-0.000121798;-0.913224;0.0707746;-0.0052412
-0.197091;-0.348074;0;-0.000119137;-0.893352;0.0692422;-0.00512772
-0.192701;-0.350523;0;-0.000116476;-0.873483;0.06771;-0.00501425
-0.188282;-0.352916;0;-0.000113816;-0.853619;0.0661783;-0.00490082
-0.183832;-0.355255;0;-0.000111157;-0.833764;0.0646472;-0.00478743
-0.179353;-0.357537;0;-0.0001085;-0.813921;0.063117;-0.00467411
-0.174846;-0.359762;0;-0.000105845;-0.794092;0.061588;-0.00456088
-0.170312;-0.361931;0;-0.000103092;-0.773599;0.0600028;-0.0044435
-0.16575;-0.364042;0;-0.000100248;-0.752442;0.0583655;-0.00432224
-0.161163;-0.366096;0;-9.73757e-05;-0.73107;0.0567114;-0.00419975
-0.156549;-0.368093;0;-9.45013e-05;-0.709683;0.0550562;-0.00407718
-0.151912;-0.370031;0;-9.16255e-05;-0.688287;0.0534002;-0.00395454
-0.14725;-0.371911;0;-8.87488e-05;-0.666883;0.0517437;-0.00383187
-0.142565;-0.373732;0;-8.58716e-05;-0.645475;0.0500869;-0.00370917
-0.137857;-0.375494;0;-8.29943e-05;-0.624067;0.0484301;-0.00358648
-0.133128;-0.377196;0;-8.01175e-05;-0.602662;0.0467735;-0.0034638
-0.128377;-0.378839;0;-7.72415e-05;-0.581264;0.0451174;-0.00334116
-0.123607;-0.380423;0;-7.43668e-05;-0.559875;0.0434621;-0.00321857
-0.118817;-0.381946;0;-7.14939e-05;-0.538499;0.0418077;-0.00309606
-0.114008;-0.383409;0;-6.86233e-05;-0.51714;0.0401547;-0.00297365
-0.109181;-0.384811;0;-6.57582e-05;-0.495825;0.0385049;-0.00285147
-0.104337;-0.386153;0;-6.27566e-05;-0.473548;0.0367765;-0.00272348
-0.099476;-0.387433;0;-5.97485e-05;-0.451221;0.0350444;-0.0025952
-0.0945996;-0.388653;0;-5.67388e-05;-0.428882;0.0333113;-0.00246686
-0.0897083;-0.389811;0;-5.37279e-05;-0.406534;0.0315775;-0.00233846
-0.0848028;-0.390907;0;-5.07184e-05;-0.384196;0.0298445;-0.00221013
-0.079884;-0.391942;0;-4.77033e-05;-0.361817;0.0281083;-0.00208156
-0.0749525;-0.392915;0;-4.46862e-05;-0.339422;0.026371;-0.0019529
-0.0700092;-0.393826;0;-4.16696e-05;-0.317031;0.024634;-0.00182426
-0.0650549;-0.394674;0;-3.86539e-05;-0.294647;0.0228974;-0.00169566
-0.0600902;-0.395461;0;-3.56396e-05;-0.272273;0.0211617;-0.00156712
-0.0551161;-0.396185;0;-3.26271e-05;-0.249913;0.019427;-0.00143866
-0.0501333;-0.396846;0;-2.95868e-05;-0.227363;0.0176762;-0.00130901
-0.0451426;-0.397445;0;-2.65189e-05;-0.204617;0.0159096;-0.00117818
-0.0401447;-0.39798;0;-2.34492e-05;-0.181858;0.014142;-0.00104728
-0.0351405;-0.398453;0;-2.03783e-05;-0.15909;0.0123737;-0.000916329
-0.0301307;-0.398864;0;-1.73116e-05;-0.136353;0.0106078;-0.000785556
-0.0251162;-0.399211;0;-1.42377e-05;-0.113563;0.00883774;-0.000654477
-0.0200977;-0.399495;0;-1.11636e-05;-0.0907721;0.00706759;-0.000523389
-0.0150761;-0.399716;0;-8.08979e-06;-0.0679829;0.0052976;-0.000392313
-0.010052;-0.399874;0;-5.01675e-06;-0.0451994;0.00352806;-0.000261269
-0.00502642;-0.399968;0;-1.94497e-06;-0.0224251;0.00175923;-0.000130279
-7.34788e-17;-0.4;0;1.12508e-06;0.000336215;-8.59414e-06;6.36437e-07
0.00502642;-0.399968;0;4.171e-06;0.0229198;-0.00176255;0.000130525
0.010052;-0.399874;0;7.22914e-06;0.0455965;-0.00352358;0.000260938
0.0150761;-0.399716;0;1.02898e-05;0.0682921;-0.00528607;0.000391459
0.0200977;-0.399495;0;1.33526e-05;0.091003;-0.00704976;0.000522068
0.0251162;-0.399211;0;1.64169e-05;0.113726;-0.00881435;0.000652745
0.0301307;-0.398864;0;1.94823e-05;0.136456;-0.0105796;0.000783468
0.0351405;-0.398453;0;2.25483e-05;0.159191;-0.0123452;0.000914217
0.0401447;-0.39798;0;2.56145e-05;0.181928;-0.0141108;0.00104497
0.0451426;-0.397445;0;2.86803e-05;0.204661;-0.0158763;0.00117571
0.0501333;-0.396846;0;3.17453e-05;0.227388;-0.0176412;0.00130642
0.0551161;-0.396185;0;3.47944e-05;0.249975;-0.0193968;0.00143643
0.0600902;-0.395461;0;3.78541e-05;0.272639;-0.0211586;0.00156689
0.0650549;-0.394674;0;4.08332e-05;0.294749;-0.022874;0.00169393
0.0700092;-0.393826;0;4.38596e-05;0.317212;-0.0246166;0.00182298
0.0749525;-0.392915;0;4.68864e-05;0.339678;-0.0263595;0.00195204
0.079884;-0.391942;0;4.9913e-05;0.362142;-0.0281022;0.0020811
0.0848028;-0.390907;0;5.28732e-05;0.384114;-0.0298068;0.00220734
0.0897083;-0.389811;0;5.58568e-05;0.40626;-0.031525;0.00233457
0.0945996;-0.388653;0;5.88411e-05;0.428412;-0.0332436;0.00246184
0.099476;-0.387433;0;6.18258e-05;0.450566;-0.0349623;0.00258913
0.104337;-0.386153;0;6.48103e-05;0.47272;-0.036681;0.0027164
0.109181;-0.384811;0;6.77942e-05;0.494869;-0.0383994;0.00284366
0.114008;-0.383409;0;7.0777e-05;0.517009;-0.0401171;0.00297086
0.118817;-0.381946;0;7.36263e-05;0.538189;-0.0417579;0.00309237
0.123607;-0.380423;0;7.65085e-05;0.559631;-0.0434175;0.00321527
0.128377;-0.378839;0;7.93922e-05;0.581084;-0.0450781;0.00333825
0.133128;-0.377196;0;8.2277e-05;0.602545;-0.0467392;0.00346126
0.137857;-0.375494;0;8.51624e-05;0.624011;-0.0484007;0.0035843
0.142565;-0.373732;0;8.8048e-05;0.645477;-0.0500623;0.00370735
0.14725;-0.371911;0;9.09332e-05;0.666941;-0.0517237;0.00383039
0.151912;-0.370031;0;9.38176e-05;0.6884;-0.0533847;0.00395339
0.156549;-0.368093;0;9.67009e-05;0.70985;-0.0550449;0.00407634
0.161163;-0.366096;0;9.95824e-05;0.731287;-0.0567042;0.00419922
0.16575;-0.364042;0;0.000102462;0.752708;-0.0583623;0.00432201
0.170312;-0.361931;0;0.00010529;0.773756;-0.0599911;0.00444263
0.174846;-0.359762;0;0.000108039;0.794233;-0.0615742;0.00455987
0.179353;-0.357537;0;0.000110706;0.81414;-0.0631103;0.00467362
0.183832;-0.355255;0;0.000113376;0.83406;-0.0646473;0.00478744
0.188282;-0.352916;0;0.000116046;0.85399;-0.0661852;0.00490133
0.192701;-0.350523;0;0.000118717;0.873927;-0.0677235;0.00501525
0.197091;-0.348074;0;0.000121389;0.893868;-0.0692622;0.00512919
0.201449;-0.345569;0;0.000124061;0.913809;-0.0708008;0.00524314
0.205776;-0.343011;0;0.000126733;0.933748;-0.0723393;0.00535707
0.21007;-0.340398;0;0.000129404;0.953681;-0.0738774;0.00547097
0.214331;-0.337731;0;0.000132074;0.973605;-0.0754147;0.00558482
0.218558;-0.335011;0;0.000134742;0.993517;-0.0769512;0.0056986
0.22275;-0.332238;0;0.000137408;1.01341;-0.0784864;0.00581229
0.226908;-0.329413;0;0.000139963;1.03252;-0.0799582;0.00592129
0.231029;-0.326536;0;0.000142345;1.05036;-0.0813299;0.00602287
0.235114;-0.323607;0;0.000144729;1.06822;-0.0827027;0.00612453
0.239162;-0.320627;0;0.000147114;1.0861;-0.0840764;0.00622626
0.243172;-0.317596;0;0.000149501;1.10398;-0.0854509;0.00632804
0.247144;-0.314515;0;0.000151888;1.12187;-0.0868258;0.00642986
0.251077;-0.311385;0;0.000154276;1.13976;-0.088201;0.0065317
0.25497;-0.308205;0;0.000156664;1.15765;-0.0895762;0.00663354
0.258822;-0.304977;0;0.000159052;1.17554;-0.0909513;0.00673537
0.262634;-0.301701;0;0.000161439;1.19342;-0.0923259;0.00683717
0.266405;-0.298376;0;0.000163825;1.2113;-0.0937;0.00693893
0.270133;-0.295005;0;0.000166209;1.22917;-0.0950732;0.00704062
0.273819;-0.291587;0;0.000168592;1.24702;-0.0964454;0.00714224
0.277461;-0.288124;0;0.00017093;1.26454;-0.0977921;0.00724197
0.28106;-0.284614;0;0.000173032;1.28033;-0.0990023;0.00733159
0.284614;-0.28106;0;0.000175083;1.29576;-0.100184;0.00741908
0.288124;-0.277461;0;0.000177135;1.3112;-0.101366;0.00750662
0.291587;-0.273819;0;0.000179188;1.32664;-0.102548;0.00759419
0.295005;-0.270133;0;0.000181242;1.34209;-0.103731;0.00768178
0.298376;-0.266405;0;0.000183296;1.35753;-0.104914;0.00776937
0.301701;-0.262634;0;0.000185349;1.37298;-0.106096;0.00785695
0.304977;-0.258822;0;0.000187402;1.38842;-0.107279;0.00794451
0.308205;-0.25497;0;0.000189454;1.40386;-0.108461;0.00803203
0.311385;-0.251077;0;0.000191505;1.41928;-0.109642;0.0081195
0.314515;-0.247144;0;0.000193554;1.4347;-0.110822;0.0082069
0.317596;-0.243172;0;0.000195534;1.4496;-0.111963;0.00829136
0.320627;-0.239162;0;0.000197191;1.46211;-0.112917;0.00836205
0.323607;-0.235114;0;0.00019885;1.47463;-0.113872;0.00843279
0.326536;-0.231029;0;0.000200509;1.48716;-0.114828;0.00850359
0.329413;-0.226908;0;0.00020217;1.4997;-0.115785;0.00857442
0.332238;-0.22275;0;0.000203831;1.51224;-0.116742;0.00864527
0.335011;-0.218558;0;0.000205492;1.52478;-0.117699;0.00871614
0.337731;-0.214331;0;0.000207154;1.53732;-0.118656;0.00878701
0.340398;-0.21007;0;0.000208815;1.54986;-0.119613;0.00885788
0.343011;-0.205776;0;0.000210476;1.5624;-0.120569;0.00892872
0.345569;-0.201449;0;0.000212136;1.57493;-0.121525;0.00899954
0.348074;-0.197091;0;0.000213795;1.58746;-0.122481;0.00907031
0.350523;-0.192701;0;0.000215453;1.59997;-0.123436;0.00914103
0.352916;-0.188282;0;0.000217109;1.61248;-0.12439;0.00921168
0.355255;-0.183832;0;0.000218552;1.62338;-0.125221;0.00927322
0.357537;-0.179353;0;0.000219784;1.63272;-0.125931;0.00932575
0.359762;-0.174846;0;0.000221016;1.64206;-0.12664;0.00937831
0.361931;-0.170312;0;0.000222194;1.65099;-0.127319;0.00942856
0.364042;-0.16575;0;0.000223363;1.65985;-0.127993;0.00947845
0.366096;-0.161163;0;0.000224533;1.66871;-0.128667;0.00952837
0.368093;-0.156549;0;0.000225703;1.67758;-0.129341;0.00957829
0.370031;-0.151912;0;0.000226873;1.68644;-0.130015;0.0096282
0.371911;-0.14725;0;0.000228043;1.6953;-0.130689;0.00967811
0.373732;-0.142565;0;0.000229213;1.70416;-0.131362;0.009728
0.375494;-0.137857;0;0.000230382;1.71301;-0.132036;0.00977786
0.377196;-0.133128;0;0.00023155;1.72186;-0.132708;0.00982769
0.378839;-0.128377;0;0.000232712;1.73066;-0.133378;0.00987726
0.380423;-0.123607;0;0.000233759;1.73861;-0.133981;0.00992192
0.381946;-0.118817;0;0.000234516;1.74441;-0.134416;0.00995418
0.383409;-0.114008;0;0.000235274;1.7502;-0.134852;0.00998645
0.384811;-0.109181;0;0.000236031;1.756;-0.135288;0.0100187
0.386153;-0.104337;0;0.00023675;1.76149;-0.135702;0.0100494
0.387433;-0.099476;0;0.000237398;1.76644;-0.136075;0.010077
0.388653;-0.0945996;0;0.000238047;1.77138;-0.136448;0.0101047
0.389811;-0.0897083;0;0.000238695;1.77633;-0.136822;0.0101323
0.390907;-0.0848028;0;0.000239343;1.78127;-0.137195;0.0101599
0.391942;-0.079884;0;0.000239992;1.78622;-0.137568;0.0101876
0.392915;-0.0749525;0;0.00024064;1.79116;-0.137941;0.0102152
0.393826;-0.0700092;0;0.000241288;1.7961;-0.138314;0.0102428
0.394674;-0.0650549;0;0.000241935;1.80104;-0.138687;0.0102704
0.395461;-0.0600902;0;0.000242582;1.80597;-0.139059;0.010298
0.396185;-0.0551161;0;0.000242975;1.80902;-0.139285;0.0103147
0.396846;-0.0501333;0;0.000243268;1.81133;-0.139453;0.0103272
0.397445;-0.0451426;0;0.000243562;1.81364;-0.139622;0.0103396
0.39798;-0.0401447;0;0.000243769;1.81528;-0.13974;0.0103484
0.398453;-0.0351405;0;0.000243905;1.81636;-0.139818;0.0103542
0.398864;-0.0301307;0;0.000244041;1.81745;-0.139895;0.0103599
0.399211;-0.0251162;0;0.000244176;1.81853;-0.139973;0.0103657
0.399495;-0.0200977;0;0.000244312;1.81962;-0.14005;0.0103714
0.399716;-0.0150761;0;0.000244448;1.8207;-0.140128;0.0103771
0.399874;-0.010052;0;0.000244583;1.82179;-0.140206;0.0103829
0.399968;-0.00502642;0;0.000244719;1.82287;-0.140283;0.0103886
