0.4;0;0;0.000252861;1.88458;-0.140359;0.0103943
0.399968;0.00502642;0;0.000252717;1.88349;-0.140279;0.0103883
0.399874;0.010052;0;0.000252569;1.88238;-0.140196;0.0103822
0.399716;0.0150761;0;0.000252422;1.88127;-0.140114;0.0103761
0.399495;0.0200977;0;0.000252275;1.88016;-0.140032;0.01037
0.399211;0.0251162;0;0.000252127;1.87905;-0.13995;0.0103639
0.398864;0.0301307;0;0.00025198;1.87794;-0.139867;0.0103578
0.398453;0.0351405;0;0.000251833;1.87684;-0.139785;0.0103518
0.39798;0.0401447;0;0.000251686;1.87573;-0.139703;0.0103457
0.397445;0.0451426;0;0.000251415;1.87367;-0.139552;0.0103345
0.396846;0.0501333;0;0.000251079;1.87112;-0.139365;0.0103206
0.396185;0.0551161;0;0.000250743;1.86856;-0.139178;0.0103068
0.395461;0.0600902;0;0.000250407;1.866;-0.138991;0.0102929
0.394674;0.0650549;0;0.000249806;1.86143;-0.138655;0.0102681
0.393826;0.0700092;0;0.000249148;1.85643;-0.138289;0.0102409
0.392915;0.0749525;0;0.000248489;1.85142;-0.137921;0.0102137
0.391942;0.079884;0;0.000247831;1.84642;-0.137554;0.0101866
0.390907;0.0848028;0;0.000247172;1.84141;-0.137187;0.0101594
0.389811;0.0897083;0;0.000246513;1.8364;-0.13682;0.0101321
0.388653;0.0945996;0;0.000245854;1.83139;-0.136452;0.0101049
0.387433;0.099476;0;0.000245195;1.82638;-0.136085;0.0100777
0.386153;0.104337;0;0.0002445;1.8211;-0.135698;0.0100491
0.384811;0.109181;0;0.000243688;1.81492;-0.135245;0.0100156
0.383409;0.114008;0;0.000242876;1.80873;-0.134793;0.00998205
0.381946;0.118817;0;0.000242065;1.80255;-0.134341;0.00994855
0.380423;0.123607;0;0.000241253;1.79638;-0.133888;0.00991507
0.378839;0.128377;0;0.000240197;1.78836;-0.1333;0.0098715
0.377196;0.133128;0;0.000238983;1.77914;-0.132623;0.0098214
0.375494;0.137857;0;0.000237775;1.76996;-0.13195;0.00977152
0.373732;0.142565;0;0.000236566;1.76078;-0.131276;0.00972165
0.371911;0.14725;0;0.000235357;1.75159;-0.130603;0.00967174
0.370031;0.151912;0;0.000234147;1.7424;-0.129929;0.00962182
0.368093;0.156549;0;0.000232937;1.73321;-0.129254;0.0095719
0.366096;0.161163;0;0.000231727;1.72402;-0.12858;0.00952197
0.364042;0.16575;0;0.000230518;1.71483;-0.127906;0.00947204
0.361931;0.170312;0;0.000229308;1.70565;-0.127232;0.00942214
0.359762;0.174846;0;0.000228099;1.69647;-0.126558;0.00937225
0.357537;0.179353;0;0.000226891;1.68729;-0.125885;0.0093224
0.355255;0.183832;0;0.000225684;1.67812;-0.125212;0.00927258
0.352916;0.188282;0;0.000224224;1.66705;-0.124399;0.00921231
0.350523;0.192701;0;0.000222514;1.65412;-0.123446;0.00914176
0.348074;0.197091;0;0.000220803;1.64117;-0.122492;0.00907114
0.345569;0.201449;0;0.00021909;1.62821;-0.121538;0.00900047
0.343011;0.205776;0;0.000217377;1.61525;-0.120583;0.00892976
0.340398;0.21007;0;0.000215662;1.60227;-0.119628;0.00885902
0.337731;0.214331;0;0.000213947;1.5893;-0.118672;0.00878826
0.335011;0.218558;0;0.000212232;1.57632;-0.117717;0.00871749
0.332238;0.22275;0;0.000210518;1.56335;-0.116761;0.00864672
0.329413;0.226908;0;0.000208803;1.55037;-0.115806;0.00857597
0.326536;0.231029;0;0.000207089;1.53741;-0.114851;0.00850524
0.323607;0.235114;0;0.000205374;1.52443;-0.113895;0.00843446
0.320627;0.239162;0;0.000203654;1.51141;-0.112936;0.00836348
0.317596;0.243172;0;0.000201935;1.4984;-0.111979;0.00829255
0.314515;0.247144;0;0.000199969;1.48358;-0.110883;0.00821144
0.311385;0.251077;0;0.000197855;1.46765;-0.109705;0.00812417
0.308205;0.25497;0;0.000195738;1.45171;-0.108526;0.00803684
0.304977;0.258822;0;0.000193619;1.43575;-0.107345;0.0079494
0.301701;0.262634;0;0.000191498;1.41976;-0.106163;0.00786184
0.298376;0.266405;0;0.000189374;1.40376;-0.104979;0.0077742
0.295005;0.270133;0;0.000187247;1.38775;-0.103794;0.00768645
0.291587;0.273819;0;0.000185121;1.37173;-0.102609;0.0075987
0.288124;0.277461;0;0.000182995;1.35571;-0.101424;0.00751096
0.284614;0.28106;0;0.000180869;1.3397;-0.10024;0.00742326
0.28106;0.284614;0;0.000178745;1.3237;-0.0990564;0.0073356
0.277461;0.288124;0;0.000176588;1.30746;-0.0978542;0.00724657
0.273819;0.291587;0;0.000174129;1.28903;-0.096484;0.0071451
0.270133;0.295005;0;0.000171668;1.27057;-0.0951124;0.00704353
0.266405;0.298376;0;0.000169204;1.25211;-0.0937398;0.00694188
0.262634;0.301701;0;0.00016674;1.23363;-0.0923665;0.00684018
0.258822;0.304977;0;0.000164274;1.21514;-0.0909925;0.00673842
0.25497;0.308205;0;0.000161808;1.19665;-0.0896181;0.00663665
0.251077;0.311385;0;0.00015934;1.17815;-0.088243;0.00653481
0.247144;0.314515;0;0.000156872;1.15964;-0.0868677;0.00643296
0.243172;0.317596;0;0.000154402;1.14112;-0.0854912;0.00633103
0.239162;0.320627;0;0.000151933;1.12261;-0.0841153;0.00622914
0.235114;0.323607;0;0.000149465;1.1041;-0.08274;0.00612729
0.231029;0.326536;0;0.000146998;1.08561;-0.0813655;0.0060255
0.226908;0.329413;0;0.000144534;1.06713;-0.0799922;0.0059238
0.22275;0.332238;0;0.000141917;1.04756;-0.078534;0.00581581
0.218558;0.335011;0;0.000139161;1.02699;-0.0769981;0.00570208
0.214331;0.337731;0;0.000136403;1.0064;-0.0754611;0.00558825
0.21007;0.340398;0;0.000133643;0.985794;-0.0739231;0.00547436
0.205776;0.343011;0;0.000130882;0.965183;-0.0723844;0.00536041
0.201449;0.345569;0;0.00012812;0.944565;-0.0708453;0.00524643
0.197091;0.348074;0;0.000125357;0.923945;-0.0693059;0.00513243
0.192701;0.350523;0;0.000122595;0.903324;-0.0677666;0.00501844
0.188282;0.352916;0;0.000119833;0.882708;-0.0662275;0.00490446
0.183832;0.355255;0;0.000117072;0.862098;-0.0646889;0.00479052
0.179353;0.357537;0;0.000114312;0.841498;-0.0631511;0.00467664
0.174846;0.359762;0;0.000111554;0.820912;-0.0616143;0.00456283
0.170312;0.361931;0;0.000108761;0.800079;-0.0600577;0.00444756
0.16575;0.364042;0;0.000105781;0.777908;-0.0583972;0.00432459
0.161163;0.366096;0;0.000102787;0.755628;-0.0567286;0.00420102
0.156549;0.368093;0;9.97896e-05;0.733326;-0.0550583;0.00407733
0.151912;0.370031;0;9.67897e-05;0.711004;-0.0533865;0.00395353
0.14725;0.371911;0;9.37876e-05;0.688667;-0.0517137;0.00382964
0.142565;0.373732;0;9.0784e-05;0.666319;-0.0500399;0.00370569
0.137857;0.375494;0;8.77792e-05;0.643961;-0.0483654;0.00358169
0.133128;0.377196;0;8.47738e-05;0.621599;-0.0466906;0.00345766
0.128377;0.378839;0;8.17681e-05;0.599235;-0.0450158;0.00333363
0.123607;0.380423;0;7.87628e-05;0.576874;-0.043341;0.00320961
0.118817;0.381946;0;7.58312e-05;0.555088;-0.0417074;0.00308863
0.114008;0.383409;0;7.27543e-05;0.532254;-0.0399927;0.00296165
0.109181;0.384811;0;6.96761e-05;0.50941;-0.0382773;0.00283462
0.104337;0.386153;0;6.6597e-05;0.486559;-0.0365614;0.00270755
0.099476;0.387433;0;6.35175e-05;0.463706;-0.0348454;0.00258046
0.0945996;0.388653;0;6.04381e-05;0.440853;-0.0331293;0.00245338
0.0897083;0.389811;0;5.73593e-05;0.418005;-0.0314136;0.00232633
0.0848028;0.390907;0;5.42816e-05;0.395165;-0.0296985;0.00219932
0.079884;0.391942;0;5.12055e-05;0.372337;-0.0279843;0.00207237
0.0749525;0.392915;0;4.81315e-05;0.349524;-0.0262713;0.00194551
0.0700092;0.393826;0;4.506e-05;0.326729;-0.0245596;0.00181876
0.0650549;0.394674;0;4.19915e-05;0.303958;-0.0228497;0.00169213
0.0600902;0.395461;0;3.89265e-05;0.281212;-0.0211417;0.00156564
0.0551161;0.396185;0;3.58655e-05;0.258496;-0.0194359;0.00143932
0.0501333;0.396846;0;3.2716e-05;0.235149;-0.0176808;0.00130935
0.0451426;0.397445;0;2.95499e-05;0.211682;-0.0159164;0.00117869
0.0401447;0.39798;0;2.63802e-05;0.188189;-0.0141501;0.00104788
0.0351405;0.398453;0;2.32074e-05;0.164672;-0.012382;0.000916944
0.0301307;0.398864;0;2.00319e-05;0.141137;-0.0106124;0.0007859
0.0251162;0.399211;0;1.68544e-05;0.117585;-0.00884168;0.000654768
0.0200977;0.399495;0;1.36752e-05;0.0940216;-0.00707004;0.00052357
0.0150761;0.399716;0;1.04949e-05;0.0704499;-0.00529779;0.000392326
0.010052;0.399874;0;7.31397e-06;0.0468737;-0.00352519;0.000261057
0.00502642;0.399968;0;4.13296e-06;0.0232967;-0.00175254;0.000129784
2.44929e-17;0.4;0;9.52342e-07;-0.000277411;1.98971e-05;-1.47348e-06
-0.00502642;0.399968;0;-2.22738e-06;-0.0238449;0.00179183;-0.000132694
-0.010052;0.399874;0;-5.4057e-06;-0.0474019;0.00356299;-0.000263856
-0.0150761;0.399716;0;-8.58211e-06;-0.0709449;0.00533308;-0.00039494
-0.0200977;0.399495;0;-1.17561e-05;-0.0944701;0.00710184;-0.000525925
-0.0251162;0.399211;0;-1.49272e-05;-0.117974;0.00886897;-0.00065679
-0.0301307;0.398864;0;-1.80949e-05;-0.141452;0.0106342;-0.000787514
-0.0351405;0.398453;0;-2.12321e-05;-0.164704;0.0123824;-0.000916979
-0.0401447;0.39798;0;-2.43557e-05;-0.187865;0.0141232;-0.00104589
-0.0451426;0.397445;0;-2.74798e-05;-0.21104;0.0158641;-0.00117481
-0.0501333;0.396846;0;-3.06065e-05;-0.234233;0.0176065;-0.00130384
-0.0551161;0.396185;0;-3.37352e-05;-0.257441;0.01935;-0.00143296
-0.0600902;0.395461;0;-3.68654e-05;-0.28066;0.0210943;-0.00156214
-0.0650549;0.394674;0;-3.99966e-05;-0.303887;0.0228392;-0.00169135
-0.0700092;0.393826;0;-4.31284e-05;-0.327118;0.0245844;-0.00182059
-0.0749525;0.392915;0;-4.62602e-05;-0.350349;0.0263297;-0.00194984
-0.079884;0.391942;0;-4.93915e-05;-0.373577;0.0280746;-0.00207906
-0.0848028;0.390907;0;-5.25219e-05;-0.396798;0.0298191;-0.00220825
-0.0897083;0.389811;0;-5.56508e-05;-0.420008;0.0315627;-0.00233737
-0.0945996;0.388653;0;-5.87778e-05;-0.443204;0.0333053;-0.00246642
-0.099476;0.387433;0;-6.19024e-05;-0.466381;0.0350465;-0.00259536
-0.104337;0.386153;0;-6.49837e-05;-0.489246;0.0367636;-0.00272252
-0.109181;0.384811;0;-6.79881e-05;-0.511572;0.0384379;-0.00284651
-0.114008;0.383409;0;-7.09687e-05;-0.53374;0.0400989;-0.00296951
-0.118817;0.381946;0;-7.39516e-05;-0.555926;0.0417611;-0.00309261
-0.123607;0.380423;0;-7.69364e-05;-0.578125;0.0434244;-0.00321578
-0.128377;0.378839;0;-7.99225e-05;-0.600335;0.0450885;-0.00333901
-0.133128;0.377196;0;-8.29095e-05;-0.622551;0.046753;-0.00346228
-0.137857;0.375494;0;-8.58969e-05;-0.64477;0.0484178;-0.00358557
-0.142565;0.373732;0;-8.88843e-05;-0.666989;0.0500825;-0.00370885
-0.14725;0.371911;0;-9.18711e-05;-0.689204;0.051747;-0.00383211
-0.151912;0.370031;0;-9.48444e-05;-0.711318;0.0534039;-0.00395481
-0.156549;0.368093;0;-9.78188e-05;-0.733437;0.0550614;-0.00407756
-0.161163;0.366096;0;-0.000100792;-0.755545;0.0567181;-0.00420024
-0.16575;0.364042;0;-0.000103762;-0.777638;0.0583736;-0.00432284
-0.170312;0.361931;0;-0.000106731;-0.799712;0.0600277;-0.00444534
-0.174846;0.359762;0;-0.000109585;-0.820966;0.0616183;-0.00456313
-0.179353;0.357537;0;-0.000112326;-0.841426;0.0631459;-0.00467625
-0.183832;0.355255;0;-0.00011507;-0.861901;0.0646746;-0.00478947
-0.188282;0.352916;0;-0.000117815;-0.882389;0.0662043;-0.00490274
-0.192701;0.350523;0;-0.000120561;-0.902885;0.0677347;-0.00501608
-0.197091;0.348074;0;-0.000123308;-0.923388;0.0692655;-0.00512944
-0.201449;0.345569;0;-0.000126055;-0.943893;0.0707965;-0.00524281
-0.205776;0.343011;0;-0.000128802;-0.964397;0.0723274;-0.00535619
-0.21007;0.340398;0;-0.000131549;-0.984898;0.0738581;-0.00546954
-0.214331;0.337731;0;-0.000134295;-1.00539;0.0753882;-0.00558285
-0.218558;0.335011;0;-0.000137039;-1.02587;0.0769175;-0.00569611
-0.22275;0.332238;0;-0.000139747;-1.04609;0.0784266;-0.00580786
-0.226908;0.329413;0;-0.000142416;-1.06605;0.0799138;-0.00591799
-0.231029;0.326536;0;-0.000144847;-1.08428;0.0812685;-0.00601832
-0.235114;0.323607;0;-0.000147312;-1.10275;0.082642;-0.00612004
-0.239162;0.320627;0;-0.000149778;-1.12124;0.0840164;-0.00622182
-0.243172;0.317596;0;-0.000152246;-1.13974;0.0853915;-0.00632365
-0.247144;0.314515;0;-0.000154714;-1.15824;0.0867671;-0.00642552
-0.251077;0.311385;0;-0.000157183;-1.17675;0.0881429;-0.0065274
-0.25497;0.308205;0;-0.000159652;-1.19526;0.0895188;-0.00662929
-0.258822;0.304977;0;-0.000162121;-1.21377;0.0908945;-0.00673117
-0.262634;0.301701;0;-0.000164589;-1.23227;0.0922698;-0.00683302
-0.266405;0.298376;0;-0.000167056;-1.25076;0.0936446;-0.00693483
-0.270133;0.295005;0;-0.000169521;-1.26924;0.0950184;-0.00703657
-0.273819;0.291587;0;-0.000171985;-1.28771;0.0963913;-0.00713823
-0.277461;0.288124;0;-0.000174298;-1.30506;0.0976803;-0.00723369
-0.28106;0.284614;0;-0.0001765;-1.32161;0.0989075;-0.00732457
-0.284614;0.28106;0;-0.000178638;-1.33771;0.100099;-0.0074128
-0.288124;0.277461;0;-0.000180777;-1.35382;0.101291;-0.00750106
-0.291587;0.273819;0;-0.000182916;-1.36993;0.102483;-0.00758935
-0.295005;0.270133;0;-0.000185056;-1.38605;0.103675;-0.00767765
-0.298376;0.266405;0;-0.000187195;-1.40216;0.104868;-0.00776595
-0.301701;0.262634;0;-0.000189335;-1.41828;0.10606;-0.00785423
-0.304977;0.258822;0;-0.000191473;-1.43438;0.107251;-0.00794248
-0.308205;0.25497;0;-0.000193611;-1.45048;0.108443;-0.00803068
-0.311385;0.251077;0;-0.000195746;-1.46657;0.109633;-0.00811883
-0.314515;0.247144;0;-0.000197881;-1.48264;0.110822;-0.00820691
-0.317596;0.243172;0;-0.000199873;-1.49766;0.111932;-0.00828912
-0.320627;0.239162;0;-0.000201597;-1.51071;0.112893;-0.00836027
-0.323607;0.235114;0;-0.000203323;-1.52376;0.113855;-0.00843148
-0.326536;0.231029;0;-0.000205049;-1.53683;0.114817;-0.00850273
-0.329413;0.226908;0;-0.000206777;-1.54989;0.115779;-0.00857402
-0.332238;0.22275;0;-0.000208505;-1.56297;0.116742;-0.00864533
-0.335011;0.218558;0;-0.000210233;-1.57604;0.117705;-0.00871664
-0.337731;0.214331;0;-0.000211934;-1.58891;0.118653;-0.00878685
-0.340398;0.21007;0;-0.000213636;-1.60178;0.119602;-0.0088571
-0.343011;0.205776;0;-0.000215338;-1.61466;0.12055;-0.00892733
-0.345569;0.201449;0;-0.000217039;-1.62752;0.121498;-0.00899753
-0.348074;0.197091;0;-0.00021874;-1.64038;0.122446;-0.0090677
-0.350523;0.192701;0;-0.000220439;-1.65323;0.123393;-0.00913782
-0.352916;0.188282;0;-0.000222137;-1.66608;0.124339;-0.00920789
-0.355255;0.183832;0;-0.000223669;-1.67767;0.125193;-0.00927114
-0.357537;0.179353;0;-0.000224936;-1.68729;0.125899;-0.0093234
-0.359762;0.174846;0;-0.000226207;-1.69694;0.126607;-0.00937587
-0.361931;0.170312;0;-0.000227479;-1.7066;0.127316;-0.00942835
-0.364042;0.16575;0;-0.000228751;-1.71626;0.128025;-0.00948083
-0.366096;0.161163;0;-0.000230022;-1.72592;0.128733;-0.00953332
-0.368093;0.156549;0;-0.000231294;-1.73557;0.129442;-0.00958579
-0.370031;0.151912;0;-0.000232565;-1.74523;0.13015;-0.00963825
-0.371911;0.14725;0;-0.000233836;-1.75487;0.130858;-0.00969067
-0.373732;0.142565;0;-0.000235105;-1.76451;0.131566;-0.00974307
-0.375494;0.137857;0;-0.000236374;-1.77415;0.132273;-0.00979542
-0.377196;0.133128;0;-0.000237604;-1.78349;0.132958;-0.00984621
-0.378839;0.128377;0;-0.000238462;-1.79002;0.133437;-0.00988161
-0.380423;0.123607;0;-0.000239256;-1.79607;0.133879;-0.00991436
-0.381946;0.118817;0;-0.00024005;-1.80211;0.134321;-0.00994712
-0.383409;0.114008;0;-0.000240844;-1.80816;0.134764;-0.00997991
-0.384811;0.109181;0;-0.000241639;-1.81421;0.135207;-0.0100127
-0.386153;0.104337;0;-0.000242434;-1.82027;0.13565;-0.0100455
-0.387433;0.099476;0;-0.000243229;-1.82632;0.136093;-0.0100783
-0.388653;0.0945996;0;-0.000244023;-1.83237;0.136536;-0.0101111
-0.389811;0.0897083;0;-0.000244818;-1.83842;0.136978;-0.0101439
-0.390907;0.0848028;0;-0.000245612;-1.84447;0.137421;-0.0101767
-0.391942;0.079884;0;-0.000246406;-1.85051;0.137863;-0.0102094
-0.392915;0.0749525;0;-0.000247199;-1.85655;0.138305;-0.0102422
-0.393826;0.0700092;0;-0.000247992;-1.86259;0.138747;-0.0102749
-0.394674;0.0650549;0;-0.000248777;-1.86857;0.139184;-0.0103073
-0.395461;0.0600902;0;-0.000249088;-1.87094;0.139358;-0.0103201
-0.396185;0.0551161;0;-0.000249351;-1.87294;0.139504;-0.0103309
-0.396846;0.0501333;0;-0.000249613;-1.87494;0.13965;-0.0103418
-0.397445;0.0451426;0;-0.000249875;-1.87694;0.139797;-0.0103526
-0.39798;0.0401447;0;-0.000250138;-1.87894;0.139943;-0.0103634
-0.398453;0.0351405;0;-0.000250393;-1.88089;0.140085;-0.010374
-0.398864;0.0301307;0;-0.000250641;-1.88279;0.140223;-0.0103842
-0.399211;0.0251162;0;-0.000250887;-1.88466;0.140361;-0.0103944
-0.399495;0.0200977;0;-0.000251133;-1.88653;0.140497;-0.0104045
-0.399716;0.0150761;0;-0.000251379;-1.8884;0.140634;-0.0104146
-0.399874;0.010052;0;-0.000251624;-1.89027;0.140771;-0.0104248
-0.399968;0.00502642;0;-0.000251868;-1.89214;0.140907;-0.0104349
-0.4;4.89859e-17;0;-0.000252113;-1.894;0.141043;-0.0104449
-0.399968;-0.00502642;0;-0.000251943;-1.89271;0.140949;-0.0104379
-0.399874;-0.010052;0;-0.000251686;-1.89075;0.140805;-0.0104273
-0.399716;-0.0150761;0;-0.000251428;-1.88878;0.140662;-0.0104167
-0.399495;-0.0200977;0;-0.000251169;-1.88681;0.140518;-0.010406
-0.399211;-0.0251162;0;-0.000250911;-1.88483;0.140373;-0.0103953
-0.398864;-0.0301307;0;-0.000250652;-1.88286;0.140229;-0.0103846
-0.398453;-0.0351405;0;-0.000250392;-1.88088;0.140085;-0.0103739
-0.39798;-0.0401447;0;-0.000250133;-1.8789;0.13994;-0.0103632
-0.397445;-0.0451426;0;-0.000249874;-1.87693;0.139796;-0.0103525
-0.396846;-0.0501333;0;-0.000249614;-1.87495;0.139651;-0.0103418
-0.396185;-0.0551161;0;-0.000249355;-1.87297;0.139506;-0.0103311
-0.395461;-0.0600902;0;-0.000249095;-1.87099;0.139362;-0.0103204
-0.394674;-0.0650549;0;-0.000248835;-1.869;0.139217;-0.0103097
-0.393826;-0.0700092;0;-0.000248069;-1.86316;0.13879;-0.010278
-0.392915;-0.0749525;0;-0.000247283;-1.85718;0.138352;-0.0102456
-0.391942;-0.079884;0;-0.000246497;-1.85119;0.137914;-0.0102132
-0.390907;-0.0848028;0;-0.00024571;-1.8452;0.137476;-0.0101807
-0.389811;-0.0897083;0;-0.000244923;-1.8392;0.137037;-0.0101482
-0.388653;-0.0945996;0;-0.000244135;-1.8332;0.136598;-0.0101157
-0.387433;-0.099476;0;-0.000243347;-1.8272;0.136159;-0.0100832
-0.386153;-0.104337;0;-0.000242559;-1.8212;0.13572;-0.0100507
-0.384811;-0.109181;0;-0.000241771;-1.8152;0.135281;-0.0100182
-0.383409;-0.114008;0;-0.000240983;-1.8092;0.134842;-0.00998567
-0.381946;-0.118817;0;-0.000240196;-1.8032;0.134403;-0.00995316
-0.380423;-0.123607;0;-0.000239409;-1.7972;0.133964;-0.00992068
-0.378839;-0.128377;0;-0.000238582;-1.79091;0.133504;-0.00988658
-0.377196;-0.133128;0;-0.000237407;-1.78198;0.132849;-0.00983807
-0.375494;-0.137857;0;-0.000236231;-1.77305;0.132193;-0.00978952
-0.373732;-0.142565;0;-0.000235054;-1.76412;0.131537;-0.00974095
-0.371911;-0.14725;0;-0.00023376;-1.75429;0.130816;-0.00968758
-0.370031;-0.151912;0;-0.000232451;-1.74434;0.130087;-0.00963355
-0.368093;-0.156549;0;-0.000231141;-1.73439;0.129357;-0.00957948
-0.366096;-0.161163;0;-0.00022983;-1.72443;0.128626;-0.00952539
-0.364042;-0.16575;0;-0.000228519;-1.71447;0.127896;-0.00947129
-0.361931;-0.170312;0;-0.000227208;-1.70451;0.127165;-0.00941719
-0.359762;-0.174846;0;-0.000225897;-1.69455;0.126435;-0.00936309
-0.357537;-0.179353;0;-0.000224586;-1.68459;0.125704;-0.009309
-0.355255;-0.183832;0;-0.000223117;-1.67346;0.124886;-0.00924838
-0.352916;-0.188282;0;-0.000221614;-1.66208;0.124048;-0.00918634
-0.350523;-0.192701;0;-0.000220043;-1.65019;0.123172;-0.0091215
-0.348074;-0.197091;0;-0.00021838;-1.63761;0.122245;-0.00905286
-0.345569;-0.201449;0;-0.000216715;-1.62503;0.121318;-0.00898419
-0.343011;-0.205776;0;-0.000215051;-1.61244;0.12039;-0.00891549
-0.340398;-0.21007;0;-0.000213386;-1.59985;0.119463;-0.00884678
-0.337731;-0.214331;0;-0.000211721;-1.58726;0.118535;-0.00877807
-0.335011;-0.218558;0;-0.000210056;-1.57467;0.117607;-0.00870937
-0.332238;-0.22275;0;-0.000208392;-1.56208;0.11668;-0.00864069
-0.329413;-0.226908;0;-0.000206728;-1.5495;0.115753;-0.00857204
-0.326536;-0.231029;0;-0.000205011;-1.53651;0.114796;-0.00850118
-0.323607;-0.235114;0;-0.00020327;-1.52333;0.113826;-0.00842934
-0.320627;-0.239162;0;-0.00020153;-1.51016;0.112856;-0.00835754
-0.317596;-0.243172;0;-0.000199787;-1.49697;0.111885;-0.00828558
-0.314515;-0.247144;0;-0.000197775;-1.48181;0.110764;-0.00820259
-0.311385;-0.251077;0;-0.000195637;-1.46571;0.109572;-0.00811434
-0.308205;-0.25497;0;-0.000193497;-1.44958;0.108379;-0.00802601
-0.304977;-0.258822;0;-0.000191355;-1.43345;0.107186;-0.00793763
-0.301701;-0.262634;0;-0.000189212;-1.41731;0.105992;-0.0078492
-0.298376;-0.266405;0;-0.000187068;-1.40116;0.104797;-0.00776074
-0.295005;-0.270133;0;-0.000184924;-1.38501;0.103602;-0.00767226
-0.291587;-0.273819;0;-0.00018278;-1.36886;0.102408;-0.00758378
-0.288124;-0.277461;0;-0.000180636;-1.35271;0.101213;-0.0074953
-0.284614;-0.28106;0;-0.000178493;-1.33657;0.100019;-0.00740686
-0.28106;-0.284614;0;-0.000176351;-1.32043;0.0988248;-0.00731845
-0.277461;-0.288124;0;-0.000174113;-1.30363;0.0975776;-0.00722609
-0.273819;-0.291587;0;-0.000171825;-1.28646;0.0963027;-0.00713168
-0.270133;-0.295005;0;-0.000169428;-1.2685;0.0949673;-0.00703278
-0.266405;-0.298376;0;-0.000166977;-1.25012;0.0936012;-0.00693161
-0.262634;-0.301701;0;-0.000164524;-1.23173;0.0922344;-0.00683039
-0.258822;-0.304977;0;-0.000162071;-1.21334;0.0908671;-0.00672914
-0.25497;-0.308205;0;-0.000159617;-1.19494;0.0894996;-0.00662787
-0.251077;-0.311385;0;-0.000157163;-1.17654;0.088132;-0.0065266
-0.247144;-0.314515;0;-0.000154709;-1.15815;0.0867647;-0.00642534
-0.243172;-0.317596;0;-0.000152256;-1.13976;0.0853977;-0.00632411
-0.239162;-0.320627;0;-0.000149804;-1.12138;0.0840314;-0.00622292
-0.235114;-0.323607;0;-0.000147354;-1.10301;0.0826658;-0.0061218
-0.231029;-0.326536;0;-0.000144905;-1.08465;0.0813013;-0.00602075
-0.226908;-0.329413;0;-0.000142396;-1.06586;0.0799031;-0.00591721
-0.22275;-0.332238;0;-0.000139729;-1.04592;0.0784172;-0.00580717
-0.218558;-0.335011;0;-0.000137009;-1.02562;0.0769012;-0.0056949
-0.214331;-0.337731;0;-0.000134262;-1.00511;0.0753704;-0.00558154
-0.21007;-0.340398;0;-0.000131514;-0.984599;0.073839;-0.00546813
-0.205776;-0.343011;0;-0.000128765;-0.964078;0.0723069;-0.00535467
-0.201449;-0.345569;0;-0.000126015;-0.943552;0.0707746;-0.0052412
-0.197091;-0.348074;0;-0.000123265;-0.923026;0.0692422;-0.00512772
-0.192701;-0.350523;0;-0.000120516;-0.902503;0.06771;-0.00501425
-0.188282;-0.352916;0;-0.000117767;-0.881985;0.0661783;-0.00490082
-0.183832;-0.355255;0;-0.000115019;-0.861477;0.0646472;-0.00478743
-0.179353;-0.357537;0;-0.000112274;-0.84098;0.063117;-0.00467411
-0.174846;-0.359762;0;-0.00010953;-0.820499;0.061588;-0.00456088
-0.170312;-0.361931;0;-0.000106685;-0.799314;0.0600028;-0.0044435
-0.16575;-0.364042;0;-0.000103747;-0.777458;0.0583655;-0.00432224
-0.161163;-0.366096;0;-0.000100779;-0.755381;0.0567114;-0.00419975
-0.156549;-0.368093;0;-9.78085e-05;-0.73329;0.0550562;-0.00407718
-0.151912;-0.370031;0;-9.48369e-05;-0.711188;0.0534002;-0.00395454
-0.14725;-0.371911;0;-9.18643e-05;-0.689078;0.0517437;-0.00383187
-0.142565;-0.373732;0;-8.88912e-05;-0.666965;0.0500869;-0.00370917
-0.137857;-0.375494;0;-8.5918e-05;-0.644851;0.0484301;-0.00358648
-0.133128;-0.377196;0;-8.29453e-05;-0.622741;0.0467735;-0.0034638
-0.128377;-0.378839;0;-7.99735e-05;-0.600637;0.0451174;-0.00334116
-0.123607;-0.380423;0;-7.7003e-05;-0.578544;0.0434621;-0.00321857
-0.118817;-0.381946;0;-7.40344e-05;-0.556464;0.0418077;-0.00309606
-0.114008;-0.383409;0;-7.1068e-05;-0.534401;0.0401547;-0.00297365
-0.109181;-0.384811;0;-6.81074e-05;-0.512382;0.0385049;-0.00285147
-0.104337;-0.386153;0;-6.50059e-05;-0.489366;0.0367765;-0.00272348
-0.099476;-0.387433;0;-6.18976e-05;-0.466303;0.0350444;-0.0025952
-0.0945996;-0.388653;0;-5.87876e-05;-0.443226;0.0333113;-0.00246686
-0.0897083;-0.389811;0;-5.56763e-05;-0.420141;0.0315775;-0.00233846
-0.0848028;-0.390907;0;-5.25665e-05;-0.397066;0.0298445;-0.00221013
-0.079884;-0.391942;0;-4.94509e-05;-0.373949;0.0281083;-0.00208156
-0.0749525;-0.392915;0;-4.63334e-05;-0.350816;0.026371;-0.0019529
-0.0700092;-0.393826;0;-4.32162e-05;-0.327687;0.024634;-0.00182426
-0.0650549;-0.394674;0;-4.01e-05;-0.304564;0.0228974;-0.00169566
-0.0600902;-0.395461;0;-3.69853e-05;-0.281452;0.0211617;-0.00156712
-0.0551161;-0.396185;0;-3.38724e-05;-0.258354;0.019427;-0.00143866
-0.0501333;-0.396846;0;-3.07307e-05;-0.235063;0.0176762;-0.00130901
-0.0451426;-0.397445;0;-2.75605e-05;-0.211566;0.0159096;-0.00117818
-0.0401447;-0.39798;0;-2.43886e-05;-0.188055;0.014142;-0.00104728
-0.0351405;-0.398453;0;-2.12153e-05;-0.164535;0.0123737;-0.000916329
-0.0301307;-0.398864;0;-1.80464e-05;-0.141047;0.0106078;-0.000785556
-0.0251162;-0.399211;0;-1.48701e-05;-0.117505;0.00883774;-0.000654477
-0.0200977;-0.399495;0;-1.16936e-05;-0.0939603;0.00706759;-0.000523389
-0.0150761;-0.399716;0;-8.51737e-06;-0.0704181;0.0052976;-0.000392313
-0.010052;-0.399874;0;-5.34193e-06;-0.0468819;0.00352806;-0.000261269
-0.00502642;-0.399968;0;-2.1678e-06;-0.0233552;0.00175923;-0.000130279
-7.34788e-17;-0.4;0;1.00455e-06;0.000158159;-8.59414e-06;6.36437e-07
0.00502642;-0.399968;0;4.15199e-06;0.0234873;-0.00176255;0.000130525
0.010052;-0.399874;0;7.3121e-06;0.0469112;-0.00352358;0.000260938
0.0150761;-0.399716;0;1.04748e-05;0.0703546;-0.00528607;0.000391459
0.0200977;-0.399495;0;1.36397e-05;0.0938138;-0.00704976;0.000522068
0.0251162;-0.399211;0;1.68062e-05;0.117285;-0.00881435;0.000652745
0.0301307;-0.398864;0;1.99739e-05;0.140765;-0.0105796;0.000783468
0.0351405;-0.398453;0;2.31421e-05;0.164249;-0.0123452;0.000914217
0.0401447;-0.39798;0;2.63105e-05;0.187734;-0.0141108;0.00104497
0.0451426;-0.397445;0;2.94786e-05;0.211217;-0.0158763;0.00117571
0.0501333;-0.396846;0;3.26457e-05;0.234693;-0.0176412;0.00130642
0.0551161;-0.396185;0;3.57963e-05;0.258045;-0.0193968;0.00143643
0.0600902;-0.395461;0;3.89578e-05;0.281478;-0.0211586;0.00156689
0.0650549;-0.394674;0;4.20361e-05;0.304322;-0.022874;0.00169393
0.0700092;-0.393826;0;4.51633e-05;0.327531;-0.0246166;0.00182298
0.0749525;-0.392915;0;4.82909e-05;0.350742;-0.0263595;0.00195204
0.079884;-0.391942;0;5.14182e-05;0.373952;-0.0281022;0.0020811
0.0848028;-0.390907;0;5.44772e-05;0.396654;-0.0298068;0.00220734
0.0897083;-0.389811;0;5.75603e-05;0.419534;-0.031525;0.00233457
0.0945996;-0.388653;0;6.06442e-05;0.44242;-0.0332436;0.00246184
0.099476;-0.387433;0;6.37285e-05;0.465309;-0.0349623;0.00258913
0.104337;-0.386153;0;6.68126e-05;0.488197;-0.036681;0.0027164
0.109181;-0.384811;0;6.98961e-05;0.511079;-0.0383994;0.00284366
0.114008;-0.383409;0;7.29784e-05;0.533954;-0.0401171;0.00297086
0.118817;-0.381946;0;7.59228e-05;0.555837;-0.0417579;0.00309237
0.123607;-0.380423;0;7.89011e-05;0.577992;-0.0434175;0.00321527
0.128377;-0.378839;0;8.18809e-05;0.600159;-0.0450781;0.00333825
0.133128;-0.377196;0;8.48618e-05;0.622333;-0.0467392;0.00346126
0.137857;-0.375494;0;8.78434e-05;0.644513;-0.0484007;0.0035843
0.142565;-0.373732;0;9.08251e-05;0.666693;-0.0500623;0.00370735
0.14725;-0.371911;0;9.38065e-05;0.688871;-0.0517237;0.00383039
0.151912;-0.370031;0;9.67871e-05;0.711043;-0.0533847;0.00395339
0.156549;-0.368093;0;9.97664e-05;0.733206;-0.0550449;0.00407634
0.161163;-0.366096;0;0.000102744;0.755356;-0.0567042;0.00419922
0.16575;-0.364042;0;0.000105719;0.777489;-0.0583623;0.00432201
0.170312;-0.361931;0;0.000108642;0.799235;-0.0599911;0.00444263
0.174846;-0.359762;0;0.000111483;0.82039;-0.0615742;0.00455987
0.179353;-0.357537;0;0.000114239;0.840964;-0.0631103;0.00467362
0.183832;-0.355255;0;0.000116998;0.861552;-0.0646473;0.00478744
0.188282;-0.352916;0;0.000119757;0.882149;-0.0661852;0.00490133
0.192701;-0.350523;0;0.000122518;0.902754;-0.0677235;0.00501525
0.197091;-0.348074;0;0.000125279;0.923363;-0.0692622;0.00512919
0.201449;-0.345569;0;0.00012804;0.943972;-0.0708008;0.00524314
0.205776;-0.343011;0;0.000130801;0.964579;-0.0723393;0.00535707
0.21007;-0.340398;0;0.000133561;0.98518;-0.0738774;0.00547097
0.214331;-0.337731;0;0.000136319;1.00577;-0.0754147;0.00558482
0.218558;-0.335011;0;0.000139077;1.02635;-0.0769512;0.0056986
0.22275;-0.332238;0;0.000141832;1.04691;-0.0784864;0.00581229
0.226908;-0.329413;0;0.000144473;1.06665;-0.0799582;0.00592129
0.231029;-0.326536;0;0.000146934;1.0851;-0.0813299;0.00602287
0.235114;-0.323607;0;0.000149397;1.10357;-0.0827027;0.00612453
0.239162;-0.320627;0;0.000151863;1.12205;-0.0840764;0.00622626
0.243172;-0.317596;0;0.000154329;1.14053;-0.0854509;0.00632804
0.247144;-0.314515;0;0.000156796;1.15903;-0.0868258;0.00642986
0.251077;-0.311385;0;0.000159264;1.17753;-0.088201;0.0065317
0.25497;-0.308205;0;0.000161732;1.19603;-0.0895762;0.00663354
0.258822;-0.304977;0;0.000164199;1.21452;-0.0909513;0.00673537
0.262634;-0.301701;0;0.000166666;1.23301;-0.0923259;0.00683717
0.266405;-0.298376;0;0.000169132;1.2515;-0.0937;0.00693893
0.270133;-0.295005;0;0.000171596;1.26997;-0.0950732;0.00704062
0.273819;-0.291587;0;0.000174058;1.28843;-0.0964454;0.00714224
0.277461;-0.288124;0;0.000176475;1.30654;-0.0977921;0.00724197
0.28106;-0.284614;0;0.000178646;1.32287;-0.0990023;0.00733159
0.284614;-0.28106;0;0.000180766;1.33884;-0.100184;0.00741908
0.288124;-0.277461;0;0.000182888;1.35481;-0.101366;0.00750662
0.291587;-0.273819;0;0.00018501;1.37079;-0.102548;0.00759419
0.295005;-0.270133;0;0.000187132;1.38677;-0.103731;0.00768178
0.298376;-0.266405;0;0.000189254;1.40275;-0.104914;0.00776937
0.301701;-0.262634;0;0.000191377;1.41873;-0.106096;0.00785695
0.304977;-0.258822;0;0.000193498;1.4347;-0.107279;0.00794451
0.308205;-0.25497;0;0.000195619;1.45067;-0.108461;0.00803203
0.311385;-0.251077;0;0.000197738;1.46663;-0.109642;0.0081195
0.314515;-0.247144;0;0.000199856;1.48258;-0.110822;0.0082069
0.317596;-0.243172;0;0.000201903;1.49799;-0.111963;0.00829136
0.320627;-0.239162;0;0.000203616;1.51095;-0.112917;0.00836205
0.323607;-0.235114;0;0.00020533;1.52391;-0.113872;0.00843279
0.326536;-0.231029;0;0.000207045;1.53688;-0.114828;0.00850359
0.329413;-0.226908;0;0.000208762;1.54986;-0.115785;0.00857442
0.332238;-0.22275;0;0.000210478;1.56284;-0.116742;0.00864527
0.335011;-0.218558;0;0.000212196;1.57583;-0.117699;0.00871614
0.337731;-0.214331;0;0.000213913;1.58881;-0.118656;0.00878701
0.340398;-0.21007;0;0.00021563;1.6018;-0.119613;0.00885788
0.343011;-0.205776;0;0.000217347;1.61478;-0.120569;0.00892872
0.345569;-0.201449;0;0.000219063;1.62776;-0.121525;0.00899954
0.348074;-0.197091;0;0.000220778;1.64072;-0.122481;0.00907031
0.350523;-0.192701;0;0.000222491;1.65368;-0.123436;0.00914103
0.352916;-0.188282;0;0.000224203;1.66663;-0.12439;0.00921168
0.355255;-0.183832;0;0.000225694;1.67792;-0.125221;0.00927322
0.357537;-0.179353;0;0.000226967;1.68759;-0.125931;0.00932575
0.359762;-0.174846;0;0.000228241;1.69726;-0.12664;0.00937831
0.361931;-0.170312;0;0.000229458;1.7065;-0.127319;0.00942856
0.364042;-0.16575;0;0.000230667;1.71568;-0.127993;0.00947845
0.366096;-0.161163;0;0.000231877;1.72486;-0.128667;0.00952837
0.368093;-0.156549;0;0.000233086;1.73404;-0.129341;0.00957829
0.370031;-0.151912;0;0.000234296;1.74322;-0.130015;0.0096282
0.371911;-0.14725;0;0.000235505;1.7524;-0.130689;0.00967811
0.373732;-0.142565;0;0.000236714;1.76157;-0.131362;0.009728
0.375494;-0.137857;0;0.000237922;1.77075;-0.132036;0.00977786
0.377196;-0.133128;0;0.000239129;1.77991;-0.132708;0.00982769
0.378839;-0.128377;0;0.00024033;1.78903;-0.133378;0.00987726
0.380423;-0.123607;0;0.000241413;1.79725;-0.133981;0.00992192
0.381946;-0.118817;0;0.000242195;1.80322;-0.134416;0.00995418
0.383409;-0.114008;0;0.000242977;1.80918;-0.134852;0.00998645
0.384811;-0.109181;0;0.000243759;1.81515;-0.135288;0.0100187
0.386153;-0.104337;0;0.000244502;1.82081;-0.135702;0.0100494
0.387433;-0.099476;0;0.000245172;1.82591;-0.136075;0.010077
0.388653;-0.0945996;0;0.000245841;1.83101;-0.136448;0.0101047
0.389811;-0.0897083;0;0.000246511;1.83611;-0.136822;0.0101323
0.390907;-0.0848028;0;0.000247181;1.84122;-0.137195;0.0101599
0.391942;-0.079884;0;0.000247851;1.84632;-0.137568;0.0101876
0.392915;-0.0749525;0;0.00024852;1.85142;-0.137941;0.0102152
0.393826;-0.0700092;0;0.000249189;1.85651;-0.138314;0.0102428
0.394674;-0.0650549;0;0.000249858;1.86161;-0.138687;0.0102704
0.395461;-0.0600902;0;0.000250526;1.8667;-0.139059;0.010298
0.396185;-0.0551161;0;0.000250932;1.86979;-0.139285;0.0103147
0.396846;-0.0501333;0;0.000251234;1.87211;-0.139453;0.0103272
0.397445;-0.0451426;0;0.000251536;1.87443;-0.139622;0.0103396
0.39798;-0.0401447;0;0.00025175;1.87606;-0.13974;0.0103484
0.398453;-0.0351405;0;0.000251889;1.87713;-0.139818;0.0103542
0.398864;-0.0301307;0;0.000252028;1.87819;-0.139895;0.0103599
0.399211;-0.0251162;0;0.000252167;1.87926;-0.139973;0.0103657
0.399495;-0.0200977;0;0.000252306;1.88033;-0.14005;0.0103714
0.399716;-0.0150761;0;0.000252446;1.8814;-0.140128;0.0103771
0.399874;-0.010052;0;0.000252585;1.88246;-0.140206;0.0103829
0.399968;-0.00502642;0;0.000252724;1.88353;-0.140283;0.0103886
