0.4;0;0;-0.000268458;1.73728;-0.140359;0.0103943
0.399968;0.00502642;0;-0.000268565;1.73795;-0.140279;0.0103883
0.399874;0.010052;0;-0.000268674;1.73863;-0.140196;0.0103822
0.399716;0.0150761;0;-0.000268783;1.73932;-0.140114;0.0103761
0.399495;0.0200977;0;-0.000268892;1.74;-0.140032;0.01037
0.399211;0.0251162;0;-0.000269001;1.74069;-0.13995;0.0103639
0.398864;0.0301307;0;-0.00026911;1.74137;-0.139867;0.0103578
0.398453;0.0351405;0;-0.000269219;1.74205;-0.139785;0.0103518
0.39798;0.0401447;0;-0.000269328;1.74274;-0.139703;0.0103457
0.397445;0.0451426;0;-0.000269558;1.74214;-0.139552;0.0103345
0.396846;0.0501333;0;-0.000269851;1.74097;-0.139365;0.0103206
0.396185;0.0551161;0;-0.000270143;1.7398;-0.139178;0.0103068
0.395461;0.0600902;0;-0.000270436;1.73864;-0.138991;0.0102929
0.394674;0.0650549;0;-0.000270974;1.73567;-0.138655;0.0102681
0.393826;0.0700092;0;-0.000271565;1.73235;-0.138289;0.0102409
0.392915;0.0749525;0;-0.000272156;1.72904;-0.137921;0.0102137
0.391942;0.079884;0;-0.000272747;1.72572;-0.137554;0.0101866
0.390907;0.0848028;0;-0.000273338;1.7224;-0.137187;0.0101594
0.389811;0.0897083;0;-0.000273929;1.71908;-0.13682;0.0101321
0.388653;0.0945996;0;-0.00027452;1.71577;-0.136452;0.0101049
0.387433;0.099476;0;-0.000275112;1.71245;-0.136085;0.0100777
0.386153;0.104337;0;-0.000275738;1.70877;-0.135698;0.0100491
0.384811;0.109181;0;-0.000276478;1.70399;-0.135245;0.0100156
0.383409;0.114008;0;-0.000277217;1.69921;-0.134793;0.00998205
0.381946;0.118817;0;-0.000277956;1.69443;-0.134341;0.00994855
0.380423;0.123607;0;-0.000278695;1.68965;-0.133888;0.00991507
0.378839;0.128377;0;-0.00027967;1.68266;-0.1333;0.0098715
0.377196;0.133128;0;-0.000280796;1.67431;-0.132623;0.0098214
0.375494;0.137857;0;-0.000281919;1.66589;-0.13195;0.00977152
0.373732;0.142565;0;-0.000283041;1.65748;-0.131276;0.00972165
0.371911;0.14725;0;-0.000284164;1.64906;-0.130603;0.00967174
0.370031;0.151912;0;-0.000285287;1.64064;-0.129929;0.00962182
0.368093;0.156549;0;-0.00028641;1.63221;-0.129254;0.0095719
0.366096;0.161163;0;-0.000287534;1.62378;-0.12858;0.00952197
0.364042;0.16575;0;-0.000288657;1.61535;-0.127906;0.00947204
0.361931;0.170312;0;-0.00028978;1.60693;-0.127232;0.00942214
0.359762;0.174846;0;-0.000290903;1.5985;-0.126558;0.00937225
0.357537;0.179353;0;-0.000292025;1.59008;-0.125885;0.0093224
0.355255;0.183832;0;-0.000293146;1.58167;-0.125212;0.00927258
0.352916;0.188282;0;-0.000294508;1.57116;-0.124399;0.00921231
0.350523;0.192701;0;-0.000296108;1.55852;-0.123446;0.00914176
0.348074;0.197091;0;-0.000297709;1.54588;-0.122492;0.00907114
0.345569;0.201449;0;-0.000299312;1.53323;-0.121538;0.00900047
0.343011;0.205776;0;-0.000300915;1.52057;-0.120583;0.00892976
0.340398;0.21007;0;-0.00030252;1.5079;-0.119628;0.00885902
0.337731;0.214331;0;-0.000304124;1.49523;-0.118672;0.00878826
0.335011;0.218558;0;-0.000305729;1.48255;-0.117717;0.00871749
0.332238;0.22275;0;-0.000307334;1.46988;-0.116761;0.00864672
0.329413;0.226908;0;-0.000308938;1.4572;-0.115806;0.00857597
0.326536;0.231029;0;-0.000310542;1.44454;-0.114851;0.00850524
0.323607;0.235114;0;-0.000312148;1.43184;-0.113895;0.00843446
0.320627;0.239162;0;-0.000313758;1.4191;-0.112936;0.00836348
0.317596;0.243172;0;-0.000315367;1.40637;-0.111979;0.00829255
0.314515;0.247144;0;-0.000317205;1.39193;-0.110883;0.00821144
0.311385;0.251077;0;-0.000319182;1.37647;-0.109705;0.00812417
0.308205;0.25497;0;-0.00032116;1.361;-0.108526;0.00803684
0.304977;0.258822;0;-0.000323141;1.34551;-0.107345;0.0079494
0.301701;0.262634;0;-0.000325125;1.33;-0.106163;0.00786184
0.298376;0.266405;0;-0.00032711;1.31447;-0.104979;0.0077742
0.295005;0.270133;0;-0.000329098;1.29891;-0.103794;0.00768645
0.291587;0.273819;0;-0.000331086;1.28334;-0.102609;0.0075987
0.288124;0.277461;0;-0.000333074;1.26778;-0.101424;0.00751096
0.284614;0.28106;0;-0.000335061;1.25223;-0.10024;0.00742326
0.28106;0.284614;0;-0.000337047;1.23668;-0.0990564;0.0073356
0.277461;0.288124;0;-0.000339063;1.22096;-0.0978542;0.00724657
0.273819;0.291587;0;-0.000341357;1.20335;-0.096484;0.0071451
0.270133;0.295005;0;-0.000343653;1.18572;-0.0951124;0.00704353
0.266405;0.298376;0;-0.00034595;1.16807;-0.0937398;0.00694188
0.262634;0.301701;0;-0.000348249;1.15042;-0.0923665;0.00684018
0.258822;0.304977;0;-0.000350549;1.13275;-0.0909925;0.00673842
0.25497;0.308205;0;-0.00035285;1.11508;-0.0896181;0.00663665
0.251077;0.311385;0;-0.000355152;1.09739;-0.088243;0.00653481
0.247144;0.314515;0;-0.000357454;1.0797;-0.0868677;0.00643296
0.243172;0.317596;0;-0.000359758;1.06199;-0.0854912;0.00633103
0.239162;0.320627;0;-0.000362061;1.04429;-0.0841153;0.00622914
0.235114;0.323607;0;-0.000364364;1.02659;-0.08274;0.00612729
0.231029;0.326536;0;-0.000366665;1.00891;-0.0813655;0.0060255
0.226908;0.329413;0;-0.000368964;0.991241;-0.0799922;0.0059238
0.22275;0.332238;0;-0.000371402;0.972652;-0.078534;0.00581581
0.218558;0.335011;0;-0.000373969;0.953215;-0.0769981;0.00570208
0.214331;0.337731;0;-0.000376538;0.933762;-0.0754611;0.00558825
0.21007;0.340398;0;-0.000379108;0.914298;-0.0739231;0.00547436
0.205776;0.343011;0;-0.00038168;0.894824;-0.0723844;0.00536041
0.201449;0.345569;0;-0.000384252;0.875345;-0.0708453;0.00524643
0.197091;0.348074;0;-0.000386825;0.855863;-0.0693059;0.00513243
0.192701;0.350523;0;-0.000389397;0.836382;-0.0677666;0.00501844
0.188282;0.352916;0;-0.000391969;0.816904;-0.0662275;0.00490446
0.183832;0.355255;0;-0.000394541;0.797432;-0.0646889;0.00479052
0.179353;0.357537;0;-0.000397111;0.77797;-0.0631511;0.00467664
0.174846;0.359762;0;-0.000399679;0.75852;-0.0616143;0.00456283
0.170312;0.361931;0;-0.00040228;0.738882;-0.0600577;0.00444756
0.16575;0.364042;0;-0.000405053;0.717996;-0.0583972;0.00432459
0.161163;0.366096;0;-0.000407841;0.697002;-0.0567286;0.00420102
0.156549;0.368093;0;-0.000410631;0.675987;-0.0550583;0.00407733
0.151912;0.370031;0;-0.000413424;0.654954;-0.0533865;0.00395353
0.14725;0.371911;0;-0.000416218;0.633907;-0.0517137;0.00382964
0.142565;0.373732;0;-0.000419015;0.612848;-0.0500399;0.00370569
0.137857;0.375494;0;-0.000421812;0.591781;-0.0483654;0.00358169
0.133128;0.377196;0;-0.00042461;0.57071;-0.0466906;0.00345766
0.128377;0.378839;0;-0.000427408;0.549637;-0.0450158;0.00333363
0.123607;0.380423;0;-0.000430205;0.528566;-0.043341;0.00320961
0.118817;0.381946;0;-0.000432933;0.508128;-0.0417074;0.00308863
0.114008;0.383409;0;-0.000435793;0.48681;-0.0399927;0.00296165
0.109181;0.384811;0;-0.000438656;0.465483;-0.0382773;0.00283462
0.104337;0.386153;0;-0.000441518;0.44415;-0.0365614;0.00270755
0.099476;0.387433;0;-0.000444382;0.422814;-0.0348454;0.00258046
0.0945996;0.388653;0;-0.000447245;0.40148;-0.0331293;0.00245338
0.0897083;0.389811;0;-0.000450107;0.380149;-0.0314136;0.00232633
0.0848028;0.390907;0;-0.000452969;0.358826;-0.0296985;0.00219932
0.079884;0.391942;0;-0.000455829;0.337514;-0.0279843;0.00207237
0.0749525;0.392915;0;-0.000458687;0.316216;-0.0262713;0.00194551
0.0700092;0.393826;0;-0.000461543;0.294936;-0.0245596;0.00181876
0.0650549;0.394674;0;-0.000464396;0.273676;-0.0228497;0.00169213
0.0600902;0.395461;0;-0.000467245;0.252441;-0.0211417;0.00156564
0.0551161;0.396185;0;-0.000470091;0.231234;-0.0194359;0.00143932
0.0501333;0.396846;0;-0.00047302;0.209432;-0.0176808;0.00130935
0.0451426;0.397445;0;-0.000475964;0.187501;-0.0159164;0.00117869
0.0401447;0.39798;0;-0.000478911;0.165546;-0.0141501;0.00104788
0.0351405;0.398453;0;-0.000481861;0.143569;-0.012382;0.000916944
0.0301307;0.398864;0;-0.000484813;0.121574;-0.0106124;0.0007859
0.0251162;0.399211;0;-0.000487768;0.0995645;-0.00884168;0.000654768
0.0200977;0.399495;0;-0.000490724;0.0775436;-0.00707004;0.00052357
0.0150761;0.399716;0;-0.000493681;0.0555149;-0.00529779;0.000392326
0.010052;0.399874;0;-0.000496638;0.0334821;-0.00352519;0.000261057
0.00502642;0.399968;0;-0.000499596;0.0114485;-0.00175254;0.000129784
2.44929e-17;0.4;0;-0.000502553;-0.0105823;1.98971e-05;-1.47348e-06
-0.00502642;0.399968;0;-0.00050551;-0.0326069;0.00179183;-0.000132694
-0.010052;0.399874;0;-0.000508465;-0.0546219;0.00356299;-0.000263856
-0.0150761;0.399716;0;-0.000511418;-0.0766237;0.00533308;-0.00039494
-0.0200977;0.399495;0;-0.00051437;-0.0986088;0.00710184;-0.000525925
-0.0251162;0.399211;0;-0.000517318;-0.120574;0.00886897;-0.00065679
-0.0301307;0.398864;0;-0.000520263;-0.142515;0.0106342;-0.000787514
-0.0351405;0.398453;0;-0.00052318;-0.164172;0.0123824;-0.000916979
-0.0401447;0.39798;0;-0.000526083;-0.185714;0.0141232;-0.00104589
-0.0451426;0.397445;0;-0.000528988;-0.207361;0.0158641;-0.00117481
-0.0501333;0.396846;0;-0.000531895;-0.229025;0.0176065;-0.00130384
-0.0551161;0.396185;0;-0.000534803;-0.250702;0.01935;-0.00143296
-0.0600902;0.395461;0;-0.000537713;-0.27239;0.0210943;-0.00156214
-0.0650549;0.394674;0;-0.000540624;-0.294085;0.0228392;-0.00169135
-0.0700092;0.393826;0;-0.000543536;-0.315784;0.0245844;-0.00182059
-0.0749525;0.392915;0;-0.000546447;-0.337482;0.0263297;-0.00194984
-0.079884;0.391942;0;-0.000549358;-0.359178;0.0280746;-0.00207906
-0.0848028;0.390907;0;-0.000552268;-0.380866;0.0298191;-0.00220825
-0.0897083;0.389811;0;-0.000555177;-0.402545;0.0315627;-0.00233737
-0.0945996;0.388653;0;-0.000558084;-0.42421;0.0333053;-0.00246642
-0.099476;0.387433;0;-0.000560989;-0.445858;0.0350465;-0.00259536
-0.104337;0.386153;0;-0.000563853;-0.467143;0.0367636;-0.00272252
-0.109181;0.384811;0;-0.000566646;-0.487901;0.0384379;-0.00284651
-0.114008;0.383409;0;-0.000569417;-0.508613;0.0400989;-0.00296951
-0.118817;0.381946;0;-0.00057219;-0.529342;0.0417611;-0.00309261
-0.123607;0.380423;0;-0.000574965;-0.550082;0.0434244;-0.00321578
-0.128377;0.378839;0;-0.000577741;-0.570832;0.0450885;-0.00333901
-0.133128;0.377196;0;-0.000580519;-0.591588;0.046753;-0.00346228
-0.137857;0.375494;0;-0.000583296;-0.612347;0.0484178;-0.00358557
-0.142565;0.373732;0;-0.000586073;-0.633105;0.0500825;-0.00370885
-0.14725;0.371911;0;-0.00058885;-0.653859;0.051747;-0.00383211
-0.151912;0.370031;0;-0.000591614;-0.6745;0.0534039;-0.00395481
-0.156549;0.368093;0;-0.000594379;-0.695133;0.0550614;-0.00407756
-0.161163;0.366096;0;-0.000597142;-0.715754;0.0567181;-0.00420024
-0.16575;0.364042;0;-0.000599904;-0.736362;0.0583736;-0.00432284
-0.170312;0.361931;0;-0.000602663;-0.756952;0.0600277;-0.00444534
-0.174846;0.359762;0;-0.000605315;-0.776779;0.0616183;-0.00456313
-0.179353;0.357537;0;-0.000607863;-0.795836;0.0631459;-0.00467625
-0.183832;0.355255;0;-0.000610412;-0.814908;0.0646746;-0.00478947
-0.188282;0.352916;0;-0.000612964;-0.833991;0.0662043;-0.00490274
-0.192701;0.350523;0;-0.000615516;-0.853083;0.0677347;-0.00501608
-0.197091;0.348074;0;-0.000618069;-0.87218;0.0692655;-0.00512944
-0.201449;0.345569;0;-0.000620622;-0.89128;0.0707965;-0.00524281
-0.205776;0.343011;0;-0.000623176;-0.910379;0.0723274;-0.00535619
-0.21007;0.340398;0;-0.000625729;-0.929475;0.0738581;-0.00546954
-0.214331;0.337731;0;-0.00062828;-0.948564;0.0753882;-0.00558285
-0.218558;0.335011;0;-0.000630831;-0.967644;0.0769175;-0.00569611
-0.22275;0.332238;0;-0.000633348;-0.986513;0.0784266;-0.00580786
-0.226908;0.329413;0;-0.000635829;-1.00525;0.0799138;-0.00591799
-0.231029;0.326536;0;-0.000638088;-1.02224;0.0812685;-0.00601832
-0.235114;0.323607;0;-0.000640379;-1.03946;0.082642;-0.00612004
-0.239162;0.320627;0;-0.000642672;-1.0567;0.0840164;-0.00622182
-0.243172;0.317596;0;-0.000644965;-1.07394;0.0853915;-0.00632365
-0.247144;0.314515;0;-0.00064726;-1.09119;0.0867671;-0.00642552
-0.251077;0.311385;0;-0.000649555;-1.10844;0.0881429;-0.0065274
-0.25497;0.308205;0;-0.00065185;-1.12569;0.0895188;-0.00662929
-0.258822;0.304977;0;-0.000654144;-1.14294;0.0908945;-0.00673117
-0.262634;0.301701;0;-0.000656438;-1.16019;0.0922698;-0.00683302
-0.266405;0.298376;0;-0.000658731;-1.17743;0.0936446;-0.00693483
-0.270133;0.295005;0;-0.000661023;-1.19465;0.0950184;-0.00703657
-0.273819;0.291587;0;-0.000663313;-1.21187;0.0963913;-0.00713823
-0.277461;0.288124;0;-0.000665461;-1.22801;0.0976803;-0.00723369
-0.28106;0.284614;0;-0.000667507;-1.24342;0.0989075;-0.00732457
-0.284614;0.28106;0;-0.000669494;-1.25847;0.100099;-0.0074128
-0.288124;0.277461;0;-0.000671483;-1.27353;0.101291;-0.00750106
-0.291587;0.273819;0;-0.000673472;-1.28859;0.102483;-0.00758935
-0.295005;0.270133;0;-0.000675462;-1.30366;0.103675;-0.00767765
-0.298376;0.266405;0;-0.000677451;-1.31872;0.104868;-0.00776595
-0.301701;0.262634;0;-0.00067944;-1.33378;0.10606;-0.00785423
-0.304977;0.258822;0;-0.000681428;-1.34884;0.107251;-0.00794248
-0.308205;0.25497;0;-0.000683416;-1.36389;0.108443;-0.00803068
-0.311385;0.251077;0;-0.000685402;-1.37892;0.109633;-0.00811883
-0.314515;0.247144;0;-0.000687386;-1.39395;0.110822;-0.00820691
-0.317596;0.243172;0;-0.000689238;-1.40803;0.111932;-0.00828912
-0.320627;0.239162;0;-0.000690841;-1.42023;0.112893;-0.00836027
-0.323607;0.235114;0;-0.000692445;-1.43244;0.113855;-0.00843148
-0.326536;0.231029;0;-0.00069405;-1.44465;0.114817;-0.00850273
-0.329413;0.226908;0;-0.000695656;-1.45688;0.115779;-0.00857402
-0.332238;0.22275;0;-0.000697263;-1.4691;0.116742;-0.00864533
-0.335011;0.218558;0;-0.00069887;-1.48133;0.117705;-0.00871664
-0.337731;0.214331;0;-0.00070045;-1.49333;0.118653;-0.00878685
-0.340398;0.21007;0;-0.000702032;-1.50529;0.119602;-0.0088571
-0.343011;0.205776;0;-0.000703613;-1.51725;0.12055;-0.00892733
-0.345569;0.201449;0;-0.000705193;-1.52921;0.121498;-0.00899753
-0.348074;0.197091;0;-0.000706773;-1.54116;0.122446;-0.0090677
-0.350523;0.192701;0;-0.000708351;-1.5531;0.123393;-0.00913782
-0.352916;0.188282;0;-0.000709929;-1.56503;0.124339;-0.00920789
-0.355255;0.183832;0;-0.000711351;-1.57568;0.125193;-0.00927114
-0.357537;0.179353;0;-0.000712528;-1.58464;0.125899;-0.0093234
-0.359762;0.174846;0;-0.000713709;-1.59365;0.126607;-0.00937587
-0.361931;0.170312;0;-0.000714891;-1.60266;0.127316;-0.00942835
-0.364042;0.16575;0;-0.000716073;-1.61166;0.128025;-0.00948083
-0.366096;0.161163;0;-0.000717255;-1.62067;0.128733;-0.00953332
-0.368093;0.156549;0;-0.000718437;-1.62967;0.129442;-0.00958579
-0.370031;0.151912;0;-0.000719618;-1.63866;0.13015;-0.00963825
-0.371911;0.14725;0;-0.000720798;-1.64766;0.130858;-0.00969067
-0.373732;0.142565;0;-0.000721978;-1.65664;0.131566;-0.00974307
-0.375494;0.137857;0;-0.000723157;-1.66561;0.132273;-0.00979542
-0.377196;0.133128;0;-0.000724301;-1.67433;0.132958;-0.00984621
-0.378839;0.128377;0;-0.000725098;-1.68042;0.133437;-0.00988161
-0.380423;0.123607;0;-0.000725836;-1.68606;0.133879;-0.00991436
-0.381946;0.118817;0;-0.000726573;-1.69169;0.134321;-0.00994712
-0.383409;0.114008;0;-0.000727311;-1.69733;0.134764;-0.00997991
-0.384811;0.109181;0;-0.000728049;-1.70297;0.135207;-0.0100127
-0.386153;0.104337;0;-0.000728788;-1.70861;0.13565;-0.0100455
-0.387433;0.099476;0;-0.000729526;-1.71425;0.136093;-0.0100783
-0.388653;0.0945996;0;-0.000730265;-1.71989;0.136536;-0.0101111
-0.389811;0.0897083;0;-0.000731003;-1.72552;0.136978;-0.0101439
-0.390907;0.0848028;0;-0.000731741;-1.73116;0.137421;-0.0101767
-0.391942;0.079884;0;-0.000732478;-1.73679;0.137863;-0.0102094
-0.392915;0.0749525;0;-0.000733215;-1.74241;0.138305;-0.0102422
-0.393826;0.0700092;0;-0.000733951;-1.74803;0.138747;-0.0102749
-0.394674;0.0650549;0;-0.00073468;-1.75359;0.139184;-0.0103073
-0.395461;0.0600902;0;-0.000734969;-1.75578;0.139358;-0.0103201
-0.396185;0.0551161;0;-0.000735213;-1.75764;0.139504;-0.0103309
-0.396846;0.0501333;0;-0.000735456;-1.75951;0.13965;-0.0103418
-0.397445;0.0451426;0;-0.0007357;-1.76137;0.139797;-0.0103526
-0.39798;0.0401447;0;-0.000735943;-1.76323;0.139943;-0.0103634
-0.398453;0.0351405;0;-0.00073618;-1.76501;0.140085;-0.010374
-0.398864;0.0301307;0;-0.00073641;-1.76672;0.140223;-0.0103842
-0.399211;0.0251162;0;-0.000736637;-1.76843;0.140361;-0.0103944
-0.399495;0.0200977;0;-0.000736864;-1.77013;0.140497;-0.0104045
-0.399716;0.0150761;0;-0.000737091;-1.77183;0.140634;-0.0104146
-0.399874;0.010052;0;-0.000737318;-1.77352;0.140771;-0.0104248
-0.399968;0.00502642;0;-0.000737545;-1.77522;0.140907;-0.0104349
-0.4;4.89859e-17;0;-0.000737771;-1.77691;0.141043;-0.0104449
-0.399968;-0.00502642;0;-0.000737612;-1.77569;0.140949;-0.0104379
-0.399874;-0.010052;0;-0.000737372;-1.77383;0.140805;-0.0104273
-0.399716;-0.0150761;0;-0.000737131;-1.77198;0.140662;-0.0104167
-0.399495;-0.0200977;0;-0.000736891;-1.77012;0.140518;-0.010406
-0.399211;-0.0251162;0;-0.000736649;-1.76826;0.140373;-0.0103953
-0.398864;-0.0301307;0;-0.000736408;-1.76639;0.140229;-0.0103846
-0.398453;-0.0351405;0;-0.000736166;-1.76453;0.140085;-0.0103739
-0.39798;-0.0401447;0;-0.000735924;-1.76266;0.13994;-0.0103632
-0.397445;-0.0451426;0;-0.000735683;-1.7608;0.139796;-0.0103525
-0.396846;-0.0501333;0;-0.000735441;-1.75893;0.139651;-0.0103418
-0.396185;-0.0551161;0;-0.000735198;-1.75707;0.139506;-0.0103311
-0.395461;-0.0600902;0;-0.000734956;-1.7552;0.139362;-0.0103204
-0.394674;-0.0650549;0;-0.000734713;-1.75333;0.139217;-0.0103097
-0.393826;-0.0700092;0;-0.000734;-1.74781;0.13879;-0.010278
-0.392915;-0.0749525;0;-0.000733268;-1.74216;0.138352;-0.0102456
-0.391942;-0.079884;0;-0.000732536;-1.7365;0.137914;-0.0102132
-0.390907;-0.0848028;0;-0.000731803;-1.73083;0.137476;-0.0101807
-0.389811;-0.0897083;0;-0.000731069;-1.72516;0.137037;-0.0101482
-0.388653;-0.0945996;0;-0.000730335;-1.71949;0.136598;-0.0101157
-0.387433;-0.099476;0;-0.000729601;-1.71382;0.136159;-0.0100832
-0.386153;-0.104337;0;-0.000728867;-1.70814;0.13572;-0.0100507
-0.384811;-0.109181;0;-0.000728133;-1.70247;0.135281;-0.0100182
-0.383409;-0.114008;0;-0.000727399;-1.6968;0.134842;-0.00998567
-0.381946;-0.118817;0;-0.000726665;-1.69113;0.134403;-0.00995316
-0.380423;-0.123607;0;-0.000725932;-1.68546;0.133964;-0.00992068
-0.378839;-0.128377;0;-0.000725162;-1.67954;0.133504;-0.00988658
-0.377196;-0.133128;0;-0.00072407;-1.67127;0.132849;-0.00983807
-0.375494;-0.137857;0;-0.000722977;-1.663;0.132193;-0.00978952
-0.373732;-0.142565;0;-0.000721884;-1.65472;0.131537;-0.00974095
-0.371911;-0.14725;0;-0.000720678;-1.64539;0.130816;-0.00968758
-0.370031;-0.151912;0;-0.000719457;-1.63591;0.130087;-0.00963355
-0.368093;-0.156549;0;-0.000718236;-1.62642;0.129357;-0.00957948
-0.366096;-0.161163;0;-0.000717014;-1.61693;0.128626;-0.00952539
-0.364042;-0.16575;0;-0.000715791;-1.60744;0.127896;-0.00947129
-0.361931;-0.170312;0;-0.000714569;-1.59795;0.127165;-0.00941719
-0.359762;-0.174846;0;-0.000713346;-1.58845;0.126435;-0.00936309
-0.357537;-0.179353;0;-0.000712124;-1.57896;0.125704;-0.009309
-0.355255;-0.183832;0;-0.000710759;-1.56867;0.124886;-0.00924838
-0.352916;-0.188282;0;-0.000709362;-1.55814;0.124048;-0.00918634
-0.350523;-0.192701;0;-0.000707901;-1.54711;0.123172;-0.0091215
-0.348074;-0.197091;0;-0.000706356;-1.53544;0.122245;-0.00905286
-0.345569;-0.201449;0;-0.00070481;-1.52376;0.121318;-0.00898419
-0.343011;-0.205776;0;-0.000703263;-1.51208;0.12039;-0.00891549
-0.340398;-0.21007;0;-0.000701716;-1.50039;0.119463;-0.00884678
-0.337731;-0.214331;0;-0.000700168;-1.48871;0.118535;-0.00877807
-0.335011;-0.218558;0;-0.000698621;-1.47702;0.117607;-0.00870937
-0.332238;-0.22275;0;-0.000697075;-1.46534;0.11668;-0.00864069
-0.329413;-0.226908;0;-0.000695529;-1.45366;0.115753;-0.00857204
-0.326536;-0.231029;0;-0.000693931;-1.44138;0.114796;-0.00850118
-0.323607;-0.235114;0;-0.000692309;-1.42893;0.113826;-0.00842934
-0.320627;-0.239162;0;-0.000690689;-1.41648;0.112856;-0.00835754
-0.317596;-0.243172;0;-0.000689065;-1.40402;0.111885;-0.00828558
-0.314515;-0.247144;0;-0.000687195;-1.38976;0.110764;-0.00820259
-0.311385;-0.251077;0;-0.000685204;-1.37462;0.109572;-0.00811434
-0.308205;-0.25497;0;-0.000683212;-1.35947;0.108379;-0.00802601
-0.304977;-0.258822;0;-0.000681219;-1.34431;0.107186;-0.00793763
-0.301701;-0.262634;0;-0.000679225;-1.32914;0.105992;-0.0078492
-0.298376;-0.266405;0;-0.00067723;-1.31396;0.104797;-0.00776074
-0.295005;-0.270133;0;-0.000675235;-1.29878;0.103602;-0.00767226
-0.291587;-0.273819;0;-0.000673239;-1.28361;0.102408;-0.00758378
-0.288124;-0.277461;0;-0.000671244;-1.26843;0.101213;-0.0074953
-0.284614;-0.28106;0;-0.000669249;-1.25326;0.100019;-0.00740686
-0.28106;-0.284614;0;-0.000667255;-1.23809;0.0988248;-0.00731845
-0.277461;-0.288124;0;-0.000665176;-1.22243;0.0975776;-0.00722609
-0.273819;-0.291587;0;-0.00066305;-1.20645;0.0963027;-0.00713168
-0.270133;-0.295005;0;-0.000660822;-1.18966;0.0949673;-0.00703278
-0.266405;-0.298376;0;-0.000658542;-1.17249;0.0936012;-0.00693161
-0.262634;-0.301701;0;-0.000656261;-1.1553;0.0922344;-0.00683039
-0.258822;-0.304977;0;-0.000653979;-1.13812;0.0908671;-0.00672914
-0.25497;-0.308205;0;-0.000651697;-1.12092;0.0894996;-0.00662787
-0.251077;-0.311385;0;-0.000649414;-1.10373;0.088132;-0.0065266
-0.247144;-0.314515;0;-0.000647132;-1.08654;0.0867647;-0.00642534
-0.243172;-0.317596;0;-0.000644851;-1.06936;0.0853977;-0.00632411
-0.239162;-0.320627;0;-0.000642571;-1.05218;0.0840314;-0.00622292
-0.235114;-0.323607;0;-0.000640292;-1.03501;0.0826658;-0.0061218
-0.231029;-0.326536;0;-0.000638015;-1.01786;0.0813013;-0.00602075
-0.226908;-0.329413;0;-0.000635681;-1.00024;0.0799031;-0.00591721
-0.22275;-0.332238;0;-0.000633201;-0.981464;0.0784172;-0.00580717
-0.218558;-0.335011;0;-0.000630671;-0.962464;0.0769012;-0.0056949
-0.214331;-0.337731;0;-0.000628116;-0.943284;0.0753704;-0.00558154
-0.21007;-0.340398;0;-0.00062556;-0.924095;0.073839;-0.00546813
-0.205776;-0.343011;0;-0.000623003;-0.904899;0.0723069;-0.00535467
-0.201449;-0.345569;0;-0.000620446;-0.885699;0.0707746;-0.0052412
-0.197091;-0.348074;0;-0.000617888;-0.866499;0.0692422;-0.00512772
-0.192701;-0.350523;0;-0.000615331;-0.847302;0.06771;-0.00501425
-0.188282;-0.352916;0;-0.000612775;-0.82811;0.0661783;-0.00490082
-0.183832;-0.355255;0;-0.000610219;-0.808927;0.0646472;-0.00478743
-0.179353;-0.357537;0;-0.000607665;-0.789755;0.063117;-0.00467411
-0.174846;-0.359762;0;-0.000605114;-0.770598;0.061588;-0.00456088
-0.170312;-0.361931;0;-0.000602469;-0.750738;0.0600028;-0.0044435
-0.16575;-0.364042;0;-0.000599737;-0.730278;0.0583655;-0.00432224
-0.161163;-0.366096;0;-0.000596976;-0.709613;0.0567114;-0.00419975
-0.156549;-0.368093;0;-0.000594213;-0.688934;0.0550562;-0.00407718
-0.151912;-0.370031;0;-0.00059145;-0.668245;0.0534002;-0.00395454
-0.14725;-0.371911;0;-0.000588685;-0.647549;0.0517437;-0.00383187
-0.142565;-0.373732;0;-0.00058592;-0.62685;0.0500869;-0.00370917
-0.137857;-0.375494;0;-0.000583155;-0.60615;0.0484301;-0.00358648
-0.133128;-0.377196;0;-0.00058039;-0.585454;0.0467735;-0.0034638
-0.128377;-0.378839;0;-0.000577626;-0.564764;0.0451174;-0.00334116
-0.123607;-0.380423;0;-0.000574863;-0.544084;0.0434621;-0.00321857
-0.118817;-0.381946;0;-0.000572102;-0.523417;0.0418077;-0.00309606
-0.114008;-0.383409;0;-0.000569343;-0.502766;0.0401547;-0.00297365
-0.109181;-0.384811;0;-0.00056659;-0.482152;0.0385049;-0.00285147
-0.104337;-0.386153;0;-0.000563705;-0.460581;0.0367765;-0.00272348
-0.099476;-0.387433;0;-0.000560814;-0.438982;0.0350444;-0.0025952
-0.0945996;-0.388653;0;-0.000557922;-0.417372;0.0333113;-0.00246686
-0.0897083;-0.389811;0;-0.000555028;-0.395753;0.0315775;-0.00233846
-0.0848028;-0.390907;0;-0.000552136;-0.374146;0.0298445;-0.00221013
-0.079884;-0.391942;0;-0.000549238;-0.352491;0.0281083;-0.00208156
-0.0749525;-0.392915;0;-0.000546338;-0.330819;0.026371;-0.0019529
-0.0700092;-0.393826;0;-0.000543439;-0.30915;0.024634;-0.00182426
-0.0650549;-0.394674;0;-0.000540541;-0.287486;0.0228974;-0.00169566
-0.0600902;-0.395461;0;-0.000537644;-0.265832;0.0211617;-0.00156712
-0.0551161;-0.396185;0;-0.000534748;-0.244192;0.019427;-0.00143866
-0.0501333;-0.396846;0;-0.000531827;-0.22245;0.0176762;-0.00130901
-0.0451426;-0.397445;0;-0.000528879;-0.200442;0.0159096;-0.00117818
-0.0401447;-0.39798;0;-0.000525928;-0.178421;0.014142;-0.00104728
-0.0351405;-0.398453;0;-0.000522977;-0.156391;0.0123737;-0.000916329
-0.0301307;-0.398864;0;-0.00052003;-0.134391;0.0106078;-0.000785556
-0.0251162;-0.399211;0;-0.000517076;-0.112341;0.00883774;-0.000654477
-0.0200977;-0.399495;0;-0.000514122;-0.090289;0.00706759;-0.000523389
-0.0150761;-0.399716;0;-0.000511167;-0.0682393;0.0052976;-0.000392313
-0.010052;-0.399874;0;-0.000508214;-0.0461951;0.00352806;-0.000261269
-0.00502642;-0.399968;0;-0.000505262;-0.0241599;0.00175923;-0.000130279
-7.34788e-17;-0.4;0;-0.000502312;-0.00213725;-8.59414e-06;6.36437e-07
0.00502642;-0.399968;0;-0.000499384;0.0197002;-0.00176255;0.000130525
0.010052;-0.399874;0;-0.000496446;0.0415964;-0.00352358;0.000260938
0.0150761;-0.399716;0;-0.000493504;0.0635107;-0.00528607;0.000391459
0.0200977;-0.399495;0;-0.000490561;0.0854399;-0.00704976;0.000522068
0.0251162;-0.399211;0;-0.000487616;0.10738;-0.00881435;0.000652745
0.0301307;-0.398864;0;-0.000484671;0.129328;-0.0105796;0.000783468
0.0351405;-0.398453;0;-0.000481724;0.151281;-0.0123452;0.000914217
0.0401447;-0.39798;0;-0.000478778;0.173234;-0.0141108;0.00104497
0.0451426;-0.397445;0;-0.000475832;0.195185;-0.0158763;0.00117571
0.0501333;-0.396846;0;-0.000472886;0.21713;-0.0176412;0.00130642
0.0551161;-0.396185;0;-0.000469958;0.23903;-0.0193968;0.00143643
0.0600902;-0.395461;0;-0.000467019;0.261007;-0.0211586;0.00156689
0.0650549;-0.394674;0;-0.000464156;0.28244;-0.022874;0.00169393
0.0700092;-0.393826;0;-0.000461247;0.304215;-0.0246166;0.00182298
0.0749525;-0.392915;0;-0.000458338;0.325992;-0.0263595;0.00195204
0.079884;-0.391942;0;-0.000455429;0.347768;-0.0281022;0.0020811
0.0848028;-0.390907;0;-0.000452585;0.368993;-0.0298068;0.00220734
0.0897083;-0.389811;0;-0.000449718;0.390305;-0.031525;0.00233457
0.0945996;-0.388653;0;-0.000446852;0.411623;-0.0332436;0.00246184
0.099476;-0.387433;0;-0.000443984;0.432942;-0.0349623;0.00258913
0.104337;-0.386153;0;-0.000441117;0.454261;-0.036681;0.0027164
0.109181;-0.384811;0;-0.000438251;0.475575;-0.0383994;0.00284366
0.114008;-0.383409;0;-0.000435386;0.49688;-0.0401171;0.00297086
0.118817;-0.381946;0;-0.000432648;0.517317;-0.0417579;0.00309237
0.123607;-0.380423;0;-0.000429879;0.538042;-0.0434175;0.00321527
0.128377;-0.378839;0;-0.000427108;0.558776;-0.0450781;0.00333825
0.133128;-0.377196;0;-0.000424336;0.579518;-0.0467392;0.00346126
0.137857;-0.375494;0;-0.000421563;0.600265;-0.0484007;0.0035843
0.142565;-0.373732;0;-0.000418791;0.621012;-0.0500623;0.00370735
0.14725;-0.371911;0;-0.000416018;0.641757;-0.0517237;0.00383039
0.151912;-0.370031;0;-0.000413247;0.662496;-0.0533847;0.00395339
0.156549;-0.368093;0;-0.000410476;0.683226;-0.0550449;0.00407634
0.161163;-0.366096;0;-0.000407707;0.703944;-0.0567042;0.00419922
0.16575;-0.364042;0;-0.000404941;0.724646;-0.0583623;0.00432201
0.170312;-0.361931;0;-0.000402224;0.744855;-0.0599911;0.00444263
0.174846;-0.359762;0;-0.000399585;0.764406;-0.0615742;0.00455987
0.179353;-0.357537;0;-0.000397023;0.783561;-0.0631103;0.00467362
0.183832;-0.355255;0;-0.000394459;0.802728;-0.0646473;0.00478744
0.188282;-0.352916;0;-0.000391894;0.821904;-0.0661852;0.00490133
0.192701;-0.350523;0;-0.000389329;0.841087;-0.0677235;0.00501525
0.197091;-0.348074;0;-0.000386763;0.860272;-0.0692622;0.00512919
0.201449;-0.345569;0;-0.000384196;0.879457;-0.0708008;0.00524314
0.205776;-0.343011;0;-0.000381631;0.898639;-0.0723393;0.00535707
0.21007;-0.340398;0;-0.000379065;0.917815;-0.0738774;0.00547097
0.214331;-0.337731;0;-0.000376502;0.936982;-0.0754147;0.00558482
0.218558;-0.335011;0;-0.000373939;0.956137;-0.0769512;0.0056986
0.22275;-0.332238;0;-0.000371379;0.975277;-0.0784864;0.00581229
0.226908;-0.329413;0;-0.000368925;0.993463;-0.0799582;0.00592129
0.231029;-0.326536;0;-0.00036664;1.0105;-0.0813299;0.00602287
0.235114;-0.323607;0;-0.000364352;1.02756;-0.0827027;0.00612453
0.239162;-0.320627;0;-0.000362063;1.04463;-0.0840764;0.00622626
0.243172;-0.317596;0;-0.000359773;1.0617;-0.0854509;0.00632804
0.247144;-0.314515;0;-0.000357482;1.07878;-0.0868258;0.00642986
0.251077;-0.311385;0;-0.000355191;1.09586;-0.088201;0.0065317
0.25497;-0.308205;0;-0.000352899;1.11294;-0.0895762;0.00663354
0.258822;-0.304977;0;-0.000350608;1.13002;-0.0909513;0.00673537
0.262634;-0.301701;0;-0.000348318;1.1471;-0.0923259;0.00683717
0.266405;-0.298376;0;-0.000346028;1.16417;-0.0937;0.00693893
0.270133;-0.295005;0;-0.00034374;1.18122;-0.0950732;0.00704062
0.273819;-0.291587;0;-0.000341454;1.19826;-0.0964454;0.00714224
0.277461;-0.288124;0;-0.00033921;1.21492;-0.0977921;0.00724197
0.28106;-0.284614;0;-0.000337197;1.22976;-0.0990023;0.00733159
0.284614;-0.28106;0;-0.000335232;1.2443;-0.100184;0.00741908
0.288124;-0.277461;0;-0.000333266;1.25884;-0.101366;0.00750662
0.291587;-0.273819;0;-0.000331299;1.27339;-0.102548;0.00759419
0.295005;-0.270133;0;-0.000329331;1.28794;-0.103731;0.00768178
0.298376;-0.266405;0;-0.000327364;1.30248;-0.104914;0.00776937
0.301701;-0.262634;0;-0.000325396;1.31703;-0.106096;0.00785695
0.304977;-0.258822;0;-0.00032343;1.33157;-0.107279;0.00794451
0.308205;-0.25497;0;-0.000321464;1.3461;-0.108461;0.00803203
0.311385;-0.251077;0;-0.000319499;1.36062;-0.109642;0.0081195
0.314515;-0.247144;0;-0.000317536;1.37514;-0.110822;0.0082069
0.317596;-0.243172;0;-0.000315639;1.38907;-0.111963;0.00829136
0.320627;-0.239162;0;-0.000314056;1.40057;-0.112917;0.00836205
0.323607;-0.235114;0;-0.000312472;1.41208;-0.113872;0.00843279
0.326536;-0.231029;0;-0.000310887;1.42359;-0.114828;0.00850359
0.329413;-0.226908;0;-0.0003093;1.43511;-0.115785;0.00857442
0.332238;-0.22275;0;-0.000307714;1.44664;-0.116742;0.00864527
0.335011;-0.218558;0;-0.000306127;1.45816;-0.117699;0.00871614
0.337731;-0.214331;0;-0.000304539;1.46968;-0.118656;0.00878701
0.340398;-0.21007;0;-0.000302952;1.48121;-0.119613;0.00885788
0.343011;-0.205776;0;-0.000301366;1.49272;-0.120569;0.00892872
0.345569;-0.201449;0;-0.00029978;1.50424;-0.121525;0.00899954
0.348074;-0.197091;0;-0.000298195;1.51574;-0.122481;0.00907031
0.350523;-0.192701;0;-0.000296612;1.52724;-0.123436;0.00914103
0.352916;-0.188282;0;-0.000295029;1.53872;-0.12439;0.00921168
0.355255;-0.183832;0;-0.000293653;1.5486;-0.125221;0.00927322
0.357537;-0.179353;0;-0.00029248;1.55697;-0.125931;0.00932575
0.359762;-0.174846;0;-0.000291306;1.56534;-0.12664;0.00937831
0.361931;-0.170312;0;-0.000290186;1.57321;-0.127319;0.00942856
0.364042;-0.16575;0;-0.000289074;1.58102;-0.127993;0.00947845
0.366096;-0.161163;0;-0.000287961;1.58884;-0.128667;0.00952837
0.368093;-0.156549;0;-0.000286849;1.59666;-0.129341;0.00957829
0.370031;-0.151912;0;-0.000285736;1.60447;-0.130015;0.0096282
0.371911;-0.14725;0;-0.000284624;1.61229;-0.130689;0.00967811
0.373732;-0.142565;0;-0.000283512;1.6201;-0.131362;0.009728
0.375494;-0.137857;0;-0.0002824;1.62791;-0.132036;0.00977786
0.377196;-0.133128;0;-0.00028129;1.63572;-0.132708;0.00982769
0.378839;-0.128377;0;-0.000280184;1.64358;-0.133378;0.00987726
0.380423;-0.123607;0;-0.000279185;1.65086;-0.133981;0.00992192
0.381946;-0.118817;0;-0.000278461;1.65628;-0.134416;0.00995418
0.383409;-0.114008;0;-0.000277736;1.6617;-0.134852;0.00998645
0.384811;-0.109181;0;-0.000277011;1.66712;-0.135288;0.0100187
0.386153;-0.104337;0;-0.000276323;1.67224;-0.135702;0.0100494
0.387433;-0.099476;0;-0.000275705;1.67671;-0.136075;0.010077
0.388653;-0.0945996;0;-0.000275087;1.68118;-0.136448;0.0101047
0.389811;-0.0897083;0;-0.000274469;1.68564;-0.136822;0.0101323
0.390907;-0.0848028;0;-0.000273851;1.69011;-0.137195;0.0101599
0.391942;-0.079884;0;-0.000273233;1.69457;-0.137568;0.0101876
0.392915;-0.0749525;0;-0.000272615;1.69904;-0.137941;0.0102152
0.393826;-0.0700092;0;-0.000271997;1.7035;-0.138314;0.0102428
0.394674;-0.0650549;0;-0.00027138;1.70795;-0.138687;0.0102704
0.395461;-0.0600902;0;-0.000270763;1.7124;-0.139059;0.010298
0.396185;-0.0551161;0;-0.000270379;1.71577;-0.139285;0.0103147
0.396846;-0.0501333;0;-0.000270083;1.71878;-0.139453;0.0103272
0.397445;-0.0451426;0;-0.000269788;1.72179;-0.139622;0.0103396
0.39798;-0.0401447;0;-0.000269578;1.72404;-0.13974;0.0103484
0.398453;-0.0351405;0;-0.000269437;1.72569;-0.139818;0.0103542
0.398864;-0.0301307;0;-0.000269297;1.72735;-0.139895;0.0103599
0.399211;-0.0251162;0;-0.000269157;1.72901;-0.139973;0.0103657
0.399495;-0.0200977;0;-0.000269016;1.73067;-0.14005;0.0103714
0.399716;-0.0150761;0;-0.000268876;1.73233;-0.140128;0.0103771
0.399874;-0.010052;0;-0.000268736;1.73399;-0.140206;0.0103829
0.399968;-0.00502642;0;-0.000268595;1.73565;-0.140283;0.0103886
