0.4;0;0;0.000314878;1.99614;-0.140359;0.0103943
0.399968;0.00502642;0;0.000314728;1.99512;-0.140279;0.0103883
0.399874;0.010052;0;0.000314575;1.99408;-0.140196;0.0103822
0.399716;0.0150761;0;0.000314422;1.99304;-0.140114;0.0103761
0.399495;0.0200977;0;0.000314268;1.992;-0.140032;0.01037
0.399211;0.0251162;0;0.000314115;1.99095;-0.13995;0.0103639
0.398864;0.0301307;0;0.000313962;1.98991;-0.139867;0.0103578
0.398453;0.0351405;0;0.000313809;1.98887;-0.139785;0.0103518
0.39798;0.0401447;0;0.000313656;1.98783;-0.139703;0.0103457
0.397445;0.0451426;0;0.00031337;1.98561;-0.139552;0.0103345
0.396846;0.0501333;0;0.000313013;1.9828;-0.139365;0.0103206
0.396185;0.0551161;0;0.000312657;1.97998;-0.139178;0.0103068
0.395461;0.0600902;0;0.0003123;1.97716;-0.138991;0.0102929
0.394674;0.0650549;0;0.000311666;1.97238;-0.138655;0.0102681
0.393826;0.0700092;0;0.000310972;1.96717;-0.138289;0.0102409
0.392915;0.0749525;0;0.000310278;1.96196;-0.137921;0.0102137
0.391942;0.079884;0;0.000309584;1.95674;-0.137554;0.0101866
0.390907;0.0848028;0;0.000308889;1.95152;-0.137187;0.0101594
0.389811;0.0897083;0;0.000308195;1.9463;-0.13682;0.0101321
0.388653;0.0945996;0;0.0003075;1.94109;-0.136452;0.0101049
0.387433;0.099476;0;0.000306805;1.93587;-0.136085;0.0100777
0.386153;0.104337;0;0.000306072;1.93031;-0.135698;0.0100491
0.384811;0.109181;0;0.000305212;1.92368;-0.135245;0.0100156
0.383409;0.114008;0;0.000304353;1.91705;-0.134793;0.00998205
0.381946;0.118817;0;0.000303494;1.91042;-0.134341;0.00994855
0.380423;0.123607;0;0.000302635;1.90379;-0.133888;0.00991507
0.378839;0.128377;0;0.000301519;1.89528;-0.1333;0.0098715
0.377196;0.133128;0;0.000300235;1.88552;-0.132623;0.0098214
0.375494;0.137857;0;0.000298959;1.87583;-0.13195;0.00977152
0.373732;0.142565;0;0.000297682;1.86613;-0.131276;0.00972165
0.371911;0.14725;0;0.000296405;1.85643;-0.130603;0.00967174
0.370031;0.151912;0;0.000295128;1.84673;-0.129929;0.00962182
0.368093;0.156549;0;0.00029385;1.83702;-0.129254;0.0095719
0.366096;0.161163;0;0.000292572;1.82731;-0.12858;0.00952197
0.364042;0.16575;0;0.000291295;1.81761;-0.127906;0.00947204
0.361931;0.170312;0;0.000290017;1.8079;-0.127232;0.00942214
0.359762;0.174846;0;0.000288741;1.7982;-0.126558;0.00937225
0.357537;0.179353;0;0.000287465;1.78851;-0.125885;0.0093224
0.355255;0.183832;0;0.00028619;1.77882;-0.125212;0.00927258
0.352916;0.188282;0;0.000284647;1.76712;-0.124399;0.00921231
0.350523;0.192701;0;0.00028284;1.75341;-0.123446;0.00914176
0.348074;0.197091;0;0.000281032;1.73969;-0.122492;0.00907114
0.345569;0.201449;0;0.000279223;1.72596;-0.121538;0.00900047
0.343011;0.205776;0;0.000277412;1.71222;-0.120583;0.00892976
0.340398;0.21007;0;0.0002756;1.69847;-0.119628;0.00885902
0.337731;0.214331;0;0.000273788;1.68472;-0.118672;0.00878826
0.335011;0.218558;0;0.000271976;1.67097;-0.117717;0.00871749
0.332238;0.22275;0;0.000270164;1.65722;-0.116761;0.00864672
0.329413;0.226908;0;0.000268352;1.64347;-0.115806;0.00857597
0.326536;0.231029;0;0.000266541;1.62972;-0.114851;0.00850524
0.323607;0.235114;0;0.000264729;1.61596;-0.113895;0.00843446
0.320627;0.239162;0;0.000262911;1.60216;-0.112936;0.00836348
0.317596;0.243172;0;0.000261094;1.58836;-0.111979;0.00829255
0.314515;0.247144;0;0.000259017;1.57264;-0.110883;0.00821144
0.311385;0.251077;0;0.000256783;1.55577;-0.109705;0.00812417
0.308205;0.25497;0;0.000254546;1.53888;-0.108526;0.00803684
0.304977;0.258822;0;0.000252308;1.52197;-0.107345;0.0079494
0.301701;0.262634;0;0.000250065;1.50503;-0.106163;0.00786184
0.298376;0.266405;0;0.000247821;1.48807;-0.104979;0.0077742
0.295005;0.270133;0;0.000245574;1.47109;-0.103794;0.00768645
0.291587;0.273819;0;0.000243327;1.45411;-0.102609;0.0075987
0.288124;0.277461;0;0.00024108;1.43714;-0.101424;0.00751096
0.284614;0.28106;0;0.000238834;1.42017;-0.10024;0.00742326
0.28106;0.284614;0;0.000236589;1.4032;-0.0990564;0.0073356
0.277461;0.288124;0;0.00023431;1.386;-0.0978542;0.00724657
0.273819;0.291587;0;0.000231711;1.36647;-0.096484;0.0071451
0.270133;0.295005;0;0.000229111;1.34692;-0.0951124;0.00704353
0.266405;0.298376;0;0.000226508;1.32736;-0.0937398;0.00694188
0.262634;0.301701;0;0.000223904;1.30778;-0.0923665;0.00684018
0.258822;0.304977;0;0.000221298;1.2882;-0.0909925;0.00673842
0.25497;0.308205;0;0.000218692;1.26861;-0.0896181;0.00663665
0.251077;0.311385;0;0.000216085;1.249;-0.088243;0.00653481
0.247144;0.314515;0;0.000213477;1.2294;-0.0868677;0.00643296
0.243172;0.317596;0;0.000210867;1.20977;-0.0854912;0.00633103
0.239162;0.320627;0;0.000208258;1.19015;-0.0841153;0.00622914
0.235114;0.323607;0;0.00020565;1.17054;-0.08274;0.00612729
0.231029;0.326536;0;0.000203043;1.15095;-0.0813655;0.0060255
0.226908;0.329413;0;0.000200439;1.13137;-0.0799922;0.0059238
0.22275;0.332238;0;0.000197674;1.11063;-0.078534;0.00581581
0.218558;0.335011;0;0.000194762;1.08883;-0.0769981;0.00570208
0.214331;0.337731;0;0.000191847;1.06702;-0.0754611;0.00558825
0.21007;0.340398;0;0.000188931;1.04519;-0.0739231;0.00547436
0.205776;0.343011;0;0.000186013;1.02335;-0.0723844;0.00536041
0.201449;0.345569;0;0.000183094;1.00151;-0.0708453;0.00524643
0.197091;0.348074;0;0.000180175;0.979658;-0.0693059;0.00513243
0.192701;0.350523;0;0.000177256;0.95781;-0.0677666;0.00501844
0.188282;0.352916;0;0.000174338;0.935965;-0.0662275;0.00490446
0.183832;0.355255;0;0.00017142;0.914128;-0.0646889;0.00479052
0.179353;0.357537;0;0.000168504;0.892301;-0.0631511;0.00467664
0.174846;0.359762;0;0.00016559;0.870489;-0.0616143;0.00456283
0.170312;0.361931;0;0.000162639;0.848427;-0.0600577;0.00444756
0.16575;0.364042;0;0.000159489;0.824897;-0.0583972;0.00432459
0.161163;0.366096;0;0.000156324;0.801248;-0.0567286;0.00420102
0.156549;0.368093;0;0.000153156;0.777575;-0.0550583;0.00407733
0.151912;0.370031;0;0.000149985;0.753881;-0.0533865;0.00395353
0.14725;0.371911;0;0.000146812;0.730172;-0.0517137;0.00382964
0.142565;0.373732;0;0.000143637;0.706449;-0.0500399;0.00370569
0.137857;0.375494;0;0.000140461;0.682718;-0.0483654;0.00358169
0.133128;0.377196;0;0.000137285;0.658981;-0.0466906;0.00345766
0.128377;0.378839;0;0.000134108;0.635243;-0.0450158;0.00333363
0.123607;0.380423;0;0.000130931;0.611508;-0.043341;0.00320961
0.118817;0.381946;0;0.000127833;0.588418;-0.0417074;0.00308863
0.114008;0.383409;0;0.000124583;0.564257;-0.0399927;0.00296165
0.109181;0.384811;0;0.000121331;0.540086;-0.0382773;0.00283462
0.104337;0.386153;0;0.000118077;0.515908;-0.0365614;0.00270755
0.099476;0.387433;0;0.000114824;0.491727;-0.0348454;0.00258046
0.0945996;0.388653;0;0.000111571;0.467548;-0.0331293;0.00245338
0.0897083;0.389811;0;0.000108318;0.443372;-0.0314136;0.00232633
0.0848028;0.390907;0;0.000105066;0.419206;-0.0296985;0.00219932
0.079884;0.391942;0;0.000101816;0.395051;-0.0279843;0.00207237
0.0749525;0.392915;0;9.85687e-05;0.370913;-0.0262713;0.00194551
0.0700092;0.393826;0;9.53236e-05;0.346795;-0.0245596;0.00181876
0.0650549;0.394674;0;9.20818e-05;0.3227;-0.0228497;0.00169213
0.0600902;0.395461;0;8.88436e-05;0.298633;-0.0211417;0.00156564
0.0551161;0.396185;0;8.56097e-05;0.274598;-0.0194359;0.00143932
0.0501333;0.396846;0;8.22815e-05;0.249864;-0.0176808;0.00130935
0.0451426;0.397445;0;7.89358e-05;0.224998;-0.0159164;0.00117869
0.0401447;0.39798;0;7.55863e-05;0.200102;-0.0141501;0.00104788
0.0351405;0.398453;0;7.22335e-05;0.175183;-0.012382;0.000916944
0.0301307;0.398864;0;6.8878e-05;0.150242;-0.0106124;0.0007859
0.0251162;0.399211;0;6.55202e-05;0.125285;-0.00884168;0.000654768
0.0200977;0.399495;0;6.21607e-05;0.100316;-0.00707004;0.00052357
0.0150761;0.399716;0;5.88e-05;0.0753376;-0.00529779;0.000392326
0.010052;0.399874;0;5.54387e-05;0.0503546;-0.00352519;0.000261057
0.00502642;0.399968;0;5.20773e-05;0.0253707;-0.00175254;0.000129784
2.44929e-17;0.4;0;4.87162e-05;0.000389962;1.98971e-05;-1.47348e-06
-0.00502642;0.399968;0;4.53562e-05;-0.0245837;0.00179183;-0.000132694
-0.010052;0.399874;0;4.19976e-05;-0.0495464;0.00356299;-0.000263856
-0.0150761;0.399716;0;3.8641e-05;-0.0744942;0.00533308;-0.00039494
-0.0200977;0.399495;0;3.5287e-05;-0.0994231;0.00710184;-0.000525925
-0.0251162;0.399211;0;3.1936e-05;-0.124329;0.00886897;-0.00065679
-0.0301307;0.398864;0;2.85887e-05;-0.149208;0.0106342;-0.000787514
-0.0351405;0.398453;0;2.52734e-05;-0.173825;0.0123824;-0.000916979
-0.0401447;0.39798;0;2.19723e-05;-0.198338;0.0141232;-0.00104589
-0.0451426;0.397445;0;1.8671e-05;-0.222897;0.0158641;-0.00117481
-0.0501333;0.396846;0;1.5367e-05;-0.247476;0.0176065;-0.00130384
-0.0551161;0.396185;0;1.20609e-05;-0.272071;0.01935;-0.00143296
-0.0600902;0.395461;0;8.75319e-06;-0.296677;0.0210943;-0.00156214
-0.0650549;0.394674;0;5.44438e-06;-0.321291;0.0228392;-0.00169135
-0.0700092;0.393826;0;2.13501e-06;-0.34591;0.0245844;-0.00182059
-0.0749525;0.392915;0;-1.17441e-06;-0.370528;0.0263297;-0.00194984
-0.079884;0.391942;0;-4.48334e-06;-0.395143;0.0280746;-0.00207906
-0.0848028;0.390907;0;-7.79127e-06;-0.419751;0.0298191;-0.00220825
-0.0897083;0.389811;0;-1.10977e-05;-0.444347;0.0315627;-0.00233737
-0.0945996;0.388653;0;-1.4402e-05;-0.468928;0.0333053;-0.00246642
-0.099476;0.387433;0;-1.77038e-05;-0.493489;0.0350465;-0.00259536
-0.104337;0.386153;0;-2.09602e-05;-0.517699;0.0367636;-0.00272252
-0.109181;0.384811;0;-2.41355e-05;-0.541333;0.0384379;-0.00284651
-0.114008;0.383409;0;-2.72854e-05;-0.564836;0.0400989;-0.00296951
-0.118817;0.381946;0;-3.04377e-05;-0.588356;0.0417611;-0.00309261
-0.123607;0.380423;0;-3.3592e-05;-0.611891;0.0434244;-0.00321578
-0.128377;0.378839;0;-3.67478e-05;-0.635437;0.0450885;-0.00333901
-0.133128;0.377196;0;-3.99045e-05;-0.658989;0.046753;-0.00346228
-0.137857;0.375494;0;-4.30616e-05;-0.682545;0.0484178;-0.00358557
-0.142565;0.373732;0;-4.62187e-05;-0.7061;0.0500825;-0.00370885
-0.14725;0.371911;0;-4.93752e-05;-0.729652;0.051747;-0.00383211
-0.151912;0.370031;0;-5.25174e-05;-0.753086;0.0534039;-0.00395481
-0.156549;0.368093;0;-5.56605e-05;-0.776519;0.0550614;-0.00407756
-0.161163;0.366096;0;-5.88019e-05;-0.79994;0.0567181;-0.00420024
-0.16575;0.364042;0;-6.19411e-05;-0.823344;0.0583736;-0.00432284
-0.170312;0.361931;0;-6.50777e-05;-0.846729;0.0600277;-0.00444534
-0.174846;0.359762;0;-6.8093e-05;-0.869231;0.0616183;-0.00456313
-0.179353;0.357537;0;-7.09897e-05;-0.890899;0.0631459;-0.00467625
-0.183832;0.355255;0;-7.38886e-05;-0.912584;0.0646746;-0.00478947
-0.188282;0.352916;0;-7.67893e-05;-0.934281;0.0662043;-0.00490274
-0.192701;0.350523;0;-7.96913e-05;-0.955988;0.0677347;-0.00501608
-0.197091;0.348074;0;-8.25941e-05;-0.977701;0.0692655;-0.00512944
-0.201449;0.345569;0;-8.54972e-05;-0.999418;0.0707965;-0.00524281
-0.205776;0.343011;0;-8.84003e-05;-1.02113;0.0723274;-0.00535619
-0.21007;0.340398;0;-9.13028e-05;-1.04284;0.0738581;-0.00546954
-0.214331;0.337731;0;-9.42043e-05;-1.06455;0.0753882;-0.00558285
-0.218558;0.335011;0;-9.71043e-05;-1.08624;0.0769175;-0.00569611
-0.22275;0.332238;0;-9.99655e-05;-1.10766;0.0784266;-0.00580786
-0.226908;0.329413;0;-0.000102785;-1.12882;0.0799138;-0.00591799
-0.231029;0.326536;0;-0.000105354;-1.14813;0.0812685;-0.00601832
-0.235114;0.323607;0;-0.000107959;-1.16771;0.082642;-0.00612004
-0.239162;0.320627;0;-0.000110565;-1.1873;0.0840164;-0.00622182
-0.243172;0.317596;0;-0.000113173;-1.2069;0.0853915;-0.00632365
-0.247144;0.314515;0;-0.000115782;-1.22651;0.0867671;-0.00642552
-0.251077;0.311385;0;-0.000118391;-1.24612;0.0881429;-0.0065274
-0.25497;0.308205;0;-0.000121;-1.26573;0.0895188;-0.00662929
-0.258822;0.304977;0;-0.000123609;-1.28534;0.0908945;-0.00673117
-0.262634;0.301701;0;-0.000126217;-1.30494;0.0922698;-0.00683302
-0.266405;0.298376;0;-0.000128824;-1.32454;0.0936446;-0.00693483
-0.270133;0.295005;0;-0.00013143;-1.34412;0.0950184;-0.00703657
-0.273819;0.291587;0;-0.000134033;-1.36369;0.0963913;-0.00713823
-0.277461;0.288124;0;-0.000136476;-1.38204;0.0976803;-0.00723369
-0.28106;0.284614;0;-0.000138803;-1.39955;0.0989075;-0.00732457
-0.284614;0.28106;0;-0.000141062;-1.41663;0.100099;-0.0074128
-0.288124;0.277461;0;-0.000143323;-1.43372;0.101291;-0.00750106
-0.291587;0.273819;0;-0.000145585;-1.45082;0.102483;-0.00758935
-0.295005;0.270133;0;-0.000147846;-1.46792;0.103675;-0.00767765
-0.298376;0.266405;0;-0.000150108;-1.48502;0.104868;-0.00776595
-0.301701;0.262634;0;-0.000152369;-1.50211;0.10606;-0.00785423
-0.304977;0.258822;0;-0.000154629;-1.5192;0.107251;-0.00794248
-0.308205;0.25497;0;-0.000156888;-1.53628;0.108443;-0.00803068
-0.311385;0.251077;0;-0.000159146;-1.55335;0.109633;-0.00811883
-0.314515;0.247144;0;-0.000161402;-1.5704;0.110822;-0.00820691
-0.317596;0.243172;0;-0.000163507;-1.58633;0.111932;-0.00828912
-0.320627;0.239162;0;-0.000165329;-1.60018;0.112893;-0.00836027
-0.323607;0.235114;0;-0.000167153;-1.61403;0.113855;-0.00843148
-0.326536;0.231029;0;-0.000168978;-1.6279;0.114817;-0.00850273
-0.329413;0.226908;0;-0.000170804;-1.64177;0.115779;-0.00857402
-0.332238;0.22275;0;-0.000172631;-1.65564;0.116742;-0.00864533
-0.335011;0.218558;0;-0.000174457;-1.66952;0.117705;-0.00871664
-0.337731;0.214331;0;-0.000176255;-1.68315;0.118653;-0.00878685
-0.340398;0.21007;0;-0.000178054;-1.69677;0.119602;-0.0088571
-0.343011;0.205776;0;-0.000179852;-1.71039;0.12055;-0.00892733
-0.345569;0.201449;0;-0.000181649;-1.72401;0.121498;-0.00899753
-0.348074;0.197091;0;-0.000183446;-1.73762;0.122446;-0.0090677
-0.350523;0.192701;0;-0.000185241;-1.75121;0.123393;-0.00913782
-0.352916;0.188282;0;-0.000187035;-1.7648;0.124339;-0.00920789
-0.355255;0.183832;0;-0.000188654;-1.77702;0.125193;-0.00927114
-0.357537;0.179353;0;-0.000189992;-1.78721;0.125899;-0.0093234
-0.359762;0.174846;0;-0.000191336;-1.79745;0.126607;-0.00937587
-0.361931;0.170312;0;-0.00019268;-1.80769;0.127316;-0.00942835
-0.364042;0.16575;0;-0.000194024;-1.81794;0.128025;-0.00948083
-0.366096;0.161163;0;-0.000195368;-1.82818;0.128733;-0.00953332
-0.368093;0.156549;0;-0.000196712;-1.83841;0.129442;-0.00958579
-0.370031;0.151912;0;-0.000198056;-1.84865;0.13015;-0.00963825
-0.371911;0.14725;0;-0.000199398;-1.85888;0.130858;-0.00969067
-0.373732;0.142565;0;-0.00020074;-1.8691;0.131566;-0.00974307
-0.375494;0.137857;0;-0.000202081;-1.87931;0.132273;-0.00979542
-0.377196;0.133128;0;-0.000203382;-1.88924;0.132958;-0.00984621
-0.378839;0.128377;0;-0.00020429;-1.89618;0.133437;-0.00988161
-0.380423;0.123607;0;-0.000205128;-1.9026;0.133879;-0.00991436
-0.381946;0.118817;0;-0.000205968;-1.90901;0.134321;-0.00994712
-0.383409;0.114008;0;-0.000206807;-1.91543;0.134764;-0.00997991
-0.384811;0.109181;0;-0.000207647;-1.92186;0.135207;-0.0100127
-0.386153;0.104337;0;-0.000208488;-1.92828;0.13565;-0.0100455
-0.387433;0.099476;0;-0.000209328;-1.9347;0.136093;-0.0100783
-0.388653;0.0945996;0;-0.000210168;-1.94113;0.136536;-0.0101111
-0.389811;0.0897083;0;-0.000211008;-1.94755;0.136978;-0.0101439
-0.390907;0.0848028;0;-0.000211848;-1.95396;0.137421;-0.0101767
-0.391942;0.079884;0;-0.000212687;-1.96038;0.137863;-0.0102094
-0.392915;0.0749525;0;-0.000213525;-1.96678;0.138305;-0.0102422
-0.393826;0.0700092;0;-0.000214363;-1.97319;0.138747;-0.0102749
-0.394674;0.0650549;0;-0.000215193;-1.97953;0.139184;-0.0103073
-0.395461;0.0600902;0;-0.000215522;-1.98205;0.139358;-0.0103201
-0.396185;0.0551161;0;-0.0002158;-1.98419;0.139504;-0.0103309
-0.396846;0.0501333;0;-0.000216077;-1.98632;0.13965;-0.0103418
-0.397445;0.0451426;0;-0.000216355;-1.98846;0.139797;-0.0103526
-0.39798;0.0401447;0;-0.000216633;-1.99059;0.139943;-0.0103634
-0.398453;0.0351405;0;-0.000216903;-1.99266;0.140085;-0.010374
-0.398864;0.0301307;0;-0.000217166;-1.99466;0.140223;-0.0103842
-0.399211;0.0251162;0;-0.000217425;-1.99664;0.140361;-0.0103944
-0.399495;0.0200977;0;-0.000217685;-1.99861;0.140497;-0.0104045
-0.399716;0.0150761;0;-0.000217944;-2.00059;0.140634;-0.0104146
-0.399874;0.010052;0;-0.000218203;-2.00256;0.140771;-0.0104248
-0.399968;0.00502642;0;-0.000218462;-2.00453;0.140907;-0.0104349
-0.4;4.89859e-17;0;-0.00021872;-2.0065;0.141043;-0.0104449
-0.399968;-0.00502642;0;-0.000218542;-2.00513;0.140949;-0.0104379
-0.399874;-0.010052;0;-0.000218269;-2.00306;0.140805;-0.0104273
-0.399716;-0.0150761;0;-0.000217997;-2.00098;0.140662;-0.0104167
-0.399495;-0.0200977;0;-0.000217724;-1.9989;0.140518;-0.010406
-0.399211;-0.0251162;0;-0.000217451;-1.99682;0.140373;-0.0103953
-0.398864;-0.0301307;0;-0.000217178;-1.99473;0.140229;-0.0103846
-0.398453;-0.0351405;0;-0.000216904;-1.99264;0.140085;-0.0103739
-0.39798;-0.0401447;0;-0.00021663;-1.99056;0.13994;-0.0103632
-0.397445;-0.0451426;0;-0.000216357;-1.98847;0.139796;-0.0103525
-0.396846;-0.0501333;0;-0.000216083;-1.98638;0.139651;-0.0103418
-0.396185;-0.0551161;0;-0.000215809;-1.98429;0.139506;-0.0103311
-0.395461;-0.0600902;0;-0.000215535;-1.9822;0.139362;-0.0103204
-0.394674;-0.0650549;0;-0.000215259;-1.9801;0.139217;-0.0103097
-0.393826;-0.0700092;0;-0.00021445;-1.9739;0.13879;-0.010278
-0.392915;-0.0749525;0;-0.00021362;-1.96754;0.138352;-0.0102456
-0.391942;-0.079884;0;-0.000212789;-1.96118;0.137914;-0.0102132
-0.390907;-0.0848028;0;-0.000211957;-1.95482;0.137476;-0.0101807
-0.389811;-0.0897083;0;-0.000211125;-1.94845;0.137037;-0.0101482
-0.388653;-0.0945996;0;-0.000210293;-1.94207;0.136598;-0.0101157
-0.387433;-0.099476;0;-0.00020946;-1.9357;0.136159;-0.0100832
-0.386153;-0.104337;0;-0.000208627;-1.92932;0.13572;-0.0100507
-0.384811;-0.109181;0;-0.000207794;-1.92294;0.135281;-0.0100182
-0.383409;-0.114008;0;-0.000206961;-1.91657;0.134842;-0.00998567
-0.381946;-0.118817;0;-0.000206129;-1.91019;0.134403;-0.00995316
-0.380423;-0.123607;0;-0.000205297;-1.90382;0.133964;-0.00992068
-0.378839;-0.128377;0;-0.000204424;-1.89715;0.133504;-0.00988658
-0.377196;-0.133128;0;-0.000203183;-1.88774;0.132849;-0.00983807
-0.375494;-0.137857;0;-0.000201941;-1.87833;0.132193;-0.00978952
-0.373732;-0.142565;0;-0.000200698;-1.86891;0.131537;-0.00974095
-0.371911;-0.14725;0;-0.00019933;-1.85842;0.130816;-0.00968758
-0.370031;-0.151912;0;-0.000197945;-1.84779;0.130087;-0.00963355
-0.368093;-0.156549;0;-0.000196559;-1.83715;0.129357;-0.00957948
-0.366096;-0.161163;0;-0.000195172;-1.82651;0.128626;-0.00952539
-0.364042;-0.16575;0;-0.000193785;-1.81586;0.127896;-0.00947129
-0.361931;-0.170312;0;-0.000192398;-1.80521;0.127165;-0.00941719
-0.359762;-0.174846;0;-0.000191012;-1.79456;0.126435;-0.00936309
-0.357537;-0.179353;0;-0.000189625;-1.78392;0.125704;-0.009309
-0.355255;-0.183832;0;-0.000188073;-1.7722;0.124886;-0.00924838
-0.352916;-0.188282;0;-0.000186485;-1.76021;0.124048;-0.00918634
-0.350523;-0.192701;0;-0.000184826;-1.74768;0.123172;-0.0091215
-0.348074;-0.197091;0;-0.00018307;-1.73442;0.122245;-0.00905286
-0.345569;-0.201449;0;-0.000181313;-1.72115;0.121318;-0.00898419
-0.343011;-0.205776;0;-0.000179555;-1.70788;0.12039;-0.00891549
-0.340398;-0.21007;0;-0.000177797;-1.69461;0.119463;-0.00884678
-0.337731;-0.214331;0;-0.000176039;-1.68133;0.118535;-0.00877807
-0.335011;-0.218558;0;-0.000174281;-1.66806;0.117607;-0.00870937
-0.332238;-0.22275;0;-0.000172524;-1.65479;0.11668;-0.00864069
-0.329413;-0.226908;0;-0.000170767;-1.64153;0.115753;-0.00857204
-0.326536;-0.231029;0;-0.000168953;-1.62772;0.114796;-0.00850118
-0.323607;-0.235114;0;-0.000167112;-1.61371;0.113826;-0.00842934
-0.320627;-0.239162;0;-0.000165273;-1.5997;0.112856;-0.00835754
-0.317596;-0.243172;0;-0.00016343;-1.58568;0.111885;-0.00828558
-0.314515;-0.247144;0;-0.000161306;-1.56961;0.110764;-0.00820259
-0.311385;-0.251077;0;-0.000159045;-1.55251;0.109572;-0.00811434
-0.308205;-0.25497;0;-0.000156783;-1.5354;0.108379;-0.00802601
-0.304977;-0.258822;0;-0.000154519;-1.51828;0.107186;-0.00793763
-0.301701;-0.262634;0;-0.000152254;-1.50115;0.105992;-0.0078492
-0.298376;-0.266405;0;-0.000149989;-1.48401;0.104797;-0.00776074
-0.295005;-0.270133;0;-0.000147723;-1.46687;0.103602;-0.00767226
-0.291587;-0.273819;0;-0.000145456;-1.44973;0.102408;-0.00758378
-0.288124;-0.277461;0;-0.00014319;-1.43259;0.101213;-0.0074953
-0.284614;-0.28106;0;-0.000140925;-1.41546;0.100019;-0.00740686
-0.28106;-0.284614;0;-0.000138661;-1.39833;0.0988248;-0.00731845
-0.277461;-0.288124;0;-0.000136297;-1.38058;0.0975776;-0.00722609
-0.273819;-0.291587;0;-0.000133882;-1.36245;0.0963027;-0.00713168
-0.270133;-0.295005;0;-0.00013135;-1.34343;0.0949673;-0.00703278
-0.266405;-0.298376;0;-0.00012876;-1.32397;0.0936012;-0.00693161
-0.262634;-0.301701;0;-0.000126168;-1.30451;0.0922344;-0.00683039
-0.258822;-0.304977;0;-0.000123575;-1.28503;0.0908671;-0.00672914
-0.25497;-0.308205;0;-0.000120982;-1.26555;0.0894996;-0.00662787
-0.251077;-0.311385;0;-0.000118389;-1.24607;0.088132;-0.0065266
-0.247144;-0.314515;0;-0.000115796;-1.2266;0.0867647;-0.00642534
-0.243172;-0.317596;0;-0.000113204;-1.20713;0.0853977;-0.00632411
-0.239162;-0.320627;0;-0.000110614;-1.18767;0.0840314;-0.00622292
-0.235114;-0.323607;0;-0.000108024;-1.16822;0.0826658;-0.0061218
-0.231029;-0.326536;0;-0.000105437;-1.14878;0.0813013;-0.00602075
-0.226908;-0.329413;0;-0.000102786;-1.12888;0.0799031;-0.00591721
-0.22275;-0.332238;0;-9.99694e-05;-1.10773;0.0784172;-0.00580717
-0.218558;-0.335011;0;-9.70947e-05;-1.08622;0.0769012;-0.0056949
-0.214331;-0.337731;0;-9.41921e-05;-1.0645;0.0753704;-0.00558154
-0.21007;-0.340398;0;-9.12881e-05;-1.04278;0.073839;-0.00546813
-0.205776;-0.343011;0;-8.8383e-05;-1.02104;0.0723069;-0.00535467
-0.201449;-0.345569;0;-8.54773e-05;-0.9993;0.0707746;-0.0052412
-0.197091;-0.348074;0;-8.25716e-05;-0.977559;0.0692422;-0.00512772
-0.192701;-0.350523;0;-7.96662e-05;-0.955821;0.06771;-0.00501425
-0.188282;-0.352916;0;-7.67616e-05;-0.934088;0.0661783;-0.00490082
-0.183832;-0.355255;0;-7.38583e-05;-0.912366;0.0646472;-0.00478743
-0.179353;-0.357537;0;-7.09567e-05;-0.890656;0.063117;-0.00467411
-0.174846;-0.359762;0;-6.80573e-05;-0.868962;0.061588;-0.00456088
-0.170312;-0.361931;0;-6.5053e-05;-0.846535;0.0600028;-0.0044435
-0.16575;-0.364042;0;-6.19484e-05;-0.823382;0.0583655;-0.00432224
-0.161163;-0.366096;0;-5.88118e-05;-0.799993;0.0567114;-0.00419975
-0.156549;-0.368093;0;-5.56731e-05;-0.776588;0.0550562;-0.00407718
-0.151912;-0.370031;0;-5.2533e-05;-0.753172;0.0534002;-0.00395454
-0.14725;-0.371911;0;-4.93918e-05;-0.729749;0.0517437;-0.00383187
-0.142565;-0.373732;0;-4.625e-05;-0.706321;0.0500869;-0.00370917
-0.137857;-0.375494;0;-4.31082e-05;-0.682893;0.0484301;-0.00358648
-0.133128;-0.377196;0;-3.99669e-05;-0.659468;0.0467735;-0.0034638
-0.128377;-0.378839;0;-3.68265e-05;-0.63605;0.0451174;-0.00334116
-0.123607;-0.380423;0;-3.36875e-05;-0.612643;0.0434621;-0.00321857
-0.118817;-0.381946;0;-3.05505e-05;-0.58925;0.0418077;-0.00309606
-0.114008;-0.383409;0;-2.74159e-05;-0.565876;0.0401547;-0.00297365
-0.109181;-0.384811;0;-2.42874e-05;-0.542548;0.0385049;-0.00285147
-0.104337;-0.386153;0;-2.10103e-05;-0.51816;0.0367765;-0.00272348
-0.099476;-0.387433;0;-1.77257e-05;-0.493721;0.0350444;-0.0025952
-0.0945996;-0.388653;0;-1.44393e-05;-0.469269;0.0333113;-0.00246686
-0.0897083;-0.389811;0;-1.11515e-05;-0.444808;0.0315775;-0.00233846
-0.0848028;-0.390907;0;-7.86524e-06;-0.420355;0.0298445;-0.00221013
-0.079884;-0.391942;0;-4.57286e-06;-0.395854;0.0281083;-0.00208156
-0.0749525;-0.392915;0;-1.27834e-06;-0.371337;0.026371;-0.0019529
-0.0700092;-0.393826;0;2.0157e-06;-0.346822;0.024634;-0.00182426
-0.0650549;-0.394674;0;5.30875e-06;-0.322316;0.0228974;-0.00169566
-0.0600902;-0.395461;0;8.60029e-06;-0.29782;0.0211617;-0.00156712
-0.0551161;-0.396185;0;1.18898e-05;-0.273339;0.019427;-0.00143866
-0.0501333;-0.396846;0;1.52099e-05;-0.24868;0.0176762;-0.00130901
-0.0451426;-0.397445;0;1.85599e-05;-0.223778;0.0159096;-0.00117818
-0.0401447;-0.39798;0;2.19119e-05;-0.198862;0.014142;-0.00104728
-0.0351405;-0.398453;0;2.52652e-05;-0.173936;0.0123737;-0.000916329
-0.0301307;-0.398864;0;2.86138e-05;-0.149045;0.0106078;-0.000785556
-0.0251162;-0.399211;0;3.19704e-05;-0.124094;0.00883774;-0.000654477
-0.0200977;-0.399495;0;3.53271e-05;-0.0991422;0.00706759;-0.000523389
-0.0150761;-0.399716;0;3.86835e-05;-0.0741924;0.0052976;-0.000392313
-0.010052;-0.399874;0;4.20391e-05;-0.0492488;0.00352806;-0.000261269
-0.00502642;-0.399968;0;4.53934e-05;-0.0243153;0.00175923;-0.000130279
-7.34788e-17;-0.4;0;4.87457e-05;0.000604132;-8.59414e-06;6.36437e-07
0.00502642;-0.399968;0;5.20718e-05;0.0253267;-0.00176255;0.000130525
0.010052;-0.399874;0;5.54115e-05;0.0501456;-0.00352358;0.000260938
0.0150761;-0.399716;0;5.87539e-05;0.0749853;-0.00528607;0.000391459
0.0200977;-0.399495;0;6.20986e-05;0.0998417;-0.00704976;0.000522068
0.0251162;-0.399211;0;6.54451e-05;0.124711;-0.00881435;0.000652745
0.0301307;-0.398864;0;6.87927e-05;0.149589;-0.0105796;0.000783468
0.0351405;-0.398453;0;7.2141e-05;0.174473;-0.0123452;0.000914217
0.0401447;-0.39798;0;7.54894e-05;0.199357;-0.0141108;0.00104497
0.0451426;-0.397445;0;7.88375e-05;0.224238;-0.0158763;0.00117571
0.0501333;-0.396846;0;8.21846e-05;0.249113;-0.0176412;0.00130642
0.0551161;-0.396185;0;8.55121e-05;0.273841;-0.0193968;0.00143643
0.0600902;-0.395461;0;8.88512e-05;0.298654;-0.0211586;0.00156689
0.0650549;-0.394674;0;9.21041e-05;0.322884;-0.022874;0.00169393
0.0700092;-0.393826;0;9.54089e-05;0.347503;-0.0246166;0.00182298
0.0749525;-0.392915;0;9.8714e-05;0.372123;-0.0263595;0.00195204
0.079884;-0.391942;0;0.000102019;0.396743;-0.0281022;0.0020811
0.0848028;-0.390907;0;0.000105251;0.420799;-0.0298068;0.00220734
0.0897083;-0.389811;0;0.000108509;0.445015;-0.031525;0.00233457
0.0945996;-0.388653;0;0.000111768;0.469238;-0.0332436;0.00246184
0.099476;-0.387433;0;0.000115027;0.493463;-0.0349623;0.00258913
0.104337;-0.386153;0;0.000118286;0.517688;-0.036681;0.0027164
0.109181;-0.384811;0;0.000121544;0.541907;-0.0383994;0.00284366
0.114008;-0.383409;0;0.000124801;0.566117;-0.0401171;0.00297086
0.118817;-0.381946;0;0.000127913;0.589309;-0.0417579;0.00309237
0.123607;-0.380423;0;0.00013106;0.612807;-0.0434175;0.00321527
0.128377;-0.378839;0;0.00013421;0.636317;-0.0450781;0.00333825
0.133128;-0.377196;0;0.00013736;0.659836;-0.0467392;0.00346126
0.137857;-0.375494;0;0.000140511;0.68336;-0.0484007;0.0035843
0.142565;-0.373732;0;0.000143662;0.706885;-0.0500623;0.00370735
0.14725;-0.371911;0;0.000146813;0.730407;-0.0517237;0.00383039
0.151912;-0.370031;0;0.000149963;0.753923;-0.0533847;0.00395339
0.156549;-0.368093;0;0.000153111;0.777429;-0.0550449;0.00407634
0.161163;-0.366096;0;0.000156258;0.800922;-0.0567042;0.00419922
0.16575;-0.364042;0;0.000159403;0.824396;-0.0583623;0.00432201
0.170312;-0.361931;0;0.000162491;0.847417;-0.0599911;0.00444263
0.174846;-0.359762;0;0.000165494;0.869784;-0.0615742;0.00455987
0.179353;-0.357537;0;0.000168407;0.891598;-0.0631103;0.00467362
0.183832;-0.355255;0;0.000171321;0.913427;-0.0646473;0.00478744
0.188282;-0.352916;0;0.000174238;0.935267;-0.0661852;0.00490133
0.192701;-0.350523;0;0.000177155;0.957113;-0.0677235;0.00501525
0.197091;-0.348074;0;0.000180073;0.978964;-0.0692622;0.00512919
0.201449;-0.345569;0;0.000182991;1.00081;-0.0708008;0.00524314
0.205776;-0.343011;0;0.000185909;1.02266;-0.0723393;0.00535707
0.21007;-0.340398;0;0.000188825;1.0445;-0.0738774;0.00547097
0.214331;-0.337731;0;0.000191741;1.06634;-0.0754147;0.00558482
0.218558;-0.335011;0;0.000194654;1.08815;-0.0769512;0.0056986
0.22275;-0.332238;0;0.000197566;1.10995;-0.0784864;0.00581229
0.226908;-0.329413;0;0.000200358;1.13085;-0.0799582;0.00592129
0.231029;-0.326536;0;0.000202959;1.15041;-0.0813299;0.00602287
0.235114;-0.323607;0;0.000205562;1.16999;-0.0827027;0.00612453
0.239162;-0.320627;0;0.000208167;1.18958;-0.0840764;0.00622626
0.243172;-0.317596;0;0.000210774;1.20918;-0.0854509;0.00632804
0.247144;-0.314515;0;0.000213381;1.22879;-0.0868258;0.00642986
0.251077;-0.311385;0;0.000215989;1.2484;-0.088201;0.0065317
0.25497;-0.308205;0;0.000218597;1.26801;-0.0895762;0.00663354
0.258822;-0.304977;0;0.000221205;1.28762;-0.0909513;0.00673537
0.262634;-0.301701;0;0.000223812;1.30723;-0.0923259;0.00683717
0.266405;-0.298376;0;0.000226418;1.32682;-0.0937;0.00693893
0.270133;-0.295005;0;0.000229022;1.3464;-0.0950732;0.00704062
0.273819;-0.291587;0;0.000231624;1.36597;-0.0964454;0.00714224
0.277461;-0.288124;0;0.000234178;1.38515;-0.0977921;0.00724197
0.28106;-0.284614;0;0.000236473;1.40244;-0.0990023;0.00733159
0.284614;-0.28106;0;0.000238713;1.41936;-0.100184;0.00741908
0.288124;-0.277461;0;0.000240955;1.4363;-0.101366;0.00750662
0.291587;-0.273819;0;0.000243197;1.45324;-0.102548;0.00759419
0.295005;-0.270133;0;0.00024544;1.47018;-0.103731;0.00768178
0.298376;-0.266405;0;0.000247683;1.48712;-0.104914;0.00776937
0.301701;-0.262634;0;0.000249926;1.50407;-0.106096;0.00785695
0.304977;-0.258822;0;0.000252168;1.521;-0.107279;0.00794451
0.308205;-0.25497;0;0.00025441;1.53793;-0.108461;0.00803203
0.311385;-0.251077;0;0.000256649;1.55485;-0.109642;0.0081195
0.314515;-0.247144;0;0.000258888;1.57175;-0.110822;0.0082069
0.317596;-0.243172;0;0.000261051;1.58809;-0.111963;0.00829136
0.320627;-0.239162;0;0.000262861;1.60182;-0.112917;0.00836205
0.323607;-0.235114;0;0.000264673;1.61556;-0.113872;0.00843279
0.326536;-0.231029;0;0.000266485;1.62931;-0.114828;0.00850359
0.329413;-0.226908;0;0.000268299;1.64306;-0.115785;0.00857442
0.332238;-0.22275;0;0.000270114;1.65682;-0.116742;0.00864527
0.335011;-0.218558;0;0.000271928;1.67058;-0.117699;0.00871614
0.337731;-0.214331;0;0.000273743;1.68434;-0.118656;0.00878701
0.340398;-0.21007;0;0.000275558;1.6981;-0.119613;0.00885788
0.343011;-0.205776;0;0.000277372;1.71186;-0.120569;0.00892872
0.345569;-0.201449;0;0.000279185;1.72561;-0.121525;0.00899954
0.348074;-0.197091;0;0.000280997;1.73935;-0.122481;0.00907031
0.350523;-0.192701;0;0.000282808;1.75308;-0.123436;0.00914103
0.352916;-0.188282;0;0.000284618;1.7668;-0.12439;0.00921168
0.355255;-0.183832;0;0.000286193;1.77875;-0.125221;0.00927322
0.357537;-0.179353;0;0.000287539;1.78902;-0.125931;0.00932575
0.359762;-0.174846;0;0.000288885;1.79929;-0.12664;0.00937831
0.361931;-0.170312;0;0.000290172;1.80904;-0.127319;0.00942856
0.364042;-0.16575;0;0.000291449;1.81872;-0.127993;0.00947845
0.366096;-0.161163;0;0.000292726;1.82841;-0.128667;0.00952837
0.368093;-0.156549;0;0.000294004;1.83809;-0.129341;0.00957829
0.370031;-0.151912;0;0.000295281;1.84778;-0.130015;0.0096282
0.371911;-0.14725;0;0.000296558;1.85746;-0.130689;0.00967811
0.373732;-0.142565;0;0.000297835;1.86714;-0.131362;0.009728
0.375494;-0.137857;0;0.000299111;1.87681;-0.132036;0.00977786
0.377196;-0.133128;0;0.000300386;1.88647;-0.132708;0.00982769
0.378839;-0.128377;0;0.000301655;1.89611;-0.133378;0.00987726
0.380423;-0.123607;0;0.000302799;1.90485;-0.133981;0.00992192
0.381946;-0.118817;0;0.000303626;1.91121;-0.134416;0.00995418
0.383409;-0.114008;0;0.000304453;1.91758;-0.134852;0.00998645
0.384811;-0.109181;0;0.000305281;1.92394;-0.135288;0.0100187
0.386153;-0.104337;0;0.000306066;1.92996;-0.135702;0.0100494
0.387433;-0.099476;0;0.000306772;1.93528;-0.136075;0.010077
0.388653;-0.0945996;0;0.000307478;1.94061;-0.136448;0.0101047
0.389811;-0.0897083;0;0.000308185;1.94593;-0.136822;0.0101323
0.390907;-0.0848028;0;0.000308891;1.95126;-0.137195;0.0101599
0.391942;-0.079884;0;0.000309598;1.95658;-0.137568;0.0101876
0.392915;-0.0749525;0;0.000310304;1.96191;-0.137941;0.0102152
0.393826;-0.0700092;0;0.00031101;1.96723;-0.138314;0.0102428
0.394674;-0.0650549;0;0.000311715;1.97254;-0.138687;0.0102704
0.395461;-0.0600902;0;0.00031242;1.97785;-0.139059;0.010298
0.396185;-0.0551161;0;0.000312849;1.98117;-0.139285;0.0103147
0.396846;-0.0501333;0;0.000313171;1.98371;-0.139453;0.0103272
0.397445;-0.0451426;0;0.000313492;1.98626;-0.139622;0.0103396
0.39798;-0.0401447;0;0.000313718;1.98797;-0.13974;0.0103484
0.398453;-0.0351405;0;0.000313863;1.989;-0.139818;0.0103542
0.398864;-0.0301307;0;0.000314008;1.99002;-0.139895;0.0103599
0.399211;-0.0251162;0;0.000314154;1.99104;-0.139973;0.0103657
0.399495;-0.0200977;0;0.000314299;1.99207;-0.14005;0.0103714
0.399716;-0.0150761;0;0.000314444;1.99309;-0.140128;0.0103771
0.399874;-0.010052;0;0.00031459;1.99411;-0.140206;0.0103829
0.399968;-0.00502642;0;0.000314735;1.99514;-0.140283;0.0103886
