0.4;0;0;0.00025175;1.86941;-0.140359;0.0103943
0.399968;0.00502642;0;0.000251607;1.86833;-0.140279;0.0103883
0.399874;0.010052;0;0.000251461;1.86723;-0.140196;0.0103822
0.399716;0.0150761;0;0.000251315;1.86614;-0.140114;0.0103761
0.399495;0.0200977;0;0.000251168;1.86504;-0.140032;0.01037
0.399211;0.0251162;0;0.000251022;1.86394;-0.13995;0.0103639
0.398864;0.0301307;0;0.000250876;1.86284;-0.139867;0.0103578
0.398453;0.0351405;0;0.00025073;1.86174;-0.139785;0.0103518
0.39798;0.0401447;0;0.000250584;1.86065;-0.139703;0.0103457
0.397445;0.0451426;0;0.000250316;1.85861;-0.139552;0.0103345
0.396846;0.0501333;0;0.000249983;1.85608;-0.139365;0.0103206
0.396185;0.0551161;0;0.00024965;1.85356;-0.139178;0.0103068
0.395461;0.0600902;0;0.000249317;1.85103;-0.138991;0.0102929
0.394674;0.0650549;0;0.00024872;1.84649;-0.138655;0.0102681
0.393826;0.0700092;0;0.000248067;1.84153;-0.138289;0.0102409
0.392915;0.0749525;0;0.000247414;1.83656;-0.137921;0.0102137
0.391942;0.079884;0;0.00024676;1.83159;-0.137554;0.0101866
0.390907;0.0848028;0;0.000246106;1.82662;-0.137187;0.0101594
0.389811;0.0897083;0;0.000245452;1.82165;-0.13682;0.0101321
0.388653;0.0945996;0;0.000244798;1.81668;-0.136452;0.0101049
0.387433;0.099476;0;0.000244145;1.81171;-0.136085;0.0100777
0.386153;0.104337;0;0.000243455;1.80647;-0.135698;0.0100491
0.384811;0.109181;0;0.00024265;1.80034;-0.135245;0.0100156
0.383409;0.114008;0;0.000241844;1.79421;-0.134793;0.00998205
0.381946;0.118817;0;0.000241039;1.78808;-0.134341;0.00994855
0.380423;0.123607;0;0.000240234;1.78195;-0.133888;0.00991507
0.378839;0.128377;0;0.000239187;1.77399;-0.1333;0.0098715
0.377196;0.133128;0;0.000237982;1.76485;-0.132623;0.0098214
0.375494;0.137857;0;0.000236783;1.75574;-0.13195;0.00977152
0.373732;0.142565;0;0.000235584;1.74663;-0.131276;0.00972165
0.371911;0.14725;0;0.000234384;1.73752;-0.130603;0.00967174
0.370031;0.151912;0;0.000233184;1.7284;-0.129929;0.00962182
0.368093;0.156549;0;0.000231983;1.71929;-0.129254;0.0095719
0.366096;0.161163;0;0.000230783;1.71017;-0.12858;0.00952197
0.364042;0.16575;0;0.000229583;1.70106;-0.127906;0.00947204
0.361931;0.170312;0;0.000228383;1.69194;-0.127232;0.00942214
0.359762;0.174846;0;0.000227183;1.68283;-0.126558;0.00937225
0.357537;0.179353;0;0.000225985;1.67373;-0.125885;0.0093224
0.355255;0.183832;0;0.000224787;1.66463;-0.125212;0.00927258
0.352916;0.188282;0;0.000223338;1.65366;-0.124399;0.00921231
0.350523;0.192701;0;0.000221642;1.64082;-0.123446;0.00914176
0.348074;0.197091;0;0.000219944;1.62798;-0.122492;0.00907114
0.345569;0.201449;0;0.000218245;1.61512;-0.121538;0.00900047
0.343011;0.205776;0;0.000216545;1.60226;-0.120583;0.00892976
0.340398;0.21007;0;0.000214844;1.58939;-0.119628;0.00885902
0.337731;0.214331;0;0.000213142;1.57652;-0.118672;0.00878826
0.335011;0.218558;0;0.000211441;1.56365;-0.117717;0.00871749
0.332238;0.22275;0;0.000209739;1.55077;-0.116761;0.00864672
0.329413;0.226908;0;0.000208038;1.5379;-0.115806;0.00857597
0.326536;0.231029;0;0.000206338;1.52504;-0.114851;0.00850524
0.323607;0.235114;0;0.000204636;1.51216;-0.113895;0.00843446
0.320627;0.239162;0;0.000202929;1.49925;-0.112936;0.00836348
0.317596;0.243172;0;0.000201224;1.48635;-0.111979;0.00829255
0.314515;0.247144;0;0.000199274;1.47164;-0.110883;0.00821144
0.311385;0.251077;0;0.000197176;1.45584;-0.109705;0.00812417
0.308205;0.25497;0;0.000195076;1.44002;-0.108526;0.00803684
0.304977;0.258822;0;0.000192974;1.42419;-0.107345;0.0079494
0.301701;0.262634;0;0.000190868;1.40833;-0.106163;0.00786184
0.298376;0.266405;0;0.000188761;1.39246;-0.104979;0.0077742
0.295005;0.270133;0;0.000186651;1.37657;-0.103794;0.00768645
0.291587;0.273819;0;0.000184542;1.36068;-0.102609;0.0075987
0.288124;0.277461;0;0.000182432;1.34479;-0.101424;0.00751096
0.284614;0.28106;0;0.000180324;1.32891;-0.10024;0.00742326
0.28106;0.284614;0;0.000178216;1.31304;-0.0990564;0.0073356
0.277461;0.288124;0;0.000176076;1.29693;-0.0978542;0.00724657
0.273819;0.291587;0;0.000173636;1.27864;-0.096484;0.0071451
0.270133;0.295005;0;0.000171194;1.26033;-0.0951124;0.00704353
0.266405;0.298376;0;0.00016875;1.24201;-0.0937398;0.00694188
0.262634;0.301701;0;0.000166305;1.22368;-0.0923665;0.00684018
0.258822;0.304977;0;0.000163859;1.20535;-0.0909925;0.00673842
0.25497;0.308205;0;0.000161412;1.187;-0.0896181;0.00663665
0.251077;0.311385;0;0.000158963;1.16865;-0.088243;0.00653481
0.247144;0.314515;0;0.000156515;1.15029;-0.0868677;0.00643296
0.243172;0.317596;0;0.000154064;1.13192;-0.0854912;0.00633103
0.239162;0.320627;0;0.000151614;1.11355;-0.0841153;0.00622914
0.235114;0.323607;0;0.000149165;1.0952;-0.08274;0.00612729
0.231029;0.326536;0;0.000146718;1.07685;-0.0813655;0.0060255
0.226908;0.329413;0;0.000144273;1.05852;-0.0799922;0.0059238
0.22275;0.332238;0;0.000141677;1.03911;-0.078534;0.00581581
0.218558;0.335011;0;0.000138942;1.0187;-0.0769981;0.00570208
0.214331;0.337731;0;0.000136206;0.998277;-0.0754611;0.00558825
0.21007;0.340398;0;0.000133468;0.977841;-0.0739231;0.00547436
0.205776;0.343011;0;0.000130728;0.957395;-0.0723844;0.00536041
0.201449;0.345569;0;0.000127988;0.936944;-0.0708453;0.00524643
0.197091;0.348074;0;0.000125247;0.916489;-0.0693059;0.00513243
0.192701;0.350523;0;0.000122506;0.896034;-0.0677666;0.00501844
0.188282;0.352916;0;0.000119766;0.875583;-0.0662275;0.00490446
0.183832;0.355255;0;0.000117027;0.855139;-0.0646889;0.00479052
0.179353;0.357537;0;0.000114289;0.834705;-0.0631511;0.00467664
0.174846;0.359762;0;0.000111553;0.814284;-0.0616143;0.00456283
0.170312;0.361931;0;0.000108781;0.793619;-0.0600577;0.00444756
0.16575;0.364042;0;0.000105825;0.771627;-0.0583972;0.00432459
0.161163;0.366096;0;0.000102854;0.749528;-0.0567286;0.00420102
0.156549;0.368093;0;9.98801e-05;0.727405;-0.0550583;0.00407733
0.151912;0.370031;0;9.69037e-05;0.705264;-0.0533865;0.00395353
0.14725;0.371911;0;9.39252e-05;0.683108;-0.0517137;0.00382964
0.142565;0.373732;0;9.09452e-05;0.66094;-0.0500399;0.00370569
0.137857;0.375494;0;8.7964e-05;0.638763;-0.0483654;0.00358169
0.133128;0.377196;0;8.49822e-05;0.616582;-0.0466906;0.00345766
0.128377;0.378839;0;8.20002e-05;0.594399;-0.0450158;0.00333363
0.123607;0.380423;0;7.90184e-05;0.572218;-0.043341;0.00320961
0.118817;0.381946;0;7.61099e-05;0.550609;-0.0417074;0.00308863
0.114008;0.383409;0;7.30571e-05;0.527958;-0.0399927;0.00296165
0.109181;0.384811;0;7.0003e-05;0.505297;-0.0382773;0.00283462
0.104337;0.386153;0;6.69481e-05;0.48263;-0.0365614;0.00270755
0.099476;0.387433;0;6.38927e-05;0.45996;-0.0348454;0.00258046
0.0945996;0.388653;0;6.08375e-05;0.437291;-0.0331293;0.00245338
0.0897083;0.389811;0;5.77829e-05;0.414626;-0.0314136;0.00232633
0.0848028;0.390907;0;5.47294e-05;0.39197;-0.0296985;0.00219932
0.079884;0.391942;0;5.16774e-05;0.369325;-0.0279843;0.00207237
0.0749525;0.392915;0;4.86275e-05;0.346695;-0.0262713;0.00194551
0.0700092;0.393826;0;4.55801e-05;0.324084;-0.0245596;0.00181876
0.0650549;0.394674;0;4.25356e-05;0.301495;-0.0228497;0.00169213
0.0600902;0.395461;0;3.94947e-05;0.278932;-0.0211417;0.00156564
0.0551161;0.396185;0;3.64578e-05;0.256398;-0.0194359;0.00143932
0.0501333;0.396846;0;3.3333e-05;0.233239;-0.0176808;0.00130935
0.0451426;0.397445;0;3.01917e-05;0.209962;-0.0159164;0.00117869
0.0401447;0.39798;0;2.70469e-05;0.186658;-0.0141501;0.00104788
0.0351405;0.398453;0;2.3899e-05;0.163332;-0.012382;0.000916944
0.0301307;0.398864;0;2.07485e-05;0.139986;-0.0106124;0.0007859
0.0251162;0.399211;0;1.75958e-05;0.116625;-0.00884168;0.000654768
0.0200977;0.399495;0;1.44416e-05;0.0932515;-0.00707004;0.00052357
0.0150761;0.399716;0;1.12863e-05;0.0698701;-0.00529779;0.000392326
0.010052;0.399874;0;8.13036e-06;0.0464843;-0.00352519;0.000261057
0.00502642;0.399968;0;4.97433e-06;0.0230976;-0.00175254;0.000129784
2.44929e-17;0.4;0;1.81869e-06;-0.00028612;1.98971e-05;-1.47348e-06
-0.00502642;0.399968;0;-1.33607e-06;-0.0236633;0.00179183;-0.000132694
-0.010052;0.399874;0;-4.48943e-06;-0.0470301;0.00356299;-0.000263856
-0.0150761;0.399716;0;-7.64091e-06;-0.070383;0.00533308;-0.00039494
-0.0200977;0.399495;0;-1.079e-05;-0.0937182;0.00710184;-0.000525925
-0.0251162;0.399211;0;-1.39362e-05;-0.117032;0.00886897;-0.00065679
-0.0301307;0.398864;0;-1.7079e-05;-0.140321;0.0106342;-0.000787514
-0.0351405;0.398453;0;-2.01916e-05;-0.163387;0.0123824;-0.000916979
-0.0401447;0.39798;0;-2.32907e-05;-0.186364;0.0141232;-0.00104589
-0.0451426;0.397445;0;-2.63903e-05;-0.209351;0.0158641;-0.00117481
-0.0501333;0.396846;0;-2.94924e-05;-0.232357;0.0176065;-0.00130384
-0.0551161;0.396185;0;-3.25965e-05;-0.255377;0.01935;-0.00143296
-0.0600902;0.395461;0;-3.57021e-05;-0.278409;0.0210943;-0.00156214
-0.0650549;0.394674;0;-3.88088e-05;-0.301448;0.0228392;-0.00169135
-0.0700092;0.393826;0;-4.1916e-05;-0.324491;0.0245844;-0.00182059
-0.0749525;0.392915;0;-4.50232e-05;-0.347534;0.0263297;-0.00194984
-0.079884;0.391942;0;-4.81299e-05;-0.370574;0.0280746;-0.00207906
-0.0848028;0.390907;0;-5.12357e-05;-0.393607;0.0298191;-0.00220825
-0.0897083;0.389811;0;-5.43401e-05;-0.416629;0.0315627;-0.00233737
-0.0945996;0.388653;0;-5.74426e-05;-0.439637;0.0333053;-0.00246642
-0.099476;0.387433;0;-6.05426e-05;-0.462627;0.0350465;-0.00259536
-0.104337;0.386153;0;-6.35997e-05;-0.48531;0.0367636;-0.00272252
-0.109181;0.384811;0;-6.65806e-05;-0.507458;0.0384379;-0.00284651
-0.114008;0.383409;0;-6.95378e-05;-0.529448;0.0400989;-0.00296951
-0.118817;0.381946;0;-7.24972e-05;-0.551454;0.0417611;-0.00309261
-0.123607;0.380423;0;-7.54586e-05;-0.573474;0.0434244;-0.00321578
-0.128377;0.378839;0;-7.84212e-05;-0.595505;0.0450885;-0.00333901
-0.133128;0.377196;0;-8.13848e-05;-0.617541;0.046753;-0.00346228
-0.137857;0.375494;0;-8.43487e-05;-0.639581;0.0484178;-0.00358557
-0.142565;0.373732;0;-8.73126e-05;-0.66162;0.0500825;-0.00370885
-0.14725;0.371911;0;-9.0276e-05;-0.683656;0.051747;-0.00383211
-0.151912;0.370031;0;-9.3226e-05;-0.705591;0.0534039;-0.00395481
-0.156549;0.368093;0;-9.61771e-05;-0.727533;0.0550614;-0.00407756
-0.161163;0.366096;0;-9.91266e-05;-0.749462;0.0567181;-0.00420024
-0.16575;0.364042;0;-0.000102074;-0.771377;0.0583736;-0.00432284
-0.170312;0.361931;0;-0.000105019;-0.793273;0.0600277;-0.00444534
-0.174846;0.359762;0;-0.000107851;-0.814354;0.0616183;-0.00456313
-0.179353;0.357537;0;-0.000110571;-0.83465;0.0631459;-0.00467625
-0.183832;0.355255;0;-0.000113292;-0.854961;0.0646746;-0.00478947
-0.188282;0.352916;0;-0.000116016;-0.875284;0.0662043;-0.00490274
-0.192701;0.350523;0;-0.00011874;-0.895616;0.0677347;-0.00501608
-0.197091;0.348074;0;-0.000121466;-0.915954;0.0692655;-0.00512944
-0.201449;0.345569;0;-0.000124192;-0.936294;0.0707965;-0.00524281
-0.205776;0.343011;0;-0.000126917;-0.956634;0.0723274;-0.00535619
-0.21007;0.340398;0;-0.000129643;-0.97697;0.0738581;-0.00546954
-0.214331;0.337731;0;-0.000132367;-0.997299;0.0753882;-0.00558285
-0.218558;0.335011;0;-0.00013509;-1.01762;0.0769175;-0.00569611
-0.22275;0.332238;0;-0.000137776;-1.03767;0.0784266;-0.00580786
-0.226908;0.329413;0;-0.000140424;-1.05746;0.0799138;-0.00591799
-0.231029;0.326536;0;-0.000142836;-1.07554;0.0812685;-0.00601832
-0.235114;0.323607;0;-0.000145282;-1.09387;0.082642;-0.00612004
-0.239162;0.320627;0;-0.000147728;-1.11221;0.0840164;-0.00622182
-0.243172;0.317596;0;-0.000150177;-1.13056;0.0853915;-0.00632365
-0.247144;0.314515;0;-0.000152626;-1.14891;0.0867671;-0.00642552
-0.251077;0.311385;0;-0.000155075;-1.16727;0.0881429;-0.0065274
-0.25497;0.308205;0;-0.000157525;-1.18563;0.0895188;-0.00662929
-0.258822;0.304977;0;-0.000159974;-1.20399;0.0908945;-0.00673117
-0.262634;0.301701;0;-0.000162423;-1.22234;0.0922698;-0.00683302
-0.266405;0.298376;0;-0.00016487;-1.24069;0.0936446;-0.00693483
-0.270133;0.295005;0;-0.000167316;-1.25902;0.0950184;-0.00703657
-0.273819;0.291587;0;-0.000169761;-1.27734;0.0963913;-0.00713823
-0.277461;0.288124;0;-0.000172056;-1.29455;0.0976803;-0.00723369
-0.28106;0.284614;0;-0.000174241;-1.31096;0.0989075;-0.00732457
-0.284614;0.28106;0;-0.000176362;-1.32694;0.100099;-0.0074128
-0.288124;0.277461;0;-0.000178484;-1.34291;0.101291;-0.00750106
-0.291587;0.273819;0;-0.000180606;-1.3589;0.102483;-0.00758935
-0.295005;0.270133;0;-0.000182729;-1.37488;0.103675;-0.00767765
-0.298376;0.266405;0;-0.000184852;-1.39087;0.104868;-0.00776595
-0.301701;0.262634;0;-0.000186974;-1.40685;0.10606;-0.00785423
-0.304977;0.258822;0;-0.000189096;-1.42282;0.107251;-0.00794248
-0.308205;0.25497;0;-0.000191217;-1.43879;0.108443;-0.00803068
-0.311385;0.251077;0;-0.000193336;-1.45475;0.109633;-0.00811883
-0.314515;0.247144;0;-0.000195453;-1.47069;0.110822;-0.00820691
-0.317596;0.243172;0;-0.00019743;-1.48559;0.111932;-0.00828912
-0.320627;0.239162;0;-0.000199141;-1.49853;0.112893;-0.00836027
-0.323607;0.235114;0;-0.000200853;-1.51147;0.113855;-0.00843148
-0.326536;0.231029;0;-0.000202566;-1.52443;0.114817;-0.00850273
-0.329413;0.226908;0;-0.00020428;-1.53739;0.115779;-0.00857402
-0.332238;0.22275;0;-0.000205994;-1.55036;0.116742;-0.00864533
-0.335011;0.218558;0;-0.000207708;-1.56333;0.117705;-0.00871664
-0.337731;0.214331;0;-0.000209396;-1.57609;0.118653;-0.00878685
-0.340398;0.21007;0;-0.000211085;-1.58886;0.119602;-0.0088571
-0.343011;0.205776;0;-0.000212774;-1.60163;0.12055;-0.00892733
-0.345569;0.201449;0;-0.000214462;-1.61439;0.121498;-0.00899753
-0.348074;0.197091;0;-0.000216149;-1.62715;0.122446;-0.0090677
-0.350523;0.192701;0;-0.000217834;-1.6399;0.123393;-0.00913782
-0.352916;0.188282;0;-0.000219519;-1.65263;0.124339;-0.00920789
-0.355255;0.183832;0;-0.000221039;-1.66414;0.125193;-0.00927114
-0.357537;0.179353;0;-0.000222296;-1.67368;0.125899;-0.0093234
-0.359762;0.174846;0;-0.000223557;-1.68325;0.126607;-0.00937587
-0.361931;0.170312;0;-0.000224819;-1.69283;0.127316;-0.00942835
-0.364042;0.16575;0;-0.000226081;-1.70241;0.128025;-0.00948083
-0.366096;0.161163;0;-0.000227343;-1.71199;0.128733;-0.00953332
-0.368093;0.156549;0;-0.000228604;-1.72157;0.129442;-0.00958579
-0.370031;0.151912;0;-0.000229865;-1.73114;0.13015;-0.00963825
-0.371911;0.14725;0;-0.000231126;-1.74071;0.130858;-0.00969067
-0.373732;0.142565;0;-0.000232385;-1.75028;0.131566;-0.00974307
-0.375494;0.137857;0;-0.000233644;-1.75983;0.132273;-0.00979542
-0.377196;0.133128;0;-0.000234865;-1.7691;0.132958;-0.00984621
-0.378839;0.128377;0;-0.000235716;-1.77558;0.133437;-0.00988161
-0.380423;0.123607;0;-0.000236504;-1.78157;0.133879;-0.00991436
-0.381946;0.118817;0;-0.000237291;-1.78757;0.134321;-0.00994712
-0.383409;0.114008;0;-0.000238079;-1.79357;0.134764;-0.00997991
-0.384811;0.109181;0;-0.000238868;-1.79957;0.135207;-0.0100127
-0.386153;0.104337;0;-0.000239657;-1.80558;0.13565;-0.0100455
-0.387433;0.099476;0;-0.000240445;-1.81158;0.136093;-0.0100783
-0.388653;0.0945996;0;-0.000241234;-1.81758;0.136536;-0.0101111
-0.389811;0.0897083;0;-0.000242022;-1.82359;0.136978;-0.0101439
-0.390907;0.0848028;0;-0.00024281;-1.82958;0.137421;-0.0101767
-0.391942;0.079884;0;-0.000243598;-1.83558;0.137863;-0.0102094
-0.392915;0.0749525;0;-0.000244384;-1.84157;0.138305;-0.0102422
-0.393826;0.0700092;0;-0.000245171;-1.84755;0.138747;-0.0102749
-0.394674;0.0650549;0;-0.00024595;-1.85349;0.139184;-0.0103073
-0.395461;0.0600902;0;-0.000246259;-1.85584;0.139358;-0.0103201
-0.396185;0.0551161;0;-0.000246519;-1.85783;0.139504;-0.0103309
-0.396846;0.0501333;0;-0.000246779;-1.85981;0.13965;-0.0103418
-0.397445;0.0451426;0;-0.00024704;-1.8618;0.139797;-0.0103526
-0.39798;0.0401447;0;-0.0002473;-1.86378;0.139943;-0.0103634
-0.398453;0.0351405;0;-0.000247554;-1.86571;0.140085;-0.010374
-0.398864;0.0301307;0;-0.0002478;-1.86759;0.140223;-0.0103842
-0.399211;0.0251162;0;-0.000248044;-1.86945;0.140361;-0.0103944
-0.399495;0.0200977;0;-0.000248288;-1.87131;0.140497;-0.0104045
-0.399716;0.0150761;0;-0.000248531;-1.87317;0.140634;-0.0104146
-0.399874;0.010052;0;-0.000248774;-1.87502;0.140771;-0.0104248
-0.399968;0.00502642;0;-0.000249017;-1.87687;0.140907;-0.0104349
-0.4;4.89859e-17;0;-0.00024926;-1.87872;0.141043;-0.0104449
-0.399968;-0.00502642;0;-0.000249092;-1.87744;0.140949;-0.0104379
-0.399874;-0.010052;0;-0.000248836;-1.87549;0.140805;-0.0104273
-0.399716;-0.0150761;0;-0.00024858;-1.87353;0.140662;-0.0104167
-0.399495;-0.0200977;0;-0.000248323;-1.87158;0.140518;-0.010406
-0.399211;-0.0251162;0;-0.000248067;-1.86962;0.140373;-0.0103953
-0.398864;-0.0301307;0;-0.00024781;-1.86766;0.140229;-0.0103846
-0.398453;-0.0351405;0;-0.000247553;-1.8657;0.140085;-0.0103739
-0.39798;-0.0401447;0;-0.000247295;-1.86374;0.13994;-0.0103632
-0.397445;-0.0451426;0;-0.000247038;-1.86177;0.139796;-0.0103525
-0.396846;-0.0501333;0;-0.000246781;-1.85981;0.139651;-0.0103418
-0.396185;-0.0551161;0;-0.000246523;-1.85785;0.139506;-0.0103311
-0.395461;-0.0600902;0;-0.000246266;-1.85588;0.139362;-0.0103204
-0.394674;-0.0650549;0;-0.000246007;-1.85391;0.139217;-0.0103097
-0.393826;-0.0700092;0;-0.000245247;-1.84812;0.13879;-0.010278
-0.392915;-0.0749525;0;-0.000244468;-1.84219;0.138352;-0.0102456
-0.391942;-0.079884;0;-0.000243688;-1.83625;0.137914;-0.0102132
-0.390907;-0.0848028;0;-0.000242907;-1.8303;0.137476;-0.0101807
-0.389811;-0.0897083;0;-0.000242126;-1.82436;0.137037;-0.0101482
-0.388653;-0.0945996;0;-0.000241345;-1.81841;0.136598;-0.0101157
-0.387433;-0.099476;0;-0.000240563;-1.81245;0.136159;-0.0100832
-0.386153;-0.104337;0;-0.000239781;-1.8065;0.13572;-0.0100507
-0.384811;-0.109181;0;-0.000238999;-1.80055;0.135281;-0.0100182
-0.383409;-0.114008;0;-0.000238218;-1.79459;0.134842;-0.00998567
-0.381946;-0.118817;0;-0.000237436;-1.78864;0.134403;-0.00995316
-0.380423;-0.123607;0;-0.000236655;-1.78269;0.133964;-0.00992068
-0.378839;-0.128377;0;-0.000235835;-1.77645;0.133504;-0.00988658
-0.377196;-0.133128;0;-0.000234669;-1.7676;0.132849;-0.00983807
-0.375494;-0.137857;0;-0.000233502;-1.75874;0.132193;-0.00978952
-0.373732;-0.142565;0;-0.000232334;-1.74987;0.131537;-0.00974095
-0.371911;-0.14725;0;-0.000231051;-1.74012;0.130816;-0.00968758
-0.370031;-0.151912;0;-0.000229752;-1.73026;0.130087;-0.00963355
-0.368093;-0.156549;0;-0.000228452;-1.72038;0.129357;-0.00957948
-0.366096;-0.161163;0;-0.000227152;-1.7105;0.128626;-0.00952539
-0.364042;-0.16575;0;-0.000225851;-1.70062;0.127896;-0.00947129
-0.361931;-0.170312;0;-0.00022455;-1.69074;0.127165;-0.00941719
-0.359762;-0.174846;0;-0.000223249;-1.68086;0.126435;-0.00936309
-0.357537;-0.179353;0;-0.000221949;-1.67098;0.125704;-0.009309
-0.355255;-0.183832;0;-0.000220492;-1.65995;0.124886;-0.00924838
-0.352916;-0.188282;0;-0.000219;-1.64865;0.124048;-0.00918634
-0.350523;-0.192701;0;-0.000217441;-1.63686;0.123172;-0.0091215
-0.348074;-0.197091;0;-0.000215791;-1.62438;0.122245;-0.00905286
-0.345569;-0.201449;0;-0.00021414;-1.6119;0.121318;-0.00898419
-0.343011;-0.205776;0;-0.000212488;-1.59941;0.12039;-0.00891549
-0.340398;-0.21007;0;-0.000210837;-1.58692;0.119463;-0.00884678
-0.337731;-0.214331;0;-0.000209185;-1.57443;0.118535;-0.00877807
-0.335011;-0.218558;0;-0.000207533;-1.56194;0.117607;-0.00870937
-0.332238;-0.22275;0;-0.000205882;-1.54946;0.11668;-0.00864069
-0.329413;-0.226908;0;-0.000204231;-1.53698;0.115753;-0.00857204
-0.326536;-0.231029;0;-0.000202528;-1.52409;0.114796;-0.00850118
-0.323607;-0.235114;0;-0.000200801;-1.51103;0.113826;-0.00842934
-0.320627;-0.239162;0;-0.000199074;-1.49796;0.112856;-0.00835754
-0.317596;-0.243172;0;-0.000197344;-1.48488;0.111885;-0.00828558
-0.314515;-0.247144;0;-0.000195349;-1.46985;0.110764;-0.00820259
-0.311385;-0.251077;0;-0.000193227;-1.45387;0.109572;-0.00811434
-0.308205;-0.25497;0;-0.000191104;-1.43788;0.108379;-0.00802601
-0.304977;-0.258822;0;-0.000188979;-1.42188;0.107186;-0.00793763
-0.301701;-0.262634;0;-0.000186853;-1.40587;0.105992;-0.0078492
-0.298376;-0.266405;0;-0.000184726;-1.38985;0.104797;-0.00776074
-0.295005;-0.270133;0;-0.000182599;-1.37383;0.103602;-0.00767226
-0.291587;-0.273819;0;-0.000180471;-1.35781;0.102408;-0.00758378
-0.288124;-0.277461;0;-0.000178344;-1.34179;0.101213;-0.0074953
-0.284614;-0.28106;0;-0.000176218;-1.32578;0.100019;-0.00740686
-0.28106;-0.284614;0;-0.000174092;-1.30977;0.0988248;-0.00731845
-0.277461;-0.288124;0;-0.000171872;-1.29311;0.0975776;-0.00722609
-0.273819;-0.291587;0;-0.000169602;-1.27608;0.0963027;-0.00713168
-0.270133;-0.295005;0;-0.000167224;-1.25825;0.0949673;-0.00703278
-0.266405;-0.298376;0;-0.000164792;-1.24002;0.0936012;-0.00693161
-0.262634;-0.301701;0;-0.000162359;-1.22178;0.0922344;-0.00683039
-0.258822;-0.304977;0;-0.000159925;-1.20354;0.0908671;-0.00672914
-0.25497;-0.308205;0;-0.00015749;-1.18529;0.0894996;-0.00662787
-0.251077;-0.311385;0;-0.000155055;-1.16703;0.088132;-0.0065266
-0.247144;-0.314515;0;-0.000152621;-1.14879;0.0867647;-0.00642534
-0.243172;-0.317596;0;-0.000150187;-1.13054;0.0853977;-0.00632411
-0.239162;-0.320627;0;-0.000147754;-1.11231;0.0840314;-0.00622292
-0.235114;-0.323607;0;-0.000145323;-1.09409;0.0826658;-0.0061218
-0.231029;-0.326536;0;-0.000142894;-1.07588;0.0813013;-0.00602075
-0.226908;-0.329413;0;-0.000140404;-1.05724;0.0799031;-0.00591721
-0.22275;-0.332238;0;-0.000137759;-1.03747;0.0784172;-0.00580717
-0.218558;-0.335011;0;-0.000135059;-1.01732;0.0769012;-0.0056949
-0.214331;-0.337731;0;-0.000132334;-0.996985;0.0753704;-0.00558154
-0.21007;-0.340398;0;-0.000129608;-0.976635;0.073839;-0.00546813
-0.205776;-0.343011;0;-0.00012688;-0.956279;0.0723069;-0.00535467
-0.201449;-0.345569;0;-0.000124152;-0.935918;0.0707746;-0.0052412
-0.197091;-0.348074;0;-0.000121423;-0.915557;0.0692422;-0.00512772
-0.192701;-0.350523;0;-0.000118696;-0.895198;0.06771;-0.00501425
-0.188282;-0.352916;0;-0.000115968;-0.874845;0.0661783;-0.00490082
-0.183832;-0.355255;0;-0.000113242;-0.8545;0.0646472;-0.00478743
-0.179353;-0.357537;0;-0.000110518;-0.834168;0.063117;-0.00467411
-0.174846;-0.359762;0;-0.000107796;-0.813852;0.061588;-0.00456088
-0.170312;-0.361931;0;-0.000104974;-0.792839;0.0600028;-0.0044435
-0.16575;-0.364042;0;-0.000102059;-0.77116;0.0583655;-0.00432224
-0.161163;-0.366096;0;-9.91136e-05;-0.74926;0.0567114;-0.00419975
-0.156549;-0.368093;0;-9.61667e-05;-0.727347;0.0550562;-0.00407718
-0.151912;-0.370031;0;-9.32184e-05;-0.705422;0.0534002;-0.00395454
-0.14725;-0.371911;0;-9.02691e-05;-0.683491;0.0517437;-0.00383187
-0.142565;-0.373732;0;-8.73193e-05;-0.661555;0.0500869;-0.00370917
-0.137857;-0.375494;0;-8.43695e-05;-0.639619;0.0484301;-0.00358648
-0.133128;-0.377196;0;-8.14201e-05;-0.617687;0.0467735;-0.0034638
-0.128377;-0.378839;0;-7.84716e-05;-0.595761;0.0451174;-0.00334116
-0.123607;-0.380423;0;-7.55244e-05;-0.573845;0.0434621;-0.00321857
-0.118817;-0.381946;0;-7.25791e-05;-0.551942;0.0418077;-0.00309606
-0.114008;-0.383409;0;-6.9636e-05;-0.530057;0.0401547;-0.00297365
-0.109181;-0.384811;0;-6.66987e-05;-0.508216;0.0385049;-0.00285147
-0.104337;-0.386153;0;-6.36215e-05;-0.485386;0.0367765;-0.00272348
-0.099476;-0.387433;0;-6.05376e-05;-0.462508;0.0350444;-0.0025952
-0.0945996;-0.388653;0;-5.7452e-05;-0.439618;0.0333113;-0.00246686
-0.0897083;-0.389811;0;-5.43652e-05;-0.416719;0.0315775;-0.00233846
-0.0848028;-0.390907;0;-5.12798e-05;-0.39383;0.0298445;-0.00221013
-0.079884;-0.391942;0;-4.81887e-05;-0.370899;0.0281083;-0.00208156
-0.0749525;-0.392915;0;-4.50956e-05;-0.347952;0.026371;-0.0019529
-0.0700092;-0.393826;0;-4.20029e-05;-0.32501;0.024634;-0.00182426
-0.0650549;-0.394674;0;-3.89112e-05;-0.302074;0.0228974;-0.00169566
-0.0600902;-0.395461;0;-3.58209e-05;-0.279148;0.0211617;-0.00156712
-0.0551161;-0.396185;0;-3.27324e-05;-0.256237;0.019427;-0.00143866
-0.0501333;-0.396846;0;-2.96154e-05;-0.233131;0.0176762;-0.00130901
-0.0451426;-0.397445;0;-2.64701e-05;-0.209823;0.0159096;-0.00117818
-0.0401447;-0.39798;0;-2.3323e-05;-0.186503;0.014142;-0.00104728
-0.0351405;-0.398453;0;-2.01747e-05;-0.163173;0.0123737;-0.000916329
-0.0301307;-0.398864;0;-1.70307e-05;-0.139874;0.0106078;-0.000785556
-0.0251162;-0.399211;0;-1.38793e-05;-0.116522;0.00883774;-0.000654477
-0.0200977;-0.399495;0;-1.07277e-05;-0.0931676;0.00706759;-0.000523389
-0.0150761;-0.399716;0;-7.57644e-06;-0.0698156;0.0052976;-0.000392313
-0.010052;-0.399874;0;-4.42594e-06;-0.0464693;0.00352806;-0.000261269
-0.00502642;-0.399968;0;-1.27672e-06;-0.0231326;0.00175923;-0.000130279
-7.34788e-17;-0.4;0;1.87071e-06;0.000190914;-8.59414e-06;6.36437e-07
0.00502642;-0.399968;0;4.99345e-06;0.023332;-0.00176255;0.000130525
0.010052;-0.399874;0;8.12877e-06;0.0465679;-0.00352358;0.000260938
0.0150761;-0.399716;0;1.12667e-05;0.0698232;-0.00528607;0.000391459
0.0200977;-0.399495;0;1.44067e-05;0.0930941;-0.00704976;0.000522068
0.0251162;-0.399211;0;1.75484e-05;0.116377;-0.00881435;0.000652745
0.0301307;-0.398864;0;2.06912e-05;0.139668;-0.0105796;0.000783468
0.0351405;-0.398453;0;2.38346e-05;0.162964;-0.0123452;0.000914217
0.0401447;-0.39798;0;2.69781e-05;0.186261;-0.0141108;0.00104497
0.0451426;-0.397445;0;3.01213e-05;0.209555;-0.0158763;0.00117571
0.0501333;-0.396846;0;3.32636e-05;0.232843;-0.0176412;0.00130642
0.0551161;-0.396185;0;3.63894e-05;0.256002;-0.0193968;0.00143643
0.0600902;-0.395461;0;3.95261e-05;0.279242;-0.0211586;0.00156689
0.0650549;-0.394674;0;4.25801e-05;0.3019;-0.022874;0.00169393
0.0700092;-0.393826;0;4.56828e-05;0.32492;-0.0246166;0.00182298
0.0749525;-0.392915;0;4.87857e-05;0.347942;-0.0263595;0.00195204
0.079884;-0.391942;0;5.18885e-05;0.370962;-0.0281022;0.0020811
0.0848028;-0.390907;0;5.49235e-05;0.39348;-0.0298068;0.00220734
0.0897083;-0.389811;0;5.79824e-05;0.416177;-0.031525;0.00233457
0.0945996;-0.388653;0;6.10421e-05;0.43888;-0.0332436;0.00246184
0.099476;-0.387433;0;6.41022e-05;0.461585;-0.0349623;0.00258913
0.104337;-0.386153;0;6.71621e-05;0.48429;-0.036681;0.0027164
0.109181;-0.384811;0;7.02214e-05;0.506989;-0.0383994;0.00284366
0.114008;-0.383409;0;7.32796e-05;0.52968;-0.0401171;0.00297086
0.118817;-0.381946;0;7.62008e-05;0.551387;-0.0417579;0.00309237
0.123607;-0.380423;0;7.91557e-05;0.573362;-0.0434175;0.00321527
0.128377;-0.378839;0;8.21121e-05;0.595349;-0.0450781;0.00333825
0.133128;-0.377196;0;8.50696e-05;0.617343;-0.0467392;0.00346126
0.137857;-0.375494;0;8.80278e-05;0.639342;-0.0484007;0.0035843
0.142565;-0.373732;0;9.0986e-05;0.661343;-0.0500623;0.00370735
0.14725;-0.371911;0;9.3944e-05;0.683341;-0.0517237;0.00383039
0.151912;-0.370031;0;9.69012e-05;0.705333;-0.0533847;0.00395339
0.156549;-0.368093;0;9.98571e-05;0.727316;-0.0550449;0.00407634
0.161163;-0.366096;0;0.000102811;0.749286;-0.0567042;0.00419922
0.16575;-0.364042;0;0.000105763;0.77124;-0.0583623;0.00432201
0.170312;-0.361931;0;0.000108663;0.792811;-0.0599911;0.00444263
0.174846;-0.359762;0;0.000111482;0.8138;-0.0615742;0.00455987
0.179353;-0.357537;0;0.000114216;0.834207;-0.0631103;0.00467362
0.183832;-0.355255;0;0.000116953;0.854627;-0.0646473;0.00478744
0.188282;-0.352916;0;0.000119691;0.875058;-0.0661852;0.00490133
0.192701;-0.350523;0;0.00012243;0.895495;-0.0677235;0.00501525
0.197091;-0.348074;0;0.000125169;0.915937;-0.0692622;0.00512919
0.201449;-0.345569;0;0.000127909;0.936379;-0.0708008;0.00524314
0.205776;-0.343011;0;0.000130648;0.956818;-0.0723393;0.00535707
0.21007;-0.340398;0;0.000133386;0.977252;-0.0738774;0.00547097
0.214331;-0.337731;0;0.000136123;0.997676;-0.0754147;0.00558482
0.218558;-0.335011;0;0.000138859;1.01809;-0.0769512;0.0056986
0.22275;-0.332238;0;0.000141592;1.03848;-0.0784864;0.00581229
0.226908;-0.329413;0;0.000144212;1.05807;-0.0799582;0.00592129
0.231029;-0.326536;0;0.000146654;1.07637;-0.0813299;0.00602287
0.235114;-0.323607;0;0.000149098;1.09468;-0.0827027;0.00612453
0.239162;-0.320627;0;0.000151544;1.11301;-0.0840764;0.00622626
0.243172;-0.317596;0;0.000153991;1.13135;-0.0854509;0.00632804
0.247144;-0.314515;0;0.000156439;1.14969;-0.0868258;0.00642986
0.251077;-0.311385;0;0.000158887;1.16804;-0.088201;0.0065317
0.25497;-0.308205;0;0.000161336;1.18639;-0.0895762;0.00663354
0.258822;-0.304977;0;0.000163784;1.20473;-0.0909513;0.00673537
0.262634;-0.301701;0;0.000166231;1.22308;-0.0923259;0.00683717
0.266405;-0.298376;0;0.000168678;1.24141;-0.0937;0.00693893
0.270133;-0.295005;0;0.000171122;1.25973;-0.0950732;0.00704062
0.273819;-0.291587;0;0.000173565;1.27804;-0.0964454;0.00714224
0.277461;-0.288124;0;0.000175963;1.29601;-0.0977921;0.00724197
0.28106;-0.284614;0;0.000178118;1.31221;-0.0990023;0.00733159
0.284614;-0.28106;0;0.000180221;1.32804;-0.100184;0.00741908
0.288124;-0.277461;0;0.000182325;1.34388;-0.101366;0.00750662
0.291587;-0.273819;0;0.000184431;1.35973;-0.102548;0.00759419
0.295005;-0.270133;0;0.000186536;1.37558;-0.103731;0.00768178
0.298376;-0.266405;0;0.000188642;1.39143;-0.104914;0.00776937
0.301701;-0.262634;0;0.000190748;1.40728;-0.106096;0.00785695
0.304977;-0.258822;0;0.000192853;1.42312;-0.107279;0.00794451
0.308205;-0.25497;0;0.000194957;1.43896;-0.108461;0.00803203
0.311385;-0.251077;0;0.000197059;1.45479;-0.109642;0.0081195
0.314515;-0.247144;0;0.000199161;1.47061;-0.110822;0.0082069
0.317596;-0.243172;0;0.000201191;1.4859;-0.111963;0.00829136
0.320627;-0.239162;0;0.00020289;1.49875;-0.112917;0.00836205
0.323607;-0.235114;0;0.000204591;1.5116;-0.113872;0.00843279
0.326536;-0.231029;0;0.000206293;1.52447;-0.114828;0.00850359
0.329413;-0.226908;0;0.000207996;1.53734;-0.115785;0.00857442
0.332238;-0.22275;0;0.000209699;1.55022;-0.116742;0.00864527
0.335011;-0.218558;0;0.000211403;1.5631;-0.117699;0.00871614
0.337731;-0.214331;0;0.000213107;1.57598;-0.118656;0.00878701
0.340398;-0.21007;0;0.00021481;1.58886;-0.119613;0.00885788
0.343011;-0.205776;0;0.000216514;1.60173;-0.120569;0.00892872
0.345569;-0.201449;0;0.000218216;1.6146;-0.121525;0.00899954
0.348074;-0.197091;0;0.000219917;1.62746;-0.122481;0.00907031
0.350523;-0.192701;0;0.000221617;1.64031;-0.123436;0.00914103
0.352916;-0.188282;0;0.000223316;1.65315;-0.12439;0.00921168
0.355255;-0.183832;0;0.000224796;1.66436;-0.125221;0.00927322
0.357537;-0.179353;0;0.000226058;1.67394;-0.125931;0.00932575
0.359762;-0.174846;0;0.000227322;1.68353;-0.12664;0.00937831
0.361931;-0.170312;0;0.00022853;1.6927;-0.127319;0.00942856
0.364042;-0.16575;0;0.000229729;1.70181;-0.127993;0.00947845
0.366096;-0.161163;0;0.000230929;1.71091;-0.128667;0.00952837
0.368093;-0.156549;0;0.000232129;1.72002;-0.129341;0.00957829
0.370031;-0.151912;0;0.000233329;1.72913;-0.130015;0.0096282
0.371911;-0.14725;0;0.000234529;1.73824;-0.130689;0.00967811
0.373732;-0.142565;0;0.000235729;1.74734;-0.131362;0.009728
0.375494;-0.137857;0;0.000236927;1.75644;-0.132036;0.00977786
0.377196;-0.133128;0;0.000238125;1.76553;-0.132708;0.00982769
0.378839;-0.128377;0;0.000239317;1.77457;-0.133378;0.00987726
0.380423;-0.123607;0;0.00024039;1.78272;-0.133981;0.00992192
0.381946;-0.118817;0;0.000241166;1.78864;-0.134416;0.00995418
0.383409;-0.114008;0;0.000241942;1.79455;-0.134852;0.00998645
0.384811;-0.109181;0;0.000242719;1.80047;-0.135288;0.0100187
0.386153;-0.104337;0;0.000243456;1.80608;-0.135702;0.0100494
0.387433;-0.099476;0;0.00024412;1.81114;-0.136075;0.010077
0.388653;-0.0945996;0;0.000244784;1.81621;-0.136448;0.0101047
0.389811;-0.0897083;0;0.000245449;1.82127;-0.136822;0.0101323
0.390907;-0.0848028;0;0.000246113;1.82633;-0.137195;0.0101599
0.391942;-0.079884;0;0.000246778;1.83139;-0.137568;0.0101876
0.392915;-0.0749525;0;0.000247442;1.83645;-0.137941;0.0102152
0.393826;-0.0700092;0;0.000248106;1.84151;-0.138314;0.0102428
0.394674;-0.0650549;0;0.00024877;1.84657;-0.138687;0.0102704
0.395461;-0.0600902;0;0.000249433;1.85162;-0.139059;0.010298
0.396185;-0.0551161;0;0.000249835;1.85469;-0.139285;0.0103147
0.396846;-0.0501333;0;0.000250135;1.85699;-0.139453;0.0103272
0.397445;-0.0451426;0;0.000250435;1.85929;-0.139622;0.0103396
0.39798;-0.0401447;0;0.000250647;1.86092;-0.13974;0.0103484
0.398453;-0.0351405;0;0.000250785;1.86198;-0.139818;0.0103542
0.398864;-0.0301307;0;0.000250923;1.86304;-0.139895;0.0103599
0.399211;-0.0251162;0;0.000251061;1.86411;-0.139973;0.0103657
0.399495;-0.0200977;0;0.0002512;1.86517;-0.14005;0.0103714
0.399716;-0.0150761;0;0.000251338;1.86624;-0.140128;0.0103771
0.399874;-0.010052;0;0.000251476;1.8673;-0.140206;0.0103829
0.399968;-0.00502642;0;0.000251614;1.86837;-0.140283;0.0103886
