0.4;0;0;0.000186472;1.80239;-0.140359;0.0103943
0.399968;0.00502642;0;0.000186339;1.80168;-0.140279;0.0103883
0.399874;0.010052;0;0.000186203;1.80096;-0.140196;0.0103822
0.399716;0.0150761;0;0.000186067;1.80023;-0.140114;0.0103761
0.399495;0.0200977;0;0.000185931;1.79951;-0.140032;0.01037
0.399211;0.0251162;0;0.000185796;1.79879;-0.13995;0.0103639
0.398864;0.0301307;0;0.00018566;1.79807;-0.139867;0.0103578
0.398453;0.0351405;0;0.000185524;1.79734;-0.139785;0.0103518
0.39798;0.0401447;0;0.000185388;1.79662;-0.139703;0.0103457
0.397445;0.0451426;0;0.000185133;1.79494;-0.139552;0.0103345
0.396846;0.0501333;0;0.000184816;1.79276;-0.139365;0.0103206
0.396185;0.0551161;0;0.000184498;1.79058;-0.139178;0.0103068
0.395461;0.0600902;0;0.00018418;1.7884;-0.138991;0.0102929
0.394674;0.0650549;0;0.000183606;1.78417;-0.138655;0.0102681
0.393826;0.0700092;0;0.000182977;1.77952;-0.138289;0.0102409
0.392915;0.0749525;0;0.000182347;1.77487;-0.137921;0.0102137
0.391942;0.079884;0;0.000181717;1.77021;-0.137554;0.0101866
0.390907;0.0848028;0;0.000181088;1.76556;-0.137187;0.0101594
0.389811;0.0897083;0;0.000180458;1.7609;-0.13682;0.0101321
0.388653;0.0945996;0;0.000179828;1.75624;-0.136452;0.0101049
0.387433;0.099476;0;0.000179198;1.75158;-0.136085;0.0100777
0.386153;0.104337;0;0.000178533;1.74664;-0.135698;0.0100491
0.384811;0.109181;0;0.000177756;1.74087;-0.135245;0.0100156
0.383409;0.114008;0;0.00017698;1.73509;-0.134793;0.00998205
0.381946;0.118817;0;0.000176203;1.72932;-0.134341;0.00994855
0.380423;0.123607;0;0.000175427;1.72355;-0.133888;0.00991507
0.378839;0.128377;0;0.000174414;1.71589;-0.1333;0.0098715
0.377196;0.133128;0;0.000173249;1.70703;-0.132623;0.0098214
0.375494;0.137857;0;0.000172089;1.69821;-0.13195;0.00977152
0.373732;0.142565;0;0.000170929;1.6894;-0.131276;0.00972165
0.371911;0.14725;0;0.000169769;1.68059;-0.130603;0.00967174
0.370031;0.151912;0;0.000168608;1.67177;-0.129929;0.00962182
0.368093;0.156549;0;0.000167448;1.66295;-0.129254;0.0095719
0.366096;0.161163;0;0.000166287;1.65412;-0.12858;0.00952197
0.364042;0.16575;0;0.000165126;1.64531;-0.127906;0.00947204
0.361931;0.170312;0;0.000163966;1.63649;-0.127232;0.00942214
0.359762;0.174846;0;0.000162806;1.62768;-0.126558;0.00937225
0.357537;0.179353;0;0.000161647;1.61887;-0.125885;0.0093224
0.355255;0.183832;0;0.000160489;1.61007;-0.125212;0.00927258
0.352916;0.188282;0;0.000159087;1.5994;-0.124399;0.00921231
0.350523;0.192701;0;0.000157445;1.5869;-0.123446;0.00914176
0.348074;0.197091;0;0.000155802;1.57439;-0.122492;0.00907114
0.345569;0.201449;0;0.000154157;1.56187;-0.121538;0.00900047
0.343011;0.205776;0;0.000152512;1.54935;-0.120583;0.00892976
0.340398;0.21007;0;0.000150866;1.53681;-0.119628;0.00885902
0.337731;0.214331;0;0.000149219;1.52428;-0.118672;0.00878826
0.335011;0.218558;0;0.000147572;1.51174;-0.117717;0.00871749
0.332238;0.22275;0;0.000145926;1.49921;-0.116761;0.00864672
0.329413;0.226908;0;0.000144279;1.48668;-0.115806;0.00857597
0.326536;0.231029;0;0.000142634;1.47415;-0.114851;0.00850524
0.323607;0.235114;0;0.000140987;1.46162;-0.113895;0.00843446
0.320627;0.239162;0;0.000139335;1.44904;-0.112936;0.00836348
0.317596;0.243172;0;0.000137685;1.43648;-0.111979;0.00829255
0.314515;0.247144;0;0.000135798;1.42218;-0.110883;0.00821144
0.311385;0.251077;0;0.000133768;1.40682;-0.109705;0.00812417
0.308205;0.25497;0;0.000131736;1.39145;-0.108526;0.00803684
0.304977;0.258822;0;0.000129702;1.37606;-0.107345;0.0079494
0.301701;0.262634;0;0.000127665;1.36065;-0.106163;0.00786184
0.298376;0.266405;0;0.000125627;1.34522;-0.104979;0.0077742
0.295005;0.270133;0;0.000123585;1.32978;-0.103794;0.00768645
0.291587;0.273819;0;0.000121544;1.31433;-0.102609;0.0075987
0.288124;0.277461;0;0.000119503;1.29889;-0.101424;0.00751096
0.284614;0.28106;0;0.000117463;1.28346;-0.10024;0.00742326
0.28106;0.284614;0;0.000115424;1.26803;-0.0990564;0.0073356
0.277461;0.288124;0;0.000113353;1.25238;-0.0978542;0.00724657
0.273819;0.291587;0;0.000110994;1.23465;-0.096484;0.0071451
0.270133;0.295005;0;0.000108632;1.21691;-0.0951124;0.00704353
0.266405;0.298376;0;0.000106268;1.19915;-0.0937398;0.00694188
0.262634;0.301701;0;0.000103903;1.18138;-0.0923665;0.00684018
0.258822;0.304977;0;0.000101537;1.16361;-0.0909925;0.00673842
0.25497;0.308205;0;9.91709e-05;1.14583;-0.0896181;0.00663665
0.251077;0.311385;0;9.68032e-05;1.12804;-0.088243;0.00653481
0.247144;0.314515;0;9.44351e-05;1.11026;-0.0868677;0.00643296
0.243172;0.317596;0;9.2065e-05;1.09245;-0.0854912;0.00633103
0.239162;0.320627;0;8.96956e-05;1.07465;-0.0841153;0.00622914
0.235114;0.323607;0;8.73274e-05;1.05686;-0.08274;0.00612729
0.231029;0.326536;0;8.49607e-05;1.03907;-0.0813655;0.0060255
0.226908;0.329413;0;8.25959e-05;1.02131;-0.0799922;0.0059238
0.22275;0.332238;0;8.00855e-05;1.00252;-0.078534;0.00581581
0.218558;0.335011;0;7.74416e-05;0.982773;-0.0769981;0.00570208
0.214331;0.337731;0;7.47957e-05;0.963013;-0.0754611;0.00558825
0.21007;0.340398;0;7.21481e-05;0.943241;-0.0739231;0.00547436
0.205776;0.343011;0;6.94993e-05;0.92346;-0.0723844;0.00536041
0.201449;0.345569;0;6.68497e-05;0.903673;-0.0708453;0.00524643
0.197091;0.348074;0;6.41997e-05;0.883883;-0.0693059;0.00513243
0.192701;0.350523;0;6.15497e-05;0.864093;-0.0677666;0.00501844
0.188282;0.352916;0;5.89002e-05;0.844306;-0.0662275;0.00490446
0.183832;0.355255;0;5.62515e-05;0.824525;-0.0646889;0.00479052
0.179353;0.357537;0;5.36042e-05;0.804754;-0.0631511;0.00467664
0.174846;0.359762;0;5.09585e-05;0.784996;-0.0616143;0.00456283
0.170312;0.361931;0;4.82794e-05;0.765017;-0.0600577;0.00444756
0.16575;0.364042;0;4.54213e-05;0.743757;-0.0583972;0.00432459
0.161163;0.366096;0;4.25491e-05;0.722391;-0.0567286;0.00420102
0.156549;0.368093;0;3.9674e-05;0.701004;-0.0550583;0.00407733
0.151912;0.370031;0;3.67964e-05;0.679599;-0.0533865;0.00395353
0.14725;0.371911;0;3.39169e-05;0.658178;-0.0517137;0.00382964
0.142565;0.373732;0;3.10358e-05;0.636747;-0.0500399;0.00370569
0.137857;0.375494;0;2.81536e-05;0.615307;-0.0483654;0.00358169
0.133128;0.377196;0;2.52708e-05;0.593862;-0.0466906;0.00345766
0.128377;0.378839;0;2.23878e-05;0.572417;-0.0450158;0.00333363
0.123607;0.380423;0;1.95051e-05;0.550973;-0.043341;0.00320961
0.118817;0.381946;0;1.66934e-05;0.530091;-0.0417074;0.00308863
0.114008;0.383409;0;1.37425e-05;0.508213;-0.0399927;0.00296165
0.109181;0.384811;0;1.07903e-05;0.486326;-0.0382773;0.00283462
0.104337;0.386153;0;7.83727e-06;0.464433;-0.0365614;0.00270755
0.099476;0.387433;0;4.88389e-06;0.442537;-0.0348454;0.00258046
0.0945996;0.388653;0;1.93063e-06;0.420642;-0.0331293;0.00245338
0.0897083;0.389811;0;-1.02206e-06;0.398752;-0.0314136;0.00232633
0.0848028;0.390907;0;-3.97371e-06;0.376869;-0.0296985;0.00219932
0.079884;0.391942;0;-6.92385e-06;0.354997;-0.0279843;0.00207237
0.0749525;0.392915;0;-9.87201e-06;0.33314;-0.0262713;0.00194551
0.0700092;0.393826;0;-1.28177e-05;0.3113;-0.0245596;0.00181876
0.0650549;0.394674;0;-1.57606e-05;0.289483;-0.0228497;0.00169213
0.0600902;0.395461;0;-1.87e-05;0.26769;-0.0211417;0.00156564
0.0551161;0.396185;0;-2.16356e-05;0.245926;-0.0194359;0.00143932
0.0501333;0.396846;0;-2.46563e-05;0.223556;-0.0176808;0.00130935
0.0451426;0.397445;0;-2.76926e-05;0.201081;-0.0159164;0.00117869
0.0401447;0.39798;0;-3.07322e-05;0.17858;-0.0141501;0.00104788
0.0351405;0.398453;0;-3.37749e-05;0.156057;-0.012382;0.000916944
0.0301307;0.398864;0;-3.68201e-05;0.133516;-0.0106124;0.0007859
0.0251162;0.399211;0;-3.98673e-05;0.110959;-0.00884168;0.000654768
0.0200977;0.399495;0;-4.29161e-05;0.0883912;-0.00707004;0.00052357
0.0150761;0.399716;0;-4.59659e-05;0.0658152;-0.00529779;0.000392326
0.010052;0.399874;0;-4.90164e-05;0.043235;-0.00352519;0.000261057
0.00502642;0.399968;0;-5.20669e-05;0.020654;-0.00175254;0.000129784
2.44929e-17;0.4;0;-5.5117e-05;-0.00192427;1.98971e-05;-1.47348e-06
-0.00502642;0.399968;0;-5.81663e-05;-0.0244961;0.00179183;-0.000132694
-0.010052;0.399874;0;-6.12143e-05;-0.047058;0.00356299;-0.000263856
-0.0150761;0.399716;0;-6.42604e-05;-0.0696065;0.00533308;-0.00039494
-0.0200977;0.399495;0;-6.73042e-05;-0.0921378;0.00710184;-0.000525925
-0.0251162;0.399211;0;-7.03452e-05;-0.114649;0.00886897;-0.00065679
-0.0301307;0.398864;0;-7.3383e-05;-0.137135;0.0106342;-0.000787514
-0.0351405;0.398453;0;-7.63923e-05;-0.159421;0.0123824;-0.000916979
-0.0401447;0.39798;0;-7.93888e-05;-0.181622;0.0141232;-0.00104589
-0.0451426;0.397445;0;-8.23845e-05;-0.20381;0.0158641;-0.00117481
-0.0501333;0.396846;0;-8.53827e-05;-0.226015;0.0176065;-0.00130384
-0.0551161;0.396185;0;-8.83828e-05;-0.248236;0.01935;-0.00143296
-0.0600902;0.395461;0;-9.13844e-05;-0.270467;0.0210943;-0.00156214
-0.0650549;0.394674;0;-9.43869e-05;-0.292705;0.0228392;-0.00169135
-0.0700092;0.393826;0;-9.739e-05;-0.314947;0.0245844;-0.00182059
-0.0749525;0.392915;0;-0.000100393;-0.33719;0.0263297;-0.00194984
-0.079884;0.391942;0;-0.000103396;-0.359429;0.0280746;-0.00207906
-0.0848028;0.390907;0;-0.000106398;-0.381662;0.0298191;-0.00220825
-0.0897083;0.389811;0;-0.000109398;-0.403884;0.0315627;-0.00233737
-0.0945996;0.388653;0;-0.000112396;-0.426092;0.0333053;-0.00246642
-0.099476;0.387433;0;-0.000115393;-0.448284;0.0350465;-0.00259536
-0.104337;0.386153;0;-0.000118348;-0.470195;0.0367636;-0.00272252
-0.109181;0.384811;0;-0.000121231;-0.491597;0.0384379;-0.00284651
-0.114008;0.383409;0;-0.000124089;-0.512824;0.0400989;-0.00296951
-0.118817;0.381946;0;-0.000126949;-0.534067;0.0417611;-0.00309261
-0.123607;0.380423;0;-0.000129811;-0.555324;0.0434244;-0.00321578
-0.128377;0.378839;0;-0.000132675;-0.576591;0.0450885;-0.00333901
-0.133128;0.377196;0;-0.000135539;-0.597863;0.046753;-0.00346228
-0.137857;0.375494;0;-0.000138404;-0.619139;0.0484178;-0.00358557
-0.142565;0.373732;0;-0.000141269;-0.640415;0.0500825;-0.00370885
-0.14725;0.371911;0;-0.000144133;-0.661687;0.051747;-0.00383211
-0.151912;0.370031;0;-0.000146984;-0.682864;0.0534039;-0.00395481
-0.156549;0.368093;0;-0.000149836;-0.704044;0.0550614;-0.00407756
-0.161163;0.366096;0;-0.000152687;-0.725212;0.0567181;-0.00420024
-0.16575;0.364042;0;-0.000155536;-0.746365;0.0583736;-0.00432284
-0.170312;0.361931;0;-0.000158382;-0.767501;0.0600277;-0.00444534
-0.174846;0.359762;0;-0.000161118;-0.787835;0.0616183;-0.00456313
-0.179353;0.357537;0;-0.000163747;-0.807429;0.0631459;-0.00467625
-0.183832;0.355255;0;-0.000166378;-0.827038;0.0646746;-0.00478947
-0.188282;0.352916;0;-0.000169011;-0.846658;0.0662043;-0.00490274
-0.192701;0.350523;0;-0.000171644;-0.866287;0.0677347;-0.00501608
-0.197091;0.348074;0;-0.000174278;-0.885922;0.0692655;-0.00512944
-0.201449;0.345569;0;-0.000176913;-0.905559;0.0707965;-0.00524281
-0.205776;0.343011;0;-0.000179548;-0.925195;0.0723274;-0.00535619
-0.21007;0.340398;0;-0.000182182;-0.944827;0.0738581;-0.00546954
-0.214331;0.337731;0;-0.000184815;-0.964452;0.0753882;-0.00558285
-0.218558;0.335011;0;-0.000187447;-0.984068;0.0769175;-0.00569611
-0.22275;0.332238;0;-0.000190043;-1.00341;0.0784266;-0.00580786
-0.226908;0.329413;0;-0.0001926;-1.02246;0.0799138;-0.00591799
-0.231029;0.326536;0;-0.000194931;-1.03991;0.0812685;-0.00601832
-0.235114;0.323607;0;-0.000197295;-1.0576;0.082642;-0.00612004
-0.239162;0.320627;0;-0.00019966;-1.0753;0.0840164;-0.00622182
-0.243172;0.317596;0;-0.000202026;-1.09301;0.0853915;-0.00632365
-0.247144;0.314515;0;-0.000204393;-1.11073;0.0867671;-0.00642552
-0.251077;0.311385;0;-0.000206761;-1.12845;0.0881429;-0.0065274
-0.25497;0.308205;0;-0.000209129;-1.14617;0.0895188;-0.00662929
-0.258822;0.304977;0;-0.000211496;-1.16389;0.0908945;-0.00673117
-0.262634;0.301701;0;-0.000213863;-1.18161;0.0922698;-0.00683302
-0.266405;0.298376;0;-0.000216229;-1.19931;0.0936446;-0.00693483
-0.270133;0.295005;0;-0.000218593;-1.21701;0.0950184;-0.00703657
-0.273819;0.291587;0;-0.000220955;-1.23469;0.0963913;-0.00713823
-0.277461;0.288124;0;-0.000223173;-1.2513;0.0976803;-0.00723369
-0.28106;0.284614;0;-0.000225284;-1.26713;0.0989075;-0.00732457
-0.284614;0.28106;0;-0.000227334;-1.28254;0.100099;-0.0074128
-0.288124;0.277461;0;-0.000229385;-1.29796;0.101291;-0.00750106
-0.291587;0.273819;0;-0.000231436;-1.31338;0.102483;-0.00758935
-0.295005;0.270133;0;-0.000233488;-1.3288;0.103675;-0.00767765
-0.298376;0.266405;0;-0.000235539;-1.34422;0.104868;-0.00776595
-0.301701;0.262634;0;-0.000237591;-1.35964;0.10606;-0.00785423
-0.304977;0.258822;0;-0.000239641;-1.37506;0.107251;-0.00794248
-0.308205;0.25497;0;-0.000241691;-1.39046;0.108443;-0.00803068
-0.311385;0.251077;0;-0.000243739;-1.40586;0.109633;-0.00811883
-0.314515;0.247144;0;-0.000245785;-1.42124;0.110822;-0.00820691
-0.317596;0.243172;0;-0.000247694;-1.43558;0.111932;-0.00828912
-0.320627;0.239162;0;-0.000249347;-1.44806;0.112893;-0.00836027
-0.323607;0.235114;0;-0.000251002;-1.46055;0.113855;-0.00843148
-0.326536;0.231029;0;-0.000252657;-1.47305;0.114817;-0.00850273
-0.329413;0.226908;0;-0.000254314;-1.48555;0.115779;-0.00857402
-0.332238;0.22275;0;-0.00025597;-1.49805;0.116742;-0.00864533
-0.335011;0.218558;0;-0.000257627;-1.51056;0.117705;-0.00871664
-0.337731;0.214331;0;-0.000259258;-1.52286;0.118653;-0.00878685
-0.340398;0.21007;0;-0.00026089;-1.53517;0.119602;-0.0088571
-0.343011;0.205776;0;-0.000262522;-1.54748;0.12055;-0.00892733
-0.345569;0.201449;0;-0.000264153;-1.55979;0.121498;-0.00899753
-0.348074;0.197091;0;-0.000265783;-1.57209;0.122446;-0.0090677
-0.350523;0.192701;0;-0.000267412;-1.58438;0.123393;-0.00913782
-0.352916;0.188282;0;-0.00026904;-1.59666;0.124339;-0.00920789
-0.355255;0.183832;0;-0.000270509;-1.60774;0.125193;-0.00927114
-0.357537;0.179353;0;-0.000271723;-1.61694;0.125899;-0.0093234
-0.359762;0.174846;0;-0.000272942;-1.62617;0.126607;-0.00937587
-0.361931;0.170312;0;-0.000274161;-1.63541;0.127316;-0.00942835
-0.364042;0.16575;0;-0.000275381;-1.64465;0.128025;-0.00948083
-0.366096;0.161163;0;-0.0002766;-1.65389;0.128733;-0.00953332
-0.368093;0.156549;0;-0.000277819;-1.66312;0.129442;-0.00958579
-0.370031;0.151912;0;-0.000279038;-1.67236;0.13015;-0.00963825
-0.371911;0.14725;0;-0.000280256;-1.68159;0.130858;-0.00969067
-0.373732;0.142565;0;-0.000281473;-1.69081;0.131566;-0.00974307
-0.375494;0.137857;0;-0.000282689;-1.70002;0.132273;-0.00979542
-0.377196;0.133128;0;-0.000283869;-1.70898;0.132958;-0.00984621
-0.378839;0.128377;0;-0.000284692;-1.71524;0.133437;-0.00988161
-0.380423;0.123607;0;-0.000285453;-1.72102;0.133879;-0.00991436
-0.381946;0.118817;0;-0.000286214;-1.7268;0.134321;-0.00994712
-0.383409;0.114008;0;-0.000286975;-1.73258;0.134764;-0.00997991
-0.384811;0.109181;0;-0.000287737;-1.73837;0.135207;-0.0100127
-0.386153;0.104337;0;-0.000288499;-1.74415;0.13565;-0.0100455
-0.387433;0.099476;0;-0.000289261;-1.74994;0.136093;-0.0100783
-0.388653;0.0945996;0;-0.000290023;-1.75573;0.136536;-0.0101111
-0.389811;0.0897083;0;-0.000290784;-1.76151;0.136978;-0.0101439
-0.390907;0.0848028;0;-0.000291546;-1.7673;0.137421;-0.0101767
-0.391942;0.079884;0;-0.000292307;-1.77308;0.137863;-0.0102094
-0.392915;0.0749525;0;-0.000293067;-1.77885;0.138305;-0.0102422
-0.393826;0.0700092;0;-0.000293827;-1.78462;0.138747;-0.0102749
-0.394674;0.0650549;0;-0.000294579;-1.79034;0.139184;-0.0103073
-0.395461;0.0600902;0;-0.000294878;-1.7926;0.139358;-0.0103201
-0.396185;0.0551161;0;-0.000295129;-1.79451;0.139504;-0.0103309
-0.396846;0.0501333;0;-0.00029538;-1.79642;0.13965;-0.0103418
-0.397445;0.0451426;0;-0.000295631;-1.79833;0.139797;-0.0103526
-0.39798;0.0401447;0;-0.000295883;-1.80024;0.139943;-0.0103634
-0.398453;0.0351405;0;-0.000296128;-1.80211;0.140085;-0.010374
-0.398864;0.0301307;0;-0.000296366;-1.80391;0.140223;-0.0103842
-0.399211;0.0251162;0;-0.000296601;-1.8057;0.140361;-0.0103944
-0.399495;0.0200977;0;-0.000296836;-1.80749;0.140497;-0.0104045
-0.399716;0.0150761;0;-0.000297072;-1.80927;0.140634;-0.0104146
-0.399874;0.010052;0;-0.000297306;-1.81105;0.140771;-0.0104248
-0.399968;0.00502642;0;-0.000297541;-1.81283;0.140907;-0.0104349
-0.4;4.89859e-17;0;-0.000297775;-1.81461;0.141043;-0.0104449
-0.399968;-0.00502642;0;-0.000297612;-1.81336;0.140949;-0.0104379
-0.399874;-0.010052;0;-0.000297364;-1.81147;0.140805;-0.0104273
-0.399716;-0.0150761;0;-0.000297117;-1.80958;0.140662;-0.0104167
-0.399495;-0.0200977;0;-0.000296868;-1.80768;0.140518;-0.010406
-0.399211;-0.0251162;0;-0.00029662;-1.80578;0.140373;-0.0103953
-0.398864;-0.0301307;0;-0.000296371;-1.80388;0.140229;-0.0103846
-0.398453;-0.0351405;0;-0.000296122;-1.80198;0.140085;-0.0103739
-0.39798;-0.0401447;0;-0.000295873;-1.80007;0.13994;-0.0103632
-0.397445;-0.0451426;0;-0.000295624;-1.79817;0.139796;-0.0103525
-0.396846;-0.0501333;0;-0.000295375;-1.79626;0.139651;-0.0103418
-0.396185;-0.0551161;0;-0.000295125;-1.79435;0.139506;-0.0103311
-0.395461;-0.0600902;0;-0.000294876;-1.79245;0.139362;-0.0103204
-0.394674;-0.0650549;0;-0.000294626;-1.79053;0.139217;-0.0103097
-0.393826;-0.0700092;0;-0.000293891;-1.78494;0.13879;-0.010278
-0.392915;-0.0749525;0;-0.000293137;-1.77921;0.138352;-0.0102456
-0.391942;-0.079884;0;-0.000292383;-1.77347;0.137914;-0.0102132
-0.390907;-0.0848028;0;-0.000291628;-1.76772;0.137476;-0.0101807
-0.389811;-0.0897083;0;-0.000290873;-1.76197;0.137037;-0.0101482
-0.388653;-0.0945996;0;-0.000290117;-1.75622;0.136598;-0.0101157
-0.387433;-0.099476;0;-0.000289362;-1.75047;0.136159;-0.0100832
-0.386153;-0.104337;0;-0.000288606;-1.74472;0.13572;-0.0100507
-0.384811;-0.109181;0;-0.00028785;-1.73896;0.135281;-0.0100182
-0.383409;-0.114008;0;-0.000287094;-1.73321;0.134842;-0.00998567
-0.381946;-0.118817;0;-0.000286338;-1.72746;0.134403;-0.00995316
-0.380423;-0.123607;0;-0.000285583;-1.72171;0.133964;-0.00992068
-0.378839;-0.128377;0;-0.00028479;-1.71568;0.133504;-0.00988658
-0.377196;-0.133128;0;-0.000283662;-1.70712;0.132849;-0.00983807
-0.375494;-0.137857;0;-0.000282534;-1.69855;0.132193;-0.00978952
-0.373732;-0.142565;0;-0.000281405;-1.68999;0.131537;-0.00974095
-0.371911;-0.14725;0;-0.000280164;-1.68054;0.130816;-0.00968758
-0.370031;-0.151912;0;-0.000278907;-1.67098;0.130087;-0.00963355
-0.368093;-0.156549;0;-0.00027765;-1.66142;0.129357;-0.00957948
-0.366096;-0.161163;0;-0.000276392;-1.65185;0.128626;-0.00952539
-0.364042;-0.16575;0;-0.000275134;-1.64228;0.127896;-0.00947129
-0.361931;-0.170312;0;-0.000273876;-1.63271;0.127165;-0.00941719
-0.359762;-0.174846;0;-0.000272618;-1.62315;0.126435;-0.00936309
-0.357537;-0.179353;0;-0.000271361;-1.61358;0.125704;-0.009309
-0.355255;-0.183832;0;-0.000269951;-1.60291;0.124886;-0.00924838
-0.352916;-0.188282;0;-0.000268508;-1.59199;0.124048;-0.00918634
-0.350523;-0.192701;0;-0.000267001;-1.5806;0.123172;-0.0091215
-0.348074;-0.197091;0;-0.000265406;-1.56857;0.122245;-0.00905286
-0.345569;-0.201449;0;-0.00026381;-1.55652;0.121318;-0.00898419
-0.343011;-0.205776;0;-0.000262214;-1.54448;0.12039;-0.00891549
-0.340398;-0.21007;0;-0.000260617;-1.53243;0.119463;-0.00884678
-0.337731;-0.214331;0;-0.00025902;-1.52038;0.118535;-0.00877807
-0.335011;-0.218558;0;-0.000257424;-1.50834;0.117607;-0.00870937
-0.332238;-0.22275;0;-0.000255828;-1.49629;0.11668;-0.00864069
-0.329413;-0.226908;0;-0.000254233;-1.48426;0.115753;-0.00857204
-0.326536;-0.231029;0;-0.000252586;-1.47183;0.114796;-0.00850118
-0.323607;-0.235114;0;-0.000250917;-1.45922;0.113826;-0.00842934
-0.320627;-0.239162;0;-0.000249248;-1.44661;0.112856;-0.00835754
-0.317596;-0.243172;0;-0.000247576;-1.43399;0.111885;-0.00828558
-0.314515;-0.247144;0;-0.000245649;-1.41951;0.110764;-0.00820259
-0.311385;-0.251077;0;-0.000243598;-1.40407;0.109572;-0.00811434
-0.308205;-0.25497;0;-0.000241545;-1.38863;0.108379;-0.00802601
-0.304977;-0.258822;0;-0.00023949;-1.37317;0.107186;-0.00793763
-0.301701;-0.262634;0;-0.000237435;-1.3577;0.105992;-0.0078492
-0.298376;-0.266405;0;-0.000235379;-1.34223;0.104797;-0.00776074
-0.295005;-0.270133;0;-0.000233322;-1.32676;0.103602;-0.00767226
-0.291587;-0.273819;0;-0.000231266;-1.31128;0.102408;-0.00758378
-0.288124;-0.277461;0;-0.000229209;-1.29581;0.101213;-0.0074953
-0.284614;-0.28106;0;-0.000227153;-1.28034;0.100019;-0.00740686
-0.28106;-0.284614;0;-0.000225098;-1.26488;0.0988248;-0.00731845
-0.277461;-0.288124;0;-0.000222953;-1.24878;0.0975776;-0.00722609
-0.273819;-0.291587;0;-0.00022076;-1.23234;0.0963027;-0.00713168
-0.270133;-0.295005;0;-0.000218461;-1.21512;0.0949673;-0.00703278
-0.266405;-0.298376;0;-0.000216109;-1.1975;0.0936012;-0.00693161
-0.262634;-0.301701;0;-0.000213756;-1.17987;0.0922344;-0.00683039
-0.258822;-0.304977;0;-0.000211403;-1.16224;0.0908671;-0.00672914
-0.25497;-0.308205;0;-0.000209049;-1.14461;0.0894996;-0.00662787
-0.251077;-0.311385;0;-0.000206695;-1.12697;0.088132;-0.0065266
-0.247144;-0.314515;0;-0.000204341;-1.10934;0.0867647;-0.00642534
-0.243172;-0.317596;0;-0.000201988;-1.09171;0.0853977;-0.00632411
-0.239162;-0.320627;0;-0.000199636;-1.07409;0.0840314;-0.00622292
-0.235114;-0.323607;0;-0.000197286;-1.05648;0.0826658;-0.0061218
-0.231029;-0.326536;0;-0.000194937;-1.03888;0.0813013;-0.00602075
-0.226908;-0.329413;0;-0.000192531;-1.0209;0.0799031;-0.00591721
-0.22275;-0.332238;0;-0.000189976;-1.00185;0.0784172;-0.00580717
-0.218558;-0.335011;0;-0.000187366;-0.982388;0.0769012;-0.0056949
-0.214331;-0.337731;0;-0.000184732;-0.962736;0.0753704;-0.00558154
-0.21007;-0.340398;0;-0.000182096;-0.943075;0.073839;-0.00546813
-0.205776;-0.343011;0;-0.000179459;-0.923407;0.0723069;-0.00535467
-0.201449;-0.345569;0;-0.000176821;-0.903735;0.0707746;-0.0052412
-0.197091;-0.348074;0;-0.000174184;-0.884062;0.0692422;-0.00512772
-0.192701;-0.350523;0;-0.000171547;-0.864391;0.06771;-0.00501425
-0.188282;-0.352916;0;-0.00016891;-0.844726;0.0661783;-0.00490082
-0.183832;-0.355255;0;-0.000166275;-0.825069;0.0646472;-0.00478743
-0.179353;-0.357537;0;-0.000163641;-0.805424;0.063117;-0.00467411
-0.174846;-0.359762;0;-0.000161009;-0.785793;0.061588;-0.00456088
-0.170312;-0.361931;0;-0.000158283;-0.765524;0.0600028;-0.0044435
-0.16575;-0.364042;0;-0.000155465;-0.744583;0.0583655;-0.00432224
-0.161163;-0.366096;0;-0.000152618;-0.723427;0.0567114;-0.00419975
-0.156549;-0.368093;0;-0.000149769;-0.702258;0.0550562;-0.00407718
-0.151912;-0.370031;0;-0.000146919;-0.681078;0.0534002;-0.00395454
-0.14725;-0.371911;0;-0.000144068;-0.659891;0.0517437;-0.00383187
-0.142565;-0.373732;0;-0.000141216;-0.6387;0.0500869;-0.00370917
-0.137857;-0.375494;0;-0.000138365;-0.617509;0.0484301;-0.00358648
-0.133128;-0.377196;0;-0.000135514;-0.596321;0.0467735;-0.0034638
-0.128377;-0.378839;0;-0.000132663;-0.575139;0.0451174;-0.00334116
-0.123607;-0.380423;0;-0.000129814;-0.553967;0.0434621;-0.00321857
-0.118817;-0.381946;0;-0.000126967;-0.532808;0.0418077;-0.00309606
-0.114008;-0.383409;0;-0.000124122;-0.511666;0.0401547;-0.00297365
-0.109181;-0.384811;0;-0.000121282;-0.490567;0.0385049;-0.00285147
-0.104337;-0.386153;0;-0.000118308;-0.468525;0.0367765;-0.00272348
-0.099476;-0.387433;0;-0.000115327;-0.446427;0.0350444;-0.0025952
-0.0945996;-0.388653;0;-0.000112345;-0.424317;0.0333113;-0.00246686
-0.0897083;-0.389811;0;-0.000109361;-0.402198;0.0315775;-0.00233846
-0.0848028;-0.390907;0;-0.000106378;-0.380089;0.0298445;-0.00221013
-0.079884;-0.391942;0;-0.00010339;-0.357939;0.0281083;-0.00208156
-0.0749525;-0.392915;0;-0.0001004;-0.335774;0.026371;-0.0019529
-0.0700092;-0.393826;0;-9.74109e-05;-0.313613;0.024634;-0.00182426
-0.0650549;-0.394674;0;-9.44223e-05;-0.291459;0.0228974;-0.00169566
-0.0600902;-0.395461;0;-9.14351e-05;-0.269315;0.0211617;-0.00156712
-0.0551161;-0.396185;0;-8.84497e-05;-0.247184;0.019427;-0.00143866
-0.0501333;-0.396846;0;-8.5436e-05;-0.22486;0.0176762;-0.00130901
-0.0451426;-0.397445;0;-8.23958e-05;-0.20235;0.0159096;-0.00117818
-0.0401447;-0.39798;0;-7.93538e-05;-0.179828;0.014142;-0.00104728
-0.0351405;-0.398453;0;-7.63106e-05;-0.157296;0.0123737;-0.000916329
-0.0301307;-0.398864;0;-7.32717e-05;-0.134796;0.0106078;-0.000785556
-0.0251162;-0.399211;0;-7.02256e-05;-0.112243;0.00883774;-0.000654477
-0.0200977;-0.399495;0;-6.71792e-05;-0.0896885;0.00706759;-0.000523389
-0.0150761;-0.399716;0;-6.41332e-05;-0.0671362;0.0052976;-0.000392313
-0.010052;-0.399874;0;-6.1088e-05;-0.0445896;0.00352806;-0.000261269
-0.00502642;-0.399968;0;-5.80439e-05;-0.0220521;0.00175923;-0.000130279
-7.34788e-17;-0.4;0;-5.50016e-05;0.00047257;-8.59414e-06;6.36437e-07
0.00502642;-0.399968;0;-5.19831e-05;0.0228223;-0.00176255;0.000130525
0.010052;-0.399874;0;-4.89521e-05;0.0452664;-0.00352358;0.000260938
0.0150761;-0.399716;0;-4.59187e-05;0.0677292;-0.00528607;0.000391459
0.0200977;-0.399495;0;-4.28831e-05;0.0902071;-0.00704976;0.000522068
0.0251162;-0.399211;0;-3.9846e-05;0.112697;-0.00881435;0.000652745
0.0301307;-0.398864;0;-3.68079e-05;0.135194;-0.0105796;0.000783468
0.0351405;-0.398453;0;-3.37691e-05;0.157696;-0.0123452;0.000914217
0.0401447;-0.39798;0;-3.07302e-05;0.180199;-0.0141108;0.00104497
0.0451426;-0.397445;0;-2.76916e-05;0.202699;-0.0158763;0.00117571
0.0501333;-0.396846;0;-2.46539e-05;0.225193;-0.0176412;0.00130642
0.0551161;-0.396185;0;-2.16345e-05;0.247528;-0.0193968;0.00143643
0.0600902;-0.395461;0;-1.86047e-05;0.269939;-0.0211586;0.00156689
0.0650549;-0.394674;0;-1.56533e-05;0.291801;-0.022874;0.00169393
0.0700092;-0.393826;0;-1.2655e-05;0.314012;-0.0246166;0.00182298
0.0749525;-0.392915;0;-9.65636e-06;0.336226;-0.0263595;0.00195204
0.079884;-0.391942;0;-6.6579e-06;0.358438;-0.0281022;0.0020811
0.0848028;-0.390907;0;-3.72464e-06;0.380169;-0.0298068;0.00220734
0.0897083;-0.389811;0;-7.67715e-07;0.402079;-0.031525;0.00233457
0.0945996;-0.388653;0;2.19e-06;0.423996;-0.0332436;0.00246184
0.099476;-0.387433;0;5.14804e-06;0.445914;-0.0349623;0.00258913
0.104337;-0.386153;0;8.10594e-06;0.467832;-0.036681;0.0027164
0.109181;-0.384811;0;1.10632e-05;0.489746;-0.0383994;0.00284366
0.114008;-0.383409;0;1.40194e-05;0.511651;-0.0401171;0.00297086
0.118817;-0.381946;0;1.68429e-05;0.532598;-0.0417579;0.00309237
0.123607;-0.380423;0;1.96985e-05;0.5538;-0.0434175;0.00321527
0.128377;-0.378839;0;2.25557e-05;0.575013;-0.0450781;0.00333825
0.133128;-0.377196;0;2.54139e-05;0.596234;-0.0467392;0.00346126
0.137857;-0.375494;0;2.82727e-05;0.617459;-0.0484007;0.0035843
0.142565;-0.373732;0;3.11316e-05;0.638686;-0.0500623;0.00370735
0.14725;-0.371911;0;3.39903e-05;0.65991;-0.0517237;0.00383039
0.151912;-0.370031;0;3.68482e-05;0.681129;-0.0533847;0.00395339
0.156549;-0.368093;0;3.97049e-05;0.702338;-0.0550449;0.00407634
0.161163;-0.366096;0;4.25599e-05;0.723535;-0.0567042;0.00419922
0.16575;-0.364042;0;4.54128e-05;0.744717;-0.0583623;0.00432201
0.170312;-0.361931;0;4.8216e-05;0.765533;-0.0599911;0.00444263
0.174846;-0.359762;0;5.09412e-05;0.785784;-0.0615742;0.00455987
0.179353;-0.357537;0;5.35838e-05;0.805454;-0.0631103;0.00467362
0.183832;-0.355255;0;5.62282e-05;0.825137;-0.0646473;0.00478744
0.188282;-0.352916;0;5.88739e-05;0.844831;-0.0661852;0.00490133
0.192701;-0.350523;0;6.15206e-05;0.864531;-0.0677235;0.00501525
0.197091;-0.348074;0;6.41677e-05;0.884234;-0.0692622;0.00512919
0.201449;-0.345569;0;6.68149e-05;0.903939;-0.0708008;0.00524314
0.205776;-0.343011;0;6.94618e-05;0.923641;-0.0723393;0.00535707
0.21007;-0.340398;0;7.21079e-05;0.943337;-0.0738774;0.00547097
0.214331;-0.337731;0;7.47528e-05;0.963025;-0.0754147;0.00558482
0.218558;-0.335011;0;7.73962e-05;0.982701;-0.0769512;0.0056986
0.22275;-0.332238;0;8.00375e-05;1.00236;-0.0784864;0.00581229
0.226908;-0.329413;0;8.25709e-05;1.02125;-0.0799582;0.00592129
0.231029;-0.326536;0;8.49303e-05;1.03886;-0.0813299;0.00602287
0.235114;-0.323607;0;8.72916e-05;1.05648;-0.0827027;0.00612453
0.239162;-0.320627;0;8.96545e-05;1.07412;-0.0840764;0.00622626
0.243172;-0.317596;0;9.20186e-05;1.09176;-0.0854509;0.00632804
0.247144;-0.314515;0;9.43836e-05;1.10941;-0.0868258;0.00642986
0.251077;-0.311385;0;9.6749e-05;1.12707;-0.088201;0.0065317
0.25497;-0.308205;0;9.91145e-05;1.14473;-0.0895762;0.00663354
0.258822;-0.304977;0;0.00010148;1.16238;-0.0909513;0.00673537
0.262634;-0.301701;0;0.000103844;1.18003;-0.0923259;0.00683717
0.266405;-0.298376;0;0.000106208;1.19767;-0.0937;0.00693893
0.270133;-0.295005;0;0.00010857;1.2153;-0.0950732;0.00704062
0.273819;-0.291587;0;0.00011093;1.23292;-0.0964454;0.00714224
0.277461;-0.288124;0;0.000113247;1.25021;-0.0977921;0.00724197
0.28106;-0.284614;0;0.000115328;1.26576;-0.0990023;0.00733159
0.284614;-0.28106;0;0.000117359;1.28095;-0.100184;0.00741908
0.288124;-0.277461;0;0.000119392;1.29615;-0.101366;0.00750662
0.291587;-0.273819;0;0.000121425;1.31136;-0.102548;0.00759419
0.295005;-0.270133;0;0.000123459;1.32657;-0.103731;0.00768178
0.298376;-0.266405;0;0.000125493;1.34178;-0.104914;0.00776937
0.301701;-0.262634;0;0.000127526;1.35699;-0.106096;0.00785695
0.304977;-0.258822;0;0.000129559;1.3722;-0.107279;0.00794451
0.308205;-0.25497;0;0.000131591;1.3874;-0.108461;0.00803203
0.311385;-0.251077;0;0.000133622;1.40259;-0.109642;0.0081195
0.314515;-0.247144;0;0.000135652;1.41777;-0.110822;0.0082069
0.317596;-0.243172;0;0.000137613;1.43245;-0.111963;0.00829136
0.320627;-0.239162;0;0.000139254;1.44473;-0.112917;0.00836205
0.323607;-0.235114;0;0.000140896;1.45702;-0.113872;0.00843279
0.326536;-0.231029;0;0.000142539;1.46932;-0.114828;0.00850359
0.329413;-0.226908;0;0.000144182;1.48162;-0.115785;0.00857442
0.332238;-0.22275;0;0.000145827;1.49393;-0.116742;0.00864527
0.335011;-0.218558;0;0.000147471;1.50624;-0.117699;0.00871614
0.337731;-0.214331;0;0.000149116;1.51855;-0.118656;0.00878701
0.340398;-0.21007;0;0.000150761;1.53087;-0.119613;0.00885788
0.343011;-0.205776;0;0.000152405;1.54317;-0.120569;0.00892872
0.345569;-0.201449;0;0.000154048;1.55548;-0.121525;0.00899954
0.348074;-0.197091;0;0.000155691;1.56777;-0.122481;0.00907031
0.350523;-0.192701;0;0.000157332;1.58006;-0.123436;0.00914103
0.352916;-0.188282;0;0.000158972;1.59233;-0.12439;0.00921168
0.355255;-0.183832;0;0.0001604;1.60303;-0.125221;0.00927322
0.357537;-0.179353;0;0.000161619;1.61218;-0.125931;0.00932575
0.359762;-0.174846;0;0.000162838;1.62134;-0.12664;0.00937831
0.361931;-0.170312;0;0.000164005;1.63009;-0.127319;0.00942856
0.364042;-0.16575;0;0.000165162;1.63878;-0.127993;0.00947845
0.366096;-0.161163;0;0.00016632;1.64747;-0.128667;0.00952837
0.368093;-0.156549;0;0.000167479;1.65616;-0.129341;0.00957829
0.370031;-0.151912;0;0.000168637;1.66485;-0.130015;0.0096282
0.371911;-0.14725;0;0.000169795;1.67354;-0.130689;0.00967811
0.373732;-0.142565;0;0.000170952;1.68222;-0.131362;0.009728
0.375494;-0.137857;0;0.000172109;1.6909;-0.132036;0.00977786
0.377196;-0.133128;0;0.000173265;1.69957;-0.132708;0.00982769
0.378839;-0.128377;0;0.000174415;1.70819;-0.133378;0.00987726
0.380423;-0.123607;0;0.000175451;1.71598;-0.133981;0.00992192
0.381946;-0.118817;0;0.0001762;1.72169;-0.134416;0.00995418
0.383409;-0.114008;0;0.00017695;1.72741;-0.134852;0.00998645
0.384811;-0.109181;0;0.000177701;1.73313;-0.135288;0.0100187
0.386153;-0.104337;0;0.000178413;1.73855;-0.135702;0.0100494
0.387433;-0.099476;0;0.000179055;1.74344;-0.136075;0.010077
0.388653;-0.0945996;0;0.000179697;1.74834;-0.136448;0.0101047
0.389811;-0.0897083;0;0.00018034;1.75324;-0.136822;0.0101323
0.390907;-0.0848028;0;0.000180982;1.75814;-0.137195;0.0101599
0.391942;-0.079884;0;0.000181624;1.76304;-0.137568;0.0101876
0.392915;-0.0749525;0;0.000182267;1.76793;-0.137941;0.0102152
0.393826;-0.0700092;0;0.000182909;1.77283;-0.138314;0.0102428
0.394674;-0.0650549;0;0.00018355;1.77772;-0.138687;0.0102704
0.395461;-0.0600902;0;0.000184191;1.78261;-0.139059;0.010298
0.396185;-0.0551161;0;0.000184583;1.78577;-0.139285;0.0103147
0.396846;-0.0501333;0;0.000184878;1.78828;-0.139453;0.0103272
0.397445;-0.0451426;0;0.000185172;1.79079;-0.139622;0.0103396
0.39798;-0.0401447;0;0.000185381;1.7926;-0.13974;0.0103484
0.398453;-0.0351405;0;0.000185518;1.79383;-0.139818;0.0103542
0.398864;-0.0301307;0;0.000185654;1.79505;-0.139895;0.0103599
0.399211;-0.0251162;0;0.000185791;1.79628;-0.139973;0.0103657
0.399495;-0.0200977;0;0.000185928;1.7975;-0.14005;0.0103714
0.399716;-0.0150761;0;0.000186065;1.79873;-0.140128;0.0103771
0.399874;-0.010052;0;0.000186201;1.79996;-0.140206;0.0103829
0.399968;-0.00502642;0;0.000186338;1.80118;-0.140283;0.0103886
