0.4;0;0;-0.000979846;1.16172;-0.140359;0.0103943
0.399968;0.00502642;0;-0.00097983;1.1695;-0.140279;0.0103883
0.399874;0.010052;0;-0.000979813;1.17743;-0.140196;0.0103822
0.399716;0.0150761;0;-0.000979797;1.18536;-0.140114;0.0103761
0.399495;0.0200977;0;-0.00097978;1.1933;-0.140032;0.01037
0.399211;0.0251162;0;-0.000979763;1.20123;-0.13995;0.0103639
0.398864;0.0301307;0;-0.000979747;1.20917;-0.139867;0.0103578
0.398453;0.0351405;0;-0.00097973;1.2171;-0.139785;0.0103518
0.39798;0.0401447;0;-0.000979714;1.22503;-0.139703;0.0103457
0.397445;0.0451426;0;-0.000979795;1.23255;-0.139552;0.0103345
0.396846;0.0501333;0;-0.000979921;1.24004;-0.139365;0.0103206
0.396185;0.0551161;0;-0.000980048;1.24753;-0.139178;0.0103068
0.395461;0.0600902;0;-0.000980174;1.25502;-0.138991;0.0102929
0.394674;0.0650549;0;-0.000980451;1.26475;-0.138655;0.0102681
0.393826;0.0700092;0;-0.000980757;1.27511;-0.138289;0.0102409
0.392915;0.0749525;0;-0.000981063;1.28548;-0.137921;0.0102137
0.391942;0.079884;0;-0.000981369;1.29584;-0.137554;0.0101866
0.390907;0.0848028;0;-0.000981675;1.30621;-0.137187;0.0101594
0.389811;0.0897083;0;-0.000981982;1.31657;-0.13682;0.0101321
0.388653;0.0945996;0;-0.000982288;1.32693;-0.136452;0.0101049
0.387433;0.099476;0;-0.000982595;1.33728;-0.136085;0.0100777
0.386153;0.104337;0;-0.00098293;1.34732;-0.135698;0.0100491
0.384811;0.109181;0;-0.000983352;1.35752;-0.135245;0.0100156
0.383409;0.114008;0;-0.000983774;1.36772;-0.134793;0.00998205
0.381946;0.118817;0;-0.000984196;1.37792;-0.134341;0.00994855
0.380423;0.123607;0;-0.000984617;1.38811;-0.133888;0.00991507
0.378839;0.128377;0;-0.00098523;1.39734;-0.1333;0.0098715
0.377196;0.133128;0;-0.00098596;1.4064;-0.132623;0.0098214
0.375494;0.137857;0;-0.000986695;1.41466;-0.13195;0.00977152
0.373732;0.142565;0;-0.00098743;1.42292;-0.131276;0.00972165
0.371911;0.14725;0;-0.000988165;1.43118;-0.130603;0.00967174
0.370031;0.151912;0;-0.000988901;1.43944;-0.129929;0.00962182
0.368093;0.156549;0;-0.000989637;1.44771;-0.129254;0.0095719
0.366096;0.161163;0;-0.000990374;1.45598;-0.12858;0.00952197
0.364042;0.16575;0;-0.00099111;1.46426;-0.127906;0.00947204
0.361931;0.170312;0;-0.000991846;1.47253;-0.127232;0.00942214
0.359762;0.174846;0;-0.000992581;1.48079;-0.126558;0.00937225
0.357537;0.179353;0;-0.000993317;1.48906;-0.125885;0.0093224
0.355255;0.183832;0;-0.000994052;1.49732;-0.125212;0.00927258
0.352916;0.188282;0;-0.000995042;1.50108;-0.124399;0.00921231
0.350523;0.192701;0;-0.000996283;1.50032;-0.123446;0.00914176
0.348074;0.197091;0;-0.000997526;1.49956;-0.122492;0.00907114
0.345569;0.201449;0;-0.000998769;1.4988;-0.121538;0.00900047
0.343011;0.205776;0;-0.00100001;1.49805;-0.120583;0.00892976
0.340398;0.21007;0;-0.00100126;1.4973;-0.119628;0.00885902
0.337731;0.214331;0;-0.0010025;1.49656;-0.118672;0.00878826
0.335011;0.218558;0;-0.00100375;1.49581;-0.117717;0.00871749
0.332238;0.22275;0;-0.00100499;1.49508;-0.116761;0.00864672
0.329413;0.226908;0;-0.00100624;1.49434;-0.115806;0.00857597
0.326536;0.231029;0;-0.00100748;1.49361;-0.114851;0.00850524
0.323607;0.235114;0;-0.00100873;1.49297;-0.113895;0.00843446
0.320627;0.239162;0;-0.00100998;1.49221;-0.112936;0.00836348
0.317596;0.243172;0;-0.00101123;1.49146;-0.111979;0.00829255
0.314515;0.247144;0;-0.00101276;1.48385;-0.110883;0.00821144
0.311385;0.251077;0;-0.00101447;1.47211;-0.109705;0.00812417
0.308205;0.25497;0;-0.00101618;1.46035;-0.108526;0.00803684
0.304977;0.258822;0;-0.00101789;1.44854;-0.107345;0.0079494
0.301701;0.262634;0;-0.00101961;1.43666;-0.106163;0.00786184
0.298376;0.266405;0;-0.00102132;1.4248;-0.104979;0.0077742
0.295005;0.270133;0;-0.00102304;1.41296;-0.103794;0.00768645
0.291587;0.273819;0;-0.00102476;1.40112;-0.102609;0.0075987
0.288124;0.277461;0;-0.00102648;1.38929;-0.101424;0.00751096
0.284614;0.28106;0;-0.0010282;1.37747;-0.10024;0.00742326
0.28106;0.284614;0;-0.00102991;1.36566;-0.0990564;0.0073356
0.277461;0.288124;0;-0.00103167;1.35281;-0.0978542;0.00724657
0.273819;0.291587;0;-0.00103375;1.3332;-0.096484;0.0071451
0.270133;0.295005;0;-0.00103583;1.31358;-0.0951124;0.00704353
0.266405;0.298376;0;-0.00103792;1.29394;-0.0937398;0.00694188
0.262634;0.301701;0;-0.00104;1.27429;-0.0923665;0.00684018
0.258822;0.304977;0;-0.00104209;1.25464;-0.0909925;0.00673842
0.25497;0.308205;0;-0.00104417;1.23498;-0.0896181;0.00663665
0.251077;0.311385;0;-0.00104626;1.21538;-0.088243;0.00653481
0.247144;0.314515;0;-0.00104835;1.19577;-0.0868677;0.00643296
0.243172;0.317596;0;-0.00105044;1.17609;-0.0854912;0.00633103
0.239162;0.320627;0;-0.00105253;1.15641;-0.0841153;0.00622914
0.235114;0.323607;0;-0.00105462;1.13674;-0.08274;0.00612729
0.231029;0.326536;0;-0.0010567;1.11708;-0.0813655;0.0060255
0.226908;0.329413;0;-0.00105879;1.09743;-0.0799922;0.0059238
0.22275;0.332238;0;-0.00106101;1.07605;-0.078534;0.00581581
0.218558;0.335011;0;-0.00106336;1.05309;-0.0769981;0.00570208
0.214331;0.337731;0;-0.0010657;1.0301;-0.0754611;0.00558825
0.21007;0.340398;0;-0.00106805;1.00709;-0.0739231;0.00547436
0.205776;0.343011;0;-0.0010704;0.984071;-0.0723844;0.00536041
0.201449;0.345569;0;-0.00107275;0.961041;-0.0708453;0.00524643
0.197091;0.348074;0;-0.00107511;0.938005;-0.0693059;0.00513243
0.192701;0.350523;0;-0.00107746;0.914966;-0.0677666;0.00501844
0.188282;0.352916;0;-0.00107981;0.891927;-0.0662275;0.00490446
0.183832;0.355255;0;-0.00108216;0.868894;-0.0646889;0.00479052
0.179353;0.357537;0;-0.00108451;0.845868;-0.0631511;0.00467664
0.174846;0.359762;0;-0.00108685;0.822854;-0.0616143;0.00456283
0.170312;0.361931;0;-0.00108922;0.799948;-0.0600577;0.00444756
0.16575;0.364042;0;-0.00109174;0.776081;-0.0583972;0.00432459
0.161163;0.366096;0;-0.00109427;0.752084;-0.0567286;0.00420102
0.156549;0.368093;0;-0.0010968;0.728063;-0.0550583;0.00407733
0.151912;0.370031;0;-0.00109934;0.704021;-0.0533865;0.00395353
0.14725;0.371911;0;-0.00110187;0.679963;-0.0517137;0.00382964
0.142565;0.373732;0;-0.00110441;0.655892;-0.0500399;0.00370569
0.137857;0.375494;0;-0.00110695;0.631812;-0.0483654;0.00358169
0.133128;0.377196;0;-0.00110949;0.607726;-0.0466906;0.00345766
0.128377;0.378839;0;-0.00111203;0.583639;-0.0450158;0.00333363
0.123607;0.380423;0;-0.00111457;0.559555;-0.043341;0.00320961
0.118817;0.381946;0;-0.00111703;0.53675;-0.0417074;0.00308863
0.114008;0.383409;0;-0.0011196;0.513605;-0.0399927;0.00296165
0.109181;0.384811;0;-0.00112217;0.49045;-0.0382773;0.00283462
0.104337;0.386153;0;-0.00112474;0.467288;-0.0365614;0.00270755
0.099476;0.387433;0;-0.00112731;0.444124;-0.0348454;0.00258046
0.0945996;0.388653;0;-0.00112988;0.42096;-0.0331293;0.00245338
0.0897083;0.389811;0;-0.00113245;0.3978;-0.0314136;0.00232633
0.0848028;0.390907;0;-0.00113502;0.374649;-0.0296985;0.00219932
0.079884;0.391942;0;-0.00113758;0.351509;-0.0279843;0.00207237
0.0749525;0.392915;0;-0.00114015;0.328385;-0.0262713;0.00194551
0.0700092;0.393826;0;-0.00114271;0.30528;-0.0245596;0.00181876
0.0650549;0.394674;0;-0.00114527;0.282198;-0.0228497;0.00169213
0.0600902;0.395461;0;-0.00114783;0.259142;-0.0211417;0.00156564
0.0551161;0.396185;0;-0.00115038;0.236116;-0.0194359;0.00143932
0.0501333;0.396846;0;-0.00115299;0.213442;-0.0176808;0.00130935
0.0451426;0.397445;0;-0.0011556;0.190941;-0.0159164;0.00117869
0.0401447;0.39798;0;-0.00115822;0.168415;-0.0141501;0.00104788
0.0351405;0.398453;0;-0.00116084;0.145867;-0.012382;0.000916944
0.0301307;0.398864;0;-0.00116346;0.1233;-0.0106124;0.0007859
0.0251162;0.399211;0;-0.00116609;0.100718;-0.00884168;0.000654768
0.0200977;0.399495;0;-0.00116871;0.0781255;-0.00707004;0.00052357
0.0150761;0.399716;0;-0.00117134;0.0555249;-0.00529779;0.000392326
0.010052;0.399874;0;-0.00117396;0.0329201;-0.00352519;0.000261057
0.00502642;0.399968;0;-0.00117659;0.0103148;-0.00175254;0.000129784
2.44929e-17;0.4;0;-0.00117922;-0.0122875;1.98971e-05;-1.47348e-06
-0.00502642;0.399968;0;-0.00118184;-0.0348833;0.00179183;-0.000132694
-0.010052;0.399874;0;-0.00118447;-0.057469;0.00356299;-0.000263856
-0.0150761;0.399716;0;-0.00118709;-0.0800409;0.00533308;-0.00039494
-0.0200977;0.399495;0;-0.00118971;-0.102596;0.00710184;-0.000525925
-0.0251162;0.399211;0;-0.00119233;-0.12513;0.00886897;-0.00065679
-0.0301307;0.398864;0;-0.00119495;-0.147639;0.0106342;-0.000787514
-0.0351405;0.398453;0;-0.00119754;-0.16997;0.0123824;-0.000916979
-0.0401447;0.39798;0;-0.0012001;-0.191423;0.0141232;-0.00104589
-0.0451426;0.397445;0;-0.00120265;-0.212008;0.0158641;-0.00117481
-0.0501333;0.396846;0;-0.0012052;-0.232609;0.0176065;-0.00130384
-0.0551161;0.396185;0;-0.00120775;-0.253224;0.01935;-0.00143296
-0.0600902;0.395461;0;-0.00121031;-0.273849;0.0210943;-0.00156214
-0.0650549;0.394674;0;-0.00121286;-0.294481;0.0228392;-0.00169135
-0.0700092;0.393826;0;-0.00121542;-0.315117;0.0245844;-0.00182059
-0.0749525;0.392915;0;-0.00121797;-0.335753;0.0263297;-0.00194984
-0.079884;0.391942;0;-0.00122053;-0.356386;0.0280746;-0.00207906
-0.0848028;0.390907;0;-0.00122308;-0.377013;0.0298191;-0.00220825
-0.0897083;0.389811;0;-0.00122563;-0.39763;0.0315627;-0.00233737
-0.0945996;0.388653;0;-0.00122818;-0.418235;0.0333053;-0.00246642
-0.099476;0.387433;0;-0.00123073;-0.438824;0.0350465;-0.00259536
-0.104337;0.386153;0;-0.00123325;-0.459198;0.0367636;-0.00272252
-0.109181;0.384811;0;-0.00123569;-0.478558;0.0384379;-0.00284651
-0.114008;0.383409;0;-0.0012381;-0.497081;0.0400989;-0.00296951
-0.118817;0.381946;0;-0.00124051;-0.515619;0.0417611;-0.00309261
-0.123607;0.380423;0;-0.00124293;-0.534169;0.0434244;-0.00321578
-0.128377;0.378839;0;-0.00124534;-0.552728;0.0450885;-0.00333901
-0.133128;0.377196;0;-0.00124776;-0.571293;0.046753;-0.00346228
-0.137857;0.375494;0;-0.00125017;-0.589861;0.0484178;-0.00358557
-0.142565;0.373732;0;-0.00125259;-0.60843;0.0500825;-0.00370885
-0.14725;0.371911;0;-0.00125501;-0.626996;0.051747;-0.00383211
-0.151912;0.370031;0;-0.00125741;-0.645521;0.0534039;-0.00395481
-0.156549;0.368093;0;-0.00125982;-0.664077;0.0550614;-0.00407756
-0.161163;0.366096;0;-0.00126223;-0.682623;0.0567181;-0.00420024
-0.16575;0.364042;0;-0.00126463;-0.701156;0.0583736;-0.00432284
-0.170312;0.361931;0;-0.00126703;-0.719673;0.0600277;-0.00444534
-0.174846;0.359762;0;-0.00126933;-0.737083;0.0616183;-0.00456313
-0.179353;0.357537;0;-0.00127154;-0.754061;0.0631459;-0.00467625
-0.183832;0.355255;0;-0.00127376;-0.771051;0.0646746;-0.00478947
-0.188282;0.352916;0;-0.00127597;-0.788051;0.0662043;-0.00490274
-0.192701;0.350523;0;-0.00127819;-0.805057;0.0677347;-0.00501608
-0.197091;0.348074;0;-0.0012804;-0.822067;0.0692655;-0.00512944
-0.201449;0.345569;0;-0.00128262;-0.839079;0.0707965;-0.00524281
-0.205776;0.343011;0;-0.00128483;-0.856089;0.0723274;-0.00535619
-0.21007;0.340398;0;-0.00128705;-0.873094;0.0738581;-0.00546954
-0.214331;0.337731;0;-0.00128926;-0.890093;0.0753882;-0.00558285
-0.218558;0.335011;0;-0.00129148;-0.907083;0.0769175;-0.00569611
-0.22275;0.332238;0;-0.00129366;-0.923642;0.0784266;-0.00580786
-0.226908;0.329413;0;-0.00129579;-0.939291;0.0799138;-0.00591799
-0.231029;0.326536;0;-0.00129775;-0.954626;0.0812685;-0.00601832
-0.235114;0.323607;0;-0.00129974;-0.970183;0.082642;-0.00612004
-0.239162;0.320627;0;-0.00130173;-0.985749;0.0840164;-0.00622182
-0.243172;0.317596;0;-0.00130372;-1.00132;0.0853915;-0.00632365
-0.247144;0.314515;0;-0.00130571;-1.0169;0.0867671;-0.00642552
-0.251077;0.311385;0;-0.0013077;-1.03248;0.0881429;-0.0065274
-0.25497;0.308205;0;-0.00130969;-1.04806;0.0895188;-0.00662929
-0.258822;0.304977;0;-0.00131168;-1.06363;0.0908945;-0.00673117
-0.262634;0.301701;0;-0.00131367;-1.07921;0.0922698;-0.00683302
-0.266405;0.298376;0;-0.00131566;-1.09477;0.0936446;-0.00693483
-0.270133;0.295005;0;-0.00131765;-1.11032;0.0950184;-0.00703657
-0.273819;0.291587;0;-0.00131964;-1.12586;0.0963913;-0.00713823
-0.277461;0.288124;0;-0.00132149;-1.14002;0.0976803;-0.00723369
-0.28106;0.284614;0;-0.00132326;-1.15337;0.0989075;-0.00732457
-0.284614;0.28106;0;-0.00132497;-1.16644;0.100099;-0.0074128
-0.288124;0.277461;0;-0.00132669;-1.17952;0.101291;-0.00750106
-0.291587;0.273819;0;-0.0013284;-1.1926;0.102483;-0.00758935
-0.295005;0.270133;0;-0.00133012;-1.20568;0.103675;-0.00767765
-0.298376;0.266405;0;-0.00133183;-1.21876;0.104868;-0.00776595
-0.301701;0.262634;0;-0.00133355;-1.23183;0.10606;-0.00785423
-0.304977;0.258822;0;-0.00133526;-1.24489;0.107251;-0.00794248
-0.308205;0.25497;0;-0.00133697;-1.25795;0.108443;-0.00803068
-0.311385;0.251077;0;-0.00133869;-1.27099;0.109633;-0.00811883
-0.314515;0.247144;0;-0.0013404;-1.28403;0.110822;-0.00820691
-0.317596;0.243172;0;-0.00134198;-1.29548;0.111932;-0.00828912
-0.320627;0.239162;0;-0.00134335;-1.30509;0.112893;-0.00836027
-0.323607;0.235114;0;-0.00134471;-1.3147;0.113855;-0.00843148
-0.326536;0.231029;0;-0.00134608;-1.32431;0.114817;-0.00850273
-0.329413;0.226908;0;-0.00134745;-1.33392;0.115779;-0.00857402
-0.332238;0.22275;0;-0.00134882;-1.34354;0.116742;-0.00864533
-0.335011;0.218558;0;-0.00135018;-1.35315;0.117705;-0.00871664
-0.337731;0.214331;0;-0.00135153;-1.36258;0.118653;-0.00878685
-0.340398;0.21007;0;-0.00135287;-1.37214;0.119602;-0.0088571
-0.343011;0.205776;0;-0.00135422;-1.3817;0.12055;-0.00892733
-0.345569;0.201449;0;-0.00135557;-1.39127;0.121498;-0.00899753
-0.348074;0.197091;0;-0.00135692;-1.40083;0.122446;-0.0090677
-0.350523;0.192701;0;-0.00135827;-1.41039;0.123393;-0.00913782
-0.352916;0.188282;0;-0.00135961;-1.41994;0.124339;-0.00920789
-0.355255;0.183832;0;-0.00136082;-1.4284;0.125193;-0.00927114
-0.357537;0.179353;0;-0.00136181;-1.43517;0.125899;-0.0093234
-0.359762;0.174846;0;-0.00136281;-1.44196;0.126607;-0.00937587
-0.361931;0.170312;0;-0.00136381;-1.44876;0.127316;-0.00942835
-0.364042;0.16575;0;-0.0013648;-1.45556;0.128025;-0.00948083
-0.366096;0.161163;0;-0.0013658;-1.46237;0.128733;-0.00953332
-0.368093;0.156549;0;-0.0013668;-1.46918;0.129442;-0.00958579
-0.370031;0.151912;0;-0.0013678;-1.47599;0.13015;-0.00963825
-0.371911;0.14725;0;-0.0013688;-1.4828;0.130858;-0.00969067
-0.373732;0.142565;0;-0.00136979;-1.48961;0.131566;-0.00974307
-0.375494;0.137857;0;-0.00137079;-1.49643;0.132273;-0.00979542
-0.377196;0.133128;0;-0.00137176;-1.50329;0.132958;-0.00984621
-0.378839;0.128377;0;-0.00137243;-1.50835;0.133437;-0.00988161
-0.380423;0.123607;0;-0.00137305;-1.51294;0.133879;-0.00991436
-0.381946;0.118817;0;-0.00137367;-1.51754;0.134321;-0.00994712
-0.383409;0.114008;0;-0.0013743;-1.52214;0.134764;-0.00997991
-0.384811;0.109181;0;-0.00137492;-1.52675;0.135207;-0.0100127
-0.386153;0.104337;0;-0.00137554;-1.53136;0.13565;-0.0100455
-0.387433;0.099476;0;-0.00137616;-1.53598;0.136093;-0.0100783
-0.388653;0.0945996;0;-0.00137678;-1.54059;0.136536;-0.0101111
-0.389811;0.0897083;0;-0.0013774;-1.54521;0.136978;-0.0101439
-0.390907;0.0848028;0;-0.00137803;-1.54983;0.137421;-0.0101767
-0.391942;0.079884;0;-0.00137865;-1.55445;0.137863;-0.0102094
-0.392915;0.0749525;0;-0.00137927;-1.55906;0.138305;-0.0102422
-0.393826;0.0700092;0;-0.00137989;-1.56368;0.138747;-0.0102749
-0.394674;0.0650549;0;-0.0013805;-1.56826;0.139184;-0.0103073
-0.395461;0.0600902;0;-0.00138074;-1.56997;0.139358;-0.0103201
-0.396185;0.0551161;0;-0.00138093;-1.57122;0.139504;-0.0103309
-0.396846;0.0501333;0;-0.00138112;-1.57247;0.13965;-0.0103418
-0.397445;0.0451426;0;-0.00138131;-1.57373;0.139797;-0.0103526
-0.39798;0.0401447;0;-0.0013815;-1.57499;0.139943;-0.0103634
-0.398453;0.0351405;0;-0.00138169;-1.57637;0.140085;-0.010374
-0.398864;0.0301307;0;-0.00138187;-1.57764;0.140223;-0.0103842
-0.399211;0.0251162;0;-0.00138205;-1.57886;0.140361;-0.0103944
-0.399495;0.0200977;0;-0.00138223;-1.58008;0.140497;-0.0104045
-0.399716;0.0150761;0;-0.0013824;-1.58129;0.140634;-0.0104146
-0.399874;0.010052;0;-0.00138258;-1.58249;0.140771;-0.0104248
-0.399968;0.00502642;0;-0.00138276;-1.58369;0.140907;-0.0104349
-0.4;4.89859e-17;0;-0.00138293;-1.58489;0.141043;-0.0104449
-0.399968;-0.00502642;0;-0.00138277;-1.58269;0.140949;-0.0104379
-0.399874;-0.010052;0;-0.00138253;-1.57982;0.140805;-0.0104273
-0.399716;-0.0150761;0;-0.00138229;-1.57695;0.140662;-0.0104167
-0.399495;-0.0200977;0;-0.00138204;-1.57408;0.140518;-0.010406
-0.399211;-0.0251162;0;-0.0013818;-1.57119;0.140373;-0.0103953
-0.398864;-0.0301307;0;-0.00138156;-1.56831;0.140229;-0.0103846
-0.398453;-0.0351405;0;-0.00138132;-1.56541;0.140085;-0.0103739
-0.39798;-0.0401447;0;-0.00138107;-1.56252;0.13994;-0.0103632
-0.397445;-0.0451426;0;-0.00138083;-1.55961;0.139796;-0.0103525
-0.396846;-0.0501333;0;-0.00138059;-1.55671;0.139651;-0.0103418
-0.396185;-0.0551161;0;-0.00138034;-1.5538;0.139506;-0.0103311
-0.395461;-0.0600902;0;-0.0013801;-1.55089;0.139362;-0.0103204
-0.394674;-0.0650549;0;-0.00137986;-1.54797;0.139217;-0.0103097
-0.393826;-0.0700092;0;-0.00137921;-1.542;0.13879;-0.010278
-0.392915;-0.0749525;0;-0.00137854;-1.53591;0.138352;-0.0102456
-0.391942;-0.079884;0;-0.00137787;-1.52981;0.137914;-0.0102132
-0.390907;-0.0848028;0;-0.00137721;-1.5237;0.137476;-0.0101807
-0.389811;-0.0897083;0;-0.00137654;-1.51758;0.137037;-0.0101482
-0.388653;-0.0945996;0;-0.00137587;-1.51146;0.136598;-0.0101157
-0.387433;-0.099476;0;-0.0013752;-1.50533;0.136159;-0.0100832
-0.386153;-0.104337;0;-0.00137453;-1.4992;0.13572;-0.0100507
-0.384811;-0.109181;0;-0.00137386;-1.49306;0.135281;-0.0100182
-0.383409;-0.114008;0;-0.0013732;-1.48693;0.134842;-0.00998567
-0.381946;-0.118817;0;-0.00137253;-1.48079;0.134403;-0.00995316
-0.380423;-0.123607;0;-0.00137186;-1.47465;0.133964;-0.00992068
-0.378839;-0.128377;0;-0.00137116;-1.46837;0.133504;-0.00988658
-0.377196;-0.133128;0;-0.00137019;-1.46043;0.132849;-0.00983807
-0.375494;-0.137857;0;-0.00136922;-1.45248;0.132193;-0.00978952
-0.373732;-0.142565;0;-0.00136824;-1.44453;0.131537;-0.00974095
-0.371911;-0.14725;0;-0.00136717;-1.43598;0.130816;-0.00968758
-0.370031;-0.151912;0;-0.00136609;-1.42746;0.130087;-0.00963355
-0.368093;-0.156549;0;-0.00136501;-1.41893;0.129357;-0.00957948
-0.366096;-0.161163;0;-0.00136393;-1.41041;0.128626;-0.00952539
-0.364042;-0.16575;0;-0.00136285;-1.40189;0.127896;-0.00947129
-0.361931;-0.170312;0;-0.00136177;-1.39338;0.127165;-0.00941719
-0.359762;-0.174846;0;-0.0013607;-1.38487;0.126435;-0.00936309
-0.357537;-0.179353;0;-0.00135962;-1.37636;0.125704;-0.009309
-0.355255;-0.183832;0;-0.00135841;-1.36704;0.124886;-0.00924838
-0.352916;-0.188282;0;-0.00135718;-1.35754;0.124048;-0.00918634
-0.350523;-0.192701;0;-0.00135589;-1.34752;0.123172;-0.0091215
-0.348074;-0.197091;0;-0.00135453;-1.33678;0.122245;-0.00905286
-0.345569;-0.201449;0;-0.00135316;-1.32604;0.121318;-0.00898419
-0.343011;-0.205776;0;-0.0013518;-1.31529;0.12039;-0.00891549
-0.340398;-0.21007;0;-0.00135044;-1.30455;0.119463;-0.00884678
-0.337731;-0.214331;0;-0.00134907;-1.29381;0.118535;-0.00877807
-0.335011;-0.218558;0;-0.00134771;-1.28307;0.117607;-0.00870937
-0.332238;-0.22275;0;-0.00134634;-1.27234;0.11668;-0.00864069
-0.329413;-0.226908;0;-0.00134498;-1.26162;0.115753;-0.00857204
-0.326536;-0.231029;0;-0.00134359;-1.25099;0.114796;-0.00850118
-0.323607;-0.235114;0;-0.00134216;-1.2401;0.113826;-0.00842934
-0.320627;-0.239162;0;-0.00134074;-1.22922;0.112856;-0.00835754
-0.317596;-0.243172;0;-0.00133932;-1.21831;0.111885;-0.00828558
-0.314515;-0.247144;0;-0.00133768;-1.20542;0.110764;-0.00820259
-0.311385;-0.251077;0;-0.00133593;-1.1913;0.109572;-0.00811434
-0.308205;-0.25497;0;-0.00133417;-1.17718;0.108379;-0.00802601
-0.304977;-0.258822;0;-0.00133242;-1.16304;0.107186;-0.00793763
-0.301701;-0.262634;0;-0.00133066;-1.14889;0.105992;-0.0078492
-0.298376;-0.266405;0;-0.00132891;-1.13473;0.104797;-0.00776074
-0.295005;-0.270133;0;-0.00132715;-1.12057;0.103602;-0.00767226
-0.291587;-0.273819;0;-0.00132539;-1.10641;0.102408;-0.00758378
-0.288124;-0.277461;0;-0.00132363;-1.09224;0.101213;-0.0074953
-0.284614;-0.28106;0;-0.00132188;-1.07807;0.100019;-0.00740686
-0.28106;-0.284614;0;-0.00132012;-1.0639;0.0988248;-0.00731845
-0.277461;-0.288124;0;-0.00131829;-1.0491;0.0975776;-0.00722609
-0.273819;-0.291587;0;-0.00131642;-1.03396;0.0963027;-0.00713168
-0.270133;-0.295005;0;-0.00131446;-1.018;0.0949673;-0.00703278
-0.266405;-0.298376;0;-0.00131245;-1.0017;0.0936012;-0.00693161
-0.262634;-0.301701;0;-0.00131044;-0.9854;0.0922344;-0.00683039
-0.258822;-0.304977;0;-0.00130843;-0.96909;0.0908671;-0.00672914
-0.25497;-0.308205;0;-0.00130642;-0.952774;0.0894996;-0.00662787
-0.251077;-0.311385;0;-0.00130441;-0.936457;0.088132;-0.0065266
-0.247144;-0.314515;0;-0.0013024;-0.920141;0.0867647;-0.00642534
-0.243172;-0.317596;0;-0.00130039;-0.903828;0.0853977;-0.00632411
-0.239162;-0.320627;0;-0.00129838;-0.887521;0.0840314;-0.00622292
-0.235114;-0.323607;0;-0.00129637;-0.871222;0.0826658;-0.0061218
-0.231029;-0.326536;0;-0.00129437;-0.854934;0.0813013;-0.00602075
-0.226908;-0.329413;0;-0.00129232;-0.838765;0.0799031;-0.00591721
-0.22275;-0.332238;0;-0.00129016;-0.822124;0.0784172;-0.00580717
-0.218558;-0.335011;0;-0.00128795;-0.80496;0.0769012;-0.0056949
-0.214331;-0.337731;0;-0.00128571;-0.787634;0.0753704;-0.00558154
-0.21007;-0.340398;0;-0.00128348;-0.770297;0.073839;-0.00546813
-0.205776;-0.343011;0;-0.00128124;-0.752952;0.0723069;-0.00535467
-0.201449;-0.345569;0;-0.00127901;-0.7356;0.0707746;-0.0052412
-0.197091;-0.348074;0;-0.00127677;-0.718246;0.0692422;-0.00512772
-0.192701;-0.350523;0;-0.00127453;-0.700891;0.06771;-0.00501425
-0.188282;-0.352916;0;-0.0012723;-0.683539;0.0661783;-0.00490082
-0.183832;-0.355255;0;-0.00127006;-0.666192;0.0646472;-0.00478743
-0.179353;-0.357537;0;-0.00126783;-0.648852;0.063117;-0.00467411
-0.174846;-0.359762;0;-0.00126559;-0.631524;0.061588;-0.00456088
-0.170312;-0.361931;0;-0.00126329;-0.614188;0.0600028;-0.0044435
-0.16575;-0.364042;0;-0.00126091;-0.596215;0.0583655;-0.00432224
-0.161163;-0.366096;0;-0.00125851;-0.578059;0.0567114;-0.00419975
-0.156549;-0.368093;0;-0.0012561;-0.55989;0.0550562;-0.00407718
-0.151912;-0.370031;0;-0.00125369;-0.54171;0.0534002;-0.00395454
-0.14725;-0.371911;0;-0.00125129;-0.523522;0.0517437;-0.00383187
-0.142565;-0.373732;0;-0.00124888;-0.50533;0.0500869;-0.00370917
-0.137857;-0.375494;0;-0.00124647;-0.487135;0.0484301;-0.00358648
-0.133128;-0.377196;0;-0.00124406;-0.468942;0.0467735;-0.0034638
-0.128377;-0.378839;0;-0.00124165;-0.450752;0.0451174;-0.00334116
-0.123607;-0.380423;0;-0.00123924;-0.432569;0.0434621;-0.00321857
-0.118817;-0.381946;0;-0.00123684;-0.414396;0.0418077;-0.00309606
-0.114008;-0.383409;0;-0.00123443;-0.396235;0.0401547;-0.00297365
-0.109181;-0.384811;0;-0.00123204;-0.378129;0.0385049;-0.00285147
-0.104337;-0.386153;0;-0.00122953;-0.359214;0.0367765;-0.00272348
-0.099476;-0.387433;0;-0.00122701;-0.340169;0.0350444;-0.0025952
-0.0945996;-0.388653;0;-0.00122449;-0.32111;0.0333113;-0.00246686
-0.0897083;-0.389811;0;-0.00122197;-0.302042;0.0315775;-0.00233846
-0.0848028;-0.390907;0;-0.00121945;-0.282922;0.0298445;-0.00221013
-0.079884;-0.391942;0;-0.00121693;-0.263808;0.0281083;-0.00208156
-0.0749525;-0.392915;0;-0.0012144;-0.244712;0.026371;-0.0019529
-0.0700092;-0.393826;0;-0.00121188;-0.22562;0.024634;-0.00182426
-0.0650549;-0.394674;0;-0.00120936;-0.206538;0.0228974;-0.00169566
-0.0600902;-0.395461;0;-0.00120683;-0.187467;0.0211617;-0.00156712
-0.0551161;-0.396185;0;-0.00120431;-0.16841;0.019427;-0.00143866
-0.0501333;-0.396846;0;-0.00120177;-0.148904;0.0176762;-0.00130901
-0.0451426;-0.397445;0;-0.0011992;-0.12945;0.0159096;-0.00117818
-0.0401447;-0.39798;0;-0.00119663;-0.109988;0.014142;-0.00104728
-0.0351405;-0.398453;0;-0.00119406;-0.0905196;0.0123737;-0.000916329
-0.0301307;-0.398864;0;-0.0011915;-0.0711319;0.0106078;-0.000785556
-0.0251162;-0.399211;0;-0.00118893;-0.0516472;0.00883774;-0.000654477
-0.0200977;-0.399495;0;-0.00118636;-0.0321598;0.00706759;-0.000523389
-0.0150761;-0.399716;0;-0.00118379;-0.0126726;0.0052976;-0.000392313
-0.010052;-0.399874;0;-0.00118122;0.00681126;0.00352806;-0.000261269
-0.00502642;-0.399968;0;-0.00117865;0.0262887;0.00175923;-0.000130279
-7.34788e-17;-0.4;0;-0.00117609;0.0457568;-8.59414e-06;6.36437e-07
0.00502642;-0.399968;0;-0.00117354;0.0649829;-0.00176255;0.000130525
0.010052;-0.399874;0;-0.00117099;0.0840761;-0.00352358;0.000260938
0.0150761;-0.399716;0;-0.00116843;0.103187;-0.00528607;0.000391459
0.0200977;-0.399495;0;-0.00116588;0.122312;-0.00704976;0.000522068
0.0251162;-0.399211;0;-0.00116332;0.141449;-0.00881435;0.000652745
0.0301307;-0.398864;0;-0.00116076;0.160595;-0.0105796;0.000783468
0.0351405;-0.398453;0;-0.0011582;0.179746;-0.0123452;0.000914217
0.0401447;-0.39798;0;-0.00115564;0.198899;-0.0141108;0.00104497
0.0451426;-0.397445;0;-0.00115308;0.218052;-0.0158763;0.00117571
0.0501333;-0.396846;0;-0.00115052;0.237202;-0.0176412;0.00130642
0.0551161;-0.396185;0;-0.00114799;0.25575;-0.0193968;0.00143643
0.0600902;-0.395461;0;-0.00114545;0.274364;-0.0211586;0.00156689
0.0650549;-0.394674;0;-0.00114298;0.291758;-0.022874;0.00169393
0.0700092;-0.393826;0;-0.00114048;0.309394;-0.0246166;0.00182298
0.0749525;-0.392915;0;-0.00113797;0.327033;-0.0263595;0.00195204
0.079884;-0.391942;0;-0.00113547;0.344673;-0.0281022;0.0020811
0.0848028;-0.390907;0;-0.00113301;0.362155;-0.0298068;0.00220734
0.0897083;-0.389811;0;-0.00113053;0.379922;-0.031525;0.00233457
0.0945996;-0.388653;0;-0.00112806;0.397694;-0.0332436;0.00246184
0.099476;-0.387433;0;-0.00112558;0.415467;-0.0349623;0.00258913
0.104337;-0.386153;0;-0.0011231;0.433239;-0.036681;0.0027164
0.109181;-0.384811;0;-0.00112063;0.451007;-0.0383994;0.00284366
0.114008;-0.383409;0;-0.00111815;0.468767;-0.0401171;0.00297086
0.118817;-0.381946;0;-0.0011158;0.484903;-0.0417579;0.00309237
0.123607;-0.380423;0;-0.00111343;0.500742;-0.0434175;0.00321527
0.128377;-0.378839;0;-0.00111105;0.51659;-0.0450781;0.00333825
0.133128;-0.377196;0;-0.00110868;0.532443;-0.0467392;0.00346126
0.137857;-0.375494;0;-0.00110631;0.548299;-0.0484007;0.0035843
0.142565;-0.373732;0;-0.00110393;0.564156;-0.0500623;0.00370735
0.14725;-0.371911;0;-0.00110156;0.58001;-0.0517237;0.00383039
0.151912;-0.370031;0;-0.00109919;0.59586;-0.0533847;0.00395339
0.156549;-0.368093;0;-0.00109682;0.611704;-0.0550449;0.00407634
0.161163;-0.366096;0;-0.00109445;0.627537;-0.0567042;0.00419922
0.16575;-0.364042;0;-0.00109208;0.643359;-0.0583623;0.00432201
0.170312;-0.361931;0;-0.00108975;0.659061;-0.0599911;0.00444263
0.174846;-0.359762;0;-0.00108749;0.674203;-0.0615742;0.00455987
0.179353;-0.357537;0;-0.00108531;0.688015;-0.0631103;0.00467362
0.183832;-0.355255;0;-0.00108313;0.701837;-0.0646473;0.00478744
0.188282;-0.352916;0;-0.00108094;0.715666;-0.0661852;0.00490133
0.192701;-0.350523;0;-0.00107876;0.7295;-0.0677235;0.00501525
0.197091;-0.348074;0;-0.00107658;0.743336;-0.0692622;0.00512919
0.201449;-0.345569;0;-0.0010744;0.757172;-0.0708008;0.00524314
0.205776;-0.343011;0;-0.00107222;0.771007;-0.0723393;0.00535707
0.21007;-0.340398;0;-0.00107003;0.784838;-0.0738774;0.00547097
0.214331;-0.337731;0;-0.00106785;0.798662;-0.0754147;0.00558482
0.218558;-0.335011;0;-0.00106567;0.812478;-0.0769512;0.0056986
0.22275;-0.332238;0;-0.0010635;0.826284;-0.0784864;0.00581229
0.226908;-0.329413;0;-0.00106141;0.83972;-0.0799582;0.00592129
0.231029;-0.326536;0;-0.00105948;0.850953;-0.0813299;0.00602287
0.235114;-0.323607;0;-0.00105755;0.862195;-0.0827027;0.00612453
0.239162;-0.320627;0;-0.00105563;0.873445;-0.0840764;0.00622626
0.243172;-0.317596;0;-0.0010537;0.884701;-0.0854509;0.00632804
0.247144;-0.314515;0;-0.00105177;0.895962;-0.0868258;0.00642986
0.251077;-0.311385;0;-0.00104984;0.907225;-0.088201;0.0065317
0.25497;-0.308205;0;-0.00104791;0.918489;-0.0895762;0.00663354
0.258822;-0.304977;0;-0.00104598;0.929752;-0.0909513;0.00673537
0.262634;-0.301701;0;-0.00104405;0.941013;-0.0923259;0.00683717
0.266405;-0.298376;0;-0.00104212;0.952269;-0.0937;0.00693893
0.270133;-0.295005;0;-0.00104019;0.963518;-0.0950732;0.00704062
0.273819;-0.291587;0;-0.00103827;0.97476;-0.0964454;0.00714224
0.277461;-0.288124;0;-0.00103638;0.98591;-0.0977921;0.00724197
0.28106;-0.284614;0;-0.0010347;0.994432;-0.0990023;0.00733159
0.284614;-0.28106;0;-0.00103308;1.00188;-0.100184;0.00741908
0.288124;-0.277461;0;-0.00103146;1.00934;-0.101366;0.00750662
0.291587;-0.273819;0;-0.00102984;1.0168;-0.102548;0.00759419
0.295005;-0.270133;0;-0.00102821;1.02426;-0.103731;0.00768178
0.298376;-0.266405;0;-0.00102659;1.03173;-0.104914;0.00776937
0.301701;-0.262634;0;-0.00102497;1.03919;-0.106096;0.00785695
0.304977;-0.258822;0;-0.00102335;1.04666;-0.107279;0.00794451
0.308205;-0.25497;0;-0.00102173;1.05412;-0.108461;0.00803203
0.311385;-0.251077;0;-0.00102011;1.06158;-0.109642;0.0081195
0.314515;-0.247144;0;-0.00101849;1.06903;-0.110822;0.0082069
0.317596;-0.243172;0;-0.00101693;1.07601;-0.111963;0.00829136
0.320627;-0.239162;0;-0.00101567;1.07887;-0.112917;0.00836205
0.323607;-0.235114;0;-0.00101441;1.08173;-0.113872;0.00843279
0.326536;-0.231029;0;-0.00101315;1.08459;-0.114828;0.00850359
0.329413;-0.226908;0;-0.00101189;1.08746;-0.115785;0.00857442
0.332238;-0.22275;0;-0.00101063;1.09033;-0.116742;0.00864527
0.335011;-0.218558;0;-0.00100937;1.0932;-0.117699;0.00871614
0.337731;-0.214331;0;-0.00100811;1.09607;-0.118656;0.00878701
0.340398;-0.21007;0;-0.00100685;1.09894;-0.119613;0.00885788
0.343011;-0.205776;0;-0.00100559;1.10182;-0.120569;0.00892872
0.345569;-0.201449;0;-0.00100433;1.10469;-0.121525;0.00899954
0.348074;-0.197091;0;-0.00100307;1.10756;-0.122481;0.00907031
0.350523;-0.192701;0;-0.00100182;1.11044;-0.123436;0.00914103
0.352916;-0.188282;0;-0.00100056;1.11331;-0.12439;0.00921168
0.355255;-0.183832;0;-0.000999484;1.11479;-0.125221;0.00927322
0.357537;-0.179353;0;-0.000998589;1.11464;-0.125931;0.00932575
0.359762;-0.174846;0;-0.000997694;1.1145;-0.12664;0.00937831
0.361931;-0.170312;0;-0.000996841;1.11445;-0.127319;0.00942856
0.364042;-0.16575;0;-0.000995992;1.11438;-0.127993;0.00947845
0.366096;-0.161163;0;-0.000995143;1.1143;-0.128667;0.00952837
0.368093;-0.156549;0;-0.000994294;1.11423;-0.129341;0.00957829
0.370031;-0.151912;0;-0.000993444;1.11415;-0.130015;0.0096282
0.371911;-0.14725;0;-0.000992595;1.11407;-0.130689;0.00967811
0.373732;-0.142565;0;-0.000991746;1.114;-0.131362;0.009728
0.375494;-0.137857;0;-0.000990898;1.11392;-0.132036;0.00977786
0.377196;-0.133128;0;-0.00099005;1.11384;-0.132708;0.00982769
0.378839;-0.128377;0;-0.00098921;1.11353;-0.133378;0.00987726
0.380423;-0.123607;0;-0.000988457;1.11305;-0.133981;0.00992192
0.381946;-0.118817;0;-0.000987909;1.11327;-0.134416;0.00995418
0.383409;-0.114008;0;-0.000987361;1.11349;-0.134852;0.00998645
0.384811;-0.109181;0;-0.000986812;1.1137;-0.135288;0.0100187
0.386153;-0.104337;0;-0.00098629;1.11391;-0.135702;0.0100494
0.387433;-0.099476;0;-0.000985821;1.1143;-0.136075;0.010077
0.388653;-0.0945996;0;-0.000985352;1.11469;-0.136448;0.0101047
0.389811;-0.0897083;0;-0.000984883;1.11508;-0.136822;0.0101323
0.390907;-0.0848028;0;-0.000984413;1.11547;-0.137195;0.0101599
0.391942;-0.079884;0;-0.000983944;1.11587;-0.137568;0.0101876
0.392915;-0.0749525;0;-0.000983475;1.11626;-0.137941;0.0102152
0.393826;-0.0700092;0;-0.000983007;1.11666;-0.138314;0.0102428
0.394674;-0.0650549;0;-0.000982538;1.11706;-0.138687;0.0102704
0.395461;-0.0600902;0;-0.00098207;1.11746;-0.139059;0.010298
0.396185;-0.0551161;0;-0.000981748;1.12029;-0.139285;0.0103147
0.396846;-0.0501333;0;-0.000981478;1.12435;-0.139453;0.0103272
0.397445;-0.0451426;0;-0.000981209;1.12841;-0.139622;0.0103396
0.39798;-0.0401447;0;-0.000981008;1.13225;-0.13974;0.0103484
0.398453;-0.0351405;0;-0.000980863;1.13594;-0.139818;0.0103542
0.398864;-0.0301307;0;-0.000980717;1.13963;-0.139895;0.0103599
0.399211;-0.0251162;0;-0.000980572;1.14332;-0.139973;0.0103657
0.399495;-0.0200977;0;-0.000980426;1.14702;-0.14005;0.0103714
0.399716;-0.0150761;0;-0.00098028;1.15071;-0.140128;0.0103771
0.399874;-0.010052;0;-0.000980134;1.1544;-0.140206;0.0103829
0.399968;-0.00502642;0;-0.000979989;1.1581;-0.140283;0.0103886
