0.4;0;0;0.000268452;2.0097;-0.140359;0.0103943
0.399968;0.00502642;0;0.000268298;2.00856;-0.140279;0.0103883
0.399874;0.010052;0;0.000268141;2.00739;-0.140196;0.0103822
0.399716;0.0150761;0;0.000267985;2.00622;-0.140114;0.0103761
0.399495;0.0200977;0;0.000267828;2.00505;-0.140032;0.01037
0.399211;0.0251162;0;0.000267671;2.00389;-0.13995;0.0103639
0.398864;0.0301307;0;0.000267515;2.00272;-0.139867;0.0103578
0.398453;0.0351405;0;0.000267358;2.00155;-0.139785;0.0103518
0.39798;0.0401447;0;0.000267201;2.00038;-0.139703;0.0103457
0.397445;0.0451426;0;0.000266913;1.99818;-0.139552;0.0103345
0.396846;0.0501333;0;0.000266554;1.99544;-0.139365;0.0103206
0.396185;0.0551161;0;0.000266196;1.99269;-0.139178;0.0103068
0.395461;0.0600902;0;0.000265838;1.98994;-0.138991;0.0102929
0.394674;0.0650549;0;0.000265197;1.98508;-0.138655;0.0102681
0.393826;0.0700092;0;0.000264496;1.97976;-0.138289;0.0102409
0.392915;0.0749525;0;0.000263794;1.97444;-0.137921;0.0102137
0.391942;0.079884;0;0.000263092;1.96911;-0.137554;0.0101866
0.390907;0.0848028;0;0.00026239;1.96379;-0.137187;0.0101594
0.389811;0.0897083;0;0.000261688;1.95846;-0.13682;0.0101321
0.388653;0.0945996;0;0.000260986;1.95313;-0.136452;0.0101049
0.387433;0.099476;0;0.000260284;1.94781;-0.136085;0.0100777
0.386153;0.104337;0;0.000259544;1.94217;-0.135698;0.0100491
0.384811;0.109181;0;0.000258678;1.93554;-0.135245;0.0100156
0.383409;0.114008;0;0.000257812;1.92892;-0.134793;0.00998205
0.381946;0.118817;0;0.000256946;1.9223;-0.134341;0.00994855
0.380423;0.123607;0;0.000256081;1.91568;-0.133888;0.00991507
0.378839;0.128377;0;0.000254956;1.9071;-0.1333;0.0098715
0.377196;0.133128;0;0.000253662;1.89726;-0.132623;0.0098214
0.375494;0.137857;0;0.000252374;1.88748;-0.13195;0.00977152
0.373732;0.142565;0;0.000251086;1.8777;-0.131276;0.00972165
0.371911;0.14725;0;0.000249797;1.86792;-0.130603;0.00967174
0.370031;0.151912;0;0.000248508;1.85813;-0.129929;0.00962182
0.368093;0.156549;0;0.000247219;1.84834;-0.129254;0.0095719
0.366096;0.161163;0;0.000245929;1.83856;-0.12858;0.00952197
0.364042;0.16575;0;0.00024464;1.82877;-0.127906;0.00947204
0.361931;0.170312;0;0.000243351;1.81899;-0.127232;0.00942214
0.359762;0.174846;0;0.000242063;1.80921;-0.126558;0.00937225
0.357537;0.179353;0;0.000240775;1.79944;-0.125885;0.0093224
0.355255;0.183832;0;0.000239489;1.78967;-0.125212;0.00927258
0.352916;0.188282;0;0.000237933;1.77788;-0.124399;0.00921231
0.350523;0.192701;0;0.00023611;1.76408;-0.123446;0.00914176
0.348074;0.197091;0;0.000234286;1.75028;-0.122492;0.00907114
0.345569;0.201449;0;0.000232461;1.73646;-0.121538;0.00900047
0.343011;0.205776;0;0.000230635;1.72264;-0.120583;0.00892976
0.340398;0.21007;0;0.000228808;1.70881;-0.119628;0.00885902
0.337731;0.214331;0;0.00022698;1.69498;-0.118672;0.00878826
0.335011;0.218558;0;0.000225152;1.68114;-0.117717;0.00871749
0.332238;0.22275;0;0.000223325;1.66731;-0.116761;0.00864672
0.329413;0.226908;0;0.000221497;1.65348;-0.115806;0.00857597
0.326536;0.231029;0;0.00021967;1.63965;-0.114851;0.00850524
0.323607;0.235114;0;0.000217842;1.62581;-0.113895;0.00843446
0.320627;0.239162;0;0.000216009;1.61193;-0.112936;0.00836348
0.317596;0.243172;0;0.000214177;1.59806;-0.111979;0.00829255
0.314515;0.247144;0;0.000212082;1.58225;-0.110883;0.00821144
0.311385;0.251077;0;0.000209828;1.56527;-0.109705;0.00812417
0.308205;0.25497;0;0.000207572;1.54827;-0.108526;0.00803684
0.304977;0.258822;0;0.000205314;1.53125;-0.107345;0.0079494
0.301701;0.262634;0;0.000203053;1.51421;-0.106163;0.00786184
0.298376;0.266405;0;0.000200789;1.49714;-0.104979;0.0077742
0.295005;0.270133;0;0.000198522;1.48006;-0.103794;0.00768645
0.291587;0.273819;0;0.000196256;1.46298;-0.102609;0.0075987
0.288124;0.277461;0;0.00019399;1.4459;-0.101424;0.00751096
0.284614;0.28106;0;0.000191725;1.42883;-0.10024;0.00742326
0.28106;0.284614;0;0.00018946;1.41176;-0.0990564;0.0073356
0.277461;0.288124;0;0.000187161;1.39445;-0.0978542;0.00724657
0.273819;0.291587;0;0.00018454;1.37478;-0.096484;0.0071451
0.270133;0.295005;0;0.000181917;1.35511;-0.0951124;0.00704353
0.266405;0.298376;0;0.000179292;1.33541;-0.0937398;0.00694188
0.262634;0.301701;0;0.000176665;1.31571;-0.0923665;0.00684018
0.258822;0.304977;0;0.000174037;1.29599;-0.0909925;0.00673842
0.25497;0.308205;0;0.000171408;1.27627;-0.0896181;0.00663665
0.251077;0.311385;0;0.000168778;1.25654;-0.088243;0.00653481
0.247144;0.314515;0;0.000166147;1.23681;-0.0868677;0.00643296
0.243172;0.317596;0;0.000163515;1.21706;-0.0854912;0.00633103
0.239162;0.320627;0;0.000160883;1.19732;-0.0841153;0.00622914
0.235114;0.323607;0;0.000158252;1.17758;-0.08274;0.00612729
0.231029;0.326536;0;0.000155623;1.15786;-0.0813655;0.0060255
0.226908;0.329413;0;0.000152997;1.13815;-0.0799922;0.0059238
0.22275;0.332238;0;0.000150207;1.11728;-0.078534;0.00581581
0.218558;0.335011;0;0.00014727;1.09534;-0.0769981;0.00570208
0.214331;0.337731;0;0.00014433;1.07338;-0.0754611;0.00558825
0.21007;0.340398;0;0.000141388;1.05141;-0.0739231;0.00547436
0.205776;0.343011;0;0.000138445;1.02943;-0.0723844;0.00536041
0.201449;0.345569;0;0.000135501;1.00744;-0.0708453;0.00524643
0.197091;0.348074;0;0.000132557;0.985447;-0.0693059;0.00513243
0.192701;0.350523;0;0.000129613;0.963456;-0.0677666;0.00501844
0.188282;0.352916;0;0.000126669;0.941467;-0.0662275;0.00490446
0.183832;0.355255;0;0.000123726;0.919486;-0.0646889;0.00479052
0.179353;0.357537;0;0.000120785;0.897516;-0.0631511;0.00467664
0.174846;0.359762;0;0.000117845;0.87556;-0.0616143;0.00456283
0.170312;0.361931;0;0.000114868;0.853351;-0.0600577;0.00444756
0.16575;0.364042;0;0.000111692;0.829695;-0.0583972;0.00432459
0.161163;0.366096;0;0.0001085;0.805922;-0.0567286;0.00420102
0.156549;0.368093;0;0.000105305;0.782124;-0.0550583;0.00407733
0.151912;0.370031;0;0.000102107;0.758306;-0.0533865;0.00395353
0.14725;0.371911;0;9.89073e-05;0.734472;-0.0517137;0.00382964
0.142565;0.373732;0;9.57057e-05;0.710625;-0.0500399;0.00370569
0.137857;0.375494;0;9.25028e-05;0.686769;-0.0483654;0.00358169
0.133128;0.377196;0;8.92992e-05;0.662908;-0.0466906;0.00345766
0.128377;0.378839;0;8.60955e-05;0.639045;-0.0450158;0.00333363
0.123607;0.380423;0;8.2892e-05;0.615185;-0.043341;0.00320961
0.118817;0.381946;0;7.97673e-05;0.591948;-0.0417074;0.00308863
0.114008;0.383409;0;7.64879e-05;0.567603;-0.0399927;0.00296165
0.109181;0.384811;0;7.3207e-05;0.543248;-0.0382773;0.00283462
0.104337;0.386153;0;6.99253e-05;0.518886;-0.0365614;0.00270755
0.099476;0.387433;0;6.66431e-05;0.494521;-0.0348454;0.00258046
0.0945996;0.388653;0;6.3361e-05;0.470157;-0.0331293;0.00245338
0.0897083;0.389811;0;6.00796e-05;0.445797;-0.0314136;0.00232633
0.0848028;0.390907;0;5.67994e-05;0.421447;-0.0296985;0.00219932
0.079884;0.391942;0;5.35208e-05;0.397108;-0.0279843;0.00207237
0.0749525;0.392915;0;5.02444e-05;0.372786;-0.0262713;0.00194551
0.0700092;0.393826;0;4.69707e-05;0.348484;-0.0245596;0.00181876
0.0650549;0.394674;0;4.37003e-05;0.324206;-0.0228497;0.00169213
0.0600902;0.395461;0;4.04336e-05;0.299956;-0.0211417;0.00156564
0.0551161;0.396185;0;3.71711e-05;0.275738;-0.0194359;0.00143932
0.0501333;0.396846;0;3.38142e-05;0.250835;-0.0176808;0.00130935
0.0451426;0.397445;0;3.04395e-05;0.225807;-0.0159164;0.00117869
0.0401447;0.39798;0;2.7061e-05;0.200751;-0.0141501;0.00104788
0.0351405;0.398453;0;2.36792e-05;0.175671;-0.012382;0.000916944
0.0301307;0.398864;0;2.02946e-05;0.150569;-0.0106124;0.0007859
0.0251162;0.399211;0;1.69077e-05;0.125451;-0.00884168;0.000654768
0.0200977;0.399495;0;1.35191e-05;0.10032;-0.00707004;0.00052357
0.0150761;0.399716;0;1.01293e-05;0.0751809;-0.00529779;0.000392326
0.010052;0.399874;0;6.73886e-06;0.0500365;-0.00352519;0.000261057
0.00502642;0.399968;0;3.34831e-06;0.0248912;-0.00175254;0.000129784
2.44929e-17;0.4;0;-4.1819e-08;-0.000250953;1.98971e-05;-1.47348e-06
-0.00502642;0.399968;0;-3.43099e-06;-0.025386;0.00179183;-0.000132694
-0.010052;0.399874;0;-6.81867e-06;-0.05051;0.00356299;-0.000263856
-0.0150761;0.399716;0;-1.02043e-05;-0.075619;0.00533308;-0.00039494
-0.0200977;0.399495;0;-1.35874e-05;-0.100709;0.00710184;-0.000525925
-0.0251162;0.399211;0;-1.69674e-05;-0.125776;0.00886897;-0.00065679
-0.0301307;0.398864;0;-2.03438e-05;-0.150816;0.0106342;-0.000787514
-0.0351405;0.398453;0;-2.36874e-05;-0.175621;0.0123824;-0.000916979
-0.0401447;0.39798;0;-2.70166e-05;-0.200331;0.0141232;-0.00104589
-0.0451426;0.397445;0;-3.03466e-05;-0.225046;0.0158641;-0.00117481
-0.0501333;0.396846;0;-3.36792e-05;-0.249781;0.0176065;-0.00130384
-0.0551161;0.396185;0;-3.7014e-05;-0.274532;0.01935;-0.00143296
-0.0600902;0.395461;0;-4.03504e-05;-0.299295;0.0210943;-0.00156214
-0.0650549;0.394674;0;-4.36879e-05;-0.324066;0.0228392;-0.00169135
-0.0700092;0.393826;0;-4.7026e-05;-0.348841;0.0245844;-0.00182059
-0.0749525;0.392915;0;-5.03641e-05;-0.373617;0.0263297;-0.00194984
-0.079884;0.391942;0;-5.37017e-05;-0.398389;0.0280746;-0.00207906
-0.0848028;0.390907;0;-5.70383e-05;-0.423153;0.0298191;-0.00220825
-0.0897083;0.389811;0;-6.03734e-05;-0.447906;0.0315627;-0.00233737
-0.0945996;0.388653;0;-6.37064e-05;-0.472644;0.0333053;-0.00246642
-0.099476;0.387433;0;-6.70368e-05;-0.497362;0.0350465;-0.00259536
-0.104337;0.386153;0;-7.0321e-05;-0.521756;0.0367636;-0.00272252
-0.109181;0.384811;0;-7.35231e-05;-0.545578;0.0384379;-0.00284651
-0.114008;0.383409;0;-7.67001e-05;-0.569225;0.0400989;-0.00296951
-0.118817;0.381946;0;-7.98796e-05;-0.59289;0.0417611;-0.00309261
-0.123607;0.380423;0;-8.3061e-05;-0.616569;0.0434244;-0.00321578
-0.128377;0.378839;0;-8.62439e-05;-0.640259;0.0450885;-0.00333901
-0.133128;0.377196;0;-8.94277e-05;-0.663957;0.046753;-0.00346228
-0.137857;0.375494;0;-9.26119e-05;-0.687657;0.0484178;-0.00358557
-0.142565;0.373732;0;-9.57962e-05;-0.711358;0.0500825;-0.00370885
-0.14725;0.371911;0;-9.89798e-05;-0.735054;0.051747;-0.00383211
-0.151912;0.370031;0;-0.000102149;-0.758643;0.0534039;-0.00395481
-0.156549;0.368093;0;-0.000105319;-0.782233;0.0550614;-0.00407756
-0.161163;0.366096;0;-0.000108488;-0.80581;0.0567181;-0.00420024
-0.16575;0.364042;0;-0.000111654;-0.829372;0.0583736;-0.00432284
-0.170312;0.361931;0;-0.000114818;-0.852913;0.0600277;-0.00444534
-0.174846;0.359762;0;-0.000117861;-0.875564;0.0616183;-0.00456313
-0.179353;0.357537;0;-0.000120782;-0.897387;0.0631459;-0.00467625
-0.183832;0.355255;0;-0.000123706;-0.919225;0.0646746;-0.00478947
-0.188282;0.352916;0;-0.000126632;-0.941077;0.0662043;-0.00490274
-0.192701;0.350523;0;-0.000129559;-0.962939;0.0677347;-0.00501608
-0.197091;0.348074;0;-0.000132487;-0.984806;0.0692655;-0.00512944
-0.201449;0.345569;0;-0.000135415;-1.00668;0.0707965;-0.00524281
-0.205776;0.343011;0;-0.000138343;-1.02855;0.0723274;-0.00535619
-0.21007;0.340398;0;-0.000141271;-1.05041;0.0738581;-0.00546954
-0.214331;0.337731;0;-0.000144197;-1.07227;0.0753882;-0.00558285
-0.218558;0.335011;0;-0.000147123;-1.09411;0.0769175;-0.00569611
-0.22275;0.332238;0;-0.000150009;-1.11567;0.0784266;-0.00580786
-0.226908;0.329413;0;-0.000152854;-1.13693;0.0799138;-0.00591799
-0.231029;0.326536;0;-0.000155445;-1.15637;0.0812685;-0.00601832
-0.235114;0.323607;0;-0.000158072;-1.17608;0.082642;-0.00612004
-0.239162;0.320627;0;-0.000160701;-1.1958;0.0840164;-0.00622182
-0.243172;0.317596;0;-0.000163331;-1.21554;0.0853915;-0.00632365
-0.247144;0.314515;0;-0.000165962;-1.23528;0.0867671;-0.00642552
-0.251077;0.311385;0;-0.000168594;-1.25502;0.0881429;-0.0065274
-0.25497;0.308205;0;-0.000171225;-1.27476;0.0895188;-0.00662929
-0.258822;0.304977;0;-0.000173856;-1.2945;0.0908945;-0.00673117
-0.262634;0.301701;0;-0.000176487;-1.31424;0.0922698;-0.00683302
-0.266405;0.298376;0;-0.000179116;-1.33397;0.0936446;-0.00693483
-0.270133;0.295005;0;-0.000181744;-1.35368;0.0950184;-0.00703657
-0.273819;0.291587;0;-0.00018437;-1.37338;0.0963913;-0.00713823
-0.277461;0.288124;0;-0.000186835;-1.39187;0.0976803;-0.00723369
-0.28106;0.284614;0;-0.000189183;-1.4095;0.0989075;-0.00732457
-0.284614;0.28106;0;-0.000191462;-1.42668;0.100099;-0.0074128
-0.288124;0.277461;0;-0.000193741;-1.44387;0.101291;-0.00750106
-0.291587;0.273819;0;-0.000196022;-1.46106;0.102483;-0.00758935
-0.295005;0.270133;0;-0.000198303;-1.47826;0.103675;-0.00767765
-0.298376;0.266405;0;-0.000200583;-1.49545;0.104868;-0.00776595
-0.301701;0.262634;0;-0.000202863;-1.51264;0.10606;-0.00785423
-0.304977;0.258822;0;-0.000205143;-1.52983;0.107251;-0.00794248
-0.308205;0.25497;0;-0.000207421;-1.547;0.108443;-0.00803068
-0.311385;0.251077;0;-0.000209698;-1.56417;0.109633;-0.00811883
-0.314515;0.247144;0;-0.000211973;-1.58132;0.110822;-0.00820691
-0.317596;0.243172;0;-0.000214096;-1.59733;0.111932;-0.00828912
-0.320627;0.239162;0;-0.000215934;-1.61125;0.112893;-0.00836027
-0.323607;0.235114;0;-0.000217774;-1.62518;0.113855;-0.00843148
-0.326536;0.231029;0;-0.000219614;-1.63912;0.114817;-0.00850273
-0.329413;0.226908;0;-0.000221455;-1.65306;0.115779;-0.00857402
-0.332238;0.22275;0;-0.000223297;-1.66701;0.116742;-0.00864533
-0.335011;0.218558;0;-0.000225139;-1.68096;0.117705;-0.00871664
-0.337731;0.214331;0;-0.000226953;-1.69468;0.118653;-0.00878685
-0.340398;0.21007;0;-0.000228767;-1.7084;0.119602;-0.0088571
-0.343011;0.205776;0;-0.000230581;-1.72213;0.12055;-0.00892733
-0.345569;0.201449;0;-0.000232394;-1.73585;0.121498;-0.00899753
-0.348074;0.197091;0;-0.000234206;-1.74956;0.122446;-0.0090677
-0.350523;0.192701;0;-0.000236017;-1.76326;0.123393;-0.00913782
-0.352916;0.188282;0;-0.000237827;-1.77695;0.124339;-0.00920789
-0.355255;0.183832;0;-0.00023946;-1.78931;0.125193;-0.00927114
-0.357537;0.179353;0;-0.00024081;-1.79957;0.125899;-0.0093234
-0.359762;0.174846;0;-0.000242165;-1.80987;0.126607;-0.00937587
-0.361931;0.170312;0;-0.000243521;-1.82017;0.127316;-0.00942835
-0.364042;0.16575;0;-0.000244876;-1.83047;0.128025;-0.00948083
-0.366096;0.161163;0;-0.000246232;-1.84077;0.128733;-0.00953332
-0.368093;0.156549;0;-0.000247587;-1.85107;0.129442;-0.00958579
-0.370031;0.151912;0;-0.000248942;-1.86137;0.13015;-0.00963825
-0.371911;0.14725;0;-0.000250296;-1.87166;0.130858;-0.00969067
-0.373732;0.142565;0;-0.00025165;-1.88195;0.131566;-0.00974307
-0.375494;0.137857;0;-0.000253002;-1.89222;0.132273;-0.00979542
-0.377196;0.133128;0;-0.000254314;-1.9022;0.132958;-0.00984621
-0.378839;0.128377;0;-0.000255228;-1.90918;0.133437;-0.00988161
-0.380423;0.123607;0;-0.000256074;-1.91562;0.133879;-0.00991436
-0.381946;0.118817;0;-0.00025692;-1.92207;0.134321;-0.00994712
-0.383409;0.114008;0;-0.000257767;-1.92853;0.134764;-0.00997991
-0.384811;0.109181;0;-0.000258614;-1.93499;0.135207;-0.0100127
-0.386153;0.104337;0;-0.000259462;-1.94144;0.13565;-0.0100455
-0.387433;0.099476;0;-0.000260309;-1.9479;0.136093;-0.0100783
-0.388653;0.0945996;0;-0.000261156;-1.95436;0.136536;-0.0101111
-0.389811;0.0897083;0;-0.000262003;-1.96082;0.136978;-0.0101439
-0.390907;0.0848028;0;-0.00026285;-1.96727;0.137421;-0.0101767
-0.391942;0.079884;0;-0.000263696;-1.97372;0.137863;-0.0102094
-0.392915;0.0749525;0;-0.000264541;-1.98016;0.138305;-0.0102422
-0.393826;0.0700092;0;-0.000265386;-1.9866;0.138747;-0.0102749
-0.394674;0.0650549;0;-0.000266223;-1.99298;0.139184;-0.0103073
-0.395461;0.0600902;0;-0.000266555;-1.99551;0.139358;-0.0103201
-0.396185;0.0551161;0;-0.000266835;-1.99765;0.139504;-0.0103309
-0.396846;0.0501333;0;-0.000267114;-1.99979;0.13965;-0.0103418
-0.397445;0.0451426;0;-0.000267394;-2.00193;0.139797;-0.0103526
-0.39798;0.0401447;0;-0.000267674;-2.00407;0.139943;-0.0103634
-0.398453;0.0351405;0;-0.000267946;-2.00615;0.140085;-0.010374
-0.398864;0.0301307;0;-0.000268211;-2.00817;0.140223;-0.0103842
-0.399211;0.0251162;0;-0.000268473;-2.01017;0.140361;-0.0103944
-0.399495;0.0200977;0;-0.000268735;-2.01217;0.140497;-0.0104045
-0.399716;0.0150761;0;-0.000268996;-2.01416;0.140634;-0.0104146
-0.399874;0.010052;0;-0.000269258;-2.01615;0.140771;-0.0104248
-0.399968;0.00502642;0;-0.000269519;-2.01814;0.140907;-0.0104349
-0.4;4.89859e-17;0;-0.000269779;-2.02012;0.141043;-0.0104449
-0.399968;-0.00502642;0;-0.000269599;-2.01875;0.140949;-0.0104379
-0.399874;-0.010052;0;-0.000269324;-2.01665;0.140805;-0.0104273
-0.399716;-0.0150761;0;-0.000269049;-2.01456;0.140662;-0.0104167
-0.399495;-0.0200977;0;-0.000268774;-2.01246;0.140518;-0.010406
-0.399211;-0.0251162;0;-0.000268498;-2.01035;0.140373;-0.0103953
-0.398864;-0.0301307;0;-0.000268222;-2.00825;0.140229;-0.0103846
-0.398453;-0.0351405;0;-0.000267946;-2.00614;0.140085;-0.0103739
-0.39798;-0.0401447;0;-0.000267669;-2.00404;0.13994;-0.0103632
-0.397445;-0.0451426;0;-0.000267393;-2.00193;0.139796;-0.0103525
-0.396846;-0.0501333;0;-0.000267116;-1.99982;0.139651;-0.0103418
-0.396185;-0.0551161;0;-0.00026684;-1.99771;0.139506;-0.0103311
-0.395461;-0.0600902;0;-0.000266563;-1.99559;0.139362;-0.0103204
-0.394674;-0.0650549;0;-0.000266286;-1.99347;0.139217;-0.0103097
-0.393826;-0.0700092;0;-0.000265469;-1.98725;0.13879;-0.010278
-0.392915;-0.0749525;0;-0.000264632;-1.98087;0.138352;-0.0102456
-0.391942;-0.079884;0;-0.000263794;-1.97447;0.137914;-0.0102132
-0.390907;-0.0848028;0;-0.000262955;-1.96808;0.137476;-0.0101807
-0.389811;-0.0897083;0;-0.000262116;-1.96168;0.137037;-0.0101482
-0.388653;-0.0945996;0;-0.000261276;-1.95528;0.136598;-0.0101157
-0.387433;-0.099476;0;-0.000260437;-1.94887;0.136159;-0.0100832
-0.386153;-0.104337;0;-0.000259597;-1.94247;0.13572;-0.0100507
-0.384811;-0.109181;0;-0.000258757;-1.93606;0.135281;-0.0100182
-0.383409;-0.114008;0;-0.000257917;-1.92966;0.134842;-0.00998567
-0.381946;-0.118817;0;-0.000257077;-1.92325;0.134403;-0.00995316
-0.380423;-0.123607;0;-0.000256238;-1.91685;0.133964;-0.00992068
-0.378839;-0.128377;0;-0.000255358;-1.91014;0.133504;-0.00988658
-0.377196;-0.133128;0;-0.000254105;-1.90064;0.132849;-0.00983807
-0.375494;-0.137857;0;-0.000252851;-1.89113;0.132193;-0.00978952
-0.373732;-0.142565;0;-0.000251597;-1.88161;0.131537;-0.00974095
-0.371911;-0.14725;0;-0.000250218;-1.8711;0.130816;-0.00968758
-0.370031;-0.151912;0;-0.000248822;-1.86047;0.130087;-0.00963355
-0.368093;-0.156549;0;-0.000247425;-1.84983;0.129357;-0.00957948
-0.366096;-0.161163;0;-0.000246028;-1.83918;0.128626;-0.00952539
-0.364042;-0.16575;0;-0.00024463;-1.82853;0.127896;-0.00947129
-0.361931;-0.170312;0;-0.000243232;-1.81788;0.127165;-0.00941719
-0.359762;-0.174846;0;-0.000241834;-1.80724;0.126435;-0.00936309
-0.357537;-0.179353;0;-0.000240437;-1.79659;0.125704;-0.009309
-0.355255;-0.183832;0;-0.000238871;-1.78472;0.124886;-0.00924838
-0.352916;-0.188282;0;-0.00023727;-1.77258;0.124048;-0.00918634
-0.350523;-0.192701;0;-0.000235595;-1.75992;0.123172;-0.0091215
-0.348074;-0.197091;0;-0.000233823;-1.74652;0.122245;-0.00905286
-0.345569;-0.201449;0;-0.000232049;-1.73311;0.121318;-0.00898419
-0.343011;-0.205776;0;-0.000230275;-1.71971;0.12039;-0.00891549
-0.340398;-0.21007;0;-0.000228501;-1.7063;0.119463;-0.00884678
-0.337731;-0.214331;0;-0.000226727;-1.69288;0.118535;-0.00877807
-0.335011;-0.218558;0;-0.000224953;-1.67948;0.117607;-0.00870937
-0.332238;-0.22275;0;-0.000223179;-1.66607;0.11668;-0.00864069
-0.329413;-0.226908;0;-0.000221406;-1.65267;0.115753;-0.00857204
-0.326536;-0.231029;0;-0.000219576;-1.63881;0.114796;-0.00850118
-0.323607;-0.235114;0;-0.00021772;-1.62475;0.113826;-0.00842934
-0.320627;-0.239162;0;-0.000215866;-1.6107;0.112856;-0.00835754
-0.317596;-0.243172;0;-0.000214007;-1.59663;0.111885;-0.00828558
-0.314515;-0.247144;0;-0.000211863;-1.58048;0.110764;-0.00820259
-0.311385;-0.251077;0;-0.000209584;-1.56329;0.109572;-0.00811434
-0.308205;-0.25497;0;-0.000207302;-1.54609;0.108379;-0.00802601
-0.304977;-0.258822;0;-0.000205019;-1.52887;0.107186;-0.00793763
-0.301701;-0.262634;0;-0.000202735;-1.51165;0.105992;-0.0078492
-0.298376;-0.266405;0;-0.00020045;-1.49442;0.104797;-0.00776074
-0.295005;-0.270133;0;-0.000198165;-1.47718;0.103602;-0.00767226
-0.291587;-0.273819;0;-0.00019588;-1.45995;0.102408;-0.00758378
-0.288124;-0.277461;0;-0.000193594;-1.44272;0.101213;-0.0074953
-0.284614;-0.28106;0;-0.00019131;-1.42549;0.100019;-0.00740686
-0.28106;-0.284614;0;-0.000189026;-1.40827;0.0988248;-0.00731845
-0.277461;-0.288124;0;-0.000186641;-1.39038;0.0975776;-0.00722609
-0.273819;-0.291587;0;-0.000184203;-1.37211;0.0963027;-0.00713168
-0.270133;-0.295005;0;-0.000181648;-1.35294;0.0949673;-0.00703278
-0.266405;-0.298376;0;-0.000179036;-1.33334;0.0936012;-0.00693161
-0.262634;-0.301701;0;-0.000176422;-1.31373;0.0922344;-0.00683039
-0.258822;-0.304977;0;-0.000173806;-1.29411;0.0908671;-0.00672914
-0.25497;-0.308205;0;-0.000171191;-1.27449;0.0894996;-0.00662787
-0.251077;-0.311385;0;-0.000168575;-1.25486;0.088132;-0.0065266
-0.247144;-0.314515;0;-0.00016596;-1.23524;0.0867647;-0.00642534
-0.243172;-0.317596;0;-0.000163346;-1.21563;0.0853977;-0.00632411
-0.239162;-0.320627;0;-0.000160732;-1.19602;0.0840314;-0.00622292
-0.235114;-0.323607;0;-0.000158121;-1.17642;0.0826658;-0.0061218
-0.231029;-0.326536;0;-0.000155511;-1.15684;0.0813013;-0.00602075
-0.226908;-0.329413;0;-0.000152836;-1.13682;0.0799031;-0.00591721
-0.22275;-0.332238;0;-0.000149994;-1.11558;0.0784172;-0.00580717
-0.218558;-0.335011;0;-0.000147094;-1.09392;0.0769012;-0.0056949
-0.214331;-0.337731;0;-0.000144167;-1.07205;0.0753704;-0.00558154
-0.21007;-0.340398;0;-0.000141238;-1.05017;0.073839;-0.00546813
-0.205776;-0.343011;0;-0.000138307;-1.02828;0.0723069;-0.00535467
-0.201449;-0.345569;0;-0.000135377;-1.00639;0.0707746;-0.0052412
-0.197091;-0.348074;0;-0.000132446;-0.984497;0.0692422;-0.00512772
-0.192701;-0.350523;0;-0.000129515;-0.962606;0.06771;-0.00501425
-0.188282;-0.352916;0;-0.000126585;-0.940721;0.0661783;-0.00490082
-0.183832;-0.355255;0;-0.000123657;-0.918846;0.0646472;-0.00478743
-0.179353;-0.357537;0;-0.00012073;-0.896984;0.063117;-0.00467411
-0.174846;-0.359762;0;-0.000117806;-0.875138;0.061588;-0.00456088
-0.170312;-0.361931;0;-0.000114774;-0.852575;0.0600028;-0.0044435
-0.16575;-0.364042;0;-0.000111642;-0.829268;0.0583655;-0.00432224
-0.161163;-0.366096;0;-0.000108478;-0.805721;0.0567114;-0.00419975
-0.156549;-0.368093;0;-0.000105313;-0.782159;0.0550562;-0.00407718
-0.151912;-0.370031;0;-0.000102145;-0.758585;0.0534002;-0.00395454
-0.14725;-0.371911;0;-9.89769e-05;-0.735004;0.0517437;-0.00383187
-0.142565;-0.373732;0;-9.5808e-05;-0.711418;0.0500869;-0.00370917
-0.137857;-0.375494;0;-9.2639e-05;-0.687832;0.0484301;-0.00358648
-0.133128;-0.377196;0;-8.94705e-05;-0.66425;0.0467735;-0.0034638
-0.128377;-0.378839;0;-8.6303e-05;-0.640674;0.0451174;-0.00334116
-0.123607;-0.380423;0;-8.31368e-05;-0.617109;0.0434621;-0.00321857
-0.118817;-0.381946;0;-7.99727e-05;-0.593559;0.0418077;-0.00309606
-0.114008;-0.383409;0;-7.6811e-05;-0.570027;0.0401547;-0.00297365
-0.109181;-0.384811;0;-7.36554e-05;-0.546544;0.0385049;-0.00285147
-0.104337;-0.386153;0;-7.03496e-05;-0.522003;0.0367765;-0.00272348
-0.099476;-0.387433;0;-6.70366e-05;-0.497405;0.0350444;-0.0025952
-0.0945996;-0.388653;0;-6.37217e-05;-0.472794;0.0333113;-0.00246686
-0.0897083;-0.389811;0;-6.04055e-05;-0.448172;0.0315775;-0.00233846
-0.0848028;-0.390907;0;-5.70909e-05;-0.423561;0.0298445;-0.00221013
-0.079884;-0.391942;0;-5.37701e-05;-0.398904;0.0281083;-0.00208156
-0.0749525;-0.392915;0;-5.04471e-05;-0.374231;0.026371;-0.0019529
-0.0700092;-0.393826;0;-4.71247e-05;-0.349561;0.024634;-0.00182426
-0.0650549;-0.394674;0;-4.38032e-05;-0.324899;0.0228974;-0.00169566
-0.0600902;-0.395461;0;-4.04832e-05;-0.300248;0.0211617;-0.00156712
-0.0551161;-0.396185;0;-3.71653e-05;-0.275612;0.019427;-0.00143866
-0.0501333;-0.396846;0;-3.38168e-05;-0.250765;0.0176762;-0.00130901
-0.0451426;-0.397445;0;-3.04378e-05;-0.225704;0.0159096;-0.00117818
-0.0401447;-0.39798;0;-2.70569e-05;-0.20063;0.014142;-0.00104728
-0.0351405;-0.398453;0;-2.36746e-05;-0.175545;0.0123737;-0.000916329
-0.0301307;-0.398864;0;-2.0297e-05;-0.150494;0.0106078;-0.000785556
-0.0251162;-0.399211;0;-1.69114e-05;-0.125385;0.00883774;-0.000654477
-0.0200977;-0.399495;0;-1.35257e-05;-0.100274;0.00706759;-0.000523389
-0.0150761;-0.399716;0;-1.01402e-05;-0.0751658;0.0052976;-0.000392313
-0.010052;-0.399874;0;-6.7556e-06;-0.0500637;0.00352806;-0.000261269
-0.00502642;-0.399968;0;-3.37237e-06;-0.0249718;0.00175923;-0.000130279
-7.34788e-17;-0.4;0;8.93997e-09;0.000105901;-8.59414e-06;6.36437e-07
0.00502642;-0.399968;0;3.36371e-06;0.0249889;-0.00176255;0.000130525
0.010052;-0.399874;0;6.73197e-06;0.0499774;-0.00352358;0.000260938
0.0150761;-0.399716;0;1.0103e-05;0.0749866;-0.00528607;0.000391459
0.0200977;-0.399495;0;1.34764e-05;0.100013;-0.00704976;0.000522068
0.0251162;-0.399211;0;1.68514e-05;0.125052;-0.00881435;0.000652745
0.0301307;-0.398864;0;2.02277e-05;0.150099;-0.0105796;0.000783468
0.0351405;-0.398453;0;2.36047e-05;0.175152;-0.0123452;0.000914217
0.0401447;-0.39798;0;2.69818e-05;0.200206;-0.0141108;0.00104497
0.0451426;-0.397445;0;3.03585e-05;0.225257;-0.0158763;0.00117571
0.0501333;-0.396846;0;3.37343e-05;0.250301;-0.0176412;0.00130642
0.0551161;-0.396185;0;3.70923e-05;0.275171;-0.0193968;0.00143643
0.0600902;-0.395461;0;4.0462e-05;0.300127;-0.0211586;0.00156689
0.0650549;-0.394674;0;4.37431e-05;0.324488;-0.022874;0.00169393
0.0700092;-0.393826;0;4.70764e-05;0.349239;-0.0246166;0.00182298
0.0749525;-0.392915;0;5.04101e-05;0.373993;-0.0263595;0.00195204
0.079884;-0.391942;0;5.37435e-05;0.398745;-0.0281022;0.0020811
0.0848028;-0.390907;0;5.7004e-05;0.422955;-0.0298068;0.00220734
0.0897083;-0.389811;0;6.029e-05;0.447357;-0.031525;0.00233457
0.0945996;-0.388653;0;6.3577e-05;0.471766;-0.0332436;0.00246184
0.099476;-0.387433;0;6.68643e-05;0.496178;-0.0349623;0.00258913
0.104337;-0.386153;0;7.01514e-05;0.520589;-0.036681;0.0027164
0.109181;-0.384811;0;7.34379e-05;0.544995;-0.0383994;0.00284366
0.114008;-0.383409;0;7.67231e-05;0.569392;-0.0401171;0.00297086
0.118817;-0.381946;0;7.98614e-05;0.592733;-0.0417579;0.00309237
0.123607;-0.380423;0;8.3036e-05;0.616364;-0.0434175;0.00321527
0.128377;-0.378839;0;8.62122e-05;0.640007;-0.0450781;0.00333825
0.133128;-0.377196;0;8.93896e-05;0.663659;-0.0467392;0.00346126
0.137857;-0.375494;0;9.25677e-05;0.687316;-0.0484007;0.0035843
0.142565;-0.373732;0;9.57459e-05;0.710975;-0.0500623;0.00370735
0.14725;-0.371911;0;9.89237e-05;0.73463;-0.0517237;0.00383039
0.151912;-0.370031;0;0.000102101;0.75828;-0.0533847;0.00395339
0.156549;-0.368093;0;0.000105276;0.781919;-0.0550449;0.00407634
0.161163;-0.366096;0;0.00010845;0.805545;-0.0567042;0.00419922
0.16575;-0.364042;0;0.000111622;0.829154;-0.0583623;0.00432201
0.170312;-0.361931;0;0.000114737;0.852353;-0.0599911;0.00444263
0.174846;-0.359762;0;0.000117765;0.874926;-0.0615742;0.00455987
0.179353;-0.357537;0;0.000120703;0.896871;-0.0631103;0.00467362
0.183832;-0.355255;0;0.000123643;0.91883;-0.0646473;0.00478744
0.188282;-0.352916;0;0.000126584;0.9408;-0.0661852;0.00490133
0.192701;-0.350523;0;0.000129527;0.962778;-0.0677235;0.00501525
0.197091;-0.348074;0;0.00013247;0.984759;-0.0692622;0.00512919
0.201449;-0.345569;0;0.000135413;1.00674;-0.0708008;0.00524314
0.205776;-0.343011;0;0.000138355;1.02872;-0.0723393;0.00535707
0.21007;-0.340398;0;0.000141297;1.0507;-0.0738774;0.00547097
0.214331;-0.337731;0;0.000144238;1.07266;-0.0754147;0.00558482
0.218558;-0.335011;0;0.000147177;1.09461;-0.0769512;0.0056986
0.22275;-0.332238;0;0.000150113;1.11654;-0.0784864;0.00581229
0.226908;-0.329413;0;0.000152928;1.13762;-0.0799582;0.00592129
0.231029;-0.326536;0;0.000155552;1.1573;-0.0813299;0.00602287
0.235114;-0.323607;0;0.000158177;1.17699;-0.0827027;0.00612453
0.239162;-0.320627;0;0.000160805;1.19671;-0.0840764;0.00622626
0.243172;-0.317596;0;0.000163434;1.21643;-0.0854509;0.00632804
0.247144;-0.314515;0;0.000166064;1.23615;-0.0868258;0.00642986
0.251077;-0.311385;0;0.000168694;1.25589;-0.088201;0.0065317
0.25497;-0.308205;0;0.000171325;1.27562;-0.0895762;0.00663354
0.258822;-0.304977;0;0.000173955;1.29535;-0.0909513;0.00673537
0.262634;-0.301701;0;0.000176584;1.31507;-0.0923259;0.00683717
0.266405;-0.298376;0;0.000179212;1.33479;-0.0937;0.00693893
0.270133;-0.295005;0;0.000181839;1.35449;-0.0950732;0.00704062
0.273819;-0.291587;0;0.000184464;1.37418;-0.0964454;0.00714224
0.277461;-0.288124;0;0.000187039;1.39351;-0.0977921;0.00724197
0.28106;-0.284614;0;0.000189354;1.41093;-0.0990023;0.00733159
0.284614;-0.28106;0;0.000191614;1.42796;-0.100184;0.00741908
0.288124;-0.277461;0;0.000193875;1.445;-0.101366;0.00750662
0.291587;-0.273819;0;0.000196136;1.46205;-0.102548;0.00759419
0.295005;-0.270133;0;0.000198399;1.4791;-0.103731;0.00768178
0.298376;-0.266405;0;0.000200661;1.49615;-0.104914;0.00776937
0.301701;-0.262634;0;0.000202923;1.51319;-0.106096;0.00785695
0.304977;-0.258822;0;0.000205185;1.53024;-0.107279;0.00794451
0.308205;-0.25497;0;0.000207445;1.54727;-0.108461;0.00803203
0.311385;-0.251077;0;0.000209704;1.5643;-0.109642;0.0081195
0.314515;-0.247144;0;0.000211962;1.58131;-0.110822;0.0082069
0.317596;-0.243172;0;0.000214143;1.59777;-0.111963;0.00829136
0.320627;-0.239162;0;0.000215969;1.61159;-0.112917;0.00836205
0.323607;-0.235114;0;0.000217796;1.62543;-0.113872;0.00843279
0.326536;-0.231029;0;0.000219625;1.63927;-0.114828;0.00850359
0.329413;-0.226908;0;0.000221454;1.65311;-0.115785;0.00857442
0.332238;-0.22275;0;0.000223284;1.66697;-0.116742;0.00864527
0.335011;-0.218558;0;0.000225115;1.68082;-0.117699;0.00871614
0.337731;-0.214331;0;0.000226945;1.69468;-0.118656;0.00878701
0.340398;-0.21007;0;0.000228776;1.70853;-0.119613;0.00885788
0.343011;-0.205776;0;0.000230605;1.72238;-0.120569;0.00892872
0.345569;-0.201449;0;0.000232434;1.73623;-0.121525;0.00899954
0.348074;-0.197091;0;0.000234262;1.75006;-0.122481;0.00907031
0.350523;-0.192701;0;0.000236089;1.76389;-0.123436;0.00914103
0.352916;-0.188282;0;0.000237914;1.7777;-0.12439;0.00921168
0.355255;-0.183832;0;0.000239503;1.78975;-0.125221;0.00927322
0.357537;-0.179353;0;0.00024086;1.80007;-0.125931;0.00932575
0.359762;-0.174846;0;0.000242218;1.8104;-0.12664;0.00937831
0.361931;-0.170312;0;0.000243515;1.82026;-0.127319;0.00942856
0.364042;-0.16575;0;0.000244804;1.83005;-0.127993;0.00947845
0.366096;-0.161163;0;0.000246093;1.83984;-0.128667;0.00952837
0.368093;-0.156549;0;0.000247382;1.84963;-0.129341;0.00957829
0.370031;-0.151912;0;0.000248671;1.85942;-0.130015;0.0096282
0.371911;-0.14725;0;0.00024996;1.8692;-0.130689;0.00967811
0.373732;-0.142565;0;0.000251248;1.87899;-0.131362;0.009728
0.375494;-0.137857;0;0.000252536;1.88876;-0.132036;0.00977786
0.377196;-0.133128;0;0.000253823;1.89853;-0.132708;0.00982769
0.378839;-0.128377;0;0.000255103;1.90825;-0.133378;0.00987726
0.380423;-0.123607;0;0.000256257;1.91702;-0.133981;0.00992192
0.381946;-0.118817;0;0.00025709;1.92339;-0.134416;0.00995418
0.383409;-0.114008;0;0.000257924;1.92976;-0.134852;0.00998645
0.384811;-0.109181;0;0.000258759;1.93613;-0.135288;0.0100187
0.386153;-0.104337;0;0.00025955;1.94216;-0.135702;0.0100494
0.387433;-0.099476;0;0.000260264;1.94758;-0.136075;0.010077
0.388653;-0.0945996;0;0.000260977;1.953;-0.136448;0.0101047
0.389811;-0.0897083;0;0.00026169;1.95842;-0.136822;0.0101323
0.390907;-0.0848028;0;0.000262404;1.96383;-0.137195;0.0101599
0.391942;-0.079884;0;0.000263117;1.96925;-0.137568;0.0101876
0.392915;-0.0749525;0;0.000263831;1.97467;-0.137941;0.0102152
0.393826;-0.0700092;0;0.000264544;1.98008;-0.138314;0.0102428
0.394674;-0.0650549;0;0.000265256;1.98549;-0.138687;0.0102704
0.395461;-0.0600902;0;0.000265968;1.9909;-0.139059;0.010298
0.396185;-0.0551161;0;0.0002664;1.9942;-0.139285;0.0103147
0.396846;-0.0501333;0;0.000266722;1.99668;-0.139453;0.0103272
0.397445;-0.0451426;0;0.000267045;1.99915;-0.139622;0.0103396
0.39798;-0.0401447;0;0.000267272;2.00089;-0.13974;0.0103484
0.398453;-0.0351405;0;0.000267419;2.00199;-0.139818;0.0103542
0.398864;-0.0301307;0;0.000267567;2.00309;-0.139895;0.0103599
0.399211;-0.0251162;0;0.000267715;2.0042;-0.139973;0.0103657
0.399495;-0.0200977;0;0.000267863;2.0053;-0.14005;0.0103714
0.399716;-0.0150761;0;0.000268011;2.00641;-0.140128;0.0103771
0.399874;-0.010052;0;0.000268159;2.00751;-0.140206;0.0103829
0.399968;-0.00502642;0;0.000268307;2.00862;-0.140283;0.0103886
