0.4;0;0;0.00024942;1.89179;-0.140359;0.0103943
0.399968;0.00502642;0;0.000249275;1.89073;-0.140279;0.0103883
0.399874;0.010052;0;0.000249128;1.88964;-0.140196;0.0103822
0.399716;0.0150761;0;0.000248981;1.88856;-0.140114;0.0103761
0.399495;0.0200977;0;0.000248833;1.88747;-0.140032;0.01037
0.399211;0.0251162;0;0.000248686;1.88638;-0.13995;0.0103639
0.398864;0.0301307;0;0.000248538;1.8853;-0.139867;0.0103578
0.398453;0.0351405;0;0.000248391;1.88421;-0.139785;0.0103518
0.39798;0.0401447;0;0.000248243;1.88313;-0.139703;0.0103457
0.397445;0.0451426;0;0.000247972;1.88111;-0.139552;0.0103345
0.396846;0.0501333;0;0.000247636;1.8786;-0.139365;0.0103206
0.396185;0.0551161;0;0.000247299;1.87608;-0.139178;0.0103068
0.395461;0.0600902;0;0.000246963;1.87357;-0.138991;0.0102929
0.394674;0.0650549;0;0.000246359;1.86899;-0.138655;0.0102681
0.393826;0.0700092;0;0.000245698;1.86397;-0.138289;0.0102409
0.392915;0.0749525;0;0.000245036;1.85896;-0.137921;0.0102137
0.391942;0.079884;0;0.000244375;1.85393;-0.137554;0.0101866
0.390907;0.0848028;0;0.000243713;1.84891;-0.137187;0.0101594
0.389811;0.0897083;0;0.000243051;1.84389;-0.13682;0.0101321
0.388653;0.0945996;0;0.000242389;1.83886;-0.136452;0.0101049
0.387433;0.099476;0;0.000241727;1.83384;-0.136085;0.0100777
0.386153;0.104337;0;0.000241029;1.82854;-0.135698;0.0100491
0.384811;0.109181;0;0.000240214;1.82236;-0.135245;0.0100156
0.383409;0.114008;0;0.000239399;1.81617;-0.134793;0.00998205
0.381946;0.118817;0;0.000238584;1.80999;-0.134341;0.00994855
0.380423;0.123607;0;0.000237769;1.80381;-0.133888;0.00991507
0.378839;0.128377;0;0.000236709;1.79575;-0.1333;0.0098715
0.377196;0.133128;0;0.000235489;1.78649;-0.132623;0.0098214
0.375494;0.137857;0;0.000234275;1.77726;-0.13195;0.00977152
0.373732;0.142565;0;0.00023306;1.76804;-0.131276;0.00972165
0.371911;0.14725;0;0.000231846;1.75881;-0.130603;0.00967174
0.370031;0.151912;0;0.00023063;1.74958;-0.129929;0.00962182
0.368093;0.156549;0;0.000229415;1.74035;-0.129254;0.0095719
0.366096;0.161163;0;0.000228199;1.73111;-0.12858;0.00952197
0.364042;0.16575;0;0.000226984;1.72188;-0.127906;0.00947204
0.361931;0.170312;0;0.000225768;1.71265;-0.127232;0.00942214
0.359762;0.174846;0;0.000224554;1.70343;-0.126558;0.00937225
0.357537;0.179353;0;0.00022334;1.69421;-0.125885;0.0093224
0.355255;0.183832;0;0.000222127;1.685;-0.125212;0.00927258
0.352916;0.188282;0;0.00022066;1.67387;-0.124399;0.00921231
0.350523;0.192701;0;0.000218942;1.66087;-0.123446;0.00914176
0.348074;0.197091;0;0.000217223;1.64786;-0.122492;0.00907114
0.345569;0.201449;0;0.000215502;1.63484;-0.121538;0.00900047
0.343011;0.205776;0;0.000213781;1.62181;-0.120583;0.00892976
0.340398;0.21007;0;0.000212058;1.60877;-0.119628;0.00885902
0.337731;0.214331;0;0.000210335;1.59573;-0.118672;0.00878826
0.335011;0.218558;0;0.000208612;1.58269;-0.117717;0.00871749
0.332238;0.22275;0;0.000206889;1.56965;-0.116761;0.00864672
0.329413;0.226908;0;0.000205167;1.55662;-0.115806;0.00857597
0.326536;0.231029;0;0.000203445;1.54359;-0.114851;0.00850524
0.323607;0.235114;0;0.000201721;1.53054;-0.113895;0.00843446
0.320627;0.239162;0;0.000199993;1.51747;-0.112936;0.00836348
0.317596;0.243172;0;0.000198266;1.5044;-0.111979;0.00829255
0.314515;0.247144;0;0.000196291;1.4895;-0.110883;0.00821144
0.311385;0.251077;0;0.000194167;1.4735;-0.109705;0.00812417
0.308205;0.25497;0;0.00019204;1.45748;-0.108526;0.00803684
0.304977;0.258822;0;0.000189912;1.44145;-0.107345;0.0079494
0.301701;0.262634;0;0.00018778;1.42539;-0.106163;0.00786184
0.298376;0.266405;0;0.000185646;1.40931;-0.104979;0.0077742
0.295005;0.270133;0;0.00018351;1.39322;-0.103794;0.00768645
0.291587;0.273819;0;0.000181373;1.37713;-0.102609;0.0075987
0.288124;0.277461;0;0.000179237;1.36104;-0.101424;0.00751096
0.284614;0.28106;0;0.000177102;1.34496;-0.10024;0.00742326
0.28106;0.284614;0;0.000174968;1.32888;-0.0990564;0.0073356
0.277461;0.288124;0;0.000172801;1.31257;-0.0978542;0.00724657
0.273819;0.291587;0;0.00017033;1.29405;-0.096484;0.0071451
0.270133;0.295005;0;0.000167858;1.27552;-0.0951124;0.00704353
0.266405;0.298376;0;0.000165383;1.25697;-0.0937398;0.00694188
0.262634;0.301701;0;0.000162907;1.23841;-0.0923665;0.00684018
0.258822;0.304977;0;0.00016043;1.21985;-0.0909925;0.00673842
0.25497;0.308205;0;0.000157952;1.20128;-0.0896181;0.00663665
0.251077;0.311385;0;0.000155473;1.18269;-0.088243;0.00653481
0.247144;0.314515;0;0.000152994;1.16411;-0.0868677;0.00643296
0.243172;0.317596;0;0.000150512;1.14551;-0.0854912;0.00633103
0.239162;0.320627;0;0.000148031;1.12692;-0.0841153;0.00622914
0.235114;0.323607;0;0.000145552;1.10833;-0.08274;0.00612729
0.231029;0.326536;0;0.000143074;1.08976;-0.0813655;0.0060255
0.226908;0.329413;0;0.000140598;1.0712;-0.0799922;0.0059238
0.22275;0.332238;0;0.000137969;1.05155;-0.078534;0.00581581
0.218558;0.335011;0;0.000135201;1.0309;-0.0769981;0.00570208
0.214331;0.337731;0;0.00013243;1.01022;-0.0754611;0.00558825
0.21007;0.340398;0;0.000129657;0.989536;-0.0739231;0.00547436
0.205776;0.343011;0;0.000126883;0.96884;-0.0723844;0.00536041
0.201449;0.345569;0;0.000124108;0.948139;-0.0708453;0.00524643
0.197091;0.348074;0;0.000121333;0.927434;-0.0693059;0.00513243
0.192701;0.350523;0;0.000118558;0.906729;-0.0677666;0.00501844
0.188282;0.352916;0;0.000115784;0.886028;-0.0662275;0.00490446
0.183832;0.355255;0;0.00011301;0.865334;-0.0646889;0.00479052
0.179353;0.357537;0;0.000110238;0.84465;-0.0631511;0.00467664
0.174846;0.359762;0;0.000107467;0.823979;-0.0616143;0.00456283
0.170312;0.361931;0;0.000104661;0.803064;-0.0600577;0.00444756
0.16575;0.364042;0;0.000101668;0.780808;-0.0583972;0.00432459
0.161163;0.366096;0;9.86595e-05;0.758443;-0.0567286;0.00420102
0.156549;0.368093;0;9.56485e-05;0.736056;-0.0550583;0.00407733
0.151912;0.370031;0;9.26349e-05;0.71365;-0.0533865;0.00395353
0.14725;0.371911;0;8.96191e-05;0.691228;-0.0517137;0.00382964
0.142565;0.373732;0;8.66018e-05;0.668794;-0.0500399;0.00370569
0.137857;0.375494;0;8.35833e-05;0.646352;-0.0483654;0.00358169
0.133128;0.377196;0;8.05642e-05;0.623905;-0.0466906;0.00345766
0.128377;0.378839;0;7.75448e-05;0.601456;-0.0450158;0.00333363
0.123607;0.380423;0;7.45258e-05;0.579009;-0.043341;0.00320961
0.118817;0.381946;0;7.15808e-05;0.557138;-0.0417074;0.00308863
0.114008;0.383409;0;6.84898e-05;0.534212;-0.0399927;0.00296165
0.109181;0.384811;0;6.53974e-05;0.511275;-0.0382773;0.00283462
0.104337;0.386153;0;6.23041e-05;0.488331;-0.0365614;0.00270755
0.099476;0.387433;0;5.92105e-05;0.465385;-0.0348454;0.00258046
0.0945996;0.388653;0;5.6117e-05;0.44244;-0.0331293;0.00245338
0.0897083;0.389811;0;5.30241e-05;0.419499;-0.0314136;0.00232633
0.0848028;0.390907;0;4.99323e-05;0.396566;-0.0296985;0.00219932
0.079884;0.391942;0;4.6842e-05;0.373645;-0.0279843;0.00207237
0.0749525;0.392915;0;4.37539e-05;0.35074;-0.0262713;0.00194551
0.0700092;0.393826;0;4.06682e-05;0.327853;-0.0245596;0.00181876
0.0650549;0.394674;0;3.75857e-05;0.304989;-0.0228497;0.00169213
0.0600902;0.395461;0;3.45066e-05;0.282151;-0.0211417;0.00156564
0.0551161;0.396185;0;3.14316e-05;0.259343;-0.0194359;0.00143932
0.0501333;0.396846;0;2.82677e-05;0.235903;-0.0176808;0.00130935
0.0451426;0.397445;0;2.50871e-05;0.212346;-0.0159164;0.00117869
0.0401447;0.39798;0;2.19029e-05;0.188762;-0.0141501;0.00104788
0.0351405;0.398453;0;1.87156e-05;0.165156;-0.012382;0.000916944
0.0301307;0.398864;0;1.55256e-05;0.141529;-0.0106124;0.0007859
0.0251162;0.399211;0;1.23336e-05;0.117887;-0.00884168;0.000654768
0.0200977;0.399495;0;9.13985e-06;0.0942334;-0.00707004;0.00052357
0.0150761;0.399716;0;5.94502e-06;0.0705711;-0.00529779;0.000392326
0.010052;0.399874;0;2.74959e-06;0.0469042;-0.00352519;0.000261057
0.00502642;0.399968;0;-4.45955e-07;0.0232366;-0.00175254;0.000129784
2.44929e-17;0.4;0;-3.6411e-06;-0.000428073;1.98971e-05;-1.47348e-06
-0.00502642;0.399968;0;-6.83534e-06;-0.0240861;0.00179183;-0.000132694
-0.010052;0.399874;0;-1.00282e-05;-0.0477337;0.00356299;-0.000263856
-0.0150761;0.399716;0;-1.32191e-05;-0.0713671;0.00533308;-0.00039494
-0.0200977;0.399495;0;-1.64076e-05;-0.0949827;0.00710184;-0.000525925
-0.0251162;0.399211;0;-1.95932e-05;-0.118577;0.00886897;-0.00065679
-0.0301307;0.398864;0;-2.27754e-05;-0.142145;0.0106342;-0.000787514
-0.0351405;0.398453;0;-2.59268e-05;-0.165495;0.0123824;-0.000916979
-0.0401447;0.39798;0;-2.90647e-05;-0.188755;0.0141232;-0.00104589
-0.0451426;0.397445;0;-3.22031e-05;-0.212018;0.0158641;-0.00117481
-0.0501333;0.396846;0;-3.53441e-05;-0.235298;0.0176065;-0.00130384
-0.0551161;0.396185;0;-3.8487e-05;-0.258594;0.01935;-0.00143296
-0.0600902;0.395461;0;-4.16315e-05;-0.281901;0.0210943;-0.00156214
-0.0650549;0.394674;0;-4.4777e-05;-0.305216;0.0228392;-0.00169135
-0.0700092;0.393826;0;-4.79231e-05;-0.328535;0.0245844;-0.00182059
-0.0749525;0.392915;0;-5.10692e-05;-0.351854;0.0263297;-0.00194984
-0.079884;0.391942;0;-5.42148e-05;-0.37517;0.0280746;-0.00207906
-0.0848028;0.390907;0;-5.73595e-05;-0.398478;0.0298191;-0.00220825
-0.0897083;0.389811;0;-6.05028e-05;-0.421776;0.0315627;-0.00233737
-0.0945996;0.388653;0;-6.36441e-05;-0.44506;0.0333053;-0.00246642
-0.099476;0.387433;0;-6.67829e-05;-0.468325;0.0350465;-0.00259536
-0.104337;0.386153;0;-6.98783e-05;-0.491286;0.0367636;-0.00272252
-0.109181;0.384811;0;-7.28963e-05;-0.513708;0.0384379;-0.00284651
-0.114008;0.383409;0;-7.58905e-05;-0.53596;0.0400989;-0.00296951
-0.118817;0.381946;0;-7.8887e-05;-0.558229;0.0417611;-0.00309261
-0.123607;0.380423;0;-8.18854e-05;-0.580512;0.0434244;-0.00321578
-0.128377;0.378839;0;-8.48851e-05;-0.602806;0.0450885;-0.00333901
-0.133128;0.377196;0;-8.78857e-05;-0.625106;0.046753;-0.00346228
-0.137857;0.375494;0;-9.08868e-05;-0.647409;0.0484178;-0.00358557
-0.142565;0.373732;0;-9.38878e-05;-0.669712;0.0500825;-0.00370885
-0.14725;0.371911;0;-9.68883e-05;-0.692011;0.051747;-0.00383211
-0.151912;0.370031;0;-9.98751e-05;-0.71421;0.0534039;-0.00395481
-0.156549;0.368093;0;-0.000102863;-0.736415;0.0550614;-0.00407756
-0.161163;0.366096;0;-0.00010585;-0.758608;0.0567181;-0.00420024
-0.16575;0.364042;0;-0.000108834;-0.780786;0.0583736;-0.00432284
-0.170312;0.361931;0;-0.000111816;-0.802945;0.0600277;-0.00444534
-0.174846;0.359762;0;-0.000114683;-0.824277;0.0616183;-0.00456313
-0.179353;0.357537;0;-0.000117437;-0.844818;0.0631459;-0.00467625
-0.183832;0.355255;0;-0.000120193;-0.865374;0.0646746;-0.00478947
-0.188282;0.352916;0;-0.00012295;-0.885943;0.0662043;-0.00490274
-0.192701;0.350523;0;-0.000125709;-0.906521;0.0677347;-0.00501608
-0.197091;0.348074;0;-0.000128469;-0.927105;0.0692655;-0.00512944
-0.201449;0.345569;0;-0.000131228;-0.947691;0.0707965;-0.00524281
-0.205776;0.343011;0;-0.000133988;-0.968277;0.0723274;-0.00535619
-0.21007;0.340398;0;-0.000136748;-0.988858;0.0738581;-0.00546954
-0.214331;0.337731;0;-0.000139506;-1.00943;0.0753882;-0.00558285
-0.218558;0.335011;0;-0.000142263;-1.03;0.0769175;-0.00569611
-0.22275;0.332238;0;-0.000144983;-1.05029;0.0784266;-0.00580786
-0.226908;0.329413;0;-0.000147664;-1.07031;0.0799138;-0.00591799
-0.231029;0.326536;0;-0.000150106;-1.0886;0.0812685;-0.00601832
-0.235114;0.323607;0;-0.000152582;-1.10715;0.082642;-0.00612004
-0.239162;0.320627;0;-0.00015506;-1.12571;0.0840164;-0.00622182
-0.243172;0.317596;0;-0.000157539;-1.14428;0.0853915;-0.00632365
-0.247144;0.314515;0;-0.000160019;-1.16286;0.0867671;-0.00642552
-0.251077;0.311385;0;-0.000162499;-1.18143;0.0881429;-0.0065274
-0.25497;0.308205;0;-0.000164979;-1.20002;0.0895188;-0.00662929
-0.258822;0.304977;0;-0.000167459;-1.21859;0.0908945;-0.00673117
-0.262634;0.301701;0;-0.000169938;-1.23717;0.0922698;-0.00683302
-0.266405;0.298376;0;-0.000172416;-1.25573;0.0936446;-0.00693483
-0.270133;0.295005;0;-0.000174893;-1.27428;0.0950184;-0.00703657
-0.273819;0.291587;0;-0.000177368;-1.29282;0.0963913;-0.00713823
-0.277461;0.288124;0;-0.000179691;-1.31024;0.0976803;-0.00723369
-0.28106;0.284614;0;-0.000181904;-1.32685;0.0989075;-0.00732457
-0.284614;0.28106;0;-0.000184052;-1.34301;0.100099;-0.0074128
-0.288124;0.277461;0;-0.0001862;-1.35918;0.101291;-0.00750106
-0.291587;0.273819;0;-0.000188349;-1.37535;0.102483;-0.00758935
-0.295005;0.270133;0;-0.000190499;-1.39153;0.103675;-0.00767765
-0.298376;0.266405;0;-0.000192648;-1.4077;0.104868;-0.00776595
-0.301701;0.262634;0;-0.000194797;-1.42387;0.10606;-0.00785423
-0.304977;0.258822;0;-0.000196945;-1.44003;0.107251;-0.00794248
-0.308205;0.25497;0;-0.000199092;-1.45619;0.108443;-0.00803068
-0.311385;0.251077;0;-0.000201238;-1.47234;0.109633;-0.00811883
-0.314515;0.247144;0;-0.000203382;-1.48847;0.110822;-0.00820691
-0.317596;0.243172;0;-0.000205383;-1.50354;0.111932;-0.00828912
-0.320627;0.239162;0;-0.000207115;-1.51663;0.112893;-0.00836027
-0.323607;0.235114;0;-0.000208849;-1.52973;0.113855;-0.00843148
-0.326536;0.231029;0;-0.000210583;-1.54283;0.114817;-0.00850273
-0.329413;0.226908;0;-0.000212318;-1.55595;0.115779;-0.00857402
-0.332238;0.22275;0;-0.000214054;-1.56907;0.116742;-0.00864533
-0.335011;0.218558;0;-0.00021579;-1.58219;0.117705;-0.00871664
-0.337731;0.214331;0;-0.000217499;-1.5951;0.118653;-0.00878685
-0.340398;0.21007;0;-0.000219209;-1.60803;0.119602;-0.0088571
-0.343011;0.205776;0;-0.000220919;-1.62095;0.12055;-0.00892733
-0.345569;0.201449;0;-0.000222628;-1.63386;0.121498;-0.00899753
-0.348074;0.197091;0;-0.000224336;-1.64677;0.122446;-0.0090677
-0.350523;0.192701;0;-0.000226043;-1.65967;0.123393;-0.00913782
-0.352916;0.188282;0;-0.000227748;-1.67256;0.124339;-0.00920789
-0.355255;0.183832;0;-0.000229288;-1.68421;0.125193;-0.00927114
-0.357537;0.179353;0;-0.00023056;-1.69386;0.125899;-0.0093234
-0.359762;0.174846;0;-0.000231837;-1.70355;0.126607;-0.00937587
-0.361931;0.170312;0;-0.000233115;-1.71324;0.127316;-0.00942835
-0.364042;0.16575;0;-0.000234393;-1.72294;0.128025;-0.00948083
-0.366096;0.161163;0;-0.00023567;-1.73263;0.128733;-0.00953332
-0.368093;0.156549;0;-0.000236947;-1.74232;0.129442;-0.00958579
-0.370031;0.151912;0;-0.000238224;-1.75201;0.13015;-0.00963825
-0.371911;0.14725;0;-0.000239501;-1.76169;0.130858;-0.00969067
-0.373732;0.142565;0;-0.000240776;-1.77137;0.131566;-0.00974307
-0.375494;0.137857;0;-0.00024205;-1.78104;0.132273;-0.00979542
-0.377196;0.133128;0;-0.000243287;-1.79042;0.132958;-0.00984621
-0.378839;0.128377;0;-0.000244148;-1.79697;0.133437;-0.00988161
-0.380423;0.123607;0;-0.000244946;-1.80304;0.133879;-0.00991436
-0.381946;0.118817;0;-0.000245743;-1.8091;0.134321;-0.00994712
-0.383409;0.114008;0;-0.000246541;-1.81517;0.134764;-0.00997991
-0.384811;0.109181;0;-0.00024734;-1.82125;0.135207;-0.0100127
-0.386153;0.104337;0;-0.000248138;-1.82732;0.13565;-0.0100455
-0.387433;0.099476;0;-0.000248936;-1.83339;0.136093;-0.0100783
-0.388653;0.0945996;0;-0.000249735;-1.83947;0.136536;-0.0101111
-0.389811;0.0897083;0;-0.000250533;-1.84554;0.136978;-0.0101439
-0.390907;0.0848028;0;-0.000251331;-1.85161;0.137421;-0.0101767
-0.391942;0.079884;0;-0.000252128;-1.85767;0.137863;-0.0102094
-0.392915;0.0749525;0;-0.000252925;-1.86373;0.138305;-0.0102422
-0.393826;0.0700092;0;-0.000253721;-1.86979;0.138747;-0.0102749
-0.394674;0.0650549;0;-0.00025451;-1.87579;0.139184;-0.0103073
-0.395461;0.0600902;0;-0.000254823;-1.87817;0.139358;-0.0103201
-0.396185;0.0551161;0;-0.000255086;-1.88018;0.139504;-0.0103309
-0.396846;0.0501333;0;-0.00025535;-1.88219;0.13965;-0.0103418
-0.397445;0.0451426;0;-0.000255613;-1.88419;0.139797;-0.0103526
-0.39798;0.0401447;0;-0.000255877;-1.8862;0.139943;-0.0103634
-0.398453;0.0351405;0;-0.000256134;-1.88816;0.140085;-0.010374
-0.398864;0.0301307;0;-0.000256383;-1.89006;0.140223;-0.0103842
-0.399211;0.0251162;0;-0.00025663;-1.89194;0.140361;-0.0103944
-0.399495;0.0200977;0;-0.000256877;-1.89382;0.140497;-0.0104045
-0.399716;0.0150761;0;-0.000257123;-1.8957;0.140634;-0.0104146
-0.399874;0.010052;0;-0.00025737;-1.89758;0.140771;-0.0104248
-0.399968;0.00502642;0;-0.000257616;-1.89945;0.140907;-0.0104349
-0.4;4.89859e-17;0;-0.000257861;-1.90132;0.141043;-0.0104449
-0.399968;-0.00502642;0;-0.000257691;-1.90002;0.140949;-0.0104379
-0.399874;-0.010052;0;-0.000257432;-1.89805;0.140805;-0.0104273
-0.399716;-0.0150761;0;-0.000257173;-1.89607;0.140662;-0.0104167
-0.399495;-0.0200977;0;-0.000256913;-1.89409;0.140518;-0.010406
-0.399211;-0.0251162;0;-0.000256653;-1.89211;0.140373;-0.0103953
-0.398864;-0.0301307;0;-0.000256393;-1.89013;0.140229;-0.0103846
-0.398453;-0.0351405;0;-0.000256133;-1.88814;0.140085;-0.0103739
-0.39798;-0.0401447;0;-0.000255872;-1.88615;0.13994;-0.0103632
-0.397445;-0.0451426;0;-0.000255612;-1.88417;0.139796;-0.0103525
-0.396846;-0.0501333;0;-0.000255351;-1.88218;0.139651;-0.0103418
-0.396185;-0.0551161;0;-0.00025509;-1.88019;0.139506;-0.0103311
-0.395461;-0.0600902;0;-0.000254829;-1.8782;0.139362;-0.0103204
-0.394674;-0.0650549;0;-0.000254568;-1.8762;0.139217;-0.0103097
-0.393826;-0.0700092;0;-0.000253798;-1.87035;0.13879;-0.010278
-0.392915;-0.0749525;0;-0.000253009;-1.86434;0.138352;-0.0102456
-0.391942;-0.079884;0;-0.000252219;-1.85833;0.137914;-0.0102132
-0.390907;-0.0848028;0;-0.000251429;-1.85232;0.137476;-0.0101807
-0.389811;-0.0897083;0;-0.000250638;-1.8463;0.137037;-0.0101482
-0.388653;-0.0945996;0;-0.000249847;-1.84028;0.136598;-0.0101157
-0.387433;-0.099476;0;-0.000249056;-1.83426;0.136159;-0.0100832
-0.386153;-0.104337;0;-0.000248264;-1.82824;0.13572;-0.0100507
-0.384811;-0.109181;0;-0.000247472;-1.82221;0.135281;-0.0100182
-0.383409;-0.114008;0;-0.000246681;-1.81619;0.134842;-0.00998567
-0.381946;-0.118817;0;-0.00024589;-1.81017;0.134403;-0.00995316
-0.380423;-0.123607;0;-0.000245099;-1.80415;0.133964;-0.00992068
-0.378839;-0.128377;0;-0.000244269;-1.79784;0.133504;-0.00988658
-0.377196;-0.133128;0;-0.000243088;-1.78887;0.132849;-0.00983807
-0.375494;-0.137857;0;-0.000241906;-1.7799;0.132193;-0.00978952
-0.373732;-0.142565;0;-0.000240724;-1.77092;0.131537;-0.00974095
-0.371911;-0.14725;0;-0.000239425;-1.76106;0.130816;-0.00968758
-0.370031;-0.151912;0;-0.000238109;-1.75108;0.130087;-0.00963355
-0.368093;-0.156549;0;-0.000236793;-1.7411;0.129357;-0.00957948
-0.366096;-0.161163;0;-0.000235477;-1.7311;0.128626;-0.00952539
-0.364042;-0.16575;0;-0.00023416;-1.72111;0.127896;-0.00947129
-0.361931;-0.170312;0;-0.000232843;-1.71112;0.127165;-0.00941719
-0.359762;-0.174846;0;-0.000231526;-1.70113;0.126435;-0.00936309
-0.357537;-0.179353;0;-0.000230209;-1.69114;0.125704;-0.009309
-0.355255;-0.183832;0;-0.000228733;-1.67995;0.124886;-0.00924838
-0.352916;-0.188282;0;-0.000227223;-1.66852;0.124048;-0.00918634
-0.350523;-0.192701;0;-0.000225645;-1.65657;0.123172;-0.0091215
-0.348074;-0.197091;0;-0.000223974;-1.64394;0.122245;-0.00905286
-0.345569;-0.201449;0;-0.000222302;-1.63131;0.121318;-0.00898419
-0.343011;-0.205776;0;-0.00022063;-1.61866;0.12039;-0.00891549
-0.340398;-0.21007;0;-0.000218957;-1.60602;0.119463;-0.00884678
-0.337731;-0.214331;0;-0.000217285;-1.59338;0.118535;-0.00877807
-0.335011;-0.218558;0;-0.000215612;-1.58073;0.117607;-0.00870937
-0.332238;-0.22275;0;-0.00021394;-1.56809;0.11668;-0.00864069
-0.329413;-0.226908;0;-0.000212269;-1.55546;0.115753;-0.00857204
-0.326536;-0.231029;0;-0.000210544;-1.54243;0.114796;-0.00850118
-0.323607;-0.235114;0;-0.000208795;-1.52921;0.113826;-0.00842934
-0.320627;-0.239162;0;-0.000207048;-1.516;0.112856;-0.00835754
-0.317596;-0.243172;0;-0.000205296;-1.50277;0.111885;-0.00828558
-0.314515;-0.247144;0;-0.000203276;-1.48756;0.110764;-0.00820259
-0.311385;-0.251077;0;-0.000201127;-1.47139;0.109572;-0.00811434
-0.308205;-0.25497;0;-0.000198977;-1.45521;0.108379;-0.00802601
-0.304977;-0.258822;0;-0.000196826;-1.43902;0.107186;-0.00793763
-0.301701;-0.262634;0;-0.000194673;-1.42282;0.105992;-0.0078492
-0.298376;-0.266405;0;-0.00019252;-1.40661;0.104797;-0.00776074
-0.295005;-0.270133;0;-0.000190366;-1.3904;0.103602;-0.00767226
-0.291587;-0.273819;0;-0.000188212;-1.37419;0.102408;-0.00758378
-0.288124;-0.277461;0;-0.000186059;-1.35798;0.101213;-0.0074953
-0.284614;-0.28106;0;-0.000183906;-1.34178;0.100019;-0.00740686
-0.28106;-0.284614;0;-0.000181753;-1.32558;0.0988248;-0.00731845
-0.277461;-0.288124;0;-0.000179505;-1.30872;0.0975776;-0.00722609
-0.273819;-0.291587;0;-0.000177206;-1.29148;0.0963027;-0.00713168
-0.270133;-0.295005;0;-0.000174799;-1.27344;0.0949673;-0.00703278
-0.266405;-0.298376;0;-0.000172336;-1.25499;0.0936012;-0.00693161
-0.262634;-0.301701;0;-0.000169872;-1.23652;0.0922344;-0.00683039
-0.258822;-0.304977;0;-0.000167408;-1.21806;0.0908671;-0.00672914
-0.25497;-0.308205;0;-0.000164942;-1.19958;0.0894996;-0.00662787
-0.251077;-0.311385;0;-0.000162477;-1.18111;0.088132;-0.0065266
-0.247144;-0.314515;0;-0.000160012;-1.16264;0.0867647;-0.00642534
-0.243172;-0.317596;0;-0.000157548;-1.14417;0.0853977;-0.00632411
-0.239162;-0.320627;0;-0.000155085;-1.12572;0.0840314;-0.00622292
-0.235114;-0.323607;0;-0.000152623;-1.10727;0.0826658;-0.0061218
-0.231029;-0.326536;0;-0.000150164;-1.08884;0.0813013;-0.00602075
-0.226908;-0.329413;0;-0.000147643;-1.06999;0.0799031;-0.00591721
-0.22275;-0.332238;0;-0.000144964;-1.04999;0.0784172;-0.00580717
-0.218558;-0.335011;0;-0.000142231;-1.0296;0.0769012;-0.0056949
-0.214331;-0.337731;0;-0.000139472;-1.00901;0.0753704;-0.00558154
-0.21007;-0.340398;0;-0.000136711;-0.988414;0.073839;-0.00546813
-0.205776;-0.343011;0;-0.000133949;-0.96781;0.0723069;-0.00535467
-0.201449;-0.345569;0;-0.000131187;-0.947202;0.0707746;-0.0052412
-0.197091;-0.348074;0;-0.000128424;-0.926594;0.0692422;-0.00512772
-0.192701;-0.350523;0;-0.000125662;-0.905988;0.06771;-0.00501425
-0.188282;-0.352916;0;-0.000122901;-0.885387;0.0661783;-0.00490082
-0.183832;-0.355255;0;-0.000120141;-0.864796;0.0646472;-0.00478743
-0.179353;-0.357537;0;-0.000117383;-0.844217;0.063117;-0.00467411
-0.174846;-0.359762;0;-0.000114626;-0.823653;0.061588;-0.00456088
-0.170312;-0.361931;0;-0.000111769;-0.802394;0.0600028;-0.0044435
-0.16575;-0.364042;0;-0.000108817;-0.780453;0.0583655;-0.00432224
-0.161163;-0.366096;0;-0.000105835;-0.758289;0.0567114;-0.00419975
-0.156549;-0.368093;0;-0.000102851;-0.73611;0.0550562;-0.00407718
-0.151912;-0.370031;0;-9.98661e-05;-0.71392;0.0534002;-0.00395454
-0.14725;-0.371911;0;-9.68799e-05;-0.691723;0.0517437;-0.00383187
-0.142565;-0.373732;0;-9.38932e-05;-0.669522;0.0500869;-0.00370917
-0.137857;-0.375494;0;-9.09064e-05;-0.647321;0.0484301;-0.00358648
-0.133128;-0.377196;0;-8.79201e-05;-0.625123;0.0467735;-0.0034638
-0.128377;-0.378839;0;-8.49347e-05;-0.602932;0.0451174;-0.00334116
-0.123607;-0.380423;0;-8.19506e-05;-0.58075;0.0434621;-0.00321857
-0.118817;-0.381946;0;-7.89684e-05;-0.558583;0.0418077;-0.00309606
-0.114008;-0.383409;0;-7.59885e-05;-0.536433;0.0401547;-0.00297365
-0.109181;-0.384811;0;-7.30144e-05;-0.514327;0.0385049;-0.00285147
-0.104337;-0.386153;0;-6.98987e-05;-0.491225;0.0367765;-0.00272348
-0.099476;-0.387433;0;-6.67761e-05;-0.468071;0.0350444;-0.0025952
-0.0945996;-0.388653;0;-6.36519e-05;-0.444905;0.0333113;-0.00246686
-0.0897083;-0.389811;0;-6.05264e-05;-0.421729;0.0315775;-0.00233846
-0.0848028;-0.390907;0;-5.74024e-05;-0.398564;0.0298445;-0.00221013
-0.079884;-0.391942;0;-5.42726e-05;-0.375356;0.0281083;-0.00208156
-0.0749525;-0.392915;0;-5.11407e-05;-0.352134;0.026371;-0.0019529
-0.0700092;-0.393826;0;-4.80094e-05;-0.328915;0.024634;-0.00182426
-0.0650549;-0.394674;0;-4.48789e-05;-0.305702;0.0228974;-0.00169566
-0.0600902;-0.395461;0;-4.17499e-05;-0.282501;0.0211617;-0.00156712
-0.0551161;-0.396185;0;-3.86229e-05;-0.259314;0.019427;-0.00143866
-0.0501333;-0.396846;0;-3.54668e-05;-0.235924;0.0176762;-0.00130901
-0.0451426;-0.397445;0;-3.22821e-05;-0.212336;0.0159096;-0.00117818
-0.0401447;-0.39798;0;-2.90957e-05;-0.188735;0.014142;-0.00104728
-0.0351405;-0.398453;0;-2.59079e-05;-0.165124;0.0123737;-0.000916329
-0.0301307;-0.398864;0;-2.27246e-05;-0.141545;0.0106078;-0.000785556
-0.0251162;-0.399211;0;-1.95337e-05;-0.117912;0.00883774;-0.000654477
-0.0200977;-0.399495;0;-1.63427e-05;-0.0942767;0.00706759;-0.000523389
-0.0150761;-0.399716;0;-1.3152e-05;-0.0706438;0.0052976;-0.000392313
-0.010052;-0.399874;0;-9.96204e-06;-0.0470167;0.00352806;-0.000261269
-0.00502642;-0.399968;0;-6.77339e-06;-0.0233992;0.00175923;-0.000130279
-7.34788e-17;-0.4;0;-3.58656e-06;0.00020484;-8.59414e-06;6.36437e-07
0.00502642;-0.399968;0;-4.24738e-07;0.0236251;-0.00176255;0.000130525
0.010052;-0.399874;0;2.74979e-06;0.0471429;-0.00352358;0.000260938
0.0150761;-0.399716;0;5.92697e-06;0.0706803;-0.00528607;0.000391459
0.0200977;-0.399495;0;9.10629e-06;0.0942336;-0.00704976;0.000522068
0.0251162;-0.399211;0;1.22872e-05;0.117799;-0.00881435;0.000652745
0.0301307;-0.398864;0;1.54693e-05;0.141373;-0.0105796;0.000783468
0.0351405;-0.398453;0;1.86521e-05;0.164951;-0.0123452;0.000914217
0.0401447;-0.39798;0;2.18349e-05;0.188531;-0.0141108;0.00104497
0.0451426;-0.397445;0;2.50174e-05;0.212108;-0.0158763;0.00117571
0.0501333;-0.396846;0;2.8199e-05;0.235678;-0.0176412;0.00130642
0.0551161;-0.396185;0;3.13641e-05;0.259108;-0.0193968;0.00143643
0.0600902;-0.395461;0;3.45402e-05;0.28262;-0.0211586;0.00156689
0.0650549;-0.394674;0;3.76326e-05;0.305545;-0.022874;0.00169393
0.0700092;-0.393826;0;4.0774e-05;0.328836;-0.0246166;0.00182298
0.0749525;-0.392915;0;4.39158e-05;0.352129;-0.0263595;0.00195204
0.079884;-0.391942;0;4.70574e-05;0.375421;-0.0281022;0.0020811
0.0848028;-0.390907;0;5.01304e-05;0.398209;-0.0298068;0.00220734
0.0897083;-0.389811;0;5.32275e-05;0.421182;-0.031525;0.00233457
0.0945996;-0.388653;0;5.63256e-05;0.444161;-0.0332436;0.00246184
0.099476;-0.387433;0;5.94239e-05;0.467144;-0.0349623;0.00258913
0.104337;-0.386153;0;6.25221e-05;0.490124;-0.036681;0.0027164
0.109181;-0.384811;0;6.56197e-05;0.513101;-0.0383994;0.00284366
0.114008;-0.383409;0;6.87161e-05;0.536069;-0.0401171;0.00297086
0.118817;-0.381946;0;7.16739e-05;0.558035;-0.0417579;0.00309237
0.123607;-0.380423;0;7.46657e-05;0.580269;-0.0434175;0.00321527
0.128377;-0.378839;0;7.76591e-05;0.602516;-0.0450781;0.00333825
0.133128;-0.377196;0;8.06536e-05;0.62477;-0.0467392;0.00346126
0.137857;-0.375494;0;8.36487e-05;0.647029;-0.0484007;0.0035843
0.142565;-0.373732;0;8.6644e-05;0.66929;-0.0500623;0.00370735
0.14725;-0.371911;0;8.9639e-05;0.691548;-0.0517237;0.00383039
0.151912;-0.370031;0;9.26331e-05;0.7138;-0.0533847;0.00395339
0.156549;-0.368093;0;9.5626e-05;0.736043;-0.0550449;0.00407634
0.161163;-0.366096;0;9.86172e-05;0.758272;-0.0567042;0.00419922
0.16575;-0.364042;0;0.000101606;0.780486;-0.0583623;0.00432201
0.170312;-0.361931;0;0.000104542;0.80232;-0.0599911;0.00444263
0.174846;-0.359762;0;0.000107396;0.823568;-0.0615742;0.00455987
0.179353;-0.357537;0;0.000110165;0.844214;-0.0631103;0.00467362
0.183832;-0.355255;0;0.000112936;0.864874;-0.0646473;0.00478744
0.188282;-0.352916;0;0.000115708;0.885545;-0.0661852;0.00490133
0.192701;-0.350523;0;0.000118481;0.906223;-0.0677235;0.00501525
0.197091;-0.348074;0;0.000121254;0.926904;-0.0692622;0.00512919
0.201449;-0.345569;0;0.000124028;0.947586;-0.0708008;0.00524314
0.205776;-0.343011;0;0.000126801;0.968266;-0.0723393;0.00535707
0.21007;-0.340398;0;0.000129574;0.98894;-0.0738774;0.00547097
0.214331;-0.337731;0;0.000132345;1.0096;-0.0754147;0.00558482
0.218558;-0.335011;0;0.000135115;1.03026;-0.0769512;0.0056986
0.22275;-0.332238;0;0.000137882;1.05089;-0.0784864;0.00581229
0.226908;-0.329413;0;0.000140535;1.07071;-0.0799582;0.00592129
0.231029;-0.326536;0;0.000143008;1.08923;-0.0813299;0.00602287
0.235114;-0.323607;0;0.000145482;1.10775;-0.0827027;0.00612453
0.239162;-0.320627;0;0.000147959;1.12629;-0.0840764;0.00622626
0.243172;-0.317596;0;0.000150436;1.14484;-0.0854509;0.00632804
0.247144;-0.314515;0;0.000152914;1.1634;-0.0868258;0.00642986
0.251077;-0.311385;0;0.000155393;1.18196;-0.088201;0.0065317
0.25497;-0.308205;0;0.000157872;1.20052;-0.0895762;0.00663354
0.258822;-0.304977;0;0.000160351;1.21908;-0.0909513;0.00673537
0.262634;-0.301701;0;0.000162829;1.23763;-0.0923259;0.00683717
0.266405;-0.298376;0;0.000165306;1.25617;-0.0937;0.00693893
0.270133;-0.295005;0;0.000167781;1.27471;-0.0950732;0.00704062
0.273819;-0.291587;0;0.000170254;1.29323;-0.0964454;0.00714224
0.277461;-0.288124;0;0.000172682;1.31141;-0.0977921;0.00724197
0.28106;-0.284614;0;0.000174863;1.32779;-0.0990023;0.00733159
0.284614;-0.28106;0;0.000176993;1.3438;-0.100184;0.00741908
0.288124;-0.277461;0;0.000179123;1.35982;-0.101366;0.00750662
0.291587;-0.273819;0;0.000181255;1.37585;-0.102548;0.00759419
0.295005;-0.270133;0;0.000183387;1.39188;-0.103731;0.00768178
0.298376;-0.266405;0;0.000185519;1.4079;-0.104914;0.00776937
0.301701;-0.262634;0;0.00018765;1.42393;-0.106096;0.00785695
0.304977;-0.258822;0;0.000189781;1.43995;-0.107279;0.00794451
0.308205;-0.25497;0;0.000191912;1.45597;-0.108461;0.00803203
0.311385;-0.251077;0;0.00019404;1.47198;-0.109642;0.0081195
0.314515;-0.247144;0;0.000196168;1.48797;-0.110822;0.0082069
0.317596;-0.243172;0;0.000198223;1.50344;-0.111963;0.00829136
0.320627;-0.239162;0;0.000199944;1.51643;-0.112917;0.00836205
0.323607;-0.235114;0;0.000201666;1.52942;-0.113872;0.00843279
0.326536;-0.231029;0;0.000203389;1.54243;-0.114828;0.00850359
0.329413;-0.226908;0;0.000205113;1.55544;-0.115785;0.00857442
0.332238;-0.22275;0;0.000206837;1.56846;-0.116742;0.00864527
0.335011;-0.218558;0;0.000208562;1.58147;-0.117699;0.00871614
0.337731;-0.214331;0;0.000210287;1.59449;-0.118656;0.00878701
0.340398;-0.21007;0;0.000212011;1.60751;-0.119613;0.00885788
0.343011;-0.205776;0;0.000213736;1.62053;-0.120569;0.00892872
0.345569;-0.201449;0;0.000215459;1.63354;-0.121525;0.00899954
0.348074;-0.197091;0;0.000217182;1.64654;-0.122481;0.00907031
0.350523;-0.192701;0;0.000218903;1.65953;-0.123436;0.00914103
0.352916;-0.188282;0;0.000220622;1.67251;-0.12439;0.00921168
0.355255;-0.183832;0;0.00022212;1.68383;-0.125221;0.00927322
0.357537;-0.179353;0;0.000223399;1.69352;-0.125931;0.00932575
0.359762;-0.174846;0;0.000224678;1.70321;-0.12664;0.00937831
0.361931;-0.170312;0;0.000225901;1.71249;-0.127319;0.00942856
0.364042;-0.16575;0;0.000227115;1.7217;-0.127993;0.00947845
0.366096;-0.161163;0;0.00022833;1.73091;-0.128667;0.00952837
0.368093;-0.156549;0;0.000229545;1.74012;-0.129341;0.00957829
0.370031;-0.151912;0;0.00023076;1.74933;-0.130015;0.0096282
0.371911;-0.14725;0;0.000231974;1.75854;-0.130689;0.00967811
0.373732;-0.142565;0;0.000233189;1.76774;-0.131362;0.009728
0.375494;-0.137857;0;0.000234402;1.77694;-0.132036;0.00977786
0.377196;-0.133128;0;0.000235615;1.78614;-0.132708;0.00982769
0.378839;-0.128377;0;0.000236821;1.79528;-0.133378;0.00987726
0.380423;-0.123607;0;0.000237909;1.80352;-0.133981;0.00992192
0.381946;-0.118817;0;0.000238694;1.8095;-0.134416;0.00995418
0.383409;-0.114008;0;0.00023948;1.81549;-0.134852;0.00998645
0.384811;-0.109181;0;0.000240266;1.82148;-0.135288;0.0100187
0.386153;-0.104337;0;0.000241012;1.82716;-0.135702;0.0100494
0.387433;-0.099476;0;0.000241685;1.8323;-0.136075;0.010077
0.388653;-0.0945996;0;0.000242358;1.83743;-0.136448;0.0101047
0.389811;-0.0897083;0;0.000243031;1.84257;-0.136822;0.0101323
0.390907;-0.0848028;0;0.000243704;1.84771;-0.137195;0.0101599
0.391942;-0.079884;0;0.000244378;1.85284;-0.137568;0.0101876
0.392915;-0.0749525;0;0.00024505;1.85798;-0.137941;0.0102152
0.393826;-0.0700092;0;0.000245723;1.86311;-0.138314;0.0102428
0.394674;-0.0650549;0;0.000246395;1.86824;-0.138687;0.0102704
0.395461;-0.0600902;0;0.000247067;1.87336;-0.139059;0.010298
0.396185;-0.0551161;0;0.000247474;1.87649;-0.139285;0.0103147
0.396846;-0.0501333;0;0.000247778;1.87885;-0.139453;0.0103272
0.397445;-0.0451426;0;0.000248083;1.8812;-0.139622;0.0103396
0.39798;-0.0401447;0;0.000248297;1.88288;-0.13974;0.0103484
0.398453;-0.0351405;0;0.000248438;1.884;-0.139818;0.0103542
0.398864;-0.0301307;0;0.000248579;1.88511;-0.139895;0.0103599
0.399211;-0.0251162;0;0.000248719;1.88623;-0.139973;0.0103657
0.399495;-0.0200977;0;0.00024886;1.88735;-0.14005;0.0103714
0.399716;-0.0150761;0;0.000249001;1.88846;-0.140128;0.0103771
0.399874;-0.010052;0;0.000249141;1.88958;-0.140206;0.0103829
0.399968;-0.00502642;0;0.000249282;1.8907;-0.140283;0.0103886
