0.4;0;0;0.000252654;1.89421;-0.140359;0.0103943
0.399968;0.00502642;0;0.000252509;1.89312;-0.140279;0.0103883
0.399874;0.010052;0;0.000252361;1.89201;-0.140196;0.0103822
0.399716;0.0150761;0;0.000252213;1.8909;-0.140114;0.0103761
0.399495;0.0200977;0;0.000252065;1.88979;-0.140032;0.01037
0.399211;0.0251162;0;0.000251917;1.88868;-0.13995;0.0103639
0.398864;0.0301307;0;0.000251769;1.88756;-0.139867;0.0103578
0.398453;0.0351405;0;0.000251621;1.88645;-0.139785;0.0103518
0.39798;0.0401447;0;0.000251474;1.88534;-0.139703;0.0103457
0.397445;0.0451426;0;0.000251201;1.88328;-0.139552;0.0103345
0.396846;0.0501333;0;0.000250864;1.88071;-0.139365;0.0103206
0.396185;0.0551161;0;0.000250527;1.87814;-0.139178;0.0103068
0.395461;0.0600902;0;0.000250189;1.87557;-0.138991;0.0102929
0.394674;0.0650549;0;0.000249585;1.87098;-0.138655;0.0102681
0.393826;0.0700092;0;0.000248924;1.86595;-0.138289;0.0102409
0.392915;0.0749525;0;0.000248262;1.86092;-0.137921;0.0102137
0.391942;0.079884;0;0.0002476;1.85589;-0.137554;0.0101866
0.390907;0.0848028;0;0.000246938;1.85086;-0.137187;0.0101594
0.389811;0.0897083;0;0.000246276;1.84582;-0.13682;0.0101321
0.388653;0.0945996;0;0.000245613;1.84079;-0.136452;0.0101049
0.387433;0.099476;0;0.000244951;1.83576;-0.136085;0.0100777
0.386153;0.104337;0;0.000244253;1.83044;-0.135698;0.0100491
0.384811;0.109181;0;0.000243437;1.82423;-0.135245;0.0100156
0.383409;0.114008;0;0.000242621;1.81801;-0.134793;0.00998205
0.381946;0.118817;0;0.000241805;1.81179;-0.134341;0.00994855
0.380423;0.123607;0;0.00024099;1.80558;-0.133888;0.00991507
0.378839;0.128377;0;0.000239929;1.79751;-0.1333;0.0098715
0.377196;0.133128;0;0.000238709;1.78824;-0.132623;0.0098214
0.375494;0.137857;0;0.000237495;1.77902;-0.13195;0.00977152
0.373732;0.142565;0;0.00023628;1.76979;-0.131276;0.00972165
0.371911;0.14725;0;0.000235065;1.76056;-0.130603;0.00967174
0.370031;0.151912;0;0.000233849;1.75133;-0.129929;0.00962182
0.368093;0.156549;0;0.000232634;1.74209;-0.129254;0.0095719
0.366096;0.161163;0;0.000231418;1.73285;-0.12858;0.00952197
0.364042;0.16575;0;0.000230202;1.72362;-0.127906;0.00947204
0.361931;0.170312;0;0.000228987;1.71439;-0.127232;0.00942214
0.359762;0.174846;0;0.000227772;1.70516;-0.126558;0.00937225
0.357537;0.179353;0;0.000226558;1.69594;-0.125885;0.0093224
0.355255;0.183832;0;0.000225345;1.68672;-0.125212;0.00927258
0.352916;0.188282;0;0.000223877;1.6756;-0.124399;0.00921231
0.350523;0.192701;0;0.000222159;1.6626;-0.123446;0.00914176
0.348074;0.197091;0;0.00022044;1.64958;-0.122492;0.00907114
0.345569;0.201449;0;0.000218719;1.63656;-0.121538;0.00900047
0.343011;0.205776;0;0.000216997;1.62353;-0.120583;0.00892976
0.340398;0.21007;0;0.000215274;1.61049;-0.119628;0.00885902
0.337731;0.214331;0;0.000213551;1.59745;-0.118672;0.00878826
0.335011;0.218558;0;0.000211828;1.5844;-0.117717;0.00871749
0.332238;0.22275;0;0.000210104;1.57136;-0.116761;0.00864672
0.329413;0.226908;0;0.000208381;1.55832;-0.115806;0.00857597
0.326536;0.231029;0;0.000206659;1.54529;-0.114851;0.00850524
0.323607;0.235114;0;0.000204935;1.53224;-0.113895;0.00843446
0.320627;0.239162;0;0.000203207;1.51916;-0.112936;0.00836348
0.317596;0.243172;0;0.00020148;1.50609;-0.111979;0.00829255
0.314515;0.247144;0;0.000199505;1.49118;-0.110883;0.00821144
0.311385;0.251077;0;0.000197379;1.47517;-0.109705;0.00812417
0.308205;0.25497;0;0.000195253;1.45915;-0.108526;0.00803684
0.304977;0.258822;0;0.000193123;1.4431;-0.107345;0.0079494
0.301701;0.262634;0;0.000190991;1.42704;-0.106163;0.00786184
0.298376;0.266405;0;0.000188857;1.41096;-0.104979;0.0077742
0.295005;0.270133;0;0.00018672;1.39486;-0.103794;0.00768645
0.291587;0.273819;0;0.000184583;1.37876;-0.102609;0.0075987
0.288124;0.277461;0;0.000182447;1.36266;-0.101424;0.00751096
0.284614;0.28106;0;0.000180311;1.34657;-0.10024;0.00742326
0.28106;0.284614;0;0.000178176;1.33048;-0.0990564;0.0073356
0.277461;0.288124;0;0.000176008;1.31416;-0.0978542;0.00724657
0.273819;0.291587;0;0.000173537;1.29563;-0.096484;0.0071451
0.270133;0.295005;0;0.000171064;1.27708;-0.0951124;0.00704353
0.266405;0.298376;0;0.000168589;1.25852;-0.0937398;0.00694188
0.262634;0.301701;0;0.000166112;1.23994;-0.0923665;0.00684018
0.258822;0.304977;0;0.000163635;1.22136;-0.0909925;0.00673842
0.25497;0.308205;0;0.000161156;1.20277;-0.0896181;0.00663665
0.251077;0.311385;0;0.000158676;1.18418;-0.088243;0.00653481
0.247144;0.314515;0;0.000156196;1.16558;-0.0868677;0.00643296
0.243172;0.317596;0;0.000153714;1.14696;-0.0854912;0.00633103
0.239162;0.320627;0;0.000151233;1.12835;-0.0841153;0.00622914
0.235114;0.323607;0;0.000148753;1.10975;-0.08274;0.00612729
0.231029;0.326536;0;0.000146274;1.09116;-0.0813655;0.0060255
0.226908;0.329413;0;0.000143798;1.07259;-0.0799922;0.0059238
0.22275;0.332238;0;0.000141168;1.05292;-0.078534;0.00581581
0.218558;0.335011;0;0.000138398;1.03224;-0.0769981;0.00570208
0.214331;0.337731;0;0.000135627;1.01155;-0.0754611;0.00558825
0.21007;0.340398;0;0.000132853;0.990838;-0.0739231;0.00547436
0.205776;0.343011;0;0.000130079;0.97012;-0.0723844;0.00536041
0.201449;0.345569;0;0.000127303;0.949397;-0.0708453;0.00524643
0.197091;0.348074;0;0.000124527;0.92867;-0.0693059;0.00513243
0.192701;0.350523;0;0.000121751;0.907944;-0.0677666;0.00501844
0.188282;0.352916;0;0.000118976;0.887221;-0.0662275;0.00490446
0.183832;0.355255;0;0.000116201;0.866505;-0.0646889;0.00479052
0.179353;0.357537;0;0.000113428;0.845799;-0.0631511;0.00467664
0.174846;0.359762;0;0.000110657;0.825107;-0.0616143;0.00456283
0.170312;0.361931;0;0.00010785;0.804169;-0.0600577;0.00444756
0.16575;0.364042;0;0.000104856;0.781883;-0.0583972;0.00432459
0.161163;0.366096;0;0.000101846;0.759488;-0.0567286;0.00420102
0.156549;0.368093;0;9.88344e-05;0.737069;-0.0550583;0.00407733
0.151912;0.370031;0;9.58197e-05;0.714632;-0.0533865;0.00395353
0.14725;0.371911;0;9.2803e-05;0.692179;-0.0517137;0.00382964
0.142565;0.373732;0;8.97846e-05;0.669714;-0.0500399;0.00370569
0.137857;0.375494;0;8.67651e-05;0.64724;-0.0483654;0.00358169
0.133128;0.377196;0;8.3745e-05;0.624762;-0.0466906;0.00345766
0.128377;0.378839;0;8.07246e-05;0.602282;-0.0450158;0.00333363
0.123607;0.380423;0;7.77046e-05;0.579804;-0.043341;0.00320961
0.118817;0.381946;0;7.47586e-05;0.557907;-0.0417074;0.00308863
0.114008;0.383409;0;7.16667e-05;0.534956;-0.0399927;0.00296165
0.109181;0.384811;0;6.85734e-05;0.511996;-0.0382773;0.00283462
0.104337;0.386153;0;6.54792e-05;0.489029;-0.0365614;0.00270755
0.099476;0.387433;0;6.23847e-05;0.466059;-0.0348454;0.00258046
0.0945996;0.388653;0;5.92903e-05;0.44309;-0.0331293;0.00245338
0.0897083;0.389811;0;5.61964e-05;0.420126;-0.0314136;0.00232633
0.0848028;0.390907;0;5.31037e-05;0.39717;-0.0296985;0.00219932
0.079884;0.391942;0;5.00126e-05;0.374225;-0.0279843;0.00207237
0.0749525;0.392915;0;4.69235e-05;0.351296;-0.0262713;0.00194551
0.0700092;0.393826;0;4.38369e-05;0.328386;-0.0245596;0.00181876
0.0650549;0.394674;0;4.07535e-05;0.305498;-0.0228497;0.00169213
0.0600902;0.395461;0;3.76735e-05;0.282637;-0.0211417;0.00156564
0.0551161;0.396185;0;3.45976e-05;0.259805;-0.0194359;0.00143932
0.0501333;0.396846;0;3.14327e-05;0.236338;-0.0176808;0.00130935
0.0451426;0.397445;0;2.82511e-05;0.212751;-0.0159164;0.00117869
0.0401447;0.39798;0;2.50658e-05;0.189137;-0.0141501;0.00104788
0.0351405;0.398453;0;2.18775e-05;0.165501;-0.012382;0.000916944
0.0301307;0.398864;0;1.86865e-05;0.141844;-0.0106124;0.0007859
0.0251162;0.399211;0;1.54934e-05;0.118172;-0.00884168;0.000654768
0.0200977;0.399495;0;1.22986e-05;0.094488;-0.00707004;0.00052357
0.0150761;0.399716;0;9.10277e-06;0.0707956;-0.00529779;0.000392326
0.010052;0.399874;0;5.9063e-06;0.0470987;-0.00352519;0.000261057
0.00502642;0.399968;0;2.70972e-06;0.0234009;-0.00175254;0.000129784
2.44929e-17;0.4;0;-4.86457e-07;-0.00029387;1.98971e-05;-1.47348e-06
-0.00502642;0.399968;0;-3.68173e-06;-0.023982;0.00179183;-0.000132694
-0.010052;0.399874;0;-6.87561e-06;-0.0476597;0.00356299;-0.000263856
-0.0150761;0.399716;0;-1.00676e-05;-0.0713232;0.00533308;-0.00039494
-0.0200977;0.399495;0;-1.32571e-05;-0.0949689;0.00710184;-0.000525925
-0.0251162;0.399211;0;-1.64437e-05;-0.118593;0.00886897;-0.00065679
-0.0301307;0.398864;0;-1.96269e-05;-0.142191;0.0106342;-0.000787514
-0.0351405;0.398453;0;-2.27794e-05;-0.165565;0.0123824;-0.000916979
-0.0401447;0.39798;0;-2.59183e-05;-0.188848;0.0141232;-0.00104589
-0.0451426;0.397445;0;-2.90577e-05;-0.212141;0.0158641;-0.00117481
-0.0501333;0.396846;0;-3.21997e-05;-0.235452;0.0176065;-0.00130384
-0.0551161;0.396185;0;-3.53437e-05;-0.258779;0.01935;-0.00143296
-0.0600902;0.395461;0;-3.84892e-05;-0.282117;0.0210943;-0.00156214
-0.0650549;0.394674;0;-4.16357e-05;-0.305462;0.0228392;-0.00169135
-0.0700092;0.393826;0;-4.47828e-05;-0.328812;0.0245844;-0.00182059
-0.0749525;0.392915;0;-4.79299e-05;-0.352162;0.0263297;-0.00194984
-0.079884;0.391942;0;-5.10766e-05;-0.375508;0.0280746;-0.00207906
-0.0848028;0.390907;0;-5.42223e-05;-0.398848;0.0298191;-0.00220825
-0.0897083;0.389811;0;-5.73666e-05;-0.422176;0.0315627;-0.00233737
-0.0945996;0.388653;0;-6.05089e-05;-0.44549;0.0333053;-0.00246642
-0.099476;0.387433;0;-6.36488e-05;-0.468786;0.0350465;-0.00259536
-0.104337;0.386153;0;-6.67451e-05;-0.491771;0.0367636;-0.00272252
-0.109181;0.384811;0;-6.97642e-05;-0.514215;0.0384379;-0.00284651
-0.114008;0.383409;0;-7.27594e-05;-0.536497;0.0400989;-0.00296951
-0.118817;0.381946;0;-7.57569e-05;-0.558797;0.0417611;-0.00309261
-0.123607;0.380423;0;-7.87563e-05;-0.581111;0.0434244;-0.00321578
-0.128377;0.378839;0;-8.1757e-05;-0.603435;0.0450885;-0.00333901
-0.133128;0.377196;0;-8.47586e-05;-0.625765;0.046753;-0.00346228
-0.137857;0.375494;0;-8.77607e-05;-0.648099;0.0484178;-0.00358557
-0.142565;0.373732;0;-9.07626e-05;-0.670432;0.0500825;-0.00370885
-0.14725;0.371911;0;-9.37641e-05;-0.692762;0.051747;-0.00383211
-0.151912;0.370031;0;-9.6752e-05;-0.714989;0.0534039;-0.00395481
-0.156549;0.368093;0;-9.9741e-05;-0.737222;0.0550614;-0.00407756
-0.161163;0.366096;0;-0.000102728;-0.759443;0.0567181;-0.00420024
-0.16575;0.364042;0;-0.000105714;-0.781649;0.0583736;-0.00432284
-0.170312;0.361931;0;-0.000108696;-0.803836;0.0600277;-0.00444534
-0.174846;0.359762;0;-0.000111565;-0.825196;0.0616183;-0.00456313
-0.179353;0.357537;0;-0.000114319;-0.845761;0.0631459;-0.00467625
-0.183832;0.355255;0;-0.000117076;-0.866342;0.0646746;-0.00478947
-0.188282;0.352916;0;-0.000119834;-0.886936;0.0662043;-0.00490274
-0.192701;0.350523;0;-0.000122594;-0.907538;0.0677347;-0.00501608
-0.197091;0.348074;0;-0.000125355;-0.928147;0.0692655;-0.00512944
-0.201449;0.345569;0;-0.000128115;-0.948758;0.0707965;-0.00524281
-0.205776;0.343011;0;-0.000130876;-0.969368;0.0723274;-0.00535619
-0.21007;0.340398;0;-0.000133636;-0.989974;0.0738581;-0.00546954
-0.214331;0.337731;0;-0.000136395;-1.01057;0.0753882;-0.00558285
-0.218558;0.335011;0;-0.000139153;-1.03116;0.0769175;-0.00569611
-0.22275;0.332238;0;-0.000141874;-1.05148;0.0784266;-0.00580786
-0.226908;0.329413;0;-0.000144556;-1.07154;0.0799138;-0.00591799
-0.231029;0.326536;0;-0.000146999;-1.08985;0.0812685;-0.00601832
-0.235114;0.323607;0;-0.000149476;-1.10843;0.082642;-0.00612004
-0.239162;0.320627;0;-0.000151954;-1.12701;0.0840164;-0.00622182
-0.243172;0.317596;0;-0.000154434;-1.14561;0.0853915;-0.00632365
-0.247144;0.314515;0;-0.000156915;-1.16421;0.0867671;-0.00642552
-0.251077;0.311385;0;-0.000159396;-1.18281;0.0881429;-0.0065274
-0.25497;0.308205;0;-0.000161877;-1.20141;0.0895188;-0.00662929
-0.258822;0.304977;0;-0.000164357;-1.22002;0.0908945;-0.00673117
-0.262634;0.301701;0;-0.000166837;-1.23861;0.0922698;-0.00683302
-0.266405;0.298376;0;-0.000169316;-1.2572;0.0936446;-0.00693483
-0.270133;0.295005;0;-0.000171794;-1.27578;0.0950184;-0.00703657
-0.273819;0.291587;0;-0.00017427;-1.29434;0.0963913;-0.00713823
-0.277461;0.288124;0;-0.000176594;-1.31178;0.0976803;-0.00723369
-0.28106;0.284614;0;-0.000178807;-1.32841;0.0989075;-0.00732457
-0.284614;0.28106;0;-0.000180955;-1.3446;0.100099;-0.0074128
-0.288124;0.277461;0;-0.000183105;-1.36079;0.101291;-0.00750106
-0.291587;0.273819;0;-0.000185255;-1.37699;0.102483;-0.00758935
-0.295005;0.270133;0;-0.000187405;-1.39318;0.103675;-0.00767765
-0.298376;0.266405;0;-0.000189555;-1.40938;0.104868;-0.00776595
-0.301701;0.262634;0;-0.000191705;-1.42558;0.10606;-0.00785423
-0.304977;0.258822;0;-0.000193853;-1.44177;0.107251;-0.00794248
-0.308205;0.25497;0;-0.000196001;-1.45795;0.108443;-0.00803068
-0.311385;0.251077;0;-0.000198148;-1.47412;0.109633;-0.00811883
-0.314515;0.247144;0;-0.000200292;-1.49028;0.110822;-0.00820691
-0.317596;0.243172;0;-0.000202294;-1.50537;0.111932;-0.00828912
-0.320627;0.239162;0;-0.000204027;-1.51848;0.112893;-0.00836027
-0.323607;0.235114;0;-0.000205761;-1.53161;0.113855;-0.00843148
-0.326536;0.231029;0;-0.000207496;-1.54474;0.114817;-0.00850273
-0.329413;0.226908;0;-0.000209232;-1.55787;0.115779;-0.00857402
-0.332238;0.22275;0;-0.000210968;-1.57101;0.116742;-0.00864533
-0.335011;0.218558;0;-0.000212705;-1.58415;0.117705;-0.00871664
-0.337731;0.214331;0;-0.000214415;-1.59709;0.118653;-0.00878685
-0.340398;0.21007;0;-0.000216125;-1.61003;0.119602;-0.0088571
-0.343011;0.205776;0;-0.000217835;-1.62297;0.12055;-0.00892733
-0.345569;0.201449;0;-0.000219545;-1.6359;0.121498;-0.00899753
-0.348074;0.197091;0;-0.000221254;-1.64882;0.122446;-0.0090677
-0.350523;0.192701;0;-0.000222961;-1.66174;0.123393;-0.00913782
-0.352916;0.188282;0;-0.000224667;-1.67465;0.124339;-0.00920789
-0.355255;0.183832;0;-0.000226207;-1.6863;0.125193;-0.00927114
-0.357537;0.179353;0;-0.00022748;-1.69597;0.125899;-0.0093234
-0.359762;0.174846;0;-0.000228757;-1.70567;0.126607;-0.00937587
-0.361931;0.170312;0;-0.000230035;-1.71538;0.127316;-0.00942835
-0.364042;0.16575;0;-0.000231313;-1.72509;0.128025;-0.00948083
-0.366096;0.161163;0;-0.000232591;-1.73479;0.128733;-0.00953332
-0.368093;0.156549;0;-0.000233869;-1.7445;0.129442;-0.00958579
-0.370031;0.151912;0;-0.000235146;-1.7542;0.13015;-0.00963825
-0.371911;0.14725;0;-0.000236423;-1.7639;0.130858;-0.00969067
-0.373732;0.142565;0;-0.000237699;-1.77359;0.131566;-0.00974307
-0.375494;0.137857;0;-0.000238974;-1.78327;0.132273;-0.00979542
-0.377196;0.133128;0;-0.00024021;-1.79267;0.132958;-0.00984621
-0.378839;0.128377;0;-0.000241073;-1.79924;0.133437;-0.00988161
-0.380423;0.123607;0;-0.00024187;-1.80531;0.133879;-0.00991436
-0.381946;0.118817;0;-0.000242668;-1.81139;0.134321;-0.00994712
-0.383409;0.114008;0;-0.000243466;-1.81747;0.134764;-0.00997991
-0.384811;0.109181;0;-0.000244265;-1.82355;0.135207;-0.0100127
-0.386153;0.104337;0;-0.000245063;-1.82964;0.13565;-0.0100455
-0.387433;0.099476;0;-0.000245862;-1.83572;0.136093;-0.0100783
-0.388653;0.0945996;0;-0.000246661;-1.8418;0.136536;-0.0101111
-0.389811;0.0897083;0;-0.000247459;-1.84788;0.136978;-0.0101439
-0.390907;0.0848028;0;-0.000248258;-1.85396;0.137421;-0.0101767
-0.391942;0.079884;0;-0.000249055;-1.86004;0.137863;-0.0102094
-0.392915;0.0749525;0;-0.000249852;-1.86611;0.138305;-0.0102422
-0.393826;0.0700092;0;-0.000250648;-1.87218;0.138747;-0.0102749
-0.394674;0.0650549;0;-0.000251438;-1.87819;0.139184;-0.0103073
-0.395461;0.0600902;0;-0.000251751;-1.88057;0.139358;-0.0103201
-0.396185;0.0551161;0;-0.000252014;-1.88259;0.139504;-0.0103309
-0.396846;0.0501333;0;-0.000252278;-1.8846;0.13965;-0.0103418
-0.397445;0.0451426;0;-0.000252542;-1.88661;0.139797;-0.0103526
-0.39798;0.0401447;0;-0.000252805;-1.88862;0.139943;-0.0103634
-0.398453;0.0351405;0;-0.000253062;-1.89058;0.140085;-0.010374
-0.398864;0.0301307;0;-0.000253311;-1.89248;0.140223;-0.0103842
-0.399211;0.0251162;0;-0.000253559;-1.89437;0.140361;-0.0103944
-0.399495;0.0200977;0;-0.000253805;-1.89625;0.140497;-0.0104045
-0.399716;0.0150761;0;-0.000254052;-1.89813;0.140634;-0.0104146
-0.399874;0.010052;0;-0.000254298;-1.90001;0.140771;-0.0104248
-0.399968;0.00502642;0;-0.000254544;-1.90189;0.140907;-0.0104349
-0.4;4.89859e-17;0;-0.00025479;-1.90376;0.141043;-0.0104449
-0.399968;-0.00502642;0;-0.00025462;-1.90246;0.140949;-0.0104379
-0.399874;-0.010052;0;-0.000254361;-1.90048;0.140805;-0.0104273
-0.399716;-0.0150761;0;-0.000254101;-1.89851;0.140662;-0.0104167
-0.399495;-0.0200977;0;-0.000253842;-1.89653;0.140518;-0.010406
-0.399211;-0.0251162;0;-0.000253582;-1.89454;0.140373;-0.0103953
-0.398864;-0.0301307;0;-0.000253322;-1.89256;0.140229;-0.0103846
-0.398453;-0.0351405;0;-0.000253061;-1.89057;0.140085;-0.0103739
-0.39798;-0.0401447;0;-0.000252801;-1.88858;0.13994;-0.0103632
-0.397445;-0.0451426;0;-0.00025254;-1.88659;0.139796;-0.0103525
-0.396846;-0.0501333;0;-0.000252279;-1.8846;0.139651;-0.0103418
-0.396185;-0.0551161;0;-0.000252018;-1.88261;0.139506;-0.0103311
-0.395461;-0.0600902;0;-0.000251758;-1.88062;0.139362;-0.0103204
-0.394674;-0.0650549;0;-0.000251496;-1.87863;0.139217;-0.0103097
-0.393826;-0.0700092;0;-0.000250726;-1.87276;0.13879;-0.010278
-0.392915;-0.0749525;0;-0.000249937;-1.86675;0.138352;-0.0102456
-0.391942;-0.079884;0;-0.000249147;-1.86073;0.137914;-0.0102132
-0.390907;-0.0848028;0;-0.000248356;-1.8547;0.137476;-0.0101807
-0.389811;-0.0897083;0;-0.000247565;-1.84868;0.137037;-0.0101482
-0.388653;-0.0945996;0;-0.000246773;-1.84265;0.136598;-0.0101157
-0.387433;-0.099476;0;-0.000245982;-1.83661;0.136159;-0.0100832
-0.386153;-0.104337;0;-0.00024519;-1.83058;0.13572;-0.0100507
-0.384811;-0.109181;0;-0.000244398;-1.82455;0.135281;-0.0100182
-0.383409;-0.114008;0;-0.000243606;-1.81851;0.134842;-0.00998567
-0.381946;-0.118817;0;-0.000242815;-1.81248;0.134403;-0.00995316
-0.380423;-0.123607;0;-0.000242024;-1.80645;0.133964;-0.00992068
-0.378839;-0.128377;0;-0.000241193;-1.80013;0.133504;-0.00988658
-0.377196;-0.133128;0;-0.000240012;-1.79116;0.132849;-0.00983807
-0.375494;-0.137857;0;-0.00023883;-1.78219;0.132193;-0.00978952
-0.373732;-0.142565;0;-0.000237647;-1.77321;0.131537;-0.00974095
-0.371911;-0.14725;0;-0.000236348;-1.76332;0.130816;-0.00968758
-0.370031;-0.151912;0;-0.000235032;-1.75332;0.130087;-0.00963355
-0.368093;-0.156549;0;-0.000233715;-1.74331;0.129357;-0.00957948
-0.366096;-0.161163;0;-0.000232398;-1.7333;0.128626;-0.00952539
-0.364042;-0.16575;0;-0.00023108;-1.72328;0.127896;-0.00947129
-0.361931;-0.170312;0;-0.000229763;-1.71326;0.127165;-0.00941719
-0.359762;-0.174846;0;-0.000228445;-1.70325;0.126435;-0.00936309
-0.357537;-0.179353;0;-0.000227128;-1.69324;0.125704;-0.009309
-0.355255;-0.183832;0;-0.000225652;-1.68205;0.124886;-0.00924838
-0.352916;-0.188282;0;-0.000224142;-1.67061;0.124048;-0.00918634
-0.350523;-0.192701;0;-0.000222563;-1.65866;0.123172;-0.0091215
-0.348074;-0.197091;0;-0.000220891;-1.64602;0.122245;-0.00905286
-0.345569;-0.201449;0;-0.000219219;-1.63337;0.121318;-0.00898419
-0.343011;-0.205776;0;-0.000217546;-1.62072;0.12039;-0.00891549
-0.340398;-0.21007;0;-0.000215873;-1.60807;0.119463;-0.00884678
-0.337731;-0.214331;0;-0.0002142;-1.59542;0.118535;-0.00877807
-0.335011;-0.218558;0;-0.000212527;-1.58277;0.117607;-0.00870937
-0.332238;-0.22275;0;-0.000210855;-1.57012;0.11668;-0.00864069
-0.329413;-0.226908;0;-0.000209184;-1.55748;0.115753;-0.00857204
-0.326536;-0.231029;0;-0.000207458;-1.54442;0.114796;-0.00850118
-0.323607;-0.235114;0;-0.000205709;-1.53117;0.113826;-0.00842934
-0.320627;-0.239162;0;-0.00020396;-1.51794;0.112856;-0.00835754
-0.317596;-0.243172;0;-0.000202208;-1.50468;0.111885;-0.00828558
-0.314515;-0.247144;0;-0.000200187;-1.48945;0.110764;-0.00820259
-0.311385;-0.251077;0;-0.000198038;-1.47325;0.109572;-0.00811434
-0.308205;-0.25497;0;-0.000195887;-1.45705;0.108379;-0.00802601
-0.304977;-0.258822;0;-0.000193735;-1.44083;0.107186;-0.00793763
-0.301701;-0.262634;0;-0.000191581;-1.42461;0.105992;-0.0078492
-0.298376;-0.266405;0;-0.000189427;-1.40838;0.104797;-0.00776074
-0.295005;-0.270133;0;-0.000187273;-1.39214;0.103602;-0.00767226
-0.291587;-0.273819;0;-0.000185118;-1.37591;0.102408;-0.00758378
-0.288124;-0.277461;0;-0.000182964;-1.35967;0.101213;-0.0074953
-0.284614;-0.28106;0;-0.00018081;-1.34345;0.100019;-0.00740686
-0.28106;-0.284614;0;-0.000178657;-1.32722;0.0988248;-0.00731845
-0.277461;-0.288124;0;-0.000176408;-1.31034;0.0975776;-0.00722609
-0.273819;-0.291587;0;-0.000174109;-1.29309;0.0963027;-0.00713168
-0.270133;-0.295005;0;-0.000171701;-1.27503;0.0949673;-0.00703278
-0.266405;-0.298376;0;-0.000169237;-1.25656;0.0936012;-0.00693161
-0.262634;-0.301701;0;-0.000166773;-1.23808;0.0922344;-0.00683039
-0.258822;-0.304977;0;-0.000164307;-1.21959;0.0908671;-0.00672914
-0.25497;-0.308205;0;-0.000161841;-1.2011;0.0894996;-0.00662787
-0.251077;-0.311385;0;-0.000159375;-1.1826;0.088132;-0.0065266
-0.247144;-0.314515;0;-0.00015691;-1.16411;0.0867647;-0.00642534
-0.243172;-0.317596;0;-0.000154445;-1.14563;0.0853977;-0.00632411
-0.239162;-0.320627;0;-0.000151981;-1.12715;0.0840314;-0.00622292
-0.235114;-0.323607;0;-0.000149518;-1.10868;0.0826658;-0.0061218
-0.231029;-0.326536;0;-0.000147058;-1.09023;0.0813013;-0.00602075
-0.226908;-0.329413;0;-0.000144536;-1.07135;0.0799031;-0.00591721
-0.22275;-0.332238;0;-0.000141857;-1.05132;0.0784172;-0.00580717
-0.218558;-0.335011;0;-0.000139123;-1.0309;0.0769012;-0.0056949
-0.214331;-0.337731;0;-0.000136363;-1.01029;0.0753704;-0.00558154
-0.21007;-0.340398;0;-0.000133601;-0.989674;0.073839;-0.00546813
-0.205776;-0.343011;0;-0.000130838;-0.969047;0.0723069;-0.00535467
-0.201449;-0.345569;0;-0.000128075;-0.948416;0.0707746;-0.0052412
-0.197091;-0.348074;0;-0.000125312;-0.927783;0.0692422;-0.00512772
-0.192701;-0.350523;0;-0.000122549;-0.907154;0.06771;-0.00501425
-0.188282;-0.352916;0;-0.000119787;-0.88653;0.0661783;-0.00490082
-0.183832;-0.355255;0;-0.000117026;-0.865915;0.0646472;-0.00478743
-0.179353;-0.357537;0;-0.000114266;-0.845313;0.063117;-0.00467411
-0.174846;-0.359762;0;-0.000111509;-0.824726;0.061588;-0.00456088
-0.170312;-0.361931;0;-0.000108651;-0.803438;0.0600028;-0.0044435
-0.16575;-0.364042;0;-0.000105698;-0.781471;0.0583655;-0.00432224
-0.161163;-0.366096;0;-0.000102715;-0.75928;0.0567114;-0.00419975
-0.156549;-0.368093;0;-9.97307e-05;-0.737075;0.0550562;-0.00407718
-0.151912;-0.370031;0;-9.67445e-05;-0.714859;0.0534002;-0.00395454
-0.14725;-0.371911;0;-9.37574e-05;-0.692636;0.0517437;-0.00383187
-0.142565;-0.373732;0;-9.07697e-05;-0.670408;0.0500869;-0.00370917
-0.137857;-0.375494;0;-8.7782e-05;-0.648181;0.0484301;-0.00358648
-0.133128;-0.377196;0;-8.47947e-05;-0.625957;0.0467735;-0.0034638
-0.128377;-0.378839;0;-8.18083e-05;-0.603739;0.0451174;-0.00334116
-0.123607;-0.380423;0;-7.88233e-05;-0.581532;0.0434621;-0.00321857
-0.118817;-0.381946;0;-7.58402e-05;-0.559338;0.0418077;-0.00309606
-0.114008;-0.383409;0;-7.28593e-05;-0.537161;0.0401547;-0.00297365
-0.109181;-0.384811;0;-6.98843e-05;-0.515029;0.0385049;-0.00285147
-0.104337;-0.386153;0;-6.67676e-05;-0.491897;0.0367765;-0.00272348
-0.099476;-0.387433;0;-6.3644e-05;-0.468715;0.0350444;-0.0025952
-0.0945996;-0.388653;0;-6.05188e-05;-0.44552;0.0333113;-0.00246686
-0.0897083;-0.389811;0;-5.73923e-05;-0.422317;0.0315775;-0.00233846
-0.0848028;-0.390907;0;-5.42673e-05;-0.399123;0.0298445;-0.00221013
-0.079884;-0.391942;0;-5.11365e-05;-0.375887;0.0281083;-0.00208156
-0.0749525;-0.392915;0;-4.80036e-05;-0.352635;0.026371;-0.0019529
-0.0700092;-0.393826;0;-4.48712e-05;-0.329387;0.024634;-0.00182426
-0.0650549;-0.394674;0;-4.17398e-05;-0.306145;0.0228974;-0.00169566
-0.0600902;-0.395461;0;-3.86098e-05;-0.282914;0.0211617;-0.00156712
-0.0551161;-0.396185;0;-3.54817e-05;-0.259698;0.019427;-0.00143866
-0.0501333;-0.396846;0;-3.23246e-05;-0.236285;0.0176762;-0.00130901
-0.0451426;-0.397445;0;-2.91389e-05;-0.212667;0.0159096;-0.00117818
-0.0401447;-0.39798;0;-2.59514e-05;-0.189036;0.014142;-0.00104728
-0.0351405;-0.398453;0;-2.27626e-05;-0.165396;0.0123737;-0.000916329
-0.0301307;-0.398864;0;-1.95783e-05;-0.141787;0.0106078;-0.000785556
-0.0251162;-0.399211;0;-1.63864e-05;-0.118124;0.00883774;-0.000654477
-0.0200977;-0.399495;0;-1.31943e-05;-0.0944591;0.00706759;-0.000523389
-0.0150761;-0.399716;0;-1.00026e-05;-0.0707963;0.0052976;-0.000392313
-0.010052;-0.399874;0;-6.81161e-06;-0.0471394;0.00352806;-0.000261269
-0.00502642;-0.399968;0;-3.62193e-06;-0.0234922;0.00175923;-0.000130279
-7.34788e-17;-0.4;0;-4.34068e-07;0.000141661;-8.59414e-06;6.36437e-07
0.00502642;-0.399968;0;2.72878e-06;0.0235909;-0.00176255;0.000130525
0.010052;-0.399874;0;5.90435e-06;0.0471365;-0.00352358;0.000260938
0.0150761;-0.399716;0;9.08257e-06;0.0707017;-0.00528607;0.000391459
0.0200977;-0.399495;0;1.22629e-05;0.0942828;-0.00704976;0.000522068
0.0251162;-0.399211;0;1.54449e-05;0.117876;-0.00881435;0.000652745
0.0301307;-0.398864;0;1.86281e-05;0.141478;-0.0105796;0.000783468
0.0351405;-0.398453;0;2.18119e-05;0.165084;-0.0123452;0.000914217
0.0401447;-0.39798;0;2.49958e-05;0.188692;-0.0141108;0.00104497
0.0451426;-0.397445;0;2.81793e-05;0.212296;-0.0158763;0.00117571
0.0501333;-0.396846;0;3.1362e-05;0.235895;-0.0176412;0.00130642
0.0551161;-0.396185;0;3.45279e-05;0.259358;-0.0193968;0.00143643
0.0600902;-0.395461;0;3.77049e-05;0.282902;-0.0211586;0.00156689
0.0650549;-0.394674;0;4.07982e-05;0.305862;-0.022874;0.00169393
0.0700092;-0.393826;0;4.39408e-05;0.329189;-0.0246166;0.00182298
0.0749525;-0.392915;0;4.70836e-05;0.352518;-0.0263595;0.00195204
0.079884;-0.391942;0;5.02263e-05;0.375845;-0.0281022;0.0020811
0.0848028;-0.390907;0;5.33002e-05;0.398662;-0.0298068;0.00220734
0.0897083;-0.389811;0;5.63984e-05;0.421661;-0.031525;0.00233457
0.0945996;-0.388653;0;5.94974e-05;0.444665;-0.0332436;0.00246184
0.099476;-0.387433;0;6.25968e-05;0.467672;-0.0349623;0.00258913
0.104337;-0.386153;0;6.56959e-05;0.490678;-0.036681;0.0027164
0.109181;-0.384811;0;6.87945e-05;0.513679;-0.0383994;0.00284366
0.114008;-0.383409;0;7.18919e-05;0.536672;-0.0401171;0.00297086
0.118817;-0.381946;0;7.48507e-05;0.558668;-0.0417579;0.00309237
0.123607;-0.380423;0;7.78435e-05;0.580936;-0.0434175;0.00321527
0.128377;-0.378839;0;8.08379e-05;0.603216;-0.0450781;0.00333825
0.133128;-0.377196;0;8.38335e-05;0.625504;-0.0467392;0.00346126
0.137857;-0.375494;0;8.68296e-05;0.647797;-0.0484007;0.0035843
0.142565;-0.373732;0;8.98259e-05;0.670091;-0.0500623;0.00370735
0.14725;-0.371911;0;9.28219e-05;0.692382;-0.0517237;0.00383039
0.151912;-0.370031;0;9.58171e-05;0.714668;-0.0533847;0.00395339
0.156549;-0.368093;0;9.8811e-05;0.736944;-0.0550449;0.00407634
0.161163;-0.366096;0;0.000101803;0.759207;-0.0567042;0.00419922
0.16575;-0.364042;0;0.000104793;0.781454;-0.0583623;0.00432201
0.170312;-0.361931;0;0.00010773;0.803313;-0.0599911;0.00444263
0.174846;-0.359762;0;0.000110585;0.824581;-0.0615742;0.00455987
0.179353;-0.357537;0;0.000113355;0.84526;-0.0631103;0.00467362
0.183832;-0.355255;0;0.000116126;0.865953;-0.0646473;0.00478744
0.188282;-0.352916;0;0.0001189;0.886656;-0.0661852;0.00490133
0.192701;-0.350523;0;0.000121674;0.907366;-0.0677235;0.00501525
0.197091;-0.348074;0;0.000124448;0.928081;-0.0692622;0.00512919
0.201449;-0.345569;0;0.000127223;0.948795;-0.0708008;0.00524314
0.205776;-0.343011;0;0.000129997;0.969508;-0.0723393;0.00535707
0.21007;-0.340398;0;0.000132771;0.990214;-0.0738774;0.00547097
0.214331;-0.337731;0;0.000135543;1.01091;-0.0754147;0.00558482
0.218558;-0.335011;0;0.000138314;1.0316;-0.0769512;0.0056986
0.22275;-0.332238;0;0.000141082;1.05226;-0.0784864;0.00581229
0.226908;-0.329413;0;0.000143736;1.07211;-0.0799582;0.00592129
0.231029;-0.326536;0;0.000146209;1.09065;-0.0813299;0.00602287
0.235114;-0.323607;0;0.000148685;1.10921;-0.0827027;0.00612453
0.239162;-0.320627;0;0.000151162;1.12779;-0.0840764;0.00622626
0.243172;-0.317596;0;0.000153641;1.14637;-0.0854509;0.00632804
0.247144;-0.314515;0;0.00015612;1.16496;-0.0868258;0.00642986
0.251077;-0.311385;0;0.0001586;1.18355;-0.088201;0.0065317
0.25497;-0.308205;0;0.00016108;1.20215;-0.0895762;0.00663354
0.258822;-0.304977;0;0.000163559;1.22074;-0.0909513;0.00673537
0.262634;-0.301701;0;0.000166038;1.23932;-0.0923259;0.00683717
0.266405;-0.298376;0;0.000168516;1.2579;-0.0937;0.00693893
0.270133;-0.295005;0;0.000170992;1.27647;-0.0950732;0.00704062
0.273819;-0.291587;0;0.000173466;1.29502;-0.0964454;0.00714224
0.277461;-0.288124;0;0.000175895;1.31323;-0.0977921;0.00724197
0.28106;-0.284614;0;0.000178077;1.32965;-0.0990023;0.00733159
0.284614;-0.28106;0;0.000180207;1.34569;-0.100184;0.00741908
0.288124;-0.277461;0;0.000182339;1.36174;-0.101366;0.00750662
0.291587;-0.273819;0;0.000184471;1.3778;-0.102548;0.00759419
0.295005;-0.270133;0;0.000186604;1.39387;-0.103731;0.00768178
0.298376;-0.266405;0;0.000188737;1.40993;-0.104914;0.00776937
0.301701;-0.262634;0;0.000190869;1.42599;-0.106096;0.00785695
0.304977;-0.258822;0;0.000193001;1.44205;-0.107279;0.00794451
0.308205;-0.25497;0;0.000195132;1.4581;-0.108461;0.00803203
0.311385;-0.251077;0;0.000197262;1.47414;-0.109642;0.0081195
0.314515;-0.247144;0;0.000199391;1.49017;-0.110822;0.0082069
0.317596;-0.243172;0;0.000201447;1.50567;-0.111963;0.00829136
0.320627;-0.239162;0;0.000203168;1.51869;-0.112917;0.00836205
0.323607;-0.235114;0;0.000204891;1.53172;-0.113872;0.00843279
0.326536;-0.231029;0;0.000206615;1.54476;-0.114828;0.00850359
0.329413;-0.226908;0;0.000208339;1.5578;-0.115785;0.00857442
0.332238;-0.22275;0;0.000210065;1.57085;-0.116742;0.00864527
0.335011;-0.218558;0;0.00021179;1.5839;-0.117699;0.00871614
0.337731;-0.214331;0;0.000213516;1.59696;-0.118656;0.00878701
0.340398;-0.21007;0;0.000215242;1.61001;-0.119613;0.00885788
0.343011;-0.205776;0;0.000216967;1.62306;-0.120569;0.00892872
0.345569;-0.201449;0;0.000218691;1.6361;-0.121525;0.00899954
0.348074;-0.197091;0;0.000220414;1.64913;-0.122481;0.00907031
0.350523;-0.192701;0;0.000222136;1.66216;-0.123436;0.00914103
0.352916;-0.188282;0;0.000223857;1.67517;-0.12439;0.00921168
0.355255;-0.183832;0;0.000225355;1.68652;-0.125221;0.00927322
0.357537;-0.179353;0;0.000226634;1.69624;-0.125931;0.00932575
0.359762;-0.174846;0;0.000227914;1.70596;-0.12664;0.00937831
0.361931;-0.170312;0;0.000229137;1.71525;-0.127319;0.00942856
0.364042;-0.16575;0;0.000230352;1.72448;-0.127993;0.00947845
0.366096;-0.161163;0;0.000231568;1.7337;-0.128667;0.00952837
0.368093;-0.156549;0;0.000232783;1.74293;-0.129341;0.00957829
0.370031;-0.151912;0;0.000233998;1.75216;-0.130015;0.0096282
0.371911;-0.14725;0;0.000235214;1.76139;-0.130689;0.00967811
0.373732;-0.142565;0;0.000236428;1.77061;-0.131362;0.009728
0.375494;-0.137857;0;0.000237642;1.77983;-0.132036;0.00977786
0.377196;-0.133128;0;0.000238856;1.78904;-0.132708;0.00982769
0.378839;-0.128377;0;0.000240063;1.7982;-0.133378;0.00987726
0.380423;-0.123607;0;0.00024115;1.80647;-0.133981;0.00992192
0.381946;-0.118817;0;0.000241936;1.81246;-0.134416;0.00995418
0.383409;-0.114008;0;0.000242722;1.81846;-0.134852;0.00998645
0.384811;-0.109181;0;0.000243508;1.82445;-0.135288;0.0100187
0.386153;-0.104337;0;0.000244255;1.83014;-0.135702;0.0100494
0.387433;-0.099476;0;0.000244928;1.83527;-0.136075;0.010077
0.388653;-0.0945996;0;0.0002456;1.84039;-0.136448;0.0101047
0.389811;-0.0897083;0;0.000246273;1.84552;-0.136822;0.0101323
0.390907;-0.0848028;0;0.000246947;1.85064;-0.137195;0.0101599
0.391942;-0.079884;0;0.00024762;1.85577;-0.137568;0.0101876
0.392915;-0.0749525;0;0.000248292;1.86089;-0.137941;0.0102152
0.393826;-0.0700092;0;0.000248965;1.86601;-0.138314;0.0102428
0.394674;-0.0650549;0;0.000249637;1.87113;-0.138687;0.0102704
0.395461;-0.0600902;0;0.000250308;1.87624;-0.139059;0.010298
0.396185;-0.0551161;0;0.000250715;1.87936;-0.139285;0.0103147
0.396846;-0.0501333;0;0.000251019;1.88169;-0.139453;0.0103272
0.397445;-0.0451426;0;0.000251323;1.88402;-0.139622;0.0103396
0.39798;-0.0401447;0;0.000251538;1.88567;-0.13974;0.0103484
0.398453;-0.0351405;0;0.000251677;1.88674;-0.139818;0.0103542
0.398864;-0.0301307;0;0.000251817;1.88781;-0.139895;0.0103599
0.399211;-0.0251162;0;0.000251957;1.88888;-0.139973;0.0103657
0.399495;-0.0200977;0;0.000252097;1.88995;-0.14005;0.0103714
0.399716;-0.0150761;0;0.000252237;1.89102;-0.140128;0.0103771
0.399874;-0.010052;0;0.000252377;1.89209;-0.140206;0.0103829
0.399968;-0.00502642;0;0.000252517;1.89316;-0.140283;0.0103886
