0.4;0;0;0.000259981;1.83436;-0.140359;0.0103943
0.399968;0.00502642;0;0.000259852;1.83393;-0.140279;0.0103883
0.399874;0.010052;0;0.00025972;1.83348;-0.140196;0.0103822
0.399716;0.0150761;0;0.000259588;1.83303;-0.140114;0.0103761
0.399495;0.0200977;0;0.000259455;1.83258;-0.140032;0.01037
0.399211;0.0251162;0;0.000259323;1.83214;-0.13995;0.0103639
0.398864;0.0301307;0;0.000259191;1.83169;-0.139867;0.0103578
0.398453;0.0351405;0;0.000259059;1.83124;-0.139785;0.0103518
0.39798;0.0401447;0;0.000258927;1.8308;-0.139703;0.0103457
0.397445;0.0451426;0;0.000258674;1.82932;-0.139552;0.0103345
0.396846;0.0501333;0;0.000258357;1.82732;-0.139365;0.0103206
0.396185;0.0551161;0;0.000258039;1.82532;-0.139178;0.0103068
0.395461;0.0600902;0;0.000257722;1.82332;-0.138991;0.0102929
0.394674;0.0650549;0;0.000257145;1.81924;-0.138655;0.0102681
0.393826;0.0700092;0;0.000256513;1.81474;-0.138289;0.0102409
0.392915;0.0749525;0;0.000255881;1.81024;-0.137921;0.0102137
0.391942;0.079884;0;0.000255248;1.80573;-0.137554;0.0101866
0.390907;0.0848028;0;0.000254615;1.80122;-0.137187;0.0101594
0.389811;0.0897083;0;0.000253982;1.79672;-0.13682;0.0101321
0.388653;0.0945996;0;0.000253349;1.79221;-0.136452;0.0101049
0.387433;0.099476;0;0.000252716;1.7877;-0.136085;0.0100777
0.386153;0.104337;0;0.000252048;1.78288;-0.135698;0.0100491
0.384811;0.109181;0;0.000251264;1.77712;-0.135245;0.0100156
0.383409;0.114008;0;0.000250481;1.77136;-0.134793;0.00998205
0.381946;0.118817;0;0.000249697;1.7656;-0.134341;0.00994855
0.380423;0.123607;0;0.000248914;1.75985;-0.133888;0.00991507
0.378839;0.128377;0;0.000247891;1.75211;-0.1333;0.0098715
0.377196;0.133128;0;0.000246712;1.74313;-0.132623;0.0098214
0.375494;0.137857;0;0.000245539;1.73418;-0.13195;0.00977152
0.373732;0.142565;0;0.000244367;1.72522;-0.131276;0.00972165
0.371911;0.14725;0;0.000243193;1.71627;-0.130603;0.00967174
0.370031;0.151912;0;0.00024202;1.70731;-0.129929;0.00962182
0.368093;0.156549;0;0.000240846;1.69835;-0.129254;0.0095719
0.366096;0.161163;0;0.000239672;1.68939;-0.12858;0.00952197
0.364042;0.16575;0;0.000238499;1.68043;-0.127906;0.00947204
0.361931;0.170312;0;0.000237325;1.67147;-0.127232;0.00942214
0.359762;0.174846;0;0.000236152;1.66252;-0.126558;0.00937225
0.357537;0.179353;0;0.00023498;1.65357;-0.125885;0.0093224
0.355255;0.183832;0;0.000233809;1.64463;-0.125212;0.00927258
0.352916;0.188282;0;0.00023239;1.63374;-0.124399;0.00921231
0.350523;0.192701;0;0.000230728;1.62094;-0.123446;0.00914176
0.348074;0.197091;0;0.000229064;1.60812;-0.122492;0.00907114
0.345569;0.201449;0;0.000227399;1.59529;-0.121538;0.00900047
0.343011;0.205776;0;0.000225733;1.58246;-0.120583;0.00892976
0.340398;0.21007;0;0.000224066;1.56962;-0.119628;0.00885902
0.337731;0.214331;0;0.000222399;1.55677;-0.118672;0.00878826
0.335011;0.218558;0;0.000220732;1.54393;-0.117717;0.00871749
0.332238;0.22275;0;0.000219065;1.53108;-0.116761;0.00864672
0.329413;0.226908;0;0.000217398;1.51824;-0.115806;0.00857597
0.326536;0.231029;0;0.000215731;1.5054;-0.114851;0.00850524
0.323607;0.235114;0;0.000214064;1.49255;-0.113895;0.00843446
0.320627;0.239162;0;0.000212391;1.47966;-0.112936;0.00836348
0.317596;0.243172;0;0.00021072;1.46678;-0.111979;0.00829255
0.314515;0.247144;0;0.00020881;1.45212;-0.110883;0.00821144
0.311385;0.251077;0;0.000206754;1.4364;-0.109705;0.00812417
0.308205;0.25497;0;0.000204697;1.42066;-0.108526;0.00803684
0.304977;0.258822;0;0.000202638;1.4049;-0.107345;0.0079494
0.301701;0.262634;0;0.000200576;1.38912;-0.106163;0.00786184
0.298376;0.266405;0;0.000198511;1.37332;-0.104979;0.0077742
0.295005;0.270133;0;0.000196444;1.3575;-0.103794;0.00768645
0.291587;0.273819;0;0.000194378;1.34168;-0.102609;0.0075987
0.288124;0.277461;0;0.000192311;1.32586;-0.101424;0.00751096
0.284614;0.28106;0;0.000190245;1.31005;-0.10024;0.00742326
0.28106;0.284614;0;0.000188181;1.29425;-0.0990564;0.0073356
0.277461;0.288124;0;0.000186084;1.27823;-0.0978542;0.00724657
0.273819;0.291587;0;0.000183695;1.26011;-0.096484;0.0071451
0.270133;0.295005;0;0.000181305;1.24198;-0.0951124;0.00704353
0.266405;0.298376;0;0.000178912;1.22383;-0.0937398;0.00694188
0.262634;0.301701;0;0.000176518;1.20567;-0.0923665;0.00684018
0.258822;0.304977;0;0.000174123;1.1875;-0.0909925;0.00673842
0.25497;0.308205;0;0.000171727;1.16933;-0.0896181;0.00663665
0.251077;0.311385;0;0.00016933;1.15114;-0.088243;0.00653481
0.247144;0.314515;0;0.000166933;1.13296;-0.0868677;0.00643296
0.243172;0.317596;0;0.000164534;1.11475;-0.0854912;0.00633103
0.239162;0.320627;0;0.000162135;1.09655;-0.0841153;0.00622914
0.235114;0.323607;0;0.000159738;1.07836;-0.08274;0.00612729
0.231029;0.326536;0;0.000157342;1.06019;-0.0813655;0.0060255
0.226908;0.329413;0;0.000154948;1.04202;-0.0799922;0.0059238
0.22275;0.332238;0;0.000152407;1.02283;-0.078534;0.00581581
0.218558;0.335011;0;0.000149731;1.00267;-0.0769981;0.00570208
0.214331;0.337731;0;0.000147053;0.982506;-0.0754611;0.00558825
0.21007;0.340398;0;0.000144373;0.962326;-0.0739231;0.00547436
0.205776;0.343011;0;0.000141692;0.942136;-0.0723844;0.00536041
0.201449;0.345569;0;0.00013901;0.92194;-0.0708453;0.00524643
0.197091;0.348074;0;0.000136328;0.901741;-0.0693059;0.00513243
0.192701;0.350523;0;0.000133645;0.881542;-0.0677666;0.00501844
0.188282;0.352916;0;0.000130964;0.861347;-0.0662275;0.00490446
0.183832;0.355255;0;0.000128283;0.841158;-0.0646889;0.00479052
0.179353;0.357537;0;0.000125603;0.820979;-0.0631511;0.00467664
0.174846;0.359762;0;0.000122926;0.800813;-0.0616143;0.00456283
0.170312;0.361931;0;0.000120214;0.780424;-0.0600577;0.00444756
0.16575;0.364042;0;0.000117321;0.758724;-0.0583972;0.00432459
0.161163;0.366096;0;0.000114414;0.736915;-0.0567286;0.00420102
0.156549;0.368093;0;0.000111503;0.715084;-0.0550583;0.00407733
0.151912;0.370031;0;0.000108591;0.693235;-0.0533865;0.00395353
0.14725;0.371911;0;0.000105676;0.67137;-0.0517137;0.00382964
0.142565;0.373732;0;0.00010276;0.649494;-0.0500399;0.00370569
0.137857;0.375494;0;9.98421e-05;0.627609;-0.0483654;0.00358169
0.133128;0.377196;0;9.6924e-05;0.60572;-0.0466906;0.00345766
0.128377;0.378839;0;9.40058e-05;0.583829;-0.0450158;0.00333363
0.123607;0.380423;0;9.10878e-05;0.56194;-0.043341;0.00320961
0.118817;0.381946;0;8.82421e-05;0.540648;-0.0417074;0.00308863
0.114008;0.383409;0;8.52561e-05;0.518368;-0.0399927;0.00296165
0.109181;0.384811;0;8.22687e-05;0.496078;-0.0382773;0.00283462
0.104337;0.386153;0;7.92806e-05;0.473782;-0.0365614;0.00270755
0.099476;0.387433;0;7.6292e-05;0.451484;-0.0348454;0.00258046
0.0945996;0.388653;0;7.33036e-05;0.429186;-0.0331293;0.00245338
0.0897083;0.389811;0;7.03157e-05;0.406893;-0.0314136;0.00232633
0.0848028;0.390907;0;6.73289e-05;0.384607;-0.0296985;0.00219932
0.079884;0.391942;0;6.43436e-05;0.362333;-0.0279843;0.00207237
0.0749525;0.392915;0;6.13604e-05;0.340074;-0.0262713;0.00194551
0.0700092;0.393826;0;5.83796e-05;0.317833;-0.0245596;0.00181876
0.0650549;0.394674;0;5.54017e-05;0.295615;-0.0228497;0.00169213
0.0600902;0.395461;0;5.24272e-05;0.273421;-0.0211417;0.00156564
0.0551161;0.396185;0;4.94567e-05;0.251257;-0.0194359;0.00143932
0.0501333;0.396846;0;4.63998e-05;0.228472;-0.0176808;0.00130935
0.0451426;0.397445;0;4.3327e-05;0.205572;-0.0159164;0.00117869
0.0401447;0.39798;0;4.02508e-05;0.182646;-0.0141501;0.00104788
0.0351405;0.398453;0;3.71715e-05;0.159697;-0.012382;0.000916944
0.0301307;0.398864;0;3.40897e-05;0.13673;-0.0106124;0.0007859
0.0251162;0.399211;0;3.10058e-05;0.113747;-0.00884168;0.000654768
0.0200977;0.399495;0;2.79204e-05;0.0907525;-0.00707004;0.00052357
0.0150761;0.399716;0;2.48339e-05;0.06775;-0.00529779;0.000392326
0.010052;0.399874;0;2.17468e-05;0.0447431;-0.00352519;0.000261057
0.00502642;0.399968;0;1.86595e-05;0.0217354;-0.00175254;0.000129784
2.44929e-17;0.4;0;1.55727e-05;-0.00126946;1.98971e-05;-1.47348e-06
-0.00502642;0.399968;0;1.24868e-05;-0.0242678;0.00179183;-0.000132694
-0.010052;0.399874;0;9.40215e-06;-0.047256;0.00356299;-0.000263856
-0.0150761;0.399716;0;6.3194e-06;-0.0702304;0.00533308;-0.00039494
-0.0200977;0.399495;0;3.23897e-06;-0.0931875;0.00710184;-0.000525925
-0.0251162;0.399211;0;1.61366e-07;-0.116123;0.00886897;-0.00065679
-0.0301307;0.398864;0;-2.91294e-06;-0.139035;0.0106342;-0.000787514
-0.0351405;0.398453;0;-5.95803e-06;-0.161717;0.0123824;-0.000916979
-0.0401447;0.39798;0;-8.9901e-06;-0.184303;0.0141232;-0.00104589
-0.0451426;0.397445;0;-1.20219e-05;-0.206909;0.0158641;-0.00117481
-0.0501333;0.396846;0;-1.50562e-05;-0.229532;0.0176065;-0.00130384
-0.0551161;0.396185;0;-1.80925e-05;-0.252171;0.01935;-0.00143296
-0.0600902;0.395461;0;-2.11302e-05;-0.27482;0.0210943;-0.00156214
-0.0650549;0.394674;0;-2.41689e-05;-0.297476;0.0228392;-0.00169135
-0.0700092;0.393826;0;-2.72081e-05;-0.320137;0.0245844;-0.00182059
-0.0749525;0.392915;0;-3.02474e-05;-0.342797;0.0263297;-0.00194984
-0.079884;0.391942;0;-3.32863e-05;-0.365454;0.0280746;-0.00207906
-0.0848028;0.390907;0;-3.63242e-05;-0.388105;0.0298191;-0.00220825
-0.0897083;0.389811;0;-3.93607e-05;-0.410745;0.0315627;-0.00233737
-0.0945996;0.388653;0;-4.23953e-05;-0.43337;0.0333053;-0.00246642
-0.099476;0.387433;0;-4.54276e-05;-0.455978;0.0350465;-0.00259536
-0.104337;0.386153;0;-4.84185e-05;-0.478278;0.0367636;-0.00272252
-0.109181;0.384811;0;-5.1335e-05;-0.500051;0.0384379;-0.00284651
-0.114008;0.383409;0;-5.42278e-05;-0.521679;0.0400989;-0.00296951
-0.118817;0.381946;0;-5.71228e-05;-0.543324;0.0417611;-0.00309261
-0.123607;0.380423;0;-6.00196e-05;-0.564982;0.0434244;-0.00321578
-0.128377;0.378839;0;-6.29177e-05;-0.58665;0.0450885;-0.00333901
-0.133128;0.377196;0;-6.58166e-05;-0.608324;0.046753;-0.00346228
-0.137857;0.375494;0;-6.8716e-05;-0.630001;0.0484178;-0.00358557
-0.142565;0.373732;0;-7.16154e-05;-0.651678;0.0500825;-0.00370885
-0.14725;0.371911;0;-7.45142e-05;-0.673351;0.051747;-0.00383211
-0.151912;0.370031;0;-7.74e-05;-0.694921;0.0534039;-0.00395481
-0.156549;0.368093;0;-8.02865e-05;-0.71649;0.0550614;-0.00407756
-0.161163;0.366096;0;-8.31715e-05;-0.738048;0.0567181;-0.00420024
-0.16575;0.364042;0;-8.60546e-05;-0.759591;0.0583736;-0.00432284
-0.170312;0.361931;0;-8.89351e-05;-0.781116;0.0600277;-0.00444534
-0.174846;0.359762;0;-9.17042e-05;-0.801823;0.0616183;-0.00456313
-0.179353;0.357537;0;-9.43646e-05;-0.821771;0.0631459;-0.00467625
-0.183832;0.355255;0;-9.70271e-05;-0.841733;0.0646746;-0.00478947
-0.188282;0.352916;0;-9.96911e-05;-0.861707;0.0662043;-0.00490274
-0.192701;0.350523;0;-0.000102356;-0.881691;0.0677347;-0.00501608
-0.197091;0.348074;0;-0.000105022;-0.901679;0.0692655;-0.00512944
-0.201449;0.345569;0;-0.000107689;-0.921671;0.0707965;-0.00524281
-0.205776;0.343011;0;-0.000110355;-0.941661;0.0723274;-0.00535619
-0.21007;0.340398;0;-0.000113021;-0.961648;0.0738581;-0.00546954
-0.214331;0.337731;0;-0.000115685;-0.981628;0.0753882;-0.00558285
-0.218558;0.335011;0;-0.000118349;-1.0016;0.0769175;-0.00569611
-0.22275;0.332238;0;-0.000120976;-1.02131;0.0784266;-0.00580786
-0.226908;0.329413;0;-0.000123565;-1.04074;0.0799138;-0.00591799
-0.231029;0.326536;0;-0.000125924;-1.05851;0.0812685;-0.00601832
-0.235114;0.323607;0;-0.000128316;-1.07653;0.082642;-0.00612004
-0.239162;0.320627;0;-0.00013071;-1.09456;0.0840164;-0.00622182
-0.243172;0.317596;0;-0.000133105;-1.1126;0.0853915;-0.00632365
-0.247144;0.314515;0;-0.000135501;-1.13064;0.0867671;-0.00642552
-0.251077;0.311385;0;-0.000137897;-1.14869;0.0881429;-0.0065274
-0.25497;0.308205;0;-0.000140294;-1.16674;0.0895188;-0.00662929
-0.258822;0.304977;0;-0.00014269;-1.18479;0.0908945;-0.00673117
-0.262634;0.301701;0;-0.000145085;-1.20283;0.0922698;-0.00683302
-0.266405;0.298376;0;-0.00014748;-1.22086;0.0936446;-0.00693483
-0.270133;0.295005;0;-0.000149872;-1.23889;0.0950184;-0.00703657
-0.273819;0.291587;0;-0.000152264;-1.25689;0.0963913;-0.00713823
-0.277461;0.288124;0;-0.000154507;-1.27378;0.0976803;-0.00723369
-0.28106;0.284614;0;-0.000156643;-1.2899;0.0989075;-0.00732457
-0.284614;0.28106;0;-0.000158719;-1.30561;0.100099;-0.0074128
-0.288124;0.277461;0;-0.000160795;-1.32133;0.101291;-0.00750106
-0.291587;0.273819;0;-0.000162872;-1.33705;0.102483;-0.00758935
-0.295005;0.270133;0;-0.000164949;-1.35277;0.103675;-0.00767765
-0.298376;0.266405;0;-0.000167025;-1.3685;0.104868;-0.00776595
-0.301701;0.262634;0;-0.000169102;-1.38422;0.10606;-0.00785423
-0.304977;0.258822;0;-0.000171178;-1.39993;0.107251;-0.00794248
-0.308205;0.25497;0;-0.000173252;-1.41564;0.108443;-0.00803068
-0.311385;0.251077;0;-0.000175326;-1.43133;0.109633;-0.00811883
-0.314515;0.247144;0;-0.000177397;-1.44702;0.110822;-0.00820691
-0.317596;0.243172;0;-0.00017933;-1.46165;0.111932;-0.00828912
-0.320627;0.239162;0;-0.000181004;-1.47438;0.112893;-0.00836027
-0.323607;0.235114;0;-0.000182679;-1.48711;0.113855;-0.00843148
-0.326536;0.231029;0;-0.000184355;-1.49986;0.114817;-0.00850273
-0.329413;0.226908;0;-0.000186031;-1.51261;0.115779;-0.00857402
-0.332238;0.22275;0;-0.000187709;-1.52536;0.116742;-0.00864533
-0.335011;0.218558;0;-0.000189386;-1.53812;0.117705;-0.00871664
-0.337731;0.214331;0;-0.000191037;-1.55065;0.118653;-0.00878685
-0.340398;0.21007;0;-0.000192689;-1.56318;0.119602;-0.0088571
-0.343011;0.205776;0;-0.00019434;-1.57572;0.12055;-0.00892733
-0.345569;0.201449;0;-0.000195991;-1.58825;0.121498;-0.00899753
-0.348074;0.197091;0;-0.000197641;-1.60077;0.122446;-0.0090677
-0.350523;0.192701;0;-0.00019929;-1.61328;0.123393;-0.00913782
-0.352916;0.188282;0;-0.000200937;-1.62578;0.124339;-0.00920789
-0.355255;0.183832;0;-0.000202424;-1.63704;0.125193;-0.00927114
-0.357537;0.179353;0;-0.000203654;-1.64641;0.125899;-0.0093234
-0.359762;0.174846;0;-0.000204888;-1.65582;0.126607;-0.00937587
-0.361931;0.170312;0;-0.000206122;-1.66524;0.127316;-0.00942835
-0.364042;0.16575;0;-0.000207356;-1.67465;0.128025;-0.00948083
-0.366096;0.161163;0;-0.000208591;-1.68407;0.128733;-0.00953332
-0.368093;0.156549;0;-0.000209825;-1.69348;0.129442;-0.00958579
-0.370031;0.151912;0;-0.000211059;-1.70289;0.13015;-0.00963825
-0.371911;0.14725;0;-0.000212292;-1.71229;0.130858;-0.00969067
-0.373732;0.142565;0;-0.000213524;-1.72169;0.131566;-0.00974307
-0.375494;0.137857;0;-0.000214755;-1.73108;0.132273;-0.00979542
-0.377196;0.133128;0;-0.000215951;-1.74021;0.132958;-0.00984621
-0.378839;0.128377;0;-0.000216784;-1.74659;0.133437;-0.00988161
-0.380423;0.123607;0;-0.000217554;-1.75248;0.133879;-0.00991436
-0.381946;0.118817;0;-0.000218325;-1.75837;0.134321;-0.00994712
-0.383409;0.114008;0;-0.000219096;-1.76427;0.134764;-0.00997991
-0.384811;0.109181;0;-0.000219868;-1.77017;0.135207;-0.0100127
-0.386153;0.104337;0;-0.000220639;-1.77607;0.13565;-0.0100455
-0.387433;0.099476;0;-0.000221411;-1.78197;0.136093;-0.0100783
-0.388653;0.0945996;0;-0.000222182;-1.78787;0.136536;-0.0101111
-0.389811;0.0897083;0;-0.000222954;-1.79376;0.136978;-0.0101439
-0.390907;0.0848028;0;-0.000223725;-1.79966;0.137421;-0.0101767
-0.391942;0.079884;0;-0.000224495;-1.80555;0.137863;-0.0102094
-0.392915;0.0749525;0;-0.000225265;-1.81144;0.138305;-0.0102422
-0.393826;0.0700092;0;-0.000226035;-1.81732;0.138747;-0.0102749
-0.394674;0.0650549;0;-0.000226797;-1.82314;0.139184;-0.0103073
-0.395461;0.0600902;0;-0.0002271;-1.82545;0.139358;-0.0103201
-0.396185;0.0551161;0;-0.000227355;-1.8274;0.139504;-0.0103309
-0.396846;0.0501333;0;-0.000227609;-1.82936;0.13965;-0.0103418
-0.397445;0.0451426;0;-0.000227864;-1.83131;0.139797;-0.0103526
-0.39798;0.0401447;0;-0.000228119;-1.83326;0.139943;-0.0103634
-0.398453;0.0351405;0;-0.000228368;-1.83515;0.140085;-0.010374
-0.398864;0.0301307;0;-0.000228609;-1.83699;0.140223;-0.0103842
-0.399211;0.0251162;0;-0.000228848;-1.8388;0.140361;-0.0103944
-0.399495;0.0200977;0;-0.000229086;-1.84061;0.140497;-0.0104045
-0.399716;0.0150761;0;-0.000229324;-1.84242;0.140634;-0.0104146
-0.399874;0.010052;0;-0.000229562;-1.84423;0.140771;-0.0104248
-0.399968;0.00502642;0;-0.0002298;-1.84604;0.140907;-0.0104349
-0.4;4.89859e-17;0;-0.000230037;-1.84784;0.141043;-0.0104449
-0.399968;-0.00502642;0;-0.000229873;-1.84657;0.140949;-0.0104379
-0.399874;-0.010052;0;-0.000229623;-1.84465;0.140805;-0.0104273
-0.399716;-0.0150761;0;-0.000229373;-1.84272;0.140662;-0.0104167
-0.399495;-0.0200977;0;-0.000229122;-1.84079;0.140518;-0.010406
-0.399211;-0.0251162;0;-0.000228872;-1.83886;0.140373;-0.0103953
-0.398864;-0.0301307;0;-0.00022862;-1.83692;0.140229;-0.0103846
-0.398453;-0.0351405;0;-0.000228369;-1.83499;0.140085;-0.0103739
-0.39798;-0.0401447;0;-0.000228118;-1.83305;0.13994;-0.0103632
-0.397445;-0.0451426;0;-0.000227866;-1.83112;0.139796;-0.0103525
-0.396846;-0.0501333;0;-0.000227614;-1.82918;0.139651;-0.0103418
-0.396185;-0.0551161;0;-0.000227363;-1.82724;0.139506;-0.0103311
-0.395461;-0.0600902;0;-0.000227111;-1.8253;0.139362;-0.0103204
-0.394674;-0.0650549;0;-0.000226858;-1.82335;0.139217;-0.0103097
-0.393826;-0.0700092;0;-0.000226115;-1.81764;0.13879;-0.010278
-0.392915;-0.0749525;0;-0.000225353;-1.81179;0.138352;-0.0102456
-0.391942;-0.079884;0;-0.00022459;-1.80592;0.137914;-0.0102132
-0.390907;-0.0848028;0;-0.000223826;-1.80006;0.137476;-0.0101807
-0.389811;-0.0897083;0;-0.000223062;-1.79419;0.137037;-0.0101482
-0.388653;-0.0945996;0;-0.000222298;-1.78832;0.136598;-0.0101157
-0.387433;-0.099476;0;-0.000221533;-1.78244;0.136159;-0.0100832
-0.386153;-0.104337;0;-0.000220768;-1.77657;0.13572;-0.0100507
-0.384811;-0.109181;0;-0.000220003;-1.77069;0.135281;-0.0100182
-0.383409;-0.114008;0;-0.000219239;-1.76482;0.134842;-0.00998567
-0.381946;-0.118817;0;-0.000218474;-1.75894;0.134403;-0.00995316
-0.380423;-0.123607;0;-0.00021771;-1.75307;0.133964;-0.00992068
-0.378839;-0.128377;0;-0.000216908;-1.74692;0.133504;-0.00988658
-0.377196;-0.133128;0;-0.000215768;-1.73823;0.132849;-0.00983807
-0.375494;-0.137857;0;-0.000214627;-1.72953;0.132193;-0.00978952
-0.373732;-0.142565;0;-0.000213486;-1.72083;0.131537;-0.00974095
-0.371911;-0.14725;0;-0.00021223;-1.71117;0.130816;-0.00968758
-0.370031;-0.151912;0;-0.000210958;-1.70139;0.130087;-0.00963355
-0.368093;-0.156549;0;-0.000209685;-1.6916;0.129357;-0.00957948
-0.366096;-0.161163;0;-0.000208412;-1.68181;0.128626;-0.00952539
-0.364042;-0.16575;0;-0.000207139;-1.67202;0.127896;-0.00947129
-0.361931;-0.170312;0;-0.000205865;-1.66222;0.127165;-0.00941719
-0.359762;-0.174846;0;-0.000204592;-1.65243;0.126435;-0.00936309
-0.357537;-0.179353;0;-0.000203319;-1.64264;0.125704;-0.009309
-0.355255;-0.183832;0;-0.000201893;-1.63181;0.124886;-0.00924838
-0.352916;-0.188282;0;-0.000200434;-1.62074;0.124048;-0.00918634
-0.350523;-0.192701;0;-0.00019891;-1.60917;0.123172;-0.0091215
-0.348074;-0.197091;0;-0.000197297;-1.59694;0.122245;-0.00905286
-0.345569;-0.201449;0;-0.000195683;-1.5847;0.121318;-0.00898419
-0.343011;-0.205776;0;-0.000194068;-1.57245;0.12039;-0.00891549
-0.340398;-0.21007;0;-0.000192453;-1.5602;0.119463;-0.00884678
-0.337731;-0.214331;0;-0.000190838;-1.54795;0.118535;-0.00877807
-0.335011;-0.218558;0;-0.000189224;-1.53571;0.117607;-0.00870937
-0.332238;-0.22275;0;-0.00018761;-1.52347;0.11668;-0.00864069
-0.329413;-0.226908;0;-0.000185996;-1.51123;0.115753;-0.00857204
-0.326536;-0.231029;0;-0.00018433;-1.49853;0.114796;-0.00850118
-0.323607;-0.235114;0;-0.00018264;-1.48564;0.113826;-0.00842934
-0.320627;-0.239162;0;-0.000180951;-1.47276;0.112856;-0.00835754
-0.317596;-0.243172;0;-0.000179259;-1.45986;0.111885;-0.00828558
-0.314515;-0.247144;0;-0.000177309;-1.44507;0.110764;-0.00820259
-0.311385;-0.251077;0;-0.000175233;-1.42932;0.109572;-0.00811434
-0.308205;-0.25497;0;-0.000173155;-1.41357;0.108379;-0.00802601
-0.304977;-0.258822;0;-0.000171076;-1.3978;0.107186;-0.00793763
-0.301701;-0.262634;0;-0.000168996;-1.38203;0.105992;-0.0078492
-0.298376;-0.266405;0;-0.000166916;-1.36625;0.104797;-0.00776074
-0.295005;-0.270133;0;-0.000164834;-1.35046;0.103602;-0.00767226
-0.291587;-0.273819;0;-0.000162753;-1.33468;0.102408;-0.00758378
-0.288124;-0.277461;0;-0.000160672;-1.31889;0.101213;-0.0074953
-0.284614;-0.28106;0;-0.000158592;-1.30311;0.100019;-0.00740686
-0.28106;-0.284614;0;-0.000156512;-1.28734;0.0988248;-0.00731845
-0.277461;-0.288124;0;-0.000154342;-1.27097;0.0975776;-0.00722609
-0.273819;-0.291587;0;-0.000152123;-1.25425;0.0963027;-0.00713168
-0.270133;-0.295005;0;-0.000149798;-1.23671;0.0949673;-0.00703278
-0.266405;-0.298376;0;-0.000147418;-1.21878;0.0936012;-0.00693161
-0.262634;-0.301701;0;-0.000145038;-1.20083;0.0922344;-0.00683039
-0.258822;-0.304977;0;-0.000142657;-1.18288;0.0908671;-0.00672914
-0.25497;-0.308205;0;-0.000140275;-1.16493;0.0894996;-0.00662787
-0.251077;-0.311385;0;-0.000137893;-1.14697;0.088132;-0.0065266
-0.247144;-0.314515;0;-0.000135512;-1.12902;0.0867647;-0.00642534
-0.243172;-0.317596;0;-0.000133131;-1.11107;0.0853977;-0.00632411
-0.239162;-0.320627;0;-0.000130751;-1.09313;0.0840314;-0.00622292
-0.235114;-0.323607;0;-0.000128373;-1.0752;0.0826658;-0.0061218
-0.231029;-0.326536;0;-0.000125997;-1.05728;0.0813013;-0.00602075
-0.226908;-0.329413;0;-0.000123562;-1.03895;0.0799031;-0.00591721
-0.22275;-0.332238;0;-0.000120976;-1.0195;0.0784172;-0.00580717
-0.218558;-0.335011;0;-0.000118336;-0.999677;0.0769012;-0.0056949
-0.214331;-0.337731;0;-0.00011567;-0.979664;0.0753704;-0.00558154
-0.21007;-0.340398;0;-0.000113002;-0.95964;0.073839;-0.00546813
-0.205776;-0.343011;0;-0.000110334;-0.939609;0.0723069;-0.00535467
-0.201449;-0.345569;0;-0.000107665;-0.919574;0.0707746;-0.0052412
-0.197091;-0.348074;0;-0.000104997;-0.899538;0.0692422;-0.00512772
-0.192701;-0.350523;0;-0.000102328;-0.879505;0.06771;-0.00501425
-0.188282;-0.352916;0;-9.96603e-05;-0.859476;0.0661783;-0.00490082
-0.183832;-0.355255;0;-9.69937e-05;-0.839457;0.0646472;-0.00478743
-0.179353;-0.357537;0;-9.43286e-05;-0.81945;0.063117;-0.00467411
-0.174846;-0.359762;0;-9.16656e-05;-0.799457;0.061588;-0.00456088
-0.170312;-0.361931;0;-8.89068e-05;-0.778804;0.0600028;-0.0044435
-0.16575;-0.364042;0;-8.60553e-05;-0.757473;0.0583655;-0.00432224
-0.161163;-0.366096;0;-8.31745e-05;-0.735923;0.0567114;-0.00419975
-0.156549;-0.368093;0;-8.02918e-05;-0.714359;0.0550562;-0.00407718
-0.151912;-0.370031;0;-7.74077e-05;-0.692785;0.0534002;-0.00395454
-0.14725;-0.371911;0;-7.45227e-05;-0.671203;0.0517437;-0.00383187
-0.142565;-0.373732;0;-7.16371e-05;-0.649618;0.0500869;-0.00370917
-0.137857;-0.375494;0;-6.87515e-05;-0.628032;0.0484301;-0.00358648
-0.133128;-0.377196;0;-6.58664e-05;-0.606449;0.0467735;-0.0034638
-0.128377;-0.378839;0;-6.2982e-05;-0.584873;0.0451174;-0.00334116
-0.123607;-0.380423;0;-6.00991e-05;-0.563307;0.0434621;-0.00321857
-0.118817;-0.381946;0;-5.72178e-05;-0.541753;0.0418077;-0.00309606
-0.114008;-0.383409;0;-5.43389e-05;-0.520217;0.0401547;-0.00297365
-0.109181;-0.384811;0;-5.14656e-05;-0.498725;0.0385049;-0.00285147
-0.104337;-0.386153;0;-4.84559e-05;-0.476265;0.0367765;-0.00272348
-0.099476;-0.387433;0;-4.54392e-05;-0.453754;0.0350444;-0.0025952
-0.0945996;-0.388653;0;-4.24208e-05;-0.43123;0.0333113;-0.00246686
-0.0897083;-0.389811;0;-3.94012e-05;-0.408697;0.0315775;-0.00233846
-0.0848028;-0.390907;0;-3.6383e-05;-0.386172;0.0298445;-0.00221013
-0.079884;-0.391942;0;-3.33591e-05;-0.363604;0.0281083;-0.00208156
-0.0749525;-0.392915;0;-3.03334e-05;-0.341022;0.026371;-0.0019529
-0.0700092;-0.393826;0;-2.7308e-05;-0.318443;0.024634;-0.00182426
-0.0650549;-0.394674;0;-2.42836e-05;-0.295871;0.0228974;-0.00169566
-0.0600902;-0.395461;0;-2.12606e-05;-0.273309;0.0211617;-0.00156712
-0.0551161;-0.396185;0;-1.82394e-05;-0.250761;0.019427;-0.00143866
-0.0501333;-0.396846;0;-1.51899e-05;-0.228036;0.0176762;-0.00130901
-0.0451426;-0.397445;0;-1.21132e-05;-0.205103;0.0159096;-0.00117818
-0.0401447;-0.39798;0;-9.03469e-06;-0.182158;0.014142;-0.00104728
-0.0351405;-0.398453;0;-5.95497e-06;-0.159204;0.0123737;-0.000916329
-0.0301307;-0.398864;0;-2.87955e-06;-0.136283;0.0106078;-0.000785556
-0.0251162;-0.399211;0;2.03117e-07;-0.113307;0.00883774;-0.000654477
-0.0200977;-0.399495;0;3.28599e-06;-0.0903287;0.00706759;-0.000523389
-0.0150761;-0.399716;0;6.36858e-06;-0.0673529;0.0052976;-0.000392313
-0.010052;-0.399874;0;9.4504e-06;-0.0443829;0.00352806;-0.000261269
-0.00502642;-0.399968;0;1.2531e-05;-0.0214221;0.00175923;-0.000130279
-7.34788e-17;-0.4;0;1.56098e-05;0.00152568;-8.59414e-06;6.36437e-07
0.00502642;-0.399968;0;1.86645e-05;0.0242922;-0.00176255;0.000130525
0.010052;-0.399874;0;2.17318e-05;0.0471478;-0.00352358;0.000260938
0.0150761;-0.399716;0;2.48017e-05;0.0700224;-0.00528607;0.000391459
0.0200977;-0.399495;0;2.78736e-05;0.0929124;-0.00704976;0.000522068
0.0251162;-0.399211;0;3.0947e-05;0.115814;-0.00881435;0.000652745
0.0301307;-0.398864;0;3.40216e-05;0.138725;-0.0105796;0.000783468
0.0351405;-0.398453;0;3.70968e-05;0.161639;-0.0123452;0.000914217
0.0401447;-0.39798;0;4.01722e-05;0.184555;-0.0141108;0.00104497
0.0451426;-0.397445;0;4.32471e-05;0.207468;-0.0158763;0.00117571
0.0501333;-0.396846;0;4.63213e-05;0.230375;-0.0176412;0.00130642
0.0551161;-0.396185;0;4.93767e-05;0.253124;-0.0193968;0.00143643
0.0600902;-0.395461;0;5.24429e-05;0.275951;-0.0211586;0.00156689
0.0650549;-0.394674;0;5.54299e-05;0.298232;-0.022874;0.00169393
0.0700092;-0.393826;0;5.84646e-05;0.320871;-0.0246166;0.00182298
0.0749525;-0.392915;0;6.14996e-05;0.343511;-0.0263595;0.00195204
0.079884;-0.391942;0;6.45343e-05;0.366151;-0.0281022;0.0020811
0.0848028;-0.390907;0;6.75029e-05;0.388284;-0.0298068;0.00220734
0.0897083;-0.389811;0;7.0495e-05;0.41058;-0.031525;0.00233457
0.0945996;-0.388653;0;7.3488e-05;0.432882;-0.0332436;0.00246184
0.099476;-0.387433;0;7.64812e-05;0.455186;-0.0349623;0.00258913
0.104337;-0.386153;0;7.94743e-05;0.477489;-0.036681;0.0027164
0.109181;-0.384811;0;8.24668e-05;0.499787;-0.0383994;0.00284366
0.114008;-0.383409;0;8.54582e-05;0.522078;-0.0401171;0.00297086
0.118817;-0.381946;0;8.83155e-05;0.543406;-0.0417579;0.00309237
0.123607;-0.380423;0;9.12056e-05;0.565001;-0.0434175;0.00321527
0.128377;-0.378839;0;9.40973e-05;0.586607;-0.0450781;0.00333825
0.133128;-0.377196;0;9.69899e-05;0.608221;-0.0467392;0.00346126
0.137857;-0.375494;0;9.98832e-05;0.62984;-0.0484007;0.0035843
0.142565;-0.373732;0;0.000102777;0.651459;-0.0500623;0.00370735
0.14725;-0.371911;0;0.00010567;0.673077;-0.0517237;0.00383039
0.151912;-0.370031;0;0.000108562;0.694688;-0.0533847;0.00395339
0.156549;-0.368093;0;0.000111453;0.716291;-0.0550449;0.00407634
0.161163;-0.366096;0;0.000114343;0.737881;-0.0567042;0.00419922
0.16575;-0.364042;0;0.00011723;0.759454;-0.0583623;0.00432201
0.170312;-0.361931;0;0.000120067;0.780631;-0.0599911;0.00444263
0.174846;-0.359762;0;0.000122824;0.801213;-0.0615742;0.00455987
0.179353;-0.357537;0;0.000125498;0.821231;-0.0631103;0.00467362
0.183832;-0.355255;0;0.000128174;0.841262;-0.0646473;0.00478744
0.188282;-0.352916;0;0.000130852;0.861303;-0.0661852;0.00490133
0.192701;-0.350523;0;0.00013353;0.881351;-0.0677235;0.00501525
0.197091;-0.348074;0;0.000136209;0.901402;-0.0692622;0.00512919
0.201449;-0.345569;0;0.000138888;0.921454;-0.0708008;0.00524314
0.205776;-0.343011;0;0.000141567;0.941503;-0.0723393;0.00535707
0.21007;-0.340398;0;0.000144244;0.961547;-0.0738774;0.00547097
0.214331;-0.337731;0;0.000146921;0.981581;-0.0754147;0.00558482
0.218558;-0.335011;0;0.000149596;1.0016;-0.0769512;0.0056986
0.22275;-0.332238;0;0.000152269;1.02161;-0.0784864;0.00581229
0.226908;-0.329413;0;0.000154832;1.0408;-0.0799582;0.00592129
0.231029;-0.326536;0;0.00015722;1.0587;-0.0813299;0.00602287
0.235114;-0.323607;0;0.000159609;1.07661;-0.0827027;0.00612453
0.239162;-0.320627;0;0.000162;1.09454;-0.0840764;0.00622626
0.243172;-0.317596;0;0.000164392;1.11248;-0.0854509;0.00632804
0.247144;-0.314515;0;0.000166785;1.13042;-0.0868258;0.00642986
0.251077;-0.311385;0;0.000169179;1.14836;-0.088201;0.0065317
0.25497;-0.308205;0;0.000171572;1.16631;-0.0895762;0.00663354
0.258822;-0.304977;0;0.000173966;1.18425;-0.0909513;0.00673537
0.262634;-0.301701;0;0.000176358;1.20219;-0.0923259;0.00683717
0.266405;-0.298376;0;0.00017875;1.22012;-0.0937;0.00693893
0.270133;-0.295005;0;0.00018114;1.23804;-0.0950732;0.00704062
0.273819;-0.291587;0;0.000183528;1.25594;-0.0964454;0.00714224
0.277461;-0.288124;0;0.000185872;1.2735;-0.0977921;0.00724197
0.28106;-0.284614;0;0.000187978;1.28927;-0.0990023;0.00733159
0.284614;-0.28106;0;0.000190033;1.30469;-0.100184;0.00741908
0.288124;-0.277461;0;0.000192089;1.32011;-0.101366;0.00750662
0.291587;-0.273819;0;0.000194146;1.33554;-0.102548;0.00759419
0.295005;-0.270133;0;0.000196204;1.35097;-0.103731;0.00768178
0.298376;-0.266405;0;0.000198261;1.3664;-0.104914;0.00776937
0.301701;-0.262634;0;0.000200319;1.38183;-0.106096;0.00785695
0.304977;-0.258822;0;0.000202375;1.39726;-0.107279;0.00794451
0.308205;-0.25497;0;0.000204431;1.41268;-0.108461;0.00803203
0.311385;-0.251077;0;0.000206486;1.42809;-0.109642;0.0081195
0.314515;-0.247144;0;0.000208539;1.44349;-0.110822;0.0082069
0.317596;-0.243172;0;0.000210524;1.45837;-0.111963;0.00829136
0.320627;-0.239162;0;0.000212183;1.47079;-0.112917;0.00836205
0.323607;-0.235114;0;0.000213843;1.48322;-0.113872;0.00843279
0.326536;-0.231029;0;0.000215505;1.49567;-0.114828;0.00850359
0.329413;-0.226908;0;0.000217167;1.50812;-0.115785;0.00857442
0.332238;-0.22275;0;0.000218831;1.52057;-0.116742;0.00864527
0.335011;-0.218558;0;0.000220494;1.53302;-0.117699;0.00871614
0.337731;-0.214331;0;0.000222158;1.54548;-0.118656;0.00878701
0.340398;-0.21007;0;0.000223821;1.55793;-0.119613;0.00885788
0.343011;-0.205776;0;0.000225484;1.57038;-0.120569;0.00892872
0.345569;-0.201449;0;0.000227146;1.58283;-0.121525;0.00899954
0.348074;-0.197091;0;0.000228807;1.59526;-0.122481;0.00907031
0.350523;-0.192701;0;0.000230467;1.60769;-0.123436;0.00914103
0.352916;-0.188282;0;0.000232126;1.62011;-0.12439;0.00921168
0.355255;-0.183832;0;0.00023357;1.63092;-0.125221;0.00927322
0.357537;-0.179353;0;0.000234803;1.64018;-0.125931;0.00932575
0.359762;-0.174846;0;0.000236037;1.64944;-0.12664;0.00937831
0.361931;-0.170312;0;0.000237216;1.65826;-0.127319;0.00942856
0.364042;-0.16575;0;0.000238386;1.66701;-0.127993;0.00947845
0.366096;-0.161163;0;0.000239557;1.67576;-0.128667;0.00952837
0.368093;-0.156549;0;0.000240728;1.6845;-0.129341;0.00957829
0.370031;-0.151912;0;0.000241899;1.69325;-0.130015;0.0096282
0.371911;-0.14725;0;0.00024307;1.702;-0.130689;0.00967811
0.373732;-0.142565;0;0.00024424;1.71074;-0.131362;0.009728
0.375494;-0.137857;0;0.000245409;1.71948;-0.132036;0.00977786
0.377196;-0.133128;0;0.000246578;1.72821;-0.132708;0.00982769
0.378839;-0.128377;0;0.000247741;1.73691;-0.133378;0.00987726
0.380423;-0.123607;0;0.000248789;1.74482;-0.133981;0.00992192
0.381946;-0.118817;0;0.000249549;1.7507;-0.134416;0.00995418
0.383409;-0.114008;0;0.00025031;1.75658;-0.134852;0.00998645
0.384811;-0.109181;0;0.000251071;1.76246;-0.135288;0.0100187
0.386153;-0.104337;0;0.000251793;1.76803;-0.135702;0.0100494
0.387433;-0.099476;0;0.000252443;1.77299;-0.136075;0.010077
0.388653;-0.0945996;0;0.000253093;1.77795;-0.136448;0.0101047
0.389811;-0.0897083;0;0.000253743;1.78292;-0.136822;0.0101323
0.390907;-0.0848028;0;0.000254393;1.78788;-0.137195;0.0101599
0.391942;-0.079884;0;0.000255043;1.79284;-0.137568;0.0101876
0.392915;-0.0749525;0;0.000255693;1.79781;-0.137941;0.0102152
0.393826;-0.0700092;0;0.000256343;1.80277;-0.138314;0.0102428
0.394674;-0.0650549;0;0.000256992;1.80772;-0.138687;0.0102704
0.395461;-0.0600902;0;0.000257641;1.81267;-0.139059;0.010298
0.396185;-0.0551161;0;0.000258039;1.81599;-0.139285;0.0103147
0.396846;-0.0501333;0;0.000258341;1.8187;-0.139453;0.0103272
0.397445;-0.0451426;0;0.000258642;1.8214;-0.139622;0.0103396
0.39798;-0.0401447;0;0.000258856;1.82338;-0.13974;0.0103484
0.398453;-0.0351405;0;0.000258997;1.82475;-0.139818;0.0103542
0.398864;-0.0301307;0;0.000259138;1.82613;-0.139895;0.0103599
0.399211;-0.0251162;0;0.000259279;1.82751;-0.139973;0.0103657
0.399495;-0.0200977;0;0.00025942;1.82888;-0.14005;0.0103714
0.399716;-0.0150761;0;0.000259561;1.83026;-0.140128;0.0103771
0.399874;-0.010052;0;0.000259702;1.83164;-0.140206;0.0103829
0.399968;-0.00502642;0;0.000259843;1.83301;-0.140283;0.0103886
