0.4;0;0;-0.00022342;1.80229;-0.140359;0.0103943
0.399968;0.00502642;0;-0.000223533;1.80274;-0.140279;0.0103883
0.399874;0.010052;0;-0.000223649;1.80321;-0.140196;0.0103822
0.399716;0.0150761;0;-0.000223765;1.80367;-0.140114;0.0103761
0.399495;0.0200977;0;-0.000223881;1.80414;-0.140032;0.01037
0.399211;0.0251162;0;-0.000223997;1.8046;-0.13995;0.0103639
0.398864;0.0301307;0;-0.000224113;1.80507;-0.139867;0.0103578
0.398453;0.0351405;0;-0.000224229;1.80553;-0.139785;0.0103518
0.39798;0.0401447;0;-0.000224345;1.806;-0.139703;0.0103457
0.397445;0.0451426;0;-0.000224582;1.80541;-0.139552;0.0103345
0.396846;0.0501333;0;-0.000224883;1.80426;-0.139365;0.0103206
0.396185;0.0551161;0;-0.000225183;1.80311;-0.139178;0.0103068
0.395461;0.0600902;0;-0.000225484;1.80195;-0.138991;0.0102929
0.394674;0.0650549;0;-0.000226045;1.7986;-0.138655;0.0102681
0.393826;0.0700092;0;-0.00022666;1.79483;-0.138289;0.0102409
0.392915;0.0749525;0;-0.000227276;1.79106;-0.137921;0.0102137
0.391942;0.079884;0;-0.000227891;1.78728;-0.137554;0.0101866
0.390907;0.0848028;0;-0.000228507;1.7835;-0.137187;0.0101594
0.389811;0.0897083;0;-0.000229123;1.77972;-0.13682;0.0101321
0.388653;0.0945996;0;-0.00022974;1.77594;-0.136452;0.0101049
0.387433;0.099476;0;-0.000230356;1.77216;-0.136085;0.0100777
0.386153;0.104337;0;-0.000231008;1.768;-0.135698;0.0100491
0.384811;0.109181;0;-0.000231774;1.76298;-0.135245;0.0100156
0.383409;0.114008;0;-0.000232539;1.75797;-0.134793;0.00998205
0.381946;0.118817;0;-0.000233304;1.75296;-0.134341;0.00994855
0.380423;0.123607;0;-0.000234069;1.74795;-0.133888;0.00991507
0.378839;0.128377;0;-0.000235078;1.74058;-0.1333;0.0098715
0.377196;0.133128;0;-0.000236245;1.73178;-0.132623;0.0098214
0.375494;0.137857;0;-0.000237404;1.72312;-0.13195;0.00977152
0.373732;0.142565;0;-0.000238563;1.71446;-0.131276;0.00972165
0.371911;0.14725;0;-0.000239722;1.70579;-0.130603;0.00967174
0.370031;0.151912;0;-0.000240882;1.69713;-0.129929;0.00962182
0.368093;0.156549;0;-0.000242042;1.68846;-0.129254;0.0095719
0.366096;0.161163;0;-0.000243202;1.6798;-0.12858;0.00952197
0.364042;0.16575;0;-0.000244362;1.67114;-0.127906;0.00947204
0.361931;0.170312;0;-0.000245521;1.66248;-0.127232;0.00942214
0.359762;0.174846;0;-0.00024668;1.65383;-0.126558;0.00937225
0.357537;0.179353;0;-0.000247839;1.64518;-0.125885;0.0093224
0.355255;0.183832;0;-0.000248996;1.63654;-0.125212;0.00927258
0.352916;0.188282;0;-0.000250403;1.62569;-0.124399;0.00921231
0.350523;0.192701;0;-0.000252055;1.61276;-0.123446;0.00914176
0.348074;0.197091;0;-0.000253708;1.59982;-0.122492;0.00907114
0.345569;0.201449;0;-0.000255362;1.58687;-0.121538;0.00900047
0.343011;0.205776;0;-0.000257017;1.57392;-0.120583;0.00892976
0.340398;0.21007;0;-0.000258673;1.56095;-0.119628;0.00885902
0.337731;0.214331;0;-0.000260329;1.54799;-0.118672;0.00878826
0.335011;0.218558;0;-0.000261985;1.53503;-0.117717;0.00871749
0.332238;0.22275;0;-0.000263642;1.52207;-0.116761;0.00864672
0.329413;0.226908;0;-0.000265298;1.50911;-0.115806;0.00857597
0.326536;0.231029;0;-0.000266953;1.49615;-0.114851;0.00850524
0.323607;0.235114;0;-0.000268609;1.48322;-0.113895;0.00843446
0.320627;0.239162;0;-0.000270271;1.4702;-0.112936;0.00836348
0.317596;0.243172;0;-0.000271931;1.4572;-0.111979;0.00829255
0.314515;0.247144;0;-0.000273829;1.4424;-0.110883;0.00821144
0.311385;0.251077;0;-0.000275872;1.4265;-0.109705;0.00812417
0.308205;0.25497;0;-0.000277915;1.41058;-0.108526;0.00803684
0.304977;0.258822;0;-0.000279962;1.39463;-0.107345;0.0079494
0.301701;0.262634;0;-0.000282011;1.37864;-0.106163;0.00786184
0.298376;0.266405;0;-0.000284063;1.36265;-0.104979;0.0077742
0.295005;0.270133;0;-0.000286116;1.34664;-0.103794;0.00768645
0.291587;0.273819;0;-0.00028817;1.33064;-0.102609;0.0075987
0.288124;0.277461;0;-0.000290223;1.31464;-0.101424;0.00751096
0.284614;0.28106;0;-0.000292276;1.29865;-0.10024;0.00742326
0.28106;0.284614;0;-0.000294327;1.28267;-0.0990564;0.0073356
0.277461;0.288124;0;-0.00029641;1.26646;-0.0978542;0.00724657
0.273819;0.291587;0;-0.000298782;1.24825;-0.096484;0.0071451
0.270133;0.295005;0;-0.000301155;1.23002;-0.0951124;0.00704353
0.266405;0.298376;0;-0.00030353;1.21177;-0.0937398;0.00694188
0.262634;0.301701;0;-0.000305906;1.19352;-0.0923665;0.00684018
0.258822;0.304977;0;-0.000308284;1.17526;-0.0909925;0.00673842
0.25497;0.308205;0;-0.000310662;1.15699;-0.0896181;0.00663665
0.251077;0.311385;0;-0.000313041;1.13873;-0.088243;0.00653481
0.247144;0.314515;0;-0.000315421;1.12047;-0.0868677;0.00643296
0.243172;0.317596;0;-0.000317803;1.10217;-0.0854912;0.00633103
0.239162;0.320627;0;-0.000320184;1.08388;-0.0841153;0.00622914
0.235114;0.323607;0;-0.000322564;1.06559;-0.08274;0.00612729
0.231029;0.326536;0;-0.000324942;1.04732;-0.0813655;0.0060255
0.226908;0.329413;0;-0.000327319;1.02906;-0.0799922;0.0059238
0.22275;0.332238;0;-0.00032984;1.00985;-0.078534;0.00581581
0.218558;0.335011;0;-0.000332494;0.989712;-0.0769981;0.00570208
0.214331;0.337731;0;-0.00033515;0.969558;-0.0754611;0.00558825
0.21007;0.340398;0;-0.000337808;0.94939;-0.0739231;0.00547436
0.205776;0.343011;0;-0.000340467;0.929212;-0.0723844;0.00536041
0.201449;0.345569;0;-0.000343127;0.909028;-0.0708453;0.00524643
0.197091;0.348074;0;-0.000345788;0.888839;-0.0693059;0.00513243
0.192701;0.350523;0;-0.000348448;0.86865;-0.0677666;0.00501844
0.188282;0.352916;0;-0.000351108;0.848464;-0.0662275;0.00490446
0.183832;0.355255;0;-0.000353767;0.828283;-0.0646889;0.00479052
0.179353;0.357537;0;-0.000356425;0.808112;-0.0631511;0.00467664
0.174846;0.359762;0;-0.000359081;0.787952;-0.0616143;0.00456283
0.170312;0.361931;0;-0.00036177;0.767634;-0.0600577;0.00444756
0.16575;0.364042;0;-0.000364638;0.746018;-0.0583972;0.00432459
0.161163;0.366096;0;-0.000367521;0.72429;-0.0567286;0.00420102
0.156549;0.368093;0;-0.000370406;0.702539;-0.0550583;0.00407733
0.151912;0.370031;0;-0.000373294;0.68077;-0.0533865;0.00395353
0.14725;0.371911;0;-0.000376183;0.658986;-0.0517137;0.00382964
0.142565;0.373732;0;-0.000379075;0.63719;-0.0500399;0.00370569
0.137857;0.375494;0;-0.000381967;0.615386;-0.0483654;0.00358169
0.133128;0.377196;0;-0.00038486;0.593578;-0.0466906;0.00345766
0.128377;0.378839;0;-0.000387753;0.571768;-0.0450158;0.00333363
0.123607;0.380423;0;-0.000390646;0.54996;-0.043341;0.00320961
0.118817;0.381946;0;-0.000393467;0.528774;-0.0417074;0.00308863
0.114008;0.383409;0;-0.000396426;0.506636;-0.0399927;0.00296165
0.109181;0.384811;0;-0.000399387;0.484488;-0.0382773;0.00283462
0.104337;0.386153;0;-0.000402348;0.462334;-0.0365614;0.00270755
0.099476;0.387433;0;-0.00040531;0.440178;-0.0348454;0.00258046
0.0945996;0.388653;0;-0.000408272;0.418022;-0.0331293;0.00245338
0.0897083;0.389811;0;-0.000411233;0.395871;-0.0314136;0.00232633
0.0848028;0.390907;0;-0.000414193;0.373727;-0.0296985;0.00219932
0.079884;0.391942;0;-0.000417152;0.351595;-0.0279843;0.00207237
0.0749525;0.392915;0;-0.000420108;0.329477;-0.0262713;0.00194551
0.0700092;0.393826;0;-0.000423062;0.307378;-0.0245596;0.00181876
0.0650549;0.394674;0;-0.000426013;0.285301;-0.0228497;0.00169213
0.0600902;0.395461;0;-0.000428961;0.263248;-0.0211417;0.00156564
0.0551161;0.396185;0;-0.000431905;0.241225;-0.0194359;0.00143932
0.0501333;0.396846;0;-0.000434935;0.218583;-0.0176808;0.00130935
0.0451426;0.397445;0;-0.000437979;0.195866;-0.0159164;0.00117869
0.0401447;0.39798;0;-0.000441027;0.173123;-0.0141501;0.00104788
0.0351405;0.398453;0;-0.000444078;0.150358;-0.012382;0.000916944
0.0301307;0.398864;0;-0.000447132;0.127574;-0.0106124;0.0007859
0.0251162;0.399211;0;-0.000450187;0.104775;-0.00884168;0.000654768
0.0200977;0.399495;0;-0.000453244;0.0819646;-0.00707004;0.00052357
0.0150761;0.399716;0;-0.000456302;0.059146;-0.00529779;0.000392326
0.010052;0.399874;0;-0.000459361;0.0363231;-0.00352519;0.000261057
0.00502642;0.399968;0;-0.00046242;0.0134994;-0.00175254;0.000129784
2.44929e-17;0.4;0;-0.000465478;-0.0093214;1.98971e-05;-1.47348e-06
-0.00502642;0.399968;0;-0.000468536;-0.0321357;0.00179183;-0.000132694
-0.010052;0.399874;0;-0.000471592;-0.05494;0.00356299;-0.000263856
-0.0150761;0.399716;0;-0.000474647;-0.0777305;0.00533308;-0.00039494
-0.0200977;0.399495;0;-0.000477699;-0.100504;0.00710184;-0.000525925
-0.0251162;0.399211;0;-0.000480748;-0.123256;0.00886897;-0.00065679
-0.0301307;0.398864;0;-0.000483794;-0.145984;0.0106342;-0.000787514
-0.0351405;0.398453;0;-0.000486812;-0.168571;0.0123824;-0.000916979
-0.0401447;0.39798;0;-0.000489818;-0.191076;0.0141232;-0.00104589
-0.0451426;0.397445;0;-0.000492821;-0.213472;0.0158641;-0.00117481
-0.0501333;0.396846;0;-0.000495827;-0.235886;0.0176065;-0.00130384
-0.0551161;0.396185;0;-0.000498835;-0.258314;0.01935;-0.00143296
-0.0600902;0.395461;0;-0.000501844;-0.280753;0.0210943;-0.00156214
-0.0650549;0.394674;0;-0.000504855;-0.3032;0.0228392;-0.00169135
-0.0700092;0.393826;0;-0.000507865;-0.325651;0.0245844;-0.00182059
-0.0749525;0.392915;0;-0.000510876;-0.348102;0.0263297;-0.00194984
-0.079884;0.391942;0;-0.000513887;-0.37055;0.0280746;-0.00207906
-0.0848028;0.390907;0;-0.000516896;-0.392991;0.0298191;-0.00220825
-0.0897083;0.389811;0;-0.000519904;-0.415422;0.0315627;-0.00233737
-0.0945996;0.388653;0;-0.00052291;-0.437839;0.0333053;-0.00246642
-0.099476;0.387433;0;-0.000525914;-0.460238;0.0350465;-0.00259536
-0.104337;0.386153;0;-0.000528879;-0.482432;0.0367636;-0.00272252
-0.109181;0.384811;0;-0.00053177;-0.504145;0.0384379;-0.00284651
-0.114008;0.383409;0;-0.000534635;-0.525581;0.0400989;-0.00296951
-0.118817;0.381946;0;-0.000537503;-0.547034;0.0417611;-0.00309261
-0.123607;0.380423;0;-0.000540373;-0.568501;0.0434244;-0.00321578
-0.128377;0.378839;0;-0.000543244;-0.589977;0.0450885;-0.00333901
-0.133128;0.377196;0;-0.000546116;-0.61146;0.046753;-0.00346228
-0.137857;0.375494;0;-0.000548988;-0.632947;0.0484178;-0.00358557
-0.142565;0.373732;0;-0.000551861;-0.654433;0.0500825;-0.00370885
-0.14725;0.371911;0;-0.000554733;-0.675916;0.051747;-0.00383211
-0.151912;0.370031;0;-0.000557592;-0.69731;0.0534039;-0.00395481
-0.156549;0.368093;0;-0.000560451;-0.718687;0.0550614;-0.00407756
-0.161163;0.366096;0;-0.000563309;-0.740053;0.0567181;-0.00420024
-0.16575;0.364042;0;-0.000566165;-0.761404;0.0583736;-0.00432284
-0.170312;0.361931;0;-0.000569019;-0.782736;0.0600277;-0.00444534
-0.174846;0.359762;0;-0.000571761;-0.803168;0.0616183;-0.00456313
-0.179353;0.357537;0;-0.000574397;-0.822962;0.0631459;-0.00467625
-0.183832;0.355255;0;-0.000577035;-0.84277;0.0646746;-0.00478947
-0.188282;0.352916;0;-0.000579674;-0.862589;0.0662043;-0.00490274
-0.192701;0.350523;0;-0.000582315;-0.882417;0.0677347;-0.00501608
-0.197091;0.348074;0;-0.000584956;-0.902249;0.0692655;-0.00512944
-0.201449;0.345569;0;-0.000587598;-0.922083;0.0707965;-0.00524281
-0.205776;0.343011;0;-0.000590239;-0.941916;0.0723274;-0.00535619
-0.21007;0.340398;0;-0.00059288;-0.961745;0.0738581;-0.00546954
-0.214331;0.337731;0;-0.000595521;-0.981566;0.0753882;-0.00558285
-0.218558;0.335011;0;-0.000598159;-1.00138;0.0769175;-0.00569611
-0.22275;0.332238;0;-0.000600762;-1.02086;0.0784266;-0.00580786
-0.226908;0.329413;0;-0.000603322;-1.03985;0.0799138;-0.00591799
-0.231029;0.326536;0;-0.00060566;-1.05747;0.0812685;-0.00601832
-0.235114;0.323607;0;-0.00060803;-1.07535;0.082642;-0.00612004
-0.239162;0.320627;0;-0.000610401;-1.09323;0.0840164;-0.00622182
-0.243172;0.317596;0;-0.000612774;-1.11113;0.0853915;-0.00632365
-0.247144;0.314515;0;-0.000615148;-1.12903;0.0867671;-0.00642552
-0.251077;0.311385;0;-0.000617522;-1.14693;0.0881429;-0.0065274
-0.25497;0.308205;0;-0.000619896;-1.16484;0.0895188;-0.00662929
-0.258822;0.304977;0;-0.00062227;-1.18274;0.0908945;-0.00673117
-0.262634;0.301701;0;-0.000624643;-1.20064;0.0922698;-0.00683302
-0.266405;0.298376;0;-0.000627015;-1.21852;0.0936446;-0.00693483
-0.270133;0.295005;0;-0.000629386;-1.2364;0.0950184;-0.00703657
-0.273819;0.291587;0;-0.000631755;-1.25426;0.0963913;-0.00713823
-0.277461;0.288124;0;-0.000633976;-1.27091;0.0976803;-0.00723369
-0.28106;0.284614;0;-0.000636092;-1.28679;0.0989075;-0.00732457
-0.284614;0.28106;0;-0.000638147;-1.30236;0.100099;-0.0074128
-0.288124;0.277461;0;-0.000640204;-1.31792;0.101291;-0.00750106
-0.291587;0.273819;0;-0.000642261;-1.3335;0.102483;-0.00758935
-0.295005;0.270133;0;-0.000644318;-1.34907;0.103675;-0.00767765
-0.298376;0.266405;0;-0.000646375;-1.36464;0.104868;-0.00776595
-0.301701;0.262634;0;-0.000648432;-1.3802;0.10606;-0.00785423
-0.304977;0.258822;0;-0.000650488;-1.39576;0.107251;-0.00794248
-0.308205;0.25497;0;-0.000652543;-1.41131;0.108443;-0.00803068
-0.311385;0.251077;0;-0.000654597;-1.42685;0.109633;-0.00811883
-0.314515;0.247144;0;-0.000656649;-1.44238;0.110822;-0.00820691
-0.317596;0.243172;0;-0.000658562;-1.45674;0.111932;-0.00828912
-0.320627;0.239162;0;-0.000660219;-1.46933;0.112893;-0.00836027
-0.323607;0.235114;0;-0.000661878;-1.48193;0.113855;-0.00843148
-0.326536;0.231029;0;-0.000663538;-1.49453;0.114817;-0.00850273
-0.329413;0.226908;0;-0.000665199;-1.50713;0.115779;-0.00857402
-0.332238;0.22275;0;-0.00066686;-1.51974;0.116742;-0.00864533
-0.335011;0.218558;0;-0.000668521;-1.53235;0.117705;-0.00871664
-0.337731;0.214331;0;-0.000670155;-1.5447;0.118653;-0.00878685
-0.340398;0.21007;0;-0.000671791;-1.5571;0.119602;-0.0088571
-0.343011;0.205776;0;-0.000673427;-1.56949;0.12055;-0.00892733
-0.345569;0.201449;0;-0.000675061;-1.58188;0.121498;-0.00899753
-0.348074;0.197091;0;-0.000676696;-1.59426;0.122446;-0.0090677
-0.350523;0.192701;0;-0.000678329;-1.60664;0.123393;-0.00913782
-0.352916;0.188282;0;-0.00067996;-1.619;0.124339;-0.00920789
-0.355255;0.183832;0;-0.000681432;-1.63013;0.125193;-0.00927114
-0.357537;0.179353;0;-0.00068265;-1.63939;0.125899;-0.0093234
-0.359762;0.174846;0;-0.000683872;-1.64869;0.126607;-0.00937587
-0.361931;0.170312;0;-0.000685094;-1.65799;0.127316;-0.00942835
-0.364042;0.16575;0;-0.000686317;-1.6673;0.128025;-0.00948083
-0.366096;0.161163;0;-0.000687539;-1.6766;0.128733;-0.00953332
-0.368093;0.156549;0;-0.000688761;-1.68591;0.129442;-0.00958579
-0.370031;0.151912;0;-0.000689983;-1.69521;0.13015;-0.00963825
-0.371911;0.14725;0;-0.000691204;-1.70451;0.130858;-0.00969067
-0.373732;0.142565;0;-0.000692425;-1.7138;0.131566;-0.00974307
-0.375494;0.137857;0;-0.000693644;-1.72309;0.132273;-0.00979542
-0.377196;0.133128;0;-0.000694829;-1.7322;0.132958;-0.00984621
-0.378839;0.128377;0;-0.000695655;-1.73855;0.133437;-0.00988161
-0.380423;0.123607;0;-0.000696418;-1.74437;0.133879;-0.00991436
-0.381946;0.118817;0;-0.000697181;-1.75018;0.134321;-0.00994712
-0.383409;0.114008;0;-0.000697944;-1.756;0.134764;-0.00997991
-0.384811;0.109181;0;-0.000698708;-1.76183;0.135207;-0.0100127
-0.386153;0.104337;0;-0.000699472;-1.76765;0.13565;-0.0100455
-0.387433;0.099476;0;-0.000700236;-1.77348;0.136093;-0.0100783
-0.388653;0.0945996;0;-0.000701;-1.77931;0.136536;-0.0101111
-0.389811;0.0897083;0;-0.000701764;-1.78513;0.136978;-0.0101439
-0.390907;0.0848028;0;-0.000702527;-1.79096;0.137421;-0.0101767
-0.391942;0.079884;0;-0.000703291;-1.79678;0.137863;-0.0102094
-0.392915;0.0749525;0;-0.000704053;-1.80259;0.138305;-0.0102422
-0.393826;0.0700092;0;-0.000704815;-1.80841;0.138747;-0.0102749
-0.394674;0.0650549;0;-0.00070557;-1.81417;0.139184;-0.0103073
-0.395461;0.0600902;0;-0.000705869;-1.81643;0.139358;-0.0103201
-0.396185;0.0551161;0;-0.000706121;-1.81835;0.139504;-0.0103309
-0.396846;0.0501333;0;-0.000706373;-1.82026;0.13965;-0.0103418
-0.397445;0.0451426;0;-0.000706625;-1.82218;0.139797;-0.0103526
-0.39798;0.0401447;0;-0.000706877;-1.82409;0.139943;-0.0103634
-0.398453;0.0351405;0;-0.000707124;-1.826;0.140085;-0.010374
-0.398864;0.0301307;0;-0.000707362;-1.82781;0.140223;-0.0103842
-0.399211;0.0251162;0;-0.000707598;-1.8296;0.140361;-0.0103944
-0.399495;0.0200977;0;-0.000707834;-1.83137;0.140497;-0.0104045
-0.399716;0.0150761;0;-0.00070807;-1.83315;0.140634;-0.0104146
-0.399874;0.010052;0;-0.000708305;-1.83492;0.140771;-0.0104248
-0.399968;0.00502642;0;-0.00070854;-1.83669;0.140907;-0.0104349
-0.4;4.89859e-17;0;-0.000708775;-1.83845;0.141043;-0.0104449
-0.399968;-0.00502642;0;-0.000708611;-1.83717;0.140949;-0.0104379
-0.399874;-0.010052;0;-0.000708363;-1.83524;0.140805;-0.0104273
-0.399716;-0.0150761;0;-0.000708115;-1.83331;0.140662;-0.0104167
-0.399495;-0.0200977;0;-0.000707866;-1.83138;0.140518;-0.010406
-0.399211;-0.0251162;0;-0.000707617;-1.82944;0.140373;-0.0103953
-0.398864;-0.0301307;0;-0.000707368;-1.8275;0.140229;-0.0103846
-0.398453;-0.0351405;0;-0.000707118;-1.82556;0.140085;-0.0103739
-0.39798;-0.0401447;0;-0.000706869;-1.82361;0.13994;-0.0103632
-0.397445;-0.0451426;0;-0.000706619;-1.82166;0.139796;-0.0103525
-0.396846;-0.0501333;0;-0.000706369;-1.81971;0.139651;-0.0103418
-0.396185;-0.0551161;0;-0.000706119;-1.81776;0.139506;-0.0103311
-0.395461;-0.0600902;0;-0.000705869;-1.81581;0.139362;-0.0103204
-0.394674;-0.0650549;0;-0.000705618;-1.81384;0.139217;-0.0103097
-0.393826;-0.0700092;0;-0.000704881;-1.80818;0.13879;-0.010278
-0.392915;-0.0749525;0;-0.000704126;-1.80236;0.138352;-0.0102456
-0.391942;-0.079884;0;-0.000703369;-1.79655;0.137914;-0.0102132
-0.390907;-0.0848028;0;-0.000702612;-1.79072;0.137476;-0.0101807
-0.389811;-0.0897083;0;-0.000701855;-1.78489;0.137037;-0.0101482
-0.388653;-0.0945996;0;-0.000701097;-1.77906;0.136598;-0.0101157
-0.387433;-0.099476;0;-0.000700339;-1.77322;0.136159;-0.0100832
-0.386153;-0.104337;0;-0.000699581;-1.76739;0.13572;-0.0100507
-0.384811;-0.109181;0;-0.000698823;-1.76155;0.135281;-0.0100182
-0.383409;-0.114008;0;-0.000698065;-1.75571;0.134842;-0.00998567
-0.381946;-0.118817;0;-0.000697307;-1.74987;0.134403;-0.00995316
-0.380423;-0.123607;0;-0.00069655;-1.74403;0.133964;-0.00992068
-0.378839;-0.128377;0;-0.000695755;-1.73792;0.133504;-0.00988658
-0.377196;-0.133128;0;-0.000694625;-1.72927;0.132849;-0.00983807
-0.375494;-0.137857;0;-0.000693494;-1.72062;0.132193;-0.00978952
-0.373732;-0.142565;0;-0.000692363;-1.71197;0.131537;-0.00974095
-0.371911;-0.14725;0;-0.000691116;-1.70228;0.130816;-0.00968758
-0.370031;-0.151912;0;-0.000689854;-1.69252;0.130087;-0.00963355
-0.368093;-0.156549;0;-0.000688592;-1.68274;0.129357;-0.00957948
-0.366096;-0.161163;0;-0.000687329;-1.67297;0.128626;-0.00952539
-0.364042;-0.16575;0;-0.000686066;-1.66319;0.127896;-0.00947129
-0.361931;-0.170312;0;-0.000684803;-1.65342;0.127165;-0.00941719
-0.359762;-0.174846;0;-0.000683541;-1.64364;0.126435;-0.00936309
-0.357537;-0.179353;0;-0.000682278;-1.63387;0.125704;-0.009309
-0.355255;-0.183832;0;-0.000680864;-1.62304;0.124886;-0.00924838
-0.352916;-0.188282;0;-0.000679417;-1.61196;0.124048;-0.00918634
-0.350523;-0.192701;0;-0.000677907;-1.60048;0.123172;-0.0091215
-0.348074;-0.197091;0;-0.000676309;-1.58836;0.122245;-0.00905286
-0.345569;-0.201449;0;-0.00067471;-1.57624;0.121318;-0.00898419
-0.343011;-0.205776;0;-0.00067311;-1.56412;0.12039;-0.00891549
-0.340398;-0.21007;0;-0.000671511;-1.552;0.119463;-0.00884678
-0.337731;-0.214331;0;-0.000669911;-1.53987;0.118535;-0.00877807
-0.335011;-0.218558;0;-0.000668312;-1.52775;0.117607;-0.00870937
-0.332238;-0.22275;0;-0.000666713;-1.51563;0.11668;-0.00864069
-0.329413;-0.226908;0;-0.000665114;-1.50352;0.115753;-0.00857204
-0.326536;-0.231029;0;-0.000663464;-1.491;0.114796;-0.00850118
-0.323607;-0.235114;0;-0.00066179;-1.47825;0.113826;-0.00842934
-0.320627;-0.239162;0;-0.000660117;-1.4655;0.112856;-0.00835754
-0.317596;-0.243172;0;-0.000658441;-1.45276;0.111885;-0.00828558
-0.314515;-0.247144;0;-0.000656511;-1.43824;0.110764;-0.00820259
-0.311385;-0.251077;0;-0.000654454;-1.42261;0.109572;-0.00811434
-0.308205;-0.25497;0;-0.000652395;-1.40696;0.108379;-0.00802601
-0.304977;-0.258822;0;-0.000650334;-1.3913;0.107186;-0.00793763
-0.301701;-0.262634;0;-0.000648273;-1.37563;0.105992;-0.0078492
-0.298376;-0.266405;0;-0.000646211;-1.35996;0.104797;-0.00776074
-0.295005;-0.270133;0;-0.000644149;-1.34428;0.103602;-0.00767226
-0.291587;-0.273819;0;-0.000642086;-1.3286;0.102408;-0.00758378
-0.288124;-0.277461;0;-0.000640024;-1.31292;0.101213;-0.0074953
-0.284614;-0.28106;0;-0.000637962;-1.29725;0.100019;-0.00740686
-0.28106;-0.284614;0;-0.000635901;-1.28158;0.0988248;-0.00731845
-0.277461;-0.288124;0;-0.000633751;-1.26541;0.0975776;-0.00722609
-0.273819;-0.291587;0;-0.000631554;-1.24891;0.0963027;-0.00713168
-0.270133;-0.295005;0;-0.000629249;-1.23146;0.0949673;-0.00703278
-0.266405;-0.298376;0;-0.000626891;-1.21361;0.0936012;-0.00693161
-0.262634;-0.301701;0;-0.000624531;-1.19576;0.0922344;-0.00683039
-0.258822;-0.304977;0;-0.000622171;-1.1779;0.0908671;-0.00672914
-0.25497;-0.308205;0;-0.00061981;-1.16003;0.0894996;-0.00662787
-0.251077;-0.311385;0;-0.00061745;-1.14217;0.088132;-0.0065266
-0.247144;-0.314515;0;-0.000615089;-1.1243;0.0867647;-0.00642534
-0.243172;-0.317596;0;-0.00061273;-1.10644;0.0853977;-0.00632411
-0.239162;-0.320627;0;-0.000610371;-1.08859;0.0840314;-0.00622292
-0.235114;-0.323607;0;-0.000608014;-1.07075;0.0826658;-0.0061218
-0.231029;-0.326536;0;-0.000605658;-1.05292;0.0813013;-0.00602075
-0.226908;-0.329413;0;-0.000603247;-1.03481;0.0799031;-0.00591721
-0.22275;-0.332238;0;-0.000600687;-1.01573;0.0784172;-0.00580717
-0.218558;-0.335011;0;-0.000598071;-0.996026;0.0769012;-0.0056949
-0.214331;-0.337731;0;-0.000595429;-0.976131;0.0753704;-0.00558154
-0.21007;-0.340398;0;-0.000592785;-0.956225;0.073839;-0.00546813
-0.205776;-0.343011;0;-0.000590141;-0.936311;0.0723069;-0.00535467
-0.201449;-0.345569;0;-0.000587496;-0.916392;0.0707746;-0.0052412
-0.197091;-0.348074;0;-0.000584851;-0.896472;0.0692422;-0.00512772
-0.192701;-0.350523;0;-0.000582206;-0.876554;0.06771;-0.00501425
-0.188282;-0.352916;0;-0.000579562;-0.856641;0.0661783;-0.00490082
-0.183832;-0.355255;0;-0.00057692;-0.836735;0.0646472;-0.00478743
-0.179353;-0.357537;0;-0.000574278;-0.816841;0.063117;-0.00467411
-0.174846;-0.359762;0;-0.000571639;-0.796961;0.061588;-0.00456088
-0.170312;-0.361931;0;-0.000568908;-0.776632;0.0600028;-0.0044435
-0.16575;-0.364042;0;-0.000566082;-0.755458;0.0583655;-0.00432224
-0.161163;-0.366096;0;-0.000563227;-0.734051;0.0567114;-0.00419975
-0.156549;-0.368093;0;-0.000560371;-0.71263;0.0550562;-0.00407718
-0.151912;-0.370031;0;-0.000557513;-0.691198;0.0534002;-0.00395454
-0.14725;-0.371911;0;-0.000554654;-0.669759;0.0517437;-0.00383187
-0.142565;-0.373732;0;-0.000551794;-0.648316;0.0500869;-0.00370917
-0.137857;-0.375494;0;-0.000548935;-0.626871;0.0484301;-0.00358648
-0.133128;-0.377196;0;-0.000546076;-0.60543;0.0467735;-0.0034638
-0.128377;-0.378839;0;-0.000543217;-0.583994;0.0451174;-0.00334116
-0.123607;-0.380423;0;-0.00054036;-0.562568;0.0434621;-0.00321857
-0.118817;-0.381946;0;-0.000537505;-0.541155;0.0418077;-0.00309606
-0.114008;-0.383409;0;-0.000534652;-0.519758;0.0401547;-0.00297365
-0.109181;-0.384811;0;-0.000531805;-0.498416;0.0385049;-0.00285147
-0.104337;-0.386153;0;-0.000528824;-0.476171;0.0367765;-0.00272348
-0.099476;-0.387433;0;-0.000525834;-0.453825;0.0350444;-0.0025952
-0.0945996;-0.388653;0;-0.000522844;-0.431467;0.0333113;-0.00246686
-0.0897083;-0.389811;0;-0.000519852;-0.4091;0.0315775;-0.00233846
-0.0848028;-0.390907;0;-0.000516861;-0.386732;0.0298445;-0.00221013
-0.079884;-0.391942;0;-0.000513864;-0.364326;0.0281083;-0.00208156
-0.0749525;-0.392915;0;-0.000510866;-0.341909;0.026371;-0.0019529
-0.0700092;-0.393826;0;-0.000507869;-0.319495;0.024634;-0.00182426
-0.0650549;-0.394674;0;-0.000504872;-0.297089;0.0228974;-0.00169566
-0.0600902;-0.395461;0;-0.000501876;-0.274693;0.0211617;-0.00156712
-0.0551161;-0.396185;0;-0.000498883;-0.252312;0.019427;-0.00143866
-0.0501333;-0.396846;0;-0.00049586;-0.229688;0.0176762;-0.00130901
-0.0451426;-0.397445;0;-0.000492812;-0.206936;0.0159096;-0.00117818
-0.0401447;-0.39798;0;-0.000489762;-0.184172;0.014142;-0.00104728
-0.0351405;-0.398453;0;-0.00048671;-0.161399;0.0123737;-0.000916329
-0.0301307;-0.398864;0;-0.000483663;-0.138662;0.0106078;-0.000785556
-0.0251162;-0.399211;0;-0.000480609;-0.115869;0.00883774;-0.000654477
-0.0200977;-0.399495;0;-0.000477554;-0.093075;0.00706759;-0.000523389
-0.0150761;-0.399716;0;-0.0004745;-0.0702826;0.0052976;-0.000392313
-0.010052;-0.399874;0;-0.000471446;-0.0474957;0.00352806;-0.000261269
-0.00502642;-0.399968;0;-0.000468394;-0.0247181;0.00175923;-0.000130279
-7.34788e-17;-0.4;0;-0.000465344;-0.00195323;-8.59414e-06;6.36437e-07
0.00502642;-0.399968;0;-0.000462317;0.0206441;-0.00176255;0.000130525
0.010052;-0.399874;0;-0.000459277;0.0433587;-0.00352358;0.000260938
0.0150761;-0.399716;0;-0.000456235;0.0660923;-0.00528607;0.000391459
0.0200977;-0.399495;0;-0.000453191;0.0888413;-0.00704976;0.000522068
0.0251162;-0.399211;0;-0.000450145;0.111602;-0.00881435;0.000652745
0.0301307;-0.398864;0;-0.000447098;0.134371;-0.0105796;0.000783468
0.0351405;-0.398453;0;-0.000444051;0.157145;-0.0123452;0.000914217
0.0401447;-0.39798;0;-0.000441003;0.17992;-0.0141108;0.00104497
0.0451426;-0.397445;0;-0.000437956;0.202692;-0.0158763;0.00117571
0.0501333;-0.396846;0;-0.000434909;0.225458;-0.0176412;0.00130642
0.0551161;-0.396185;0;-0.000431885;0.247806;-0.0193968;0.00143643
0.0600902;-0.395461;0;-0.00042885;0.270227;-0.0211586;0.00156689
0.0650549;-0.394674;0;-0.000425892;0.29224;-0.022874;0.00169393
0.0700092;-0.393826;0;-0.000422886;0.314611;-0.0246166;0.00182298
0.0749525;-0.392915;0;-0.00041988;0.336984;-0.0263595;0.00195204
0.079884;-0.391942;0;-0.000416875;0.359356;-0.0281022;0.0020811
0.0848028;-0.390907;0;-0.000413934;0.381273;-0.0298068;0.00220734
0.0897083;-0.389811;0;-0.000410969;0.403409;-0.031525;0.00233457
0.0945996;-0.388653;0;-0.000408004;0.425551;-0.0332436;0.00246184
0.099476;-0.387433;0;-0.000405038;0.447696;-0.0349623;0.00258913
0.104337;-0.386153;0;-0.000402072;0.469841;-0.036681;0.0027164
0.109181;-0.384811;0;-0.000399107;0.49198;-0.0383994;0.00284366
0.114008;-0.383409;0;-0.000396143;0.514113;-0.0401171;0.00297086
0.118817;-0.381946;0;-0.000393312;0.535232;-0.0417579;0.00309237
0.123607;-0.380423;0;-0.00039045;0.556582;-0.0434175;0.00321527
0.128377;-0.378839;0;-0.000387586;0.577942;-0.0450781;0.00333825
0.133128;-0.377196;0;-0.000384721;0.599311;-0.0467392;0.00346126
0.137857;-0.375494;0;-0.000381855;0.620684;-0.0484007;0.0035843
0.142565;-0.373732;0;-0.000378989;0.642058;-0.0500623;0.00370735
0.14725;-0.371911;0;-0.000376124;0.663431;-0.0517237;0.00383039
0.151912;-0.370031;0;-0.000373259;0.684798;-0.0533847;0.00395339
0.156549;-0.368093;0;-0.000370395;0.706156;-0.0550449;0.00407634
0.161163;-0.366096;0;-0.000367533;0.727501;-0.0567042;0.00419922
0.16575;-0.364042;0;-0.000364673;0.748831;-0.0583623;0.00432201
0.170312;-0.361931;0;-0.000361863;0.769858;-0.0599911;0.00444263
0.174846;-0.359762;0;-0.00035913;0.790341;-0.0615742;0.00455987
0.179353;-0.357537;0;-0.000356482;0.810088;-0.0631103;0.00467362
0.183832;-0.355255;0;-0.000353832;0.829847;-0.0646473;0.00478744
0.188282;-0.352916;0;-0.000351181;0.849618;-0.0661852;0.00490133
0.192701;-0.350523;0;-0.000348529;0.869395;-0.0677235;0.00501525
0.197091;-0.348074;0;-0.000345876;0.889177;-0.0692622;0.00512919
0.201449;-0.345569;0;-0.000343223;0.908959;-0.0708008;0.00524314
0.205776;-0.343011;0;-0.000340571;0.92874;-0.0723393;0.00535707
0.21007;-0.340398;0;-0.000337919;0.948515;-0.0738774;0.00547097
0.214331;-0.337731;0;-0.000335268;0.968282;-0.0754147;0.00558482
0.218558;-0.335011;0;-0.000332619;0.988037;-0.0769512;0.0056986
0.22275;-0.332238;0;-0.000329973;1.00778;-0.0784864;0.00581229
0.226908;-0.329413;0;-0.000327432;1.02688;-0.0799582;0.00592129
0.231029;-0.326536;0;-0.000325069;1.04446;-0.0813299;0.00602287
0.235114;-0.323607;0;-0.000322704;1.06205;-0.0827027;0.00612453
0.239162;-0.320627;0;-0.000320338;1.07966;-0.0840764;0.00622626
0.243172;-0.317596;0;-0.00031797;1.09727;-0.0854509;0.00632804
0.247144;-0.314515;0;-0.000315602;1.11489;-0.0868258;0.00642986
0.251077;-0.311385;0;-0.000313233;1.13252;-0.088201;0.0065317
0.25497;-0.308205;0;-0.000310864;1.15014;-0.0895762;0.00663354
0.258822;-0.304977;0;-0.000308495;1.16777;-0.0909513;0.00673537
0.262634;-0.301701;0;-0.000306127;1.18539;-0.0923259;0.00683717
0.266405;-0.298376;0;-0.00030376;1.203;-0.0937;0.00693893
0.270133;-0.295005;0;-0.000301394;1.2206;-0.0950732;0.00704062
0.273819;-0.291587;0;-0.00029903;1.23819;-0.0964454;0.00714224
0.277461;-0.288124;0;-0.00029671;1.25546;-0.0977921;0.00724197
0.28106;-0.284614;0;-0.000294627;1.2709;-0.0990023;0.00733159
0.284614;-0.28106;0;-0.000292595;1.28593;-0.100184;0.00741908
0.288124;-0.277461;0;-0.000290561;1.30096;-0.101366;0.00750662
0.291587;-0.273819;0;-0.000288527;1.316;-0.102548;0.00759419
0.295005;-0.270133;0;-0.000286493;1.33105;-0.103731;0.00768178
0.298376;-0.266405;0;-0.000284458;1.34609;-0.104914;0.00776937
0.301701;-0.262634;0;-0.000282423;1.36114;-0.106096;0.00785695
0.304977;-0.258822;0;-0.000280389;1.37618;-0.107279;0.00794451
0.308205;-0.25497;0;-0.000278356;1.39122;-0.108461;0.00803203
0.311385;-0.251077;0;-0.000276324;1.40625;-0.109642;0.0081195
0.314515;-0.247144;0;-0.000274293;1.42127;-0.110822;0.0082069
0.317596;-0.243172;0;-0.00027233;1.43585;-0.111963;0.00829136
0.320627;-0.239162;0;-0.000270692;1.44782;-0.112917;0.00836205
0.323607;-0.235114;0;-0.000269052;1.45979;-0.113872;0.00843279
0.326536;-0.231029;0;-0.000267411;1.47177;-0.114828;0.00850359
0.329413;-0.226908;0;-0.000265769;1.48376;-0.115785;0.00857442
0.332238;-0.22275;0;-0.000264127;1.49575;-0.116742;0.00864527
0.335011;-0.218558;0;-0.000262484;1.50775;-0.117699;0.00871614
0.337731;-0.214331;0;-0.000260841;1.51975;-0.118656;0.00878701
0.340398;-0.21007;0;-0.000259198;1.53174;-0.119613;0.00885788
0.343011;-0.205776;0;-0.000257556;1.54374;-0.120569;0.00892872
0.345569;-0.201449;0;-0.000255915;1.55573;-0.121525;0.00899954
0.348074;-0.197091;0;-0.000254274;1.56771;-0.122481;0.00907031
0.350523;-0.192701;0;-0.000252635;1.57969;-0.123436;0.00914103
0.352916;-0.188282;0;-0.000250997;1.59165;-0.12439;0.00921168
0.355255;-0.183832;0;-0.000249571;1.60203;-0.125221;0.00927322
0.357537;-0.179353;0;-0.000248355;1.61086;-0.125931;0.00932575
0.359762;-0.174846;0;-0.000247138;1.6197;-0.12664;0.00937831
0.361931;-0.170312;0;-0.000245975;1.62814;-0.127319;0.00942856
0.364042;-0.16575;0;-0.00024482;1.63647;-0.127993;0.00947845
0.366096;-0.161163;0;-0.000243666;1.6448;-0.128667;0.00952837
0.368093;-0.156549;0;-0.000242511;1.65313;-0.129341;0.00957829
0.370031;-0.151912;0;-0.000241356;1.66146;-0.130015;0.0096282
0.371911;-0.14725;0;-0.000240202;1.66979;-0.130689;0.00967811
0.373732;-0.142565;0;-0.000239048;1.67811;-0.131362;0.009728
0.375494;-0.137857;0;-0.000237894;1.68643;-0.132036;0.00977786
0.377196;-0.133128;0;-0.000236742;1.69474;-0.132708;0.00982769
0.378839;-0.128377;0;-0.000235596;1.70298;-0.133378;0.00987726
0.380423;-0.123607;0;-0.000234563;1.71043;-0.133981;0.00992192
0.381946;-0.118817;0;-0.000233812;1.71609;-0.134416;0.00995418
0.383409;-0.114008;0;-0.00023306;1.72175;-0.134852;0.00998645
0.384811;-0.109181;0;-0.000232309;1.72741;-0.135288;0.0100187
0.386153;-0.104337;0;-0.000231597;1.73272;-0.135702;0.0100494
0.387433;-0.099476;0;-0.000230955;1.73749;-0.136075;0.010077
0.388653;-0.0945996;0;-0.000230313;1.74227;-0.136448;0.0101047
0.389811;-0.0897083;0;-0.000229671;1.74705;-0.136822;0.0101323
0.390907;-0.0848028;0;-0.000229029;1.75183;-0.137195;0.0101599
0.391942;-0.079884;0;-0.000228387;1.75661;-0.137568;0.0101876
0.392915;-0.0749525;0;-0.000227745;1.76139;-0.137941;0.0102152
0.393826;-0.0700092;0;-0.000227104;1.76617;-0.138314;0.0102428
0.394674;-0.0650549;0;-0.000226463;1.77094;-0.138687;0.0102704
0.395461;-0.0600902;0;-0.000225822;1.77571;-0.139059;0.010298
0.396185;-0.0551161;0;-0.000225422;1.7793;-0.139285;0.0103147
0.396846;-0.0501333;0;-0.000225115;1.78249;-0.139453;0.0103272
0.397445;-0.0451426;0;-0.000224808;1.78568;-0.139622;0.0103396
0.39798;-0.0401447;0;-0.000224589;1.78812;-0.13974;0.0103484
0.398453;-0.0351405;0;-0.000224442;1.78989;-0.139818;0.0103542
0.398864;-0.0301307;0;-0.000224296;1.79167;-0.139895;0.0103599
0.399211;-0.0251162;0;-0.000224149;1.79344;-0.139973;0.0103657
0.399495;-0.0200977;0;-0.000224003;1.79522;-0.14005;0.0103714
0.399716;-0.0150761;0;-0.000223856;1.79699;-0.140128;0.0103771
0.399874;-0.010052;0;-0.00022371;1.79877;-0.140206;0.0103829
0.399968;-0.00502642;0;-0.000223563;1.80055;-0.140283;0.0103886
