0.4;0;0;0.000280971;2.00743;-0.140359;0.0103943
0.399968;0.00502642;0;0.000280817;2.00629;-0.140279;0.0103883
0.399874;0.010052;0;0.00028066;2.00512;-0.140196;0.0103822
0.399716;0.0150761;0;0.000280504;2.00395;-0.140114;0.0103761
0.399495;0.0200977;0;0.000280347;2.00278;-0.140032;0.01037
0.399211;0.0251162;0;0.00028019;2.00161;-0.13995;0.0103639
0.398864;0.0301307;0;0.000280034;2.00044;-0.139867;0.0103578
0.398453;0.0351405;0;0.000279877;1.99927;-0.139785;0.0103518
0.39798;0.0401447;0;0.000279721;1.9981;-0.139703;0.0103457
0.397445;0.0451426;0;0.000279432;1.9959;-0.139552;0.0103345
0.396846;0.0501333;0;0.000279074;1.99315;-0.139365;0.0103206
0.396185;0.0551161;0;0.000278716;1.9904;-0.139178;0.0103068
0.395461;0.0600902;0;0.000278357;1.98766;-0.138991;0.0102929
0.394674;0.0650549;0;0.000277717;1.9828;-0.138655;0.0102681
0.393826;0.0700092;0;0.000277016;1.97749;-0.138289;0.0102409
0.392915;0.0749525;0;0.000276315;1.97218;-0.137921;0.0102137
0.391942;0.079884;0;0.000275614;1.96687;-0.137554;0.0101866
0.390907;0.0848028;0;0.000274912;1.96155;-0.137187;0.0101594
0.389811;0.0897083;0;0.000274211;1.95623;-0.13682;0.0101321
0.388653;0.0945996;0;0.000273509;1.95092;-0.136452;0.0101049
0.387433;0.099476;0;0.000272807;1.9456;-0.136085;0.0100777
0.386153;0.104337;0;0.000272067;1.93997;-0.135698;0.0100491
0.384811;0.109181;0;0.000271202;1.93336;-0.135245;0.0100156
0.383409;0.114008;0;0.000270337;1.92675;-0.134793;0.00998205
0.381946;0.118817;0;0.000269472;1.92014;-0.134341;0.00994855
0.380423;0.123607;0;0.000268607;1.91353;-0.133888;0.00991507
0.378839;0.128377;0;0.000267482;1.90497;-0.1333;0.0098715
0.377196;0.133128;0;0.000266189;1.89514;-0.132623;0.0098214
0.375494;0.137857;0;0.000264902;1.88538;-0.13195;0.00977152
0.373732;0.142565;0;0.000263615;1.87561;-0.131276;0.00972165
0.371911;0.14725;0;0.000262327;1.86584;-0.130603;0.00967174
0.370031;0.151912;0;0.000261038;1.85606;-0.129929;0.00962182
0.368093;0.156549;0;0.000259749;1.84628;-0.129254;0.0095719
0.366096;0.161163;0;0.000258461;1.8365;-0.12858;0.00952197
0.364042;0.16575;0;0.000257172;1.82673;-0.127906;0.00947204
0.361931;0.170312;0;0.000255884;1.81695;-0.127232;0.00942214
0.359762;0.174846;0;0.000254596;1.80718;-0.126558;0.00937225
0.357537;0.179353;0;0.000253309;1.79742;-0.125885;0.0093224
0.355255;0.183832;0;0.000252023;1.78766;-0.125212;0.00927258
0.352916;0.188282;0;0.000250468;1.77588;-0.124399;0.00921231
0.350523;0.192701;0;0.000248647;1.76211;-0.123446;0.00914176
0.348074;0.197091;0;0.000246824;1.74832;-0.122492;0.00907114
0.345569;0.201449;0;0.000244999;1.73452;-0.121538;0.00900047
0.343011;0.205776;0;0.000243174;1.72072;-0.120583;0.00892976
0.340398;0.21007;0;0.000241348;1.7069;-0.119628;0.00885902
0.337731;0.214331;0;0.000239521;1.69309;-0.118672;0.00878826
0.335011;0.218558;0;0.000237694;1.67927;-0.117717;0.00871749
0.332238;0.22275;0;0.000235868;1.66545;-0.116761;0.00864672
0.329413;0.226908;0;0.000234041;1.65164;-0.115806;0.00857597
0.326536;0.231029;0;0.000232215;1.63783;-0.114851;0.00850524
0.323607;0.235114;0;0.000230388;1.62401;-0.113895;0.00843446
0.320627;0.239162;0;0.000228556;1.61015;-0.112936;0.00836348
0.317596;0.243172;0;0.000226725;1.59629;-0.111979;0.00829255
0.314515;0.247144;0;0.000224631;1.5805;-0.110883;0.00821144
0.311385;0.251077;0;0.000222378;1.56354;-0.109705;0.00812417
0.308205;0.25497;0;0.000220124;1.54656;-0.108526;0.00803684
0.304977;0.258822;0;0.000217867;1.52957;-0.107345;0.0079494
0.301701;0.262634;0;0.000215606;1.51254;-0.106163;0.00786184
0.298376;0.266405;0;0.000213344;1.4955;-0.104979;0.0077742
0.295005;0.270133;0;0.000211079;1.47844;-0.103794;0.00768645
0.291587;0.273819;0;0.000208813;1.46138;-0.102609;0.0075987
0.288124;0.277461;0;0.000206549;1.44433;-0.101424;0.00751096
0.284614;0.28106;0;0.000204284;1.42727;-0.10024;0.00742326
0.28106;0.284614;0;0.000202021;1.41023;-0.0990564;0.0073356
0.277461;0.288124;0;0.000199723;1.39294;-0.0978542;0.00724657
0.273819;0.291587;0;0.000197104;1.3733;-0.096484;0.0071451
0.270133;0.295005;0;0.000194482;1.35365;-0.0951124;0.00704353
0.266405;0.298376;0;0.000191858;1.33398;-0.0937398;0.00694188
0.262634;0.301701;0;0.000189233;1.3143;-0.0923665;0.00684018
0.258822;0.304977;0;0.000186606;1.29461;-0.0909925;0.00673842
0.25497;0.308205;0;0.000183979;1.27491;-0.0896181;0.00663665
0.251077;0.311385;0;0.00018135;1.2552;-0.088243;0.00653481
0.247144;0.314515;0;0.000178721;1.2355;-0.0868677;0.00643296
0.243172;0.317596;0;0.000176089;1.21577;-0.0854912;0.00633103
0.239162;0.320627;0;0.000173459;1.19605;-0.0841153;0.00622914
0.235114;0.323607;0;0.00017083;1.17634;-0.08274;0.00612729
0.231029;0.326536;0;0.000168202;1.15664;-0.0813655;0.0060255
0.226908;0.329413;0;0.000165577;1.13696;-0.0799922;0.0059238
0.22275;0.332238;0;0.000162789;1.11611;-0.078534;0.00581581
0.218558;0.335011;0;0.000159853;1.0942;-0.0769981;0.00570208
0.214331;0.337731;0;0.000156915;1.07227;-0.0754611;0.00558825
0.21007;0.340398;0;0.000153975;1.05032;-0.0739231;0.00547436
0.205776;0.343011;0;0.000151033;1.02837;-0.0723844;0.00536041
0.201449;0.345569;0;0.000148091;1.0064;-0.0708453;0.00524643
0.197091;0.348074;0;0.000145148;0.984438;-0.0693059;0.00513243
0.192701;0.350523;0;0.000142205;0.962473;-0.0677666;0.00501844
0.188282;0.352916;0;0.000139263;0.940512;-0.0662275;0.00490446
0.183832;0.355255;0;0.000136322;0.918558;-0.0646889;0.00479052
0.179353;0.357537;0;0.000133382;0.896614;-0.0631511;0.00467664
0.174846;0.359762;0;0.000130444;0.874685;-0.0616143;0.00456283
0.170312;0.361931;0;0.000127468;0.8525;-0.0600577;0.00444756
0.16575;0.364042;0;0.000124294;0.828873;-0.0583972;0.00432459
0.161163;0.366096;0;0.000121104;0.805128;-0.0567286;0.00420102
0.156549;0.368093;0;0.00011791;0.78136;-0.0550583;0.00407733
0.151912;0.370031;0;0.000114714;0.757571;-0.0533865;0.00395353
0.14725;0.371911;0;0.000111516;0.733765;-0.0517137;0.00382964
0.142565;0.373732;0;0.000108316;0.709947;-0.0500399;0.00370569
0.137857;0.375494;0;0.000105115;0.68612;-0.0483654;0.00358169
0.133128;0.377196;0;0.000101913;0.662287;-0.0466906;0.00345766
0.128377;0.378839;0;9.8711e-05;0.638454;-0.0450158;0.00333363
0.123607;0.380423;0;9.55093e-05;0.614622;-0.043341;0.00320961
0.118817;0.381946;0;9.23862e-05;0.591413;-0.0417074;0.00308863
0.114008;0.383409;0;8.91085e-05;0.567097;-0.0399927;0.00296165
0.109181;0.384811;0;8.58294e-05;0.54277;-0.0382773;0.00283462
0.104337;0.386153;0;8.25493e-05;0.518437;-0.0365614;0.00270755
0.099476;0.387433;0;7.92689e-05;0.4941;-0.0348454;0.00258046
0.0945996;0.388653;0;7.59885e-05;0.469765;-0.0331293;0.00245338
0.0897083;0.389811;0;7.27089e-05;0.445434;-0.0314136;0.00232633
0.0848028;0.390907;0;6.94303e-05;0.421112;-0.0296985;0.00219932
0.079884;0.391942;0;6.61535e-05;0.396802;-0.0279843;0.00207237
0.0749525;0.392915;0;6.28788e-05;0.372508;-0.0262713;0.00194551
0.0700092;0.393826;0;5.96069e-05;0.348235;-0.0245596;0.00181876
0.0650549;0.394674;0;5.63381e-05;0.323985;-0.0228497;0.00169213
0.0600902;0.395461;0;5.30731e-05;0.299764;-0.0211417;0.00156564
0.0551161;0.396185;0;4.98124e-05;0.275574;-0.0194359;0.00143932
0.0501333;0.396846;0;4.64573e-05;0.250701;-0.0176808;0.00130935
0.0451426;0.397445;0;4.30844e-05;0.225703;-0.0159164;0.00117869
0.0401447;0.39798;0;3.97076e-05;0.200676;-0.0141501;0.00104788
0.0351405;0.398453;0;3.63275e-05;0.175624;-0.012382;0.000916944
0.0301307;0.398864;0;3.29447e-05;0.150552;-0.0106124;0.0007859
0.0251162;0.399211;0;2.95595e-05;0.125463;-0.00884168;0.000654768
0.0200977;0.399495;0;2.61727e-05;0.100361;-0.00707004;0.00052357
0.0150761;0.399716;0;2.27847e-05;0.0752507;-0.00529779;0.000392326
0.010052;0.399874;0;1.9396e-05;0.0501353;-0.00352519;0.000261057
0.00502642;0.399968;0;1.60072e-05;0.0250191;-0.00175254;0.000129784
2.44929e-17;0.4;0;1.26189e-05;-9.39486e-05;1.98971e-05;-1.47348e-06
-0.00502642;0.399968;0;9.23144e-06;-0.0251999;0.00179183;-0.000132694
-0.010052;0.399874;0;5.84552e-06;-0.0502949;0.00356299;-0.000263856
-0.0150761;0.399716;0;2.46163e-06;-0.0753748;0.00533308;-0.00039494
-0.0200977;0.399495;0;-9.19709e-07;-0.100436;0.00710184;-0.000525925
-0.0251162;0.399211;0;-4.29795e-06;-0.125474;0.00886897;-0.00065679
-0.0301307;0.398864;0;-7.67256e-06;-0.150485;0.0106342;-0.000787514
-0.0351405;0.398453;0;-1.10143e-05;-0.175258;0.0123824;-0.000916979
-0.0401447;0.39798;0;-1.43417e-05;-0.199934;0.0141232;-0.00104589
-0.0451426;0.397445;0;-1.76699e-05;-0.224621;0.0158641;-0.00117481
-0.0501333;0.396846;0;-2.10008e-05;-0.249328;0.0176065;-0.00130384
-0.0551161;0.396185;0;-2.43339e-05;-0.274051;0.01935;-0.00143296
-0.0600902;0.395461;0;-2.76686e-05;-0.298785;0.0210943;-0.00156214
-0.0650549;0.394674;0;-3.10044e-05;-0.323528;0.0228392;-0.00169135
-0.0700092;0.393826;0;-3.43407e-05;-0.348275;0.0245844;-0.00182059
-0.0749525;0.392915;0;-3.76771e-05;-0.373023;0.0263297;-0.00194984
-0.079884;0.391942;0;-4.1013e-05;-0.397766;0.0280746;-0.00207906
-0.0848028;0.390907;0;-4.43479e-05;-0.422503;0.0298191;-0.00220825
-0.0897083;0.389811;0;-4.76813e-05;-0.447228;0.0315627;-0.00233737
-0.0945996;0.388653;0;-5.10125e-05;-0.471937;0.0333053;-0.00246642
-0.099476;0.387433;0;-5.43412e-05;-0.496627;0.0350465;-0.00259536
-0.104337;0.386153;0;-5.76236e-05;-0.520988;0.0367636;-0.00272252
-0.109181;0.384811;0;-6.08239e-05;-0.544777;0.0384379;-0.00284651
-0.114008;0.383409;0;-6.39992e-05;-0.568396;0.0400989;-0.00296951
-0.118817;0.381946;0;-6.7177e-05;-0.592032;0.0417611;-0.00309261
-0.123607;0.380423;0;-7.03568e-05;-0.615684;0.0434244;-0.00321578
-0.128377;0.378839;0;-7.3538e-05;-0.639346;0.0450885;-0.00333901
-0.133128;0.377196;0;-7.67201e-05;-0.663015;0.046753;-0.00346228
-0.137857;0.375494;0;-7.99027e-05;-0.686687;0.0484178;-0.00358557
-0.142565;0.373732;0;-8.30853e-05;-0.710359;0.0500825;-0.00370885
-0.14725;0.371911;0;-8.62673e-05;-0.734027;0.051747;-0.00383211
-0.151912;0.370031;0;-8.94348e-05;-0.757587;0.0534039;-0.00395481
-0.156549;0.368093;0;-9.26035e-05;-0.78115;0.0550614;-0.00407756
-0.161163;0.366096;0;-9.57705e-05;-0.804699;0.0567181;-0.00420024
-0.16575;0.364042;0;-9.89353e-05;-0.828233;0.0583736;-0.00432284
-0.170312;0.361931;0;-0.000102097;-0.851746;0.0600277;-0.00444534
-0.174846;0.359762;0;-0.000105138;-0.874375;0.0616183;-0.00456313
-0.179353;0.357537;0;-0.000108058;-0.89617;0.0631459;-0.00467625
-0.183832;0.355255;0;-0.000110981;-0.917981;0.0646746;-0.00478947
-0.188282;0.352916;0;-0.000113905;-0.939805;0.0662043;-0.00490274
-0.192701;0.350523;0;-0.00011683;-0.961639;0.0677347;-0.00501608
-0.197091;0.348074;0;-0.000119757;-0.983479;0.0692655;-0.00512944
-0.201449;0.345569;0;-0.000122683;-1.00532;0.0707965;-0.00524281
-0.205776;0.343011;0;-0.00012561;-1.02716;0.0723274;-0.00535619
-0.21007;0.340398;0;-0.000128536;-1.049;0.0738581;-0.00546954
-0.214331;0.337731;0;-0.000131461;-1.07083;0.0753882;-0.00558285
-0.218558;0.335011;0;-0.000134385;-1.09265;0.0769175;-0.00569611
-0.22275;0.332238;0;-0.00013727;-1.11419;0.0784266;-0.00580786
-0.226908;0.329413;0;-0.000140113;-1.13543;0.0799138;-0.00591799
-0.231029;0.326536;0;-0.000142703;-1.15484;0.0812685;-0.00601832
-0.235114;0.323607;0;-0.000145329;-1.17453;0.082642;-0.00612004
-0.239162;0.320627;0;-0.000147956;-1.19423;0.0840164;-0.00622182
-0.243172;0.317596;0;-0.000150585;-1.21394;0.0853915;-0.00632365
-0.247144;0.314515;0;-0.000153214;-1.23365;0.0867671;-0.00642552
-0.251077;0.311385;0;-0.000155845;-1.25337;0.0881429;-0.0065274
-0.25497;0.308205;0;-0.000158475;-1.27309;0.0895188;-0.00662929
-0.258822;0.304977;0;-0.000161105;-1.2928;0.0908945;-0.00673117
-0.262634;0.301701;0;-0.000163734;-1.31251;0.0922698;-0.00683302
-0.266405;0.298376;0;-0.000166362;-1.33221;0.0936446;-0.00693483
-0.270133;0.295005;0;-0.000168988;-1.3519;0.0950184;-0.00703657
-0.273819;0.291587;0;-0.000171613;-1.37158;0.0963913;-0.00713823
-0.277461;0.288124;0;-0.000174077;-1.39005;0.0976803;-0.00723369
-0.28106;0.284614;0;-0.000176423;-1.40766;0.0989075;-0.00732457
-0.284614;0.28106;0;-0.000178701;-1.42482;0.100099;-0.0074128
-0.288124;0.277461;0;-0.000180979;-1.44199;0.101291;-0.00750106
-0.291587;0.273819;0;-0.000183259;-1.45916;0.102483;-0.00758935
-0.295005;0.270133;0;-0.000185538;-1.47634;0.103675;-0.00767765
-0.298376;0.266405;0;-0.000187818;-1.49351;0.104868;-0.00776595
-0.301701;0.262634;0;-0.000190097;-1.51068;0.10606;-0.00785423
-0.304977;0.258822;0;-0.000192375;-1.52785;0.107251;-0.00794248
-0.308205;0.25497;0;-0.000194652;-1.545;0.108443;-0.00803068
-0.311385;0.251077;0;-0.000196928;-1.56214;0.109633;-0.00811883
-0.314515;0.247144;0;-0.000199202;-1.57927;0.110822;-0.00820691
-0.317596;0.243172;0;-0.000201324;-1.59527;0.111932;-0.00828912
-0.320627;0.239162;0;-0.000203161;-1.60917;0.112893;-0.00836027
-0.323607;0.235114;0;-0.000204999;-1.62309;0.113855;-0.00843148
-0.326536;0.231029;0;-0.000206839;-1.63701;0.114817;-0.00850273
-0.329413;0.226908;0;-0.000208679;-1.65093;0.115779;-0.00857402
-0.332238;0.22275;0;-0.00021052;-1.66487;0.116742;-0.00864533
-0.335011;0.218558;0;-0.000212361;-1.6788;0.117705;-0.00871664
-0.337731;0.214331;0;-0.000214174;-1.6925;0.118653;-0.00878685
-0.340398;0.21007;0;-0.000215987;-1.70621;0.119602;-0.0088571
-0.343011;0.205776;0;-0.0002178;-1.71992;0.12055;-0.00892733
-0.345569;0.201449;0;-0.000219613;-1.73362;0.121498;-0.00899753
-0.348074;0.197091;0;-0.000221424;-1.74732;0.122446;-0.0090677
-0.350523;0.192701;0;-0.000223234;-1.76101;0.123393;-0.00913782
-0.352916;0.188282;0;-0.000225043;-1.77468;0.124339;-0.00920789
-0.355255;0.183832;0;-0.000226675;-1.78703;0.125193;-0.00927114
-0.357537;0.179353;0;-0.000228024;-1.79728;0.125899;-0.0093234
-0.359762;0.174846;0;-0.000229379;-1.80756;0.126607;-0.00937587
-0.361931;0.170312;0;-0.000230734;-1.81785;0.127316;-0.00942835
-0.364042;0.16575;0;-0.000232089;-1.82814;0.128025;-0.00948083
-0.366096;0.161163;0;-0.000233443;-1.83843;0.128733;-0.00953332
-0.368093;0.156549;0;-0.000234798;-1.84872;0.129442;-0.00958579
-0.370031;0.151912;0;-0.000236152;-1.859;0.13015;-0.00963825
-0.371911;0.14725;0;-0.000237506;-1.86928;0.130858;-0.00969067
-0.373732;0.142565;0;-0.000238858;-1.87955;0.131566;-0.00974307
-0.375494;0.137857;0;-0.00024021;-1.88982;0.132273;-0.00979542
-0.377196;0.133128;0;-0.000241521;-1.89978;0.132958;-0.00984621
-0.378839;0.128377;0;-0.000242435;-1.90674;0.133437;-0.00988161
-0.380423;0.123607;0;-0.00024328;-1.91318;0.133879;-0.00991436
-0.381946;0.118817;0;-0.000244126;-1.91962;0.134321;-0.00994712
-0.383409;0.114008;0;-0.000244973;-1.92607;0.134764;-0.00997991
-0.384811;0.109181;0;-0.000245819;-1.93252;0.135207;-0.0100127
-0.386153;0.104337;0;-0.000246666;-1.93897;0.13565;-0.0100455
-0.387433;0.099476;0;-0.000247513;-1.94542;0.136093;-0.0100783
-0.388653;0.0945996;0;-0.00024836;-1.95187;0.136536;-0.0101111
-0.389811;0.0897083;0;-0.000249206;-1.95831;0.136978;-0.0101439
-0.390907;0.0848028;0;-0.000250053;-1.96476;0.137421;-0.0101767
-0.391942;0.079884;0;-0.000250898;-1.9712;0.137863;-0.0102094
-0.392915;0.0749525;0;-0.000251743;-1.97764;0.138305;-0.0102422
-0.393826;0.0700092;0;-0.000252587;-1.98407;0.138747;-0.0102749
-0.394674;0.0650549;0;-0.000253424;-1.99044;0.139184;-0.0103073
-0.395461;0.0600902;0;-0.000253756;-1.99297;0.139358;-0.0103201
-0.396185;0.0551161;0;-0.000254036;-1.9951;0.139504;-0.0103309
-0.396846;0.0501333;0;-0.000254315;-1.99724;0.13965;-0.0103418
-0.397445;0.0451426;0;-0.000254595;-1.99937;0.139797;-0.0103526
-0.39798;0.0401447;0;-0.000254874;-2.00151;0.139943;-0.0103634
-0.398453;0.0351405;0;-0.000255147;-2.00359;0.140085;-0.010374
-0.398864;0.0301307;0;-0.000255411;-2.0056;0.140223;-0.0103842
-0.399211;0.0251162;0;-0.000255673;-2.0076;0.140361;-0.0103944
-0.399495;0.0200977;0;-0.000255935;-2.00959;0.140497;-0.0104045
-0.399716;0.0150761;0;-0.000256196;-2.01158;0.140634;-0.0104146
-0.399874;0.010052;0;-0.000256457;-2.01357;0.140771;-0.0104248
-0.399968;0.00502642;0;-0.000256718;-2.01556;0.140907;-0.0104349
-0.4;4.89859e-17;0;-0.000256978;-2.01754;0.141043;-0.0104449
-0.399968;-0.00502642;0;-0.000256798;-2.01617;0.140949;-0.0104379
-0.399874;-0.010052;0;-0.000256524;-2.01408;0.140805;-0.0104273
-0.399716;-0.0150761;0;-0.000256249;-2.01198;0.140662;-0.0104167
-0.399495;-0.0200977;0;-0.000255973;-2.00988;0.140518;-0.010406
-0.399211;-0.0251162;0;-0.000255698;-2.00778;0.140373;-0.0103953
-0.398864;-0.0301307;0;-0.000255422;-2.00568;0.140229;-0.0103846
-0.398453;-0.0351405;0;-0.000255146;-2.00358;0.140085;-0.0103739
-0.39798;-0.0401447;0;-0.00025487;-2.00147;0.13994;-0.0103632
-0.397445;-0.0451426;0;-0.000254594;-1.99937;0.139796;-0.0103525
-0.396846;-0.0501333;0;-0.000254317;-1.99726;0.139651;-0.0103418
-0.396185;-0.0551161;0;-0.000254041;-1.99515;0.139506;-0.0103311
-0.395461;-0.0600902;0;-0.000253765;-1.99305;0.139362;-0.0103204
-0.394674;-0.0650549;0;-0.000253487;-1.99093;0.139217;-0.0103097
-0.393826;-0.0700092;0;-0.000252671;-1.98471;0.13879;-0.010278
-0.392915;-0.0749525;0;-0.000251834;-1.97834;0.138352;-0.0102456
-0.391942;-0.079884;0;-0.000250997;-1.97195;0.137914;-0.0102132
-0.390907;-0.0848028;0;-0.000250158;-1.96556;0.137476;-0.0101807
-0.389811;-0.0897083;0;-0.00024932;-1.95917;0.137037;-0.0101482
-0.388653;-0.0945996;0;-0.00024848;-1.95278;0.136598;-0.0101157
-0.387433;-0.099476;0;-0.000247641;-1.94638;0.136159;-0.0100832
-0.386153;-0.104337;0;-0.000246802;-1.93998;0.13572;-0.0100507
-0.384811;-0.109181;0;-0.000245962;-1.93358;0.135281;-0.0100182
-0.383409;-0.114008;0;-0.000245123;-1.92719;0.134842;-0.00998567
-0.381946;-0.118817;0;-0.000244284;-1.92079;0.134403;-0.00995316
-0.380423;-0.123607;0;-0.000243445;-1.9144;0.133964;-0.00992068
-0.378839;-0.128377;0;-0.000242565;-1.9077;0.133504;-0.00988658
-0.377196;-0.133128;0;-0.000241313;-1.8982;0.132849;-0.00983807
-0.375494;-0.137857;0;-0.00024006;-1.88871;0.132193;-0.00978952
-0.373732;-0.142565;0;-0.000238806;-1.8792;0.131537;-0.00974095
-0.371911;-0.14725;0;-0.000237428;-1.86872;0.130816;-0.00968758
-0.370031;-0.151912;0;-0.000236033;-1.8581;0.130087;-0.00963355
-0.368093;-0.156549;0;-0.000234637;-1.84747;0.129357;-0.00957948
-0.366096;-0.161163;0;-0.00023324;-1.83685;0.128626;-0.00952539
-0.364042;-0.16575;0;-0.000231843;-1.82622;0.127896;-0.00947129
-0.361931;-0.170312;0;-0.000230446;-1.81558;0.127165;-0.00941719
-0.359762;-0.174846;0;-0.000229049;-1.80495;0.126435;-0.00936309
-0.357537;-0.179353;0;-0.000227653;-1.79433;0.125704;-0.009309
-0.355255;-0.183832;0;-0.000226088;-1.78248;0.124886;-0.00924838
-0.352916;-0.188282;0;-0.000224487;-1.77035;0.124048;-0.00918634
-0.350523;-0.192701;0;-0.000222814;-1.7577;0.123172;-0.0091215
-0.348074;-0.197091;0;-0.000221042;-1.74431;0.122245;-0.00905286
-0.345569;-0.201449;0;-0.00021927;-1.73092;0.121318;-0.00898419
-0.343011;-0.205776;0;-0.000217497;-1.71753;0.12039;-0.00891549
-0.340398;-0.21007;0;-0.000215723;-1.70413;0.119463;-0.00884678
-0.337731;-0.214331;0;-0.00021395;-1.69073;0.118535;-0.00877807
-0.335011;-0.218558;0;-0.000212177;-1.67734;0.117607;-0.00870937
-0.332238;-0.22275;0;-0.000210404;-1.66395;0.11668;-0.00864069
-0.329413;-0.226908;0;-0.000208632;-1.65056;0.115753;-0.00857204
-0.326536;-0.231029;0;-0.000206803;-1.63672;0.114796;-0.00850118
-0.323607;-0.235114;0;-0.000204948;-1.62267;0.113826;-0.00842934
-0.320627;-0.239162;0;-0.000203094;-1.60863;0.112856;-0.00835754
-0.317596;-0.243172;0;-0.000201236;-1.59457;0.111885;-0.00828558
-0.314515;-0.247144;0;-0.000199093;-1.57844;0.110764;-0.00820259
-0.311385;-0.251077;0;-0.000196815;-1.56127;0.109572;-0.00811434
-0.308205;-0.25497;0;-0.000194535;-1.54409;0.108379;-0.00802601
-0.304977;-0.258822;0;-0.000192253;-1.5269;0.107186;-0.00793763
-0.301701;-0.262634;0;-0.00018997;-1.50969;0.105992;-0.0078492
-0.298376;-0.266405;0;-0.000187686;-1.49248;0.104797;-0.00776074
-0.295005;-0.270133;0;-0.000185402;-1.47527;0.103602;-0.00767226
-0.291587;-0.273819;0;-0.000183118;-1.45806;0.102408;-0.00758378
-0.288124;-0.277461;0;-0.000180834;-1.44084;0.101213;-0.0074953
-0.284614;-0.28106;0;-0.000178551;-1.42364;0.100019;-0.00740686
-0.28106;-0.284614;0;-0.000176268;-1.40644;0.0988248;-0.00731845
-0.277461;-0.288124;0;-0.000173884;-1.38857;0.0975776;-0.00722609
-0.273819;-0.291587;0;-0.000171447;-1.37031;0.0963027;-0.00713168
-0.270133;-0.295005;0;-0.000168894;-1.35117;0.0949673;-0.00703278
-0.266405;-0.298376;0;-0.000166283;-1.3316;0.0936012;-0.00693161
-0.262634;-0.301701;0;-0.00016367;-1.31201;0.0922344;-0.00683039
-0.258822;-0.304977;0;-0.000161057;-1.29242;0.0908671;-0.00672914
-0.25497;-0.308205;0;-0.000158442;-1.27282;0.0894996;-0.00662787
-0.251077;-0.311385;0;-0.000155828;-1.25322;0.088132;-0.0065266
-0.247144;-0.314515;0;-0.000153214;-1.23363;0.0867647;-0.00642534
-0.243172;-0.317596;0;-0.000150601;-1.21404;0.0853977;-0.00632411
-0.239162;-0.320627;0;-0.00014799;-1.19446;0.0840314;-0.00622292
-0.235114;-0.323607;0;-0.000145379;-1.17489;0.0826658;-0.0061218
-0.231029;-0.326536;0;-0.000142771;-1.15533;0.0813013;-0.00602075
-0.226908;-0.329413;0;-0.000140098;-1.13533;0.0799031;-0.00591721
-0.22275;-0.332238;0;-0.000137257;-1.11411;0.0784172;-0.00580717
-0.218558;-0.335011;0;-0.000134359;-1.09247;0.0769012;-0.0056949
-0.214331;-0.337731;0;-0.000131432;-1.07063;0.0753704;-0.00558154
-0.21007;-0.340398;0;-0.000128505;-1.04878;0.073839;-0.00546813
-0.205776;-0.343011;0;-0.000125576;-1.02692;0.0723069;-0.00535467
-0.201449;-0.345569;0;-0.000122647;-1.00505;0.0707746;-0.0052412
-0.197091;-0.348074;0;-0.000119718;-0.983187;0.0692422;-0.00512772
-0.192701;-0.350523;0;-0.000116789;-0.961323;0.06771;-0.00501425
-0.188282;-0.352916;0;-0.000113861;-0.939466;0.0661783;-0.00490082
-0.183832;-0.355255;0;-0.000110934;-0.917619;0.0646472;-0.00478743
-0.179353;-0.357537;0;-0.000108009;-0.895784;0.063117;-0.00467411
-0.174846;-0.359762;0;-0.000105086;-0.873966;0.061588;-0.00456088
-0.170312;-0.361931;0;-0.000102055;-0.851422;0.0600028;-0.0044435
-0.16575;-0.364042;0;-9.89251e-05;-0.828142;0.0583655;-0.00432224
-0.161163;-0.366096;0;-9.57631e-05;-0.804624;0.0567114;-0.00419975
-0.156549;-0.368093;0;-9.2599e-05;-0.78109;0.0550562;-0.00407718
-0.151912;-0.370031;0;-8.94333e-05;-0.757545;0.0534002;-0.00395454
-0.14725;-0.371911;0;-8.62666e-05;-0.733993;0.0517437;-0.00383187
-0.142565;-0.373732;0;-8.30994e-05;-0.710436;0.0500869;-0.00370917
-0.137857;-0.375494;0;-7.99321e-05;-0.686879;0.0484301;-0.00358648
-0.133128;-0.377196;0;-7.67652e-05;-0.663325;0.0467735;-0.0034638
-0.128377;-0.378839;0;-7.35994e-05;-0.639778;0.0451174;-0.00334116
-0.123607;-0.380423;0;-7.0435e-05;-0.616242;0.0434621;-0.00321857
-0.118817;-0.381946;0;-6.72725e-05;-0.59272;0.0418077;-0.00309606
-0.114008;-0.383409;0;-6.41125e-05;-0.569217;0.0401547;-0.00297365
-0.109181;-0.384811;0;-6.09586e-05;-0.545762;0.0385049;-0.00285147
-0.104337;-0.386153;0;-5.76545e-05;-0.521248;0.0367765;-0.00272348
-0.099476;-0.387433;0;-5.43431e-05;-0.496679;0.0350444;-0.0025952
-0.0945996;-0.388653;0;-5.103e-05;-0.472096;0.0333113;-0.00246686
-0.0897083;-0.389811;0;-4.77155e-05;-0.447504;0.0315775;-0.00233846
-0.0848028;-0.390907;0;-4.44026e-05;-0.422922;0.0298445;-0.00221013
-0.079884;-0.391942;0;-4.10836e-05;-0.398295;0.0281083;-0.00208156
-0.0749525;-0.392915;0;-3.77624e-05;-0.37365;0.026371;-0.0019529
-0.0700092;-0.393826;0;-3.44417e-05;-0.34901;0.024634;-0.00182426
-0.0650549;-0.394674;0;-3.11219e-05;-0.324377;0.0228974;-0.00169566
-0.0600902;-0.395461;0;-2.78037e-05;-0.299755;0.0211617;-0.00156712
-0.0551161;-0.396185;0;-2.44876e-05;-0.275148;0.019427;-0.00143866
-0.0501333;-0.396846;0;-2.11409e-05;-0.250333;0.0176762;-0.00130901
-0.0451426;-0.397445;0;-1.77636e-05;-0.225301;0.0159096;-0.00117818
-0.0401447;-0.39798;0;-1.43845e-05;-0.200256;0.014142;-0.00104728
-0.0351405;-0.398453;0;-1.1004e-05;-0.1752;0.0123737;-0.000916329
-0.0301307;-0.398864;0;-7.62809e-06;-0.150178;0.0106078;-0.000785556
-0.0251162;-0.399211;0;-4.24431e-06;-0.125098;0.00883774;-0.000654477
-0.0200977;-0.399495;0;-8.6031e-07;-0.100016;0.00706759;-0.000523389
-0.0150761;-0.399716;0;2.52338e-06;-0.0749369;0.0052976;-0.000392313
-0.010052;-0.399874;0;5.90622e-06;-0.0498638;0.00352806;-0.000261269
-0.00502642;-0.399968;0;9.28769e-06;-0.024801;0.00175923;-0.000130279
-7.34788e-17;-0.4;0;1.26672e-05;0.000247645;-8.59414e-06;6.36437e-07
0.00502642;-0.399968;0;1.60202e-05;0.0251012;-0.00176255;0.000130525
0.010052;-0.399874;0;1.93867e-05;0.0500583;-0.00352358;0.000260938
0.0150761;-0.399716;0;2.27559e-05;0.0750361;-0.00528607;0.000391459
0.0200977;-0.399495;0;2.61274e-05;0.100031;-0.00704976;0.000522068
0.0251162;-0.399211;0;2.95007e-05;0.125038;-0.00881435;0.000652745
0.0301307;-0.398864;0;3.28751e-05;0.150055;-0.0105796;0.000783468
0.0351405;-0.398453;0;3.62502e-05;0.175076;-0.0123452;0.000914217
0.0401447;-0.39798;0;3.96255e-05;0.200099;-0.0141108;0.00104497
0.0451426;-0.397445;0;4.30004e-05;0.225119;-0.0158763;0.00117571
0.0501333;-0.396846;0;4.63743e-05;0.250131;-0.0176412;0.00130642
0.0551161;-0.396185;0;4.97309e-05;0.274981;-0.0193968;0.00143643
0.0600902;-0.395461;0;5.30991e-05;0.299918;-0.0211586;0.00156689
0.0650549;-0.394674;0;5.63787e-05;0.324254;-0.022874;0.00169393
0.0700092;-0.393826;0;5.97103e-05;0.348979;-0.0246166;0.00182298
0.0749525;-0.392915;0;6.30423e-05;0.373707;-0.0263595;0.00195204
0.079884;-0.391942;0;6.63741e-05;0.398433;-0.0281022;0.0020811
0.0848028;-0.390907;0;6.96329e-05;0.422615;-0.0298068;0.00220734
0.0897083;-0.389811;0;7.29172e-05;0.446988;-0.031525;0.00233457
0.0945996;-0.388653;0;7.62024e-05;0.471367;-0.0332436;0.00246184
0.099476;-0.387433;0;7.94879e-05;0.495749;-0.0349623;0.00258913
0.104337;-0.386153;0;8.27732e-05;0.52013;-0.036681;0.0027164
0.109181;-0.384811;0;8.60579e-05;0.544505;-0.0383994;0.00284366
0.114008;-0.383409;0;8.93414e-05;0.568872;-0.0401171;0.00297086
0.118817;-0.381946;0;9.24781e-05;0.592186;-0.0417579;0.00309237
0.123607;-0.380423;0;9.5651e-05;0.61579;-0.0434175;0.00321527
0.128377;-0.378839;0;9.88256e-05;0.639407;-0.0450781;0.00333825
0.133128;-0.377196;0;0.000102001;0.663032;-0.0467392;0.00346126
0.137857;-0.375494;0;0.000105178;0.686662;-0.0484007;0.0035843
0.142565;-0.373732;0;0.000108354;0.710294;-0.0500623;0.00370735
0.14725;-0.371911;0;0.000111531;0.733923;-0.0517237;0.00383039
0.151912;-0.370031;0;0.000114706;0.757546;-0.0533847;0.00395339
0.156549;-0.368093;0;0.00011788;0.781158;-0.0550449;0.00407634
0.161163;-0.366096;0;0.000121052;0.804757;-0.0567042;0.00419922
0.16575;-0.364042;0;0.000124222;0.828339;-0.0583623;0.00432201
0.170312;-0.361931;0;0.000127336;0.851509;-0.0599911;0.00444263
0.174846;-0.359762;0;0.000130362;0.874051;-0.0615742;0.00455987
0.179353;-0.357537;0;0.000133298;0.895971;-0.0631103;0.00467362
0.183832;-0.355255;0;0.000136237;0.917904;-0.0646473;0.00478744
0.188282;-0.352916;0;0.000139177;0.939849;-0.0661852;0.00490133
0.192701;-0.350523;0;0.000142118;0.961802;-0.0677235;0.00501525
0.197091;-0.348074;0;0.000145059;0.983758;-0.0692622;0.00512919
0.201449;-0.345569;0;0.000148001;1.00572;-0.0708008;0.00524314
0.205776;-0.343011;0;0.000150942;1.02767;-0.0723393;0.00535707
0.21007;-0.340398;0;0.000153882;1.04962;-0.0738774;0.00547097
0.214331;-0.337731;0;0.000156821;1.07156;-0.0754147;0.00558482
0.218558;-0.335011;0;0.000159759;1.09348;-0.0769512;0.0056986
0.22275;-0.332238;0;0.000162694;1.11539;-0.0784864;0.00581229
0.226908;-0.329413;0;0.000165507;1.13643;-0.0799582;0.00592129
0.231029;-0.326536;0;0.000168129;1.15609;-0.0813299;0.00602287
0.235114;-0.323607;0;0.000170754;1.17576;-0.0827027;0.00612453
0.239162;-0.320627;0;0.00017338;1.19545;-0.0840764;0.00622626
0.243172;-0.317596;0;0.000176007;1.21515;-0.0854509;0.00632804
0.247144;-0.314515;0;0.000178636;1.23485;-0.0868258;0.00642986
0.251077;-0.311385;0;0.000181265;1.25456;-0.088201;0.0065317
0.25497;-0.308205;0;0.000183894;1.27427;-0.0895762;0.00663354
0.258822;-0.304977;0;0.000186523;1.29398;-0.0909513;0.00673537
0.262634;-0.301701;0;0.000189151;1.31368;-0.0923259;0.00683717
0.266405;-0.298376;0;0.000191778;1.33338;-0.0937;0.00693893
0.270133;-0.295005;0;0.000194403;1.35306;-0.0950732;0.00704062
0.273819;-0.291587;0;0.000197026;1.37272;-0.0964454;0.00714224
0.277461;-0.288124;0;0.000199601;1.39203;-0.0977921;0.00724197
0.28106;-0.284614;0;0.000201914;1.40943;-0.0990023;0.00733159
0.284614;-0.28106;0;0.000204173;1.42644;-0.100184;0.00741908
0.288124;-0.277461;0;0.000206432;1.44346;-0.101366;0.00750662
0.291587;-0.273819;0;0.000208693;1.46048;-0.102548;0.00759419
0.295005;-0.270133;0;0.000210954;1.47751;-0.103731;0.00768178
0.298376;-0.266405;0;0.000213215;1.49454;-0.104914;0.00776937
0.301701;-0.262634;0;0.000215476;1.51157;-0.106096;0.00785695
0.304977;-0.258822;0;0.000217737;1.5286;-0.107279;0.00794451
0.308205;-0.25497;0;0.000219996;1.54561;-0.108461;0.00803203
0.311385;-0.251077;0;0.000222254;1.56262;-0.109642;0.0081195
0.314515;-0.247144;0;0.00022451;1.57961;-0.110822;0.0082069
0.317596;-0.243172;0;0.000226691;1.59605;-0.111963;0.00829136
0.320627;-0.239162;0;0.000228515;1.60985;-0.112917;0.00836205
0.323607;-0.235114;0;0.000230342;1.62366;-0.113872;0.00843279
0.326536;-0.231029;0;0.000232169;1.63749;-0.114828;0.00850359
0.329413;-0.226908;0;0.000233998;1.65132;-0.115785;0.00857442
0.332238;-0.22275;0;0.000235827;1.66516;-0.116742;0.00864527
0.335011;-0.218558;0;0.000237657;1.67899;-0.117699;0.00871614
0.337731;-0.214331;0;0.000239486;1.69283;-0.118656;0.00878701
0.340398;-0.21007;0;0.000241315;1.70667;-0.119613;0.00885788
0.343011;-0.205776;0;0.000243144;1.72051;-0.120569;0.00892872
0.345569;-0.201449;0;0.000244972;1.73433;-0.121525;0.00899954
0.348074;-0.197091;0;0.000246799;1.74815;-0.122481;0.00907031
0.350523;-0.192701;0;0.000248625;1.76196;-0.123436;0.00914103
0.352916;-0.188282;0;0.000250449;1.77576;-0.12439;0.00921168
0.355255;-0.183832;0;0.000252038;1.7878;-0.125221;0.00927322
0.357537;-0.179353;0;0.000253394;1.7981;-0.125931;0.00932575
0.359762;-0.174846;0;0.000254751;1.80841;-0.12664;0.00937831
0.361931;-0.170312;0;0.000256048;1.81826;-0.127319;0.00942856
0.364042;-0.16575;0;0.000257335;1.82803;-0.127993;0.00947845
0.366096;-0.161163;0;0.000258624;1.83781;-0.128667;0.00952837
0.368093;-0.156549;0;0.000259912;1.84758;-0.129341;0.00957829
0.370031;-0.151912;0;0.000261201;1.85736;-0.130015;0.0096282
0.371911;-0.14725;0;0.000262489;1.86713;-0.130689;0.00967811
0.373732;-0.142565;0;0.000263776;1.8769;-0.131362;0.009728
0.375494;-0.137857;0;0.000265063;1.88666;-0.132036;0.00977786
0.377196;-0.133128;0;0.000266349;1.89642;-0.132708;0.00982769
0.378839;-0.128377;0;0.000267629;1.90613;-0.133378;0.00987726
0.380423;-0.123607;0;0.000268782;1.91489;-0.133981;0.00992192
0.381946;-0.118817;0;0.000269615;1.92125;-0.134416;0.00995418
0.383409;-0.114008;0;0.000270449;1.92762;-0.134852;0.00998645
0.384811;-0.109181;0;0.000271283;1.93399;-0.135288;0.0100187
0.386153;-0.104337;0;0.000272074;1.94001;-0.135702;0.0100494
0.387433;-0.099476;0;0.000272787;1.94542;-0.136075;0.010077
0.388653;-0.0945996;0;0.0002735;1.95084;-0.136448;0.0101047
0.389811;-0.0897083;0;0.000274214;1.95625;-0.136822;0.0101323
0.390907;-0.0848028;0;0.000274927;1.96166;-0.137195;0.0101599
0.391942;-0.079884;0;0.00027564;1.96707;-0.137568;0.0101876
0.392915;-0.0749525;0;0.000276353;1.97249;-0.137941;0.0102152
0.393826;-0.0700092;0;0.000277065;1.97789;-0.138314;0.0102428
0.394674;-0.0650549;0;0.000277777;1.9833;-0.138687;0.0102704
0.395461;-0.0600902;0;0.000278489;1.9887;-0.139059;0.010298
0.396185;-0.0551161;0;0.00027892;1.99199;-0.139285;0.0103147
0.396846;-0.0501333;0;0.000279242;1.99445;-0.139453;0.0103272
0.397445;-0.0451426;0;0.000279564;1.99691;-0.139622;0.0103396
0.39798;-0.0401447;0;0.000279791;1.99864;-0.13974;0.0103484
0.398453;-0.0351405;0;0.000279939;1.99974;-0.139818;0.0103542
0.398864;-0.0301307;0;0.000280087;2.00084;-0.139895;0.0103599
0.399211;-0.0251162;0;0.000280234;2.00194;-0.139973;0.0103657
0.399495;-0.0200977;0;0.000280382;2.00304;-0.14005;0.0103714
0.399716;-0.0150761;0;0.00028053;2.00415;-0.140128;0.0103771
0.399874;-0.010052;0;0.000280678;2.00525;-0.140206;0.0103829
0.399968;-0.00502642;0;0.000280826;2.00635;-0.140283;0.0103886
