0.5;0;0;328.43067193646646729;1158.3390236590323639;329.45996348319312119;1158.5666124664996914
0.49901336421413577948;0.03139525976465668694;0;328.43067193646646729;1158.3390236590323639;329.45995048982371145;1158.5665639907554123
0.49605735065723893795;0.062666616782152129161;0;328.43067193646646729;1158.3390236590323639;329.45991585731781015;1158.5664363569446778
0.49114362536434436057;0.093690657292862314365;0;328.43067193646646729;1158.3390236590323639;329.45986426153257298;1158.5662453349093539
0.48429158056431553803;0.12434494358242739742;0;328.43067193646646729;1158.3390236590323639;329.45980279823322689;1158.5660148707718236
0.47552825814757676559;0.15450849718747369788;0;328.43067193646851365;1158.3390236590321365;329.4597400569855381;1158.565773998370787
0.46488824294412572913;0.18406227634233895962;0;328.43067193646646729;1158.3390236590323639;329.45968500494979025;1158.5655531143938788
0.45241352623300978841;0.212889645782536302;0;328.43067193646646729;1158.3390236590323639;329.4596458305271085;1158.565380115771859
0.43815334002193179197;0.24087683705085760622;0;328.43067193646851365;1158.3390236590321365;329.4596289009945167;1158.5652769132564117
0.42216396275100759317;0.26791339748949827282;0;328.43067193646646729;1158.3390236590323639;329.45963797159191699;1158.56525678003959
0.40450849718747372563;0.29389262614623651304;0;328.43067193646851365;1158.3390236590321365;329.45967374794685156;1158.5653228767914698
0.38525662138789468214;0.31871199487434481723;0;328.43067193646646729;1158.3390236590323639;329.45973385462167471;1158.5654681311573313
0.36448431371070583173;0.34227355296434425203;0;328.43067193646646729;1158.3390236590323639;329.45981320677242365;1158.5656764629236477
0.34227355296434441856;0.3644843137107056652;0;328.43067193646646729;1158.3390236590323639;329.45990472698071017;1158.5659251625586421
0.31871199487434492825;0.38525662138789451561;0;328.43067193646851365;1158.3390236590321365;329.46000030321454233;1158.56618807513928
0.29389262614623667957;0.40450849718747361461;0;328.43067193646646729;1158.3390236590323639;329.46009185233208427;1158.5664391363948198
0.26791339748949838384;0.42216396275100748214;0;328.43067193646646729;1158.3390236590323639;329.46017234139583252;1158.5666557659578757
0.24087683705085766173;0.43815334002193179197;0;328.43067193646646729;1158.3390236590323639;329.46023662719784397;1158.5668216514714004
0.21288964578253632975;0.45241352623300978841;0;328.43067193646646729;1158.3390236590323639;329.46028200208587577;1158.5669285501544437
0.18406227634233893187;0.46488824294412572913;0;328.43067193646646729;1158.3390236590323639;329.46030837707081673;1158.5669768795310119
0.15450849718747364236;0.4755282581475768211;0;328.43067193646646729;1158.3390236590323639;329.46031808545279773;1158.5669750441466022
0.12434494358242727252;0.48429158056431559354;0;328.43067193646646729;1158.3390236590323639;329.46031534438799326;1158.5669376261578236
0.093690657292862147831;0.49114362536434436057;0;328.43067193646646729;1158.3390236590323639;329.46030546030169717;1158.5668827286103806
0.062666616782151907117;0.49605735065723893795;0;328.43067193646646729;1158.3390236590323639;329.46029390001518777;1158.566828878216711
0.031395259764656430201;0.49901336421413577948;0;328.43067193646851365;1158.3390236590321365;329.46028536773917494;1158.5667919534446355
-3.0245073740886312578e-16;0.5;0;328.43067193646646729;1158.3390236590323639;329.46028302601126825;1158.5667825952775729
-0.031395259764657033885;0.49901336421413577948;0;328.43067193646646729;1158.3390236590323639;329.46028797666781429;1158.5668044839871982
-0.062666616782152503862;0.49605735065723888244;0;328.43067193646646729;1158.3390236590323639;329.46029907899196587;1158.5668537362216739
-0.093690657292862744576;0.49114362536434424955;0;328.43067193646646729;1158.3390236590323639;329.46031313205236302;1158.5669195113923706
-0.12434494358242785539;0.484291580564315427;0;328.43067193646646729;1158.3390236590323639;329.46032539422327545;1158.5669857383395538
-0.15450849718747419748;0.47552825814757659906;0;328.43067193646851365;1158.3390236590321365;329.46033036272990557;1158.567033707804967
-0.18406227634233951473;0.46488824294412550708;0;328.43067193646646729;1158.3390236590323639;329.46032269713253982;1158.5670451474170477
-0.21288964578253677384;0.45241352623300956637;0;328.43067193646646729;1158.3390236590323639;329.46029814868398944;1158.5670053217079385
-0.24087683705085810582;0.43815334002193151441;0;328.43067193646646729;1158.3390236590323639;329.46025435537563908;1158.5669056913197892
-0.26791339748949877242;0.42216396275100720459;0;328.43067193646851365;1158.3390236590321365;329.46019138080652056;1158.5667457245167498
-0.29389262614623706815;0.40450849718747333705;0;328.43067193646646729;1158.3390236590323639;329.46011191100990345;1158.5665335721871543
-0.31871199487434537234;0.38525662138789418254;0;328.43067193646646729;1158.3390236590323639;329.46002107171204898;1158.5662854784727642
-0.34227355296434486265;0.36448431371070527662;0;328.43067193646646729;1158.3390236590323639;329.45992588288294201;1158.5660239800329236
-0.36448431371070627582;0.34227355296434380794;0;328.43067193646646729;1158.3390236590323639;329.45983441949516646;1158.5657751224589447
-0.38525662138789512623;0.31871199487434426212;0;328.43067193646646729;1158.3390236590323639;329.4597547904837711;1158.5655650670400973
-0.40450849718747422523;0.29389262614623590242;0;328.43067193646646729;1158.3390236590323639;329.45969407538791529;1158.5654165543592171
-0.42216396275100803726;0.26791339748949755117;0;328.43067193646646729;1158.3390236590323639;329.45965736651510269;1158.5653457196458476
-0.43815334002193223606;0.24087683705085682906;0;328.43067193646646729;1158.3390236590323639;329.45964705208683654;1158.5653597131311017
-0.45241352623301017699;0.21288964578253544158;0;328.43067193646646729;1158.3390236590323639;329.45966244453478566;1158.5654554734351223
-0.46488824294412606219;0.18406227634233804369;0;328.43067193646646729;1158.3390236590323639;329.45969981170156871;1158.5656198463923374
-0.47552825814757709866;0.15450849718747269868;0;328.43067193646646729;1158.3390236590323639;329.45975281416224334;1158.565831058011554
-0.48429158056431581558;0.12434494358242632883;0;328.43067193646851365;1158.3390236590321365;329.45981329571702645;1158.5660613636453036
-0.49114362536434452711;0.093690657292861190264;0;328.43067193646851365;1158.3390236590321365;329.459872325235267;1158.5662805320910138
-0.49605735065723904897;0.062666616782150949549;0;328.43067193646646729;1158.3390236590323639;329.4599213524218726;1158.5664597056097591
-0.499013364214135835;0.031395259764655465695;0;328.43067193646851365;1158.3390236590321365;329.45995332332427097;1158.5665751221749815
-0.5;-1.2710352895928202744e-15;0;328.43067193646646729;1158.3390236590323639;329.45996360570325123;1158.5666112013238944
-0.49901336421413572397;-0.031395259764657998391;0;328.43067193646646729;1158.3390236590323639;329.45995059939559724;1158.5665625787053159
-0.49605735065723877142;-0.062666616782153475307;0;328.43067193646646729;1158.3390236590323639;329.45991594912754863;1158.5664348151817649
-0.49114362536434408302;-0.093690657292863688266;0;328.43067193646646729;1158.3390236590323639;329.45986433088478407;1158.5662436847997014
-0.48429158056431520496;-0.12434494358242879908;0;328.43067193646646729;1158.3390236590323639;329.45980284073840494;1158.5660131372558226
-0.4755282581475763215;-0.15450849718747511341;0;328.43067193646646729;1158.3390236590323639;329.45974006868988226;1158.5657722092255426
-0.46488824294412511851;-0.18406227634234040291;0;328.43067193646851365;1158.3390236590321365;329.45968498250391576;1158.5655512993928369
-0.45241352623300906677;-0.21288964578253774529;0;328.43067193646851365;1158.3390236590321365;329.45964577129791451;1158.5653783057625787
-0.43815334002193101481;-0.2408768370508590495;0;328.43067193646646729;1158.3390236590323639;329.45962880318489852;1158.5652751391894526
-0.42216396275100664948;-0.26791339748949971611;0;328.43067193646646729;1158.3390236590323639;329.45963783432057426;1158.5652550719944429
-0.40450849718747272643;-0.29389262614623795633;0;328.43067193646646729;1158.3390236590323639;329.45967357129484299;1158.5653212630274993
-0.38525662138789351641;-0.31871199487434620501;0;328.43067193646646729;1158.3390236590323639;329.45973363966953684;1158.565466637210875
-0.36448431371070455498;-0.3422735529643456398;0;328.43067193646646729;1158.3390236590323639;329.45981295559238333;1158.5656751108381286
-0.34227355296434297527;-0.36448431371070699747;0;328.43067193646851365;1158.3390236590321365;329.45990444258632124;1158.5659239701740262
-0.31871199487434342945;-0.38525662138789579236;0;328.43067193646646729;1158.3390236590323639;329.45999998949821475;1158.5661870555975383
-0.29389262614623518077;-0.40450849718747472483;0;328.43067193646646729;1158.3390236590323639;329.46009151395935532;1158.5664382977495279
-0.26791339748949705157;-0.42216396275100837032;0;328.43067193646646729;1158.3390236590323639;329.46017198366439516;1158.5666551110148248
-0.24087683705085646824;-0.4381533400219324581;0;328.43067193646646729;1158.3390236590323639;329.4602362558843538;1158.566821177772681
-0.21288964578253527504;-0.4524135262330102325;0;328.43067193646851365;1158.3390236590321365;329.46028162326217625;1158.5669282501955877
-0.18406227634233807144;-0.46488824294412606219;0;328.43067193646646729;1158.3390236590323639;329.46030799691413904;1158.5669767411259272
-0.15450849718747294848;-0.47552825814757704315;0;328.43067193646646729;1158.3390236590323639;329.460317710049992;1158.5669750509437108
-0.1243449435824267868;-0.48429158056431570456;0;328.43067193646646729;1158.3390236590323639;329.4603149795354966;1158.5669377583517416
-0.093690657292861884153;-0.49114362536434441608;0;328.43067193646646729;1158.3390236590323639;329.46030511130959439;1158.566882963711123
-0.062666616782151865483;-0.49605735065723893795;0;328.43067193646646729;1158.3390236590323639;329.46029357156078277;1158.5668291919469084
-0.031395259764656603674;-0.49901336421413577948;0;328.43067193646646729;1158.3390236590323639;329.46028506369378874;1158.5667923206738124
-9.1848509936051484375e-17;-0.5;0;328.43067193646646729;1158.3390236590323639;329.46028274934388946;1158.566782990981892
0.031395259764656416324;-0.49901336421413577948;0;328.43067193646851365;1158.3390236590321365;329.46028772935682127;1158.5668048841891959
0.062666616782151671194;-0.49605735065723899346;0;328.43067193646646729;1158.3390236590323639;329.46029886198778058;1158.5668541188813379
0.093690657292861703742;-0.4911436253643444716;0;328.43067193646646729;1158.3390236590323639;329.46031294528074795;1158.5669198572161349
0.12434494358242660639;-0.48429158056431576007;0;328.43067193646646729;1158.3390236590323639;329.4603252366202355;1158.5669860314671951
0.15450849718747278194;-0.47552825814757709866;0;328.43067193646646729;1158.3390236590323639;329.46033023231615289;1158.5670339363725816
0.18406227634233790491;-0.46488824294412611771;0;328.43067193646646729;1158.3390236590323639;329.46032259113241025;1158.5670453039822405
0.21288964578253510851;-0.45241352623301034352;0;328.43067193646646729;1158.3390236590323639;329.46029806365964987;1158.5670054034837904
0.2408768370508563017;-0.43815334002193251361;0;328.43067193646646729;1158.3390236590323639;329.46025428738306573;1158.5669057002414775
0.26791339748949688504;-0.42216396275100842583;0;328.43067193646646729;1158.3390236590323639;329.46019132558893716;1158.5667456671369564
0.29389262614623506975;-0.40450849718747483585;0;328.43067193646646729;1158.3390236590323639;329.46011186416063765;1158.5665334594168598
0.31871199487434326292;-0.38525662138789590339;0;328.43067193646646729;1158.3390236590323639;329.46002102887877072;1158.5662853251340039
0.34227355296434269771;-0.36448431371070727502;0;328.43067193646851365;1158.3390236590321365;329.45992583993040626;1158.5660238043060417
0.36448431371070411089;-0.34227355296434608389;0;328.43067193646646729;1158.3390236590323639;329.45983437268034777;1158.5657749451861491
0.38525662138789296129;-0.31871199487434687114;0;328.43067193646646729;1158.3390236590323639;329.45975473659609634;1158.5655649109323804
0.4045084971874720603;-0.293892626146238789;0;328.43067193646851365;1158.3390236590321365;329.45969401188443726;1158.5654164431564368
0.42216396275100598334;-0.26791339748950082633;0;328.43067193646646729;1158.3390236590323639;329.45965729160405999;1158.5653456772122354
0.43815334002193029317;-0.24087683705086038177;0;328.43067193646646729;1158.3390236590323639;329.4596469648187167;1158.5653597625432667
0.45241352623300834512;-0.21288964578253932736;0;328.43067193646646729;1158.3390236590323639;329.45966234481039692;1158.5654556361234881
0.46488824294412439686;-0.18406227634234223478;0;328.43067193646851365;1158.3390236590321365;329.45969970030921559;1158.5656201412732571
0.47552825814757565537;-0.15450849718747719508;0;328.43067193646646729;1158.3390236590323639;329.4597526927295803;1158.5658315007503916
0.48429158056431459434;-0.12434494358243111667;0;328.43067193646646729;1158.3390236590323639;329.45981316667490546;1158.566061966013649
0.49114362536434358342;-0.093690657292866269534;0;328.43067193646851365;1158.3390236590321365;329.45987219172747018;1158.5662813014080257
0.49605735065723838284;-0.062666616782156292498;0;328.43067193646646729;1158.3390236590323639;329.45992121821433329;1158.5664606444036053
0.49901336421413550193;-0.031395259764661065383;0;328.43067193646646729;1158.3390236590323639;329.45995319266791057;1158.5665762279497812
