0.5;0;0;328.43067193646646729;1158.3390236590323639;351.31359737501753671;1162.7266518514122708
0.49901336421413577948;0.03139525976465668694;0;328.43067193646646729;1158.3390236590323639;351.3133157355503613;1162.7255577365460795
0.49605735065723893795;0.062666616782152129161;0;328.43067193646646729;1158.3390236590323639;351.31250664066044465;1162.7224145928175858
0.49114362536434436057;0.093690657292862314365;0;328.43067193646646729;1158.3390236590323639;351.3112729087590651;1162.7176219305936229
0.48429158056431553803;0.12434494358242739742;0;328.43067193646646729;1158.3390236590323639;351.30977102378665222;1162.7117877383088853
0.47552825814757676559;0.15450849718747369788;0;328.43067193646851365;1158.3390236590321365;351.30819092350293431;1162.7056499083191738
0.46488824294412572913;0.18406227634233895962;0;328.43067193646646729;1158.3390236590323639;351.30673162118358732;1162.6999814978833001
0.45241352623300978841;0.212889645782536302;0;328.43067193646646729;1158.3390236590323639;351.30557592409849121;1162.6954925221832582
0.43815334002193179197;0.24087683705085760622;0;328.43067193646851365;1158.3390236590321365;351.30486761201007084;1162.6927413468272334
0.42216396275100759317;0.26791339748949827282;0;328.43067193646646729;1158.3390236590323639;351.30469407878558741;1162.6920673289123442
0.40450849718747372563;0.29389262614623651304;0;328.43067193646851365;1158.3390236590321365;351.30507667126352089;1162.6935533557903
0.38525662138789468214;0.31871199487434481723;0;328.43067193646646729;1158.3390236590323639;351.30596988983950268;1162.697022774488687
0.36448431371070583173;0.34227355296434425203;0;328.43067193646646729;1158.3390236590323639;351.30726939424880584;1162.702070473175354
0.34227355296434441856;0.3644843137107056652;0;328.43067193646646729;1158.3390236590323639;351.30882755544968177;1162.7081232254254246
0.31871199487434492825;0.38525662138789451561;0;328.43067193646851365;1158.3390236590321365;351.31047427773506797;1162.7145204786816066
0.29389262614623667957;0.40450849718747361461;0;328.43067193646646729;1158.3390236590323639;351.31204012409324378;1162.7206040974690495
0.26791339748949838384;0.42216396275100748214;0;328.43067193646646729;1158.3390236590323639;351.31337850724844429;1162.7258045203825532
0.24087683705085766173;0.43815334002193179197;0;328.43067193646646729;1158.3390236590323639;351.31438389326507377;1162.7297114927546318
0.21288964578253632975;0.45241352623300978841;0;328.43067193646646729;1158.3390236590323639;351.3150035751662017;1162.7321198853978785
0.18406227634233893187;0.46488824294412572913;0;328.43067193646646729;1158.3390236590323639;351.31524152132601557;1162.7330447659389847
0.15450849718747364236;0.4755282581475768211;0;328.43067193646646729;1158.3390236590323639;351.31515395122409018;1162.7327043324235092
0.12434494358242727252;0.48429158056431559354;0;328.43067193646646729;1158.3390236590323639;351.3148374756768817;1162.7314739186729184
0.093690657292862147831;0.49114362536434436057;0;328.43067193646646729;1158.3390236590323639;351.31441169164094163;1162.7298183851241902
0.062666616782151907117;0.49605735065723893795;0;328.43067193646646729;1158.3390236590323639;351.31399889487636301;1162.7282132365162397
0.031395259764656430201;0.49901336421413577948;0;328.43067193646851365;1158.3390236590321365;351.31370395904014003;1162.7270663309966494
-3.0245073740886312578e-16;0.5;0;328.43067193646646729;1158.3390236590323639;351.31359737498371487;1162.7266518513952178
-0.031395259764657033885;0.49901336421413577948;0;328.43067193646646729;1158.3390236590323639;351.31370395902933979;1162.7270663309927841
-0.062666616782152503862;0.49605735065723888244;0;328.43067193646646729;1158.3390236590323639;351.31399889485561516;1162.728213236508509
-0.093690657292862744576;0.49114362536434424955;0;328.43067193646646729;1158.3390236590323639;351.3144116916122357;1162.7298183851125941
-0.12434494358242785539;0.484291580564315427;0;328.43067193646646729;1158.3390236590323639;351.31483747563873976;1162.731473918657457
-0.15450849718747419748;0.47552825814757659906;0;328.43067193646851365;1158.3390236590321365;351.31515395117833123;1162.732704332403955
-0.18406227634233951473;0.46488824294412550708;0;328.43067193646646729;1158.3390236590323639;351.31524152127047955;1162.7330447659153378
-0.21288964578253677384;0.45241352623300956637;0;328.43067193646646729;1158.3390236590323639;351.31500357510219601;1162.7321198853696842
-0.24087683705085810582;0.43815334002193151441;0;328.43067193646646729;1158.3390236590323639;351.31438389319259841;1162.7297114927207531
-0.26791339748949877242;0.42216396275100720459;0;328.43067193646851365;1158.3390236590321365;351.31337850716852245;1162.7258045203457186
-0.29389262614623706815;0.40450849718747333705;0;328.43067193646646729;1158.3390236590323639;351.31204012400638703;1162.7206040974274401
-0.31871199487434537234;0.38525662138789418254;0;328.43067193646646729;1158.3390236590323639;351.31047427764127633;1162.7145204786347676
-0.34227355296434486265;0.36448431371070527662;0;328.43067193646646729;1158.3390236590323639;351.30882755535094475;1162.7081232253722192
-0.36448431371070627582;0.34227355296434380794;0;328.43067193646646729;1158.3390236590323639;351.30726939414444132;1162.7020704731162368
-0.38525662138789512623;0.31871199487434426212;0;328.43067193646646729;1158.3390236590323639;351.3059698897313865;1162.6970227744243402
-0.40450849718747422523;0.29389262614623590242;0;328.43067193646646729;1158.3390236590323639;351.30507667114983406;1162.693553355720951
-0.42216396275100803726;0.26791339748949755117;0;328.43067193646646729;1158.3390236590323639;351.30469407866974052;1162.6920673288364014
-0.43815334002193223606;0.24087683705085682906;0;328.43067193646646729;1158.3390236590323639;351.30486761189069966;1162.6927413467462884
-0.45241352623301017699;0.21288964578253544158;0;328.43067193646646729;1158.3390236590323639;351.30557592397758526;1162.6954925220961741
-0.46488824294412606219;0.18406227634233804369;0;328.43067193646646729;1158.3390236590323639;351.30673162106097607;1162.699981497790759
-0.47552825814757709866;0.15450849718747269868;0;328.43067193646646729;1158.3390236590323639;351.30819092337844722;1162.7056499082193568
-0.48429158056431581558;0.12434494358242632883;0;328.43067193646851365;1158.3390236590321365;351.30977102366210829;1162.7117877382045208
-0.49114362536434452711;0.093690657292861190264;0;328.43067193646851365;1158.3390236590321365;351.31127290863497592;1162.7176219304831193
-0.49605735065723904897;0.062666616782150949549;0;328.43067193646646729;1158.3390236590323639;351.31250664053646915;1162.72241459270208
-0.499013364214135835;0.031395259764655465695;0;328.43067193646851365;1158.3390236590321365;351.31331573542689739;1162.7255577364262535
-0.5;-1.2710352895928202744e-15;0;328.43067193646646729;1158.3390236590323639;351.31359737489458439;1162.7266518512883522
-0.49901336421413572397;-0.031395259764657998391;0;328.43067193646646729;1158.3390236590323639;351.31331573542320257;1162.7255577364203418
-0.49605735065723877142;-0.062666616782153475307;0;328.43067193646646729;1158.3390236590323639;351.31250664053095534;1162.7224145926904839
-0.49114362536434408302;-0.093690657292863688266;0;328.43067193646646729;1158.3390236590323639;351.31127290862718837;1162.7176219304653841
-0.48429158056431520496;-0.12434494358242879908;0;328.43067193646646729;1158.3390236590323639;351.30977102365181963;1162.7117877381808739
-0.4755282581475763215;-0.15450849718747511341;0;328.43067193646646729;1158.3390236590323639;351.30819092336588483;1162.7056499081897982
-0.46488824294412511851;-0.18406227634234040291;0;328.43067193646851365;1158.3390236590321365;351.3067316210468789;1162.6999814977561982
-0.45241352623300906677;-0.21288964578253774529;0;328.43067193646851365;1158.3390236590321365;351.30557592396007749;1162.6954925220566111
-0.43815334002193101481;-0.2408768370508590495;0;328.43067193646646729;1158.3390236590323639;351.30486761187012235;1162.6927413467021779
-0.42216396275100664948;-0.26791339748949971611;0;328.43067193646646729;1158.3390236590323639;351.30469407864637787;1162.6920673287888803
-0.40450849718747272643;-0.29389262614623795633;0;328.43067193646646729;1158.3390236590323639;351.30507667112271974;1162.6935533556684277
-0.38525662138789351641;-0.31871199487434620501;0;328.43067193646646729;1158.3390236590323639;351.30596988970108896;1162.6970227743697706
-0.36448431371070455498;-0.3422735529643456398;0;328.43067193646646729;1158.3390236590323639;351.30726939411016474;1162.7020704730593934
-0.34227355296434297527;-0.36448431371070699747;0;328.43067193646851365;1158.3390236590321365;351.30882755531439443;1162.708123225313102
-0.31871199487434342945;-0.38525662138789579236;0;328.43067193646646729;1158.3390236590323639;351.31047427760040591;1162.7145204785736041
-0.29389262614623518077;-0.40450849718747472483;0;328.43067193646646729;1158.3390236590323639;351.3120401239613102;1162.720604097366504
-0.26791339748949705157;-0.42216396275100837032;0;328.43067193646646729;1158.3390236590323639;351.31337850711940973;1162.725804520283873
-0.24087683705085646824;-0.4381533400219324581;0;328.43067193646646729;1158.3390236590323639;351.31438389313984771;1162.7297114926609538
-0.21288964578253527504;-0.4524135262330102325;0;328.43067193646851365;1158.3390236590321365;351.31500357504768317;1162.732119885310567
-0.18406227634233807144;-0.46488824294412606219;0;328.43067193646646729;1158.3390236590323639;351.31524152121158977;1162.7330447658571302
-0.15450849718747294848;-0.47552825814757704315;0;328.43067193646646729;1158.3390236590323639;351.31515395111489397;1162.732704332349158
-0.1243449435824267868;-0.48429158056431570456;0;328.43067193646646729;1158.3390236590323639;351.31483747557285824;1162.7314739186047063
-0.093690657292861884153;-0.49114362536434441608;0;328.43067193646646729;1158.3390236590323639;351.31441169154385307;1162.7298183850625719
-0.062666616782151865483;-0.49605735065723893795;0;328.43067193646646729;1158.3390236590323639;351.3139988947853567;1162.7282132364621248
-0.031395259764656603674;-0.49901336421413577948;0;328.43067193646646729;1158.3390236590323639;351.31370395895663705;1162.7270663309500378
-9.1848509936051484375e-17;-0.5;0;328.43067193646646729;1158.3390236590323639;351.31359737490890893;1162.726651851357019
0.031395259764656416324;-0.49901336421413577948;0;328.43067193646851365;1158.3390236590321365;351.31370395896306036;1162.7270663309627707
0.062666616782151671194;-0.49605735065723899346;0;328.43067193646646729;1158.3390236590323639;351.3139988947970096;1162.7282132364864538
0.093690657292861703742;-0.4911436253643444716;0;328.43067193646646729;1158.3390236590323639;351.31441169156306614;1162.7298183850980422
0.12434494358242660639;-0.48429158056431576007;0;328.43067193646646729;1158.3390236590323639;351.31483747559832409;1162.7314739186515453
0.15450849718747278194;-0.47552825814757709866;0;328.43067193646646729;1158.3390236590323639;351.31515395114740841;1162.7327043324064562
0.18406227634233790491;-0.46488824294412611771;0;328.43067193646646729;1158.3390236590323639;351.31524152125018645;1162.7330447659267065
0.21288964578253510851;-0.45241352623301034352;0;328.43067193646646729;1158.3390236590323639;351.31500357509185051;1162.7321198853896931
0.2408768370508563017;-0.43815334002193251361;0;328.43067193646646729;1158.3390236590323639;351.31438389319174576;1162.7297114927500843
0.26791339748949688504;-0.42216396275100842583;0;328.43067193646646729;1158.3390236590323639;351.31337850717756055;1162.7258045203820984
0.29389262614623506975;-0.40450849718747483585;0;328.43067193646646729;1158.3390236590323639;351.3120401240238948;1162.7206040974713233
0.31871199487434326292;-0.38525662138789590339;0;328.43067193646646729;1158.3390236590323639;351.3104742776696412;1162.7145204786866088
0.34227355296434269771;-0.36448431371070727502;0;328.43067193646851365;1158.3390236590321365;351.30882755538834772;1162.7081232254327006
0.36448431371070411089;-0.34227355296434608389;0;328.43067193646646729;1158.3390236590323639;351.30726939419054133;1162.7020704731833121
0.38525662138789296129;-0.31871199487434687114;0;328.43067193646646729;1158.3390236590323639;351.30596988978555828;1162.6970227744984641
0.4045084971874720603;-0.293892626146238789;0;328.43067193646851365;1158.3390236590321365;351.30507667121361237;1162.6935533558016687
0.42216396275100598334;-0.26791339748950082633;0;328.43067193646646729;1158.3390236590323639;351.30469407874016952;1162.6920673289234855
0.43815334002193029317;-0.24087683705086038177;0;328.43067193646646729;1158.3390236590323639;351.30486761196891621;1162.6927413468383747
0.45241352623300834512;-0.21288964578253932736;0;328.43067193646646729;1158.3390236590323639;351.30557592406296408;1162.6954925221939448
0.46488824294412439686;-0.18406227634234223478;0;328.43067193646851365;1158.3390236590321365;351.30673162115368768;1162.6999814978939867
0.47552825814757565537;-0.15450849718747719508;0;328.43067193646646729;1158.3390236590323639;351.30819092347633159;1162.7056499083284962
0.48429158056431459434;-0.12434494358243111667;0;328.43067193646646729;1158.3390236590323639;351.30977102376596122;1162.7117877383168434
0.49114362536434358342;-0.093690657292866269534;0;328.43067193646851365;1158.3390236590321365;351.31127290874405844;1162.7176219305990799
0.49605735065723838284;-0.062666616782156292498;0;328.43067193646646729;1158.3390236590323639;351.31250664065055389;1162.7224145928223606
0.49901336421413550193;-0.031395259764661065383;0;328.43067193646646729;1158.3390236590323639;351.31331573554507486;1162.7255577365474437
