0.5;0;0;328.43067193646646729;1158.3390236590323639;328.4994965211784006;1158.3554595387131485
0.49901336421413577948;0.03139525976465668694;0;328.43067193646646729;1158.3390236590323639;328.49950827438163969;1158.3554706388188151
0.49605735065723893795;0.062666616782152129161;0;328.43067193646646729;1158.3390236590323639;328.49951853957685444;1158.3554767000400716
0.49114362536434436057;0.093690657292862314365;0;328.43067193646646729;1158.3390236590323639;328.49952692847170965;1158.3554790100818082
0.48429158056431553803;0.12434494358242739742;0;328.43067193646646729;1158.3390236590323639;328.49953327707686412;1158.3554796282342068
0.47552825814757676559;0.15450849718747369788;0;328.43067193646851365;1158.3390236590321365;328.49953759726179214;1158.3554811031003737
0.46488824294412572913;0.18406227634233895962;0;328.43067193646646729;1158.3390236590323639;328.49954000947843724;1158.3554861309396529
0.45241352623300978841;0.212889645782536302;0;328.43067193646646729;1158.3390236590323639;328.49954067015414694;1158.3554971989544811
0.43815334002193179197;0.24087683705085760622;0;328.43067193646851365;1158.3390236590321365;328.49953970734520681;1158.355516258963462
0.42216396275100759317;0.26791339748949827282;0;328.43067193646646729;1158.3390236590323639;328.49953717640357809;1158.3555444720391279
0.40450849718747372563;0.29389262614623651304;0;328.43067193646851365;1158.3390236590321365;328.49953304343750915;1158.3555820551375746
0.38525662138789468214;0.31871199487434481723;0;328.43067193646646729;1158.3390236590323639;328.49952719923635414;1158.3556282464066953
0.36448431371070583173;0.34227355296434425203;0;328.43067193646646729;1158.3390236590323639;328.49951950114456167;1158.3556813896884705
0.34227355296434441856;0.3644843137107056652;0;328.43067193646646729;1158.3390236590323639;328.49950983493516787;1158.3557391239480694
0.31871199487434492825;0.38525662138789451561;0;328.43067193646851365;1158.3390236590321365;328.49949914440793464;1158.3558000153468583
0.29389262614623667957;0.40450849718747361461;0;328.43067193646646729;1158.3390236590323639;328.49948582908916705;1158.3558565412333792
0.26791339748949838384;0.42216396275100748214;0;328.43067193646646729;1158.3390236590323639;328.49947026062824307;1158.3559084288190206
0.24087683705085766173;0.43815334002193179197;0;328.43067193646646729;1158.3390236590323639;328.4994533891709807;1158.3559546885401232
0.21288964578253632975;0.45241352623300978841;0;328.43067193646646729;1158.3390236590323639;328.49943645647243784;1158.3559941270807485
0.18406227634233893187;0.46488824294412572913;0;328.43067193646646729;1158.3390236590323639;328.49942078432053449;1158.3560257388605805
0.15450849718747364236;0.4755282581475768211;0;328.43067193646646729;1158.3390236590323639;328.49940761845721227;1158.3560489447070267
0.12434494358242727252;0.48429158056431559354;0;328.43067193646646729;1158.3390236590323639;328.49939801313979615;1158.3560636736215201
0.093690657292862147831;0.49114362536434436057;0;328.43067193646646729;1158.3390236590323639;328.49939274798083488;1158.3560703083117005
0.062666616782151907117;0.49605735065723893795;0;328.43067193646646729;1158.3390236590323639;328.49939227287967469;1158.3560695345286149
0.031395259764656430201;0.49901336421413577948;0;328.43067193646851365;1158.3390236590321365;328.49939667990923908;1158.3560621451158568
-3.0245073740886312578e-16;0.5;0;328.43067193646646729;1158.3390236590323639;328.49940570181115618;1158.3560488510950108
-0.031395259764657033885;0.49901336421413577948;0;328.43067193646646729;1158.3390236590323639;328.49941873599357223;1158.3560301442707896
-0.062666616782152503862;0.49605735065723888244;0;328.43067193646646729;1158.3390236590323639;328.49943489101468685;1158.3560062407912028
-0.093690657292862744576;0.49114362536434424955;0;328.43067193646646729;1158.3390236590323639;328.49945305072816382;1158.3559771150250981
-0.12434494358242785539;0.484291580564315427;0;328.43067193646646729;1158.3390236590323639;328.49947194964312303;1158.3559426125525533
-0.15450849718747419748;0.47552825814757659906;0;328.43067193646851365;1158.3390236590321365;328.49949025280227488;1158.3559026126051776
-0.18406227634233951473;0.46488824294412550708;0;328.43067193646646729;1158.3390236590323639;328.49950663567392439;1158.3558571979428962
-0.21288964578253677384;0.45241352623300956637;0;328.43067193646646729;1158.3390236590323639;328.49951986290017203;1158.3558067853891771
-0.24087683705085810582;0.43815334002193151441;0;328.43067193646646729;1158.3390236590323639;328.49952887113346378;1158.3557521743261987
-0.26791339748949877242;0.42216396275100720459;0;328.43067193646851365;1158.3390236590321365;328.49953286861409651;1158.3556944824583752
-0.29389262614623706815;0.40450849718747333705;0;328.43067193646646729;1158.3390236590323639;328.49953147203621029;1158.3556349562556989
-0.31871199487434537234;0.38525662138789418254;0;328.43067193646646729;1158.3390236590323639;328.49952490801763361;1158.3555746643305611
-0.34227355296434486265;0.36448431371070527662;0;328.43067193646646729;1158.3390236590323639;328.49951431018934045;1158.3555141026170077
-0.36448431371070627582;0.34227355296434380794;0;328.43067193646646729;1158.3390236590323639;328.4995020707441995;1158.3554604319829195
-0.38525662138789512623;0.31871199487434426212;0;328.43067193646646729;1158.3390236590323639;328.49948860999194267;1158.3554155965273367
-0.40450849718747422523;0.29389262614623590242;0;328.43067193646646729;1158.3390236590323639;328.49947521684913454;1158.3553819740873223
-0.42216396275100803726;0.26791339748949755117;0;328.43067193646646729;1158.3390236590323639;328.49946305179958017;1158.3553611788834132
-0.43815334002193223606;0.24087683705085682906;0;328.43067193646646729;1158.3390236590323639;328.49945303404933838;1158.355353852228518
-0.45241352623301017699;0.21288964578253544158;0;328.43067193646646729;1158.3390236590323639;328.49944576678410613;1158.3553595578114255
-0.46488824294412606219;0.18406227634233804369;0;328.43067193646646729;1158.3390236590323639;328.49944150901973217;1158.3553768000613218
-0.47552825814757709866;0.15450849718747269868;0;328.43067193646646729;1158.3390236590323639;328.49944019596159706;1158.3554031678540923
-0.48429158056431581558;0.12434494358242632883;0;328.43067193646851365;1158.3390236590321365;328.4994415030130881;1158.3554355891778869
-0.49114362536434452711;0.093690657292861190264;0;328.43067193646851365;1158.3390236590321365;328.49944494282749474;1158.3554706679337869
-0.49605735065723904897;0.062666616782150949549;0;328.43067193646646729;1158.3390236590323639;328.49944997965906168;1158.355505061535041
-0.499013364214135835;0.031395259764655465695;0;328.43067193646851365;1158.3390236590321365;328.49945614361183743;1158.355535853094807
-0.5;-1.2710352895928202744e-15;0;328.43067193646646729;1158.3390236590323639;328.49946312717321462;1158.3555608713529637
-0.49901336421413572397;-0.031395259764657998391;0;328.43067193646646729;1158.3390236590323639;328.49947084956539811;1158.3555789183228626
-0.49605735065723877142;-0.062666616782153475307;0;328.43067193646646729;1158.3390236590323639;328.49947947902649048;1158.3555898764309404
-0.49114362536434408302;-0.093690657292863688266;0;328.43067193646646729;1158.3390236590323639;328.49948940964662825;1158.3555946828064407
-0.48429158056431520496;-0.12434494358242879908;0;328.43067193646646729;1158.3390236590323639;328.49950119610230104;1158.3555951753892259
-0.4755282581475763215;-0.15450849718747511341;0;328.43067193646646729;1158.3390236590323639;328.49951545581399159;1158.355593832307477
-0.46488824294412511851;-0.18406227634234040291;0;328.43067193646851365;1158.3390236590321365;328.49953275297684741;1158.3555934395692475
-0.45241352623300906677;-0.21288964578253774529;0;328.43067193646851365;1158.3390236590321365;328.49955348162717428;1158.3555967305321701
-0.43815334002193101481;-0.2408768370508590495;0;328.43067193646646729;1158.3390236590323639;328.49957776512854934;1158.3556060432313188
-0.42216396275100664948;-0.26791339748949971611;0;328.43067193646646729;1158.3390236590323639;328.49960538729851578;1158.355623038313297
-0.40450849718747272643;-0.29389262614623795633;0;328.43067193646646729;1158.3390236590323639;328.49963576600629267;1158.3556485107608296
-0.38525662138789351641;-0.31871199487434620501;0;328.43067193646646729;1158.3390236590323639;328.49966797421603815;1158.3556823151195658
-0.36448431371070455498;-0.3422735529643456398;0;328.43067193646646729;1158.3390236590323639;328.49970080690860641;1158.3557234083909862
-0.34227355296434297527;-0.36448431371070699747;0;328.43067193646851365;1158.3390236590321365;328.4997328860131347;1158.3557699989648881
-0.31871199487434342945;-0.38525662138789579236;0;328.43067193646646729;1158.3390236590323639;328.49976365807106049;1158.3558202271019582
-0.29389262614623518077;-0.40450849718747472483;0;328.43067193646646729;1158.3390236590323639;328.49978917056267846;1158.355871304474249
-0.26791339748949705157;-0.42216396275100837032;0;328.43067193646646729;1158.3390236590323639;328.49980896379946671;1158.3559208417068476
-0.24087683705085646824;-0.4381533400219324581;0;328.43067193646646729;1158.3390236590323639;328.49982315782699516;1158.3559664963620435
-0.21288964578253527504;-0.4524135262330102325;0;328.43067193646851365;1158.3390236590321365;328.49983214125751374;1158.3560062713124807
-0.18406227634233807144;-0.46488824294412606219;0;328.43067193646646729;1158.3390236590323639;328.49983640113362071;1158.3560387234351765
-0.15450849718747294848;-0.47552825814757704315;0;328.43067193646646729;1158.3390236590323639;328.4998364476677466;1158.3560630618371761
-0.1243449435824267868;-0.48429158056431570456;0;328.43067193646646729;1158.3390236590323639;328.49983279379409851;1158.3560791313425398
-0.093690657292861884153;-0.49114362536434441608;0;328.43067193646646729;1158.3390236590323639;328.49982595864941004;1158.3560872943310187
-0.062666616782151865483;-0.49605735065723893795;0;328.43067193646646729;1158.3390236590323639;328.49981647395742357;1158.3560882397810019
-0.031395259764656603674;-0.49901336421413577948;0;328.43067193646646729;1158.3390236590323639;328.49980488111816612;1158.3560827592539226
-9.1848509936051484375e-17;-0.5;0;328.43067193646646729;1158.3390236590323639;328.49979171384580923;1158.3560715336307112
0.031395259764656416324;-0.49901336421413577948;0;328.43067193646851365;1158.3390236590321365;328.4997774660684513;1158.3560549716276
0.062666616782151671194;-0.49605735065723899346;0;328.43067193646646729;1158.3390236590323639;328.49976254813640253;1158.356033131179629
0.093690657292861703742;-0.4911436253643444716;0;328.43067193646646729;1158.3390236590323639;328.49974723685346589;1158.3560057397628498
0.12434494358242660639;-0.48429158056431576007;0;328.43067193646646729;1158.3390236590323639;328.49973162692236883;1158.3559723116461555
0.15450849718747278194;-0.47552825814757709866;0;328.43067193646646729;1158.3390236590323639;328.49971559420367839;1158.3559323423319256
0.18406227634233790491;-0.46488824294412611771;0;328.43067193646646729;1158.3390236590323639;328.49969878464793283;1158.3558855442167896
0.21288964578253510851;-0.45241352623301034352;0;328.43067193646646729;1158.3390236590323639;328.49968064681831947;1158.3558320779386577
0.2408768370508563017;-0.43815334002193251361;0;328.43067193646646729;1158.3390236590323639;328.49966053055987913;1158.3557727278096081
0.26791339748949688504;-0.42216396275100842583;0;328.43067193646646729;1158.3390236590323639;328.49963787805512538;1158.3557089730807093
0.29389262614623506975;-0.40450849718747483585;0;328.43067193646646729;1158.3390236590323639;328.49961253567494168;1158.3556429144719004
0.31871199487434326292;-0.38525662138789590339;0;328.43067193646646729;1158.3390236590323639;328.49958521407097578;1158.355577028872176
0.34227355296434269771;-0.36448431371070727502;0;328.43067193646851365;1158.3390236590321365;328.49955811859126698;1158.3555137414612091
0.36448431371070411089;-0.34227355296434608389;0;328.43067193646646729;1158.3390236590323639;328.49953125922741037;1158.3554556254448471
0.38525662138789296129;-0.31871199487434687114;0;328.43067193646646729;1158.3390236590323639;328.49950621184814281;1158.3554060687240508
0.4045084971874720603;-0.293892626146238789;0;328.43067193646851365;1158.3390236590321365;328.4994841591661725;1158.35536726904229
0.42216396275100598334;-0.26791339748950082633;0;328.43067193646646729;1158.3390236590323639;328.4994661297267271;1158.3553406498135701
0.43815334002193029317;-0.24087683705086038177;0;328.43067193646646729;1158.3390236590323639;328.49945288556233436;1158.3553266856122264
0.45241352623300834512;-0.21288964578253932736;0;328.43067193646646729;1158.3390236590323639;328.49944484053901306;1158.3553248318742135
0.46488824294412439686;-0.18406227634234223478;0;328.43067193646851365;1158.3390236590321365;328.4994420196648548;1158.3553335728981892
0.47552825814757565537;-0.15450849718747719508;0;328.43067193646646729;1158.3390236590323639;328.49944406394763519;1158.3553505864501858
0.48429158056431459434;-0.12434494358243111667;0;328.43067193646646729;1158.3390236590323639;328.4994502791494142;1158.3553730077369437
0.49114362536434358342;-0.093690657292866269534;0;328.43067193646851365;1158.3390236590321365;328.49945972063949284;1158.3553977623171249
0.49605735065723838284;-0.062666616782156292498;0;328.43067193646646729;1158.3390236590323639;328.499471301925837;1158.3554219263673986
0.49901336421413550193;-0.031395259764661065383;0;328.43067193646646729;1158.3390236590323639;328.49948391137303361;1158.3554430699055047
