0.5;0;0;328.43067193646646729;1158.3390236590323639;328.4630434104028609;1158.3493394278607411
0.49901336421413577948;0.03139525976465668694;0;328.43067193646646729;1158.3390236590323639;328.4630553648293585;1158.3493183777773083
0.49605735065723893795;0.062666616782152129161;0;328.43067193646646729;1158.3390236590323639;328.46305720968899777;1158.3492933112208902
0.49114362536434436057;0.093690657292862314365;0;328.43067193646646729;1158.3390236590323639;328.46305070748150001;1158.3492650725720523
0.48429158056431553803;0.12434494358242739742;0;328.43067193646646729;1158.3390236590323639;328.46303912040673367;1158.3492342426247887
0.47552825814757676559;0.15450849718747369788;0;328.43067193646851365;1158.3390236590321365;328.46302685195820459;1158.349200993992099
0.46488824294412572913;0.18406227634233895962;0;328.43067193646646729;1158.3390236590323639;328.46301898622095905;1158.3491649563907231
0.45241352623300978841;0.212889645782536302;0;328.43067193646646729;1158.3390236590323639;328.4630207746955648;1158.3491251264804305
0.43815334002193179197;0.24087683705085760622;0;328.43067193646851365;1158.3390236590321365;328.46303712316392875;1158.3490798530876873
0.42216396275100759317;0.26791339748949827282;0;328.43067193646646729;1158.3390236590323639;328.46307212860426716;1158.3490269204999095
0.40450849718747372563;0.29389262614623651304;0;328.43067193646851365;1158.3390236590321365;328.46312870711687992;1158.3489637397703973
0.38525662138789468214;0.31871199487434481723;0;328.43067193646646729;1158.3390236590323639;328.46320834145495837;1158.3488876406870531
0.36448431371070583173;0.34227355296434425203;0;328.43067193646646729;1158.3390236590323639;328.46331096189345544;1158.3487962419717405
0.34227355296434441856;0.3644843137107056652;0;328.43067193646646729;1158.3390236590323639;328.46343495918483768;1158.3486878605685888
0.31871199487434492825;0.38525662138789451561;0;328.43067193646851365;1158.3390236590321365;328.46357710562165266;1158.3485619378282081
0.29389262614623667957;0.40450849718747361461;0;328.43067193646646729;1158.3390236590323639;328.46373467429594939;1158.3484197757236416
0.26791339748949838384;0.42216396275100748214;0;328.43067193646646729;1158.3390236590323639;328.46390145063867294;1158.3482637287402213
0.24087683705085766173;0.43815334002193179197;0;328.43067193646646729;1158.3390236590323639;328.46407122442656146;1158.3480977365252329
0.21288964578253632975;0.45241352623300978841;0;328.43067193646646729;1158.3390236590323639;328.46423790816959354;1158.3479273959883358
0.18406227634233893187;0.46488824294412572913;0;328.43067193646646729;1158.3390236590323639;328.46439567547548677;1158.3477597732446611
0.15450849718747364236;0.4755282581475768211;0;328.43067193646646729;1158.3390236590323639;328.46453910716013525;1158.347602982267972
0.12434494358242727252;0.48429158056431559354;0;328.43067193646646729;1158.3390236590323639;328.46466333497227197;1158.347465582533232
0.093690657292862147831;0.49114362536434436057;0;328.43067193646646729;1158.3390236590323639;328.46476417468073805;1158.3473558666078134
0.062666616782151907117;0.49605735065723893795;0;328.43067193646646729;1158.3390236590323639;328.46483824195689749;1158.3472811213716795
0.031395259764656430201;0.49901336421413577948;0;328.43067193646851365;1158.3390236590321365;328.46488304596863372;1158.3472469470748365
-3.0245073740886312578e-16;0.5;0;328.43067193646646729;1158.3390236590323639;328.4648970567529318;1158.3472567132296263
-0.031395259764657033885;0.49901336421413577948;0;328.43067193646646729;1158.3390236590323639;328.4648797439840564;1158.3473112143158232
-0.062666616782152503862;0.49605735065723888244;0;328.43067193646646729;1158.3390236590323639;328.46483158603848551;1158.347408565625301
-0.093690657292862744576;0.49114362536434424955;0;328.43067193646646729;1158.3390236590323639;328.46475405028076011;1158.3475443539430216
-0.12434494358242785539;0.484291580564315427;0;328.43067193646646729;1158.3390236590323639;328.46464954724405061;1158.3477120279678729
-0.15450849718747419748;0.47552825814757659906;0;328.43067193646851365;1158.3390236590321365;328.46452136343395978;1158.3479034867280006
-0.18406227634233951473;0.46488824294412550708;0;328.43067193646646729;1158.3390236590323639;328.4643735790546657;1158.3481098003883289
-0.21288964578253677384;0.45241352623300956637;0;328.43067193646646729;1158.3390236590323639;328.46421097822172896;1158.3483219809381808
-0.24087683705085810582;0.43815334002193151441;0;328.43067193646646729;1158.3390236590323639;328.46403895960520458;1158.3485317110018968
-0.26791339748949877242;0.42216396275100720459;0;328.43067193646851365;1158.3390236590321365;328.46386345514758887;1158.3487319396838302
-0.29389262614623706815;0.40450849718747333705;0;328.43067193646646729;1158.3390236590323639;328.4636908630265566;1158.3489172636238891
-0.31871199487434537234;0.38525662138789418254;0;328.43067193646646729;1158.3390236590323639;328.46352799891371887;1158.3490840298341027
-0.34227355296434486265;0.36448431371070527662;0;328.43067193646646729;1158.3390236590323639;328.46338206633583923;1158.3492301228714041
-0.36448431371070627582;0.34227355296434380794;0;328.43067193646646729;1158.3390236590323639;328.46325491686633313;1158.3493536750522708
-0.38525662138789512623;0.31871199487434426212;0;328.43067193646646729;1158.3390236590323639;328.46314998660164974;1158.3494558955128468
-0.40450849718747422523;0.29389262614623590242;0;328.43067193646646729;1158.3390236590323639;328.46306891614523238;1158.3495388658868706
-0.42216396275100803726;0.26791339748949755117;0;328.43067193646646729;1158.3390236590323639;328.46301173774804738;1158.3496053958197081
-0.43815334002193223606;0.24087683705085682906;0;328.43067193646646729;1158.3390236590323639;328.46297686171152463;1158.3496585923328439
-0.45241352623301017699;0.21288964578253544158;0;328.43067193646646729;1158.3390236590323639;328.4629612005850845;1158.3497014705928905
-0.46488824294412606219;0.18406227634233804369;0;328.43067193646646729;1158.3390236590323639;328.4629604320348335;1158.3497366446829346
-0.47552825814757709866;0.15450849718747269868;0;328.43067193646646729;1158.3390236590323639;328.46296938574835167;1158.349766122542178
-0.48429158056431581558;0.12434494358242632883;0;328.43067193646851365;1158.3390236590321365;328.46298252475639856;1158.3497912125358198
-0.49114362536434452711;0.093690657292861190264;0;328.43067193646851365;1158.3390236590321365;328.46299447856364395;1158.3498125322278156
-0.49605735065723904897;0.062666616782150949549;0;328.43067193646646729;1158.3390236590323639;328.46300057696447539;1158.3498300970579749
-0.499013364214135835;0.031395259764655465695;0;328.43067193646851365;1158.3390236590321365;328.46299733031867163;1158.3498434580869798
-0.5;-1.2710352895928202744e-15;0;328.43067193646646729;1158.3390236590323639;328.46298280530220381;1158.349851853026621
-0.49901336421413572397;-0.031395259764657998391;0;328.43067193646646729;1158.3390236590323639;328.46295685506555628;1158.3498543404107295
-0.49605735065723877142;-0.062666616782153475307;0;328.43067193646646729;1158.3390236590323639;328.46292117702068936;1158.3498498918681889
-0.49114362536434408302;-0.093690657292863688266;0;328.43067193646646729;1158.3390236590323639;328.46287919029595059;1158.349837431287142
-0.48429158056431520496;-0.12434494358242879908;0;328.43067193646646729;1158.3390236590323639;328.46283574404031924;1158.3498158221307222
-0.4755282581475763215;-0.15450849718747511341;0;328.43067193646646729;1158.3390236590323639;328.46279668586674916;1158.3497838171574585
-0.46488824294412511851;-0.18406227634234040291;0;328.43067193646851365;1158.3390236590321365;328.46276833474814794;1158.3497399950113049
-0.45241352623300906677;-0.21288964578253774529;0;328.43067193646851365;1158.3390236590321365;328.46275691140988329;1158.3496827132466933
-0.43815334002193101481;-0.2408768370508590495;0;328.43067193646646729;1158.3390236590323639;328.46276798244957718;1158.3496101074397302
-0.42216396275100664948;-0.26791339748949971611;0;328.43067193646646729;1158.3390236590323639;328.46280597043084981;1158.3495201600248947
-0.40450849718747272643;-0.29389262614623795633;0;328.43067193646646729;1158.3390236590323639;328.4628737729817658;1158.3494108518873418
-0.38525662138789351641;-0.31871199487434620501;0;328.43067193646646729;1158.3390236590323639;328.46297251942462481;1158.3492803953279235
-0.36448431371070455498;-0.3422735529643456398;0;328.43067193646646729;1158.3390236590323639;328.46310147852966566;1158.349127531997965
-0.34227355296434297527;-0.36448431371070699747;0;328.43067193646851365;1158.3390236590321365;328.46325811321310084;1158.3489518650708305
-0.31871199487434342945;-0.38525662138789579236;0;328.43067193646646729;1158.3390236590323639;328.46343734746517384;1158.3487534853675243
-0.29389262614623518077;-0.40450849718747472483;0;328.43067193646646729;1158.3390236590323639;328.46363725027254077;1158.3485368354424736
-0.26791339748949705157;-0.42216396275100837032;0;328.43067193646646729;1158.3390236590323639;328.46384902814537554;1158.348305068162972
-0.24087683705085646824;-0.4381533400219324581;0;328.43067193646646729;1158.3390236590323639;328.46406451638074486;1158.3480629179514381
-0.21288964578253527504;-0.4524135262330102325;0;328.43067193646851365;1158.3390236590321365;328.46427614161399333;1158.3478168430638107
-0.18406227634233807144;-0.46488824294412606219;0;328.43067193646646729;1158.3390236590323639;328.46447691910714184;1158.3475748532437137
-0.15450849718747294848;-0.47552825814757704315;0;328.43067193646646729;1158.3390236590323639;328.46466048606339427;1158.3473460673703812
-0.1243449435824267868;-0.48429158056431570456;0;328.43067193646646729;1158.3390236590323639;328.46482116655869277;1158.3471400696121236
-0.093690657292861884153;-0.49114362536434441608;0;328.43067193646646729;1158.3390236590323639;328.46495405953720592;1158.3469661489102691
-0.062666616782151865483;-0.49605735065723893795;0;328.43067193646646729;1158.3390236590323639;328.4650551385863082;1158.3468325140443085
-0.031395259764656603674;-0.49901336421413577948;0;328.43067193646646729;1158.3390236590323639;328.4651213515169843;1158.3467455749350847
-9.1848509936051484375e-17;-0.5;0;328.43067193646646729;1158.3390236590323639;328.46515070845259743;1158.3467093703636692
0.031395259764656416324;-0.49901336421413577948;0;328.43067193646851365;1158.3390236590321365;328.46514234866197057;1158.3467252046807516
0.062666616782151671194;-0.49605735065723899346;0;328.43067193646646729;1158.3390236590323639;328.4650965792773718;1158.3467915323051329
0.093690657292861703742;-0.4911436253643444716;0;328.43067193646646729;1158.3390236590323639;328.46501488129371182;1158.3469041019236556
0.12434494358242660639;-0.48429158056431576007;0;328.43067193646646729;1158.3390236590323639;328.46489988169264507;1158.3470563442976982
0.15450849718747278194;-0.47552825814757709866;0;328.43067193646646729;1158.3390236590323639;328.46475529262278314;1158.3472399616493931
0.18406227634233790491;-0.46488824294412611771;0;328.43067193646646729;1158.3390236590323639;328.46458582122613734;1158.3474456549131446
0.21288964578253510851;-0.45241352623301034352;0;328.43067193646646729;1158.3390236590323639;328.46439705543787113;1158.3476639096511462
0.2408768370508563017;-0.43815334002193251361;0;328.43067193646646729;1158.3390236590323639;328.46419533275673075;1158.3478857541551861
0.26791339748949688504;-0.42216396275100842583;0;328.43067193646646729;1158.3390236590323639;328.46398760052090893;1158.3481034042365536
0.29389262614623506975;-0.40450849718747483585;0;328.43067193646646729;1158.3390236590323639;328.46378127695197691;1158.3483107188530994
0.31871199487434326292;-0.38525662138789590339;0;328.43067193646646729;1158.3390236590323639;328.46358412300338614;1158.3485034081909362
0.34227355296434269771;-0.36448431371070727502;0;328.43067193646851365;1158.3390236590321365;328.46340413440918837;1158.3486789595751816
0.36448431371070411089;-0.34227355296434608389;0;328.43067193646646729;1158.3390236590323639;328.46324538173752217;1158.348832571389039
0.38525662138789296129;-0.31871199487434687114;0;328.43067193646646729;1158.3390236590323639;328.463112275092044;1158.348963675063942
0.4045084971874720603;-0.293892626146238789;0;328.43067193646851365;1158.3390236590321365;328.46300764923410043;1158.3490727615710512
0.42216396275100598334;-0.26791339748950082633;0;328.43067193646646729;1158.3390236590323639;328.46293258458456421;1158.3491611907318202
0.43815334002193029317;-0.24087683705086038177;0;328.43067193646646729;1158.3390236590323639;328.46288633768620002;1158.349230851922357
0.45241352623300834512;-0.21288964578253932736;0;328.43067193646646729;1158.3390236590323639;328.4628664165058467;1158.3492838587226288
0.46488824294412439686;-0.18406227634234223478;0;328.43067193646851365;1158.3390236590321365;328.4628688047538958;1158.3493223091531945
0.47552825814757565537;-0.15450849718747719508;0;328.43067193646646729;1158.3390236590323639;328.46288832354809983;1158.3493481293010063
0.48429158056431459434;-0.12434494358243111667;0;328.43067193646646729;1158.3390236590323639;328.46291910244167411;1158.3493630020925593
0.49114362536434358342;-0.093690657292866269534;0;328.43067193646851365;1158.3390236590321365;328.46295511833147884;1158.3493683693700405
0.49605735065723838284;-0.062666616782156292498;0;328.43067193646646729;1158.3390236590323639;328.46299075095640774;1158.349365483244128
0.49901336421413550193;-0.031395259764661065383;0;328.43067193646646729;1158.3390236590323639;328.46302129988481511;1158.349355477402014
