0.5;0;0;328.43067193646646729;1158.3390236590323639;328.78187108830172747;1158.4176569193218711
0.49901336421413577948;0.03139525976465668694;0;328.43067193646646729;1158.3390236590323639;328.781866116270578;1158.4176508444431875
0.49605735065723893795;0.062666616782152129161;0;328.43067193646646729;1158.3390236590323639;328.78185484541535288;1158.4176194633832893
0.49114362536434436057;0.093690657292862314365;0;328.43067193646646729;1158.3390236590323639;328.78183858237161985;1158.4175676687987107
0.48429158056431553803;0.12434494358242739742;0;328.43067193646646729;1158.3390236590323639;328.78181938009447549;1158.4175030761866765
0.47552825814757676559;0.15450849718747369788;0;328.43067193646851365;1158.3390236590321365;328.78179975921898404;1158.4174350099963249
0.46488824294412572913;0.18406227634233895962;0;328.43067193646646729;1158.3390236590323639;328.78178236850993699;1158.4173732742651737
0.45241352623300978841;0.212889645782536302;0;328.43067193646646729;1158.3390236590323639;328.78176963140890621;1158.4173268740582898
0.43815334002193179197;0.24087683705085760622;0;328.43067193646851365;1158.3390236590321365;328.78176342717665648;1158.4173028592208539
0.42216396275100759317;0.26791339748949827282;0;328.43067193646646729;1158.3390236590323639;328.78176484993622353;1158.4173054442439934
0.40450849718747372563;0.29389262614623651304;0;328.43067193646851365;1158.3390236590321365;328.7817740776639539;1158.4173355186003391
0.38525662138789468214;0.31871199487434481723;0;328.43067193646646729;1158.3390236590323639;328.78179036751589592;1158.4173906073485796
0.36448431371070583173;0.34227355296434425203;0;328.43067193646646729;1158.3390236590323639;328.78181217621198584;1158.4174652797069029
0.34227355296434441856;0.3644843137107056652;0;328.43067193646646729;1158.3390236590323639;328.7818373867123114;1158.4175519414000064
0.31871199487434492825;0.38525662138789451561;0;328.43067193646851365;1158.3390236590321365;328.78186281209218578;1158.4176419400030227
0.29389262614623667957;0.40450849718747361461;0;328.43067193646646729;1158.3390236590323639;328.78189276991361112;1158.4177253927746278
0.26791339748949838384;0.42216396275100748214;0;328.43067193646646729;1158.3390236590323639;328.78191644534024363;1158.4177968809294725
0.24087683705085766173;0.43815334002193179197;0;328.43067193646646729;1158.3390236590323639;328.7819307046989934;1158.4178510296871991
0.21288964578253632975;0.45241352623300978841;0;328.43067193646646729;1158.3390236590323639;328.78193688968218567;1158.4178846791273827
0.18406227634233893187;0.46488824294412572913;0;328.43067193646646729;1158.3390236590323639;328.78193821784537931;1158.4178977641181518
0.15450849718747364236;0.4755282581475768211;0;328.43067193646646729;1158.3390236590323639;328.7819379685615786;1158.4178932170079861
0.12434494358242727252;0.48429158056431559354;0;328.43067193646646729;1158.3390236590323639;328.78193847585185949;1158.4178762239955631
0.093690657292862147831;0.49114362536434436057;0;328.43067193646646729;1158.3390236590323639;328.78194082101322238;1158.4178531427269263
0.062666616782151907117;0.49605735065723893795;0;328.43067193646646729;1158.3390236590323639;328.78194503146687566;1158.4178303385469917
0.031395259764656430201;0.49901336421413577948;0;328.43067193646851365;1158.3390236590321365;328.78195055246789025;1158.4178131337077957
-3.0245073740886312578e-16;0.5;0;328.43067193646646729;1158.3390236590323639;328.78195676319603535;1158.417805000552562
-0.031395259764657033885;0.49901336421413577948;0;328.43067193646646729;1158.3390236590323639;328.78196335084953716;1158.4178070741952524
-0.062666616782152503862;0.49605735065723888244;0;328.43067193646646729;1158.3390236590323639;328.781970425531199;1158.4178180165365575
-0.093690657292862744576;0.49114362536434424955;0;328.43067193646646729;1158.3390236590323639;328.78197834259287902;1158.4178342302286637
-0.12434494358242785539;0.484291580564315427;0;328.43067193646646729;1158.3390236590323639;328.78198728607065959;1158.4178503948251091
-0.15450849718747419748;0.47552825814757659906;0;328.43067193646851365;1158.3390236590321365;328.78199674540741171;1158.4178602722499818
-0.18406227634233951473;0.46488824294412550708;0;328.43067193646646729;1158.3390236590323639;328.78200507777683015;1158.4178577000161567
-0.21288964578253677384;0.45241352623300956637;0;328.43067193646646729;1158.3390236590323639;328.78200938220226135;1158.4178376564145765
-0.24087683705085810582;0.43815334002193151441;0;328.43067193646646729;1158.3390236590323639;328.78200591281154175;1158.4177972433280956
-0.26791339748949877242;0.42216396275100720459;0;328.43067193646851365;1158.3390236590321365;328.78199122487967543;1158.4177363946801051
-0.29389262614623706815;0.40450849718747333705;0;328.43067193646646729;1158.3390236590323639;328.78196417875267343;1158.417658089591896
-0.31871199487434537234;0.38525662138789418254;0;328.43067193646646729;1158.3390236590323639;328.78192882950827425;1158.4175678388830875
-0.34227355296434486265;0.36448431371070527662;0;328.43067193646646729;1158.3390236590323639;328.78189811325387382;1158.4174722293628292
-0.36448431371070627582;0.34227355296434380794;0;328.43067193646646729;1158.3390236590323639;328.78186586046257389;1158.4173821514857536
-0.38525662138789512623;0.31871199487434426212;0;328.43067193646646729;1158.3390236590323639;328.78183651028660961;1158.4173056653282856
-0.40450849718747422523;0.29389262614623590242;0;328.43067193646646729;1158.3390236590323639;328.78181256470702465;1158.417250578354242
-0.42216396275100803726;0.26791339748949755117;0;328.43067193646646729;1158.3390236590323639;328.78179588089130903;1158.4172224783198999
-0.43815334002193223606;0.24087683705085682906;0;328.43067193646646729;1158.3390236590323639;328.78178742545605928;1158.4172239294950941
-0.45241352623301017699;0.21288964578253544158;0;328.43067193646646729;1158.3390236590323639;328.78178714401104799;1158.4172540563324674
-0.46488824294412606219;0.18406227634233804369;0;328.43067193646646729;1158.3390236590323639;328.78179396549563762;1158.4173085789984725
-0.47552825814757709866;0.15450849718747269868;0;328.43067193646646729;1158.3390236590323639;328.78180594208214416;1158.4173803035664605
-0.48429158056431581558;0.12434494358242632883;0;328.43067193646851365;1158.3390236590321365;328.78182050735364328;1158.4174600066014591
-0.49114362536434452711;0.093690657292861190264;0;328.43067193646851365;1158.3390236590321365;328.7818348186248727;1158.4175375995121158
-0.49605735065723904897;0.062666616782150949549;0;328.43067193646646729;1158.3390236590323639;328.78184613807991354;1158.4176034184754371
-0.499013364214135835;0.031395259764655465695;0;328.43067193646851365;1158.3390236590321365;328.78185220125959631;1158.4176494676803486
-0.5;-1.2710352895928202744e-15;0;328.43067193646646729;1158.3390236590323639;328.78185152329677976;1158.4176704488670566
-0.49901336421413572397;-0.031395259764657998391;0;328.43067193646646729;1158.3390236590323639;328.78184360145525034;1158.4176644386673161
-0.49605735065723877142;-0.062666616782153475307;0;328.43067193646646729;1158.3390236590323639;328.78182898654307564;1158.4176331224966816
-0.49114362536434408302;-0.093690657292863688266;0;328.43067193646646729;1158.3390236590323639;328.78180921362115896;1158.4175815539094856
-0.48429158056431520496;-0.12434494358242879908;0;328.43067193646646729;1158.3390236590323639;328.78178660166156533;1158.4175174722745396
-0.4755282581475763215;-0.15450849718747511341;0;328.43067193646646729;1158.3390236590323639;328.78176394937355553;1158.4174502718212807
-0.46488824294412511851;-0.18406227634234040291;0;328.43067193646851365;1158.3390236590321365;328.78174416871905805;1158.4173897615157784
-0.45241352623300906677;-0.21288964578253774529;0;328.43067193646851365;1158.3390236590321365;328.78172990556856803;1158.4173448832284521
-0.43815334002193101481;-0.2408768370508590495;0;328.43067193646646729;1158.3390236590323639;328.78172319869253215;1158.417322560270577
-0.42216396275100664948;-0.26791339748949971611;0;328.43067193646646729;1158.3390236590323639;328.78172522233626296;1158.4173268292131525
-0.40450849718747272643;-0.29389262614623795633;0;328.43067193646646729;1158.3390236590323639;328.7817361460370762;1158.4173583683380002
-0.38525662138789351641;-0.31871199487434620501;0;328.43067193646646729;1158.3390236590323639;328.78175512910445377;1158.4174144805783726
-0.36448431371070455498;-0.3422735529643456398;0;328.43067193646646729;1158.3390236590323639;328.78178044834578486;1158.4174895262001428
-0.34227355296434297527;-0.36448431371070699747;0;328.43067193646851365;1158.3390236590321365;328.78180973981017132;1158.4175757385926318
-0.31871199487434342945;-0.38525662138789579236;0;328.43067193646646729;1158.3390236590323639;328.78183979070382748;1158.4176657079128745
-0.29389262614623518077;-0.40450849718747472483;0;328.43067193646646729;1158.3390236590323639;328.78187073671074359;1158.4177452447054293
-0.26791339748949705157;-0.42216396275100837032;0;328.43067193646646729;1158.3390236590323639;328.78189695778615942;1158.4178132706263114
-0.24087683705085646824;-0.4381533400219324581;0;328.43067193646646729;1158.3390236590323639;328.78191617213650488;1158.4178652378964216
-0.21288964578253527504;-0.4524135262330102325;0;328.43067193646851365;1158.3390236590321365;328.78192835645796777;1158.4178970746618234
-0.18406227634233807144;-0.46488824294412606219;0;328.43067193646646729;1158.3390236590323639;328.78193477705474379;1158.4179074455389582
-0.15450849718747294848;-0.47552825814757704315;0;328.43067193646646729;1158.3390236590323639;328.7819372271951579;1158.4178985241367172
-0.1243449435824267868;-0.48429158056431570456;0;328.43067193646646729;1158.3390236590323639;328.78193750968495124;1158.4178756007231641
-0.093690657292861884153;-0.49114362536434441608;0;328.43067193646646729;1158.3390236590323639;328.78193715334356284;1158.4178459179702259
-0.062666616782151865483;-0.49605735065723893795;0;328.43067193646646729;1158.3390236590323639;328.78193731494110352;1158.4178171420674062
-0.031395259764656603674;-0.49901336421413577948;0;328.43067193646646729;1158.3390236590323639;328.78193879779524877;1158.4177958415511966
-9.1848509936051484375e-17;-0.5;0;328.43067193646646729;1158.3390236590323639;328.7819421149775394;1158.4177862716487653
0.031395259764656416324;-0.49901336421413577948;0;328.43067193646851365;1158.3390236590321365;328.7819475366980555;1158.4177896617582064
0.062666616782151671194;-0.49605735065723899346;0;328.43067193646646729;1158.3390236590323639;328.78195508393230284;1158.4178040925439745
0.093690657292861703742;-0.4911436253643444716;0;328.43067193646646729;1158.3390236590323639;328.7819644588600454;1158.417824940549508
0.12434494358242660639;-0.48429158056431576007;0;328.43067193646646729;1158.3390236590323639;328.78197493213377811;1158.4178457765292478
0.15450849718747278194;-0.47552825814757709866;0;328.43067193646646729;1158.3390236590323639;328.78198523329513137;1158.4178595378830323
0.18406227634233790491;-0.46488824294412611771;0;328.43067193646646729;1158.3390236590323639;328.78199351009914153;1158.417859762639182
0.21288964578253510851;-0.45241352623301034352;0;328.43067193646646729;1158.3390236590323639;328.78199743336773508;1158.4178416742472564
0.2408768370508563017;-0.43815334002193251361;0;328.43067193646646729;1158.3390236590323639;328.78199452530196822;1158.4178029409044939
0.26791339748949688504;-0.42216396275100842583;0;328.43067193646646729;1158.3390236590323639;328.7819827810778861;1158.41774399282167
0.29389262614623506975;-0.40450849718747483585;0;328.43067193646646729;1158.3390236590323639;328.78196163749265679;1158.4176678565422662
0.31871199487434326292;-0.38525662138789590339;0;328.43067193646646729;1158.3390236590323639;328.78193331919641196;1158.4175795442824892
0.34227355296434269771;-0.36448431371070727502;0;328.43067193646851365;1158.3390236590321365;328.7819045645709366;1158.4174851055497584
0.36448431371070411089;-0.34227355296434608389;0;328.43067193646646729;1158.3390236590323639;328.78187534533151393;1158.4173942576455829
0.38525662138789296129;-0.31871199487434687114;0;328.43067193646646729;1158.3390236590323639;328.78184834020680682;1158.4173160389466375
0.4045084971874720603;-0.293892626146238789;0;328.43067193646851365;1158.3390236590321365;328.78182600195515306;1158.4172584399404968
0.42216396275100598334;-0.26791339748950082633;0;328.43067193646646729;1158.3390236590323639;328.78181022106366527;1158.4172272827415782
0.43815334002193029317;-0.24087683705086038177;0;328.43067193646646729;1158.3390236590323639;328.78180207472280472;1158.417225392774526
0.45241352623300834512;-0.21288964578253932736;0;328.43067193646646729;1158.3390236590323639;328.78180168299309116;1158.417252156136783
0.46488824294412439686;-0.18406227634234223478;0;328.43067193646851365;1158.3390236590321365;328.78180819299677751;1158.4173035296817034
0.47552825814757565537;-0.15450849718747719508;0;328.43067193646646729;1158.3390236590323639;328.78181989421881326;1158.4173725091570759
0.48429158056431459434;-0.12434494358243111667;0;328.43067193646646729;1158.3390236590323639;328.78183444999382345;1158.4174499975017625
0.49114362536434358342;-0.093690657292866269534;0;328.43067193646851365;1158.3390236590321365;328.78184921410291963;1158.4175259601581729
0.49605735065723838284;-0.062666616782156292498;0;328.43067193646646729;1158.3390236590323639;328.78186158947443118;1158.4175907141925563
0.49901336421413550193;-0.031395259764661065383;0;328.43067193646646729;1158.3390236590323639;328.7818693801250447;1158.4176361788188387
