0.5;0;0;328.43067193646646729;1158.3390236590323639;340.50850967535825475;1160.7851924499782399
0.49901336421413577948;0.03139525976465668694;0;328.43067193646646729;1158.3390236590323639;340.50832948573167869;1160.7846431818782094
0.49605735065723893795;0.062666616782152129161;0;328.43067193646646729;1158.3390236590323639;340.50781183729839086;1160.7830652470777295
0.49114362536434436057;0.093690657292862314365;0;328.43067193646646729;1158.3390236590323639;340.50702251476917581;1160.7806591769947318
0.48429158056431553803;0.12434494358242739742;0;328.43067193646646729;1158.3390236590323639;340.50606163760636491;1160.7777301643147894
0.47552825814757676559;0.15450849718747369788;0;328.43067193646851365;1158.3390236590321365;340.5050507269576201;1160.7746486384260152
0.46488824294412572913;0.18406227634233895962;0;328.43067193646646729;1158.3390236590323639;340.50411710722806902;1160.7718027171781614
0.45241352623300978841;0.212889645782536302;0;328.43067193646646729;1158.3390236590323639;340.50337773095429839;1160.7695489018258286
0.43815334002193179197;0.24087683705085760622;0;328.43067193646851365;1158.3390236590321365;340.50292457927793066;1160.7681675750832255
0.42216396275100759317;0.26791339748949827282;0;328.43067193646646729;1158.3390236590323639;340.50281355927739924;1160.7678291574020477
0.40450849718747372563;0.29389262614623651304;0;328.43067193646851365;1158.3390236590321365;340.50305832660200167;1160.7685752751208383
0.38525662138789468214;0.31871199487434481723;0;328.43067193646646729;1158.3390236590323639;340.50362977682141263;1160.7703172072679081
0.36448431371070583173;0.34227355296434425203;0;328.43067193646646729;1158.3390236590323639;340.50446116767324156;1160.7728514973441634
0.34227355296434441856;0.3644843137107056652;0;328.43067193646646729;1158.3390236590323639;340.50545806566657348;1160.7758902739376481
0.31871199487434492825;0.38525662138789451561;0;328.43067193646851365;1158.3390236590321365;340.5065116614280214;1160.7791018438886113
0.29389262614623667957;0.40450849718747361461;0;328.43067193646646729;1158.3390236590323639;340.5075135575659715;1160.7821557769830179
0.26791339748949838384;0.42216396275100748214;0;328.43067193646646729;1158.3390236590323639;340.50836996072649754;1160.784766174178003
0.24087683705085766173;0.43815334002193179197;0;328.43067193646646729;1158.3390236590323639;340.50901332736094673;1160.7867271698569311
0.21288964578253632975;0.45241352623300978841;0;328.43067193646646729;1158.3390236590323639;340.50940990183892154;1160.7879359057735655
0.18406227634233893187;0.46488824294412572913;0;328.43067193646646729;1158.3390236590323639;340.50956218919020557;1160.7884000573724279
0.15450849718747364236;0.4755282581475768211;0;328.43067193646646729;1158.3390236590323639;340.50950613680652168;1160.7882292280783076
0.12434494358242727252;0.48429158056431559354;0;328.43067193646646729;1158.3390236590323639;340.5093035560398107;1160.7876118358078656
0.093690657292862147831;0.49114362536434436057;0;328.43067193646646729;1158.3390236590323639;340.50903098894639243;1160.7867811714290838
0.062666616782151907117;0.49605735065723893795;0;328.43067193646646729;1158.3390236590323639;340.50876672243776966;1160.7859758210893233
0.031395259764656430201;0.49901336421413577948;0;328.43067193646851365;1158.3390236590321365;340.50857790192543462;1160.7854004014207021
-3.0245073740886312578e-16;0.5;0;328.43067193646646729;1158.3390236590323639;340.50850966426429522;1160.7851924540980235
-0.031395259764657033885;0.49901336421413577948;0;328.43067193646646729;1158.3390236590323639;340.50857790080152654;1160.7854004022099161
-0.062666616782152503862;0.49605735065723888244;0;328.43067193646646729;1158.3390236590323639;340.50876672020598335;1160.7859758226554732
-0.093690657292862744576;0.49114362536434424955;0;328.43067193646646729;1158.3390236590323639;340.5090309856359454;1160.7867811737437478
-0.12434494358242785539;0.484291580564315427;0;328.43067193646646729;1158.3390236590323639;340.50930355169464292;1160.7876118388355735
-0.15450849718747419748;0.47552825814757659906;0;328.43067193646851365;1158.3390236590321365;340.50950613148239654;1160.7882292317679003
-0.18406227634233951473;0.46488824294412550708;0;328.43067193646646729;1158.3390236590323639;340.50956218295533517;1160.7884000616645608
-0.21288964578253677384;0.45241352623300956637;0;328.43067193646646729;1158.3390236590323639;340.50940989477470566;1160.7879359105968433
-0.24087683705085810582;0.43815334002193151441;0;328.43067193646646729;1158.3390236590323639;340.50901331955748219;1160.7867271751324552
-0.26791339748949877242;0.42216396275100720459;0;328.43067193646851365;1158.3390236590321365;340.50836995228195292;1160.7847661798205081
-0.29389262614623706815;0.40450849718747333705;0;328.43067193646646729;1158.3390236590323639;340.50751354858522291;1160.7821557829004178
-0.31871199487434537234;0.38525662138789418254;0;328.43067193646646729;1158.3390236590323639;340.5065116520224251;1160.7791018499840447
-0.34227355296434486265;0.36448431371070527662;0;328.43067193646646729;1158.3390236590323639;340.50545805595095317;1160.7758902801108434
-0.36448431371070627582;0.34227355296434380794;0;328.43067193646646729;1158.3390236590323639;340.50446115776276201;1160.7728515034925749
-0.38525662138789512623;0.31871199487434426212;0;328.43067193646646729;1158.3390236590323639;340.50362976683584293;1160.7703172132914915
-0.40450849718747422523;0.29389262614623590242;0;328.43067193646646729;1158.3390236590323639;340.50305831665218648;1160.768575280922505
-0.42216396275100803726;0.26791339748949755117;0;328.43067193646646729;1158.3390236590323639;340.50281354948049284;1160.7678291628844818
-0.43815334002193223606;0.24087683705085682906;0;328.43067193646646729;1158.3390236590323639;340.50292456973704702;1160.7681675801568417
-0.45241352623301017699;0.21288964578253544158;0;328.43067193646646729;1158.3390236590323639;340.50337772177266515;1160.7695489064062713
-0.46488824294412606219;0.18406227634233804369;0;328.43067193646646729;1158.3390236590323639;340.5041170985002168;1160.7718027211885783
-0.47552825814757709866;0.15450849718747269868;0;328.43067193646646729;1158.3390236590323639;340.50505071876693819;1160.7746486417988763
-0.48429158056431581558;0.12434494358242632883;0;328.43067193646851365;1158.3390236590321365;340.50606163003163829;1160.7777301669930239
-0.49114362536434452711;0.093690657292861190264;0;328.43067193646851365;1158.3390236590321365;340.50702250787708181;1160.7806591789319555
-0.49605735065723904897;0.062666616782150949549;0;328.43067193646646729;1158.3390236590323639;340.5078118311396338;1160.7830652482380174
-0.499013364214135835;0.031395259764655465695;0;328.43067193646851365;1158.3390236590321365;340.50832948035156278;1160.7846431822401883
-0.5;-1.2710352895928202744e-15;0;328.43067193646646729;1158.3390236590323639;340.50850967078736176;1160.7851924495284948
-0.49901336421413572397;-0.031395259764657998391;0;328.43067193646646729;1158.3390236590323639;340.50832948189474791;1160.784643181280444
-0.49605735065723877142;-0.062666616782153475307;0;328.43067193646646729;1158.3390236590323639;340.5078118342109974;1160.7830652463328533
-0.49114362536434408302;-0.093690657292863688266;0;328.43067193646646729;1158.3390236590323639;340.50702251244501895;1160.7806591761059281
-0.48429158056431520496;-0.12434494358242879908;0;328.43067193646646729;1158.3390236590323639;340.50606163605124266;1160.7777301632856961
-0.4755282581475763215;-0.15450849718747511341;0;328.43067193646646729;1158.3390236590323639;340.50505072617841051;1160.774648637260043
-0.46488824294412511851;-0.18406227634234040291;0;328.43067193646851365;1158.3390236590321365;340.5041171072273869;1160.7718027158789482
-0.45241352623300906677;-0.21288964578253774529;0;328.43067193646851365;1158.3390236590321365;340.5033777317310637;1160.7695489003988314
-0.43815334002193101481;-0.2408768370508590495;0;328.43067193646646729;1158.3390236590323639;340.50292458082498115;1160.7681675735323097
-0.42216396275100664948;-0.26791339748949971611;0;328.43067193646646729;1158.3390236590323639;340.50281356158967583;1160.7678291557331249
-0.40450849718747272643;-0.29389262614623795633;0;328.43067193646646729;1158.3390236590323639;340.50305832966631669;1160.7685752733393656
-0.38525662138789351641;-0.31871199487434620501;0;328.43067193646646729;1158.3390236590323639;340.50362978062662478;1160.7703172053779781
-0.36448431371070455498;-0.3422735529643456398;0;328.43067193646646729;1158.3390236590323639;340.50446117220025144;1160.7728514953555532
-0.34227355296434297527;-0.36448431371070699747;0;328.43067193646851365;1158.3390236590321365;340.50545807089713435;1160.7758902718558147
-0.31871199487434342945;-0.38525662138789579236;0;328.43067193646646729;1158.3390236590323639;340.50651166733877062;1160.7791018417224223
-0.29389262614623518077;-0.40450849718747472483;0;328.43067193646646729;1158.3390236590323639;340.50751356413366011;1160.7821557747386123
-0.26791339748949705157;-0.42216396275100837032;0;328.43067193646646729;1158.3390236590323639;340.50836996792338596;1160.7847661718626568
-0.24087683705085646824;-0.4381533400219324581;0;328.43067193646646729;1158.3390236590323639;340.50901333515975011;1160.7867271674820131
-0.21288964578253527504;-0.4524135262330102325;0;328.43067193646851365;1158.3390236590321365;340.50940991020684123;1160.7879359033454421
-0.18406227634233807144;-0.46488824294412606219;0;328.43067193646646729;1158.3390236590323639;340.50956219809393133;1160.7884000549036045
-0.15450849718747294848;-0.47552825814757704315;0;328.43067193646646729;1158.3390236590323639;340.50950614621046952;1160.7882292255767425
-0.1243449435824267868;-0.48429158056431570456;0;328.43067193646646729;1158.3390236590323639;340.5093035659096472;1160.7876118332842452
-0.093690657292861884153;-0.49114362536434441608;0;328.43067193646646729;1158.3390236590323639;340.50903099924136086;1160.7867811688927304
-0.062666616782151865483;-0.49605735065723893795;0;328.43067193646646729;1158.3390236590323639;340.50876673311989862;1160.7859758185522878
-0.031395259764656603674;-0.49901336421413577948;0;328.43067193646646729;1158.3390236590323639;340.50857791295271682;1160.7854003988907152
-9.1848509936051484375e-17;-0.5;0;328.43067193646646729;1158.3390236590323639;340.50850967559591709;1160.7851924515855444
0.031395259764656416324;-0.49901336421413577948;0;328.43067193646851365;1158.3390236590321365;340.50857791239428707;1160.7854003997283598
0.062666616782151671194;-0.49605735065723899346;0;328.43067193646646729;1158.3390236590323639;340.50876673201423728;1160.785975820214162
0.093690657292861703742;-0.4911436253643444716;0;328.43067193646646729;1158.3390236590323639;340.50903099761569592;1160.7867811713558694
0.12434494358242660639;-0.48429158056431576007;0;328.43067193646646729;1158.3390236590323639;340.50930356380069952;1160.7876118365070397
0.15450849718747278194;-0.47552825814757709866;0;328.43067193646646729;1158.3390236590323639;340.5095061436678634;1160.7882292295105344
0.18406227634233790491;-0.46488824294412611771;0;328.43067193646646729;1158.3390236590323639;340.5095621951751923;1160.7884000594892768
0.21288964578253510851;-0.45241352623301034352;0;328.43067193646646729;1158.3390236590323639;340.50940990698046562;1160.7879359085111446
0.2408768370508563017;-0.43815334002193251361;0;328.43067193646646729;1158.3390236590323639;340.50901333170219232;1160.7867271731479377
0.26791339748949688504;-0.42216396275100842583;0;328.43067193646646729;1158.3390236590323639;340.50836996431831949;1160.7847661779453574
0.29389262614623506975;-0.40450849718747483585;0;328.43067193646646729;1158.3390236590323639;340.50751356046617957;1160.782155781141455
0.31871199487434326292;-0.38525662138789590339;0;328.43067193646646729;1158.3390236590323639;340.50651166370226974;1160.7791018483478638
0.34227355296434269771;-0.36448431371070727502;0;328.43067193646851365;1158.3390236590321365;340.50545806738296051;1160.7758902786051749
0.36448431371070411089;-0.34227355296434608389;0;328.43067193646646729;1158.3390236590323639;340.50446116890179837;1160.7728515021231033
0.38525662138789296129;-0.31871199487434687114;0;328.43067193646646729;1158.3390236590323639;340.50362977763467143;1160.7703172120627642
0.4045084971874720603;-0.293892626146238789;0;328.43067193646851365;1158.3390236590321365;340.50305832707044829;1160.7685752798386147
0.42216396275100598334;-0.26791339748950082633;0;328.43067193646646729;1158.3390236590323639;340.5028135594707237;1160.7678291619477022
0.43815334002193029317;-0.24087683705086038177;0;328.43067193646646729;1158.3390236590323639;340.50292457926224188;1160.7681675793719478
0.45241352623300834512;-0.21288964578253932736;0;328.43067193646646729;1158.3390236590323639;340.50337773079309045;1160.7695489057750819
0.46488824294412439686;-0.18406227634234223478;0;328.43067193646851365;1158.3390236590321365;340.50411710697767376;1160.7718027207122304
0.47552825814757565537;-0.15450849718747719508;0;328.43067193646646729;1158.3390236590323639;340.50505072666624073;1160.7746486414796436
0.48429158056431459434;-0.12434494358243111667;0;328.43067193646646729;1158.3390236590323639;340.50606163732027198;1160.7777301668293148
0.49114362536434358342;-0.093690657292866269534;0;328.43067193646851365;1158.3390236590321365;340.50702251452293012;1160.7806591789221784
0.49605735065723838284;-0.062666616782156292498;0;328.43067193646646729;1158.3390236590323639;340.5078118371192204;1160.783065248382627
0.49901336421413550193;-0.031395259764661065383;0;328.43067193646646729;1158.3390236590323639;340.50832948563663649;1160.7846431825385025
