0.5;0;0;328.43067193646646729;1158.3390236590323639;328.5902332926497138;1158.3750033748617625
0.49901336421413577948;0.03139525976465668694;0;328.43067193646646729;1158.3390236590323639;328.59023188830133222;1158.3749975554983394
0.49605735065723893795;0.062666616782152129161;0;328.43067193646646729;1158.3390236590323639;328.59022694152344002;1158.3749792189462369
0.49114362536434436057;0.093690657292862314365;0;328.43067193646646729;1158.3390236590323639;328.59021915188236562;1158.3749507431359689
0.48429158056431553803;0.12434494358242739742;0;328.43067193646646729;1158.3390236590323639;328.59020959685864227;1158.3749157715028559
0.47552825814757676559;0.15450849718747369788;0;328.43067193646851365;1158.3390236590321365;328.59019959237042485;1158.3748787407394047
0.46488824294412572913;0.18406227634233895962;0;328.43067193646646729;1158.3390236590323639;328.59019052397894711;1158.3748443100566874
0.45241352623300978841;0.212889645782536302;0;328.43067193646646729;1158.3390236590323639;328.59018367126731164;1158.3748167689261663
0.43815334002193179197;0.24087683705085760622;0;328.43067193646851365;1158.3390236590321365;328.59018004872172014;1158.3747995018970869
0.42216396275100759317;0.26791339748949827282;0;328.43067193646646729;1158.3390236590323639;328.59018028373390052;1158.3747945811403497
0.40450849718747372563;0.29389262614623651304;0;328.43067193646851365;1158.3390236590321365;328.59018454733404724;1158.3748025390439125
0.38525662138789468214;0.31871199487434481723;0;328.43067193646646729;1158.3390236590323639;328.59019254561400203;1158.374822348456064
0.36448431371070583173;0.34227355296434425203;0;328.43067193646646729;1158.3390236590323639;328.59020357182572525;1158.3748516090697649
0.34227355296434441856;0.3644843137107056652;0;328.43067193646646729;1158.3390236590323639;328.59021661050456942;1158.3748869104733785
0.31871199487434492825;0.38525662138789451561;0;328.43067193646851365;1158.3390236590321365;328.590229544179806;1158.3749257373901855
0.29389262614623667957;0.40450849718747361461;0;328.43067193646646729;1158.3390236590323639;328.59024521898339799;1158.3749585976054277
0.26791339748949838384;0.42216396275100748214;0;328.43067193646646729;1158.3390236590323639;328.59025870216976273;1158.3749858129051518
0.24087683705085766173;0.43815334002193179197;0;328.43067193646646729;1158.3390236590323639;328.59026822940342072;1158.3750064619466684
0.21288964578253632975;0.45241352623300978841;0;328.43067193646646729;1158.3390236590323639;328.59027389818845677;1158.3750196758171569
0.18406227634233893187;0.46488824294412572913;0;328.43067193646646729;1158.3390236590323639;328.59027666278154811;1158.3750253681189406
0.15450849718747364236;0.4755282581475768211;0;328.43067193646646729;1158.3390236590323639;328.59027765510580821;1158.3750244898351411
0.12434494358242727252;0.48429158056431559354;0;328.43067193646646729;1158.3390236590323639;328.59027780640718674;1158.375018922369236
0.093690657292862147831;0.49114362536434436057;0;328.43067193646646729;1158.3390236590323639;328.59027771015274766;1158.375011131587371
0.062666616782151907117;0.49605735065723893795;0;328.43067193646646729;1158.3390236590323639;328.59027764911081704;1158.375003702594995
0.031395259764656430201;0.49901336421413577948;0;328.43067193646851365;1158.3390236590321365;328.59027770698139648;1158.3749988630279404
-3.0245073740886312578e-16;0.5;0;328.43067193646646729;1158.3390236590323639;328.59027789446662382;1158.3749980833192694
-0.031395259764657033885;0.49901336421413577948;0;328.43067193646646729;1158.3390236590323639;328.5902782374647586;1158.3750018186342459
-0.062666616782152503862;0.49605735065723888244;0;328.43067193646646729;1158.3390236590323639;328.59027879742097866;1158.3750094301653917
-0.093690657292862744576;0.49114362536434424955;0;328.43067193646646729;1158.3390236590323639;328.59027961785682237;1158.3750192954498743
-0.12434494358242785539;0.484291580564315427;0;328.43067193646646729;1158.3390236590323639;328.5902806143625412;1158.3750290892824069
-0.15450849718747419748;0.47552825814757659906;0;328.43067193646851365;1158.3390236590321365;328.59028144588381792;1158.3750361908878403
-0.18406227634233951473;0.46488824294412550708;0;328.43067193646646729;1158.3390236590323639;328.59028142155847263;1158.3750381496274713
-0.21288964578253677384;0.45241352623300956637;0;328.43067193646646729;1158.3390236590323639;328.59027950819967145;1158.3750331234064106
-0.24087683705085810582;0.43815334002193151441;0;328.43067193646646729;1158.3390236590323639;328.59027450662875935;1158.3750201909554107
-0.26791339748949877242;0.42216396275100720459;0;328.43067193646851365;1158.3390236590321365;328.59026545908579919;1158.3749994336742475
-0.29389262614623706815;0.40450849718747333705;0;328.43067193646646729;1158.3390236590323639;328.59025233293908741;1158.374971685845594
-0.31871199487434537234;0.38525662138789418254;0;328.43067193646646729;1158.3390236590323639;328.59023699687963926;1158.3749378645391062
-0.34227355296434486265;0.36448431371070527662;0;328.43067193646646729;1158.3390236590323639;328.59022446620696201;1158.3748978146297759
-0.36448431371070627582;0.34227355296434380794;0;328.43067193646646729;1158.3390236590323639;328.59021227039266932;1158.3748615015192627
-0.38525662138789512623;0.31871199487434426212;0;328.43067193646646729;1158.3390236590323639;328.59020232195575772;1158.3748313337628133
-0.40450849718747422523;0.29389262614623590242;0;328.43067193646646729;1158.3390236590323639;328.59019565698866927;1158.3748108385345859
-0.42216396275100803726;0.26791339748949755117;0;328.43067193646646729;1158.3390236590323639;328.5901929822386478;1158.3748025170534675
-0.43815334002193223606;0.24087683705085682906;0;328.43067193646646729;1158.3390236590323639;328.59019456930110437;1158.3748074745310532
-0.45241352623301017699;0.21288964578253544158;0;328.43067193646646729;1158.3390236590323639;328.59020020271202611;1158.3748252283455713
-0.46488824294412606219;0.18406227634233804369;0;328.43067193646646729;1158.3390236590323639;328.59020919063806332;1158.3748537243184273
-0.47552825814757709866;0.15450849718747269868;0;328.43067193646646729;1158.3390236590323639;328.59022043806800184;1158.3748895625180921
-0.48429158056431581558;0.12434494358242632883;0;328.43067193646851365;1158.3390236590321365;328.59023257424291842;1158.3749284054695181
-0.49114362536434452711;0.093690657292861190264;0;328.43067193646851365;1158.3390236590321365;328.5902441182356597;1158.3749655161266219
-0.49605735065723904897;0.062666616782150949549;0;328.43067193646646729;1158.3390236590323639;328.59025366147960767;1158.3749963549328186
-0.499013364214135835;0.031395259764655465695;0;328.43067193646851365;1158.3390236590321365;328.59026004337766835;1158.3750171565802702
-0.5;-1.2710352895928202744e-15;0;328.43067193646646729;1158.3390236590323639;328.5902624968180703;1158.3750254098874848
-0.49901336421413572397;-0.031395259764657998391;0;328.43067193646646729;1158.3390236590323639;328.59026074437542775;1158.3750201761492917
-0.49605735065723877142;-0.062666616782153475307;0;328.43067193646646729;1158.3390236590323639;328.59025503247170263;1158.3750022039394025
-0.49114362536434408302;-0.093690657292863688266;0;328.43067193646646729;1158.3390236590323639;328.59024609888410851;1158.3749738249066468
-0.48429158056431520496;-0.12434494358242879908;0;328.43067193646646729;1158.3390236590323639;328.59023507814634968;1158.3749386454082924
-0.4755282581475763215;-0.15450849718747511341;0;328.43067193646646729;1158.3390236590323639;328.59022335742065479;1158.3749010754361279
-0.46488824294412511851;-0.18406227634234040291;0;328.43067193646851365;1158.3390236590321365;328.59021240204890546;1158.3748657590288076
-0.45241352623300906677;-0.21288964578253774529;0;328.43067193646851365;1158.3390236590321365;328.59020357376476795;1158.3748369820273183
-0.43815334002193101481;-0.2408768370508590495;0;328.43067193646646729;1158.3390236590323639;328.59019796554593995;1158.3748181367998313
-0.42216396275100664948;-0.26791339748949971611;0;328.43067193646646729;1158.3390236590323639;328.59019627424447663;1158.3748113140447913
-0.40450849718747272643;-0.29389262614623795633;0;328.43067193646646729;1158.3390236590323639;328.59019872682614505;1158.3748170744611343
-0.38525662138789351641;-0.31871199487434620501;0;328.43067193646646729;1158.3390236590323639;328.59020506896786173;1158.3748344276255011
-0.36448431371070455498;-0.3422735529643456398;0;328.43067193646646729;1158.3390236590323639;328.59021461563594357;1158.3748610169111544
-0.34227355296434297527;-0.36448431371070699747;0;328.43067193646851365;1158.3390236590321365;328.59022635555407987;1158.3748934809902948
-0.31871199487434342945;-0.38525662138789579236;0;328.43067193646646729;1158.3390236590323639;328.59023807683405494;1158.3749284660248122
-0.29389262614623518077;-0.40450849718747472483;0;328.43067193646646729;1158.3390236590323639;328.59025311633405408;1158.374958769188197
-0.26791339748949705157;-0.42216396275100837032;0;328.43067193646646729;1158.3390236590323639;328.59026581861951399;1158.3749834742504845
-0.24087683705085646824;-0.4381533400219324581;0;328.43067193646646729;1158.3390236590323639;328.59027427642143948;1158.3750013196518012
-0.21288964578253527504;-0.4524135262330102325;0;328.43067193646851365;1158.3390236590321365;328.59027870675203076;1158.3750115406583063
-0.18406227634233807144;-0.46488824294412606219;0;328.43067193646646729;1158.3390236590323639;328.59028024602207552;1158.3750142973262882
-0.15450849718747294848;-0.47552825814757704315;0;328.43067193646646729;1158.3390236590323639;328.59028016349634527;1158.3750107564228529
-0.1243449435824267868;-0.48429158056431570456;0;328.43067193646646729;1158.3390236590323639;328.59027944227597118;1158.3750029123411878
-0.093690657292861884153;-0.49114362536434441608;0;328.43067193646646729;1158.3390236590323639;328.59027864516741602;1158.3749932382092993
-0.062666616782151865483;-0.49605735065723893795;0;328.43067193646646729;1158.3390236590323639;328.59027796895924212;1158.3749842568952317
-0.031395259764656603674;-0.49901336421413577948;0;328.43067193646646729;1158.3390236590323639;328.59027739251030198;1158.3749781137248647
-9.1848509936051484375e-17;-0.5;0;328.43067193646646729;1158.3390236590323639;328.59027683763679306;1158.3749762203817681
0.031395259764656416324;-0.49901336421413577948;0;328.43067193646851365;1158.3390236590321365;328.59027628320473013;1158.3749790226493133
0.062666616782151671194;-0.49605735065723899346;0;328.43067193646646729;1158.3390236590323639;328.59027579808787323;1158.374985924763223
0.093690657292861703742;-0.4911436253643444716;0;328.43067193646646729;1158.3390236590323639;328.5902754851761074;1158.3749953815715799
0.12434494358242660639;-0.48429158056431576007;0;328.43067193646646729;1158.3390236590323639;328.59027535397927977;1158.3750051461101975
0.15450849718747278194;-0.47552825814757709866;0;328.43067193646646729;1158.3390236590323639;328.59027516246578671;1158.3750126377858578
0.18406227634233790491;-0.46488824294412611771;0;328.43067193646646729;1158.3390236590323639;328.59027428810924221;1158.3750153748417233
0.21288964578253510851;-0.45241352623301034352;0;328.43067193646646729;1158.3390236590323639;328.59027170222918812;1158.3750113972728286
0.2408768370508563017;-0.43815334002193251361;0;328.43067193646646729;1158.3390236590323639;328.59026612898315989;1158.3749995928492353
0.26791339748949688504;-0.42216396275100842583;0;328.43067193646646729;1158.3390236590323639;328.5902564679594775;1158.3749798320579885
0.29389262614623506975;-0.40450849718747483585;0;328.43067193646646729;1158.3390236590323639;328.59024254531829001;1158.3749528179607751
0.31871199487434326292;-0.38525662138789590339;0;328.43067193646646729;1158.3390236590323639;328.59022623047269462;1158.3749195659679572
0.34227355296434269771;-0.36448431371070727502;0;328.43067193646851365;1158.3390236590321365;328.59021291306822832;1158.3748804479316732
0.36448431371070411089;-0.34227355296434608389;0;328.43067193646646729;1158.3390236590323639;328.59019945644126892;1158.3748447589687203
0.38525662138789296129;-0.31871199487434687114;0;328.43067193646646729;1158.3390236590323639;328.59018807028132869;1158.374815049143308
0.4045084971874720603;-0.293892626146238789;0;328.43067193646851365;1158.3390236590321365;328.59017979854598934;1158.37479481849482
0.42216396275100598334;-0.26791339748950082633;0;328.43067193646646729;1158.3390236590323639;328.59017537437335932;1158.3747865514562818
0.43815334002193029317;-0.24087683705086038177;0;328.43067193646646729;1158.3390236590323639;328.59017511397308908;1158.3747913479812723
0.45241352623300834512;-0.21288964578253932736;0;328.43067193646646729;1158.3390236590323639;328.59017886282543941;1158.3748087323806431
0.46488824294412439686;-0.18406227634234223478;0;328.43067193646851365;1158.3390236590321365;328.59018600262561449;1158.3748366696811445
0.47552825814757565537;-0.15450849718747719508;0;328.43067193646646729;1158.3390236590323639;328.59019551947869786;1158.3748717908213166
0.48429158056431459434;-0.12434494358243111667;0;328.43067193646646729;1158.3390236590323639;328.59020612533890926;1158.3749097997485933
0.49114362536434358342;-0.093690657292866269534;0;328.43067193646851365;1158.3390236590321365;328.59021641721886908;1158.3749460093392827
0.49605735065723838284;-0.062666616782156292498;0;328.43067193646646729;1158.3390236590323639;328.59022505355159183;1158.3749759362387977
0.49901336421413550193;-0.031395259764661065383;0;328.43067193646646729;1158.3390236590323639;328.59023092434330238;1158.3749958749920097
