0.5;0;0;328.43067193646646729;1158.3390236590323639;328.47439772203523489;1158.3515573716038034
0.49901336421413577948;0.03139525976465668694;0;328.43067193646646729;1158.3390236590323639;328.47442531305250668;1158.3515250515217758
0.49605735065723893795;0.062666616782152129161;0;328.43067193646646729;1158.3390236590323639;328.4744604158207153;1158.3514653812069355
0.49114362536434436057;0.093690657292862314365;0;328.43067193646646729;1158.3390236590323639;328.47450353185666927;1158.3513797355356019
0.48429158056431553803;0.12434494358242739742;0;328.43067193646646729;1158.3390236590323639;328.47455531312385801;1158.3512705303164694
0.47552825814757676559;0.15450849718747369788;0;328.43067193646851365;1158.3390236590321365;328.47461641811088384;1158.3511410115067974
0.46488824294412572913;0.18406227634233895962;0;328.43067193646646729;1158.3390236590323639;328.47468734759445397;1158.3509949809547379
0.45241352623300978841;0.212889645782536302;0;328.43067193646646729;1158.3390236590323639;328.47476828238450253;1158.3508364925526166
0.43815334002193179197;0.24087683705085760622;0;328.43067193646851365;1158.3390236590321365;328.47485894554347396;1158.3506695570749798
0.42216396275100759317;0.26791339748949827282;0;328.43067193646646729;1158.3390236590323639;328.47495850872093115;1158.350497889086455
0.40450849718747372563;0.29389262614623651304;0;328.43067193646851365;1158.3390236590321365;328.47506555664386951;1158.3503247243618262
0.38525662138789468214;0.31871199487434481723;0;328.43067193646646729;1158.3390236590323639;328.47517811626687489;1158.3501527241937765
0.36448431371070583173;0.34227355296434425203;0;328.43067193646646729;1158.3390236590323639;328.47529374889109022;1158.3499839709008938
0.34227355296434441856;0.3644843137107056652;0;328.43067193646646729;1158.3390236590323639;328.47540969531081601;1158.3498200457820531
0.31871199487434492825;0.38525662138789451561;0;328.43067193646851365;1158.3390236590321365;328.47552205502228162;1158.3496617827374848
0.29389262614623667957;0.40450849718747361461;0;328.43067193646646729;1158.3390236590323639;328.47563155848939687;1158.3495096637386723
0.26791339748949838384;0.42216396275100748214;0;328.43067193646646729;1158.3390236590323639;328.47573409737640304;1158.3493659837827181
0.24087683705085766173;0.43815334002193179197;0;328.43067193646646729;1158.3390236590323639;328.47582627529448018;1158.3492323354234941
0.21288964578253632975;0.45241352623300978841;0;328.43067193646646729;1158.3390236590323639;328.47590563315515055;1158.3491100363796704
0.18406227634233893187;0.46488824294412572913;0;328.43067193646646729;1158.3390236590323639;328.47597072683197439;1158.3490004305504044
0.15450849718747364236;0.4755282581475768211;0;328.43067193646646729;1158.3390236590323639;328.47602106645433651;1158.3489050373439113
0.12434494358242727252;0.48429158056431559354;0;328.43067193646646729;1158.3390236590323639;328.4760569440319955;1158.3488255516260779
0.093690657292862147831;0.49114362536434436057;0;328.43067193646646729;1158.3390236590323639;328.47607918734854593;1158.3487637199575602
0.062666616782151907117;0.49605735065723893795;0;328.43067193646646729;1158.3390236590323639;328.4760888828473071;1158.3487211369783836
0.031395259764656430201;0.49901336421413577948;0;328.43067193646851365;1158.3390236590321365;328.4760871095567154;1158.348699015417651
-3.0245073740886312578e-16;0.5;0;328.43067193646646729;1158.3390236590323639;328.47607472068614243;1158.3486979831679946
-0.031395259764657033885;0.49901336421413577948;0;328.43067193646646729;1158.3390236590323639;328.47605220080055233;1158.3487179523385748
-0.062666616782152503862;0.49605735065723888244;0;328.43067193646646729;1158.3390236590323639;328.47601961547047722;1158.3487580893627182
-0.093690657292862744576;0.49114362536434424955;0;328.43067193646646729;1158.3390236590323639;328.4759766581677809;1158.3488168941028107
-0.12434494358242785539;0.484291580564315427;0;328.43067193646646729;1158.3390236590323639;328.47592278690137846;1158.348892375082869
-0.15450849718747419748;0.47552825814757659906;0;328.43067193646851365;1158.3390236590321365;328.47585743145799597;1158.3489822877866118
-0.18406227634233951473;0.46488824294412550708;0;328.43067193646646729;1158.3390236590323639;328.47578024229670746;1158.349084389534255
-0.21288964578253677384;0.45241352623300956637;0;328.43067193646646729;1158.3390236590323639;328.47569134499025267;1158.3491966577155381
-0.24087683705085810582;0.43815334002193151441;0;328.43067193646646729;1158.3390236590323639;328.47559156057303653;1158.3493174206628282
-0.26791339748949877242;0.42216396275100720459;0;328.43067193646851365;1158.3390236590321365;328.47548255340035439;1158.3494453614387112
-0.29389262614623706815;0.40450849718747333705;0;328.43067193646646729;1158.3390236590323639;328.47536687472069161;1158.3495793727906857
-0.31871199487434537234;0.38525662138789418254;0;328.43067193646646729;1158.3390236590323639;328.47524788205339519;1158.3497182642297503
-0.34227355296434486265;0.36448431371070527662;0;328.43067193646646729;1158.3390236590323639;328.47512953176311612;1158.3498603464847747
-0.36448431371070627582;0.34227355296434380794;0;328.43067193646646729;1158.3390236590323639;328.47501095324889775;1158.3500053814036619
-0.38525662138789512623;0.31871199487434426212;0;328.43067193646646729;1158.3390236590323639;328.47489573884519132;1158.3501535700656859
-0.40450849718747422523;0.29389262614623590242;0;328.43067193646646729;1158.3390236590323639;328.47478647882610403;1158.3503040677735498
-0.42216396275100803726;0.26791339748949755117;0;328.43067193646646729;1158.3390236590323639;328.47468545129424911;1158.3504555499403068
-0.43815334002193223606;0.24087683705085682906;0;328.43067193646646729;1158.3390236590323639;328.47459447958681267;1158.3506061154291729
-0.45241352623301017699;0.21288964578253544158;0;328.43067193646646729;1158.3390236590323639;328.47451483682459639;1158.3507532739247381
-0.46488824294412606219;0.18406227634233804369;0;328.43067193646646729;1158.3390236590323639;328.47444720852109867;1158.3508940251226704
-0.47552825814757709866;0.15450849718747269868;0;328.43067193646646729;1158.3390236590323639;328.47439171671430813;1158.3510250239532979
-0.48429158056431581558;0.12434494358242632883;0;328.43067193646851365;1158.3390236590321365;328.47434800107782848;1158.3511428146621256
-0.49114362536434452711;0.093690657292861190264;0;328.43067193646851365;1158.3390236590321365;328.47431534529698638;1158.3512441056691387
-0.49605735065723904897;0.062666616782150949549;0;328.43067193646646729;1158.3390236590323639;328.47429283061995875;1158.3513260514105241
-0.499013364214135835;0.031395259764655465695;0;328.43067193646851365;1158.3390236590321365;328.47427949597255292;1158.3513865053525933
-0.5;-1.2710352895928202744e-15;0;328.43067193646646729;1158.3390236590323639;328.47427448261890959;1158.3514242113180899
-0.49901336421413572397;-0.031395259764657998391;0;328.43067193646646729;1158.3390236590323639;328.47427714474332561;1158.3514389077722626
-0.49605735065723877142;-0.062666616782153475307;0;328.43067193646646729;1158.3390236590323639;328.47428711175757599;1158.3514313311713977
-0.49114362536434408302;-0.093690657292863688266;0;328.43067193646646729;1158.3390236590323639;328.47430429573262245;1158.3514031166093901
-0.48429158056431520496;-0.12434494358242879908;0;328.43067193646646729;1158.3390236590323639;328.47432884464535618;1158.3513566081094268
-0.4755282581475763215;-0.15450849718747511341;0;328.43067193646646729;1158.3390236590323639;328.47436105030874387;1158.351294602484586
-0.46488824294412511851;-0.18406227634234040291;0;328.43067193646851365;1158.3390236590321365;328.47440122554138497;1158.3512200593536363
-0.45241352623300906677;-0.21288964578253774529;0;328.43067193646851365;1158.3390236590321365;328.4744495693290105;1158.3511358152479715
-0.43815334002193101481;-0.2408768370508590495;0;328.43067193646646729;1158.3390236590323639;328.47450603999283203;1158.3510443380828292
-0.42216396275100664948;-0.26791339748949971611;0;328.43067193646646729;1158.3390236590323639;328.47457025463506852;1158.3509475544888119
-0.40450849718747272643;-0.29389262614623795633;0;328.43067193646646729;1158.3390236590323639;328.47464142909700513;1158.3508467711947105
-0.38525662138789351641;-0.31871199487434620501;0;328.43067193646646729;1158.3390236590323639;328.47471836672292511;1158.3507426999146901
-0.36448431371070455498;-0.3422735529643456398;0;328.43067193646646729;1158.3390236590323639;328.4747994971782532;1158.3506355800982419
-0.34227355296434297527;-0.36448431371070699747;0;328.43067193646851365;1158.3390236590321365;328.47488295978388351;1158.3505253806142719
-0.31871199487434342945;-0.38525662138789579236;0;328.43067193646646729;1158.3390236590323639;328.47496594660782421;1158.3504112518323836
-0.29389262614623518077;-0.40450849718747472483;0;328.43067193646646729;1158.3390236590323639;328.47504962878065271;1158.3502941440206087
-0.26791339748949705157;-0.42216396275100837032;0;328.43067193646646729;1158.3390236590323639;328.47513051887256097;1158.3501753130210545
-0.24087683705085646824;-0.4381533400219324581;0;328.43067193646646729;1158.3390236590323639;328.47520571423467572;1158.3500560992979445
-0.21288964578253527504;-0.4524135262330102325;0;328.43067193646851365;1158.3390236590321365;328.47527302298078666;1158.3499382744814739
-0.18406227634233807144;-0.46488824294412606219;0;328.43067193646646729;1158.3390236590323639;328.47533100431860476;1158.3498242235716589
-0.15450849718747294848;-0.47552825814757704315;0;328.43067193646646729;1158.3390236590323639;328.47537892100859835;1158.3497169493714409
-0.1243449435824267868;-0.48429158056431570456;0;328.43067193646646729;1158.3390236590323639;328.47541661659460033;1158.3496199116652861
-0.093690657292861884153;-0.49114362536434441608;0;328.43067193646646729;1158.3390236590323639;328.47544434105998334;1158.3495367376694958
-0.062666616782151865483;-0.49605735065723893795;0;328.43067193646646729;1158.3390236590323639;328.47546255422946615;1158.3494708586515571
-0.031395259764656603674;-0.49901336421413577948;0;328.43067193646646729;1158.3390236590323639;328.47547173722284697;1158.3494251361360057
-9.1848509936051484375e-17;-0.5;0;328.43067193646646729;1158.3390236590323639;328.47547223923646698;1158.3494015415799367
0.031395259764656416324;-0.49901336421413577948;0;328.43067193646851365;1158.3390236590321365;328.47546418079315345;1158.349400942099237
0.062666616782151671194;-0.49605735065723899346;0;328.43067193646646729;1158.3390236590323639;328.47544742642389792;1158.3494230272615368
0.093690657292861703742;-0.4911436253643444716;0;328.43067193646646729;1158.3390236590323639;328.47542163049843111;1158.3494663874228081
0.12434494358242660639;-0.48429158056431576007;0;328.43067193646646729;1158.3390236590323639;328.47538635030883825;1158.3495287294292666
0.15450849718747278194;-0.47552825814757709866;0;328.43067193646646729;1158.3390236590323639;328.47534121164261478;1158.3496071921322255
0.18406227634233790491;-0.46488824294412611771;0;328.43067193646646729;1158.3390236590323639;328.47528610421437634;1158.3496987069454462
0.21288964578253510851;-0.45241352623301034352;0;328.43067193646646729;1158.3390236590323639;328.47522137884038784;1158.3498003402526138
0.2408768370508563017;-0.43815334002193251361;0;328.43067193646646729;1158.3390236590323639;328.47514801576397758;1158.3499095555794156
0.26791339748949688504;-0.42216396275100842583;0;328.43067193646646729;1158.3390236590323639;328.4750677349618968;1158.3500243446899276
0.29389262614623506975;-0.40450849718747483585;0;328.43067193646646729;1158.3390236590323639;328.4749830254395988;1158.3501431960094123
0.31871199487434326292;-0.38525662138789590339;0;328.43067193646646729;1158.3390236590323639;328.47489708153983656;1158.3502648941002917
0.34227355296434269771;-0.36448431371070727502;0;328.43067193646851365;1158.3390236590321365;328.47481364964744444;1158.3503881702222316
0.36448431371070411089;-0.34227355296434608389;0;328.43067193646646729;1158.3390236590323639;328.47473186513190058;1158.3505120562363118
0.38525662138789296129;-0.31871199487434687114;0;328.43067193646646729;1158.3390236590323639;328.47465475860116157;1158.3506368643732003
0.4045084971874720603;-0.293892626146238789;0;328.43067193646851365;1158.3390236590321365;328.47458434810556582;1158.350762082465053
0.42216396275100598334;-0.26791339748950082633;0;328.43067193646646729;1158.3390236590323639;328.47452228488623405;1158.3508867747559634
0.43815334002193029317;-0.24087683705086038177;0;328.43067193646646729;1158.3390236590323639;328.4744697617633733;1158.3510094072212269
0.45241352623300834512;-0.21288964578253932736;0;328.43067193646646729;1158.3390236590323639;328.47442747075450598;1158.3511277606442036
0.46488824294412439686;-0.18406227634234223478;0;328.43067193646851365;1158.3390236590321365;328.47439561580387135;1158.3512389477384659
0.47552825814757565537;-0.15450849718747719508;0;328.43067193646646729;1158.3390236590323639;328.47437397898880818;1158.3513395371674051
0.48429158056431459434;-0.12434494358243111667;0;328.43067193646646729;1158.3390236590323639;328.47436203165142388;1158.3514257716567499
0.49114362536434358342;-0.093690657292866269534;0;328.43067193646851365;1158.3390236590321365;328.47435907552920753;1158.3514938556561447
0.49605735065723838284;-0.062666616782156292498;0;328.43067193646646729;1158.3390236590323639;328.47436439449893442;1158.3515402775042276
0.49901336421413550193;-0.031395259764661065383;0;328.43067193646646729;1158.3390236590323639;328.47437739603350337;1158.3515621273090801
