0.5;0;0;328.43067193646646729;1158.3390236590323639;328.51784580503266397;1158.3604769582514109
0.49901336421413577948;0.03139525976465668694;0;328.43067193646646729;1158.3390236590323639;328.5178733023403197;1158.3604621630611291
0.49605735065723893795;0.062666616782152129161;0;328.43067193646646729;1158.3390236590323639;328.51787143354368936;1158.360429705230672
0.49114362536434436057;0.093690657292862314365;0;328.43067193646646729;1158.3390236590323639;328.51784189742761555;1158.3603802887487291
0.48429158056431553803;0.12434494358242739742;0;328.43067193646646729;1158.3390236590323639;328.51778800698781424;1158.3603154571901541
0.47552825814757676559;0.15450849718747369788;0;328.43067193646851365;1158.3390236590321365;328.51771441457395895;1158.3602374079287074
0.46488824294412572913;0.18406227634233895962;0;328.43067193646646729;1158.3390236590323639;328.51762674967773137;1158.3601487437108517
0.45241352623300978841;0.212889645782536302;0;328.43067193646646729;1158.3390236590323639;328.51753120138334907;1158.3600521971770831
0.43815334002193179197;0.24087683705085760622;0;328.43067193646851365;1158.3390236590321365;328.51743408012703185;1158.3599503677555731
0.42216396275100759317;0.26791339748949827282;0;328.43067193646646729;1158.3390236590323639;328.51734139349258612;1158.3598455065264261
0.40450849718747372563;0.29389262614623651304;0;328.43067193646851365;1158.3390236590321365;328.51725846717090462;1158.3597393775087312
0.38525662138789468214;0.31871199487434481723;0;328.43067193646646729;1158.3390236590323639;328.51718963631441284;1158.3596332113561402
0.36448431371070583173;0.34227355296434425203;0;328.43067193646646729;1158.3390236590323639;328.51713802456811209;1158.3595277537949642
0.34227355296434441856;0.3644843137107056652;0;328.43067193646646729;1158.3390236590323639;328.51710541929446663;1158.3594233965595777
0.31871199487434492825;0.38525662138789451561;0;328.43067193646851365;1158.3390236590321365;328.5170914198336618;1158.3593199047529652
0.29389262614623667957;0.40450849718747361461;0;328.43067193646646729;1158.3390236590323639;328.51709809338092327;1158.3592176525471587
0.26791339748949838384;0.42216396275100748214;0;328.43067193646646729;1158.3390236590323639;328.5171210971018354;1158.3591180359483133
0.24087683705085766173;0.43815334002193179197;0;328.43067193646646729;1158.3390236590323639;328.5171567212586865;1158.3590220227836198
0.21288964578253632975;0.45241352623300978841;0;328.43067193646646729;1158.3390236590323639;328.51720137439434666;1158.3589307264123818
0.18406227634233893187;0.46488824294412572913;0;328.43067193646646729;1158.3390236590323639;328.51725128441120205;1158.3588457128228129
0.15450849718747364236;0.4755282581475768211;0;328.43067193646646729;1158.3390236590323639;328.51730240519214021;1158.3587690654799189
0.12434494358242727252;0.48429158056431559354;0;328.43067193646646729;1158.3390236590323639;328.51735049721469295;1158.358703253603835
0.093690657292862147831;0.49114362536434436057;0;328.43067193646646729;1158.3390236590323639;328.51739133628882428;1158.3586508641815271
0.062666616782151907117;0.49605735065723893795;0;328.43067193646646729;1158.3390236590323639;328.51742099677176157;1158.3586142646554435
0.031395259764656430201;0.49901336421413577948;0;328.43067193646851365;1158.3390236590321365;328.5174361549542823;1158.3585952633459328
-3.0245073740886312578e-16;0.5;0;328.43067193646646729;1158.3390236590323639;328.51743436339592108;1158.3585948274881048
-0.031395259764657033885;0.49901336421413577948;0;328.43067193646646729;1158.3390236590323639;328.51741425672832975;1158.3586129060220173
-0.062666616782152503862;0.49605735065723888244;0;328.43067193646646729;1158.3390236590323639;328.51737566254462308;1158.3586483872502413
-0.093690657292862744576;0.49114362536434424955;0;328.43067193646646729;1158.3390236590323639;328.51731960577262726;1158.3586992013053987
-0.12434494358242785539;0.484291580564315427;0;328.43067193646646729;1158.3390236590323639;328.51724821050754599;1158.3587625562768153
-0.15450849718747419748;0.47552825814757659906;0;328.43067193646851365;1158.3390236590321365;328.51716451789530993;1158.3588352763147213
-0.18406227634233951473;0.46488824294412550708;0;328.43067193646646729;1158.3390236590323639;328.51707225161760562;1158.3589141928694062
-0.21288964578253677384;0.45241352623300956637;0;328.43067193646646729;1158.3390236590323639;328.51697557236360581;1158.3589965270143693
-0.24087683705085810582;0.43815334002193151441;0;328.43067193646646729;1158.3390236590323639;328.51687886827312468;1158.35908019504609
-0.26791339748949877242;0.42216396275100720459;0;328.43067193646851365;1158.3390236590321365;328.51678662896023297;1158.359163970955251
-0.29389262614623706815;0.40450849718747333705;0;328.43067193646646729;1158.3390236590323639;328.51670344545323132;1158.3592474501915603
-0.31871199487434537234;0.38525662138789418254;0;328.43067193646646729;1158.3390236590323639;328.51663416749670432;1158.3593307781172825
-0.34227355296434486265;0.36448431371070527662;0;328.43067193646646729;1158.3390236590323639;328.51658423374249196;1158.3594141332357594
-0.36448431371070627582;0.34227355296434380794;0;328.43067193646646729;1158.3390236590323639;328.51655533212851878;1158.3594971595309744
-0.38525662138789512623;0.31871199487434426212;0;328.43067193646646729;1158.3390236590323639;328.51654947880615509;1158.359580125594448
-0.40450849718747422523;0.29389262614623590242;0;328.43067193646646729;1158.3390236590323639;328.51656687473172269;1158.3596632260214392
-0.42216396275100803726;0.26791339748949755117;0;328.43067193646646729;1158.3390236590323639;328.5166062068891506;1158.3597462004836416
-0.43815334002193223606;0.24087683705085682906;0;328.43067193646646729;1158.3390236590323639;328.51666468776102192;1158.3598281759411748
-0.45241352623301017699;0.21288964578253544158;0;328.43067193646646729;1158.3390236590323639;328.51673821132243347;1158.3599076053906174
-0.46488824294412606219;0.18406227634233804369;0;328.43067193646646729;1158.3390236590323639;328.51682161887373468;1158.3599823166380247
-0.47552825814757709866;0.15450849718747269868;0;328.43067193646646729;1158.3390236590323639;328.51690905741230608;1158.3600496679514436
-0.48429158056431581558;0.12434494358242632883;0;328.43067193646851365;1158.3390236590321365;328.51699440364222937;1158.3601067932343085
-0.49114362536434452711;0.093690657292861190264;0;328.43067193646851365;1158.3390236590321365;328.51707171942507557;1158.3601509051609355
-0.49605735065723904897;0.062666616782150949549;0;328.43067193646646729;1158.3390236590323639;328.51713570050901581;1158.3601796165323776
-0.499013364214135835;0.031395259764655465695;0;328.43067193646851365;1158.3390236590321365;328.51718207970947105;1158.360191235886532
-0.5;-1.2710352895928202744e-15;0;328.43067193646646729;1158.3390236590323639;328.51720794967576467;1158.3601849966844384
-0.49901336421413572397;-0.031395259764657998391;0;328.43067193646646729;1158.3390236590323639;328.51721197696372201;1158.3601611870403758
-0.49605735065723877142;-0.062666616782153475307;0;328.43067193646646729;1158.3390236590323639;328.51719448949359048;1158.3601211600064289
-0.49114362536434408302;-0.093690657292863688266;0;328.43067193646646729;1158.3390236590323639;328.51715743068984921;1158.3600672203613158
-0.48429158056431520496;-0.12434494358242879908;0;328.43067193646646729;1158.3390236590323639;328.51710418608763575;1158.3600024002239479
-0.4755282581475763215;-0.15450849718747511341;0;328.43067193646646729;1158.3390236590323639;328.51703929912775948;1158.3599301511978865
-0.46488824294412511851;-0.18406227634234040291;0;328.43067193646851365;1158.3390236590321365;328.51696810244669678;1158.359853991991713
-0.45241352623300906677;-0.21288964578253774529;0;328.43067193646851365;1158.3390236590321365;328.51689629742861598;1158.3597771569941415
-0.43815334002193101481;-0.2408768370508590495;0;328.43067193646646729;1158.3390236590323639;328.51682951778781216;1158.3597022916937931
-0.42216396275100664948;-0.26791339748949971611;0;328.43067193646646729;1158.3390236590323639;328.51677291289342975;1158.3596312342688179
-0.40450849718747272643;-0.29389262614623795633;0;328.43067193646646729;1158.3390236590323639;328.51673078274933459;1158.3595649118637994
-0.38525662138789351641;-0.31871199487434620501;0;328.43067193646646729;1158.3390236590323639;328.51670629062289208;1158.3595033635883738
-0.36448431371070455498;-0.3422735529643456398;0;328.43067193646646729;1158.3390236590323639;328.51670127121565201;1158.3594458863922227
-0.34227355296434297527;-0.36448431371070699747;0;328.43067193646851365;1158.3390236590321365;328.51671614318814818;1158.3593912813366842
-0.31871199487434342945;-0.38525662138789579236;0;328.43067193646646729;1158.3390236590323639;328.51674982562792593;1158.3593392068357844
-0.29389262614623518077;-0.40450849718747472483;0;328.43067193646646729;1158.3390236590323639;328.51680094012914424;1158.359286364665877
-0.26791339748949705157;-0.42216396275100837032;0;328.43067193646646729;1158.3390236590323639;328.51686475930313236;1158.3592334264355941
-0.24087683705085646824;-0.4381533400219324581;0;328.43067193646646729;1158.3390236590323639;328.51693687118495291;1158.359180557540185
-0.21288964578253527504;-0.4524135262330102325;0;328.43067193646851365;1158.3390236590321365;328.51701289604721978;1158.3591281367919237
-0.18406227634233807144;-0.46488824294412606219;0;328.43067193646646729;1158.3390236590323639;328.51708837497142213;1158.359077203549532
-0.15450849718747294848;-0.47552825814757704315;0;328.43067193646646729;1158.3390236590323639;328.51715881336247094;1158.359029619859939
-0.1243449435824267868;-0.48429158056431570456;0;328.43067193646646729;1158.3390236590323639;328.51721984568865764;1158.3589879751946228
-0.093690657292861884153;-0.49114362536434441608;0;328.43067193646646729;1158.3390236590323639;328.51726747777456694;1158.3589552925845965
-0.062666616782151865483;-0.49605735065723893795;0;328.43067193646646729;1158.3390236590323639;328.51729835995519124;1158.3589346150301935
-0.031395259764656603674;-0.49901336421413577948;0;328.43067193646646729;1158.3390236590323639;328.51731004743726317;1158.3589285587406721
-9.1848509936051484375e-17;-0.5;0;328.43067193646646729;1158.3390236590323639;328.51730121135744866;1158.3589389154160472
0.031395259764656416324;-0.49901336421413577948;0;328.43067193646851365;1158.3390236590321365;328.51727177377182443;1158.358966370825101
0.062666616782151671194;-0.49605735065723899346;0;328.43067193646646729;1158.3390236590323639;328.51722295035040133;1158.3590103848644048
0.093690657292861703742;-0.4911436253643444716;0;328.43067193646646729;1158.3390236590323639;328.51715719529528315;1158.3590692502073125
0.12434494358242660639;-0.48429158056431576007;0;328.43067193646646729;1158.3390236590323639;328.51707805350167746;1158.3591403183788771
0.15450849718747278194;-0.47552825814757709866;0;328.43067193646646729;1158.3390236590323639;328.51698993542373728;1158.3592203542793868
0.18406227634233790491;-0.46488824294412611771;0;328.43067193646646729;1158.3390236590323639;328.51689784015752593;1158.3593059578211069
0.21288964578253510851;-0.45241352623301034352;0;328.43067193646646729;1158.3390236590323639;328.5168070616664977;1158.3593939757433873
0.2408768370508563017;-0.43815334002193251361;0;328.43067193646646729;1158.3390236590323639;328.51672292035493683;1158.3594818206834134
0.26791339748949688504;-0.42216396275100842583;0;328.43067193646646729;1158.3390236590323639;328.51665056603422954;1158.3595676188647303
0.29389262614623506975;-0.40450849718747483585;0;328.43067193646646729;1158.3390236590323639;328.51659489633431122;1158.3596501235413143
0.31871199487434326292;-0.38525662138789590339;0;328.43067193646646729;1158.3390236590323639;328.51656062580030948;1158.3597283567887644
0.34227355296434269771;-0.36448431371070727502;0;328.43067193646851365;1158.3390236590321365;328.51655252424495757;1158.3598009765560164
0.36448431371070411089;-0.34227355296434608389;0;328.43067193646646729;1158.3390236590323639;328.51657126422509236;1158.3598701221278588
0.38525662138789296129;-0.31871199487434687114;0;328.43067193646646729;1158.3390236590323639;328.51661799153578158;1158.3599370464091862
0.4045084971874720603;-0.293892626146238789;0;328.43067193646851365;1158.3390236590321365;328.51669181513722151;1158.3600028961463977
0.42216396275100598334;-0.26791339748950082633;0;328.43067193646646729;1158.3390236590323639;328.51679022875447345;1158.3600685126600638
0.43815334002193029317;-0.24087683705086038177;0;328.43067193646646729;1158.3390236590323639;328.51690919676968861;1158.360134178996077
0.45241352623300834512;-0.21288964578253932736;0;328.43067193646646729;1158.3390236590323639;328.51704335115573485;1158.3601994519633536
0.46488824294412439686;-0.18406227634234223478;0;328.43067193646851365;1158.3390236590321365;328.51718629191651644;1158.3602631022245077
0.47552825814757565537;-0.15450849718747719508;0;328.43067193646646729;1158.3390236590323639;328.51733097333010392;1158.3603231711945227
0.48429158056431459434;-0.12434494358243111667;0;328.43067193646646729;1158.3390236590323639;328.51747014989456375;1158.3603771363214037
0.49114362536434358342;-0.093690657292866269534;0;328.43067193646851365;1158.3390236590321365;328.51759684910592796;1158.3604221624068487
0.49605735065723838284;-0.062666616782156292498;0;328.43067193646646729;1158.3390236590323639;328.51770483414475166;1158.3604554043995449
0.49901336421413550193;-0.031395259764661065383;0;328.43067193646646729;1158.3390236590323639;328.51778901944072686;1158.3604743211615187
