0.5;0;0;328.43067193646646729;1158.3390236590323639;334.61377626971653854;1159.6387050078369612
0.49901336421413577948;0.03139525976465668694;0;328.43067193646646729;1158.3390236590323639;334.6136933230840782;1159.6384481292800501
0.49605735065723893795;0.062666616782152129161;0;328.43067193646646729;1158.3390236590323639;334.61345498034023649;1159.6377101438642967
0.49114362536434436057;0.093690657292862314365;0;328.43067193646646729;1158.3390236590323639;334.61309154056897341;1159.6365848336872659
0.48429158056431553803;0.12434494358242739742;0;328.43067193646646729;1158.3390236590323639;334.6126491136627692;1159.6352149307338095
0.47552825814757676559;0.15450849718747369788;0;328.43067193646851365;1158.3390236590321365;334.61218366078981035;1159.6337736821280942
0.46488824294412572913;0.18406227634233895962;0;328.43067193646646729;1158.3390236590323639;334.61175380898930598;1159.6324426145113193
0.45241352623300978841;0.212889645782536302;0;328.43067193646646729;1158.3390236590323639;334.6114134030883065;1159.6313884738483466
0.43815334002193179197;0.24087683705085760622;0;328.43067193646851365;1158.3390236590321365;334.61120478621830898;1159.6307424084438935
0.42216396275100759317;0.26791339748949827282;0;328.43067193646646729;1158.3390236590323639;334.6111536924283314;1159.6305841347639216
0.40450849718747372563;0.29389262614623651304;0;328.43067193646851365;1158.3390236590321365;334.61126640707476554;1159.630933124368994
0.38525662138789468214;0.31871199487434481723;0;328.43067193646646729;1158.3390236590323639;334.61152953509571262;1159.6317478745434073
0.36448431371070583173;0.34227355296434425203;0;328.43067193646646729;1158.3390236590323639;334.61191235841749858;1159.6329332110663017
0.34227355296434441856;0.3644843137107056652;0;328.43067193646646729;1158.3390236590323639;334.6123714111857339;1159.6343544745375311
0.31871199487434492825;0.38525662138789451561;0;328.43067193646851365;1158.3390236590321365;334.61285660416012888;1159.6358565137920777
0.29389262614623667957;0.40450849718747361461;0;328.43067193646646729;1158.3390236590323639;334.61331802767404042;1159.6372847798122621
0.26791339748949838384;0.42216396275100748214;0;328.43067193646646729;1158.3390236590323639;334.61371248334114625;1159.6385055667951747
0.24087683705085766173;0.43815334002193179197;0;328.43067193646646729;1158.3390236590323639;334.61400884790003829;1159.6394226156467084
0.21288964578253632975;0.45241352623300978841;0;328.43067193646646729;1158.3390236590323639;334.61419155025424743;1159.6399878523009193
0.18406227634233893187;0.46488824294412572913;0;328.43067193646646729;1158.3390236590323639;334.6142617188330064;1159.6402048973466208
0.15450849718747364236;0.4755282581475768211;0;328.43067193646646729;1158.3390236590323639;334.61423589248704502;1159.6401250303540564
0.12434494358242727252;0.48429158056431559354;0;328.43067193646646729;1158.3390236590323639;334.61414253635024352;1159.6398363723794773
0.093690657292862147831;0.49114362536434436057;0;328.43067193646646729;1158.3390236590323639;334.61401691555488469;1159.6394480105884668
0.062666616782151907117;0.49605735065723893795;0;328.43067193646646729;1158.3390236590323639;334.6138951103165482;1159.6390714939107056
0.031395259764656430201;0.49901336421413577948;0;328.43067193646851365;1158.3390236590321365;334.61380807280585259;1159.6388024803381995
-3.0245073740886312578e-16;0.5;0;328.43067193646646729;1158.3390236590323639;334.61377661284257101;1159.6387052665190822
-0.031395259764657033885;0.49901336421413577948;0;328.43067193646646729;1158.3390236590323639;334.61380805748177636;1159.6388024881143792
-0.062666616782152503862;0.49605735065723888244;0;328.43067193646646729;1158.3390236590323639;334.61389507972745605;1159.6390715094380539
-0.093690657292862744576;0.49114362536434424955;0;328.43067193646646729;1158.3390236590323639;334.61401686981326975;1159.6394480338065023
-0.12434494358242785539;0.484291580564315427;0;328.43067193646646729;1158.3390236590323639;334.61414247562544233;1159.6398364032008885
-0.15450849718747419748;0.47552825814757659906;0;328.43067193646851365;1158.3390236590321365;334.61423581700336172;1159.6401250686656113
-0.18406227634233951473;0.46488824294412550708;0;328.43067193646646729;1158.3390236590323639;334.61426162886908742;1159.6402049430062107
-0.21288964578253677384;0.45241352623300956637;0;328.43067193646646729;1158.3390236590323639;334.61419144614569632;1159.639987905138014
-0.24087683705085810582;0.43815334002193151441;0;328.43067193646646729;1158.3390236590323639;334.61400873003441347;1159.6394226754696319
-0.26791339748949877242;0.42216396275100720459;0;328.43067193646851365;1158.3390236590321365;334.61371235216114428;1159.6385056333831471
-0.29389262614623706815;0.40450849718747333705;0;328.43067193646646729;1158.3390236590323639;334.61331788367471063;1159.6372848529244948
-0.31871199487434537234;0.38525662138789418254;0;328.43067193646646729;1158.3390236590323639;334.61285644787790261;1159.6358565931582234
-0.34227355296434486265;0.36448431371070527662;0;328.43067193646646729;1158.3390236590323639;334.61237124321445435;1159.6343545598683704
-0.36448431371070627582;0.34227355296434380794;0;328.43067193646646729;1158.3390236590323639;334.61191217939466469;1159.632933302044421
-0.38525662138789512623;0.31871199487434426212;0;328.43067193646646729;1158.3390236590323639;334.61152934570168327;1159.631747970836841
-0.40450849718747422523;0.29389262614623590242;0;328.43067193646646729;1158.3390236590323639;334.61126620803054266;1159.6309332256214475
-0.42216396275100803726;0.26791339748949755117;0;328.43067193646646729;1158.3390236590323639;334.61115348449777684;1159.6305842405984095
-0.43815334002193223606;0.24087683705085682906;0;328.43067193646646729;1158.3390236590323639;334.61120457019546848;1159.6307425184629665
-0.45241352623301017699;0.21288964578253544158;0;328.43067193646646729;1158.3390236590323639;334.6114131798044582;1159.631388587636593
-0.46488824294412606219;0.18406227634233804369;0;328.43067193646646729;1158.3390236590323639;334.61175357930216023;1159.632442731636047
-0.47552825814757709866;0.15450849718747269868;0;328.43067193646646729;1158.3390236590323639;334.61218342558464656;1159.6337738021375117
-0.48429158056431581558;0.12434494358242632883;0;328.43067193646851365;1158.3390236590321365;334.61264887385021893;1159.6352150531620282
-0.49114362536434452711;0.093690657292861190264;0;328.43067193646851365;1158.3390236590321365;334.61309129707854026;1159.6365849580558915
-0.49605735065723904897;0.062666616782150949549;0;328.43067193646646729;1158.3390236590323639;334.61345473411569174;1159.6377102696842485
-0.499013364214135835;0.031395259764655465695;0;328.43067193646851365;1158.3390236590321365;334.61369307508357451;1159.6384482560545166
-0.5;-1.2710352895928202744e-15;0;328.43067193646646729;1158.3390236590323639;334.61377602090914252;1159.6387051350575348
-0.49901336421413572397;-0.031395259764657998391;0;328.43067193646646729;1158.3390236590323639;334.6136930145705719;1159.6384482316907452
-0.49605735065723877142;-0.062666616782153475307;0;328.43067193646646729;1158.3390236590323639;334.61345461333138473;1159.63771022105675
-0.49114362536434408302;-0.093690657292863688266;0;328.43067193646646729;1158.3390236590323639;334.61309111650450632;1159.6365848853622538
-0.48429158056431520496;-0.12434494358242879908;0;328.43067193646646729;1158.3390236590323639;334.61264863420535676;1159.6352149566932894
-0.4755282581475763215;-0.15450849718747511341;0;328.43067193646646729;1158.3390236590323639;334.61218312782477824;1159.6337736822817988
-0.46488824294412511851;-0.18406227634234040291;0;328.43067193646851365;1158.3390236590321365;334.61175322461434689;1159.632442588878348
-0.45241352623300906677;-0.21288964578253774529;0;328.43067193646851365;1158.3390236590321365;334.6114127696041578;1159.6313884225417041
-0.43815334002193101481;-0.2408768370508590495;0;328.43067193646646729;1158.3390236590323639;334.61120410612153364;1159.6307423316866334
-0.42216396275100664948;-0.26791339748949971611;0;328.43067193646646729;1158.3390236590323639;334.61115296840375777;1159.6305840328755039
-0.40450849718747272643;-0.29389262614623795633;0;328.43067193646646729;1158.3390236590323639;334.61126564198139022;1159.6309329977686957
-0.38525662138789351641;-0.31871199487434620501;0;328.43067193646646729;1158.3390236590323639;334.6115287319605045;1159.6317477237403182
-0.36448431371070455498;-0.3422735529643456398;0;328.43067193646646729;1158.3390236590323639;334.61191152041647001;1159.6329330366665999
-0.34227355296434297527;-0.36448431371070699747;0;328.43067193646851365;1158.3390236590321365;334.61237054163467519;1159.6343542772301589
-0.31871199487434342945;-0.38525662138789579236;0;328.43067193646646729;1158.3390236590323639;334.61285570649988586;1159.6358562943564721
-0.29389262614623518077;-0.40450849718747472483;0;328.43067193646646729;1158.3390236590323639;334.61331710545800888;1159.6372845391081228
-0.26791339748949705157;-0.42216396275100837032;0;328.43067193646646729;1158.3390236590323639;334.61371154021151142;1159.6385053057649657
-0.24087683705085646824;-0.4381533400219324581;0;328.43067193646646729;1158.3390236590323639;334.61400788759146963;1159.6394223353120196
-0.21288964578253527504;-0.4524135262330102325;0;328.43067193646851365;1158.3390236590321365;334.61419057656314635;1159.6399875537583739
-0.18406227634233807144;-0.46488824294412606219;0;328.43067193646646729;1158.3390236590323639;334.61426073560238592;1159.6402045817656017
-0.15450849718747294848;-0.47552825814757704315;0;328.43067193646646729;1158.3390236590323639;334.61423490360010646;1159.640124698973068
-0.1243449435824267868;-0.48429158056431570456;0;328.43067193646646729;1158.3390236590323639;334.61414154570871915;1159.6398360265015981
-0.093690657292861884153;-0.49114362536434441608;0;328.43067193646646729;1158.3390236590323639;334.61401592706727115;1159.639447651574983
-0.062666616782151865483;-0.49605735065723893795;0;328.43067193646646729;1158.3390236590323639;334.61389412787895026;1159.6390711231786099
-0.031395259764656603674;-0.49901336421413577948;0;328.43067193646646729;1158.3390236590323639;334.61380710029243346;1159.6388020993540522
-9.1848509936051484375e-17;-0.5;0;328.43067193646646729;1158.3390236590323639;334.61377565408719192;1159.6387048767940087
0.031395259764656416324;-0.49901336421413577948;0;328.43067193646851365;1158.3390236590321365;334.61380711626344464;1159.6388020911940657
0.062666616782151671194;-0.49605735065723899346;0;328.43067193646646729;1158.3390236590323639;334.61389415975435213;1159.6390711068897872
0.093690657292861703742;-0.4911436253643444716;0;328.43067193646646729;1158.3390236590323639;334.6140159747128564;1159.6394476272314478
0.12434494358242660639;-0.48429158056431576007;0;328.43067193646646729;1158.3390236590323639;334.61414160892468317;1159.6398359942061234
0.15450849718747278194;-0.47552825814757709866;0;328.43067193646646729;1158.3390236590323639;334.61423498212155891;1159.6401246588625327
0.18406227634233790491;-0.46488824294412611771;0;328.43067193646646729;1158.3390236590323639;334.61426082910008972;1159.6402045340137192
0.21288964578253510851;-0.45241352623301034352;0;328.43067193646646729;1158.3390236590323639;334.61419068464533666;1159.6399874985604583
0.2408768370508563017;-0.43815334002193251361;0;328.43067193646646729;1158.3390236590323639;334.61400800980766235;1159.6394222729020385
0.26791339748949688504;-0.42216396275100842583;0;328.43067193646646729;1158.3390236590323639;334.61371167605068422;1159.6385052364048533
0.29389262614623506975;-0.40450849718747483585;0;328.43067193646646729;1158.3390236590323639;334.61331725434990858;1159.6372844630845975
0.31871199487434326292;-0.38525662138789590339;0;328.43067193646646729;1158.3390236590323639;334.61285586782844348;1159.6358562119824001
0.34227355296434269771;-0.36448431371070727502;0;328.43067193646851365;1158.3390236590321365;334.61237071472680782;1159.6343541888466007
0.36448431371070411089;-0.34227355296434608389;0;328.43067193646646729;1158.3390236590323639;334.61191170455538213;1159.632932942631669
0.38525662138789296129;-0.31871199487434687114;0;328.43067193646646729;1158.3390236590323639;334.61152892638421008;1159.6317476244398676
0.4045084971874720603;-0.293892626146238789;0;328.43067193646851365;1158.3390236590321365;334.61126584589021604;1159.6309328936054044
0.42216396275100598334;-0.26791339748950082633;0;328.43067193646646729;1158.3390236590323639;334.61115318095750126;1159.6305839242736511
0.43815334002193029317;-0.24087683705086038177;0;328.43067193646646729;1158.3390236590323639;334.61120432645356004;1159.6307422190841407
0.45241352623300834512;-0.21288964578253932736;0;328.43067193646646729;1158.3390236590323639;334.61141299681838746;1159.6313883063960475
0.46488824294412439686;-0.18406227634234223478;0;328.43067193646851365;1158.3390236590321365;334.6117534577900301;1159.6324424696606457
0.47552825814757565537;-0.15450849718747719508;0;328.43067193646646729;1158.3390236590323639;334.6121833660225775;1159.6337735604754471
0.48429158056431459434;-0.12434494358243111667;0;328.43067193646646729;1158.3390236590323639;334.61264887647030264;1159.6352148327891882
0.49114362536434358342;-0.093690657292866269534;0;328.43067193646851365;1158.3390236590321365;334.61309136186929436;1159.6365847598647179
0.49605735065723838284;-0.062666616782156292498;0;328.43067193646646729;1158.3390236590323639;334.61345486082268508;1159.637710094474869
0.49901336421413550193;-0.031395259764661065383;0;328.43067193646646729;1158.3390236590323639;334.61369326320937034;1159.6384481045326993
