0.5;0;0;328.43067193646646729;1158.3390236590323639;328.88669468055911693;1158.4408845750097043
0.49901336421413577948;0.03139525976465668694;0;328.43067193646646729;1158.3390236590323639;328.88668929659445439;1158.4408633105022091
0.49605735065723893795;0.062666616782152129161;0;328.43067193646646729;1158.3390236590323639;328.88667450103139345;1158.4408068264867779
0.49114362536434436057;0.093690657292862314365;0;328.43067193646646729;1158.3390236590323639;328.88665218567740567;1158.4407220578302713
0.48429158056431553803;0.12434494358242739742;0;328.43067193646646729;1158.3390236590323639;328.88662524173173551;1158.4406195694914459
0.47552825814757676559;0.15450849718747369788;0;328.43067193646851365;1158.3390236590321365;328.88659717275743333;1158.4405121956438052
0.46488824294412572913;0.18406227634233895962;0;328.43067193646646729;1158.3390236590323639;328.88657162879468387;1158.4404133967598227
0.45241352623300978841;0.212889645782536302;0;328.43067193646646729;1158.3390236590323639;328.88655192532888805;1158.4403355544036458
0.43815334002193179197;0.24087683705085760622;0;328.43067193646851365;1158.3390236590321365;328.88654061246444371;1158.440288430257624
0.42216396275100759317;0.26791339748949827282;0;328.43067193646646729;1158.3390236590323639;328.88653915236335479;1158.4402779917384123
0.40450849718747372563;0.29389262614623651304;0;328.43067193646851365;1158.3390236590321365;328.88654774756770394;1158.4403057549816367
0.38525662138789468214;0.31871199487434481723;0;328.43067193646646729;1158.3390236590323639;328.88656534165914991;1158.4403687239619103
0.36448431371070583173;0.34227355296434425203;0;328.43067193646646729;1158.3390236590323639;328.88658978992663151;1158.4404599223364585
0.34227355296434441856;0.3644843137107056652;0;328.43067193646646729;1158.3390236590323639;328.88661817401464305;1158.4405694337187924
0.31871199487434492825;0.38525662138789451561;0;328.43067193646851365;1158.3390236590321365;328.88664726211760581;1158.4406854880010087
0.29389262614623667957;0.40450849718747361461;0;328.43067193646646729;1158.3390236590323639;328.88667553776332397;1158.4407979287168473
0.26791339748949838384;0.42216396275100748214;0;328.43067193646646729;1158.3390236590323639;328.88669759215628119;1158.4408956241372834
0.24087683705085766173;0.43815334002193179197;0;328.43067193646646729;1158.3390236590323639;328.8867112298343045;1158.4409709760325313
0.21288964578253632975;0.45241352623300978841;0;328.43067193646646729;1158.3390236590323639;328.88671633205916578;1158.4410204140071983
0.18406227634233893187;0.46488824294412572913;0;328.43067193646646729;1158.3390236590323639;328.88671410768643;1158.4410443438459879
0.15450849718747364236;0.4755282581475768211;0;328.43067193646646729;1158.3390236590323639;328.88670658559288995;1158.4410466201861709
0.12434494358242727252;0.48429158056431559354;0;328.43067193646646729;1158.3390236590323639;328.88669623047132973;1158.4410336342043593
0.093690657292862147831;0.49114362536434436057;0;328.43067193646646729;1158.3390236590323639;328.88668560746378944;1158.4410131357192313
0.062666616782151907117;0.49605735065723893795;0;328.43067193646646729;1158.3390236590323639;328.88667706673760449;1158.440992937300507
0.031395259764656430201;0.49901336421413577948;0;328.43067193646851365;1158.3390236590321365;328.88667245586327681;1158.4409796651077613
-3.0245073740886312578e-16;0.5;0;328.43067193646646729;1158.3390236590323639;328.88667288916434472;1158.4409777194275648
-0.031395259764657033885;0.49901336421413577948;0;328.43067193646646729;1158.3390236590323639;328.88667860773568918;1158.440988584650313
-0.062666616782152503862;0.49605735065723888244;0;328.43067193646646729;1158.3390236590323639;328.88668895358006239;1158.4410105834804199
-0.093690657292862744576;0.49114362536434424955;0;328.43067193646646729;1158.3390236590323639;328.88670246180004142;1158.4410391117146446
-0.12434494358242785539;0.484291580564315427;0;328.43067193646646729;1158.3390236590323639;328.88671705294933645;1158.4410673244044574
-0.15450849718747419748;0.47552825814757659906;0;328.43067193646851365;1158.3390236590321365;328.88673029109429535;1158.4410871838308594
-0.18406227634233951473;0.46488824294412550708;0;328.43067193646646729;1158.3390236590323639;328.88673966779867897;1158.4410907316957946
-0.21288964578253677384;0.45241352623300956637;0;328.43067193646646729;1158.3390236590323639;328.88674288249603705;1158.441071419514401
-0.24087683705085810582;0.43815334002193151441;0;328.43067193646646729;1158.3390236590323639;328.8867381159004708;1158.4410253225244105
-0.26791339748949877242;0.42216396275100720459;0;328.43067193646851365;1158.3390236590321365;328.88672433165032771;1158.4409520722017533
-0.29389262614623706815;0.40450849718747333705;0;328.43067193646646729;1158.3390236590323639;328.88670168516847525;1158.4408553628065874
-0.31871199487434537234;0.38525662138789418254;0;328.43067193646646729;1158.3390236590323639;328.88667215603982186;1158.4407429114071419
-0.34227355296434486265;0.36448431371070527662;0;328.43067193646646729;1158.3390236590323639;328.88664053819843502;1158.4406257698133231
-0.36448431371070627582;0.34227355296434380794;0;328.43067193646646729;1158.3390236590323639;328.88660939063856858;1158.4405144246336476
-0.38525662138789512623;0.31871199487434426212;0;328.43067193646646729;1158.3390236590323639;328.88658192670521885;1158.4404207489753844
-0.40450849718747422523;0.29389262614623590242;0;328.43067193646646729;1158.3390236590323639;328.88656122690565553;1158.4403547954202622
-0.42216396275100803726;0.26791339748949755117;0;328.43067193646646729;1158.3390236590323639;328.8865495850602656;1158.440323662038054
-0.43815334002193223606;0.24087683705085682906;0;328.43067193646646729;1158.3390236590323639;328.88654818510570976;1158.4403304455081525
-0.45241352623301017699;0.21288964578253544158;0;328.43067193646646729;1158.3390236590323639;328.88655692375078843;1158.4403737051654844
-0.46488824294412606219;0.18406227634233804369;0;328.43067193646646729;1158.3390236590323639;328.88657440520506725;1158.4404475222504516
-0.47552825814757709866;0.15450849718747269868;0;328.43067193646646729;1158.3390236590323639;328.88659811060091442;1158.4405421578387632
-0.48429158056431581558;0.12434494358242632883;0;328.43067193646851365;1158.3390236590321365;328.88662472067602494;1158.4406452303303467
-0.49114362536434452711;0.093690657292861190264;0;328.43067193646851365;1158.3390236590321365;328.88665054896426909;1158.4407432614473237
-0.49605735065723904897;0.062666616782150949549;0;328.43067193646646729;1158.3390236590323639;328.88667202726747973;1158.4408233880283206
-0.499013364214135835;0.031395259764655465695;0;328.43067193646851365;1158.3390236590321365;328.88668617769872071;1158.4408750121963294
-0.5;-1.2710352895928202744e-15;0;328.43067193646646729;1158.3390236590323639;328.88669100714167826;1158.4408911700618319
-0.49901336421413572397;-0.031395259764657998391;0;328.43067193646646729;1158.3390236590323639;328.88668577052146702;1158.4408694351825488
-0.49605735065723877142;-0.062666616782153475307;0;328.43067193646646729;1158.3390236590323639;328.88667106714871124;1158.4408122358670425
-0.49114362536434408302;-0.093690657292863688266;0;328.43067193646646729;1158.3390236590323639;328.88664875734394855;1158.4407265435602312
-0.48429158056431520496;-0.12434494358242879908;0;328.43067193646646729;1158.3390236590323639;328.88662171114361854;1158.440622974577991
-0.4755282581475763215;-0.15450849718747511341;0;328.43067193646646729;1158.3390236590323639;328.886593423975512;1158.4405144257525535
-0.46488824294412511851;-0.18406227634234040291;0;328.43067193646851365;1158.3390236590321365;328.88656755210098481;1158.4404144271927635
-0.45241352623300906677;-0.21288964578253774529;0;328.43067193646851365;1158.3390236590321365;328.88654743142450343;1158.4403354319324535
-0.43815334002193101481;-0.2408768370508590495;0;328.43067193646646729;1158.3390236590323639;328.88653564505364102;1158.4402872696566646
-0.42216396275100664948;-0.26791339748949971611;0;328.43067193646646729;1158.3390236590323639;328.88653369778097613;1158.4402759670638261
-0.40450849718747272643;-0.29389262614623795633;0;328.43067193646646729;1158.3390236590323639;328.88654184037312689;1158.4403030862508786
-0.38525662138789351641;-0.31871199487434620501;0;328.43067193646646729;1158.3390236590323639;328.88655906563184317;1158.4403656601668899
-0.36448431371070455498;-0.3422735529643456398;0;328.43067193646646729;1158.3390236590323639;328.88658327415271287;1158.4404567222688911
-0.34227355296434297527;-0.36448431371070699747;0;328.43067193646851365;1158.3390236590321365;328.88661158448138622;1158.4405663461532185
-0.31871199487434342945;-0.38525662138789579236;0;328.43067193646646729;1158.3390236590323639;328.88664071523839993;1158.4406828778180625
-0.29389262614623518077;-0.40450849718747472483;0;328.43067193646646729;1158.3390236590323639;328.8866698865839453;1158.4407957242342491
-0.26791339748949705157;-0.42216396275100837032;0;328.43067193646646729;1158.3390236590323639;328.88669267115886896;1158.4408939115799058
-0.24087683705085646824;-0.4381533400219324581;0;328.43067193646646729;1158.3390236590323639;328.88670666374741813;1158.440969837230341
-0.21288964578253527504;-0.4524135262330102325;0;328.43067193646851365;1158.3390236590321365;328.88671193657961567;1158.4410198835330448
-0.18406227634233807144;-0.46488824294412606219;0;328.43067193646646729;1158.3390236590323639;328.88670998863352679;1158.4410444085813197
-0.15450849718747294848;-0.47552825814757704315;0;328.43067193646646729;1158.3390236590323639;328.88670305176788133;1158.4410472248034694
-0.1243449435824267868;-0.48429158056431570456;0;328.43067193646646729;1158.3390236590323639;328.8866936269296275;1158.4410346833840322
-0.093690657292861884153;-0.49114362536434441608;0;328.43067193646646729;1158.3390236590323639;328.88668415456771754;1158.4410144978846802
-0.062666616782151865483;-0.49605735065723893795;0;328.43067193646646729;1158.3390236590323639;328.8866767611594355;1158.4409944570327298
-0.031395259764656603674;-0.49901336421413577948;0;328.43067193646646729;1158.3390236590323639;328.88667305817159559;1158.4409811864886706
-9.1848509936051484375e-17;-0.5;0;328.43067193646646729;1158.3390236590323639;328.88667399357353816;1158.4409791154273535
0.031395259764656416324;-0.49901336421413577948;0;328.43067193646851365;1158.3390236590321365;328.88667976673826843;1158.4409897819862181
0.062666616782151671194;-0.49605735065723899346;0;328.43067193646646729;1158.3390236590323639;328.88668981602125996;1158.4410115720693284
0.093690657292861703742;-0.4911436253643444716;0;328.43067193646646729;1158.3390236590323639;328.88670287955920912;1158.4410399324103764
0.12434494358242660639;-0.48429158056431576007;0;328.43067193646646729;1158.3390236590323639;328.88671711861536551;1158.4410680378666711
0.15450849718747278194;-0.47552825814757709866;0;328.43067193646646729;1158.3390236590323639;328.88673028630586259;1158.4410878331771073
0.18406227634233790491;-0.46488824294412611771;0;328.43067193646646729;1158.3390236590323639;328.88673992749056652;1158.4410913183837692
0.21288964578253510851;-0.45241352623301034352;0;328.43067193646646729;1158.3390236590323639;328.88674361107166533;1158.4410719105069347
0.2408768370508563017;-0.43815334002193251361;0;328.43067193646646729;1158.3390236590323639;328.88673922346697509;1158.4410256945513993
0.26791339748949688504;-0.42216396275100842583;0;328.43067193646646729;1158.3390236590323639;328.8867253880303565;1158.4409523731067111
0.29389262614623506975;-0.40450849718747483585;0;328.43067193646646729;1158.3390236590323639;328.88670211184324899;1158.4408557318272415
0.31871199487434326292;-0.38525662138789590339;0;328.43067193646646729;1158.3390236590323639;328.88667178803979141;1158.4407434520014704
0.34227355296434269771;-0.36448431371070727502;0;328.43067193646851365;1158.3390236590321365;328.88664068621670822;1158.4406261162637293
0.36448431371070411089;-0.34227355296434608389;0;328.43067193646646729;1158.3390236590323639;328.8866099737656441;1158.4405144574423048
0.38525662138789296129;-0.31871199487434687114;0;328.43067193646646729;1158.3390236590323639;328.88658303461227206;1158.4404203194774254
0.4045084971874720603;-0.293892626146238789;0;328.43067193646851365;1158.3390236590321365;328.88656291022198275;1158.4403537572118239
0.42216396275100598334;-0.26791339748950082633;0;328.43067193646646729;1158.3390236590323639;328.88655185136457249;1158.4403218864392784
0.43815334002193029317;-0.24087683705086038177;0;328.43067193646646729;1158.3390236590323639;328.88655099931889936;1158.4403278362028686
0.45241352623300834512;-0.21288964578253932736;0;328.43067193646646729;1158.3390236590323639;328.88656021296333165;1158.4403702106353649
0.46488824294412439686;-0.18406227634234223478;0;328.43067193646851365;1158.3390236590321365;328.88657806728878086;1158.4404431448319883
0.47552825814757565537;-0.15450849718747719508;0;328.43067193646646729;1158.3390236590323639;328.88660202577136715;1158.440536958474695
0.48429158056431459434;-0.12434494358243111667;0;328.43067193646646729;1158.3390236590323639;328.88662876476644215;1158.4406393286458297
0.49114362536434358342;-0.093690657292866269534;0;328.43067193646851365;1158.3390236590321365;328.88665460701292886;1158.4407368310542097
0.49605735065723838284;-0.062666616782156292498;0;328.43067193646646729;1158.3390236590323639;328.88667600598165563;1158.4408166472719586
0.49901336421413550193;-0.031395259764661065383;0;328.43067193646646729;1158.3390236590323639;328.8866900154717996;1158.4408682112498354
