0.5;0;0;328.43067193646646729;1158.3390236590323639;330.25034995068261878;1158.7368879089262919
0.49901336421413577948;0.03139525976465668694;0;328.43067193646646729;1158.3390236590323639;330.25032622715889374;1158.7368022797277263
0.49605735065723893795;0.062666616782152129161;0;328.43067193646646729;1158.3390236590323639;330.25025822205185477;1158.7365722875235861
0.49114362536434436057;0.093690657292862314365;0;328.43067193646646729;1158.3390236590323639;330.25015455630170891;1158.7362261533403398
0.48429158056431553803;0.12434494358242739742;0;328.43067193646646729;1158.3390236590323639;330.25002834983956745;1158.7358068105615985
0.47552825814757676559;0.15450849718747369788;0;328.43067193646851365;1158.3390236590321365;330.24989552600624165;1158.735366363494677
0.46488824294412572913;0.18406227634233895962;0;328.43067193646646729;1158.3390236590323639;330.24977276712354524;1158.734959403516541
0.45241352623300978841;0.212889645782536302;0;328.43067193646646729;1158.3390236590323639;330.24967539525295024;1158.7346360775482026
0.43815334002193179197;0.24087683705085760622;0;328.43067193646851365;1158.3390236590321365;330.24961546020279002;1158.7344358309489962
0.42216396275100759317;0.26791339748949827282;0;328.43067193646646729;1158.3390236590323639;330.2496002862021669;1158.7343826482326676
0.40450849718747372563;0.29389262614623651304;0;328.43067193646851365;1158.3390236590321365;330.24963166386208968;1158.7344824041670108
0.38525662138789468214;0.31871199487434481723;0;328.43067193646646729;1158.3390236590323639;330.24970578418054856;1158.7347226445210708
0.36448431371070583173;0.34227355296434425203;0;328.43067193646646729;1158.3390236590323639;330.2498139093245868;1158.7350747810037319
0.34227355296434441856;0.3644843137107056652;0;328.43067193646646729;1158.3390236590323639;330.24994367445748367;1158.7354983550617362
0.31871199487434492825;0.38525662138789451561;0;328.43067193646851365;1158.3390236590321365;330.25008083037027973;1158.7359467466042133
0.29389262614623667957;0.40450849718747361461;0;328.43067193646646729;1158.3390236590323639;330.25021117914360502;1158.7363735140993413
0.26791339748949838384;0.42216396275100748214;0;328.43067193646646729;1158.3390236590323639;330.25032243260437781;1158.7367384785354716
0.24087683705085766173;0.43815334002193179197;0;328.43067193646646729;1158.3390236590323639;330.25040573845939207;1158.7370127141280136
0.21288964578253632975;0.45241352623300978841;0;328.43067193646646729;1158.3390236590323639;330.25045666958175161;1158.7371817762621049
0.18406227634233893187;0.46488824294412572913;0;328.43067193646646729;1158.3390236590323639;330.25047555045620129;1158.7372467566672185
0.15450849718747364236;0.4755282581475768211;0;328.43067193646646729;1158.3390236590323639;330.25046709041271242;1158.7372230705727816
0.12434494358242727252;0.48429158056431559354;0;328.43067193646646729;1158.3390236590323639;330.25043939232295997;1158.737137205293493
0.093690657292862147831;0.49114362536434436057;0;328.43067193646646729;1158.3390236590323639;330.25040249404332826;1158.7370219483111669
0.062666616782151907117;0.49605735065723893795;0;328.43067193646646729;1158.3390236590323639;330.25036666552693987;1158.7369108250645695
0.031395259764656430201;0.49901336421413577948;0;328.43067193646851365;1158.3390236590321365;330.25034071779089118;1158.7368325821862527
-3.0245073740886312578e-16;0.5;0;328.43067193646646729;1158.3390236590323639;330.25033057612358789;1158.7368065371726971
-0.031395259764657033885;0.49901336421413577948;0;328.43067193646646729;1158.3390236590323639;330.25033832960690461;1158.7368394823204198
-0.062666616782152503862;0.49605735065723888244;0;328.43067193646646729;1158.3390236590323639;330.25036189783526197;1158.736924599492113
-0.093690657292862744576;0.49114362536434424955;0;328.43067193646646729;1158.3390236590323639;330.25039536422195852;1158.737042545455779
-0.12434494358242785539;0.484291580564315427;0;328.43067193646646729;1158.3390236590323639;330.25042992651424356;1158.7371645480177449
-0.15450849718747419748;0.47552825814757659906;0;328.43067193646851365;1158.3390236590321365;330.25045532359604294;1158.7372570564741636
-0.18406227634233951473;0.46488824294412550708;0;328.43067193646646729;1158.3390236590323639;330.25046152651134435;1158.7372872584273864
-0.21288964578253677384;0.45241352623300956637;0;328.43067193646646729;1158.3390236590323639;330.25044044134131127;1158.7372286420863929
-0.24087683705085810582;0.43815334002193151441;0;328.43067193646646729;1158.3390236590323639;330.25038736770585501;1158.7370657682674846
-0.26791339748949877242;0.42216396275100720459;0;328.43067193646851365;1158.3390236590321365;330.25030199000917719;1158.7367975218469383
-0.29389262614623706815;0.40450849718747333705;0;328.43067193646646729;1158.3390236590323639;330.2501887441242161;1158.7364383246867874
-0.31871199487434537234;0.38525662138789418254;0;328.43067193646646729;1158.3390236590323639;330.25005649085693449;1158.7360170805168309
-0.34227355296434486265;0.36448431371070527662;0;328.43067193646646729;1158.3390236590323639;330.24991752655557775;1158.7355739470569915
-0.36448431371070627582;0.34227355296434380794;0;328.43067193646646729;1158.3390236590323639;330.24978605688062316;1158.7351553453590896
-0.38525662138789512623;0.31871199487434426212;0;328.43067193646646729;1158.3390236590323639;330.24967633825821167;1158.7348078759514465
-0.40450849718747422523;0.29389262614623590242;0;328.43067193646646729;1158.3390236590323639;330.24960074213549888;1158.7345719787756479
-0.42216396275100803726;0.26791339748949755117;0;328.43067193646646729;1158.3390236590323639;330.24956801229774328;1158.734476224564105
-0.43815334002193223606;0.24087683705085682906;0;328.43067193646646729;1158.3390236590323639;330.24958196299382962;1158.7345330511122938
-0.45241352623301017699;0.21288964578253544158;0;328.43067193646646729;1158.3390236590323639;330.24964080815544776;1158.7347365684372562
-0.46488824294412606219;0.18406227634233804369;0;328.43067193646646729;1158.3390236590323639;330.24973722738872084;1158.7350627781045205
-0.47552825814757709866;0.15450849718747269868;0;328.43067193646646729;1158.3390236590323639;330.24985917405581404;1158.7354722222009968
-0.48429158056431581558;0.12434494358242632883;0;328.43067193646851365;1158.3390236590321365;330.24999132864718376;1158.7359147427036987
-0.49114362536434452711;0.093690657292861190264;0;328.43067193646851365;1158.3390236590321365;330.25011701082894433;1158.736335738660955
-0.49605735065723904897;0.062666616782150949549;0;328.43067193646646729;1158.3390236590323639;330.25022029874571672;1158.7366830977814516
-0.499013364214135835;0.031395259764655465695;0;328.43067193646851365;1158.3390236590321365;330.25028807351134219;1158.7369138803398982
-0.5;-1.2710352895928202744e-15;0;328.43067193646646729;1158.3390236590323639;330.25031171482646641;1158.7369998606625359
-0.49901336421413572397;-0.031395259764657998391;0;328.43067193646646729;1158.3390236590323639;330.25028821947165625;1158.7369311817162725
-0.49605735065723877142;-0.062666616782153475307;0;328.43067193646646729;1158.3390236590323639;330.25022059167099542;1158.736717630694784
-0.49114362536434408302;-0.093690657292863688266;0;328.43067193646646729;1158.3390236590323639;330.25011745259303098;1158.7363873637198139
-0.48429158056431520496;-0.12434494358242879908;0;328.43067193646646729;1158.3390236590323639;330.24999192174686868;1158.7359832515610378
-0.4755282581475763215;-0.15450849718747511341;0;328.43067193646646729;1158.3390236590323639;330.2498599212648287;1158.7355573384402305
-0.46488824294412511851;-0.18406227634234040291;0;328.43067193646851365;1158.3390236590321365;330.24973813134471357;1158.7351641584032222
-0.45241352623300906677;-0.21288964578253774529;0;328.43067193646851365;1158.3390236590321365;330.24964187093138435;1158.7348538040525909
-0.43815334002193101481;-0.2408768370508590495;0;328.43067193646646729;1158.3390236590323639;330.24958318567229298;1158.734665669628157
-0.42216396275100664948;-0.26791339748949971611;0;328.43067193646646729;1158.3390236590323639;330.24956939460878402;1158.7346236919343028
-0.40450849718747272643;-0.29389262614623795633;0;328.43067193646646729;1158.3390236590323639;330.24960228216843916;1158.7347337016242363
-0.38525662138789351641;-0.31871199487434620501;0;328.43067193646646729;1158.3390236590323639;330.24967803230015306;1158.7349832041231821
-0.36448431371070455498;-0.3422735529643456398;0;328.43067193646646729;1158.3390236590323639;330.24978789935482837;1158.7353435746949799
-0.34227355296434297527;-0.36448431371070699747;0;328.43067193646851365;1158.3390236590321365;330.24991951010775892;1158.73577432240495
-0.31871199487434342945;-0.38525662138789579236;0;328.43067193646646729;1158.3390236590323639;330.25005860653681111;1158.736228798897173
-0.29389262614623518077;-0.40450849718747472483;0;328.43067193646646729;1158.3390236590323639;330.25019098167666698;1158.7366605386689571
-0.26791339748949705157;-0.42216396275100837032;0;328.43067193646646729;1158.3390236590323639;330.2503043382149599;1158.7370293430283255
-0.24087683705085646824;-0.4381533400219324581;0;328.43067193646646729;1158.3390236590323639;330.25038981476882327;1158.7373062709664282
-0.21288964578253527504;-0.4524135262330102325;0;328.43067193646851365;1158.3390236590321365;330.25044297525073489;1158.7374768670863432
-0.18406227634233807144;-0.46488824294412606219;0;328.43067193646646729;1158.3390236590323639;330.250464135375978;1158.7375422168695422
-0.15450849718747294848;-0.47552825814757704315;0;328.43067193646646729;1158.3390236590323639;330.25045799590452589;1158.7375177338940375
-0.1243449435824267868;-0.48429158056431570456;0;328.43067193646646729;1158.3390236590323639;330.25043265130329928;1158.7374299084053746
-0.093690657292861884153;-0.49114362536434441608;0;328.43067193646646729;1158.3390236590323639;330.2503981311321013;1158.7373115354773745
-0.062666616782151865483;-0.49605735065723893795;0;328.43067193646646729;1158.3390236590323639;330.25036469707845299;1158.7371961527292115
-0.031395259764656603674;-0.49901336421413577948;0;328.43067193646646729;1158.3390236590323639;330.25034115181813377;1158.737112523601354
-9.1848509936051484375e-17;-0.5;0;328.43067193646646729;1158.3390236590323639;330.25033341215441851;1158.7370799869108851
0.031395259764656416324;-0.49901336421413577948;0;328.43067193646851365;1158.3390236590321365;330.25034355846094059;1158.737105360722353
0.062666616782151671194;-0.49605735065723899346;0;328.43067193646646729;1158.3390236590323639;330.25036950134472136;1158.7371818570197775
0.093690657292861703742;-0.4911436253643444716;0;328.43067193646646729;1158.3390236590323639;330.250405314958698;1158.7372901668570648
0.12434494358242660639;-0.48429158056431576007;0;328.43067193646646729;1158.3390236590323639;330.25044218753851055;1158.7374015563507328
0.15450849718747278194;-0.47552825814757709866;0;328.43067193646646729;1158.3390236590323639;330.25046984826821017;1158.7374825169390533
0.18406227634233790491;-0.46488824294412611771;0;328.43067193646646729;1158.3390236590323639;330.25047825842102611;1158.7375002819878773
0.21288964578253510851;-0.45241352623301034352;0;328.43067193646646729;1158.3390236590323639;330.25045931435454349;1158.7374283889143953
0.2408768370508563017;-0.43815334002193251361;0;328.43067193646646729;1158.3390236590323639;330.25040830617581378;1158.7372514509359007
0.26791339748949688504;-0.42216396275100842583;0;328.43067193646646729;1158.3390236590323639;330.25032490914367145;1158.7369684083571428
0.29389262614623506975;-0.40450849718747483585;0;328.43067193646646729;1158.3390236590323639;330.25021355050165539;1158.7365937412603216
0.31871199487434326292;-0.38525662138789590339;0;328.43067193646646729;1158.3390236590323639;330.25008308308230198;1158.7361564141904182
0.34227355296434269771;-0.36448431371070727502;0;328.43067193646851365;1158.3390236590321365;330.24994579601769829;1158.7356966480688243
0.36448431371070411089;-0.34227355296434608389;0;328.43067193646646729;1158.3390236590323639;330.24981588857161796;1158.7352609293234309
0.38525662138789296129;-0.31871199487434687114;0;328.43067193646646729;1158.3390236590323639;330.24970761162830968;1158.7348959257874412
0.4045084971874720603;-0.293892626146238789;0;328.43067193646851365;1158.3390236590321365;330.24963333191129777;1158.7346421464048944
0.42216396275100598334;-0.26791339748950082633;0;328.43067193646646729;1158.3390236590323639;330.24960178925186938;1158.7345282323774427
0.43815334002193029317;-0.24087683705086038177;0;328.43067193646646729;1158.3390236590323639;330.249616794616486;1158.7345666931289543
0.45241352623300834512;-0.21288964578253932736;0;328.43067193646646729;1158.3390236590323639;330.24967655921142295;1158.7347517111904835
0.46488824294412439686;-0.18406227634234223478;0;328.43067193646851365;1158.3390236590321365;330.24977376034223653;1158.7350593612347893
0.47552825814757565537;-0.15450849718747719508;0;328.43067193646646729;1158.3390236590323639;330.24989634938276595;1158.7354502587313618
0.48429158056431459434;-0.12434494358243111667;0;328.43067193646646729;1158.3390236590323639;330.25002900503932324;1158.7358743190154655
0.49114362536434358342;-0.093690657292866269534;0;328.43067193646851365;1158.3390236590321365;330.25015504531785382;1158.7362770141601231
0.49605735065723838284;-0.062666616782156292498;0;328.43067193646646729;1158.3390236590323639;330.25025854680075099;1158.7366063042481983
0.49901336421413550193;-0.031395259764661065383;0;328.43067193646646729;1158.3390236590323639;330.25032638912830407;1158.7368193209920264
