0.5;0;0;328.43067193646646729;1158.3390236590323639;330.71603331701680872;1158.8361547459726353
0.49901336421413577948;0.03139525976465668694;0;328.43067193646646729;1158.3390236590323639;330.71600646343512153;1158.8360557996252282
0.49605735065723893795;0.062666616782152129161;0;328.43067193646646729;1158.3390236590323639;330.71592374100930556;1158.8357742339026117
0.49114362536434436057;0.093690657292862314365;0;328.43067193646646729;1158.3390236590323639;330.71579611613731231;1158.8353456317177006
0.48429158056431553803;0.12434494358242739742;0;328.43067193646646729;1158.3390236590323639;330.71564028418782755;1158.8348241456319556
0.47552825814757676559;0.15450849718747369788;0;328.43067193646851365;1158.3390236590321365;330.71547650972871679;1158.8342755042690442
0.46488824294412572913;0.18406227634233895962;0;328.43067193646646729;1158.3390236590323639;330.71532602228518272;1158.8337685769542986
0.45241352623300978841;0.212889645782536302;0;328.43067193646646729;1158.3390236590323639;330.71520831677577235;1158.8333666258356516
0.43815334002193179197;0.24087683705085760622;0;328.43067193646851365;1158.3390236590321365;330.71513871785998617;1158.8331194091665566
0.42216396275100759317;0.26791339748949827282;0;328.43067193646646729;1158.3390236590323639;330.71512652855255965;1158.8330571749706905
0.40450849718747372563;0.29389262614623651304;0;328.43067193646851365;1158.3390236590321365;330.71517400086241878;1158.833187318096634
0.38525662138789468214;0.31871199487434481723;0;328.43067193646646729;1158.3390236590323639;330.71527625180192445;1158.8334941036421242
0.36448431371070583173;0.34227355296434425203;0;328.43067193646646729;1158.3390236590323639;330.71542211808861111;1158.8339414370627765
0.34227355296434441856;0.3644843137107056652;0;328.43067193646646729;1158.3390236590323639;330.71559581484774526;1158.834478245286391
0.31871199487434492825;0.38525662138789451561;0;328.43067193646851365;1158.3390236590321365;330.71577915592217778;1158.8350456813534493
0.29389262614623667957;0.40450849718747361461;0;328.43067193646646729;1158.3390236590323639;330.71595402004720654;1158.835585125943453
0.26791339748949838384;0.42216396275100748214;0;328.43067193646646729;1158.3390236590323639;330.7161047185974212;1158.8360458656354695
0.24087683705085766173;0.43815334002193179197;0;328.43067193646646729;1158.3390236590323639;330.71621993982694221;1158.8363913916271031
0.21288964578253632975;0.45241352623300978841;0;328.43067193646646729;1158.3390236590323639;330.71629400906061846;1158.8366034737398422
0.18406227634233893187;0.46488824294412572913;0;328.43067193646646729;1158.3390236590323639;330.71632730442399861;1158.8366834923763236
0.15450849718747364236;0.4755282581475768211;0;328.43067193646646729;1158.3390236590323639;330.71632578948583614;1158.8366509081015465
0.12434494358242727252;0.48429158056431559354;0;328.43067193646646729;1158.3390236590323639;330.71629975039491001;1158.8365391583261044
0.093690657292862147831;0.49114362536434436057;0;328.43067193646646729;1158.3390236590323639;330.71626193798300619;1158.8363896349417246
0.062666616782151907117;0.49605735065723893795;0;328.43067193646646729;1158.3390236590323639;330.71622539876665314;1158.8362446643789099
0.031395259764656430201;0.49901336421413577948;0;328.43067193646851365;1158.3390236590321365;330.71620132119846858;1158.8361405449634276
-3.0245073740886312578e-16;0.5;0;328.43067193646646729;1158.3390236590323639;330.71619721853863894;1158.8361016776261749
-0.031395259764657033885;0.49901336421413577948;0;328.43067193646646729;1158.3390236590323639;330.71621571840455545;1158.8361366582612391
-0.062666616782152503862;0.49605735065723888244;0;328.43067193646646729;1158.3390236590323639;330.71625413836625285;1158.8362369078943175
-0.093690657292862744576;0.49114362536434424955;0;328.43067193646646729;1158.3390236590323639;330.71630491049552347;1158.8363780422957916
-0.12434494358242785539;0.484291580564315427;0;328.43067193646646729;1158.3390236590323639;330.7163567919924958;1158.8365237794614586
-0.15450849718747419748;0.47552825814757659906;0;328.43067193646851365;1158.3390236590321365;330.71639668245489929;1158.8366318087234959
-0.18406227634233951473;0.46488824294412550708;0;328.43067193646646729;1158.3390236590323639;330.71641177780702492;1158.8366607532723265
-0.21288964578253677384;0.45241352623300956637;0;328.43067193646646729;1158.3390236590323639;330.71639173946903156;1158.8365771900166692
-0.24087683705085810582;0.43815334002193151441;0;328.43067193646646729;1158.3390236590323639;330.71633055244319621;1158.8363616719123002
-0.26791339748949877242;0.42216396275100720459;0;328.43067193646851365;1158.3390236590321365;330.71622778836945145;1158.8360128312942834
-0.29389262614623706815;0.40450849718747333705;0;328.43067193646646729;1158.3390236590323639;330.71608907308734615;1158.8355489103287255
-0.31871199487434537234;0.38525662138789418254;0;328.43067193646646729;1158.3390236590323639;330.7159256711390185;1158.8350064291348644
-0.34227355296434486265;0.36448431371070527662;0;328.43067193646646729;1158.3390236590323639;330.71575322578314626;1158.8344361118593042
-0.36448431371070627582;0.34227355296434380794;0;328.43067193646646729;1158.3390236590323639;330.71558981497787499;1158.8338965880454907
-0.38525662138789512623;0.31871199487434426212;0;328.43067193646646729;1158.3390236590323639;330.71545358386850921;1158.8334467144550217
-0.40450849718747422523;0.29389262614623590242;0;328.43067193646646729;1158.3390236590323639;330.71536027880119946;1158.8331375735713209
-0.42216396275100803726;0.26791339748949755117;0;328.43067193646646729;1158.3390236590323639;330.71532102722244417;1158.8330052690073444
-0.43815334002193223606;0.24087683705085682906;0;328.43067193646646729;1158.3390236590323639;330.71534067912966748;1158.8330655443514843
-0.45241352623301017699;0.21288964578253544158;0;328.43067193646646729;1158.3390236590323639;330.71541695252898307;1158.8333110130020032
-0.46488824294412606219;0.18406227634233804369;0;328.43067193646646729;1158.3390236590323639;330.7155405175272449;1158.8337114346545604
-0.47552825814757709866;0.15450849718747269868;0;328.43067193646646729;1158.3390236590323639;330.71569602578165359;1158.8342170581386199
-0.48429158056431581558;0.12434494358242632883;0;328.43067193646851365;1158.3390236590321365;330.7158639619555629;1158.8347646276035903
-0.49114362536434452711;0.093690657292861190264;0;328.43067193646851365;1158.3390236590321365;330.71602307939133425;1158.8352852790601446
-0.49605735065723904897;0.062666616782150949549;0;328.43067193646646729;1158.3390236590323639;330.71615309972281693;1158.8357132881708367
-0.499013364214135835;0.031395259764655465695;0;328.43067193646851365;1158.3390236590321365;330.716237317110199;1158.8359945054260152
-0.5;-1.2710352895928202744e-15;0;328.43067193646646729;1158.3390236590323639;330.71626475804214351;1158.8360933496801408
-0.49901336421413572397;-0.031395259764657998391;0;328.43067193646646729;1158.3390236590323639;330.71623160602638336;1158.8359974202414833
-0.49605735065723877142;-0.062666616782153475307;0;328.43067193646646729;1158.3390236590323639;330.71614169883605427;1158.835719106575425
-0.49114362536434408302;-0.093690657292863688266;0;328.43067193646646729;1158.3390236590323639;330.71600603117440187;1158.8352939785982016
-0.48429158056431520496;-0.12434494358242879908;0;328.43067193646646729;1158.3390236590323639;330.71584132991756633;1158.8347761745847038
-0.4755282581475763215;-0.15450849718747511341;0;328.43067193646646729;1158.3390236590323639;330.71566789423241062;1158.8342314076935509
-0.46488824294412511851;-0.18406227634234040291;0;328.43067193646851365;1158.3390236590321365;330.71550699125873507;1158.8337285307470665
-0.45241352623300906677;-0.21288964578253774529;0;328.43067193646851365;1158.3390236590321365;330.71537815643858949;1158.8333307885466184
-0.43815334002193101481;-0.2408768370508590495;0;328.43067193646646729;1158.3390236590323639;330.71529675777691182;1158.8330879213438038
-0.42216396275100664948;-0.26791339748949971611;0;328.43067193646646729;1158.3390236590323639;330.71527214433700692;1158.8330301587268423
-0.40450849718747272643;-0.29389262614623795633;0;328.43067193646646729;1158.3390236590323639;330.71530661672693441;1158.8331648768673858
-0.38525662138789351641;-0.31871199487434620501;0;328.43067193646646729;1158.3390236590323639;330.71539534297517093;1158.833476322118031
-0.36448431371070455498;-0.3422735529643456398;0;328.43067193646646729;1158.3390236590323639;330.71552721303299904;1158.8339283812454141
-0.34227355296434297527;-0.36448431371070699747;0;328.43067193646851365;1158.3390236590321365;330.71568649727794309;1158.8344699626768488
-0.31871199487434342945;-0.38525662138789579236;0;328.43067193646646729;1158.3390236590323639;330.71585506658050235;1158.8350422011633327
-0.29389262614623518077;-0.40450849718747472483;0;328.43067193646646729;1158.3390236590323639;330.71601485825954114;1158.8355864593283968
-0.26791339748949705157;-0.42216396275100837032;0;328.43067193646646729;1158.3390236590323639;330.71615024353661738;1158.8360520059252394
-0.24087683705085646824;-0.4381533400219324581;0;328.43067193646646729;1158.3390236590323639;330.71624997151798198;1158.8364023144686143
-0.21288964578253527504;-0.4524135262330102325;0;328.43067193646851365;1158.3390236590321365;330.71630842910701631;1158.8366191371985678
-0.18406227634233807144;-0.46488824294412606219;0;328.43067193646646729;1158.3390236590323639;330.71632605644384739;1158.8367038369672173
-0.15450849718747294848;-0.47552825814757704315;0;328.43067193646646729;1158.3390236590323639;330.71630887927068443;1158.8366758567663055
-0.1243449435824267868;-0.48429158056431570456;0;328.43067193646646729;1158.3390236590323639;330.71626724579675738;1158.8365686163867849
-0.093690657292861884153;-0.49114362536434441608;0;328.43067193646646729;1158.3390236590323639;330.71621396852560792;1158.836423490062316
-0.062666616782151865483;-0.49605735065723893795;0;328.43067193646646729;1158.3390236590323639;330.71616215500921498;1158.8362827865878444
-0.031395259764656603674;-0.49901336421413577948;0;328.43067193646646729;1158.3390236590323639;330.71612305384013553;1158.8361827867745433
-9.1848509936051484375e-17;-0.5;0;328.43067193646646729;1158.3390236590323639;330.716104237317154;1158.8361478742899635
0.031395259764656416324;-0.49901336421413577948;0;328.43067193646851365;1158.3390236590321365;330.716108390758734;1158.8361866281929906
0.062666616782151671194;-0.49605735065723899346;0;328.43067193646646729;1158.3390236590323639;330.71613288791519381;1158.8362904532859829
0.093690657292861703742;-0.4911436253643444716;0;328.43067193646646729;1158.3390236590323639;330.71617021533569414;1158.8364349499502168
0.12434494358242660639;-0.48429158056431576007;0;328.43067193646646729;1158.3390236590323639;330.71620918281968216;1158.8365838217882811
0.15450849718747278194;-0.47552825814757709866;0;328.43067193646646729;1158.3390236590323639;330.71623674053120112;1158.8366947449278541
0.18406227634233790491;-0.46488824294412611771;0;328.43067193646646729;1158.3390236590323639;330.71624013277755694;1158.8367263306679433
0.21288964578253510851;-0.45241352623301034352;0;328.43067193646646729;1158.3390236590323639;330.71620906701190279;1158.8366451454569415
0.2408768370508563017;-0.43815334002193251361;0;328.43067193646646729;1158.3390236590323639;330.71613757178567994;1158.8364317332463997
0.26791339748949688504;-0.42216396275100842583;0;328.43067193646646729;1158.3390236590323639;330.71602525962140362;1158.8360847188357639
0.29389262614623506975;-0.40450849718747483585;0;328.43067193646646729;1158.3390236590323639;330.71587779440972099;1158.8356223382850203
0.31871199487434326292;-0.38525662138789590339;0;328.43067193646646729;1158.3390236590323639;330.71570647574480972;1158.8350811069587962
0.34227355296434269771;-0.36448431371070727502;0;328.43067193646851365;1158.3390236590321365;330.71552697873261195;1158.8345117454805404
0.36448431371070411089;-0.34227355296434608389;0;328.43067193646646729;1158.3390236590323639;330.71535740980738183;1158.8339728810026372
0.38525662138789296129;-0.31871199487434687114;0;328.43067193646646729;1158.3390236590323639;330.7152159390336692;1158.833523368889928
0.4045084971874720603;-0.293892626146238789;0;328.43067193646851365;1158.3390236590321365;330.71511833395379654;1158.8332142911287974
0.42216396275100598334;-0.26791339748950082633;0;328.43067193646646729;1158.3390236590323639;330.71507573935195978;1158.8330817516373372
0.43815334002193029317;-0.24087683705086038177;0;328.43067193646646729;1158.3390236590323639;330.71509301858839081;1158.8331414950662293
0.45241352623300834512;-0.21288964578253932736;0;328.43067193646646729;1158.3390236590323639;330.71516789898805655;1158.8333861366038491
0.46488824294412439686;-0.18406227634234223478;0;328.43067193646851365;1158.3390236590321365;330.71529105588450648;1158.8337854385038099
0.47552825814757565537;-0.15450849718747719508;0;328.43067193646646729;1158.3390236590323639;330.71544714208283722;1158.83428965295343
0.48429158056431459434;-0.12434494358243111667;0;328.43067193646646729;1158.3390236590323639;330.71561663936302011;1158.8348355283476394
0.49114362536434358342;-0.093690657292866269534;0;328.43067193646851365;1158.3390236590321365;330.71577829421039496;1158.8353542059519441
0.49605735065723838284;-0.062666616782156292498;0;328.43067193646646729;1158.3390236590323639;330.71591181753439059;1158.8357799677687581
0.49901336421413550193;-0.031395259764661065383;0;328.43067193646646729;1158.3390236590323639;330.71600048901007085;1158.8360586718722516
