0.5;0;0;328.43067193646646729;1158.3390236590323639;331.38248172436846062;1158.9767477705729561
0.49901336421413577948;0.03139525976465668694;0;328.43067193646646729;1158.3390236590323639;331.38245101214789656;1158.9766212681272464
0.49605735065723893795;0.062666616782152129161;0;328.43067193646646729;1158.3390236590323639;331.38234601782761501;1158.9762569136510137
0.49114362536434436057;0.093690657292862314365;0;328.43067193646646729;1158.3390236590323639;331.38218115480611914;1158.9757009701522747
0.48429158056431553803;0.12434494358242739742;0;328.43067193646646729;1158.3390236590323639;331.38197837654507794;1158.9750238492626977
0.47552825814757676559;0.15450849718747369788;0;328.43067193646851365;1158.3390236590321365;331.38176433549500643;1158.97431101702864
0.46488824294412572913;0.18406227634233895962;0;328.43067193646646729;1158.3390236590323639;331.38156695727275292;1158.9736520250598915
0.45241352623300978841;0.212889645782536302;0;328.43067193646646729;1158.3390236590323639;331.38141188921071034;1158.9731291353050437
0.43815334002193179197;0.24087683705085760622;0;328.43067193646851365;1158.3390236590321365;331.38131929591793323;1158.9728070517849119
0.42216396275100759317;0.26791339748949827282;0;328.43067193646646729;1158.3390236590323639;331.3813014233286367;1158.9727251105366577
0.40450849718747372563;0.29389262614623651304;0;328.43067193646851365;1158.3390236590321365;331.38136124414614869;1158.9728929328359754
0.38525662138789468214;0.31871199487434481723;0;328.43067193646646729;1158.3390236590323639;331.38149234712005864;1158.9732900655969843
0.36448431371070583173;0.34227355296434425203;0;328.43067193646646729;1158.3390236590323639;331.38168006139500221;1158.9738695833605107
0.34227355296434441856;0.3644843137107056652;0;328.43067193646646729;1158.3390236590323639;331.38190363879192546;1158.9745650853149073
0.31871199487434492825;0.38525662138789451561;0;328.43067193646851365;1158.3390236590321365;331.38213917503821904;1158.9753000633511419
0.29389262614623667957;0.40450849718747361461;0;328.43067193646646729;1158.3390236590323639;331.38236285443133511;1158.9759983063979689
0.26791339748949838384;0.42216396275100748214;0;328.43067193646646729;1158.3390236590323639;331.382554064806925;1158.9765938844896027
0.24087683705085766173;0.43815334002193179197;0;328.43067193646646729;1158.3390236590323639;331.3826979551055274;1158.9770393391322614
0.21288964578253632975;0.45241352623300978841;0;328.43067193646646729;1158.3390236590323639;331.38278709274084122;1158.9773109810014375
0.18406227634233893187;0.46488824294412572913;0;328.43067193646646729;1158.3390236590323639;331.38282200984843939;1158.9774106221493639
0.15450849718747364236;0.4755282581475768211;0;328.43067193646646729;1158.3390236590323639;331.38281058778949273;1158.9773635861681669
0.12434494358242727252;0.48429158056431559354;0;328.43067193646646729;1158.3390236590323639;331.38276639533603429;1158.977213372587812
0.093690657292862147831;0.49114362536434436057;0;328.43067193646646729;1158.3390236590323639;331.38270624436671596;1158.9770138256558312
0.062666616782151907117;0.49605735065723893795;0;328.43067193646646729;1158.3390236590323639;331.38264733666170514;1158.9768200056862497
0.031395259764656430201;0.49901336421413577948;0;328.43067193646851365;1158.3390236590321365;331.38260443099431996;1158.9766791347967683
-3.0245073740886312578e-16;0.5;0;328.43067193646646729;1158.3390236590323639;331.3825874531454474;1158.9766229643737461
-0.031395259764657033885;0.49901336421413577948;0;328.43067193646646729;1158.3390236590323639;331.38259990381709486;1158.9766626934033411
-0.062666616782152503862;0.49605735065723888244;0;328.43067193646646729;1158.3390236590323639;331.38263830033241675;1158.9767871871420084
-0.093690657292862744576;0.49114362536434424955;0;328.43067193646646729;1158.3390236590323639;331.3826927347356559;1158.9769647582706966
-0.12434494358242785539;0.484291580564315427;0;328.43067193646646729;1158.3390236590323639;331.38274846570544696;1158.9771482482885858
-0.15450849718747419748;0.47552825814757659906;0;328.43067193646851365;1158.3390236590321365;331.38278830837037958;1158.9772826598789379
-0.18406227634233951473;0.46488824294412550708;0;328.43067193646646729;1158.3390236590323639;331.3827954671213547;1158.9773142109431774
-0.21288964578253677384;0.45241352623300956637;0;328.43067193646646729;1158.3390236590323639;331.38275638874478091;1158.9771994630093559
-0.24087683705085810582;0.43815334002193151441;0;328.43067193646646729;1158.3390236590323639;331.3826632067087985;1158.9769131522343741
-0.26791339748949877242;0.42216396275100720459;0;328.43067193646851365;1158.3390236590321365;331.38251540300564102;1158.9764535247354615
-0.29389262614623706815;0.40450849718747333705;0;328.43067193646646729;1158.3390236590323639;331.38232042371600983;1158.9758443262048786
-0.31871199487434537234;0.38525662138789418254;0;328.43067193646646729;1158.3390236590323639;331.38209313285119606;1158.97513306941255
-0.34227355296434486265;0.36448431371070527662;0;328.43067193646646729;1158.3390236590323639;331.38185415508650067;1158.9743857362425388
-0.36448431371070627582;0.34227355296434380794;0;328.43067193646646729;1158.3390236590323639;331.38162731829078211;1158.9736785870966287
-0.38525662138789512623;0.31871199487434426212;0;328.43067193646646729;1158.3390236590323639;331.38143653864852922;1158.9730881765274262
-0.40450849718747422523;0.29389262614623590242;0;328.43067193646646729;1158.3390236590323639;331.38130257603143036;1158.9726809487156061
-0.42216396275100803726;0.26791339748949755117;0;328.43067193646646729;1158.3390236590323639;331.38124011279700198;1158.972503869151069
-0.43815334002193223606;0.24087683705085682906;0;328.43067193646646729;1158.3390236590323639;331.38125557144707045;1158.9725774274702417
-0.45241352623301017699;0.21288964578253544158;0;328.43067193646646729;1158.3390236590323639;331.38134599021674376;1158.9728920352988553
-0.46488824294412606219;0.18406227634233804369;0;328.43067193646646729;1158.3390236590323639;331.38149913365424482;1158.9734083857408677
-0.47552825814757709866;0.15450849718747269868;0;328.43067193646646729;1158.3390236590323639;331.38169484702109457;1158.9740618000737413
-0.48429158056431581558;0.12434494358242632883;0;328.43067193646851365;1158.3390236590321365;331.3819074920641583;1158.9747700377843103
-0.49114362536434452711;0.093690657292861190264;0;328.43067193646851365;1158.3390236590321365;331.38210915124653866;1158.9754435647932951
-0.49605735065723904897;0.062666616782150949549;0;328.43067193646646729;1158.3390236590323639;331.38227317901510105;1158.9759969286842534
-0.499013364214135835;0.031395259764655465695;0;328.43067193646851365;1158.3390236590321365;331.38237762744643078;1158.9763597275928078
-0.5;-1.2710352895928202744e-15;0;328.43067193646646729;1158.3390236590323639;331.38240808718711605;1158.976485704405377
-0.49901336421413572397;-0.031395259764657998391;0;328.43067193646646729;1158.3390236590323639;331.38235956132155025;1158.9763587442296284
-0.49605735065723877142;-0.062666616782153475307;0;328.43067193646646729;1158.3390236590323639;331.38223711935086158;1158.9759949675656117
-0.49114362536434408302;-0.093690657292863688266;0;328.43067193646646729;1158.3390236590323639;331.38205524292226301;1158.9754406369863773
-0.48429158056431520496;-0.12434494358242879908;0;328.43067193646646729;1158.3390236590323639;331.38183595165452289;1158.974766159509727
-0.4755282581475763215;-0.15450849718747511341;0;328.43067193646646729;1158.3390236590323639;331.381605961915227;1158.974056992277383
-0.46488824294412511851;-0.18406227634234040291;0;328.43067193646851365;1158.3390236590321365;331.38139326086377423;1158.9734026735768566
-0.45241352623300906677;-0.21288964578253774529;0;328.43067193646851365;1158.3390236590321365;331.38122355488366111;1158.9728854475874869
-0.43815334002193101481;-0.2408768370508590495;0;328.43067193646646729;1158.3390236590323639;331.38111706505571874;1158.972569996132961
-0.42216396275100664948;-0.26791339748949971611;0;328.43067193646646729;1158.3390236590323639;331.38108609109531244;1158.972495628672732
-0.40450849718747272643;-0.29389262614623795633;0;328.43067193646646729;1158.3390236590323639;331.38113365666208665;1158.9726719357224738
-0.38525662138789351641;-0.31871199487434620501;0;328.43067193646646729;1158.3390236590323639;331.38125339852450679;1158.9730784294283694
-0.36448431371070455498;-0.3422735529643456398;0;328.43067193646646729;1158.3390236590323639;331.38143069071611535;1158.9736681458373369
-0.34227355296434297527;-0.36448431371070699747;0;328.43067193646851365;1158.3390236590321365;331.38164482664927846;1158.974374642211842
-0.31871199487434342945;-0.38525662138789579236;0;328.43067193646646729;1158.3390236590323639;331.38187194011595693;1158.9751213654296862
-0.29389262614623518077;-0.40450849718747472483;0;328.43067193646646729;1158.3390236590323639;331.38208824973366973;1158.9758320566206748
-0.26791339748949705157;-0.42216396275100837032;0;328.43067193646646729;1158.3390236590323639;331.38227317365624458;1158.9764407355582989
-0.24087683705085646824;-0.4381533400219324581;0;328.43067193646646729;1158.3390236590323639;331.3824118869156905;1158.9768998913200448
-0.21288964578253527504;-0.4524135262330102325;0;328.43067193646851365;1158.3390236590321365;331.38249697854263331;1158.9771857802102204
-0.18406227634233807144;-0.46488824294412606219;0;328.43067193646646729;1158.3390236590323639;331.38252899760618675;1158.9773001582209417
-0.15450849718747294848;-0.47552825814757704315;0;328.43067193646646729;1158.3390236590323639;331.38251583756118634;1158.9772682913380777
-0.1243449435824267868;-0.48429158056431570456;0;328.43067193646646729;1158.3390236590323639;331.3824710743065225;1158.9771336200776659
-0.093690657292861884153;-0.49114362536434441608;0;328.43067193646646729;1158.3390236590323639;331.3824115217988151;1158.9769499284070662
-0.062666616782151865483;-0.49605735065723893795;0;328.43067193646646729;1158.3390236590323639;331.38235437886442014;1158.9767722151946145
-0.031395259764656603674;-0.49901336421413577948;0;328.43067193646646729;1158.3390236590323639;331.3823143963402913;1158.9766476400759529
-9.1848509936051484375e-17;-0.5;0;328.43067193646646729;1158.3390236590323639;331.38230148721157775;1158.9766078910097349
0.031395259764656416324;-0.49901336421413577948;0;328.43067193646851365;1158.3390236590321365;331.38231913470360723;1158.9766641028343201
0.062666616782151671194;-0.49605735065723899346;0;328.43067193646646729;1158.3390236590323639;331.38236383418450259;1158.9768050760749247
0.093690657292861703742;-0.4911436253643444716;0;328.43067193646646729;1158.3390236590323639;331.38242565151836061;1158.9769990583463368
0.12434494358242660639;-0.48429158056431576007;0;328.43067193646646729;1158.3390236590323639;331.38248981521201131;1158.9771988260292801
0.15450849718747278194;-0.47552825814757709866;0;328.43067193646646729;1158.3390236590323639;331.38253910647796374;1158.9773493169248013
0.18406227634233790491;-0.46488824294412611771;0;328.43067193646646729;1158.3390236590323639;331.38255669225782185;1158.9773966846278199
0.21288964578253510851;-0.45241352623301034352;0;328.43067193646646729;1158.3390236590323639;331.38252897852470369;1158.9772974272891588
0.2408768370508563017;-0.43815334002193251361;0;328.43067193646646729;1158.3390236590323639;331.3824480547311282;1158.9770262189642835
0.26791339748949688504;-0.42216396275100842583;0;328.43067193646646729;1158.3390236590323639;331.38231335574221248;1158.9765812453263152
0.29389262614623506975;-0.40450849718747483585;0;328.43067193646646729;1158.3390236590323639;331.38213227746871326;1158.9759861935722256
0.31871199487434326292;-0.38525662138789590339;0;328.43067193646646729;1158.3390236590323639;331.3819196307645143;1158.9752885202881316
0.34227355296434269771;-0.36448431371070727502;0;328.43067193646851365;1158.3390236590321365;331.38169598419057138;1158.9745541537436111
0.36448431371070411089;-0.34227355296434608389;0;328.43067193646646729;1158.3390236590323639;331.38148510660806778;1158.9738593035131089
0.38525662138789296129;-0.31871199487434687114;0;328.43067193646646729;1158.3390236590323639;331.38131085238319429;1158.9732804763377771
0.4045084971874720603;-0.293892626146238789;0;328.43067193646851365;1158.3390236590321365;331.3811939168872982;1158.9728840716968534
0.42216396275100598334;-0.26791339748950082633;0;328.43067193646646729;1158.3390236590323639;331.38114891546831586;1158.972717013638885
0.43815334002193029317;-0.24087683705086038177;0;328.43067193646646729;1158.3390236590323639;331.38118220137732806;1158.9727997536335806
0.45241352623300834512;-0.21288964578253932736;0;328.43067193646646729;1158.3390236590323639;331.38129074165249222;1158.9731226684732519
0.46488824294412439686;-0.18406227634234223478;0;328.43067193646851365;1158.3390236590321365;331.38146222806216201;1158.9736464197558234
0.47552825814757565537;-0.15450849718747719508;0;328.43067193646646729;1158.3390236590323639;331.38167643193122558;1158.9743063005798831
0.48429158056431459434;-0.12434494358243111667;0;328.43067193646646729;1158.3390236590323639;331.38190764034857239;1158.9750200455835056
0.49114362536434358342;-0.093690657292866269534;0;328.43067193646851365;1158.3390236590321365;331.38212786084648087;1158.9756980991792261
0.49605735065723838284;-0.062666616782156292498;0;328.43067193646646729;1158.3390236590323639;331.38231037312539229;1158.9762549908400615
0.49901336421413550193;-0.031395259764661065383;0;328.43067193646646729;1158.3390236590323639;331.38243315512863774;1158.9766203040435357
