0.5;0;0;328.43067193646646729;1158.3390236590323639;329.79305339759935123;1158.6387227100517521
0.49901336421413577948;0.03139525976465668694;0;328.43067193646646729;1158.3390236590323639;329.7930355653005563;1158.6386659726351809
0.49605735065723893795;0.062666616782152129161;0;328.43067193646646729;1158.3390236590323639;329.79298544942719218;1158.638502583097079
0.49114362536434436057;0.093690657292862314365;0;328.43067193646646729;1158.3390236590323639;329.79290935673094509;1158.6382533426913142
0.48429158056431553803;0.12434494358242739742;0;328.43067193646646729;1158.3390236590323639;329.79281688068459744;1158.6379499115382714
0.47552825814757676559;0.15450849718747369788;0;328.43067193646851365;1158.3390236590321365;329.79271966226451696;1158.6376307187133534
0.46488824294412572913;0.18406227634233895962;0;328.43067193646646729;1158.3390236590323639;329.79262989591330779;1158.6373360290469918
0.45241352623300978841;0.212889645782536302;0;328.43067193646646729;1158.3390236590323639;329.79255878095608523;1158.6371028270771149
0.43815334002193179197;0.24087683705085760622;0;328.43067193646851365;1158.3390236590321365;329.79251512456465889;1158.6369601987685201
0.42216396275100759317;0.26791339748949827282;0;328.43067193646646729;1158.3390236590323639;329.79250427997749284;1158.636925818694408
0.40450849718747372563;0.29389262614623651304;0;328.43067193646851365;1158.3390236590321365;329.79252755620507287;1158.6370039950063529
0.38525662138789468214;0.31871199487434481723;0;328.43067193646646729;1158.3390236590323639;329.79258216989632047;1158.6371855078059525
0.36448431371070583173;0.34227355296434425203;0;328.43067193646646729;1158.3390236590323639;329.79266173543464902;1158.6374492295196887
0.34227355296434441856;0.3644843137107056652;0;328.43067193646646729;1158.3390236590323639;329.79275721601027271;1158.6377652724729614
0.31871199487434492825;0.38525662138789451561;0;328.43067193646851365;1158.3390236590321365;329.79285819672691105;1158.6380992029601202
0.29389262614623667957;0.40450849718747361461;0;328.43067193646646729;1158.3390236590323639;329.79295429878368395;1158.6384167213873297
0.26791339748949838384;0.42216396275100748214;0;328.43067193646646729;1158.3390236590323639;329.79303653734234558;1158.638688153179146
0.24087683705085766173;0.43815334002193179197;0;328.43067193646646729;1158.3390236590323639;329.79309843677020808;1158.6388921327115895
0.21288964578253632975;0.45241352623300978841;0;328.43067193646646729;1158.3390236590323639;329.79313675376874926;1158.6390179859140517
0.18406227634233893187;0.46488824294412572913;0;328.43067193646646729;1158.3390236590323639;329.79315171629644965;1158.6390665090555103
0.15450849718747364236;0.4755282581475768211;0;328.43067193646646729;1158.3390236590323639;329.79314675597117912;1158.6390490734636387
0.12434494358242727252;0.48429158056431559354;0;328.43067193646646729;1158.3390236590323639;329.79312778402368167;1158.6389852255742881
0.093690657292862147831;0.49114362536434436057;0;328.43067193646646729;1158.3390236590323639;329.79310212566252858;1158.6388991647584135
0.062666616782151907117;0.49605735065723893795;0;328.43067193646646729;1158.3390236590323639;329.79307727568914288;1158.6388156379184693
0.031395259764656430201;0.49901336421413577948;0;328.43067193646851365;1158.3390236590321365;329.79305966265883399;1158.6387558677176912
-3.0245073740886312578e-16;0.5;0;328.43067193646646729;1158.3390236590323639;329.79305360607526154;1158.6387341202919288
-0.031395259764657033885;0.49901336421413577948;0;328.43067193646646729;1158.3390236590323639;329.79306062169956704;1158.6387554201594412
-0.062666616782152503862;0.49605735065723888244;0;328.43067193646646729;1158.3390236590323639;329.79307917804590033;1158.6388147491682048
-0.093690657292862744576;0.49114362536434424955;0;328.43067193646646729;1158.3390236590323639;329.79310494015425093;1158.6388978474512896
-0.12434494358242785539;0.484291580564315427;0;328.43067193646646729;1158.3390236590323639;329.79313146454228445;1158.6389834984386198
-0.15450849718747419748;0.47552825814757659906;0;328.43067193646851365;1158.3390236590321365;329.79315124225985301;1158.6390469610471428
-0.18406227634233951473;0.46488824294412550708;0;328.43067193646646729;1158.3390236590323639;329.79315693497579787;1158.6390640413778783
-0.21288964578253677384;0.45241352623300956637;0;328.43067193646646729;1158.3390236590323639;329.79314261956784549;1158.6390151980408518
-0.24087683705085810582;0.43815334002193151441;0;328.43067193646646729;1158.3390236590323639;329.79310485394893249;1158.6388890642297156
-0.26791339748949877242;0.42216396275100720459;0;328.43067193646851365;1158.3390236590321365;329.79304340128231843;1158.6386848476265641
-0.29389262614623706815;0.40450849718747333705;0;328.43067193646646729;1158.3390236590323639;329.79296149771499813;1158.6384132256241628
-0.31871199487434537234;0.38525662138789418254;0;328.43067193646646729;1158.3390236590323639;329.79286561355723961;1158.6380955664740213
-0.34227355296434486265;0.36448431371070527662;0;328.43067193646646729;1158.3390236590323639;329.79276473022082428;1158.6377615466287807
-0.36448431371070627582;0.34227355296434380794;0;328.43067193646646729;1158.3390236590323639;329.79266922502108628;1158.6374454668259659
-0.38525662138789512623;0.31871199487434426212;0;328.43067193646646729;1158.3390236590323639;329.79258951331019034;1158.6371817610877315
-0.40450849718747422523;0.29389262614623590242;0;328.43067193646646729;1158.3390236590323639;329.79253463426800863;1158.6370003166241531
-0.42216396275100803726;0.26791339748949755117;0;328.43067193646646729;1158.3390236590323639;329.79251097775414792;1158.6369222597375028
-0.43815334002193223606;0.24087683705085682906;0;328.43067193646646729;1158.3390236590323639;329.79252133313576678;1158.6369568082693604
-0.45241352623301017699;0.21288964578253544158;0;328.43067193646646729;1158.3390236590323639;329.79256439909283927;1158.6370996512468992
-0.46488824294412606219;0.18406227634233804369;0;328.43067193646646729;1158.3390236590323639;329.79263483162435477;1158.6373331105544366
-0.47552825814757709866;0.15450849718747269868;0;328.43067193646646729;1158.3390236590323639;329.79272383417793435;1158.6376280960228087
-0.48429158056431581558;0.12434494358242632883;0;328.43067193646851365;1158.3390236590321365;329.79282021927969026;1158.6379476182885355
-0.49114362536434452711;0.093690657292861190264;0;328.43067193646851365;1158.3390236590321365;329.79291180537938999;1158.6382514071701735
-0.49605735065723904897;0.062666616782150949549;0;328.43067193646646729;1158.3390236590323639;329.79298696523142098;1158.6385010278186201
-0.499013364214135835;0.031395259764655465695;0;328.43067193646851365;1158.3390236590321365;329.79303611975063859;1158.638664813958485
-0.5;-1.2710352895928202744e-15;0;328.43067193646646729;1158.3390236590323639;329.79305297699715993;1158.6387219579639805
-0.49901336421413572397;-0.031395259764657998391;0;328.43067193646646729;1158.3390236590323639;329.79303534947871412;1158.6386652081505417
-0.49605735065723877142;-0.062666616782153475307;0;328.43067193646646729;1158.3390236590323639;329.79298543935516363;1158.6385018101864262
-0.49114362536434408302;-0.093690657292863688266;0;328.43067193646646729;1158.3390236590323639;329.7929095529959227;1158.6382525658075338
-0.48429158056431520496;-0.12434494358242879908;0;328.43067193646646729;1158.3390236590323639;329.7928172834683096;1158.6379491355394293
-0.4755282581475763215;-0.15450849718747511341;0;328.43067193646646729;1158.3390236590323639;329.7927202713080419;1158.6376299487858432
-0.46488824294412511851;-0.18406227634234040291;0;328.43067193646851365;1158.3390236590321365;329.79263071047108724;1158.6373352706048081
-0.45241352623300906677;-0.21288964578253774529;0;328.43067193646851365;1158.3390236590321365;329.79255979973612511;1158.6371020856872747
-0.43815334002193101481;-0.2408768370508590495;0;328.43067193646646729;1158.3390236590323639;329.7925163456707196;1158.6369594800059986
-0.42216396275100664948;-0.26791339748949971611;0;328.43067193646646729;1158.3390236590323639;329.79250570083951288;1158.6369251280482331
-0.40450849718747272643;-0.29389262614623795633;0;328.43067193646646729;1158.3390236590323639;329.79252917350993357;1158.6370033377636446
-0.38525662138789351641;-0.31871199487434620501;0;328.43067193646646729;1158.3390236590323639;329.79258397952833093;1158.637184888925276
-0.36448431371070455498;-0.3422735529643456398;0;328.43067193646646729;1158.3390236590323639;329.79266373240346866;1158.6374486535507913
-0.34227355296434297527;-0.36448431371070699747;0;328.43067193646851365;1158.3390236590321365;329.79275939440361753;1158.637764743445814
-0.31871199487434342945;-0.38525662138789579236;0;328.43067193646646729;1158.3390236590323639;329.79286054966303254;1158.6380987243055642
-0.29389262614623518077;-0.40450849718747472483;0;328.43067193646646729;1158.3390236590323639;329.79295681837839993;1158.638416295869547
-0.26791339748949705157;-0.42216396275100837032;0;328.43067193646646729;1158.3390236590323639;329.79303921469238503;1158.6386877828661
-0.24087683705085646824;-0.4381533400219324581;0;328.43067193646646729;1158.3390236590323639;329.79310126195105113;1158.6388918189315973
-0.21288964578253527504;-0.4524135262330102325;0;328.43067193646851365;1158.3390236590321365;329.79313971584792853;1158.6390177292576027
-0.18406227634233807144;-0.46488824294412606219;0;328.43067193646646729;1158.3390236590323639;329.79315480337032795;1158.6390663094016418
-0.15450849718747294848;-0.47552825814757704315;0;328.43067193646646729;1158.3390236590323639;329.79314995521650644;1158.6390489300156332
-0.1243449435824267868;-0.48429158056431570456;0;328.43067193646646729;1158.3390236590323639;329.79313108177046843;1158.6389851369103781
-0.093690657292861884153;-0.49114362536434441608;0;328.43067193646646729;1158.3390236590323639;329.79310550747555908;1158.6388991289231853
-0.062666616782151865483;-0.49605735065723893795;0;328.43067193646646729;1158.3390236590323639;329.79308072648467487;1158.6388156525072191
-0.031395259764656603674;-0.49901336421413577948;0;328.43067193646646729;1158.3390236590323639;329.79306316681675071;1158.6387559299748773
-9.1848509936051484375e-17;-0.5;0;328.43067193646646729;1158.3390236590323639;329.7930571475754391;1158.6387342272271326
0.031395259764656416324;-0.49901336421413577948;0;328.43067193646851365;1158.3390236590321365;329.79306418426187975;1158.6387555686578708
0.062666616782151671194;-0.49605735065723899346;0;328.43067193646646729;1158.3390236590323639;329.79308274527363665;1158.6388149361027899
0.093690657292861703742;-0.4911436253643444716;0;328.43067193646646729;1158.3390236590323639;329.79310849568514641;1158.6388980697863644
0.12434494358242660639;-0.48429158056431576007;0;328.43067193646646729;1158.3390236590323639;329.79313499219659889;1158.638983753317234
0.15450849718747278194;-0.47552825814757709866;0;328.43067193646646729;1158.3390236590323639;329.79315472618446847;1158.6390472458983822
0.18406227634233790491;-0.46488824294412611771;0;328.43067193646646729;1158.3390236590323639;329.79316035976773946;1158.6390643539555185
0.21288964578253510851;-0.45241352623301034352;0;328.43067193646646729;1158.3390236590323639;329.79314597040030321;1158.6390155364797465
0.2408768370508563017;-0.43815334002193251361;0;328.43067193646646729;1158.3390236590323639;329.79310811667846792;1158.6388894270780838
0.26791339748949688504;-0.42216396275100842583;0;328.43067193646646729;1158.3390236590323639;329.79304656253844996;1158.638685233853721
0.29389262614623506975;-0.40450849718747483585;0;328.43067193646646729;1158.3390236590323639;329.79296454496846991;1158.638413634594599
0.31871199487434326292;-0.38525662138789590339;0;328.43067193646646729;1158.3390236590323639;329.79286853517095324;1158.6380959979289855
0.34227355296434269771;-0.36448431371070727502;0;328.43067193646851365;1158.3390236590321365;329.79276751548309221;1158.6377620006298912
0.36448431371070411089;-0.34227355296434608389;0;328.43067193646646729;1158.3390236590323639;329.79267186415518154;1158.6374459436856341
0.38525662138789296129;-0.31871199487434687114;0;328.43067193646646729;1158.3390236590323639;329.79259199747355069;1158.6371822613007225
0.4045084971874720603;-0.293892626146238789;0;328.43067193646851365;1158.3390236590321365;329.79253695552819181;1158.6370008407784553
0.42216396275100598334;-0.26791339748950082633;0;328.43067193646646729;1158.3390236590323639;329.79251312904881388;1158.6369228084104179
0.43815334002193029317;-0.24087683705086038177;0;328.43067193646646729;1158.3390236590323639;329.79252330823254624;1158.6369573819465586
0.45241352623300834512;-0.21288964578253932736;0;328.43067193646646729;1158.3390236590323639;329.79256619253072813;1158.6371002502219199
0.46488824294412439686;-0.18406227634234223478;0;328.43067193646851365;1158.3390236590321365;329.7926364386458431;1158.6373337348361474
0.47552825814757565537;-0.15450849718747719508;0;328.43067193646646729;1158.3390236590323639;329.79272525067170818;1158.6376287452612814
0.48429158056431459434;-0.12434494358243111667;0;328.43067193646646729;1158.3390236590323639;329.79282144171759228;1158.6379482917068344
0.49114362536434358342;-0.093690657292866269534;0;328.43067193646851365;1158.3390236590321365;329.79291283074775265;1158.6382521035068294
0.49605735065723838284;-0.062666616782156292498;0;328.43067193646646729;1158.3390236590323639;329.79298779099326566;1158.6385017452719239
0.49901336421413550193;-0.031395259764661065383;0;328.43067193646646729;1158.3390236590323639;329.79303674379139011;1158.6386655501833047
