0.5;0;0;328.43067193646646729;1158.3390236590323639;329.03386489078212662;1158.4733675483485058
0.49901336421413577948;0.03139525976465668694;0;328.43067193646646729;1158.3390236590323639;329.03385708378795016;1158.4733422483045615
0.49605735065723893795;0.062666616782152129161;0;328.43067193646646729;1158.3390236590323639;329.0338348698623463;1158.4732705187855117
0.49114362536434436057;0.093690657292862314365;0;328.43067193646646729;1158.3390236590323639;329.03380100100116579;1158.4731614727627402
0.48429158056431553803;0.12434494358242739742;0;328.43067193646646729;1158.3390236590323639;329.03375968533634932;1158.4730289607525719
0.47552825814757676559;0.15450849718747369788;0;328.43067193646851365;1158.3390236590321365;329.03371604808432949;1158.4728897781512842
0.46488824294412572913;0.18406227634233895962;0;328.43067193646646729;1158.3390236590323639;329.03367548034589163;1158.4727615039882949
0.45241352623300978841;0.212889645782536302;0;328.43067193646646729;1158.3390236590323639;329.03364296262668631;1158.4726602609548536
0.43815334002193179197;0.24087683705085760622;0;328.43067193646851365;1158.3390236590321365;329.03362245248979434;1158.4725986951170853
0.42216396275100759317;0.26791339748949827282;0;328.43067193646646729;1158.3390236590323639;329.03361641619272859;1158.4725844419244822
0.40450849718747372563;0.29389262614623651304;0;328.43067193646851365;1158.3390236590321365;329.03362556370069569;1158.4726192766117947
0.38525662138789468214;0.31871199487434481723;0;328.43067193646646729;1158.3390236590323639;329.03364881815133458;1158.4726990518936418
0.36448431371070583173;0.34227355296434425203;0;328.43067193646646729;1158.3390236590323639;329.033683518667317;1158.4728144173168403
0.34227355296434441856;0.3644843137107056652;0;328.43067193646646729;1158.3390236590323639;329.03372582371150656;1158.4729522078259834
0.31871199487434492825;0.38525662138789451561;0;328.43067193646851365;1158.3390236590321365;329.03376888512605092;1158.4731006519930361
0.29389262614623667957;0.40450849718747361461;0;328.43067193646646729;1158.3390236590323639;329.0338139728522151;1158.4732359864401587
0.26791339748949838384;0.42216396275100748214;0;328.43067193646646729;1158.3390236590323639;329.03385415914408441;1158.4733506661625597
0.24087683705085766173;0.43815334002193179197;0;328.43067193646646729;1158.3390236590323639;329.03388516098010541;1158.4734369968846295
0.21288964578253632975;0.45241352623300978841;0;328.43067193646646729;1158.3390236590323639;329.03390528304822737;1158.4734901098838691
0.18406227634233893187;0.46488824294412572913;0;328.43067193646646729;1158.3390236590323639;329.03391497310929026;1158.4735095864475625
0.15450849718747364236;0.4755282581475768211;0;328.43067193646646729;1158.3390236590323639;329.03391619757883291;1158.473499791146196
0.12434494358242727252;0.48429158056431559354;0;328.43067193646646729;1158.3390236590323639;329.03391178219084168;1158.4734691147584726
0.093690657292862147831;0.49114362536434436057;0;328.43067193646646729;1158.3390236590323639;329.03390480864788969;1158.4734284309442955
0.062666616782151907117;0.49605735065723893795;0;328.43067193646646729;1158.3390236590323639;329.03389811603028647;1158.4733891296509682
0.031395259764656430201;0.49901336421413577948;0;328.43067193646851365;1158.3390236590321365;329.03389392647403611;1158.4733611033641409
-3.0245073740886312578e-16;0.5;0;328.43067193646646729;1158.3390236590323639;329.03389359646524781;1158.4733510315145395
-0.031395259764657033885;0.49901336421413577948;0;328.43067193646646729;1158.3390236590323639;329.03389748622174693;1158.4733612386146433
-0.062666616782152503862;0.49605735065723888244;0;328.43067193646646729;1158.3390236590323639;329.03390493711100362;1158.473389302707119
-0.093690657292862744576;0.49114362536434424955;0;328.43067193646646729;1158.3390236590323639;329.03391434893012502;1158.4734284730873242
-0.12434494358242785539;0.484291580564315427;0;328.43067193646646729;1158.3390236590323639;329.03392335285974468;1158.4734688328269385
-0.15450849718747419748;0.47552825814757659906;0;328.43067193646851365;1158.3390236590321365;329.03392908010516749;1158.4734990256006313
-0.18406227634233951473;0.46488824294412550708;0;328.43067193646646729;1158.3390236590323639;329.03392852808576663;1158.4735082695829078
-0.21288964578253677384;0.45241352623300956637;0;328.43067193646646729;1158.3390236590323639;329.03391902344355913;1158.4734883133623953
-0.24087683705085810582;0.43815334002193151441;0;328.43067193646646729;1158.3390236590323639;329.0338987698287383;1158.4734349579348418
-0.26791339748949877242;0.42216396275100720459;0;328.43067193646851365;1158.3390236590321365;329.03386744557218435;1158.4733487784703811
-0.29389262614623706815;0.40450849718747333705;0;328.43067193646646729;1158.3390236590323639;329.03382677819786295;1158.4732347303488496
-0.31871199487434537234;0.38525662138789418254;0;328.43067193646646729;1158.3390236590323639;329.03378096732552649;1158.4731004151560683
-0.34227355296434486265;0.36448431371070527662;0;328.43067193646646729;1158.3390236590323639;329.03373675578279745;1158.4729529084584101
-0.36448431371070627582;0.34227355296434380794;0;328.43067193646646729;1158.3390236590323639;329.0336931047569351;1158.4728162848673492
-0.38525662138789512623;0.31871199487434426212;0;328.43067193646646729;1158.3390236590323639;329.03365700093144142;1158.4727022734880393
-0.40450849718747422523;0.29389262614623590242;0;328.43067193646646729;1158.3390236590323639;329.03363237298992772;1158.4726239859571706
-0.42216396275100803726;0.26791339748949755117;0;328.43067193646646729;1158.3390236590323639;329.03362195702112558;1158.4725907009019465
-0.43815334002193223606;0.24087683705085682906;0;328.43067193646646729;1158.3390236590323639;329.03362688865780683;1158.4726064792967009
-0.45241352623301017699;0.21288964578253544158;0;328.43067193646646729;1158.3390236590323639;329.03364649715058476;1158.4726694507314733
-0.46488824294412606219;0.18406227634233804369;0;328.43067193646646729;1158.3390236590323639;329.03367833429348366;1158.4727718828412435
-0.47552825814757709866;0.15450849718747269868;0;328.43067193646646729;1158.3390236590323639;329.03371843935690322;1158.4729010389016821
-0.48429158056431581558;0.12434494358242632883;0;328.43067193646851365;1158.3390236590321365;329.03376180888210456;1158.473040719903338
-0.49114362536434452711;0.093690657292861190264;0;328.43067193646851365;1158.3390236590321365;329.03380301176628109;1158.473173292254387
-0.49605735065723904897;0.062666616782150949549;0;328.43067193646646729;1158.3390236590323639;329.03383686957130294;1158.473281933966291
-0.499013364214135835;0.031395259764655465695;0;328.43067193646851365;1158.3390236590321365;329.03385911232135186;1158.4733527998678255
-0.5;-1.2710352895928202744e-15;0;328.43067193646646729;1158.3390236590323639;329.03386692262739643;1158.4733768158323528
-0.49901336421413572397;-0.031395259764657998391;0;328.43067193646646729;1158.3390236590323639;329.03385929548716149;1158.4733508603617338
-0.49605735065723877142;-0.062666616782153475307;0;328.43067193646646729;1158.3390236590323639;329.03383716566884232;1158.4732781742277439
-0.49114362536434408302;-0.093690657292863688266;0;328.43067193646646729;1158.3390236590323639;329.03380328573194902;1158.4731679425244693
-0.48429158056431520496;-0.12434494358242879908;0;328.43067193646646729;1158.3390236590323639;329.03376187128912989;1158.4730341054357723
-0.4755282581475763215;-0.15450849718747511341;0;328.43067193646646729;1158.3390236590323639;329.03371806124027898;1158.4728935575476498
-0.46488824294412511851;-0.18406227634234040291;0;328.43067193646851365;1158.3390236590321365;329.03367726536151849;1158.472763977821387
-0.45241352623300906677;-0.21288964578253774529;0;328.43067193646851365;1158.3390236590321365;329.03364448615877791;1158.4726615806694099
-0.43815334002193101481;-0.2408768370508590495;0;328.43067193646646729;1158.3390236590323639;329.03362370460888542;1158.4725990876643209
-0.42216396275100664948;-0.26791339748949971611;0;328.43067193646646729;1158.3390236590323639;329.03361740970746041;1158.4725841871429566
-0.40450849718747272643;-0.29389262614623795633;0;328.43067193646646729;1158.3390236590323639;329.0336263315494989;1158.4726186802661232
-0.38525662138789351641;-0.31871199487434620501;0;328.43067193646646729;1158.3390236590323639;329.03364940905470348;1158.4726984170436026
-0.36448431371070455498;-0.3422735529643456398;0;328.43067193646646729;1158.3390236590323639;329.03368399149348988;1158.472814016711709
-0.34227355296434297527;-0.36448431371070699747;0;328.43067193646851365;1158.3390236590321365;329.0337262411689494;1158.472952259890917
-0.31871199487434342945;-0.38525662138789579236;0;328.43067193646646729;1158.3390236590323639;329.03376926278178871;1158.4731013149403225
-0.29389262614623518077;-0.40450849718747472483;0;328.43067193646646729;1158.3390236590323639;329.03381301807110049;1158.4732365797026432
-0.26791339748949705157;-0.42216396275100837032;0;328.43067193646646729;1158.3390236590323639;329.03385271420330582;1158.4733515050243113
-0.24087683705085646824;-0.4381533400219324581;0;328.43067193646646729;1158.3390236590323639;329.03388446962668468;1158.4734386598336187
-0.21288964578253527504;-0.4524135262330102325;0;328.43067193646851365;1158.3390236590321365;329.03390616640922417;1158.4734929748021841
-0.18406227634233807144;-0.46488824294412606219;0;328.43067193646646729;1158.3390236590323639;329.0339175883372036;1158.4735136307594985
-0.15450849718747294848;-0.47552825814757704315;0;328.43067193646646729;1158.3390236590323639;329.03392012883813322;1158.4735046007522214
-0.1243449435824267868;-0.48429158056431570456;0;328.43067193646646729;1158.3390236590323639;329.03391628255866408;1158.4734740246831279
-0.093690657292861884153;-0.49114362536434441608;0;328.43067193646646729;1158.3390236590323639;329.03390906981286435;1158.4734327193948502
-0.062666616782151865483;-0.49605735065723893795;0;328.43067193646646729;1158.3390236590323639;329.0339014899334984;1158.4733921999736594
-0.031395259764656603674;-0.49901336421413577948;0;328.43067193646646729;1158.3390236590323639;329.03389605996329692;1158.4733626091228871
-9.1848509936051484375e-17;-0.5;0;328.43067193646646729;1158.3390236590323639;329.03389446811854668;1158.4733509236168629
0.031395259764656416324;-0.49901336421413577948;0;328.43067193646851365;1158.3390236590321365;329.0338973556559381;1158.4733597362362616
0.062666616782151671194;-0.49605735065723899346;0;328.43067193646646729;1158.3390236590323639;329.03390423246065666;1158.4733868080165848
0.093690657292861703742;-0.4911436253643444716;0;328.43067193646646729;1158.3390236590323639;329.03391352820659677;1158.4734254609741129
0.12434494358242660639;-0.48429158056431576007;0;328.43067193646646729;1158.3390236590323639;329.03392277934875665;1158.4734657493227132
0.15450849718747278194;-0.47552825814757709866;0;328.43067193646646729;1158.3390236590323639;329.03392894952037295;1158.4734962218658438
0.18406227634233790491;-0.46488824294412611771;0;328.43067193646646729;1158.3390236590323639;329.03392887372865516;1158.4735059829820329
0.21288964578253510851;-0.45241352623301034352;0;328.43067193646646729;1158.3390236590323639;329.03391980208817813;1158.4734866869807774
0.2408768370508563017;-0.43815334002193251361;0;328.43067193646646729;1158.3390236590323639;329.03389999372438979;1158.4734340692302794
0.26791339748949688504;-0.42216396275100842583;0;328.43067193646646729;1158.3390236590323639;329.03386927267848705;1158.4733486345296569
0.29389262614623506975;-0.40450849718747483585;0;328.43067193646646729;1158.3390236590323639;329.03382940463541217;1158.473235191242793
0.31871199487434326292;-0.38525662138789590339;0;328.43067193646646729;1158.3390236590323639;329.03378408729912508;1158.4731010381040051
0.34227355296434269771;-0.36448431371070727502;0;328.43067193646851365;1158.3390236590321365;329.03373827349219027;1158.4729527754950595
0.36448431371070411089;-0.34227355296434608389;0;328.43067193646646729;1158.3390236590323639;329.0336946822700952;1158.4728159493222392
0.38525662138789296129;-0.31871199487434687114;0;328.43067193646646729;1158.3390236590323639;329.03365856746711415;1158.4727014683933248
0.4045084971874720603;-0.293892626146238789;0;328.43067193646851365;1158.3390236590321365;329.03363384730386088;1158.4726224474413812
0.42216396275100598334;-0.26791339748950082633;0;328.43067193646646729;1158.3390236590323639;329.03362325349490902;1158.4725881952522286
0.43815334002193029317;-0.24087683705086038177;0;328.43067193646646729;1158.3390236590323639;329.03362792403191861;1158.472602827935134
0.45241352623300834512;-0.21288964578253932736;0;328.43067193646646729;1158.3390236590323639;329.03364719721895426;1158.4726645508251295
0.46488824294412439686;-0.18406227634234223478;0;328.43067193646851365;1158.3390236590321365;329.03367864001882026;1158.472765721362066
0.47552825814757565537;-0.15450849718747719508;0;328.43067193646646729;1158.3390236590323639;329.03371831189343766;1158.4728936987144152
0.48429158056431459434;-0.12434494358243111667;0;328.43067193646646729;1158.3390236590323639;329.03376123305082501;1158.4730323771218536
0.49114362536434358342;-0.093690657292866269534;0;328.43067193646851365;1158.3390236590321365;329.03380199768372449;1158.4731642050844584
0.49605735065723838284;-0.062666616782156292498;0;328.43067193646646729;1158.3390236590323639;329.03383545231986318;1158.473272423761955
0.49901336421413550193;-0.031395259764661065383;0;328.43067193646646729;1158.3390236590323639;329.03385734962813558;1158.4733432263269606
