0.5;0;0;328.43067193646646729;1158.3390236590323639;333.41096437233056804;1159.3957077627114813
0.49901336421413577948;0.03139525976465668694;0;328.43067193646646729;1158.3390236590323639;333.4108946647936591;1159.395490384018558
0.49605735065723893795;0.062666616782152129161;0;328.43067193646646729;1158.3390236590323639;333.41069439265777419;1159.3948657690043547
0.49114362536434436057;0.093690657292862314365;0;328.43067193646646729;1158.3390236590323639;333.41038900759508579;1159.3939132978889575
0.48429158056431553803;0.12434494358242739742;0;328.43067193646646729;1158.3390236590323639;333.41001724347239588;1159.3927537829240464
0.47552825814757676559;0.15450849718747369788;0;328.43067193646851365;1158.3390236590321365;333.40962611121983628;1159.3915338638114463
0.46488824294412572913;0.18406227634233895962;0;328.43067193646646729;1158.3390236590323639;333.40926486339793655;1159.3904071863939862
0.45241352623300978841;0.212889645782536302;0;328.43067193646646729;1158.3390236590323639;333.40897873718324718;1159.3895148842705112
0.43815334002193179197;0.24087683705085760622;0;328.43067193646851365;1158.3390236590321365;333.40880330845152457;1159.3889679599831197
0.42216396275100759317;0.26791339748949827282;0;328.43067193646646729;1158.3390236590323639;333.40876019954822596;1159.3888338841836685
0.40450849718747372563;0.29389262614623651304;0;328.43067193646851365;1158.3390236590321365;333.40885469224042481;1159.3891291375448418
0.38525662138789468214;0.31871199487434481723;0;328.43067193646646729;1158.3390236590323639;333.40907553225008542;1159.3898185940618077
0.36448431371070583173;0.34227355296434425203;0;328.43067193646646729;1158.3390236590323639;333.40939691006786916;1159.3908217018372397
0.34227355296434441856;0.3644843137107056652;0;328.43067193646646729;1158.3390236590323639;333.40978230605168164;1159.3920244891771745
0.31871199487434492825;0.38525662138789451561;0;328.43067193646851365;1158.3390236590321365;333.41018963760404858;1159.3932956389321589
0.29389262614623667957;0.40450849718747361461;0;328.43067193646646729;1158.3390236590323639;333.41057697622125033;1159.3945043409185018
0.26791339748949838384;0.42216396275100748214;0;328.43067193646646729;1158.3390236590323639;333.41090803567783496;1159.3955374233307793
0.24087683705085766173;0.43815334002193179197;0;328.43067193646646729;1158.3390236590323639;333.41115667767377317;1159.3963134065609211
0.21288964578253632975;0.45241352623300978841;0;328.43067193646646729;1158.3390236590323639;333.41130983092375573;1159.396791593853095
0.18406227634233893187;0.46488824294412572913;0;328.43067193646646729;1158.3390236590323639;333.4113684522833978;1159.3969750442338409
0.15450849718747364236;0.4755282581475768211;0;328.43067193646646729;1158.3390236590323639;333.41134644108808516;1159.3969071589108353
0.12434494358242727252;0.48429158056431559354;0;328.43067193646646729;1158.3390236590323639;333.41126771048067212;1159.3966625266334631
0.093690657292862147831;0.49114362536434436057;0;328.43067193646646729;1158.3390236590323639;333.41116188085135263;1159.396333486552976
0.062666616782151907117;0.49605735065723893795;0;328.43067193646646729;1158.3390236590323639;333.4110592537099933;1159.39601446451843
0.031395259764656430201;0.49901336421413577948;0;328.43067193646851365;1158.3390236590321365;333.41098582192205413;1159.3957864366623198
-3.0245073740886312578e-16;0.5;0;328.43067193646646729;1158.3390236590323639;333.41095906052572673;1159.3957038323894722
-0.031395259764657033885;0.49901336421413577948;0;328.43067193646646729;1158.3390236590323639;333.41098512303773305;1159.395785814550436
-0.062666616782152503862;0.49605735065723888244;0;328.43067193646646729;1158.3390236590323639;333.41105785840238696;1159.3960132228246493
-0.093690657292862744576;0.49114362536434424955;0;328.43067193646646729;1158.3390236590323639;333.41115979403070924;1159.3963316303397733
-0.12434494358242785539;0.484291580564315427;0;328.43067193646646729;1158.3390236590323639;333.4112649394897403;1159.3966600634703354
-0.15450849718747419748;0.47552825814757659906;0;328.43067193646851365;1158.3390236590321365;333.41134299567562493;1159.3969040988699817
-0.18406227634233951473;0.46488824294412550708;0;328.43067193646646729;1158.3390236590323639;333.41136434457206406;1159.3969713998483257
-0.21288964578253677384;0.45241352623300956637;0;328.43067193646646729;1158.3390236590323639;333.41130507537604899;1159.3967873800891084
-0.24087683705085810582;0.43815334002193151441;0;328.43067193646646729;1158.3390236590323639;333.41115129104861126;1159.3963086407663923
-0.26791339748949877242;0.42216396275100720459;0;328.43067193646851365;1158.3390236590321365;333.41090203698666983;1159.395532125164209
-0.29389262614623706815;0.40450849718747333705;0;328.43067193646646729;1158.3390236590323639;333.41057038668537871;1159.3944985322746106
-0.31871199487434537234;0.38525662138789418254;0;328.43067193646646729;1158.3390236590323639;333.41018248060919404;1159.3932893438504834
-0.34227355296434486265;0.36448431371070527662;0;328.43067193646646729;1158.3390236590323639;333.40977460709871139;1159.3920177337267887
-0.36448431371070627582;0.34227355296434380794;0;328.43067193646646729;1158.3390236590323639;333.40938869672430656;1159.3908145139873795
-0.38525662138789512623;0.31871199487434426212;0;328.43067193646646729;1158.3390236590323639;333.40906683409525613;1159.3898110035440823
-0.40450849718747422523;0.29389262614623590242;0;328.43067193646646729;1158.3390236590323639;333.40884554080241742;1159.3891211756968005
-0.42216396275100803726;0.26791339748949755117;0;328.43067193646646729;1158.3390236590323639;333.40875062824369479;1159.3888255837860015
-0.43815334002193223606;0.24087683705085682906;0;328.43067193646646729;1158.3390236590323639;333.40879335250087934;1159.3889593550861719
-0.45241352623301017699;0.21288964578253544158;0;328.43067193646646729;1158.3390236590323639;333.40896843352800261;1159.3895060100273895
-0.46488824294412606219;0.18406227634233804369;0;328.43067193646646729;1158.3390236590323639;333.40925425059481313;1159.3903980788722947
-0.47552825814757709866;0.15450849718747269868;0;328.43067193646646729;1158.3390236590323639;333.409615229330484;1159.3915245598327601
-0.48429158056431581558;0.12434494358242632883;0;328.43067193646851365;1158.3390236590321365;333.41000613393140384;1159.3927443198974743
-0.49114362536434452711;0.093690657292861190264;0;328.43067193646851365;1158.3390236590321365;333.41037771307009052;1159.3939037136381103
-0.49605735065723904897;0.062666616782150949549;0;328.43067193646646729;1158.3390236590323639;333.41068295688813805;1159.3948561016334224
-0.499013364214135835;0.031395259764655465695;0;328.43067193646851365;1158.3390236590321365;333.41088313242283903;1159.3954806717520114
-0.5;-1.2710352895928202744e-15;0;328.43067193646646729;1158.3390236590323639;333.41095278872683139;1159.3956980437774291
-0.49901336421413572397;-0.031395259764657998391;0;328.43067193646646729;1158.3390236590323639;333.41088305824160898;1159.3954805604789726
-0.49605735065723877142;-0.062666616782153475307;0;328.43067193646646729;1158.3390236590323639;333.41068280911775901;1159.3948558793695156
-0.49114362536434408302;-0.093690657292863688266;0;328.43067193646646729;1158.3390236590323639;333.41037749289051817;1159.3939033809624561
-0.48429158056431520496;-0.12434494358242879908;0;328.43067193646646729;1158.3390236590323639;333.41000584309779242;1159.3927438776747749
-0.4755282581475763215;-0.15450849718747511341;0;328.43067193646646729;1158.3390236590323639;333.40961487015579223;1159.3915240092296699
-0.46488824294412511851;-0.18406227634234040291;0;328.43067193646851365;1158.3390236590321365;333.40925382593229642;1159.3903974213449146
-0.45241352623300906677;-0.21288964578253774529;0;328.43067193646851365;1158.3390236590321365;333.40896794673813019;1159.3895052473449141
-0.43815334002193101481;-0.2408768370508590495;0;328.43067193646646729;1158.3390236590323639;333.40879280742052515;1159.3889584893286155
-0.42216396275100664948;-0.26791339748949971611;0;328.43067193646646729;1158.3390236590323639;333.40875002914708602;1159.3888246173514744
-0.40450849718747272643;-0.29389262614623795633;0;328.43067193646646729;1158.3390236590323639;333.40884489235259025;1159.3891201113156058
-0.38525662138789351641;-0.31871199487434620501;0;328.43067193646646729;1158.3390236590323639;333.40906614129880836;1159.3898098442728042
-0.36448431371070455498;-0.3422735529643456398;0;328.43067193646646729;1158.3390236590323639;333.40938796487102991;1159.3908132632261641
-0.34227355296434297527;-0.36448431371070699747;0;328.43067193646851365;1158.3390236590321365;333.40977384170497544;1159.3920163952213898
-0.31871199487434342945;-0.38525662138789579236;0;328.43067193646646729;1158.3390236590323639;333.41018168735070049;1159.3932879216988567
-0.29389262614623518077;-0.40450849718747472483;0;328.43067193646646729;1158.3390236590323639;333.41056957133815786;1159.3944970309253222
-0.26791339748949705157;-0.42216396275100837032;0;328.43067193646646729;1158.3390236590323639;333.41090120535579899;1159.395530549422574
-0.24087683705085646824;-0.4381533400219324581;0;328.43067193646646729;1158.3390236590323639;333.41115044890409536;1159.3963069957967491
-0.21288964578253527504;-0.4524135262330102325;0;328.43067193646851365;1158.3390236590321365;333.41130422838574532;1159.396785671403677
-0.18406227634233807144;-0.46488824294412606219;0;328.43067193646646729;1158.3390236590323639;333.41136349823443652;1159.3969696333081174
-0.15450849718747294848;-0.47552825814757704315;0;328.43067193646646729;1158.3390236590323639;333.41134215526597018;1159.3969022806720659
-0.1243449435824267868;-0.48429158056431570456;0;328.43067193646646729;1158.3390236590323639;333.41126411000470853;1159.3966582001376082
-0.093690657292861884153;-0.49114362536434441608;0;328.43067193646646729;1158.3390236590323639;333.41115898013680408;1159.3963297287025398
-0.062666616782151865483;-0.49605735065723893795;0;328.43067193646646729;1158.3390236590323639;333.41105706439196865;1159.3960112900049353
-0.031395259764656603674;-0.49901336421413577948;0;328.43067193646646729;1158.3390236590323639;333.41098435279457135;1159.395783857927654
-9.1848509936051484375e-17;-0.5;0;328.43067193646646729;1158.3390236590323639;333.41095831749771605;1159.39570185959019
0.031395259764656416324;-0.49901336421413577948;0;328.43067193646851365;1158.3390236590321365;333.41098510910029518;1159.3957844555177417
0.062666616782151671194;-0.49605735065723899346;0;328.43067193646646729;1158.3390236590323639;333.41105857361696962;1159.3960124830273344
0.093690657292861703742;-0.4911436253643444716;0;328.43067193646646729;1158.3390236590323639;333.41116123553553052;1159.3963315128646627
0.12434494358242660639;-0.48429158056431576007;0;328.43067193646646729;1158.3390236590323639;333.41126710152065016;1159.3966605689879543
0.15450849718747278194;-0.47552825814757709866;0;328.43067193646646729;1158.3390236590323639;333.41134586960299657;1159.3969052256106806
0.18406227634233790491;-0.46488824294412611771;0;328.43067193646646729;1158.3390236590323639;333.41136791894979297;1159.3969731435938684
0.21288964578253510851;-0.45241352623301034352;0;328.43067193646646729;1158.3390236590323639;333.4113093359989648;1159.3967897341690332
0.2408768370508563017;-0.43815334002193251361;0;328.43067193646646729;1158.3390236590323639;333.41115622102796578;1159.3963115960534651
0.26791339748949688504;-0.42216396275100842583;0;328.43067193646646729;1158.3390236590323639;333.41090761682329457;1159.3955356701035271
0.29389262614623506975;-0.40450849718747483585;0;328.43067193646646729;1158.3390236590323639;333.4105765943534152;1159.394502652916799
0.31871199487434326292;-0.38525662138789590339;0;328.43067193646646729;1158.3390236590323639;333.4101892916467591;1159.393294023890121
0.34227355296434269771;-0.36448431371070727502;0;328.43067193646851365;1158.3390236590321365;333.40978199469464016;1159.3920229545831262
0.36448431371070411089;-0.34227355296434608389;0;328.43067193646646729;1158.3390236590323639;333.40939663181842434;1159.3908202548743702
0.38525662138789296129;-0.31871199487434687114;0;328.43067193646646729;1158.3390236590323639;333.4090752854810944;1159.389817241568835
0.4045084971874720603;-0.293892626146238789;0;328.43067193646851365;1158.3390236590321365;333.40885447523663743;1159.3891278859769045
0.42216396275100598334;-0.26791339748950082633;0;328.43067193646646729;1158.3390236590323639;333.40876001055943334;1159.38883273956435
0.43815334002193029317;-0.24087683705086038177;0;328.43067193646646729;1158.3390236590323639;333.40880314573684018;1159.3889669278642032
0.45241352623300834512;-0.21288964578253932736;0;328.43067193646646729;1158.3390236590323639;333.40897859906112899;1159.389513969695372
0.46488824294412439686;-0.18406227634234223478;0;328.43067193646851365;1158.3390236590321365;333.40926474828529535;1159.3904063938568925
0.47552825814757565537;-0.15450849718747719508;0;328.43067193646646729;1158.3390236590323639;333.40962601767677143;1159.3915331972357308
0.48429158056431459434;-0.12434494358243111667;0;328.43067193646646729;1158.3390236590323639;333.41001717023931405;1159.3927532456209519
0.49114362536434358342;-0.093690657292866269534;0;328.43067193646851365;1158.3390236590321365;333.41038895362441963;1159.3939128925383102
0.49605735065723838284;-0.062666616782156292498;0;328.43067193646646729;1158.3390236590323639;333.41069435713922076;1159.3948654976350099
0.49901336421413550193;-0.031395259764661065383;0;328.43067193646646729;1158.3390236590323639;333.41089464717447299;1159.3954902479913471
