0.5;0;0;328.43067193646646729;1158.3390236590323639;328.69255105518334403;1158.3978434306361578
0.49901336421413577948;0.03139525976465668694;0;328.43067193646646729;1158.3390236590323639;328.69254663830076879;1158.3978337271057626
0.49605735065723893795;0.062666616782152129161;0;328.43067193646646729;1158.3390236590323639;328.69253457045840605;1158.3978029320353471
0.49114362536434436057;0.093690657292862314365;0;328.43067193646646729;1158.3390236590323639;328.69251610091947668;1158.3977549795129107
0.48429158056431553803;0.12434494358242739742;0;328.43067193646646729;1158.3390236590323639;328.6924931867356463;1158.3976959231069941
0.47552825814757676559;0.15450849718747369788;0;328.43067193646851365;1158.3390236590321365;328.69246825453961947;1158.397633155568883
0.46488824294412572913;0.18406227634233895962;0;328.43067193646646729;1158.3390236590323639;328.69244390958635904;1158.3975744646193107
0.45241352623300978841;0.212889645782536302;0;328.43067193646646729;1158.3390236590323639;328.69242262984187164;1158.3975270507114601
0.43815334002193179197;0.24087683705085760622;0;328.43067193646851365;1158.3390236590321365;328.69240648424130313;1158.3974966372400104
0.42216396275100759317;0.26791339748949827282;0;328.43067193646646729;1158.3390236590323639;328.69239691048028362;1158.3974867894369254
0.40450849718747372563;0.29389262614623651304;0;328.43067193646851365;1158.3390236590321365;328.69239457896310341;1158.3974985290003588
0.38525662138789468214;0.31871199487434481723;0;328.43067193646646729;1158.3390236590323639;328.69239935766938743;1158.3975302902645126
0.36448431371070583173;0.34227355296434425203;0;328.43067193646646729;1158.3390236590323639;328.69241037887388757;1158.3975782166401132
0.34227355296434441856;0.3644843137107056652;0;328.43067193646646729;1158.3390236590323639;328.69242619496185398;1158.3976367494376518
0.31871199487434492825;0.38525662138789451561;0;328.43067193646851365;1158.3390236590321365;328.69244526025170217;1158.3976996676815361
0.29389262614623667957;0.40450849718747361461;0;328.43067193646646729;1158.3390236590323639;328.69246273446901796;1158.3977586318733302
0.26791339748949838384;0.42216396275100748214;0;328.43067193646646729;1158.3390236590323639;328.69248026224880732;1158.397809838647845
0.24087683705085766173;0.43815334002193179197;0;328.43067193646646729;1158.3390236590323639;328.69249727629187419;1158.397850058768654
0.21288964578253632975;0.45241352623300978841;0;328.43067193646646729;1158.3390236590323639;328.69251242952640268;1158.3978770928279118
0.18406227634233893187;0.46488824294412572913;0;328.43067193646646729;1158.3390236590323639;328.69252456513385141;1158.3978903096983686
0.15450849718747364236;0.4755282581475768211;0;328.43067193646646729;1158.3390236590323639;328.69253322029231867;1158.397890964631415
0.12434494358242727252;0.48429158056431559354;0;328.43067193646646729;1158.3390236590323639;328.6925387316640581;1158.397882125367687
0.093690657292862147831;0.49114362536434436057;0;328.43067193646646729;1158.3390236590323639;328.69254205506422295;1158.3978681765354395
0.062666616782151907117;0.49605735065723893795;0;328.43067193646646729;1158.3390236590323639;328.69254442721324949;1158.397853997008724
0.031395259764656430201;0.49901336421413577948;0;328.43067193646851365;1158.3390236590321365;328.69254698932121528;1158.3978439904196875
-3.0245073740886312578e-16;0.5;0;328.43067193646646729;1158.3390236590323639;328.6925504681800021;1158.3978411846230756
-0.031395259764657033885;0.49901336421413577948;0;328.43067193646646729;1158.3390236590323639;328.69255497908824282;1158.3978465997154217
-0.062666616782152503862;0.49605735065723888244;0;328.43067193646646729;1158.3390236590323639;328.69255998248712558;1158.3978590241438269
-0.093690657292862744576;0.49114362536434424955;0;328.43067193646646729;1158.3390236590323639;328.69256439652241397;1158.3978752493258071
-0.12434494358242785539;0.484291580564315427;0;328.43067193646646729;1158.3390236590323639;328.69256684158040116;1158.3978907140697174
-0.15450849718747419748;0.47552825814757659906;0;328.43067193646851365;1158.3390236590321365;328.69256597004942932;1158.3979004212949349
-0.18406227634233951473;0.46488824294412550708;0;328.43067193646646729;1158.3390236590323639;328.6925608143863542;1158.3978999286568978
-0.21288964578253677384;0.45241352623300956637;0;328.43067193646646729;1158.3390236590323639;328.69255106984104486;1158.3978861954844888
-0.24087683705085810582;0.43815334002193151441;0;328.43067193646646729;1158.3390236590323639;328.6925372171536992;1158.3978580960585987
-0.26791339748949877242;0.42216396275100720459;0;328.43067193646851365;1158.3390236590321365;328.69252038970699914;1158.3978164826719421
-0.29389262614623706815;0.40450849718747333705;0;328.43067193646646729;1158.3390236590323639;328.6925019029083046;1158.3977637896434771
-0.31871199487434537234;0.38525662138789418254;0;328.43067193646646729;1158.3390236590323639;328.69248239439679082;1158.397703294409439
-0.34227355296434486265;0.36448431371070527662;0;328.43067193646646729;1158.3390236590323639;328.69246057131539374;1158.397638271167807
-0.36448431371070627582;0.34227355296434380794;0;328.43067193646646729;1158.3390236590323639;328.69244131517478991;1158.3975777337145701
-0.38525662138789512623;0.31871199487434426212;0;328.43067193646646729;1158.3390236590323639;328.692426448264996;1158.3975279921619403
-0.40450849718747422523;0.29389262614623590242;0;328.43067193646646729;1158.3390236590323639;328.6924176419381638;1158.3974947482881817
-0.42216396275100803726;0.26791339748949755117;0;328.43067193646646729;1158.3390236590323639;328.69241597741466876;1158.3974819802622278
-0.43815334002193223606;0.24087683705085682906;0;328.43067193646646729;1158.3390236590323639;328.69242177714556874;1158.3974913457273033
-0.45241352623301017699;0.21288964578253544158;0;328.43067193646646729;1158.3390236590323639;328.69243452708337827;1158.3975218793366366
-0.46488824294412606219;0.18406227634233804369;0;328.43067193646646729;1158.3390236590323639;328.69245290320174036;1158.3975700330113341
-0.47552825814757709866;0.15450849718747269868;0;328.43067193646646729;1158.3390236590323639;328.69247490186450023;1158.397630060194615
-0.48429158056431581558;0.12434494358242632883;0;328.43067193646851365;1158.3390236590321365;328.6924980598138859;1158.3976946986374514
-0.49114362536434452711;0.093690657292861190264;0;328.43067193646851365;1158.3390236590321365;328.69251973709754111;1158.3977560642827029
-0.49605735065723904897;0.062666616782150949549;0;328.43067193646646729;1158.3390236590323639;328.69253742758166936;1158.3978066397539806
-0.499013364214135835;0.031395259764655465695;0;328.43067193646851365;1158.3390236590321365;328.69254905753882667;1158.3978402265574914
-0.5;-1.2710352895928202744e-15;0;328.43067193646646729;1158.3390236590323639;328.69255323403729108;1158.3978527345532257
-0.49901336421413572397;-0.031395259764657998391;0;328.43067193646646729;1158.3390236590323639;328.69254941107095647;1158.3978427031534011
-0.49605735065723877142;-0.062666616782153475307;0;328.43067193646646729;1158.3390236590323639;328.69253795220163283;1158.3978114848187033
-0.49114362536434408302;-0.093690657292863688266;0;328.43067193646646729;1158.3390236590323639;328.69252008187908132;1158.3977630663182481
-0.48429158056431520496;-0.12434494358242879908;0;328.43067193646646729;1158.3390236590323639;328.6924977323492385;1158.3977035520545087
-0.4755282581475763215;-0.15450849718747511341;0;328.43067193646646729;1158.3390236590323639;328.69247330649164951;1158.3976403790193217
-0.46488824294412511851;-0.18406227634234040291;0;328.43067193646851365;1158.3390236590321365;328.69244938786494004;1158.3975813684928653
-0.45241352623300906677;-0.21288964578253774529;0;328.43067193646851365;1158.3390236590321365;328.69242843572243373;1158.3975337409819986
-0.43815334002193101481;-0.2408768370508590495;0;328.43067193646646729;1158.3390236590323639;328.69241250406406607;1158.3975032249659307
-0.42216396275100664948;-0.26791339748949971611;0;328.43067193646646729;1158.3390236590323639;328.69240302001509235;1158.3974933758292991
-0.40450849718747272643;-0.29389262614623795633;0;328.43067193646646729;1158.3390236590323639;328.69240064818689007;1158.3975051921461272
-0.38525662138789351641;-0.31871199487434620501;0;328.43067193646646729;1158.3390236590323639;328.6924052557470759;1158.3975370748191835
-0.36448431371070455498;-0.3422735529643456398;0;328.43067193646646729;1158.3390236590323639;328.69241597904630225;1158.3975851273607987
-0.34227355296434297527;-0.36448431371070699747;0;328.43067193646851365;1158.3390236590321365;328.69243137913792907;1158.3976437493577123
-0.31871199487434342945;-0.38525662138789579236;0;328.43067193646646729;1158.3390236590323639;328.69244856195513194;1158.3977084347820892
-0.29389262614623518077;-0.40450849718747472483;0;328.43067193646646729;1158.3390236590323639;328.69246695525481528;1158.3977695952048634
-0.26791339748949705157;-0.42216396275100837032;0;328.43067193646646729;1158.3390236590323639;328.69248539113175411;1158.3978211577002639
-0.24087683705085646824;-0.4381533400219324581;0;328.43067193646646729;1158.3390236590323639;328.69250234731481441;1158.3978595716102973
-0.21288964578253527504;-0.4524135262330102325;0;328.43067193646851365;1158.3390236590321365;328.69251651183333252;1158.3978834598265166
-0.18406227634233807144;-0.46488824294412606219;0;328.43067193646646729;1158.3390236590323639;328.6925271574551175;1158.3978933984387822
-0.15450849718747294848;-0.47552825814757704315;0;328.43067193646646729;1158.3390236590323639;328.69253427751169738;1158.3978916509893224
-0.1243449435824267868;-0.48429158056431570456;0;328.43067193646646729;1158.3390236590323639;328.69253850777357684;1158.3978817615907246
-0.093690657292861884153;-0.49114362536434441608;0;328.43067193646646729;1158.3390236590323639;328.69254090009798119;1158.3978679907711467
-0.062666616782151865483;-0.49605735065723893795;0;328.43067193646646729;1158.3390236590323639;328.69254262735609018;1158.3978546442074276
-0.031395259764656603674;-0.49901336421413577948;0;328.43067193646646729;1158.3390236590323639;328.69254469338329727;1158.3978453871391139
-9.1848509936051484375e-17;-0.5;0;328.43067193646646729;1158.3390236590323639;328.69254770453147785;1158.3978426527594365
0.031395259764656416324;-0.49901336421413577948;0;328.43067193646851365;1158.3390236590321365;328.69255173793737868;1158.3978472429648718
0.062666616782151671194;-0.49605735065723899346;0;328.43067193646646729;1158.3390236590323639;328.69255632059372374;1158.3978581893245519
0.093690657292861703742;-0.4911436253643444716;0;328.43067193646646729;1158.3390236590323639;328.69256051578622646;1158.3978728990650779
0.12434494358242660639;-0.48429158056431576007;0;328.43067193646646729;1158.3390236590323639;328.69256309933052762;1158.397887563643053
0.15450849718747278194;-0.47552825814757709866;0;328.43067193646646729;1158.3390236590323639;328.69256279726982939;1158.3978977644023871
0.18406227634233790491;-0.46488824294412611771;0;328.43067193646646729;1158.3390236590323639;328.69255854781749804;1158.3978991785377275
0.21288964578253510851;-0.45241352623301034352;0;328.43067193646646729;1158.3390236590323639;328.69254974312229933;1158.3978882750000139
0.2408768370508563017;-0.43815334002193251361;0;328.43067193646646729;1158.3390236590323639;328.69253640195427124;1158.3978628977229164
0.26791339748949688504;-0.42216396275100842583;0;328.43067193646646729;1158.3390236590323639;328.69251922541474187;1158.3978226635786086
0.29389262614623506975;-0.40450849718747483585;0;328.43067193646646729;1158.3390236590323639;328.69249949903695551;1158.3977691525349201
0.31871199487434326292;-0.38525662138789590339;0;328.43067193646646729;1158.3390236590323639;328.69247883176313962;1158.3977059307810578
0.34227355296434269771;-0.36448431371070727502;0;328.43067193646851365;1158.3390236590321365;328.69245877093078434;1158.3976385137607394
0.36448431371070411089;-0.34227355296434608389;0;328.43067193646646729;1158.3390236590323639;328.69243993020722883;1158.3975771429800261
0.38525662138789296129;-0.31871199487434687114;0;328.43067193646646729;1158.3390236590323639;328.69242545404028988;1158.3975264023542877
0.4045084971874720603;-0.293892626146238789;0;328.43067193646851365;1158.3390236590321365;328.6924169931659776;1158.3974920359496537
0.42216396275100598334;-0.26791339748950082633;0;328.43067193646646729;1158.3390236590323639;328.69241560955794057;1158.3974780758285306
0.43815334002193029317;-0.24087683705086038177;0;328.43067193646646729;1158.3390236590323639;328.69242160881560721;1158.3974862405948443
0.45241352623300834512;-0.21288964578253932736;0;328.43067193646646729;1158.3390236590323639;328.692434463325867;1158.397515627643088
0.46488824294412439686;-0.18406227634234223478;0;328.43067193646851365;1158.3390236590321365;328.69245283956013282;1158.3975627480522235
0.47552825814757565537;-0.15450849718747719508;0;328.43067193646646729;1158.3390236590323639;328.69247472905732366;1158.3976219058183688
0.48429158056431459434;-0.12434494358243111667;0;328.43067193646646729;1158.3390236590323639;328.69249766873298313;1158.397685876293508
0.49114362536434358342;-0.093690657292866269534;0;328.43067193646851365;1158.3390236590321365;328.69251902389987663;1158.397746797202899
0.49605735065723838284;-0.062666616782156292498;0;328.43067193646646729;1158.3390236590323639;328.69253629860503452;1158.3977971554509168
0.49901336421413550193;-0.031395259764661065383;0;328.43067193646646729;1158.3390236590323639;328.6925474338252684;1158.3978307395234424
