0.5;0;0;328.43067193646646729;1158.3390236590323639;336.63192318505434741;1160.0398272935872228
0.49901336421413577948;0.03139525976465668694;0;328.43067193646646729;1158.3390236590323639;336.63180385311846976;1160.0394622344338131
0.49605735065723893795;0.062666616782152129161;0;328.43067193646646729;1158.3390236590323639;336.63146103470751314;1160.038413495388113
0.49114362536434436057;0.093690657292862314365;0;328.43067193646646729;1158.3390236590323639;336.63093829373178778;1160.0368143578330091
0.48429158056431553803;0.12434494358242739742;0;328.43067193646646729;1158.3390236590323639;336.63030193268343737;1160.0348676638511733
0.47552825814757676559;0.15450849718747369788;0;328.43067193646851365;1158.3390236590321365;336.62963242942373654;1160.032819611787545
0.46488824294412572913;0.18406227634233895962;0;328.43067193646646729;1158.3390236590323639;336.62901410810258085;1160.0309281533864123
0.45241352623300978841;0.212889645782536302;0;328.43067193646646729;1158.3390236590323639;336.62852442681668208;1160.0294302246106781
0.43815334002193179197;0.24087683705085760622;0;328.43067193646851365;1158.3390236590321365;336.6282243073063114;1160.0285121700314903
0.42216396275100759317;0.26791339748949827282;0;328.43067193646646729;1158.3390236590323639;336.62815077960760846;1160.0282872515447252
0.40450849718747372563;0.29389262614623651304;0;328.43067193646851365;1158.3390236590321365;336.6283128886740883;1160.0287831340297089
0.38525662138789468214;0.31871199487434481723;0;328.43067193646646729;1158.3390236590323639;336.62869135631206063;1160.0299408536700412
0.36448431371070583173;0.34227355296434425203;0;328.43067193646646729;1158.3390236590323639;336.62924197406437088;1160.0316251931310489
0.34227355296434441856;0.3644843137107056652;0;328.43067193646646729;1158.3390236590323639;336.62990219284262139;1160.0336448314906193
0.31871199487434492825;0.38525662138789451561;0;328.43067193646851365;1158.3390236590321365;336.63059994457245239;1160.0357793212599518
0.29389262614623667957;0.40450849718747361461;0;328.43067193646646729;1158.3390236590323639;336.63126343882754554;1160.0378090512242579
0.26791339748949838384;0.42216396275100748214;0;328.43067193646646729;1158.3390236590323639;336.63183056342768396;1160.0395440032166334
0.24087683705085766173;0.43815334002193179197;0;328.43067193646646729;1158.3390236590323639;336.63225659648770716;1160.0408473487334504
0.21288964578253632975;0.45241352623300978841;0;328.43067193646646729;1158.3390236590323639;336.63251919587793282;1160.041650719812651
0.18406227634233893187;0.46488824294412572913;0;328.43067193646646729;1158.3390236590323639;336.6326200326574849;1160.0419592131631816
0.15450849718747364236;0.4755282581475768211;0;328.43067193646646729;1158.3390236590323639;336.63258292043303754;1160.0418456720262839
0.12434494358242727252;0.48429158056431559354;0;328.43067193646646729;1158.3390236590323639;336.6324487937239951;1160.0414353248231691
0.093690657292862147831;0.49114362536434436057;0;328.43067193646646729;1158.3390236590323639;336.63226833457690645;1160.0408832262473879
0.062666616782151907117;0.49605735065723893795;0;328.43067193646646729;1158.3390236590323639;336.63209337496044782;1160.0403479517551659
0.031395259764656430201;0.49901336421413577948;0;328.43067193646851365;1158.3390236590321365;336.63196836702070414;1160.0399654997183916
-3.0245073740886312578e-16;0.5;0;328.43067193646646729;1158.3390236590323639;336.63192319116581075;1160.0398272874062968
-0.031395259764657033885;0.49901336421413577948;0;328.43067193646646729;1158.3390236590323639;336.63196836714354276;1160.0399654993345848
-0.062666616782152503862;0.49605735065723888244;0;328.43067193646646729;1158.3390236590323639;336.6320933752015776;1160.0403479509911904
-0.093690657292862744576;0.49114362536434424955;0;328.43067193646646729;1158.3390236590323639;336.63226833492967671;1160.0408832251112017
-0.12434494358242785539;0.484291580564315427;0;328.43067193646646729;1158.3390236590323639;336.6324487941782877;1160.0414353233288693
-0.15450849718747419748;0.47552825814757659906;0;328.43067193646851365;1158.3390236590321365;336.63258292097447111;1160.0418456701904688
-0.18406227634233951473;0.46488824294412550708;0;328.43067193646646729;1158.3390236590323639;336.63262003326804006;1160.0419592110088161
-0.21288964578253677384;0.45241352623300956637;0;328.43067193646646729;1158.3390236590323639;336.63251919653822597;1160.0416507173586069
-0.24087683705085810582;0.43815334002193151441;0;328.43067193646646729;1158.3390236590323639;336.63225659717681992;1160.0408473460097412
-0.26791339748949877242;0.42216396275100720459;0;328.43067193646851365;1158.3390236590321365;336.63183056412015048;1160.0395440002546366
-0.29389262614623706815;0.40450849718747333705;0;328.43067193646646729;1158.3390236590323639;336.63126343949807051;1160.037809048055351
-0.31871199487434537234;0.38525662138789418254;0;328.43067193646646729;1158.3390236590323639;336.6305999451938078;1160.0357793179157397
-0.34227355296434486265;0.36448431371070527662;0;328.43067193646646729;1158.3390236590323639;336.62990219338928455;1160.0336448280086188
-0.36448431371070627582;0.34227355296434380794;0;328.43067193646646729;1158.3390236590323639;336.62924197450917063;1160.0316251895471851
-0.38525662138789512623;0.31871199487434426212;0;328.43067193646646729;1158.3390236590323639;336.62869135662987219;1160.0299408500204663
-0.40450849718747422523;0.29389262614623590242;0;328.43067193646646729;1158.3390236590323639;336.6283128888377405;1160.0287831303519397
-0.42216396275100803726;0.26791339748949755117;0;328.43067193646646729;1158.3390236590323639;336.6281507795964103;1160.0282872478735499
-0.43815334002193223606;0.24087683705085682906;0;328.43067193646646729;1158.3390236590323639;336.62822430709599075;1160.0285121664014696
-0.45241352623301017699;0.21288964578253544158;0;328.43067193646646729;1158.3390236590323639;336.62852442639012907;1160.0294302210554633
-0.46488824294412606219;0.18406227634233804369;0;328.43067193646646729;1158.3390236590323639;336.62901410744245823;1160.0309281499380631
-0.47552825814757709866;0.15450849718747269868;0;328.43067193646646729;1158.3390236590323639;336.62963242851509449;1160.0328196084751653
-0.48429158056431581558;0.12434494358242632883;0;328.43067193646851365;1158.3390236590321365;336.63030193151757885;1160.0348676607000016
-0.49114362536434452711;0.093690657292861190264;0;328.43067193646851365;1158.3390236590321365;336.63093829230291476;1160.036814354867829
-0.49605735065723904897;0.062666616782150949549;0;328.43067193646646729;1158.3390236590323639;336.63146103301124867;1160.0384134926271145
-0.499013364214135835;0.031395259764655465695;0;328.43067193646851365;1158.3390236590321365;336.63180385115555282;1160.0394622318935944
-0.5;-1.2710352895928202744e-15;0;328.43067193646646729;1158.3390236590323639;336.6319231828290981;1160.0398272912827906
-0.49901336421413572397;-0.031395259764657998391;0;328.43067193646646729;1158.3390236590323639;336.63180384978250004;1160.0394622329272352
-0.49605735065723877142;-0.062666616782153475307;0;328.43067193646646729;1158.3390236590323639;336.63146103027463596;1160.0384134946875747
-0.49114362536434408302;-0.093690657292863688266;0;328.43067193646646729;1158.3390236590323639;336.63093828822059095;1160.0368143579435127
-0.48429158056431520496;-0.12434494358242879908;0;328.43067193646646729;1158.3390236590323639;336.63030192611552138;1160.0348676647695356
-0.4755282581475763215;-0.15450849718747511341;0;328.43067193646646729;1158.3390236590323639;336.62963242182638623;1160.0328196135144481
-0.46488824294412511851;-0.18406227634234040291;0;328.43067193646851365;1158.3390236590321365;336.62901409950831066;1160.0309281559141255
-0.45241352623300906677;-0.21288964578253774529;0;328.43067193646851365;1158.3390236590321365;336.628524417261076;1160.0294302279312433
-0.43815334002193101481;-0.2408768370508590495;0;328.43067193646646729;1158.3390236590323639;336.62822429682688607;1160.0285121741339935
-0.42216396275100664948;-0.26791339748949971611;0;328.43067193646646729;1158.3390236590323639;336.62815076824961125;1160.0282872564123409
-0.40450849718747272643;-0.29389262614623795633;0;328.43067193646646729;1158.3390236590323639;336.62831287648157286;1160.0287831396453839
-0.38525662138789351641;-0.31871199487434620501;0;328.43067193646646729;1158.3390236590323639;336.62869134333681131;1160.0299408600117204
-0.36448431371070455498;-0.3422735529643456398;0;328.43067193646646729;1158.3390236590323639;336.62924196035908153;1160.0316252001796329
-0.34227355296434297527;-0.36448431371070699747;0;328.43067193646851365;1158.3390236590321365;336.62990217846169116;1160.0336448392142756
-0.31871199487434342945;-0.38525662138789579236;0;328.43067193646646729;1158.3390236590323639;336.63059992957181521;1160.0357793296298041
-0.29389262614623518077;-0.40450849718747472483;0;328.43067193646646729;1158.3390236590323639;336.63126342327069551;1160.037809060208474
-0.26791339748949705157;-0.42216396275100837032;0;328.43067193646646729;1158.3390236590323639;336.63183054737390876;1160.0395440127783786
-0.24087683705085646824;-0.4381533400219324581;0;328.43067193646646729;1158.3390236590323639;336.63225658000209251;1160.0408473588338438
-0.21288964578253527504;-0.4524135262330102325;0;328.43067193646851365;1158.3390236590321365;336.6325191790253939;1160.0416507304134939
-0.18406227634233807144;-0.46488824294412606219;0;328.43067193646646729;1158.3390236590323639;336.63262001550469904;1160.041959224223092
-0.15450849718747294848;-0.47552825814757704315;0;328.43067193646646729;1158.3390236590323639;336.63258290304378306;1160.0418456834993322
-0.1243449435824267868;-0.48429158056431570456;0;328.43067193646646729;1158.3390236590323639;336.63244877617086104;1160.0414353366627438
-0.093690657292861884153;-0.49114362536434441608;0;328.43067193646646729;1158.3390236590323639;336.63226831692418273;1160.040883238408469
-0.062666616782151865483;-0.49605735065723893795;0;328.43067193646646729;1158.3390236590323639;336.63209335727805183;1160.0403479641856848
-0.031395259764656603674;-0.49901336421413577948;0;328.43067193646646729;1158.3390236590323639;336.63196834937787116;1160.0399655123740104
-9.1848509936051484375e-17;-0.5;0;328.43067193646646729;1158.3390236590323639;336.63192317362910444;1160.0398273002315364
0.031395259764656416324;-0.49901336421413577948;0;328.43067193646851365;1158.3390236590321365;336.63196834978231209;1160.0399655122785134
0.062666616782151671194;-0.49605735065723899346;0;328.43067193646646729;1158.3390236590323639;336.63209335808244305;1160.0403479640012847
0.093690657292861703742;-0.4911436253643444716;0;328.43067193646646729;1158.3390236590323639;336.63226831811778084;1160.0408832381372122
0.12434494358242660639;-0.48429158056431576007;0;328.43067193646646729;1158.3390236590323639;336.6324487777397394;1160.0414353363169084
0.15450849718747278194;-0.47552825814757709866;0;328.43067193646646729;1158.3390236590323639;336.63258290497185499;1160.0418456830900595
0.18406227634233790491;-0.46488824294412611771;0;328.43067193646646729;1158.3390236590323639;336.632620017764566;1160.0419592237656161
0.21288964578253510851;-0.45241352623301034352;0;328.43067193646646729;1158.3390236590323639;336.63251918159375009;1160.04165072992555
0.2408768370508563017;-0.43815334002193251361;0;328.43067193646646729;1158.3390236590323639;336.63225658284841302;1160.0408473583358955
0.26791339748949688504;-0.42216396275100842583;0;328.43067193646646729;1158.3390236590323639;336.63183055046528125;1160.039544012288161
0.29389262614623506975;-0.40450849718747483585;0;328.43067193646646729;1158.3390236590323639;336.63126342656801171;1160.0378090597512255
0.31871199487434326292;-0.38525662138789590339;0;328.43067193646646729;1158.3390236590323639;336.6305999330436407;1160.0357793292282622
0.34227355296434269771;-0.36448431371070727502;0;328.43067193646851365;1158.3390236590321365;336.62990218206653026;1160.0336448388909503
0.36448431371070411089;-0.34227355296434608389;0;328.43067193646646729;1158.3390236590323639;336.62924196405793964;1160.0316251999590804
0.38525662138789296129;-0.31871199487434687114;0;328.43067193646646729;1158.3390236590323639;336.62869134709308128;1160.0299408599216804
0.4045084971874720603;-0.293892626146238789;0;328.43067193646851365;1158.3390236590321365;336.62831288025512322;1160.0287831397015452
0.42216396275100598334;-0.26791339748950082633;0;328.43067193646646729;1158.3390236590323639;336.62815077200122005;1160.0282872566394872
0.43815334002193029317;-0.24087683705086038177;0;328.43067193646646729;1158.3390236590323639;336.62822430052182199;1160.0285121745489505
0.45241352623300834512;-0.21288964578253932736;0;328.43067193646646729;1158.3390236590323639;336.62852442086330029;1160.0294302285528829
0.46488824294412439686;-0.18406227634234223478;0;328.43067193646851365;1158.3390236590321365;336.62901410298826477;1160.0309281567579092
0.47552825814757565537;-0.15450849718747719508;0;328.43067193646646729;1158.3390236590323639;336.62963242515314732;1160.0328196145903803
0.48429158056431459434;-0.12434494358243111667;0;328.43067193646646729;1158.3390236590323639;336.63030192926129303;1160.0348676660869387
0.49114362536434358342;-0.093690657292866269534;0;328.43067193646851365;1158.3390236590321365;336.63093829116286315;1160.0368143595078436
0.49605735065723838284;-0.062666616782156292498;0;328.43067193646646729;1158.3390236590323639;336.63146103299402512;1160.0384134965024714
0.49901336421413550193;-0.031395259764661065383;0;328.43067193646646729;1158.3390236590323639;336.63180385226075941;1160.0394622349904239
