0.5;0;0;328.43067193646646729;1158.3390236590323639;345.94967856078773139;1161.7840640084193637
0.49901336421413577948;0.03139525976465668694;0;328.43067193646646729;1158.3390236590323639;345.94946758602412729;1161.7834105827525946
0.49605735065723893795;0.062666616782152129161;0;328.43067193646646729;1158.3390236590323639;345.94886149615723525;1161.7815334149950104
0.49114362536434436057;0.093690657292862314365;0;328.43067193646646729;1158.3390236590323639;345.94793731008871873;1161.7786710419525207
0.48429158056431553803;0.12434494358242739742;0;328.43067193646646729;1158.3390236590323639;345.94681224753372817;1161.7751865089705916
0.47552825814757676559;0.15450849718747369788;0;328.43067193646851365;1158.3390236590321365;345.94562858982669695;1161.7715204840451406
0.46488824294412572913;0.18406227634233895962;0;328.43067193646646729;1158.3390236590323639;345.94453541878181113;1161.7681347023910803
0.45241352623300978841;0.212889645782536302;0;328.43067193646646729;1158.3390236590323639;345.94366967787090061;1161.7654533103986978
0.43815334002193179197;0.24087683705085760622;0;328.43067193646851365;1158.3390236590321365;345.94313907541857134;1161.7638099118278205
0.42216396275100759317;0.26791339748949827282;0;328.43067193646646729;1158.3390236590323639;345.9430090801612323;1161.7634072857867977
0.40450849718747372563;0.29389262614623651304;0;328.43067193646851365;1158.3390236590321365;345.94329568352912929;1161.7642949636067442
0.38525662138789468214;0.31871199487434481723;0;328.43067193646646729;1158.3390236590323639;345.94396480123049287;1161.7663673700371874
0.36448431371070583173;0.34227355296434425203;0;328.43067193646646729;1158.3390236590323639;345.94493827145424802;1161.7693823996933133
0.34227355296434441856;0.3644843137107056652;0;328.43067193646646729;1158.3390236590323639;345.94610550569990437;1161.7729975074207687
0.31871199487434492825;0.38525662138789451561;0;328.43067193646851365;1158.3390236590321365;345.94733908660748511;1161.7768180293824116
0.29389262614623667957;0.40450849718747361461;0;328.43067193646646729;1158.3390236590323639;345.94851209000302106;1161.7804508469873781
0.26791339748949838384;0.42216396275100748214;0;328.43067193646646729;1158.3390236590323639;345.94951470641245805;1161.7835558778062932
0.24087683705085766173;0.43815334002193179197;0;328.43067193646646729;1158.3390236590323639;345.95026787604945184;1161.7858883074511596
0.21288964578253632975;0.45241352623300978841;0;328.43067193646646729;1158.3390236590323639;345.95073210860817881;1161.7873258956253721
0.18406227634233893187;0.46488824294412572913;0;328.43067193646646729;1158.3390236590323639;345.95091036817666463;1161.7878778902979775
0.15450849718747364236;0.4755282581475768211;0;328.43067193646646729;1158.3390236590323639;345.95084476243505378;1161.7876747489003719
0.12434494358242727252;0.48429158056431559354;0;328.43067193646646729;1158.3390236590323639;345.95060766179210532;1161.7869406136762791
0.093690657292862147831;0.49114362536434436057;0;328.43067193646646729;1158.3390236590323639;345.95028866269620949;1161.7859529296949859
0.062666616782151907117;0.49605735065723893795;0;328.43067193646646729;1158.3390236590323639;345.94997938918498903;1161.7849953849474787
0.031395259764656430201;0.49901336421413577948;0;328.43067193646851365;1158.3390236590321365;345.94975841651211113;1161.78431124290978
-3.0245073740886312578e-16;0.5;0;328.43067193646646729;1158.3390236590323639;345.94967856086651636;1161.784064008522364
-0.031395259764657033885;0.49901336421413577948;0;328.43067193646646729;1158.3390236590323639;345.9497584165279136;1161.784311242926151
-0.062666616782152503862;0.49605735065723888244;0;328.43067193646646729;1158.3390236590323639;345.94997938921756031;1161.7849953849779467
-0.093690657292862744576;0.49114362536434424955;0;328.43067193646646729;1158.3390236590323639;345.95028866274589063;1161.7859529297420522
-0.12434494358242785539;0.484291580564315427;0;328.43067193646646729;1158.3390236590323639;345.95060766185781631;1161.7869406137401711
-0.15450849718747419748;0.47552825814757659906;0;328.43067193646851365;1158.3390236590321365;345.95084476251730621;1161.7876747489779063
-0.18406227634233951473;0.46488824294412550708;0;328.43067193646646729;1158.3390236590323639;345.95091036827307107;1161.7878778903893817
-0.21288964578253677384;0.45241352623300956637;0;328.43067193646646729;1158.3390236590323639;345.95073210871998981;1161.7873258957340568
-0.24087683705085810582;0.43815334002193151441;0;328.43067193646646729;1158.3390236590323639;345.95026787617530317;1161.7858883075728045
-0.26791339748949877242;0.42216396275100720459;0;328.43067193646851365;1158.3390236590321365;345.94951470655178127;1161.7835558779413532
-0.29389262614623706815;0.40450849718747333705;0;328.43067193646646729;1158.3390236590323639;345.94851209015416771;1161.7804508471344889
-0.31871199487434537234;0.38525662138789418254;0;328.43067193646646729;1158.3390236590323639;345.94733908676931833;1161.7768180295431648
-0.34227355296434486265;0.36448431371070527662;0;328.43067193646646729;1158.3390236590323639;345.94610550587253783;1161.7729975075922084
-0.36448431371070627582;0.34227355296434380794;0;328.43067193646646729;1158.3390236590323639;345.9449382716367154;1161.7693823998754397
-0.38525662138789512623;0.31871199487434426212;0;328.43067193646646729;1158.3390236590323639;345.94396480142296468;1161.7663673702290907
-0.40450849718747422523;0.29389262614623590242;0;328.43067193646646729;1158.3390236590323639;345.94329568372893391;1161.7642949638088794
-0.42216396275100803726;0.26791339748949755117;0;328.43067193646646729;1158.3390236590323639;345.94300908036962028;1161.7634072859984826
-0.43815334002193223606;0.24087683705085682906;0;328.43067193646646729;1158.3390236590323639;345.9431390756327005;1161.7638099120470088
-0.45241352623301017699;0.21288964578253544158;0;328.43067193646646729;1158.3390236590323639;345.94366967809162361;1161.7654533106231156
-0.46488824294412606219;0.18406227634233804369;0;328.43067193646646729;1158.3390236590323639;345.94453541900742266;1161.7681347026218646
-0.47552825814757709866;0.15450849718747269868;0;328.43067193646646729;1158.3390236590323639;345.94562859005594646;1161.7715204842806997
-0.48429158056431581558;0.12434494358242632883;0;328.43067193646851365;1158.3390236590321365;345.94681224776678619;1161.7751865092120624
-0.49114362536434452711;0.093690657292861190264;0;328.43067193646851365;1158.3390236590321365;345.94793731032507367;1161.7786710421978569
-0.49605735065723904897;0.062666616782150949549;0;328.43067193646646729;1158.3390236590323639;345.94886149639552286;1161.7815334152421656
-0.499013364214135835;0.031395259764655465695;0;328.43067193646851365;1158.3390236590321365;345.94946758626360861;1161.7834105830031604
-0.5;-1.2710352895928202744e-15;0;328.43067193646646729;1158.3390236590323639;345.94967856102687165;1161.7840640086710664
-0.49901336421413572397;-0.031395259764657998391;0;328.43067193646646729;1158.3390236590323639;345.94946758626639394;1161.7834105830092994
-0.49605735065723877142;-0.062666616782153475307;0;328.43067193646646729;1158.3390236590323639;345.94886149640285566;1161.7815334152578544
-0.49114362536434408302;-0.093690657292863688266;0;328.43067193646646729;1158.3390236590323639;345.94793731033632866;1161.7786710422199121
-0.48429158056431520496;-0.12434494358242879908;0;328.43067193646646729;1158.3390236590323639;345.94681224778207707;1161.7751865092418484
-0.4755282581475763215;-0.15450849718747511341;0;328.43067193646646729;1158.3390236590323639;345.94562859007561428;1161.7715204843186712
-0.46488824294412511851;-0.18406227634234040291;0;328.43067193646851365;1158.3390236590321365;345.94453541903175164;1161.7681347026659751
-0.45241352623300906677;-0.21288964578253774529;0;328.43067193646851365;1158.3390236590321365;345.94366967811981795;1161.7654533106738199
-0.43815334002193101481;-0.2408768370508590495;0;328.43067193646646729;1158.3390236590323639;345.94313907566385069;1161.7638099121033974
-0.42216396275100664948;-0.26791339748949971611;0;328.43067193646646729;1158.3390236590323639;345.94300908040514742;1161.7634072860601009
-0.40450849718747272643;-0.29389262614623795633;0;328.43067193646646729;1158.3390236590323639;345.94329568376690531;1161.7642949638773189
-0.38525662138789351641;-0.31871199487434620501;0;328.43067193646646729;1158.3390236590323639;345.94396480146406248;1161.7663673703034419
-0.36448431371070455498;-0.3422735529643456398;0;328.43067193646646729;1158.3390236590323639;345.94493827168059852;1161.769382399954111
-0.34227355296434297527;-0.36448431371070699747;0;328.43067193646851365;1158.3390236590321365;345.94610550592068421;1161.7729975076754272
-0.31871199487434342945;-0.38525662138789579236;0;328.43067193646646729;1158.3390236590323639;345.94733908681922685;1161.7768180296304763
-0.29389262614623518077;-0.40450849718747472483;0;328.43067193646646729;1158.3390236590323639;345.94851209020578153;1161.7804508472263478
-0.26791339748949705157;-0.42216396275100837032;0;328.43067193646646729;1158.3390236590323639;345.9495147066047025;1161.7835558780357132
-0.24087683705085646824;-0.4381533400219324581;0;328.43067193646646729;1158.3390236590323639;345.95026787623106657;1161.7858883076712573
-0.21288964578253527504;-0.4524135262330102325;0;328.43067193646851365;1158.3390236590321365;345.95073210877922065;1161.7873258958336464
-0.18406227634233807144;-0.46488824294412606219;0;328.43067193646646729;1158.3390236590323639;345.95091036833292719;1161.7878778904930641
-0.15450849718747294848;-0.47552825814757704315;0;328.43067193646646729;1158.3390236590323639;345.95084476257778761;1161.787674749082953
-0.1243449435824267868;-0.48429158056431570456;0;328.43067193646646729;1158.3390236590323639;345.95060766192079882;1161.7869406138463546
-0.093690657292861884153;-0.49114362536434441608;0;328.43067193646646729;1158.3390236590323639;345.95028866280892998;1161.7859529298496
-0.062666616782151865483;-0.49605735065723893795;0;328.43067193646646729;1158.3390236590323639;345.94997938928321446;1161.7849953850850397
-0.031395259764656603674;-0.49901336421413577948;0;328.43067193646646729;1158.3390236590323639;345.94975841659339721;1161.7843112430307428
-9.1848509936051484375e-17;-0.5;0;328.43067193646646729;1158.3390236590323639;345.9496785609309768;1161.7840640086278654
0.031395259764656416324;-0.49901336421413577948;0;328.43067193646851365;1158.3390236590321365;345.94975841657685578;1161.7843112430134624
0.062666616782151671194;-0.49605735065723899346;0;328.43067193646646729;1158.3390236590323639;345.94997938924808523;1161.7849953850500242
0.093690657292861703742;-0.4911436253643444716;0;328.43067193646646729;1158.3390236590323639;345.95028866275850987;1161.7859529297966219
0.12434494358242660639;-0.48429158056431576007;0;328.43067193646646729;1158.3390236590323639;345.95060766185417833;1161.7869406137756414
0.15450849718747278194;-0.47552825814757709866;0;328.43067193646646729;1158.3390236590323639;345.95084476249729732;1161.7876747489972331
0.18406227634233790491;-0.46488824294412611771;0;328.43067193646646729;1158.3390236590323639;345.95091036823635022;1161.7878778903909733
0.21288964578253510851;-0.45241352623301034352;0;328.43067193646646729;1158.3390236590323639;345.95073210866712543;1161.7873258957158669
0.2408768370508563017;-0.43815334002193251361;0;328.43067193646646729;1158.3390236590323639;345.95026787610566998;1161.7858883075382437
0.26791339748949688504;-0.42216396275100842583;0;328.43067193646646729;1158.3390236590323639;345.94951470646640246;1161.7835558778890572
0.29389262614623506975;-0.40450849718747483585;0;328.43067193646646729;1158.3390236590323639;345.9485120900540096;1161.7804508470660494
0.31871199487434326292;-0.38525662138789590339;0;328.43067193646646729;1158.3390236590323639;345.94733908665654099;1161.7768180294581271
0.34227355296434269771;-0.36448431371070727502;0;328.43067193646851365;1158.3390236590321365;345.94610550574611807;1161.7729975074917093
0.36448431371070411089;-0.34227355296434608389;0;328.43067193646646729;1158.3390236590323639;345.94493827149710796;1161.7693823997585696
0.38525662138789296129;-0.31871199487434687114;0;328.43067193646646729;1158.3390236590323639;345.94396480127090854;1161.7663673700988056
0.4045084971874720603;-0.293892626146238789;0;328.43067193646851365;1158.3390236590321365;345.94329568356602067;1161.7642949636633602
0.42216396275100598334;-0.26791339748950082633;0;328.43067193646646729;1158.3390236590323639;345.94300908019465624;1161.7634072858384116
0.43815334002193029317;-0.24087683705086038177;0;328.43067193646646729;1158.3390236590323639;345.94313907544841413;1161.7638099118735227
0.45241352623300834512;-0.21288964578253932736;0;328.43067193646646729;1158.3390236590323639;345.94366967789778755;1161.7654533104391703
0.46488824294412439686;-0.18406227634234223478;0;328.43067193646851365;1158.3390236590321365;345.94453541880506009;1161.7681347024254137
0.47552825814757565537;-0.15450849718747719508;0;328.43067193646646729;1158.3390236590323639;345.94562858984528475;1161.7715204840735623
0.48429158056431459434;-0.12434494358243111667;0;328.43067193646646729;1158.3390236590323639;345.94681224754907589;1161.7751865089944658
0.49114362536434358342;-0.093690657292866269534;0;328.43067193646851365;1158.3390236590321365;345.94793731009991689;1161.7786710419700285
0.49605735065723838284;-0.062666616782156292498;0;328.43067193646646729;1158.3390236590323639;345.94886149616570492;1161.7815334150068338
0.49901336421413550193;-0.031395259764661065383;0;328.43067193646646729;1158.3390236590323639;345.94946758602822001;1161.7834105827585063
