0.5;0;0;328.43067193646646729;1158.3390236590323639;328.63244293359713311;1158.3844148729594963
0.49901336421413577948;0.03139525976465668694;0;328.43067193646646729;1158.3390236590323639;328.63244088148275068;1158.3844041620063763
0.49605735065723893795;0.062666616782152129161;0;328.43067193646646729;1158.3390236590323639;328.63243409062829414;1158.3843778468740311
0.49114362536434436057;0.093690657292862314365;0;328.43067193646646729;1158.3390236590323639;328.63242338010633148;1158.3843391493178387
0.48429158056431553803;0.12434494358242739742;0;328.43067193646646729;1158.3390236590323639;328.63241006210722617;1158.3842928442325046
0.47552825814757676559;0.15450849718747369788;0;328.43067193646851365;1158.3390236590321365;328.6323957719417308;1158.384244652056168
0.46488824294412572913;0.18406227634233895962;0;328.43067193646646729;1158.3390236590323639;328.63238226012612131;1158.3842005139865705
0.45241352623300978841;0.212889645782536302;0;328.43067193646646729;1158.3390236590323639;328.63237117437773804;1158.3841658465448745
0.43815334002193179197;0.24087683705085760622;0;328.43067193646851365;1158.3390236590321365;328.63236386018161284;1158.3841448740768101
0.42216396275100759317;0.26791339748949827282;0;328.43067193646646729;1158.3390236590323639;328.63236120568626575;1158.3841401263980515
0.40450849718747372563;0.29389262614623651304;0;328.43067193646851365;1158.3390236590321365;328.63236355000930189;1158.3841521658596321
0.38525662138789468214;0.31871199487434481723;0;328.43067193646646729;1158.3390236590323639;328.63237066531337405;1158.3841795760956757
0.36448431371070583173;0.34227355296434425203;0;328.43067193646646729;1158.3390236590323639;328.63238181254081383;1158.3842192089889522
0.34227355296434441856;0.3644843137107056652;0;328.43067193646646729;1158.3390236590323639;328.63239586102241674;1158.3842666514183293
0.31871199487434492825;0.38525662138789451561;0;328.43067193646851365;1158.3390236590321365;328.63241012907218419;1158.3843170394802655
0.29389262614623667957;0.40450849718747361461;0;328.43067193646646729;1158.3390236590323639;328.63242758270411059;1158.3843682217611786
0.26791339748949838384;0.42216396275100748214;0;328.43067193646646729;1158.3390236590323639;328.63244218357516502;1158.3844135590757105
0.24087683705085766173;0.43815334002193179197;0;328.43067193646646729;1158.3390236590323639;328.63245224480658635;1158.3844484854698749
0.21288964578253632975;0.45241352623300978841;0;328.43067193646646729;1158.3390236590323639;328.63245839605582432;1158.3844707452626608
0.18406227634233893187;0.46488824294412572913;0;328.43067193646646729;1158.3390236590323639;328.63246215261710859;1158.3844802989772234
0.15450849718747364236;0.4755282581475768211;0;328.43067193646646729;1158.3390236590323639;328.63246502504847513;1158.3844789712875354
0.12434494358242727252;0.48429158056431559354;0;328.43067193646646729;1158.3390236590323639;328.63246806828789204;1158.384469918380546
0.093690657292862147831;0.49114362536434436057;0;328.43067193646646729;1158.3390236590323639;328.63247175374624476;1158.384456994401944
0.062666616782151907117;0.49605735065723893795;0;328.43067193646646729;1158.3390236590323639;328.63247604974941396;1158.3844440954590027
0.031395259764656430201;0.49901336421413577948;0;328.43067193646851365;1158.3390236590321365;328.63248060858370536;1158.3844345548336605
-3.0245073740886312578e-16;0.5;0;328.43067193646646729;1158.3390236590323639;328.63248497757757605;1158.3844306539951958
-0.031395259764657033885;0.49901336421413577948;0;328.43067193646646729;1158.3390236590323639;328.6324887728038675;1158.3844333002289204
-0.062666616782152503862;0.49605735065723888244;0;328.43067193646646729;1158.3390236590323639;328.63249177533685952;1158.3844419040108278
-0.093690657292862744576;0.49114362536434424955;0;328.43067193646646729;1158.3390236590323639;328.63249393097441953;1158.3844544688286078
-0.12434494358242785539;0.484291580564315427;0;328.43067193646646729;1158.3390236590323639;328.63249525565709064;1158.3844678843599922
-0.15450849718747419748;0.47552825814757659906;0;328.43067193646851365;1158.3390236590321365;328.63249567170805676;1158.3844783931156144
-0.18406227634233951473;0.46488824294412550708;0;328.43067193646646729;1158.3390236590323639;328.63249482474418528;1158.3844821815750947
-0.21288964578253677384;0.45241352623300956637;0;328.43067193646646729;1158.3390236590323639;328.63249195755713572;1158.3844760314907489
-0.24087683705085810582;0.43815334002193151441;0;328.43067193646646729;1158.3390236590323639;328.6324859423388034;1158.384457954301979
-0.26791339748949877242;0.42216396275100720459;0;328.43067193646851365;1158.3390236590321365;328.63247559293665745;1158.3844277222640358
-0.29389262614623706815;0.40450849718747333705;0;328.43067193646646729;1158.3390236590323639;328.6324603877313848;1158.3843872023521726
-0.31871199487434537234;0.38525662138789418254;0;328.43067193646646729;1158.3390236590323639;328.63244172537577015;1158.3843403937669336
-0.34227355296434486265;0.36448431371070527662;0;328.43067193646646729;1158.3390236590323639;328.63242480387162914;1158.3842930669056841
-0.36448431371070627582;0.34227355296434380794;0;328.43067193646646729;1158.3390236590323639;328.63240939964094878;1158.3842459066609081
-0.38525662138789512623;0.31871199487434426212;0;328.43067193646646729;1158.3390236590323639;328.63239667488255691;1158.3842061287496108
-0.40450849718747422523;0.29389262614623590242;0;328.43067193646646729;1158.3390236590323639;328.63238788741921326;1158.3841781046714914
-0.42216396275100803726;0.26791339748949755117;0;328.43067193646646729;1158.3390236590323639;328.63238389311885612;1158.3841649497367143
-0.43815334002193223606;0.24087683705085682906;0;328.43067193646646729;1158.3390236590323639;328.63238501993356522;1158.384168065214908
-0.45241352623301017699;0.21288964578253544158;0;328.43067193646646729;1158.3390236590323639;328.63239100730999098;1158.3841868994663855
-0.46488824294412606219;0.18406227634233804369;0;328.43067193646646729;1158.3390236590323639;328.63240102134341214;1158.3842189653785226
-0.47552825814757709866;0.15450849718747269868;0;328.43067193646646729;1158.3390236590323639;328.63241374551381568;1158.3842601165292763
-0.48429158056431581558;0.12434494358242632883;0;328.43067193646851365;1158.3390236590321365;328.63242753691275766;1158.384305048555234
-0.49114362536434452711;0.093690657292861190264;0;328.43067193646851365;1158.3390236590321365;328.63244062851464378;1158.3843479615625256
-0.49605735065723904897;0.062666616782150949549;0;328.43067193646646729;1158.3390236590323639;328.63245135140573439;1158.3843832963179921
-0.499013364214135835;0.031395259764655465695;0;328.43067193646851365;1158.3390236590321365;328.63245834797322686;1158.3844064466827604
-0.5;-1.2710352895928202744e-15;0;328.43067193646646729;1158.3390236590323639;328.63246074762946591;1158.3844143528369841
-0.49901336421413572397;-0.031395259764657998391;0;328.43067193646646729;1158.3390236590323639;328.63245828154492756;1158.3844058962213239
-0.49605735065723877142;-0.062666616782153475307;0;328.43067193646646729;1158.3390236590323639;328.63245132073848254;1158.3843820427691753
-0.49114362536434408302;-0.093690657292863688266;0;328.43067193646646729;1158.3390236590323639;328.63244083204318713;1158.384345715678819
-0.48429158056431520496;-0.12434494358242879908;0;328.43067193646646729;1158.3390236590323639;328.6324282575301936;1158.3843014149201736
-0.4755282581475763215;-0.15450849718747511341;0;328.43067193646646729;1158.3390236590323639;328.63241533309297893;1158.3842546347841562
-0.46488824294412511851;-0.18406227634234040291;0;328.43067193646851365;1158.3390236590321365;328.6324038701506538;1158.3842111580561323
-0.45241352623300906677;-0.21288964578253774529;0;328.43067193646851365;1158.3390236590321365;328.63239552912619956;1158.3841763211987654
-0.43815334002193101481;-0.2408768370508590495;0;328.43067193646646729;1158.3390236590323639;328.63239161442970726;1158.384154348511629
-0.42216396275100664948;-0.26791339748949971611;0;328.43067193646646729;1158.3390236590323639;328.63239291746765502;1158.3841478428055325
-0.40450849718747272643;-0.29389262614623795633;0;328.43067193646646729;1158.3390236590323639;328.63239962755625356;1158.3841574982457132
-0.38525662138789351641;-0.31871199487434620501;0;328.43067193646646729;1158.3390236590323639;328.63241132135902944;1158.3841820698171432
-0.36448431371070455498;-0.3422735529643456398;0;328.43067193646646729;1158.3390236590323639;328.6324270306884614;1158.384218598597954
-0.34227355296434297527;-0.36448431371070699747;0;328.43067193646851365;1158.3390236590321365;328.63244537797362455;1158.3842628569652788
-0.31871199487434342945;-0.38525662138789579236;0;328.43067193646646729;1158.3390236590323639;328.63246477562103109;1158.3843099260741383
-0.29389262614623518077;-0.40450849718747472483;0;328.43067193646646729;1158.3390236590323639;328.63248306134516952;1158.3843593954456992
-0.26791339748949705157;-0.42216396275100837032;0;328.43067193646646729;1158.3390236590323639;328.63249708835485308;1158.3844040759547624
-0.24087683705085646824;-0.4381533400219324581;0;328.43067193646646729;1158.3390236590323639;328.6325064584092388;1158.3844388045699816
-0.21288964578253527504;-0.4524135262330102325;0;328.43067193646851365;1158.3390236590321365;328.63251211209603753;1158.3844607861633449
-0.18406227634233807144;-0.46488824294412606219;0;328.43067193646646729;1158.3390236590323639;328.63251536989349688;1158.3844695750879055
-0.15450849718747294848;-0.47552825814757704315;0;328.43067193646646729;1158.3390236590323639;328.63251737105503025;1158.3844667647449569
-0.1243449435824267868;-0.48429158056431570456;0;328.43067193646646729;1158.3390236590323639;328.63251883087110627;1158.3844554620457075
-0.093690657292861884153;-0.49114362536434441608;0;328.43067193646646729;1158.3390236590323639;328.6325200254548804;1158.38443963008217
-0.062666616782151865483;-0.49605735065723893795;0;328.43067193646646729;1158.3390236590323639;328.63252091370384278;1158.3844233854167669
-0.031395259764656603674;-0.49901336421413577948;0;328.43067193646646729;1158.3390236590323639;328.63252131473853979;1158.3844103342726157
-9.1848509936051484375e-17;-0.5;0;328.43067193646646729;1158.3390236590323639;328.63252107381975975;1158.3844030236389244
0.031395259764656416324;-0.49901336421413577948;0;328.43067193646851365;1158.3390236590321365;328.63252016774066533;1158.3844025692860669
0.062666616782151671194;-0.49605735065723899346;0;328.43067193646646729;1158.3390236590323639;328.63251872146997812;1158.3844085022888066
0.093690657292861703742;-0.4911436253643444716;0;328.43067193646646729;1158.3390236590323639;328.63251693002337106;1158.384418851849432
0.12434494358242660639;-0.48429158056431576007;0;328.43067193646646729;1158.3390236590323639;328.63251490297693636;1158.3844304561694116
0.15450849718747278194;-0.47552825814757709866;0;328.43067193646646729;1158.3390236590323639;328.63251247295204394;1158.3844394678528715
0.18406227634233790491;-0.46488824294412611771;0;328.43067193646646729;1158.3390236590323639;328.63250903255686808;1158.3844419972213018
0.21288964578253510851;-0.45241352623301034352;0;328.43067193646646729;1158.3390236590323639;328.63250348494915443;1158.3844348178874952
0.2408768370508563017;-0.43815334002193251361;0;328.43067193646646729;1158.3390236590323639;328.63249440867457452;1158.3844160447779359
0.26791339748949688504;-0.42216396275100842583;0;328.43067193646646729;1158.3390236590323639;328.63248054442368584;1158.3843856846965537
0.29389262614623506975;-0.40450849718747483585;0;328.43067193646646729;1158.3390236590323639;328.63246170609096453;1158.3843459547681505
0.31871199487434326292;-0.38525662138789590339;0;328.43067193646646729;1158.3390236590323639;328.63244019741421198;1158.3843012631518832
0.34227355296434269771;-0.36448431371070727502;0;328.43067193646851365;1158.3390236590321365;328.63242277558089199;1158.3842577505272402
0.36448431371070411089;-0.34227355296434608389;0;328.43067193646646729;1158.3390236590323639;328.63240462002607956;1158.3842143911335825
0.38525662138789296129;-0.31871199487434687114;0;328.43067193646646729;1158.3390236590323639;328.63238917786162574;1158.3841790998837951
0.4045084971874720603;-0.293892626146238789;0;328.43067193646851365;1158.3390236590321365;328.63237778789368804;1158.3841560345615562
0.42216396275100598334;-0.26791339748950082633;0;328.43067193646646729;1158.3390236590323639;328.6323713962363513;1158.3841480478147332
0.43815334002193029317;-0.24087683705086038177;0;328.43067193646646729;1158.3390236590323639;328.63237041898156576;1158.3841562491368222
0.45241352623300834512;-0.21288964578253932736;0;328.43067193646646729;1158.3390236590323639;328.63237467069535569;1158.3841797905822659
0.46488824294412439686;-0.18406227634234223478;0;328.43067193646851365;1158.3390236590321365;328.63238337000325373;1158.3842159109481145
0.47552825814757565537;-0.15450849718747719508;0;328.43067193646646729;1158.3390236590323639;328.63239522317951469;1158.3842602379847904
0.48429158056431459434;-0.12434494358243111667;0;328.43067193646646729;1158.3390236590323639;328.63240857598123057;1158.3843073122379792
0.49114362536434358342;-0.093690657292866269534;0;328.43067193646851365;1158.3390236590321365;328.63242161443463374;1158.3843512654236747
0.49605735065723838284;-0.062666616782156292498;0;328.43067193646646729;1158.3390236590323639;328.6324325886130282;1158.3843865642111268
0.49901336421413550193;-0.031395259764661065383;0;328.43067193646646729;1158.3390236590323639;328.63244002996862037;1158.3844087204900006
