0.5;0;0;21850.975304814048286;-3692.6136601319208239;21874.961264837464114;-3714.1055535230525493
0.49901336421413577948;0.03139525976465668694;0;21807.857396430517838;-3685.3271305710063643;21831.795915104466985;-3706.7793601644270893
0.49605735065723893795;0.062666616782152129161;0;21678.673837965619896;-3663.4962984915409834;21702.470241287432145;-3684.8294123895725534
0.49114362536434436057;0.093690657292862314365;0;21463.934457906267198;-3627.2073202141846195;21487.494697778547561;-3648.341613155797404
0.48429158056431553803;0.12434494358242739742;0;21164.486734480444284;-3576.6034117573399271;21187.717789268604974;-3597.4588343007940239
0.47552825814757676559;0.15450849718747369788;0;20781.512451047881768;-3511.8842836289954903;20804.322703923135123;-3532.3804600927364845
0.46488824294412572913;0.18406227634233895962;0;20316.523032140969008;-3433.3053526604116996;20338.822623500167538;-3453.3617358442738805
0.45241352623300978841;0.212889645782536302;0;19771.353578562680923;-3341.1767339929251648;19793.054732797503675;-3360.7129110455589398
0.43815334002193179197;0.24087683705085760622;0;19148.155625082050392;-3235.8620171948559801;19169.172955626701878;-3254.7981658440489809
0.42216396275100759317;0.26791339748949827282;0;18449.388649309410539;-3117.7768313395881705;18469.639448543646722;-3136.03431053500708
0.40450849718747372563;0.29389262614623651304;0;17677.810365261862898;-2987.3872047078302785;17697.214886990081141;-3004.8892500220113106
0.38525662138789468214;0.31871199487434481723;0;16836.465839925967884;-2845.2077255864223844;16854.947581579730468;-2861.8802088209527028
0.36448431371070583173;0.34227355296434425203;0;15928.675475769459808;-2691.7995114239211034;15946.161465318065893;-2707.571716835211646
0.34227355296434441856;0.3644843137107056652;0;14958.021906629706791;-2527.7679943560488027;14974.442995849045474;-2542.573361442332498
0.31871199487434492825;0.38525662138789451561;0;13928.335858694665149;-2353.7605318418254683;13943.627020588532105;-2367.5373169550371131
0.29389262614623667957;0.40450849718747361461;0;12843.681032376731309;-2170.4638518392744118;12857.781656910108723;-2183.1556677742391912
0.26791339748949838384;0.42216396275100748214;0;11708.338064743717041;-1978.6013426041495222;11721.19224433285126;-1990.1575460882813786
0.24087683705085766173;0.43815334002193179197;0;10526.787635800017597;-1778.9301978067355776;10538.344430736382492;-1789.3061084047471923
0.21288964578253632975;0.45241352623300978841;0;9303.6927852896242257;-1572.2384282344792155;9313.9064596965690725;-1581.3953772519200811
0.18406227634233893187;0.46488824294412572913;0;8043.8805098086140788;-1359.3417518733940597;8052.7107307723554186;-1367.246974911424104
0.15450849718747364236;0.4755282581475768211;0;6752.322712854836027;-1141.0803746418391711;6759.7347086506215419;-1147.7067750472785974
0.12434494358242727252;0.48429158056431559354;0;5434.1165829962292264;-918.31567448160785716;5440.0812602353616967;-923.64149572941937549
0.093690657292862147831;0.49114362536434436057;0;4094.4644775962542553;-691.92680189272232383;4098.9585009202628498;-695.93525389244632606
0.062666616782151907117;0.49605735065723893795;0;2738.6533914860938239;-462.80721032805274717;2741.6592324255757376;-465.48609710364019065
0.031395259764656430201;0.49901336421413577948;0;1372.0340916114596439;-231.86113014072313376;1373.5400548575739776;-233.20252407879212342
-3.0245073740886312578e-16;0.5;0;-1.3217687188087733219e-11;2.2336674489458809478e-12;0.0002353182409020604382;-1.1400716324327930806e-06
-0.031395259764657033885;0.49901336421413577948;0;-1372.0340916114860192;231.86113014072520855;-1373.5395852398225998;233.2025218120361103
-0.062666616782152503862;0.49605735065723888244;0;-2738.6533914861197445;462.8072103280572378;-2741.6587658454418488;465.48609487650884375
-0.093690657292862744576;0.49114362536434424955;0;-4094.4644775962801759;691.92680189272664393;-4098.9580393413089041;695.935251729527522
-0.12434494358242785539;0.484291580564315427;0;-5434.1165829962546923;918.31567448161206357;-5440.0808055300740307;923.64149365252001189
-0.15450849718747419748;0.47552825814757659906;0;-6752.3227128548596738;1141.0803746418548599;-6759.7342625665378364;1147.7067730741798641
-0.18406227634233951473;0.46488824294412550708;0;-8043.8805098086395446;1359.3417518733986071;-8052.7102949004383845;1367.2469730546295068
-0.21288964578253677384;0.45241352623300956637;0;-9303.6927852896424156;1572.2384282344828534;-9313.9060354427947459;1581.3953755174768503
-0.24087683705085810582;0.43815334002193151441;0;-10526.787635800035787;1778.9301978067385335;-10538.344019296777333;1789.3061067910830388
-0.26791339748949877242;0.42216396275100720459;0;-11708.33806474373705;1978.6013426041722596;-11721.19184667260015;1990.1575445853850397
-0.29389262614623706815;0.40450849718747333705;0;-12843.68103237674768;2170.463851839277595;-12857.781273746953957;2183.1556663632586606
-0.31871199487434537234;0.38525662138789418254;0;-13928.335858694683338;2353.7605318418045499;-13943.626652381341046;2367.5373156084069706
-0.34227355296434486265;0.36448431371070527662;0;-14958.0219066297268;2527.7679943560524407;-14974.442642790463651;2542.5733601245815407
-0.36448431371070627582;0.34227355296434380794;0;-15928.675475769477998;2691.7995114239238319;-15946.161127332854448;2707.5717155045790605
-0.38525662138789512623;0.31871199487434426212;0;-16836.465839925986074;2845.2077255864260223;-16854.947258327421878;2861.8802074318241466
-0.40450849718747422523;0.29389262614623590242;0;-17677.810365261881088;2987.3872047078039031;-17697.214577872582595;3004.8892485281544396
-0.42216396275100803726;0.26791339748949755117;0;-18449.388649309428729;3117.7768313395913538;-18469.639152717063553;3136.0343088934450861
-0.43815334002193223606;0.24087683705085682906;0;-19148.155625082068582;3235.8620171948268762;-19169.172672017059085;3254.7981640195425825
-0.45241352623301017699;0.21288964578253544158;0;-19771.353578562699113;3341.1767339929288028;-19793.054460120463773;3360.7129090152889148
-0.46488824294412606219;0.18406227634233804369;0;-20316.52303214098356;3433.3053526604135186;-20338.822360283342277;3453.3617336027086822
-0.47552825814757709866;0.15450849718747269868;0;-20781.512451047892682;3511.8842836289622937;-20804.322448531249393;3532.3804576561274189
-0.48429158056431581558;0.12434494358242632883;0;-21164.486734480455198;3576.6034117573785807;-21187.717539930428757;3597.4588317113029916
-0.49114362536434452711;0.093690657292861190264;0;-21463.934457906270836;3627.2073202142223636;-21487.494452615421324;3648.3416104847774477
-0.49605735065723904897;0.062666616782150949549;0;-21678.673837965627172;3663.4962984915423476;-21702.469998343160114;3684.829409739843868
-0.499013364214135835;0.031395259764655465695;0;-21807.857396430525114;3685.3271305710436536;-21831.795672375097638;3706.7793576714757364
-0.5;-1.2710352895928202744e-15;0;-21850.975304814048286;3692.6136601319208239;-21874.961020301827375;3714.1055513550309115
-0.49901336421413572397;-0.031395259764657998391;0;-21807.857396430517838;3685.3271305710063643;-21831.795665068199014;3706.7793268589293803
-0.49605735065723877142;-0.062666616782153475307;0;-21678.67383796561262;3663.4962984915391644;-21702.469983820410562;3684.8293486305356055
-0.49114362536434408302;-0.093690657292863688266;0;-21463.934457906252646;3627.2073202141828006;-21487.494431057613838;3648.341520101770584
-0.48429158056431520496;-0.12434494358242879908;0;-21164.486734480429732;3576.6034117573371987;-21187.717511605758773;3597.4587135681581458
-0.4755282581475763215;-0.15450849718747511341;0;-20781.512451047863578;3511.8842836289577463;-20804.322413791735016;3532.3803137319855523
-0.46488824294412511851;-0.18406227634234040291;0;-20316.523032140943542;3433.3053526604412582;-20338.822319560164033;3453.36156630983578
-0.45241352623300906677;-0.21288964578253774529;0;-19771.353578562648181;3341.1767339929547234;-19793.054413917918282;3360.7127211591782725
-0.43815334002193101481;-0.2408768370508590495;0;-19148.15562508201765;3235.8620171948173265;-19169.172620905213989;3254.7979587527470358
-0.42216396275100664948;-0.26791339748949971611;0;-18449.388649309374159;3117.7768313395808946;-18469.639097323717579;3136.0340896635111676
-0.40450849718747272643;-0.29389262614623795633;0;-17677.810365261822881;2987.3872047077929892;-17697.214518873919587;3004.8890190205152066
-0.38525662138789351641;-0.31871199487434620501;0;-16836.465839925916953;2845.2077255864151084;-16854.947196437507955;2861.8799715088589437
-0.36448431371070455498;-0.3422735529643456398;0;-15928.675475769407058;2691.7995114239124632;-15946.161063292600375;2707.5714771414550341
-0.34227355296434297527;-0.36448431371070699747;0;-14958.021906629646764;2527.7679943560642641;-14974.442577355972389;2542.5731233433507441
-0.31871199487434342945;-0.38525662138789579236;0;-13928.335858694603303;2353.7605318417909075;-13943.626586311644132;2367.5370844111066617
-0.29389262614623518077;-0.40450849718747472483;0;-12843.681032376660369;2170.4638518392621336;-12857.781207791775159;2183.1554446655404718
-0.26791339748949705157;-0.42216396275100837032;0;-11708.338064743662471;1978.6013426041397452;-11721.191781559880837;1990.157336151377649
-0.24087683705085646824;-0.4381533400219324581;0;-10526.787635799968484;1778.9301978067271648;-10538.343955721136808;1789.3059151710485821
-0.21288964578253527504;-0.4524135262330102325;0;-9303.6927852895823889;1572.2384282344878557;-9313.9059740539378254;1581.3952039890114065
-0.18406227634233807144;-0.46488824294412606219;0;-8043.88050980857588;1359.3417518733876932;-8052.7102362930500021;1367.246824568672082
-0.15450849718747294848;-0.47552825814757704315;0;-6752.3227128548041946;1141.0803746418339415;-6759.7342072710744105;1147.7066502066322755
-0.1243449435824267868;-0.48429158056431570456;0;-5434.116582996206489;918.31567448160410549;-5440.0807540049736417;923.64139856248402793
-0.093690657292861884153;-0.49114362536434441608;0;-4094.4644775962419772;691.92680189272027746;-4098.9579919668667571;695.93518612468949414
-0.062666616782151865483;-0.49605735065723893795;0;-2738.6533914860915502;462.80721032805229243;-2741.6587229194037718;465.48605998635667902
-0.031395259764656603674;-0.49901336421413577948;0;-1372.0340916114664651;231.8611301407219969;-1373.5395469748048072;233.20251836939439727
-9.1848509936051484375e-17;-0.5;0;-3.513904830519632198e-12;5.9381756633634876695e-13;0.00026879537944646259007;2.7091006588486621354e-05
0.031395259764656416324;-0.49901336421413577948;0;1372.0340916114596439;-231.86113014072313376;1373.5400835045229542;-233.20246445579377337
0.062666616782151671194;-0.49605735065723899346;0;2738.6533914860838195;-462.80721032805104187;2741.6592562815039855;-465.48600687130812048
0.093690657292861703742;-0.4911436253643444716;0;4094.4644775962347012;-691.92680189271891322;4098.9585201011386744;-695.93513431868336738
0.12434494358242660639;-0.48429158056431576007;0;5434.1165829962001226;-918.31567448160308231;5440.0812749276547038;-923.64134854408905539
0.15450849718747278194;-0.47552825814757709866;0;6752.3227128547969187;-1141.0803746418328046;6759.7347191038679739;-1147.7066024115097207
0.18406227634233790491;-0.46488824294412611771;0;8043.8805098085695136;-1359.3417518733865563;8052.7107372905202283;-1367.2467793802645701
0.21288964578253510851;-0.45241352623301034352;0;9303.692785289569656;-1572.2384282344701205;9313.9064626288709405;-1581.3951617311299742
0.2408768370508563017;-0.43815334002193251361;0;10526.78763579995757;-1778.9301978067251184;10538.34443046753222;-1789.3058761026090906
0.26791339748949688504;-0.42216396275100842583;0;11708.338064743653376;-1978.6013426041383809;11721.19224127319103;-1990.1573004632775792
0.29389262614623506975;-0.40450849718747483585;0;12843.681032376660369;-2170.4638518392621336;12857.781651485922339;-2183.1554124797280565
0.31871199487434326292;-0.38525662138789590339;0;13928.335858694592389;-2353.7605318417890885;13943.627013232777244;-2367.5370557817213921
0.34227355296434269771;-0.36448431371070727502;0;14958.021906629632213;-2527.7679943560624451;14974.442986992575243;-2542.5730982595118803
0.36448431371070411089;-0.34227355296434608389;0;15928.675475769383411;-2691.7995114239083705;15946.16145538191995;-2707.5714555318413659
0.38525662138789296129;-0.31871199487434687114;0;16836.465839925887849;-2845.2077255864096514;16854.947570968204673;-2861.87995324738813
0.4045084971874720603;-0.293892626146238789;0;17677.810365261790139;-2987.3872047078175456;17697.214876084806747;-3004.8890039331749904
0.42216396275100598334;-0.26791339748950082633;0;18449.388649309337779;-3117.7768313395754376;18469.639437699042901;-3136.0340775358085921
0.43815334002193029317;-0.24087683705086038177;0;19148.155625081984908;-3235.8620171948114148;19169.172945166035788;-3254.7979493378124971
0.45241352623300834512;-0.21288964578253932736;0;19771.353578562615439;-3341.1767339929156151;19793.054723010536691;-3360.7127141859537005
0.46488824294412439686;-0.18406227634234223478;0;20316.523032140914438;-3433.305352660436256;20338.822614641088876;-3453.3615614913692298
0.47552825814757565537;-0.15450849718747719508;0;20781.512451047830837;-3511.8842836289522893;20804.322696209870628;-3532.3803107736589482
0.48429158056431459434;-0.12434494358243111667;0;21164.486734480404266;-3576.6034117573326512;21187.717782882304164;-3597.4587121753820611
0.49114362536434358342;-0.093690657292866269534;0;21463.934457906230818;-3627.2073202142159971;21487.494692863219825;-3648.3415199874639256
0.49605735065723838284;-0.062666616782156292498;0;21678.673837965598068;-3663.4962984915373454;21702.470237951030867;-3684.8293495217167219
0.49901336421413550193;-0.031395259764661065383;0;21807.857396430510562;-3685.3271305710045453;21831.795913418438431;-3706.7793285025923069
