0.5;0;0;21850.975304814048286;-3692.6136601319208239;21853.12173587938014;-3694.5339344078688555
0.49901336421413577948;0.03139525976465668694;0;21807.857396430517838;-3685.3271305710063643;21809.99958587767469;-3687.2438592760586289
0.49605735065723893795;0.062666616782152129161;0;21678.673837965619896;-3663.4962984915409834;21680.803323480937252;-3665.4023624221595128
0.49114362536434436057;0.093690657292862314365;0;21463.934457906267198;-3627.2073202141846195;21466.042831024831685;-3629.0955803311549062
0.48429158056431553803;0.12434494358242739742;0;21164.486734480444284;-3576.6034117573399271;21166.565675913087034;-3578.4667024418276924
0.47552825814757676559;0.15450849718747369788;0;20781.512451047881768;-3511.8842836289954903;20783.553764234704431;-3513.7154152815842281
0.46488824294412572913;0.18406227634233895962;0;20316.523032140969008;-3433.3053526604116996;20318.518674724648008;-3435.0971260670658012
0.45241352623300978841;0.212889645782536302;0;19771.353578562680923;-3341.1767339929251648;19773.295691813535086;-3342.921967704576673
0.43815334002193179197;0.24087683705085760622;0;19148.155625082050392;-3235.8620171948559801;19150.036561609504133;-3237.5535878613559362
0.42216396275100759317;0.26791339748949827282;0;18449.388649309410539;-3117.7768313395881705;18451.200999615117325;-3119.4077256283590032
0.40450849718747372563;0.29389262614623651304;0;17677.810365261862898;-2987.3872047078302785;17679.546983772812382;-2988.9505802514495372
0.38525662138789468214;0.31871199487434481723;0;16836.465839925967884;-2845.2077255864223844;16838.119871085043997;-2846.696977460049311
0.36448431371070583173;0.34227355296434425203;0;15928.675475769459808;-2691.7995114239211034;15930.240380562052451;-2693.2083400399233142
0.34227355296434441856;0.3644843137107056652;0;14958.021906629706791;-2527.7679943560488027;14959.49148962091931;-2529.0904704467989177
0.31871199487434492825;0.38525662138789451561;0;13928.335858694665149;-2353.7605318418254683;13929.704289006791441;-2354.9911565963157045
0.29389262614623667957;0.40450849718747361461;0;12843.681032376731309;-2170.4638518392744118;12844.942884756921558;-2171.5976015104638464
0.26791339748949838384;0.42216396275100748214;0;11708.338064743717041;-1978.6013426041495222;11709.488338058567024;-1979.6336991772730016
0.24087683705085766173;0.43815334002193179197;0;10526.787635800017597;-1778.9301978067355776;10527.821778808993258;-1779.8571716711578574
0.21288964578253632975;0.45241352623300978841;0;9303.6927852896242257;-1572.2384282344792155;9304.6067165354124882;-1573.0565650851244754
0.18406227634233893187;0.46488824294412572913;0;8043.8805098086140788;-1359.3417518733940597;8044.6706327057481758;-1360.0481246135020683
0.15450849718747364236;0.4755282581475768211;0;6752.322712854836027;-1141.0803746418391711;6752.9859270746510447;-1141.6725627367743527
0.12434494358242727252;0.48429158056431559354;0;5434.1165829962292264;-918.31567448160785716;5434.650293128782323;-918.79173449740756041
0.093690657292862147831;0.49114362536434436057;0;4094.4644775962542553;-691.92680189272232383;4094.8665998646501976;-692.28523373664779683
0.062666616782151907117;0.49605735065723893795;0;2738.6533914860938239;-462.80721032805274717;2738.9223590426336159;-463.04692392443058679
0.031395259764656430201;0.49901336421413577948;0;1372.0340916114596439;-231.86113014072313376;1372.1688586924296942;-231.98141691550560495
-3.0245073740886312578e-16;0.5;0;-1.3217687188087733219e-11;2.2336674489458809478e-12;4.4986961540871561738e-05;-0.00051267179534875140234
-0.031395259764657033885;0.49901336421413577948;0;-1372.0340916114860192;231.86113014072520855;-1372.1687643467707858;231.98038723064792066
-0.062666616782152503862;0.49605735065723888244;0;-2738.6533914861197445;462.8072103280572378;-2738.9222511607954402;463.04587958886850174
-0.093690657292862744576;0.49114362536434424955;0;-4094.4644775962801759;691.92680189272664393;-4094.8664682139387878;692.28416027840967217
-0.12434494358242785539;0.484291580564315427;0;-5434.1165829962546923;918.31567448161206357;-5434.6501262570736799;918.79061269025658021
-0.15450849718747419748;0.47552825814757659906;0;-6752.3227128548596738;1141.0803746418548599;-6752.985712733152468;1141.6713705902216134
-0.18406227634233951473;0.46488824294412550708;0;-8043.8805098086395446;1359.3417518733986071;-8044.670358653034782;1360.0468417159117962
-0.21288964578253677384;0.45241352623300956637;0;-9303.6927852896424156;1572.2384282344828534;-9304.6063713370967889;1573.0551780856662845
-0.24087683705085810582;0.43815334002193151441;0;-10526.787635800035787;1778.9301978067385335;-10527.821352259401465;1779.8556787772431562
-0.26791339748949877242;0.42216396275100720459;0;-11708.33806474373705;1978.6013426041722596;-11709.48782114047026;1979.6321109131702087
-0.29389262614623706815;0.40450849718747333705;0;-12843.68103237674768;2170.463851839277595;-12844.942269639797814;2171.5959348138408131
-0.31871199487434537234;0.38525662138789418254;0;-13928.335858694683338;2353.7605318418045499;-13929.703570381650934;2354.9894197530934434
-0.34227355296434486265;0.36448431371070527662;0;-14958.0219066297268;2527.7679943560524407;-14959.490669515951595;2529.0886374321253243
-0.36448431371070627582;0.34227355296434380794;0;-15928.675475769477998;2691.7995114239238319;-15930.239464100664918;2693.2064317330837184
-0.38525662138789512623;0.31871199487434426212;0;-16836.465839925986074;2845.2077255864260223;-16838.118859810503636;2846.6950028333617411
-0.40450849718747422523;0.29389262614623590242;0;-17677.810365261881088;2987.3872047078039031;-17679.545880765941547;2988.9485495057160733
-0.42216396275100803726;0.26791339748949755117;0;-18449.388649309428729;3117.7768313395913538;-18451.199809335772443;3119.4056498780291804
-0.43815334002193223606;0.24087683705085682906;0;-19148.155625082068582;3235.8620171948268762;-19150.035289684648887;3237.5514788583700465
-0.45241352623301017699;0.21288964578253544158;0;-19771.353578562699113;3341.1767339929288028;-19773.29434478955227;3342.9198376102463044
-0.46488824294412606219;0.18406227634233804369;0;-20316.52303214098356;3433.3053526604135186;-20318.517259799555177;3435.0949872725609566
-0.47552825814757709866;0.15450849718747269868;0;-20781.512451047892682;3511.8842836289622937;-20783.552288986895292;3513.7132802719779647
-0.48429158056431581558;0.12434494358242632883;0;-21164.486734480455198;3576.6034117573785807;-21166.564148050791118;3578.4645836919407884
-0.49114362536434452711;0.093690657292861190264;0;-21463.934457906270836;3627.2073202142223636;-21466.041258171338995;3629.0934902192598202
-0.49605735065723904897;0.062666616782150949549;0;-21678.673837965627172;3663.4962984915423476;-21680.801713010099775;3665.4003131444669634
-0.499013364214135835;0.031395259764655465695;0;-21807.857396430525114;3685.3271305710436536;-21809.997944806978921;3687.2418627480792566
-0.5;-1.2710352895928202744e-15;0;-21850.975304814048286;3692.6136601319208239;-21853.120070818753447;3694.5320021408556386
-0.49901336421413572397;-0.031395259764657998391;0;-21807.857396430517838;3685.3271305710063643;-21809.997906597469409;3687.2419812635525886
-0.49605735065723877142;-0.062666616782153475307;0;-21678.67383796561262;3663.4962984915391644;-21680.801637956858031;3665.4005483081359671
-0.49114362536434408302;-0.093690657292863688266;0;-21463.934457906252646;3627.2073202141828006;-21466.041148904070724;3629.093838318357939
-0.48429158056431520496;-0.12434494358242879908;0;-21164.486734480429732;3576.6034117573371987;-21166.564008264518634;3578.4650392147013918
-0.4755282581475763215;-0.15450849718747511341;0;-20781.512451047863578;3511.8842836289577463;-20783.552123159472103;3513.7138359852469875
-0.46488824294412511851;-0.18406227634234040291;0;-20316.523032140943542;3433.3053526604412582;-20318.517072845916118;3435.0956343383936655
-0.45241352623300906677;-0.21288964578253774529;0;-19771.353578562648181;3341.1767339929547234;-19773.294141676149593;3342.9205657468792197
-0.43815334002193101481;-0.2408768370508590495;0;-19148.15562508201765;3235.8620171948173265;-19150.035075027077255;3237.5522765529212847
-0.42216396275100664948;-0.26791339748949971611;0;-18449.388649309374159;3117.7768313395808946;-18451.199587014882127;3119.4065046502246332
-0.40450849718747272643;-0.29389262614623795633;0;-17677.810365261822881;2987.3872047077929892;-17679.545653585966647;2988.9494482204818269
-0.38525662138789351641;-0.31871199487434620501;0;-16836.465839925916953;2845.2077255864151084;-16838.118629230277293;2846.6959320533428581
-0.36448431371070455498;-0.3422735529643456398;0;-15928.675475769407058;2691.7995114239124632;-15930.239230058081375;2693.2073780990385785
-0.34227355296434297527;-0.36448431371070699747;0;-14958.021906629646764;2527.7679943560642641;-14959.49043036230978;2529.0895880518460217
-0.31871199487434342945;-0.38525662138789579236;0;-13928.335858694603303;2353.7605318417909075;-13929.703316539997104;2354.9903510881817965
-0.29389262614623518077;-0.40450849718747472483;0;-12843.681032376660369;2170.4638518392621336;-12844.942001569854256;2171.5968612056008169
-0.26791339748949705157;-0.42216396275100837032;0;-11708.338064743662471;1978.6013426041397452;-11709.487533002320561;1979.6330205977731111
-0.24087683705085646824;-0.4381533400219324581;0;-10526.787635799968484;1778.9301978067271648;-10527.821035312585082;1779.8565537005615624
-0.21288964578253527504;-0.4524135262330102325;0;-9303.6927852895823889;1572.2384282344878557;-9304.6060172119796334;1573.0560043882414902
-0.18406227634233807144;-0.46488824294412606219;0;-8043.88050980857588;1359.3417518733876932;-8044.6699614342014684;1360.0476133207332623
-0.15450849718747294848;-0.47552825814757704315;0;-6752.3227128548041946;1141.0803746418339415;-6752.9852695749023042;1141.6720884281119197
-0.1243449435824267868;-0.48429158056431570456;0;-5434.116582996206489;918.31567448160410549;-5434.6496368279604212;918.79128184646219779
-0.093690657292861884153;-0.49114362536434441608;0;-4094.4644775962419772;691.92680189272027746;-4094.8659335758352427;692.28478684758181316
-0.062666616782151865483;-0.49605735065723893795;0;-2738.6533914860915502;462.80721032805229243;-2738.9216727228695163;463.04646839919780632
-0.031395259764656603674;-0.49901336421413577948;0;-1372.0340916114664651;231.8611301407219969;-1372.1681433628307332;231.98094096297231204
-9.1848509936051484375e-17;-0.5;0;-3.513904830519632198e-12;5.9381756633634876695e-13;0.00070720036833371580087;6.9926581823254174708e-06
0.031395259764656416324;-0.49901336421413577948;0;1372.0340916114596439;-231.86113014072313376;1372.1695599428833248;-231.98093059500754975
0.062666616782151671194;-0.49605735065723899346;0;2738.6533914860838195;-462.80721032805104187;2738.9230952058228468;-463.04646890011684945
0.093690657292861703742;-0.4911436253643444716;0;4094.4644775962347012;-691.92680189271891322;4094.8673640285187503;-692.2848055155379825
0.12434494358242660639;-0.48429158056431576007;0;5434.1165829962001226;-918.31567448160308231;5434.6510753146540083;-918.79132606572954955
0.15450849718747278194;-0.47552825814757709866;0;6752.3227128547969187;-1141.0803746418328046;6752.9867147150544042;-1141.6721657673629124
0.18406227634233790491;-0.46488824294412611771;0;8043.8805098085695136;-1359.3417518733865563;8044.6714117901601639;-1360.0477317628908622
0.21288964578253510851;-0.45241352623301034352;0;9303.692785289569656;-1572.2384282344701205;9304.6074730778454978;-1573.0561727053291179
0.2408768370508563017;-0.43815334002193251361;0;10526.78763579995757;-1778.9301978067251184;10527.822500141137425;-1779.8567818259668911
0.26791339748949688504;-0.42216396275100842583;0;11708.338064743653376;-1978.6013426041383809;11709.489013489526769;-1979.6333195636295841
0.29389262614623506975;-0.40450849718747483585;0;12843.681032376660369;-2170.4638518392621336;12844.943505405981341;-2171.5972418632632071
0.31871199487434326292;-0.38525662138789590339;0;13928.335858694592389;-2353.7605318417890885;13929.704847119568512;-2354.9908205033943887
0.34227355296434269771;-0.36448431371070727502;0;14958.021906629632213;-2527.7679943560624451;14959.491978341402501;-2529.0901422984829878
0.36448431371070411089;-0.34227355296434608389;0;15928.675475769383411;-2691.7995114239083705;15930.240802597019865;-2693.2080337606248577
0.38525662138789296129;-0.31871199487434687114;0;16836.465839925887849;-2845.2077255864096514;16838.120226344344701;-2846.6966956581322847
0.4045084971874720603;-0.293892626146238789;0;17677.810365261790139;-2987.3872047078175456;17679.547274402360927;-2988.9503250419952565
0.42216396275100598334;-0.26791339748950082633;0;18449.388649309337779;-3117.7768313395754376;18451.20122979512962;-3119.4074984737667364
0.43815334002193029317;-0.24087683705086038177;0;19148.155625081984908;-3235.8620171948114148;19150.03673723909742;-3237.5533894893223987
0.45241352623300834512;-0.21288964578253932736;0;19771.353578562615439;-3341.1767339929156151;19773.29582010001468;-3342.9217981096730909
0.46488824294412439686;-0.18406227634234223478;0;20316.523032140914438;-3433.305352660436256;20318.518763695014059;-3435.0969845920990338
0.47552825814757565537;-0.15450849718747719508;0;20781.512451047830837;-3511.8842836289522893;20783.553822195386601;-3513.7153007676902234
0.48429158056431459434;-0.12434494358243111667;0;21164.486734480404266;-3576.6034117573326512;21166.565710890288756;-3578.4666134282938401
0.49114362536434358342;-0.093690657292866269534;0;21463.934457906230818;-3627.2073202142159971;21466.042850220157561;-3629.0955152801734585
0.49605735065723838284;-0.062666616782156292498;0;21678.673837965598068;-3663.4962984915373454;21680.803332781335484;-3665.4023199423004371
0.49901336421413550193;-0.031395259764661065383;0;21807.857396430510562;-3685.3271305710045453;21809.999589448801999;-3687.2438383177263859
