0.5;0;0;21850.975304814048286;-3692.6136601319208239;21854.550238754345628;-3695.8143791809802678
0.49901336421413577948;0.03139525976465668694;0;21807.857396430517838;-3685.3271305710063643;21811.425260376257938;-3688.5219308785945032
0.49605735065723893795;0.062666616782152129161;0;21678.673837965619896;-3663.4962984915409834;21682.220520731774741;-3666.6733192027500081
0.49114362536434436057;0.093690657292862314365;0;21463.934457906267198;-3627.2073202141846195;21467.445940260535281;-3630.3546658709024086
0.48429158056431553803;0.12434494358242739742;0;21164.486734480444284;-3576.6034117573399271;21167.949148735147901;-3579.7091408244741615
0.47552825814757676559;0.15450849718747369788;0;20781.512451047881768;-3511.8842836289954903;20784.912137508887099;-3514.9364127393805575
0.46488824294412572913;0.18406227634233895962;0;20316.523032140969008;-3433.3053526604116996;20319.846591859961336;-3436.2918806177776787
0.45241352623300978841;0.212889645782536302;0;19771.353578562680923;-3341.1767339929251648;19774.587922416525544;-3344.0856875959220815
0.43815334002193179197;0.24087683705085760622;0;19148.155625082050392;-3235.8620171948559801;19151.28801972887959;-3238.6815187566485292
0.42216396275100759317;0.26791339748949827282;0;18449.388649309410539;-3117.7768313395881705;18452.406760959518579;-3120.4951855833546688
0.40450849718747372563;0.29389262614623651304;0;17677.810365261862898;-2987.3872047078302785;17680.702302361540205;-2989.9930007374691741
0.38525662138789468214;0.31871199487434481723;0;16836.465839925967884;-2845.2077255864223844;16839.220195765283279;-2847.6899480549482178
0.36448431371070583173;0.34227355296434425203;0;15928.675475769459808;-2691.7995114239211034;15931.281371707049402;-2694.1476540052935889
0.34227355296434441856;0.3644843137107056652;0;14958.021906629706791;-2527.7679943560488027;14960.469036135160422;-2529.9721682687913926
0.31871199487434492825;0.38525662138789451561;0;13928.335858694665149;-2353.7605318418254683;13930.614534900305443;-2355.8115676527631877
0.29389262614623667957;0.40450849718747361461;0;12843.681032376731309;-2170.4638518392744118;12845.782213697430052;-2172.3533607873919209
0.26791339748949838384;0.42216396275100748214;0;11708.338064743717041;-1978.6013426041495222;11710.253426723251323;-1980.3217909034244713
0.24087683705085766173;0.43815334002193179197;0;10526.787635800017597;-1778.9301978067355776;10528.509604799055523;-1780.4749359886641287
0.21288964578253632975;0.45241352623300978841;0;9303.6927852896242257;-1572.2384282344792155;9305.2145664736835897;-1573.6016970597909221
0.18406227634233893187;0.46488824294412572913;0;8043.8805098086140788;-1359.3417518733940597;8045.1961104007150425;-1360.5186665536211876
0.15450849718747364236;0.4755282581475768211;0;6752.322712854836027;-1141.0803746418391711;6753.4269615541697931;-1142.066890907204197
0.12434494358242727252;0.48429158056431559354;0;5434.1165829962292264;-918.31567448160785716;5435.0051462093142618;-919.1085415933347349
0.093690657292862147831;0.49114362536434436057;0;4094.4644775962542553;-691.92680189272232383;4095.1338728423042994;-692.52350883103542856
0.062666616782151907117;0.49605735065723893795;0;2738.6533914860938239;-462.80721032805274717;2739.1009981164702367;-463.20593192662414594
0.031395259764656430201;0.49901336421413577948;0;1372.0340916114596439;-231.86113014072313376;1372.2581588576274498;-232.06067977584100959
-3.0245073740886312578e-16;0.5;0;-1.3217687188087733219e-11;2.2336674489458809478e-12;-0.0003476763865073451143;0.00020544138948253021226
-0.031395259764657033885;0.49901336421413577948;0;-1372.0340916114860192;231.86113014072520855;-1372.2588518808063327;232.06108882156527784
-0.062666616782152503862;0.49605735065723888244;0;-2738.6533914861197445;462.8072103280572378;-2739.1016842075059685;463.20633536511741113
-0.093690657292862744576;0.49114362536434424955;0;-4094.4644775962801759;691.92680189272664393;-4095.1345475218322463;692.52390267063833562
-0.12434494358242785539;0.484291580564315427;0;-5434.1165829962546923;918.31567448161206357;-5435.0058050616553373;919.10892166124267533
-0.15450849718747419748;0.47552825814757659906;0;-6752.3227128548596738;1141.0803746418548599;-6753.4276000036506957;1142.067253076031875
-0.18406227634233951473;0.46488824294412550708;0;-8043.8805098086395446;1359.3417518733986071;-8045.196723339710843;1360.5190070600260697
-0.21288964578253677384;0.45241352623300956637;0;-9303.6927852896424156;1572.2384282344828534;-9305.2151478107443836;1573.6020127130857418
-0.24087683705085810582;0.43815334002193151441;0;-10526.787635800035787;1778.9301978067385335;-10528.51014703686451;1780.4752240042021185
-0.26791339748949877242;0.42216396275100720459;0;-11708.33806474373705;1978.6013426041722596;-11710.253920704935808;1980.3220481207972625
-0.29389262614623706815;0.40450849718747333705;0;-12843.68103237674768;2170.463851839277595;-12845.782648689038979;2172.3535821842306177
-0.31871199487434537234;0.38525662138789418254;0;-13928.335858694683338;2353.7605318418045499;-13930.614899235581106;2355.8117443588594142
-0.34227355296434486265;0.36448431371070527662;0;-14958.0219066297268;2527.7679943560524407;-14960.46931876263443;2529.9722857152232791
-0.36448431371070627582;0.34227355296434380794;0;-15928.675475769477998;2691.7995114239238319;-15931.281575470473399;2694.147713114133694
-0.38525662138789512623;0.31871199487434426212;0;-16836.465839925986074;2845.2077255864260223;-16839.220319403066242;2847.689947209400998
-0.40450849718747422523;0.29389262614623590242;0;-17677.810365261881088;2987.3872047078039031;-17680.70234743637775;2989.9929403823903158
-0.42216396275100803726;0.26791339748949755117;0;-18449.388649309428729;3117.7768313395913538;-18452.406731899493025;3120.4950683337574446
-0.43815334002193223606;0.24087683705085682906;0;-19148.155625082068582;3235.8620171948268762;-19151.287923653235339;3238.6813493555914647
-0.45241352623301017699;0.21288964578253544158;0;-19771.353578562699113;3341.1767339929288028;-19774.587768755860452;3344.0854727207197357
-0.46488824294412606219;0.18406227634233804369;0;-20316.52303214098356;3433.3053526604135186;-20319.846391799892444;3436.2916285448909548
-0.47552825814757709866;0.15450849718747269868;0;-20781.512451047892682;3511.8842836289622937;-20784.911903304368025;3514.936132892574733
-0.48429158056431581558;0.12434494358242632883;0;-21164.486734480455198;3576.6034117573785807;-21167.948892951590096;3579.7088432398450095
-0.49114362536434452711;0.093690657292861190264;0;-21463.934457906270836;3627.2073202142223636;-21467.445675010159903;3630.3543606209764221
-0.49605735065723904897;0.062666616782150949549;0;-21678.673837965627172;3663.4962984915423476;-21682.220256968998001;3666.6730158251734792
-0.499013364214135835;0.031395259764655465695;0;-21807.857396430525114;3685.3271305710436536;-21811.425007314141112;3688.5216378556310701
-0.5;-1.2710352895928202744e-15;0;-21850.975304814048286;3692.6136601319208239;-21854.550003448483039;3695.8141035097860367
-0.49901336421413572397;-0.031395259764657998391;0;-21807.857396430517838;3685.3271305710063643;-21811.42504603000998;3688.5216674081366364
-0.49605735065723877142;-0.062666616782153475307;0;-21678.67383796561262;3663.4962984915391644;-21682.220331421576702;3666.6730721235267083
-0.49114362536434408302;-0.093690657292863688266;0;-21463.934457906252646;3627.2073202141828006;-21467.445779463105282;3630.3544382970044353
-0.48429158056431520496;-0.12434494358242879908;0;-21164.486734480429732;3576.6034117573371987;-21167.949019337891514;3579.7089348301628888
-0.4755282581475763215;-0.15450849718747511341;0;-20781.512451047863578;3511.8842836289577463;-20784.912041823743493;3514.9362294796228525
-0.46488824294412511851;-0.18406227634234040291;0;-20316.523032140943542;3433.3053526604412582;-20319.846531639363093;3436.2917205103858578
-0.45241352623300906677;-0.21288964578253774529;0;-19771.353578562648181;3341.1767339929547234;-19774.587898873516679;3344.0855505386216464
-0.43815334002193101481;-0.2408768370508590495;0;-19148.15562508201765;3235.8620171948173265;-19151.288033568285755;3238.6814043501822198
-0.42216396275100664948;-0.26791339748949971611;0;-18449.388649309374159;3117.7768313395808946;-18452.40681241990751;3120.4950933332538625
-0.40450849718747272643;-0.29389262614623795633;0;-17677.810365261822881;2987.3872047077929892;-17680.702391271581291;2989.9929302119003296
-0.38525662138789351641;-0.31871199487434620501;0;-16836.465839925916953;2845.2077255864151084;-16839.220321611253894;2847.6898989849159989
-0.36448431371070455498;-0.3422735529643456398;0;-15928.675475769407058;2691.7995114239124632;-15931.281533708644929;2694.1476263203239796
-0.34227355296434297527;-0.36448431371070699747;0;-14958.021906629646764;2527.7679943560642641;-14960.469233322752189;2529.9721620729628739
-0.31871199487434342945;-0.38525662138789579236;0;-13928.335858694603303;2353.7605318417909075;-13930.614769784322561;2355.811582977145008
-0.29389262614623518077;-0.40450849718747472483;0;-12843.681032376660369;2170.4638518392621336;-12845.782501223438885;2172.353418535365563
-0.26791339748949705157;-0.42216396275100837032;0;-11708.338064743662471;1978.6013426041397452;-11710.253769677883611;1980.3218983877925439
-0.24087683705085646824;-0.4381533400219324581;0;-10526.787635799968484;1778.9301978067271648;-10528.509996606568166;1780.4750920634171507
-0.21288964578253527504;-0.4524135262330102325;0;-9303.6927852895823889;1572.2384282344878557;-9305.2149952967447462;1573.6018952291904043
-0.18406227634233807144;-0.46488824294412606219;0;-8043.88050980857588;1359.3417518733876932;-8045.1965632793362602;1360.5188969350706429
-0.15450849718747294848;-0.47552825814757704315;0;-6752.3227128548041946;1141.0803746418339415;-6753.4274276135784021;1142.0671417149337685
-0.1243449435824267868;-0.48429158056431570456;0;-5434.116582996206489;918.31567448160410549;-5435.0056183993910963;919.1088005525330118
-0.093690657292861884153;-0.49114362536434441608;0;-4094.4644775962419772;691.92680189272027746;-4095.134348121817311;692.5237646611690252
-0.062666616782151865483;-0.49605735065723893795;0;-2738.6533914860915502;462.80721032805229243;-2739.1014763694292924;463.20617579732822833
-0.031395259764656603674;-0.49901336421413577948;0;-1372.0340916114664651;231.8611301407219969;-1372.2586410733970297;232.06090647776360925
-9.1848509936051484375e-17;-0.5;0;-3.513904830519632198e-12;5.9381756633634876695e-13;-0.00013865509366761693644;3.0823907197696410517e-06
0.031395259764656416324;-0.49901336421413577948;0;1372.0340916114596439;-231.86113014072313376;1372.2583636262497748;-232.06089553585437102
0.062666616782151671194;-0.49605735065723899346;0;2738.6533914860838195;-462.80721032805104187;2739.1011992639491837;-463.20615157647131355
0.093690657292861703742;-0.4911436253643444716;0;4094.4644775962347012;-691.92680189271891322;4095.1340739056236089;-692.52372172132504602
0.12434494358242660639;-0.48429158056431576007;0;5434.1165829962001226;-918.31567448160308231;5435.0053524694212683;-919.10873821088523528
0.15450849718747278194;-0.47552825814757709866;0;6752.3227128547969187;-1141.0803746418328046;6753.427178203767653;-1142.0670651377381546
0.18406227634233790491;-0.46488824294412611771;0;8043.8805098085695136;-1359.3417518733865563;8045.196340548205626;-1360.5188172535581543
0.21288964578253510851;-0.45241352623301034352;0;9303.692785289569656;-1572.2384282344701205;9305.2148096039582015;-1573.6018282605512013
0.2408768370508563017;-0.43815334002193251361;0;10526.78763579995757;-1778.9301978067251184;10528.509856299968305;-1780.4750552470368348
0.26791339748949688504;-0.42216396275100842583;0;11708.338064743653376;-1978.6013426041383809;11710.253678948543893;-1980.3219056967634515
0.29389262614623506975;-0.40450849718747483585;0;12843.681032376660369;-2170.4638518392621336;12845.782458794703416;-2172.3534733936953671
0.31871199487434326292;-0.38525662138789590339;0;13928.335858694592389;-2353.7605318417890885;13930.614769345342211;-2355.8116695919393351
0.34227355296434269771;-0.36448431371070727502;0;14958.021906629632213;-2527.7679943560624451;14960.469266663336384;-2529.9722360166488215
0.36448431371070411089;-0.34227355296434608389;0;15928.675475769383411;-2691.7995114239083705;15931.281580768578351;-2694.1477018274076727
0.38525662138789296129;-0.31871199487434687114;0;16836.465839925887849;-2845.2077255864096514;16839.220378816178709;-2847.6899765263265181
0.4045084971874720603;-0.293892626146238789;0;17677.810365261790139;-2987.3872047078175456;17680.70245634640014;-2989.9930113044042628
0.42216396275100598334;-0.26791339748950082633;0;18449.388649309337779;-3117.7768313395754376;18452.40688459035664;-3120.4951805032656011
0.43815334002193029317;-0.24087683705086038177;0;19148.155625081984908;-3235.8620171948114148;19151.288113580776553;-3238.6815009716519853
0.45241352623300834512;-0.21288964578253932736;0;19771.353578562615439;-3341.1767339929156151;19774.5879888290292;-3344.0856605529820627
0.46488824294412439686;-0.18406227634234223478;0;20316.523032140914438;-3433.305352660436256;20319.846634652683861;-3436.2918480514008479
0.47552825814757565537;-0.15450849718747719508;0;20781.512451047830837;-3511.8842836289522893;20784.912161540320085;-3514.9363784348779518
0.48429158056431459434;-0.12434494358243111667;0;21164.486734480404266;-3576.6034117573326512;21167.949159353862342;-3579.7091083790251105
0.49114362536434358342;-0.093690657292866269534;0;21463.934457906230818;-3627.2073202142159971;21467.44594270437301;-3630.3546384687733735
0.49605735065723838284;-0.062666616782156292498;0;21678.673837965598068;-3663.4962984915373454;21682.220519543436239;-3666.673299418591796
0.49901336421413550193;-0.031395259764661065383;0;21807.857396430510562;-3685.3271305710045453;21811.425258897295862;-3688.5219205204562058
