0.5;0;0;21850.975304814048286;-3692.6136601319208239;22059.033283897246292;-3880.2953233739644929
0.49901336421413577948;0.03139525976465668694;0;21807.857396430517838;-3685.3271305710063643;22015.503614870605816;-3872.665947142486857
0.49605735065723893795;0.062666616782152129161;0;21678.673837965619896;-3663.4962984915409834;21885.08663017292929;-3849.8054520905675417
0.49114362536434436057;0.093690657292862314365;0;21463.934457906267198;-3627.2073202141846195;21668.297651341166784;-3811.7967551498963985
0.48429158056431553803;0.12434494358242739742;0;21164.486734480444284;-3576.6034117573399271;21365.993159889971139;-3758.7784655842951906
0.47552825814757676559;0.15450849718747369788;0;20781.512451047881768;-3511.8842836289954903;20979.367250583774876;-3690.9454251504203057
0.46488824294412572913;0.18406227634233895962;0;20316.523032140969008;-3433.3053526604116996;20509.946730699095497;-3608.5493097943294742
0.45241352623300978841;0.212889645782536302;0;19771.353578562680923;-3341.1767339929251648;19959.584919324843213;-3511.899157171983461
0.43815334002193179197;0.24087683705085760622;0;19148.155625082050392;-3235.8620171948559801;19330.454203262353985;-3401.3616702603922022
0.42216396275100759317;0.26791339748949827282;0;18449.388649309410539;-3117.7768313395881705;18625.037402393707453;-3277.3611483902755026
0.40450849718747372563;0.29389262614623651304;0;17677.810365261862898;-2987.3872047078302785;17846.117989144022431;-3140.3789131186699706
0.38525662138789468214;0.31871199487434481723;0;16836.465839925967884;-2845.2077255864223844;16996.769196359422494;-2990.9521259318416924
0.36448431371070583173;0.34227355296434425203;0;15928.675475769459808;-2691.7995114239211034;16080.342038401706304;-2829.6719349666818744
0.34227355296434441856;0.3644843137107056652;0;14958.021906629706791;-2527.7679943560488027;15100.452264176090466;-2657.1809348622205107
0.31871199487434492825;0.38525662138789451561;0;13928.335858694665149;-2353.7605318418254683;14060.966260116052581;-2474.1699729559481966
0.29389262614623667957;0.40450849718747361461;0;12843.681032376731309;-2170.4638518392744118;12965.98592673703024;-2281.3743815593352338
0.26791339748949838384;0.42216396275100748214;0;11708.338064743717041;-1978.6013426041495222;11819.832563889887751;-2079.5697554907087579
0.24087683705085766173;0.43815334002193179197;0;10526.787635800017597;-1778.9301978067355776;10627.029815784218954;-1869.5674226185813041
0.21288964578253632975;0.45241352623300978841;0;9303.6927852896242257;-1572.2384282344792155;9392.2857448245504202;-1652.2097701725342631
0.18406227634233893187;0.46488824294412572913;0;8043.8805098086140788;-1359.3417518733940597;8120.4741205100071966;-1428.3655896584950824
0.15450849718747364236;0.4755282581475768211;0;6752.322712854836027;-1141.0803746418391711;6816.615023405384818;-1198.9255885036398013
0.12434494358242727252;0.48429158056431559354;0;5434.1165829962292264;-918.31567448160785716;5485.8548724420552389;-964.79818864184744598
0.093690657292862147831;0.49114362536434436057;0;4094.4644775962542553;-691.92680189272232383;4133.4459855000541211;-726.90569400264814703
0.062666616782151907117;0.49605735065723893795;0;2738.6533914860938239;-462.80721032805274717;2764.7257785120209519;-486.18086413313540106
0.031395259764656430201;0.49901336421413577948;0;1372.0340916114596439;-231.86113014072313376;1385.0956985278983211;-243.56388438785478456
-3.0245073740886312578e-16;0.5;0;-1.3217687188087733219e-11;2.2336674489458809478e-12;-2.6492533763189385354e-05;0.00032116842437091008833
-0.031395259764657033885;0.49901336421413577948;0;-1372.0340916114860192;231.86113014072520855;-1385.0957512386885355;243.56452551703213771
-0.062666616782152503862;0.49605735065723888244;0;-2738.6533914861197445;462.8072103280572378;-2764.7258304014881105;486.1815016440382351
-0.093690657292862744576;0.49114362536434424955;0;-4094.4644775962801759;691.92680189272664393;-4133.4460360256161948;726.9063254986863285
-0.12434494358242785539;0.484291580564315427;0;-5434.1165829962546923;918.31567448161206357;-5485.8549210684359423;964.79881174983609071
-0.15450849718747419748;0.47552825814757659906;0;-6752.3227128548596738;1141.0803746418548599;-6816.6150696072272694;1198.9262008829841761
-0.18406227634233951473;0.46488824294412550708;0;-8043.8805098086395446;1359.3417518733986071;-8120.4741637742035891;1428.3661890103730912
-0.21288964578253677384;0.45241352623300956637;0;-9303.6927852896424156;1572.2384282344828534;-9392.2857846523475018;1652.2103542489207939
-0.24087683705085810582;0.43815334002193151441;0;-10526.787635800035787;1778.9301978067385335;-10627.029851692879674;1869.5679892311018193
-0.26791339748949877242;0.42216396275100720459;0;-11708.33806474373705;1978.6013426041722596;-11819.832595414212847;2079.5703025193033682
-0.29389262614623706815;0.40450849718747333705;0;-12843.68103237674768;2170.463851839277595;-12965.985953430490554;2281.3749069607783895
-0.31871199487434537234;0.38525662138789418254;0;-13928.335858694683338;2353.7605318418045499;-14060.966281551822249;2474.1704747720618798
-0.34227355296434486265;0.36448431371070527662;0;-14958.0219066297268;2527.7679943560524407;-15100.452279947972784;2657.1814112278311768
-0.36448431371070627582;0.34227355296434380794;0;-15928.675475769477998;2691.7995114239238319;-16080.342048124910434;2829.6723841171442473
-0.38525662138789512623;0.31871199487434426212;0;-16836.465839925986074;2845.2077255864260223;-16996.769199671485694;2990.9525462102997153
-0.40450849718747422523;0.29389262614623590242;0;-17677.810365261881088;2987.3872047078039031;-17846.11798570580504;3140.3793029827370447
-0.42216396275100803726;0.26791339748949755117;0;-18449.388649309428729;3117.7768313395913538;-18625.037391890458821;3277.3615064183468348
-0.43815334002193223606;0.24087683705085682906;0;-19148.155625082068582;3235.8620171948268762;-19330.454185404934833;3401.3619951572422906
-0.45241352623301017699;0.21288964578253544158;0;-19771.353578562699113;3341.1767339929288028;-19959.584893851246306;3511.8994477739252034
-0.46488824294412606219;0.18406227634233804369;0;-20316.52303214098356;3433.3053526604135186;-20509.946697375893564;3608.549565073642043
-0.47552825814757709866;0.15450849718747269868;0;-20781.512451047892682;3511.8842836289622937;-20979.367209207852284;3690.9456442192281429
-0.48429158056431581558;0.12434494358242632883;0;-21164.486734480455198;3576.6034117573785807;-21365.993110289979086;3758.7786476978239989
-0.49114362536434452711;0.093690657292861190264;0;-21463.934457906270836;3627.2073202142223636;-21668.297593379218597;3811.7968997091111305
-0.49605735065723904897;0.062666616782150949549;0;-21678.673837965627172;3663.4962984915423476;-21885.086563745844614;3849.8055586442128515
-0.499013364214135835;0.031395259764655465695;0;-21807.857396430525114;3685.3271305710436536;-22015.503539911154803;3872.6660153886873559
-0.5;-1.2710352895928202744e-15;0;-21850.975304814048286;3692.6136601319208239;-22059.033200374746229;3880.2953531611929066
-0.49901336421413572397;-0.031395259764657998391;0;-21807.857396430517838;3685.3271305710063643;-22015.50353150826777;3872.6659769247880831
-0.49605735065723877142;-0.062666616782153475307;0;-21678.67383796561262;3663.4962984915391644;-21885.086546974667726;3849.8054818673972477
-0.49114362536434408302;-0.093690657292863688266;0;-21463.934457906252646;3627.2073202141828006;-21668.297568308556947;3811.7967849208248481
-0.48429158056431520496;-0.12434494358242879908;0;-21164.486734480429732;3576.6034117573371987;-21365.993077021965291;3758.7784953489876898
-0.4755282581475763215;-0.15450849718747511341;0;-20781.512451047863578;3511.8842836289577463;-20979.367167877124302;3690.9454549087436135
-0.46488824294412511851;-0.18406227634234040291;0;-20316.523032140943542;3433.3053526604412582;-20509.946648148077657;3608.5493395463431625
-0.45241352623300906677;-0.21288964578253774529;0;-19771.353578562648181;3341.1767339929547234;-19959.584836921509122;3511.899186917901261
-0.43815334002193101481;-0.2408768370508590495;0;-19148.15562508201765;3235.8620171948173265;-19330.454120996510028;3401.3617000006088347
-0.42216396275100664948;-0.26791339748949971611;0;-18449.388649309374159;3117.7768313395808946;-18625.037320253060898;3277.3611781253830486
-0.40450849718747272643;-0.29389262614623795633;0;-17677.810365261822881;2987.3872047077929892;-17846.117907114286936;3140.3789428493428204
-0.38525662138789351641;-0.31871199487434620501;0;-16836.465839925916953;2845.2077255864151084;-16996.769114424492727;2990.952155658893389
-0.36448431371070455498;-0.3422735529643456398;0;-15928.675475769407058;2691.7995114239124632;-16080.341956543854394;2829.6719646909414223
-0.34227355296434297527;-0.36448431371070699747;0;-14958.021906629646764;2527.7679943560642641;-15100.452182376126075;2657.1809645845905834
-0.31871199487434342945;-0.38525662138789579236;0;-13928.335858694603303;2353.7605318417909075;-14060.966178353733994;2474.1700026772723504
-0.29389262614623518077;-0.40450849718747472483;0;-12843.681032376660369;2170.4638518392621336;-12965.985844991293561;2281.3744112805011355
-0.26791339748949705157;-0.42216396275100837032;0;-11708.338064743662471;1978.6013426041397452;-11819.832482139276181;2079.5697852125358622
-0.24087683705085646824;-0.4381533400219324581;0;-10526.787635799968484;1778.9301978067271648;-10627.029734007188381;1869.5674523418845183
-0.21288964578253527504;-0.4524135262330102325;0;-9303.6927852895823889;1572.2384282344878557;-9392.2856629999732831;1652.2097998980570992
-0.18406227634233807144;-0.46488824294412606219;0;-8043.88050980857588;1359.3417518733876932;-8120.4740386175217282;1428.3656193869137496
-0.15450849718747294848;-0.47552825814757704315;0;-6752.3227128548041946;1141.0803746418339415;-6816.614941425795223;1198.9256182356516547
-0.1243449435824267868;-0.48429158056431570456;0;-5434.116582996206489;918.31567448160410549;-5485.8547903576481986;964.79821837808913187
-0.093690657292861884153;-0.49114362536434441608;0;-4094.4644775962419772;691.92680189272027746;-4133.4459032949534958;726.90572374368446162
-0.062666616782151865483;-0.49605735065723893795;0;-2738.6533914860915502;462.80721032805229243;-2764.7256961724247049;486.18089387949970614
-0.031395259764656603674;-0.49901336421413577948;0;-1372.0340916114664651;231.8611301407219969;-1385.095616042274969;243.56391413998161966
-9.1848509936051484375e-17;-0.5;0;-3.513904830519632198e-12;5.9381756633634876695e-13;0.00010913329012396388862;-0.00029141019718359473245
0.031395259764656416324;-0.49901336421413577948;0;1372.0340916114596439;-231.86113014072313376;1385.0958340411727931;-243.56449575249587269
0.062666616782151671194;-0.49605735065723899346;0;2738.6533914860838195;-462.80721032805104187;2764.7259133697361904;-486.18147187311734569
0.093690657292861703742;-0.4911436253643444716;0;4094.4644775962347012;-691.92680189271891322;4133.4461191611080721;-726.90629572147122417
0.12434494358242660639;-0.48429158056431576007;0;5434.1165829962001226;-918.31567448160308231;5485.8550043701025061;-964.79878196659956302
0.15450849718747278194;-0.47552825814757709866;0;6752.3227128547969187;-1141.0803746418328046;6816.6151530715014815;-1198.9261710941057117
0.18406227634233790491;-0.46488824294412611771;0;8043.8805098085695136;-1359.3417518733865563;8120.4742473951018837;-1428.3661592164203284
0.21288964578253510851;-0.45241352623301034352;0;9303.692785289569656;-1572.2384282344701205;9392.2858684215261746;-1652.2103244505417479
0.2408768370508563017;-0.43815334002193251361;0;10526.78763579995757;-1778.9301978067251184;10627.029935599755845;-1869.567959429001121
0.26791339748949688504;-0.42216396275100842583;0;11708.338064743653376;-1978.6013426041383809;11819.832679446059046;-2079.5702727142552249
0.29389262614623506975;-0.40450849718747483585;0;12843.681032376660369;-2170.4638518392621336;12965.986037572643909;-2281.3748771535342712
0.31871199487434326292;-0.38525662138789590339;0;13928.335858694592389;-2353.7605318417890885;14060.966365787800896;-2474.1704449633648437
0.34227355296434269771;-0.36448431371070727502;0;14958.021906629632213;-2527.7679943560624451;15100.452364259710521;-2657.1813814182705755
0.36448431371070411089;-0.34227355296434608389;0;15928.675475769383411;-2691.7995114239083705;16080.342132493040481;-2829.6723543072789653
0.38525662138789296129;-0.31871199487434687114;0;16836.465839925887849;-2845.2077255864096514;16996.769284075624455;-2990.9525164005590341
0.4045084971874720603;-0.293892626146238789;0;17677.810365261790139;-2987.3872047078175456;17846.118070124844962;-3140.3792731734915833
0.42216396275100598334;-0.26791339748950082633;0;18449.388649309337779;-3117.7768313395754376;18625.037476302990399;-3277.3614766098321525
0.43815334002193029317;-0.24087683705086038177;0;19148.155625081984908;-3235.8620171948114148;19330.454269789657701;-3401.3619653497239597
0.45241352623300834512;-0.21288964578253932736;0;19771.353578562615439;-3341.1767339929156151;19959.584978187285742;-3511.8994179676119529
0.46488824294412439686;-0.18406227634234223478;0;20316.523032140914438;-3433.305352660436256;20509.94678164322977;-3608.5495352687944433
0.47552825814757565537;-0.15450849718747719508;0;20781.512451047830837;-3511.8842836289522893;20979.367293387651443;-3690.9456144161226803
0.48429158056431459434;-0.12434494358243111667;0;21164.486734480404266;-3576.6034117573326512;21365.993194364986266;-3758.7786178968658533
0.49114362536434358342;-0.093690657292866269534;0;21463.934457906230818;-3627.2073202142159971;21668.297677333943284;-3811.7968699107241264
0.49605735065723838284;-0.062666616782156292498;0;21678.673837965598068;-3663.4962984915373454;21885.086647566920874;-3849.8055288489522354
0.49901336421413550193;-0.031395259764661065383;0;21807.857396430510562;-3685.3271305710045453;22015.503623587330367;-3872.665985597127019
