0.5;0;0;21850.975304814048286;-3692.6136601319208239;21853.804026828402129;-3695.1465366880206602
0.49901336421413577948;0.03139525976465668694;0;21807.857396430517838;-3685.3271305710063643;21810.680532458976813;-3687.8553385005811833
0.49605735065723893795;0.062666616782152129161;0;21678.673837965619896;-3663.4962984915409834;21681.48022983714327;-3666.0104456793246754
0.49114362536434436057;0.093690657292862314365;0;21463.934457906267198;-3627.2073202141846195;21466.71302025588011;-3629.6979875840424938
0.48429158056431553803;0.12434494358242739742;0;21164.486734480444284;-3576.6034117573399271;21167.226501708184514;-3579.0611447263918308
0.47552825814757676559;0.15450849718747369788;0;20781.512451047881768;-3511.8842836289954903;20784.202621754167922;-3514.299595884458995
0.46488824294412572913;0.18406227634233895962;0;20316.523032140969008;-3433.3053526604116996;20319.153010608115437;-3435.6687454167040414
0.45241352623300978841;0.212889645782536302;0;19771.353578562680923;-3341.1767339929251648;19773.913013314784621;-3343.4787323413706872
0.43815334002193179197;0.24087683705085760622;0;19148.155625082050392;-3235.8620171948559801;19150.634444978226384;-3238.0932234419879023
0.42216396275100759317;0.26791339748949827282;0;18449.388649309410539;-3117.7768313395881705;18451.777097929982119;-3119.9279935126069176
0.40450849718747372563;0.29389262614623651304;0;17677.810365261862898;-2987.3872047078302785;17680.099034478134854;-2989.4492968540384936
0.38525662138789468214;0.31871199487434481723;0;16836.465839925967884;-2845.2077255864223844;16838.645703470909211;-2847.1720352593656571
0.36448431371070583173;0.34227355296434425203;0;15928.675475769459808;-2691.7995114239211034;15930.73792337101986;-2693.6577289510187256
0.34227355296434441856;0.3644843137107056652;0;14958.021906629706791;-2527.7679943560488027;14959.958778875718053;-2529.5122982058715024
0.31871199487434492825;0.38525662138789451561;0;13928.335858694665149;-2353.7605318418254683;13930.139479700061202;-2355.3836693501202717
0.29389262614623667957;0.40450849718747361461;0;12843.681032376731309;-2170.4638518392744118;12845.344245613525345;-2171.9591866142850449
0.26791339748949838384;0.42216396275100748214;0;11708.338064743717041;-1978.6013426041495222;11709.854276144573305;-1979.9629107943542294
0.24087683705085766173;0.43815334002193179197;0;10526.787635800017597;-1778.9301978067355776;10528.150842220173217;-1780.1527361387018118
0.21288964578253632975;0.45241352623300978841;0;9303.6927852896242257;-1572.2384282344792155;9304.8975987300727866;-1573.3173787516050197
0.18406227634233893187;0.46488824294412572913;0;8043.8805098086140788;-1359.3417518733940597;8044.9221772985829375;-1360.2732477545732763
0.15450849718747364236;0.4755282581475768211;0;6752.322712854836027;-1141.0803746418391711;6753.1971324777314294;-1141.8612118304822616
0.12434494358242727252;0.48429158056431559354;0;5434.1165829962292264;-918.31567448160785716;5434.8203167424799176;-918.94327408358958564
0.093690657292862147831;0.49114362536434436057;0;4094.4644775962542553;-691.92680189272232383;4094.9947616697281774;-692.3991683939241284
0.062666616782151907117;0.49605735065723893795;0;2738.6533914860938239;-462.80721032805274717;2739.0081445065984553;-463.12289058457167812
0.031395259764656430201;0.49901336421413577948;0;1372.0340916114596439;-231.86113014072313376;1372.2119209397556006;-232.01917773339823725
-3.0245073740886312578e-16;0.5;0;-1.3217687188087733219e-11;2.2336674489458809478e-12;0.00020622736477093894791;5.112847333066383726e-05
-0.031395259764657033885;0.49901336421413577948;0;-1372.0340916114860192;231.86113014072520855;-1372.2115120914370436;232.01927985097947271
-0.062666616782152503862;0.49605735065723888244;0;-2738.6533914861197445;462.8072103280572378;-2739.0077459655290113;463.12299262226883911
-0.093690657292862744576;0.49114362536434424955;0;-4094.4644775962801759;691.92680189272664393;-4094.9943787481465733;692.39927126988436612
-0.12434494358242785539;0.484291580564315427;0;-5434.1165829962546923;918.31567448161206357;-5434.8199528946033752;918.94337968690763319
-0.15450849718747419748;0.47552825814757659906;0;-6752.3227128548596738;1141.0803746418548599;-6753.196789395403357;1141.8613226218708405
-0.18406227634233951473;0.46488824294412550708;0;-8043.8805098086395446;1359.3417518733986071;-8044.9218555708766871;1360.2733659582518158
-0.21288964578253677384;0.45241352623300956637;0;-9303.6927852896424156;1572.2384282344828534;-9304.8972988698733388;1573.3175054407972766
-0.24087683705085810582;0.43815334002193151441;0;-10526.787635800035787;1778.9301978067385335;-10528.150565655258106;1780.1528706451326798
-0.26791339748949877242;0.42216396275100720459;0;-11708.33806474373705;1978.6013426041722596;-11709.854025600796376;1979.9630508746265605
-0.29389262614623706815;0.40450849718747333705;0;-12843.68103237674768;2170.463851839277595;-12845.344024228048511;2171.9593296469156485
-0.31871199487434537234;0.38525662138789418254;0;-13928.335858694683338;2353.7605318418045499;-13930.139288242042312;2355.3838145177778642
-0.34227355296434486265;0.36448431371070527662;0;-14958.0219066297268;2527.7679943560524407;-14959.958610650002811;2529.512449174095309
-0.36448431371070627582;0.34227355296434380794;0;-15928.675475769477998;2691.7995114239238319;-15930.737778819531741;2693.657881269596146
-0.38525662138789512623;0.31871199487434426212;0;-16836.465839925986074;2845.2077255864260223;-16838.645581376560585;2847.1721878724438284
-0.40450849718747422523;0.29389262614623590242;0;-17677.810365261881088;2987.3872047078039031;-17680.098933794379263;2989.4494487760739503
-0.42216396275100803726;0.26791339748949755117;0;-18449.388649309428729;3117.7768313395913538;-18451.777017866021197;3119.9281438715984223
-0.43815334002193223606;0.24087683705085682906;0;-19148.155625082068582;3235.8620171948268762;-19150.634385032168211;3238.0933715143505651
-0.45241352623301017699;0.21288964578253544158;0;-19771.353578562699113;3341.1767339929288028;-19773.912973253456585;3343.4788775793122113
-0.46488824294412606219;0.18406227634233804369;0;-20316.52303214098356;3433.3053526604135186;-20319.152990396883979;3435.6688874701690111
-0.47552825814757709866;0.15450849718747269868;0;-20781.512451047892682;3511.8842836289622937;-20784.202621447180718;3514.2997346193019439
-0.48429158056431581558;0.12434494358242632883;0;-21164.486734480455198;3576.6034117573785807;-21167.226521309268719;3579.0612802384130191
-0.49114362536434452711;0.093690657292861190264;0;-21463.934457906270836;3627.2073202142223636;-21466.71305956638389;3629.6981202078327442
-0.49605735065723904897;0.062666616782150949549;0;-21678.673837965627172;3663.4962984915423476;-21681.480288309438038;3666.010575989667359
-0.499013364214135835;0.031395259764655465695;0;-21807.857396430525114;3685.3271305710436536;-21810.680609069597267;3687.8554673015773915
-0.5;-1.2710352895928202744e-15;0;-21850.975304814048286;3692.6136601319208239;-21853.804119988802995;3695.1466649866461012
-0.49901336421413572397;-0.031395259764657998391;0;-21807.857396430517838;3685.3271305710063643;-21810.680629612794291;3687.8554230757445112
-0.49605735065723877142;-0.062666616782153475307;0;-21678.67383796561262;3663.4962984915391644;-21681.480329081561649;3666.0104894908022288
-0.49114362536434408302;-0.093690657292863688266;0;-21463.934457906252646;3627.2073202141828006;-21466.713119963642384;3629.6979952155738829
-0.48429158056431520496;-0.12434494358242879908;0;-21164.486734480429732;3576.6034117573371987;-21167.226600487159885;3579.061122117119794
-0.4755282581475763215;-0.15450849718747511341;0;-20781.512451047863578;3511.8842836289577463;-20784.202718384760374;3514.2995499781945909
-0.46488824294412511851;-0.18406227634234040291;0;-20316.523032140943542;3433.3053526604412582;-20319.153103970791562;3435.6686837515521802
-0.45241352623300906677;-0.21288964578253774529;0;-19771.353578562648181;3341.1767339929547234;-19773.913102311969851;3343.4786626051381973
-0.43815334002193101481;-0.2408768370508590495;0;-19148.15562508201765;3235.8620171948173265;-19150.634528461090667;3238.0931530245197791
-0.42216396275100664948;-0.26791339748949971611;0;-18449.388649309374159;3117.7768313395808946;-18451.777174635510164;3119.9279290860654328
-0.40450849718747272643;-0.29389262614623795633;0;-17677.810365261822881;2987.3872047077929892;-17680.099102983753255;2989.4492440105732385
-0.38525662138789351641;-0.31871199487434620501;0;-16836.465839925916953;2845.2077255864151084;-16838.645762169009686;2847.171998232327951
-0.36448431371070455498;-0.3422735529643456398;0;-15928.675475769407058;2691.7995114239124632;-15930.737970468871936;2693.6577104397479161
-0.34227355296434297527;-0.36448431371070699747;0;-14958.021906629646764;2527.7679943560642641;-14959.958812420352842;2529.5122993150785078
-0.31871199487434342945;-0.38525662138789579236;0;-13928.335858694603303;2353.7605318417909075;-13930.139499442886517;2355.3836947953577692
-0.29389262614623518077;-0.40450849718747472483;0;-12843.681032376660369;2170.4638518392621336;-12845.344246489939906;2171.959226277434027
-0.26791339748949705157;-0.42216396275100837032;0;-11708.338064743662471;1978.6013426041397452;-11709.854255874783121;1979.9629617246835096
-0.24087683705085646824;-0.4381533400219324581;0;-10526.787635799968484;1778.9301978067271648;-10528.150800294755754;1780.1527969586129529
-0.21288964578253527504;-0.4524135262330102325;0;-9303.6927852895823889;1572.2384282344878557;-9304.8975351878416404;1573.317447314637775
-0.18406227634233807144;-0.46488824294412606219;0;-8043.88050980857588;1359.3417518733876932;-8044.9220918377532143;1360.2733207714675245
-0.15450849718747294848;-0.47552825814757704315;0;-6752.3227128548041946;1141.0803746418339415;-6753.1970241215349233;1141.8612854555437934
-0.1243449435824267868;-0.48429158056431570456;0;-5434.116582996206489;918.31567448160410549;-5434.8201840335168527;918.94334476262497446
-0.093690657292861884153;-0.49114362536434441608;0;-4094.4644775962419772;691.92680189272027746;-4094.9946032140683201;692.39923356906695062
-0.062666616782151865483;-0.49605735065723893795;0;-2738.6533914860915502;462.80721032805229243;-2739.0079596278933423;463.1229490951498633
-0.031395259764656603674;-0.49901336421413577948;0;-1372.0340916114664651;231.8611301407219969;-1372.2117102198424163;232.01922992586528949
-9.1848509936051484375e-17;-0.5;0;-3.513904830519632198e-12;5.9381756633634876695e-13;2.8222828635626751037e-05;-3.4818990917173664457e-06
0.031395259764656416324;-0.49901336421413577948;0;1372.0340916114596439;-231.86113014072313376;1372.2117666931603708;-232.01923371157764109
0.062666616782151671194;-0.49605735065723899346;0;2738.6533914860838195;-462.80721032805104187;2739.0080160316733782;-463.1229438498941704
0.093690657292861703742;-0.4911436253643444716;0;4094.4644775962347012;-691.92680189271891322;4094.9946590276676943;-692.39921479318934416
0.12434494358242660639;-0.48429158056431576007;0;5434.1165829962001226;-918.31567448160308231;5434.8202381381906889;-918.94330973788851225
0.15450849718747278194;-0.47552825814757709866;0;6752.3227128547969187;-1141.0803746418328046;6753.1970747686718823;-1141.8612331224451282
0.18406227634233790491;-0.46488824294412611771;0;8043.8805098085695136;-1359.3417518733865563;8044.9221367776508487;-1360.273251115086623
0.21288964578253510851;-0.45241352623301034352;0;9303.692785289569656;-1572.2384282344701205;9304.8975719380978262;-1573.3173605147735543
0.2408768370508563017;-0.43815334002193251361;0;10526.78763579995757;-1778.9301978067251184;10528.150826484536083;-1780.1526927211755265
0.26791339748949688504;-0.42216396275100842583;0;11708.338064743653376;-1978.6013426041383809;11709.85426957195159;-1979.9628392928998437
0.29389262614623506975;-0.40450849718747483585;0;12843.681032376660369;-2170.4638518392621336;12845.34424641739497;-2171.9590856133950183
0.31871199487434326292;-0.38525662138789590339;0;13928.335858694592389;-2353.7605318417890885;13930.139485042111119;-2355.3835393333033608
0.34227355296434269771;-0.36448431371070727502;0;14958.021906629632213;-2527.7679943560624451;14959.958783825391947;-2529.5121405453114676
0.36448431371070411089;-0.34227355296434608389;0;15928.675475769383411;-2691.7995114239083705;15930.737924195338564;-2693.6575458229667674
0.38525662138789296129;-0.31871199487434687114;0;16836.465839925887849;-2845.2077255864096514;16838.645698018659459;-2847.1718309360430794
0.4045084971874720603;-0.293892626146238789;0;17677.810365261790139;-2987.3872047078175456;17680.099021554320643;-2989.4490768618306902
0.42216396275100598334;-0.26791339748950082633;0;18449.388649309337779;-3117.7768313395754376;18451.777077347498562;-3119.9277644191397485
0.43815334002193029317;-0.24087683705086038177;0;19148.155625081984908;-3235.8620171948114148;19150.634417524470337;-3238.0929925826781073
0.45241352623300834512;-0.21288964578253932736;0;19771.353578562615439;-3341.1767339929156151;19773.912980634861015;-3343.4785074987253211
0.46488824294412439686;-0.18406227634234223478;0;20316.523032140914438;-3433.305352660436256;20319.152975015236734;-3435.6685344694533342
0.47552825814757565537;-0.15450849718747719508;0;20781.512451047830837;-3511.8842836289522893;20784.202585986269696;-3514.2994064450926999
0.48429158056431459434;-0.12434494358243111667;0;21164.486734480404266;-3576.6034117573326512;21167.226468648412265;-3579.0609837861120468
0.49114362536434358342;-0.093690657292866269534;0;21463.934457906230818;-3627.2073202142159971;21466.712992645672784;-3629.6978611826489214
0.49605735065723838284;-0.062666616782156292498;0;21678.673837965598068;-3663.4962984915373454;21681.480210006404377;-3666.0103586189234193
0.49901336421413550193;-0.031395259764661065383;0;21807.857396430510562;-3685.3271305710045453;21810.68052209916641;-3687.8552941161901799
