0.5;0;0;21850.975304814048286;-3692.6136601319208239;21861.631261697606533;-3702.1577894376900986
0.49901336421413577948;0.03139525976465668694;0;21807.857396430517838;-3685.3271305710063643;21818.492230101895984;-3694.8535895846880521
0.49605735065723893795;0.062666616782152129161;0;21678.673837965619896;-3663.4962984915409834;21689.245500159580843;-3672.9697565968845083
0.49114362536434436057;0.093690657292862314365;0;21463.934457906267198;-3627.2073202141846195;21474.401177443469351;-3636.5923417573526422
0.48429158056431553803;0.12434494358242739742;0;21164.486734480444284;-3576.6034117573399271;21174.807194276156224;-3585.8644193605141481
0.47552825814757676559;0.15450849718747369788;0;20781.512451047881768;-3511.8842836289954903;20791.645955462805432;-3520.9855687908834625
0.46488824294412572913;0.18406227634233895962;0;20316.523032140969008;-3433.3053526604116996;20326.429663085778884;-3442.2111458418517032
0.45241352623300978841;0.212889645782536302;0;19771.353578562680923;-3341.1767339929251648;19780.994340514207579;-3349.8513404436398559
0.43815334002193179197;0.24087683705085760622;0;19148.155625082050392;-3235.8620171948559801;19157.492580769034248;-3244.2700181844925282
0.42216396275100759317;0.26791339748949827282;0;18449.388649309410539;-3117.7768313395881705;18458.385048973919766;-3125.8833438527558428
0.40450849718747372563;0.29389262614623651304;0;17677.810365261862898;-2987.3872047078302785;17686.430772886640625;-2995.1581866953351891
0.38525662138789468214;0.31871199487434481723;0;16836.465839925967884;-2845.2077255864223844;16844.676259538744489;-2852.6103091161753582
0.36448431371070583173;0.34227355296434425203;0;15928.675475769459808;-2691.7995114239211034;15936.443479960444165;-2698.8023430080811522
0.34227355296434441856;0.3644843137107056652;0;14958.021906629706791;-2527.7679943560488027;14965.316767923337466;-2534.3415606483717966
0.31871199487434492825;0.38525662138789451561;0;13928.335858694665149;-2353.7605318418254683;13935.12866519826639;-2359.8774273285248455
0.29389262614623667957;0.40450849718747361461;0;12843.681032376731309;-2170.4638518392744118;12849.944872678297543;-2176.0990780538531908
0.26791339748949838384;0.42216396275100748214;0;11708.338064743717041;-1978.6013426041495222;11714.048111798934769;-1983.7324334837114748
0.24087683705085766173;0.43815334002193179197;0;10526.787635800017597;-1778.9301978067355776;10531.921262330261015;-1783.5373163775354897
0.21288964578253632975;0.45241352623300978841;0;9303.6927852896242257;-1572.2384282344792155;9308.2296729562913242;-1576.3043914728473283
0.18406227634233893187;0.46488824294412572913;0;8043.8805098086140788;-1359.3417518733940597;8047.8027439057650554;-1362.8519871892012816
0.15450849718747364236;0.4755282581475768211;0;6752.322712854836027;-1141.0803746418391711;6755.6148573745449539;-1144.0228190924945011
0.12434494358242727252;0.48429158056431559354;0;5434.1165829962292264;-918.31567448160785716;5436.7657343344517358;-920.68063345291830046
0.093690657292862147831;0.49114362536434436057;0;4094.4644775962542553;-691.92680189272232383;4096.4602982941196387;-693.70678731476766643
0.062666616782151907117;0.49605735065723893795;0;2738.6533914860938239;-462.80721032805274717;2739.9881277667755057;-463.99677947720772409
0.031395259764656430201;0.49901336421413577948;0;1372.0340916114596439;-231.86113014072313376;1372.7025797655583119;-232.45674484041649066
-3.0245073740886312578e-16;0.5;0;-1.3217687188087733219e-11;2.2336674489458809478e-12;-0.00033321797854846124665;7.7145782610865687445e-05
-0.031395259764657033885;0.49901336421413577948;0;-1372.0340916114860192;231.86113014072520855;-1372.7032304028225553;232.45689056818687845
-0.062666616782152503862;0.49605735065723888244;0;-2738.6533914861197445;462.8072103280572378;-2739.9887318950063673;463.99689925391851375
-0.093690657292862744576;0.49114362536434424955;0;-4094.4644775962801759;691.92680189272664393;-4096.4608277866182107;693.70686313511021126
-0.12434494358242785539;0.484291580564315427;0;-5434.1165829962546923;918.31567448161206357;-5436.7661651063326644;920.68064677149379804
-0.15450849718747419748;0.47552825814757659906;0;-6752.3227128548596738;1141.0803746418548599;-6755.6151704350259024;1144.0227514797593358
-0.18406227634233951473;0.46488824294412550708;0;-8043.8805098086395446;1359.3417518733986071;-8047.8029258539454531;1362.8518215082287952
-0.21288964578253677384;0.45241352623300956637;0;-9303.6927852896424156;1572.2384282344828534;-9308.2297158474684693;1576.3041132917678624
-0.24087683705085810582;0.43815334002193151441;0;-10526.787635800035787;1778.9301978067385335;-10531.921163013295882;1783.5369151300485555
-0.26791339748949877242;0.42216396275100720459;0;-11708.33806474373705;1978.6013426041722596;-11714.047871114322334;1983.7319027835242196
-0.29389262614623706815;0.40450849718747333705;0;-12843.68103237674768;2170.463851839277595;-12849.944495307010584;2176.0984146396190226
-0.31871199487434537234;0.38525662138789418254;0;-13928.335858694683338;2353.7605318418045499;-13935.128161418957461;2359.8766284453699882
-0.34227355296434486265;0.36448431371070527662;0;-14958.0219066297268;2527.7679943560524407;-14965.316158974870632;2534.3406203276308588
-0.36448431371070627582;0.34227355296434380794;0;-15928.675475769477998;2691.7995114239238319;-15936.442784264885631;2698.8012609267152584
-0.38525662138789512623;0.31871199487434426212;0;-16836.465839925986074;2845.2077255864260223;-16844.675497488839028;2852.6090871968458487
-0.40450849718747422523;0.29389262614623590242;0;-17677.810365261881088;2987.3872047078039031;-17686.429964998817013;2995.1568289049132545
-0.42216396275100803726;0.26791339748949755117;0;-18449.388649309428729;3117.7768313395913538;-18458.384214687215717;3125.8818561146267712
-0.43815334002193223606;0.24087683705085682906;0;-19148.155625082068582;3235.8620171948268762;-19157.491737372594798;3244.2684082782011501
-0.45241352623301017699;0.21288964578253544158;0;-19771.353578562699113;3341.1767339929288028;-19780.993502271761827;3349.8496178934487943
-0.46488824294412606219;0.18406227634233804369;0;-20316.52303214098356;3433.3053526604135186;-20326.42884060787037;3442.2093217927449587
-0.47552825814757709866;0.15450849718747269868;0;-20781.512451047892682;3511.8842836289622937;-20791.645155363814411;3520.983655870624716
-0.48429158056431581558;0.12434494358242632883;0;-21164.486734480455198;3576.6034117573785807;-21174.806419133488816;3585.8624315248848688
-0.49114362536434452711;0.093690657292861190264;0;-21463.934457906270836;3627.2073202142223636;-21474.400426054544369;3636.5902941158510657
-0.49605735065723904897;0.062666616782150949549;0;-21678.673837965627172;3663.4962984915423476;-21689.244768073385785;3672.9676652170101079
-0.499013364214135835;0.031395259764655465695;0;-21807.857396430525114;3685.3271305710436536;-21818.491510383155401;3694.8514712736896399
-0.5;-1.2710352895928202744e-15;0;-21850.975304814048286;3692.6136601319208239;-21861.630545867643377;3702.1556615023582708
-0.49901336421413572397;-0.031395259764657998391;0;-21807.857396430517838;3685.3271305710063643;-21818.491613782785862;3694.851517513275212
-0.49605735065723877142;-0.062666616782153475307;0;-21678.67383796561262;3663.4962984915391644;-21689.244973658096569;3672.9677563385289432
-0.49114362536434408302;-0.093690657292863688266;0;-21463.934457906252646;3627.2073202141828006;-21474.40073138256048;3636.5904274583890583
-0.48429158056431520496;-0.12434494358242879908;0;-21164.486734480429732;3576.6034117573371987;-21174.806820514379069;3585.8626032308725371
-0.4755282581475763215;-0.15450849718747511341;0;-20781.512451047863578;3511.8842836289577463;-20791.645647831126553;3520.9838610397455341
-0.46488824294412511851;-0.18406227634234040291;0;-20316.523032140943542;3433.3053526604412582;-20326.42941789428005;3442.2095546763798666
-0.45241352623300906677;-0.21288964578253774529;0;-19771.353578562648181;3341.1767339929547234;-19780.994156794120499;3349.849872120980308
-0.43815334002193101481;-0.2408768370508590495;0;-19148.15562508201765;3235.8620171948173265;-19157.492460234640021;3244.2686771045810019
-0.42216396275100664948;-0.26791339748949971611;0;-18449.388649309374159;3117.7768313395808946;-18458.384995710734074;3125.8821326782112919
-0.40450849718747272643;-0.29389262614623795633;0;-17677.810365261822881;2987.3872047077929892;-17686.430792787901737;2995.1571064828763156
-0.38525662138789351641;-0.31871199487434620501;0;-16836.465839925916953;2845.2077255864151084;-16844.676359534692892;2852.6093594462031433
-0.36448431371070455498;-0.3422735529643456398;0;-15928.675475769407058;2691.7995114239124632;-15936.443667094550619;2698.8015220993606818
-0.34227355296434297527;-0.36448431371070699747;0;-14958.021906629646764;2527.7679943560642641;-14965.317048344233626;2534.3408654484783256
-0.31871199487434342945;-0.38525662138789579236;0;-13928.335858694603303;2353.7605318417909075;-13935.129042552400279;2359.8768534222049311
-0.29389262614623518077;-0.40450849718747472483;0;-12843.681032376660369;2170.4638518392621336;-12849.945351820551878;2176.0986194456409066
-0.26791339748949705157;-0.42216396275100837032;0;-11708.338064743662471;1978.6013426041397452;-11714.048688450420741;1983.7320837459114955
-0.24087683705085646824;-0.4381533400219324581;0;-10526.787635799968484;1778.9301978067271648;-10531.921927840836361;1783.5370684760223412
-0.21288964578253527504;-0.4524135262330102325;0;-9303.6927852895823889;1572.2384282344878557;-9308.2304156396367034;1576.3042369023510219
-0.18406227634233807144;-0.46488824294412606219;0;-8043.88050980857588;1359.3417518733876932;-8047.803548636981759;1362.8519154368768795
-0.15450849718747294848;-0.47552825814757704315;0;-6752.3227128548041946;1141.0803746418339415;-6755.6157047486140073;1144.0228176903437998
-0.1243449435824267868;-0.48429158056431570456;0;-5434.116582996206489;918.31567448160410549;-5436.7666002070800459;920.68068845825052904
-0.093690657292861884153;-0.49114362536434441608;0;-4094.4644775962419772;691.92680189272027746;-4096.4611540824389522;693.70688390634256848
-0.062666616782151865483;-0.49605735065723893795;0;-2738.6533914860915502;462.80721032805229243;-2739.9889415422749153;463.99690238716146951
-0.031395259764656603674;-0.49901336421413577948;0;-1372.0340916114664651;231.8611301407219969;-1372.7033179501538598;232.45687847461087472
-9.1848509936051484375e-17;-0.5;0;-3.513904830519632198e-12;5.9381756633634876695e-13;-0.00029615435801133571658;5.1111363916334084934e-05
0.031395259764656416324;-0.49901336421413577948;0;1372.0340916114596439;-231.86113014072313376;1372.7027406950066961;-232.45678463674150294
0.062666616782151671194;-0.49605735065723899346;0;2738.6533914860838195;-462.80721032805104187;2739.9884085735557164;-463.99683372774700274
0.093690657292861703742;-0.4911436253643444716;0;4094.4644775962347012;-691.92680189271891322;4096.4606921134854929;-693.70685723054782557
0.12434494358242660639;-0.48429158056431576007;0;5434.1165829962001226;-918.31567448160308231;5436.766232084015428;-920.68072040910453779
0.15450849718747278194;-0.47552825814757709866;0;6752.3227128547969187;-1141.0803746418328046;6755.615448556379306;-1144.0229243656954168
0.18406227634233790491;-0.46488824294412611771;0;8043.8805098085695136;-1359.3417518733865563;8047.8034173439073129;-1362.8521118274400123
0.21288964578253510851;-0.45241352623301034352;0;9303.692785289569656;-1572.2384282344701205;9308.23041725658004;-1576.3045362676532477
0.2408768370508563017;-0.43815334002193251361;0;10526.78763579995757;-1778.9301978067251184;10531.922065913762708;-1783.5374818476077508
0.26791339748949688504;-0.42216396275100842583;0;11708.338064743653376;-1978.6013426041383809;11714.048962501332426;-1983.7326197760276045
0.29389262614623506975;-0.40450849718747483585;0;12843.681032376660369;-2170.4638518392621336;12849.945757105229859;-2176.0992847727279695
0.31871199487434326292;-0.38525662138789590339;0;13928.335858694592389;-2353.7605318417890885;13935.129568228669086;-2359.8776535685669842
0.34227355296434269771;-0.36448431371070727502;0;14958.021906629632213;-2527.7679943560624451;14965.317672882943953;-2534.3418059664545581
0.36448431371070411089;-0.34227355296434608389;0;15928.675475769383411;-2691.7995114239083705;15936.444375049431983;-2698.8026033330743303
0.38525662138789296129;-0.31871199487434687114;0;16836.465839925887849;-2845.2077255864096514;16844.677131341475615;-2852.6105804263111168
0.4045084971874720603;-0.293892626146238789;0;17677.810365261790139;-2987.3872047078175456;17686.431608660743223;-2995.1584639834127302
0.42216396275100598334;-0.26791339748950082633;0;18449.388649309337779;-3117.7768313395754376;18458.385836800312973;-3125.8836212578221421
0.43815334002193029317;-0.24087683705086038177;0;19148.155625081984908;-3235.8620171948114148;19157.493309674908232;-3244.2702891883768643
0.45241352623300834512;-0.21288964578253932736;0;19771.353578562615439;-3341.1767339929156151;19780.995000572005665;-3349.8515981228906639
0.46488824294412439686;-0.18406227634234223478;0;20316.523032140914438;-3433.305352660436256;20326.430245489751542;-3442.2113831606720851
0.47552825814757565537;-0.15450849718747719508;0;20781.512451047830837;-3511.8842836289522893;20791.646452587378008;-3520.9857789179018255
0.48429158056431459434;-0.12434494358243111667;0;21164.486734480404266;-3576.6034117573326512;21174.807599718395068;-3585.8645959905406926
0.49114362536434358342;-0.093690657292866269534;0;21463.934457906230818;-3627.2073202142159971;21474.401486053044209;-3636.5924794175457464
0.49605735065723838284;-0.062666616782156292498;0;21678.673837965598068;-3663.4962984915373454;21689.245708059155731;-3672.9698509191680387
0.49901336421413550193;-0.031395259764661065383;0;21807.857396430510562;-3685.3271305710045453;21818.492334700324136;-3694.853637526532566
