0.5;0;0;21850.975304814048286;-3692.6136601319208239;21902.688256546203775;-3738.9956281186032356
0.49901336421413577948;0.03139525976465668694;0;21807.857396430517838;-3685.3271305710063643;21859.468118786920968;-3731.6239462758835543
0.49605735065723893795;0.062666616782152129161;0;21678.673837965619896;-3663.4962984915409834;21729.978173684092326;-3709.5369730191446251
0.49114362536434436057;0.093690657292862314365;0;21463.934457906267198;-3627.2073202141846195;21514.729606166274607;-3672.8202477219560933
0.48429158056431553803;0.12434494358242739742;0;21164.486734480444284;-3576.6034117573399271;21214.572118361465982;-3621.6161344600404846
0.47552825814757676559;0.15450849718747369788;0;20781.512451047881768;-3511.8842836289954903;20830.690535754492885;-3556.1235019775740511
0.46488824294412572913;0.18406227634233895962;0;20316.523032140969008;-3433.3053526604116996;20364.600085725236568;-3476.5972438687449539
0.45241352623300978841;0.212889645782536302;0;19771.353578562680923;-3341.1767339929251648;19818.140375665938336;-3383.3476113143042312
0.43815334002193179197;0.24087683705085760622;0;19148.155625082050392;-3235.8620171948559801;19193.468102321123297;-3276.73932822793995
0.42216396275100759317;0.26791339748949827282;0;18449.388649309410539;-3117.7768313395881705;18493.048526831662457;-3157.1904594984544019
0.40450849718747372563;0.29389262614623651304;0;17677.810365261862898;-2987.3872047078302785;17719.645751589821884;-3025.1710071601278287
0.38525662138789468214;0.31871199487434481723;0;16836.465839925967884;-2845.2077255864223844;16876.311836042885261;-2881.201216458757699
0.36448431371070583173;0.34227355296434425203;0;15928.675475769459808;-2691.7995114239211034;15966.374789716843225;-2725.8495832847420388
0.34227355296434441856;0.3644843137107056652;0;14958.021906629706791;-2527.7679943560488027;14993.425482613947679;-2559.7305654561414485
0.31871199487434492825;0.38525662138789451561;0;13928.335858694665149;-2353.7605318418254683;13961.303516246225627;-2383.5020118499651289
0.29389262614623667957;0.40450849718747361461;0;12843.681032376731309;-2170.4638518392744118;12874.082103098848165;-2197.8623343293506878
0.26791339748949838384;0.42216396275100748214;0;11708.338064743717041;-1978.6013426041495222;11736.052008167718668;-2003.5474567906323955
0.24087683705085766173;0.43815334002193179197;0;10526.787635800017597;-1778.9301978067355776;10551.704612984138294;-1801.3275825947125668
0.21288964578253632975;0.45241352623300978841;0;9303.6927852896242257;-1572.2384282344792155;9325.7141696133112418;-1592.0038255336710336
0.18406227634233893187;0.46488824294412572913;0;8043.8805098086140788;-1359.3417518733940597;8062.9193187727805707;-1376.4047499958135177
0.15450849718747364236;0.4755282581475768211;0;6752.322712854836027;-1141.0803746418391711;6768.3039517814377177;-1155.3828631452850004
0.12434494358242727252;0.48429158056431559354;0;5434.1165829962292264;-918.31567448160785716;5446.9774999940364069;-929.81109606657696531
0.093690657292862147831;0.49114362536434436057;0;4094.4644775962542553;-691.92680189272232383;4104.1547374348365338;-700.579302573285986
0.062666616782151907117;0.49605735065723893795;0;2738.6533914860938239;-462.80721032805274717;2745.1351825537471996;-468.5907946011532772
0.031395259764656430201;0.49901336421413577948;0;1372.0340916114596439;-231.86113014072313376;1375.2821837205979136;-234.75892279144997588
-3.0245073740886312578e-16;0.5;0;-1.3217687188087733219e-11;2.2336674489458809478e-12;0.0017708091201491527045;-0.0037010547810325533646
-0.031395259764657033885;0.49901336421413577948;0;-1372.0340916114860192;231.86113014072520855;-1375.2786473205856055;234.75153444235223787
-0.062666616782152503862;0.49605735065723888244;0;-2738.6533914861197445;462.8072103280572378;-2745.1316617798443076;468.58344748715978767
-0.093690657292862744576;0.49114362536434424955;0;-4094.4644775962801759;691.92680189272664393;-4104.1512426099643562;700.57202403021392456
-0.12434494358242785539;0.484291580564315427;0;-5434.1165829962546923;918.31567448161206357;-5446.9740413016970706;929.80391319917771398
-0.15450849718747419748;0.47552825814757659906;0;-6752.3227128548596738;1141.0803746418548599;-6768.3005392147288148;1155.3758027354003843
-0.18406227634233951473;0.46488824294412550708;0;-8043.8805098086395446;1359.3417518733986071;-8062.915962087281514;1376.3978384110380375
-0.21288964578253677384;0.45241352623300956637;0;-9303.6927852896424156;1572.2384282344828534;-9325.7108782848299597;1591.9970886366322702
-0.24087683705085810582;0.43815334002193151441;0;-10526.787635800035787;1778.9301978067385335;-10551.701396171320084;1801.3210456528938721
-0.26791339748949877242;0.42216396275100720459;0;-11708.33806474373705;1978.6013426041722596;-11736.048874679201617;2003.5411443869052164
-0.29389262614623706815;0.40450849718747333705;0;-12843.68103237674768;2170.463851839277595;-12874.079061364554946;2197.8562702732037906
-0.31871199487434537234;0.38525662138789418254;0;-13928.335858694683338;2353.7605318418045499;-13961.300574292086822;2383.4962190896640095
-0.34227355296434486265;0.36448431371070527662;0;-14958.0219066297268;2527.7679943560524407;-14993.422648039040723;2559.7250659919309328
-0.36448431371070627582;0.34227355296434380794;0;-15928.675475769477998;2691.7995114239238319;-15966.372069671779172;2725.8443980835891125
-0.38525662138789512623;0.31871199487434426212;0;-16836.465839925986074;2845.2077255864260223;-16876.30923720899591;2881.1963653710681683
-0.40450849718747422523;0.29389262614623590242;0;-17677.810365261881088;2987.3872047078039031;-17719.643280158095877;3025.1665088388499498
-0.42216396275100803726;0.26791339748949755117;0;-18449.388649309428729;3117.7768313395913538;-18493.046188481210265;3157.1863313215085327
-0.43815334002193223606;0.24087683705085682906;0;-19148.155625082068582;3235.8620171948268762;-19193.465902196643583;3276.7355862241151954
-0.45241352623301017699;0.21288964578253544158;0;-19771.353578562699113;3341.1767339929288028;-19818.138318355027877;3383.3442700937030168
-0.46488824294412606219;0.18406227634233804369;0;-20316.52303214098356;3433.3053526604135186;-20364.598175235467352;3476.5943165578155458
-0.47552825814757709866;0.15450849718747269868;0;-20781.512451047892682;3511.8842836289622937;-20830.688775491169508;3556.1210001593799461
-0.48429158056431581558;0.12434494358242632883;0;-21164.486734480455198;3576.6034117573785807;-21214.570511107158381;3621.6140681198767197
-0.49114362536434452711;0.093690657292861190264;0;-21463.934457906270836;3627.2073202142223636;-21514.728154063202965;3672.8186251983565853
-0.49605735065723904897;0.062666616782150949549;0;-21678.673837965627172;3663.4962984915423476;-21729.976878219982609;3709.5358009603305618
-0.499013364214135835;0.031395259764655465695;0;-21807.857396430525114;3685.3271305710436536;-21859.466980785637134;3731.6232296017396948
-0.5;-1.2710352895928202744e-15;0;-21850.975304814048286;3692.6136601319208239;-21902.687276164160721;3738.9953699879270062
-0.49901336421413572397;-0.031395259764657998391;0;-21807.857396430517838;3685.3271305710063643;-21859.46714116736257;3731.6236880901155928
-0.49605735065723877142;-0.062666616782153475307;0;-21678.67383796561262;3663.4962984915391644;-21729.977198274853436;3709.5367161487329213
-0.49114362536434408302;-0.093690657292863688266;0;-21463.934457906252646;3627.2073202141828006;-21514.728632380778436;3672.8199935156640095
-0.48429158056431520496;-0.12434494358242879908;0;-21164.486734480429732;3576.6034117573371987;-21214.571145588233776;3621.6158842236263808
-0.4755282581475763215;-0.15450849718747511341;0;-20781.512451047863578;3511.8842836289577463;-20830.689563366460789;3556.1232569531698573
-0.46488824294412511851;-0.18406227634234040291;0;-20316.523032140943542;3433.3053526604412582;-20364.599113089301682;3476.5970052151246819
-0.45241352623300906677;-0.21288964578253774529;0;-19771.353578562648181;3341.1767339929547234;-19818.139402152552066;3383.3473800884103184
-0.43815334002193101481;-0.2408768370508590495;0;-19148.15562508201765;3235.8620171948173265;-19193.467127314001118;3276.7391053680062214
-0.42216396275100664948;-0.26791339748949971611;0;-18449.388649309374159;3117.7768313395808946;-18493.047549736817018;3157.190245809175849
-0.40450849718747272643;-0.29389262614623795633;0;-17677.810365261822881;2987.3872047077929892;-17719.644771844661591;3025.1708032997107694
-0.38525662138789351641;-0.31871199487434620501;0;-16836.465839925916953;2845.2077255864151084;-16876.310853124767164;2881.2010229287257062
-0.36448431371070455498;-0.3422735529643456398;0;-15928.675475769407058;2691.7995114239124632;-15966.373803151233005;2725.8494004220574425
-0.34227355296434297527;-0.36448431371070699747;0;-14958.021906629646764;2527.7679943560642641;-14993.42449198178474;2559.7303934284045681
-0.31871199487434342945;-0.38525662138789579236;0;-13928.335858694603303;2353.7605318417909075;-13961.30252119099714;2383.5018506532073843
-0.29389262614623518077;-0.40450849718747472483;0;-12843.681032376660369;2170.4638518392621336;-12874.081103332528073;2197.8621837888881601
-0.26791339748949705157;-0.42216396275100837032;0;-11708.338064743662471;1978.6013426041397452;-11736.051003475864491;2003.5473165645501012
-0.24087683705085646824;-0.4381533400219324581;0;-10526.787635799968484;1778.9301978067271648;-10551.703603230071167;1801.3274521801890842
-0.21288964578253527504;-0.4524135262330102325;0;-9303.6927852895823889;1572.2384282344878557;-9325.7131547409280756;1592.0037042756073333
-0.18406227634233807144;-0.46488824294412606219;0;-8043.88050980857588;1359.3417518733876932;-8062.9182988081774965;1376.4046370977919196
-0.15450849718747294848;-0.47552825814757704315;0;-6752.3227128548041946;1141.0803746418339415;-6768.3029268330037667;1155.3827576825747201
-0.1243449435824267868;-0.48429158056431570456;0;-5434.116582996206489;918.31567448160410549;-5446.9764702512038639;929.81099700079903414
-0.093690657292861884153;-0.49114362536434441608;0;-4094.4644775962419772;691.92680189272027746;-4104.1537031652669612;700.57920876855519055
-0.062666616782151865483;-0.49605735065723893795;0;-2738.6533914860915502;462.80721032805229243;-2745.1341440989358489;468.59070484145672708
-0.031395259764656603674;-0.49901336421413577948;0;-1372.0340916114664651;231.8611301407219969;-1375.2811414902739671;234.75883579899101505
-9.1848509936051484375e-17;-0.5;0;-3.513904830519632198e-12;5.9381756633634876695e-13;-0.00072527421335877306774;0.0036155090799283584602
0.031395259764656416324;-0.49901336421413577948;0;1372.0340916114596439;-231.86113014072313376;1375.2796956360425611;-234.75161988480815012
0.062666616782151671194;-0.49605735065723899346;0;2738.6533914860838195;-462.80721032805104187;2745.1327123077485339;-468.5835341728890171
0.093690657292861703742;-0.4911436253643444716;0;4094.4644775962347012;-691.92680189271891322;4104.1522947478069909;-700.57211328859898458
0.12434494358242660639;-0.48429158056431576007;0;5434.1165829962001226;-918.31567448160308231;5446.9750944227935179;-929.80400632233011038
0.15450849718747278194;-0.47552825814757709866;0;6752.3227128547969187;-1141.0803746418328046;6768.3015926785992633;-1155.3759009583905026
0.18406227634233790491;-0.46488824294412611771;0;8043.8805098085695136;-1359.3417518733865563;8062.9170152501092161;-1376.3979428925861157
0.21288964578253510851;-0.45241352623301034352;0;9303.692785289569656;-1572.2384282344701205;9325.7119305098221957;-1591.9972004406458836
0.2408768370508563017;-0.43815334002193251361;0;10526.78763579995757;-1778.9301978067251184;10551.702446838527976;-1801.3211657312849638
0.26791339748949688504;-0.42216396275100842583;0;11708.338064743653376;-1978.6013426041383809;11736.04992319512894;-2003.5412735636716661
0.29389262614623506975;-0.40450849718747483585;0;12843.681032376660369;-2170.4638518392621336;12874.080107171113923;-2197.8564092305177837
0.31871199487434326292;-0.38525662138789590339;0;13928.335858694592389;-2353.7605318417890885;13961.30161687483087;-2383.4963683560213212
0.34227355296434269771;-0.36448431371070727502;0;14958.021906629632213;-2527.7679943560624451;14993.423686934795114;-2559.7252259326555759
0.36448431371070411089;-0.34227355296434608389;0;15928.675475769383411;-2691.7995114239083705;15966.373104475391301;-2725.8445688941669687
0.38525662138789296129;-0.31871199487434687114;0;16836.465839925887849;-2845.2077255864096514;16876.310267579407082;-2881.1965470732770882
0.4045084971874720603;-0.293892626146238789;0;17677.810365261790139;-2987.3872047078175456;17719.644305823367176;-3025.1667012799298391
0.42216396275100598334;-0.26791339748950082633;0;18449.388649309337779;-3117.7768313395754376;18493.047209242668032;-3157.1865341762190837
0.43815334002193029317;-0.24087683705086038177;0;19148.155625081984908;-3235.8620171948114148;19193.466917931928037;-3276.7357990001000871
0.45241352623300834512;-0.21288964578253932736;0;19771.353578562615439;-3341.1767339929156151;19818.139329020152218;-3383.3444921394052471
0.46488824294412439686;-0.18406227634234223478;0;20316.523032140914438;-3433.305352660436256;20364.599180865596281;-3476.5945470732490321
0.47552825814757565537;-0.15450849718747719508;0;20781.512451047830837;-3511.8842836289522893;20830.689776200026245;-3556.1212382093076485
0.48429158056431459434;-0.12434494358243111667;0;21164.486734480404266;-3576.6034117573326512;21214.571507085904159;-3621.6143126491929252
0.49114362536434358342;-0.093690657292866269534;0;21463.934457906230818;-3627.2073202142159971;21514.729145576860901;-3672.8188750493018233
0.49605735065723838284;-0.062666616782156292498;0;21678.673837965598068;-3663.4962984915373454;21729.9778656037779;-3709.5360548912026388
0.49901336421413550193;-0.031395259764661065383;0;21807.857396430510562;-3685.3271305710045453;21859.467964439416392;-3731.6234863068839331
