0.5;0;0;21850.975304814048286;-3692.6136601319208239;21855.613420426398079;-3696.76442807292824
0.49901336421413577948;0.03139525976465668694;0;21807.857396430517838;-3685.3271305710063643;21812.486596479422587;-3689.4701068741346717
0.49605735065723893795;0.062666616782152129161;0;21678.673837965619896;-3663.4962984915409834;21683.275803801730945;-3667.6161163976071293
0.49114362536434436057;0.093690657292862314365;0;21463.934457906267198;-3627.2073202141846195;21468.490988479854423;-3631.2885667708246729
0.48429158056431553803;0.12434494358242739742;0;21164.486734480444284;-3576.6034117573399271;21168.979824035657657;-3580.6306130521174964
0.47552825814757676559;0.15450849718747369788;0;20781.512451047881768;-3511.8842836289954903;20785.924362567653588;-3515.8419105798170676
0.46488824294412572913;0.18406227634233895962;0;20316.523032140969008;-3433.3053526604116996;20320.836365834715252;-3437.1778525589697892
0.45241352623300978841;0.212889645782536302;0;19771.353578562680923;-3341.1767339929251648;19775.551335450112674;-3344.9485904264752207
0.43815334002193179197;0.24087683705085760622;0;19148.155625082050392;-3235.8620171948559801;19152.221266436648875;-3239.5178381277123663
0.42216396275100759317;0.26791339748949827282;0;18449.388649309410539;-3117.7768313395881705;18453.306153229372285;-3121.3014622901478106
0.40450849718747372563;0.29389262614623651304;0;17677.810365261862898;-2987.3872047078302785;17681.564281855102308;-2990.7658613907788094
0.38525662138789468214;0.31871199487434481723;0;16836.465839925967884;-2845.2077255864223844;16840.04134647831961;-2848.4261383535240384
0.36448431371070583173;0.34227355296434425203;0;15928.675475769459808;-2691.7995114239211034;15932.058432841489775;-2694.84407252792289
0.34227355296434441856;0.3644843137107056652;0;14958.021906629706791;-2527.7679943560488027;14961.19891537735748;-2530.6258986120478767
0.31871199487434492825;0.38525662138789451561;0;13928.335858694665149;-2353.7605318418254683;13931.294324093110845;-2356.4198975381391392
0.29389262614623667957;0.40450849718747361461;0;12843.681032376731309;-2170.4638518392744118;12846.409220122030092;-2172.9138103720642903
0.26791339748949838384;0.42216396275100748214;0;11708.338064743717041;-1978.6013426041495222;11710.825145197453821;-1980.8321649293231985
0.24087683705085766173;0.43815334002193179197;0;10526.787635800017597;-1778.9301978067355776;10529.02372903711148;-1780.9332995152374224
0.21288964578253632975;0.45241352623300978841;0;9303.6927852896242257;-1572.2384282344792155;9305.6690120573694003;-1574.0063674178582005
0.18406227634233893187;0.46488824294412572913;0;8043.8805098086140788;-1359.3417518733940597;8045.5890403206049086;-1360.8682093262332273
0.15450849718747364236;0.4755282581475768211;0;6752.322712854836027;-1141.0803746418391711;6753.7568068026876063;-1142.360113379476843
0.12434494358242727252;0.48429158056431559354;0;5434.1165829962292264;-918.31567448160785716;5435.2706168881350095;-919.34448156657219897
0.093690657292862147831;0.49114362536434436057;0;4094.4644775962542553;-691.92680189272232383;4095.3339587254599792;-692.7014196798473904
0.062666616782151907117;0.49605735065723893795;0;2738.6533914860938239;-462.80721032805274717;2739.2349607149280928;-463.32526633406712335
0.031395259764656430201;0.49901336421413577948;0;1372.0340916114596439;-231.86113014072313376;1372.3255191000362174;-232.12107498403238992
-3.0245073740886312578e-16;0.5;0;-1.3217687188087733219e-11;2.2336674489458809478e-12;0.00017866846674507996795;-0.0010615866758385550384
-0.031395259764657033885;0.49901336421413577948;0;-1372.0340916114860192;231.86113014072520855;-1372.3251507562222287;232.11897035408901502
-0.062666616782152503862;0.49605735065723888244;0;-2738.6533914861197445;462.8072103280572378;-2739.2345597466683103;463.32321614318550473
-0.093690657292862744576;0.49114362536434424955;0;-4094.4644775962801759;691.92680189272664393;-4095.3335045964395249;692.69945660399469034
-0.12434494358242785539;0.484291580564315427;0;-5434.1165829962546923;918.31567448161206357;-5435.2700905141937255;919.34263396216715591
-0.15450849718747419748;0.47552825814757659906;0;-6752.3227128548596738;1141.0803746418548599;-6753.7561904394342491;1142.3584053268509706
-0.18406227634233951473;0.46488824294412550708;0;-8043.8805098086395446;1359.3417518733986071;-8045.5883168979535185;1360.8666615566246492
-0.21288964578253677384;0.45241352623300956637;0;-9303.6927852896424156;1572.2384282344828534;-9305.6681640868519025;1574.0049984393058367
-0.24087683705085810582;0.43815334002193151441;0;-10526.787635800035787;1778.9301978067385335;-10529.022737507253623;1780.9321260651684042
-0.26791339748949877242;0.42216396275100720459;0;-11708.33806474373705;1978.6013426041722596;-11710.823989213595269;1980.8312010976721922
-0.29389262614623706815;0.40450849718747333705;0;-12843.68103237674768;2170.463851839277595;-12846.40787832481692;2172.913065464493684
-0.31871199487434537234;0.38525662138789418254;0;-13928.335858694683338;2353.7605318418045499;-13931.292778958984854;2356.4193739821830604
-0.34227355296434486265;0.36448431371070527662;0;-14958.0219066297268;2527.7679943560524407;-14961.197161200703704;2530.6255928191458224
-0.36448431371070627582;0.34227355296434380794;0;-15928.675475769477998;2691.7995114239238319;-15932.056459992267264;2694.843977612631079
-0.38525662138789512623;0.31871199487434426212;0;-16836.465839925986074;2845.2077255864260223;-16840.039149454925791;2848.4262448405970645
-0.40450849718747422523;0.29389262614623590242;0;-17677.810365261881088;2987.3872047078039031;-17681.561859110857768;2990.7661568794742379
-0.42216396275100803726;0.26791339748949755117;0;-18449.388649309428729;3117.7768313395913538;-18453.303507537155383;3121.3019319652653394
-0.43815334002193223606;0.24087683705085682906;0;-19148.155625082068582;3235.8620171948268762;-19152.218405145438737;3239.5184652660791471
-0.45241352623301017699;0.21288964578253544158;0;-19771.353578562699113;3341.1767339929288028;-19775.548270610306645;3344.9493568745833727
-0.46488824294412606219;0.18406227634233804369;0;-20316.52303214098356;3433.3053526604135186;-20320.833114177006792;3437.1787391601656054
-0.47552825814757709866;0.15450849718747269868;0;-20781.512451047892682;3511.8842836289622937;-20785.920945327059599;3515.8428975366705345
-0.48429158056431581558;0.12434494358242632883;0;-21164.486734480455198;3576.6034117573785807;-21168.976266615944041;3580.6316802153110075
-0.49114362536434452711;0.093690657292861190264;0;-21463.934457906270836;3627.2073202142223636;-21468.487319967221993;3631.2896938524049801
-0.49605735065723904897;0.062666616782150949549;0;-21678.673837965627172;3663.4962984915423476;-21683.272056339785195;3667.6172831133844738
-0.499013364214135835;0.031395259764655465695;0;-21807.857396430525114;3685.3271305710436536;-21812.482804527578992;3689.4712930260916437
-0.5;-1.2710352895928202744e-15;0;-21850.975304814048286;3692.6136601319208239;-21855.609619925744482;3696.7656135865795477
-0.49901336421413572397;-0.031395259764657998391;0;-21807.857396430517838;3685.3271305710063643;-21812.482299381732446;3689.4715064333481678
-0.49605735065723877142;-0.062666616782153475307;0;-21678.67383796561262;3663.4962984915391644;-21683.271053721546195;3667.617713568817635
-0.49114362536434408302;-0.093690657292863688266;0;-21463.934457906252646;3627.2073202141828006;-21468.485835137584218;3631.2903481462517448
-0.48429158056431520496;-0.12434494358242879908;0;-21164.486734480429732;3576.6034117573371987;-21168.974322247377131;3580.6325673381902561
-0.4755282581475763215;-0.15450849718747511341;0;-20781.512451047863578;3511.8842836289577463;-20785.918571238966251;3515.8440273400947262
-0.46488824294412511851;-0.18406227634234040291;0;-20316.523032140943542;3433.3053526604412582;-20320.830346978596936;3437.1801207212151894
-0.45241352623300906677;-0.21288964578253774529;0;-19771.353578562648181;3341.1767339929547234;-19775.545153247872804;3344.9509966814930522
-0.43815334002193101481;-0.2408768370508590495;0;-19148.15562508201765;3235.8620171948173265;-19152.214986354487337;3239.5203653557009602
-0.42216396275100664948;-0.26791339748949971611;0;-18449.388649309374159;3117.7768313395808946;-18453.299841195017507;3121.3040881505730795
-0.40450849718747272643;-0.29389262614623795633;0;-17677.810365261822881;2987.3872047077929892;-17681.558003493959404;2990.7685572019204301
-0.38525662138789351641;-0.31871199487434620501;0;-16836.465839925916953;2845.2077255864151084;-16840.035166404348274;2848.428868371266617
-0.36448431371070455498;-0.3422735529643456398;0;-15928.675475769407058;2691.7995114239124632;-15932.052413991343201;2694.8467937073546636
-0.34227355296434297527;-0.36448431371070699747;0;-14958.021906629646764;2527.7679943560642641;-14961.193118378478175;2530.6285609058982118
-0.31871199487434342945;-0.38525662138789579236;0;-13928.335858694603303;2353.7605318417909075;-13931.28877899854524;2356.4224100451046979
-0.29389262614623518077;-0.40450849718747472483;0;-12843.681032376660369;2170.4638518392621336;-12846.403999103207752;2172.9161830149378147
-0.26791339748949705157;-0.42216396275100837032;0;-11708.338064743662471;1978.6013426041397452;-11710.820304784787368;1980.8343241612351449
-0.24087683705085646824;-0.4381533400219324581;0;-10526.787635799968484;1778.9301978067271648;-10529.019321167574162;1780.9351537099582856
-0.21288964578253527504;-0.4524135262330102325;0;-9303.6927852895823889;1572.2384282344878557;-9305.6650859648489131;1574.0078358149357882
-0.18406227634233807144;-0.46488824294412606219;0;-8043.88050980857588;1359.3417518733876932;-8045.5856389422770008;1360.8692301846015198
-0.15450849718747294848;-0.47552825814757704315;0;-6752.3227128548041946;1141.0803746418339415;-6753.7539616278172616;1142.3606426103356171
-0.1243449435824267868;-0.48429158056431570456;0;-5434.116582996206489;918.31567448160410549;-5435.2683443619862373;919.34448895067089325
-0.093690657292861884153;-0.49114362536434441608;0;-4094.4644775962419772;691.92680189272027746;-4095.3322598574245603;692.70088627691461625
-0.062666616782151865483;-0.49605735065723893795;0;-2738.6533914860915502;462.80721032805229243;-2739.2338239185660314;463.32418411213274112
-0.031395259764656603674;-0.49901336421413577948;0;-1372.0340916114664651;231.8611301407219969;-1372.3249249894658988;232.11944809607885531
-9.1848509936051484375e-17;-0.5;0;-3.513904830519632198e-12;5.9381756633634876695e-13;-0.00010487127431602072392;-0.0010919781741687006882
0.031395259764656416324;-0.49901336421413577948;0;1372.0340916114596439;-231.86113014072313376;1372.3247266189148377;-232.12161799479235924
0.062666616782151671194;-0.49605735065723899346;0;2738.6533914860838195;-462.80721032805104187;2739.233660017211605;-463.32631147569293262
0.093690657292861703742;-0.4911436253643444716;0;4094.4644775962347012;-691.92680189271891322;4095.3321544588116012;-692.70294185452598867
0.12434494358242660639;-0.48429158056431576007;0;5434.1165829962001226;-918.31567448160308231;5435.2683226597664543;-919.34644311795921112
0.15450849718747278194;-0.47552825814757709866;0;6752.3227128547969187;-1141.0803746418328046;6753.7540496463880118;-1142.362466728455729
0.18406227634233790491;-0.46488824294412611771;0;8043.8805098085695136;-1359.3417518733865563;8045.5858625670434776;-1360.8708986110536898
0.21288964578253510851;-0.45241352623301034352;0;9303.692785289569656;-1572.2384282344701205;9305.6654694432127144;-1574.0093278582999119
0.2408768370508563017;-0.43815334002193251361;0;10526.78763579995757;-1778.9301978067251184;10529.019885478985088;-1780.9364546630374662
0.26791339748949688504;-0.42216396275100842583;0;11708.338064743653376;-1978.6013426041383809;11710.821066606327804;-1980.8354247927197775
0.29389262614623506975;-0.40450849718747483585;0;12843.681032376660369;-2170.4638518392621336;12846.404971348873005;-2172.9170776503224261
0.31871199487434326292;-0.38525662138789590339;0;13928.335858694592389;-2353.7605318417890885;13931.28997394230646;-2356.4230946122479509
0.34227355296434269771;-0.36448431371070727502;0;14958.021906629632213;-2527.7679943560624451;14961.194554026204059;-2530.6290339205411328
0.36448431371070411089;-0.34227355296434608389;0;15928.675475769383411;-2691.7995114239083705;15932.054098659398733;-2694.8470575182832363
0.38525662138789296129;-0.31871199487434687114;0;16836.465839925887849;-2845.2077255864096514;16840.037105019087903;-2848.428929348535803
0.4045084971874720603;-0.293892626146238789;0;17677.810365261790139;-2987.3872047078175456;17681.560196759215614;-2990.7684246421936223
0.42216396275100598334;-0.26791339748950082633;0;18449.388649309337779;-3117.7768313395754376;18453.302285294568719;-3121.3037738798780083
0.43815334002193029317;-0.24087683705086038177;0;19148.155625081984908;-3235.8620171948114148;19152.217672761358699;-3239.5198833150711835
0.45241352623300834512;-0.21288964578253932736;0;19771.353578562615439;-3341.1767339929156151;19775.548068664655148;-3344.9503625172878856
0.46488824294412439686;-0.18406227634234223478;0;20316.523032140914438;-3433.305352660436256;20320.833473419104848;-3437.1793514013907043
0.47552825814757565537;-0.15450849718747719508;0;20781.512451047830837;-3511.8842836289522893;20785.921886265135981;-3515.8431408131541502
0.48429158056431459434;-0.12434494358243111667;0;21164.486734480404266;-3576.6034117573326512;21168.977799357333424;-3580.6315822478204609
0.49114362536434358342;-0.093690657292866269534;0;21463.934457906230818;-3627.2073202142159971;21468.489444302427728;-3631.2892836082473877
0.49605735065723838284;-0.062666616782156292498;0;21678.673837965598068;-3663.4962984915373454;21683.274762050914433;-3667.6165890117622439
0.49901336421413550193;-0.031395259764661065383;0;21807.857396430510562;-3685.3271305710045453;21812.486071899398667;-3689.4703414979435365
