0.5;0;0;21850.975304814048286;-3692.6136601319208239;21859.037992580269929;-3699.8327689627212749
0.49901336421413577948;0.03139525976465668694;0;21807.857396430517838;-3685.3271305710063643;21815.904140211900085;-3692.5328863837967219
0.49605735065723893795;0.062666616782152129161;0;21678.673837965619896;-3663.4962984915409834;21686.6728308959282;-3670.6619655506065101
0.49114362536434436057;0.093690657292862314365;0;21463.934457906267198;-3627.2073202141846195;21471.854102152963605;-3634.3060843449602544
0.48429158056431553803;0.12434494358242739742;0;21164.486734480444284;-3576.6034117573399271;21172.295775306276482;-3583.6083534695358139
0.47552825814757676559;0.15450849718747369788;0;20781.512451047881768;-3511.8842836289954903;20789.180103540868004;-3518.7683868141798484
0.46488824294412572913;0.18406227634233895962;0;20316.523032140969008;-3433.3053526604116996;20324.019099393583019;-3440.0415580304374998
0.45241352623300978841;0.212889645782536302;0;19771.353578562680923;-3341.1767339929251648;19778.648561407422676;-3347.7380419526616606
0.43815334002193179197;0.24087683705085760622;0;19148.155625082050392;-3235.8620171948559801;19155.220824705858831;-3242.2216398831624247
0.42216396275100759317;0.26791339748949827282;0;18449.388649309410539;-3117.7768313395881705;18456.196264942984271;-3123.9083886032217379
0.40450849718747372563;0.29389262614623651304;0;17677.810365261862898;-2987.3872047078302785;17684.333589513469633;-2993.2649542847548219
0.38525662138789468214;0.31871199487434481723;0;16836.465839925967884;-2845.2077255864223844;16842.678954123726726;-2850.8068142043944135
0.36448431371070583173;0.34227355296434425203;0;15928.675475769459808;-2691.7995114239211034;15934.553946938209265;-2697.0962312154520077
0.34227355296434441856;0.3644843137107056652;0;14958.021906629706791;-2527.7679943560488027;14963.542486605705562;-2532.7400281810269007
0.31871199487434492825;0.38525662138789451561;0;13928.335858694665149;-2353.7605318418254683;13933.476687639424199;-2358.3871788880255735
0.29389262614623667957;0.40450849718747361461;0;12843.681032376731309;-2170.4638518392744118;12848.421732858016185;-2174.726187902341735
0.26791339748949838384;0.42216396275100748214;0;11708.338064743717041;-1978.6013426041495222;11712.659836991637349;-1982.4823640537683787
0.24087683705085766173;0.43815334002193179197;0;10526.787635800017597;-1778.9301978067355776;10530.673351216766605;-1782.4148873012375134
0.21288964578253632975;0.45241352623300978841;0;9303.6927852896242257;-1572.2384282344792155;9307.1270664406583819;-1575.3137718825421416
0.18406227634233893187;0.46488824294412572913;0;8043.8805098086140788;-1359.3417518733940597;8046.84979675086106;-1361.9967082243856566
0.15450849718747364236;0.4755282581475768211;0;6752.322712854836027;-1141.0803746418391711;6754.8153155402224002;-1143.305801406724413
0.12434494358242727252;0.48429158056431559354;0;5434.1165829962292264;-918.31567448160785716;5436.122720008487704;-920.10422370737046549
0.093690657292862147831;0.49114362536434436057;0;4094.4644775962542553;-691.92680189272232383;4095.976302377686352;-693.27279780947344534
0.062666616782151907117;0.49605735065723893795;0;2738.6533914860938239;-462.80721032805274717;2739.6650081460293222;-463.70652583667890667
0.031395259764656430201;0.49901336421413577948;0;1372.0340916114596439;-231.86113014072313376;1372.5415630529948885;-232.31107772383134602
-3.0245073740886312578e-16;0.5;0;-1.3217687188087733219e-11;2.2336674489458809478e-12;0.0013512281056819452907;0.00074922199425944691065
-0.031395259764657033885;0.49901336421413577948;0;-1372.0340916114860192;231.86113014072520855;-1372.5388726076321291;232.31258914611834143
-0.062666616782152503862;0.49605735065723888244;0;-2738.6533914861197445;462.8072103280572378;-2739.6623538713283779;463.70807546616441641
-0.093690657292862744576;0.49114362536434424955;0;-4094.4644775962801759;691.92680189272664393;-4095.9737087370272093;693.27440881696816177
-0.12434494358242785539;0.484291580564315427;0;-5434.1165829962546923;918.31567448161206357;-5436.1202116272479543;920.10591620423485892
-0.15450849718747419748;0.47552825814757659906;0;-6752.3227128548596738;1141.0803746418548599;-6754.8129166360067757;1143.3075918542122054
-0.18406227634233951473;0.46488824294412550708;0;-8043.8805098086395446;1359.3417518733986071;-8046.8475301409916938;1361.9986091786822726
-0.21288964578253677384;0.45241352623300956637;0;-9303.6927852896424156;1572.2384282344828534;-9307.1249523005408264;1575.3157918724327828
-0.24087683705085810582;0.43815334002193151441;0;-10526.787635800035787;1778.9301978067385335;-10530.671405956623857;1782.4170306079001875
-0.26791339748949877242;0.42216396275100720459;0;-11708.33806474373705;1978.6013426041722596;-11712.658072797325076;1982.4846303019444349
-0.29389262614623706815;0.40450849718747333705;0;-12843.68103237674768;2170.463851839277595;-12848.420158551933127;2174.7285717200516046
-0.31871199487434537234;0.38525662138789418254;0;-13928.335858694683338;2353.7605318418045499;-13933.475311488889929;2358.3896704522630898
-0.34227355296434486265;0.36448431371070527662;0;-14958.0219066297268;2527.7679943560524407;-14963.541321479209728;2532.7426161852436053
-0.36448431371070627582;0.34227355296434380794;0;-15928.675475769477998;2691.7995114239238319;-15934.552996683583842;2697.0988989613797457
-0.38525662138789512623;0.31871199487434426212;0;-16836.465839925986074;2845.2077255864260223;-16842.678219222128973;2850.8095453362716398
-0.40450849718747422523;0.29389262614623590242;0;-17677.810365261881088;2987.3872047078039031;-17684.333066997525748;2993.2677320899897495
-0.42216396275100803726;0.26791339748949755117;0;-18449.388649309428729;3117.7768313395913538;-18456.195948352225969;3123.9111969725140625
-0.43815334002193223606;0.24087683705085682906;0;-19148.155625082068582;3235.8620171948268762;-19155.220704106901394;3242.2244641797324221
-0.45241352623301017699;0.21288964578253544158;0;-19771.353578562699113;3341.1767339929288028;-19778.648623480796232;3347.7408697380874401
-0.46488824294412606219;0.18406227634233804369;0;-20316.52303214098356;3433.3053526604135186;-20324.019327592581249;3440.0443796030099293
-0.47552825814757709866;0.15450849718747269868;0;-20781.512451047892682;3511.8842836289622937;-20789.180478322094132;3518.7711955286690682
-0.48429158056431581558;0.12434494358242632883;0;-21164.486734480455198;3576.6034117573785807;-21172.296274428852485;3583.6111458215509629
-0.49114362536434452711;0.093690657292861190264;0;-21463.934457906270836;3627.2073202142223636;-21471.854701044347166;3634.3088598190010998
-0.49605735065723904897;0.062666616782150949549;0;-21678.673837965627172;3663.4962984915423476;-21686.673503077377973;3670.6647262461392529
-0.499013364214135835;0.031395259764655465695;0;-21807.857396430525114;3685.3271305710436536;-21815.904857773224649;3692.5356364494950867
-0.5;-1.2710352895928202744e-15;0;-21850.975304814048286;3692.6136601319208239;-21859.038726694216166;3699.8355138812553378
-0.49901336421413572397;-0.031395259764657998391;0;-21807.857396430517838;3685.3271305710063643;-21815.904872738447011;3692.5356311591554004
-0.49605735065723877142;-0.062666616782153475307;0;-21678.67383796561262;3663.4962984915391644;-21686.673533442990447;3670.6647156429999086
-0.49114362536434408302;-0.093690657292863688266;0;-21463.934457906252646;3627.2073202141828006;-21471.854747632351064;3634.3088438650252101
-0.48429158056431520496;-0.12434494358242879908;0;-21164.486734480429732;3576.6034117573371987;-21172.296338355245098;3583.6111244757698842
-0.4755282581475763215;-0.15450849718747511341;0;-20781.512451047863578;3511.8842836289577463;-20789.180560865308507;3518.7711687656637878
-0.46488824294412511851;-0.18406227634234040291;0;-20316.523032140943542;3433.3053526604412582;-20324.019430031672528;3440.0443474350463475
-0.45241352623300906677;-0.21288964578253774529;0;-19771.353578562648181;3341.1767339929547234;-19778.64874691438672;3347.7408322403866805
-0.43815334002193101481;-0.2408768370508590495;0;-19148.15562508201765;3235.8620171948173265;-19155.220849266625009;3242.2244215159407759
-0.42216396275100664948;-0.26791339748949971611;0;-18449.388649309374159;3117.7768313395808946;-18456.196115421738796;3123.9111494193998624
-0.40450849718747272643;-0.29389262614623795633;0;-17677.810365261822881;2987.3872047077929892;-17684.33325545160551;2993.267680058762835
-0.38525662138789351641;-0.31871199487434620501;0;-16836.465839925916953;2845.2077255864151084;-16842.678427697261213;2850.809489388928796
-0.36448431371070455498;-0.3422735529643456398;0;-15928.675475769407058;2691.7995114239124632;-15934.553222892529448;2697.0988398202334793
-0.34227355296434297527;-0.36448431371070699747;0;-14958.021906629646764;2527.7679943560642641;-14963.541562175993022;2532.7425547342490972
-0.31871199487434342945;-0.38525662138789579236;0;-13928.335858694603303;2353.7605318417909075;-13933.475560931783548;2358.3896070340724691
-0.29389262614623518077;-0.40450849718747472483;0;-12843.681032376660369;2170.4638518392621336;-12848.420402502233628;2174.7285081780123619
-0.26791339748949705157;-0.42216396275100837032;0;-11708.338064743662471;1978.6013426041397452;-11712.658310704811811;1982.4845675691656197
-0.24087683705085646824;-0.4381533400219324581;0;-10526.787635799968484;1778.9301978067271648;-10530.671640611042676;1782.4169701615958274
-0.21288964578253527504;-0.4524135262330102325;0;-9303.6927852895823889;1572.2384282344878557;-9307.1251840549357439;1575.3157359011117933
-0.18406227634233807144;-0.46488824294412606219;0;-8043.88050980857588;1359.3417518733876932;-8046.8477546962785709;1361.9985600678000992
-0.15450849718747294848;-0.47552825814757704315;0;-6752.3227128548041946;1141.0803746418339415;-6754.8131253553365241;1143.3075515083678511
-0.1243449435824267868;-0.48429158056431570456;0;-5434.116582996206489;918.31567448160410549;-5436.1203933710266938;920.10588557321341341
-0.093690657292861884153;-0.49114362536434441608;0;-4094.4644775962419772;691.92680189272027746;-4095.9738522951383857;693.27438781008288515
-0.062666616782151865483;-0.49605735065723893795;0;-2738.6533914860915502;462.80721032805229243;-2739.6624502234535612;463.70806325778562496
-0.031395259764656603674;-0.49901336421413577948;0;-1372.0340916114664651;231.8611301407219969;-1372.5389164635757879;232.31258472647792246
-9.1848509936051484375e-17;-0.5;0;-3.513904830519632198e-12;5.9381756633634876695e-13;0.0013608904947659539175;0.00075195965231600325751
0.031395259764656416324;-0.49901336421413577948;0;1372.0340916114596439;-231.86113014072313376;1372.5416234527515371;-232.31106774886211497
0.062666616782151671194;-0.49605735065723899346;0;2738.6533914860838195;-462.80721032805104187;2739.6651139140008127;-463.70650789451190121
0.093690657292861703742;-0.4911436253643444716;0;4094.4644775962347012;-691.92680189271891322;4095.976447086369717;-693.27277099753030143
0.12434494358242660639;-0.48429158056431576007;0;5434.1165829962001226;-918.31567448160308231;5436.1228975110689134;-920.10418768616500529
0.15450849718747278194;-0.47552825814757709866;0;6752.3227128547969187;-1141.0803746418328046;6754.815520679162546;-1143.3057570792141178
0.18406227634233790491;-0.46488824294412611771;0;8043.8805098085695136;-1359.3417518733865563;8046.850025200537857;-1361.9966579706658649
0.21288964578253510851;-0.45241352623301034352;0;9303.692785289569656;-1572.2384282344701205;9307.1273137641182984;-1575.3137190401596399
0.2408768370508563017;-0.43815334002193251361;0;10526.78763579995757;-1778.9301978067251184;10530.673611585432809;-1782.4148348650232947
0.26791339748949688504;-0.42216396275100842583;0;11708.338064743653376;-1978.6013426041383809;11712.660102355781419;-1982.4823130840918566
0.29389262614623506975;-0.40450849718747483585;0;12843.681032376660369;-2170.4638518392621336;12848.421993566527817;-2174.7261368619583664
0.31871199487434326292;-0.38525662138789590339;0;13928.335858694592389;-2353.7605318417890885;13933.476935496475562;-2358.3871260076848557
0.34227355296434269771;-0.36448431371070727502;0;14958.021906629632213;-2527.7679943560624451;14963.542721049994725;-2532.7399798635010484
0.36448431371070411089;-0.34227355296434608389;0;15928.675475769383411;-2691.7995114239083705;15934.554163728558706;-2697.0961875684865845
0.38525662138789296129;-0.31871199487434687114;0;16836.465839925887849;-2845.2077255864096514;16842.679150343690708;-2850.8067758326124022
0.4045084971874720603;-0.293892626146238789;0;17677.810365261790139;-2987.3872047078175456;17684.333763347054628;-2993.2649214984730861
0.42216396275100598334;-0.26791339748950082633;0;18449.388649309337779;-3117.7768313395754376;18456.196415626265662;-3123.9083614272749401
0.43815334002193029317;-0.24087683705086038177;0;19148.155625081984908;-3235.8620171948114148;19155.220952419040259;-3242.2216180836144304
0.45241352623300834512;-0.21288964578253932736;0;19771.353578562615439;-3341.1767339929156151;19778.648667114593991;-3347.7380250798369161
0.46488824294412439686;-0.18406227634234223478;0;20316.523032140914438;-3433.305352660436256;20324.019184643733752;-3440.0415454751823745
0.47552825814757565537;-0.15450849718747719508;0;20781.512451047830837;-3511.8842836289522893;20789.180170245730551;-3518.7683778734112821
0.48429158056431459434;-0.12434494358243111667;0;21164.486734480404266;-3576.6034117573326512;21172.295825508495909;-3583.6083474160491278
0.49114362536434358342;-0.093690657292866269534;0;21463.934457906230818;-3627.2073202142159971;21471.854137802583864;-3634.3060804966294199
0.49605735065723838284;-0.062666616782156292498;0;21678.673837965598068;-3663.4962984915373454;21686.672853650747129;-3670.6619633332556987
0.49901336421413550193;-0.031395259764661065383;0;21807.857396430510562;-3685.3271305710045453;21815.904151274058677;-3692.5328853834653273
