0.5;0;0;21850.975304814048286;-3692.6136601319208239;21852.231052558610827;-3693.747764381019806
0.49901336421413577948;0.03139525976465668694;0;21807.857396430517838;-3685.3271305710063643;21809.110963944902323;-3686.4588465543392886
0.49605735065723893795;0.062666616782152129161;0;21678.673837965619896;-3663.4962984915409834;21679.920119349691959;-3664.62144828563396
0.49114362536434436057;0.093690657292862314365;0;21463.934457906267198;-3627.2073202141846195;21465.168375963516155;-3628.3217269588312774
0.48429158056431553803;0.12434494358242739742;0;21164.486734480444284;-3576.6034117573399271;21165.70326608580217;-3577.7028946057685062
0.47552825814757676559;0.15450849718747369788;0;20781.512451047881768;-3511.8842836289954903;20782.706651690365106;-3512.9646573332647677
0.46488824294412572913;0.18406227634233895962;0;20316.523032140969008;-3433.3053526604116996;20317.690059372544056;-3434.3624332592180508
0.45241352623300978841;0.212889645782536302;0;19771.353578562680923;-3341.1767339929251648;19772.488714245650044;-3342.206351467377317
0.43815334002193179197;0.24087683705085760622;0;19148.155625082050392;-3235.8620171948559801;19149.254296459683246;-3236.8600352711555388
0.42216396275100759317;0.26791339748949827282;0;18449.388649309410539;-3117.7768313395881705;18450.446449010243668;-3118.7391739103700274
0.40450849718747372563;0.29389262614623651304;0;17677.810365261862898;-2987.3872047078302785;17678.82307037902865;-2988.3098876852741341
0.38525662138789468214;0.31871199487434481723;0;16836.465839925967884;-2845.2077255864223844;16837.429430255859188;-2846.0868924542378409
0.36448431371070583173;0.34227355296434425203;0;15928.675475769459808;-2691.7995114239211034;15929.58615119771639;-2692.631470371020896
0.34227355296434441856;0.3644843137107056652;0;14958.021906629706791;-2527.7679943560488027;14958.87610349789793;-2528.5492546939649401
0.31871199487434492825;0.38525662138789451561;0;13928.335858694665149;-2353.7605318418254683;13929.130288809912599;-2354.4878221975818633
0.29389262614623667957;0.40450849718747361461;0;12843.681032376731309;-2170.4638518392744118;12844.412604213637678;-2171.1341806572181667
0.26791339748949838384;0.42216396275100748214;0;11708.338064743717041;-1978.6013426041495222;11709.003999561589808;-1979.2120004442085701
0.24087683705085766173;0.43815334002193179197;0;10526.787635800017597;-1778.9301978067355776;10527.385457555075845;-1779.4787738265597454
0.21288964578253632975;0.45241352623300978841;0;9303.6927852896242257;-1572.2384282344792155;9304.2203129639656254;-1572.7228189871964332
0.18406227634233893187;0.46488824294412572913;0;8043.8805098086140788;-1359.3417518733940597;8044.3358518895502129;-1359.7601620359771459
0.15450849718747364236;0.4755282581475768211;0;6752.322712854836027;-1141.0803746418391711;6752.7042634213730707;-1141.4313103297668022
0.12434494358242727252;0.48429158056431559354;0;5434.1165829962292264;-918.31567448160785716;5434.4230188193041613;-918.59793069503518836
0.093690657292862147831;0.49114362536434436057;0;4094.4644775962542553;-691.92680189272232383;4094.6947557693010822;-692.13944627975843105
0.062666616782151907117;0.49605735065723893795;0;2738.6533914860938239;-462.80721032805274717;2738.8067472866264325;-462.94956578561561855
0.031395259764656430201;0.49901336421413577948;0;1372.0340916114596439;-231.86113014072313376;1372.1100364742312649;-231.93275877952723363
-3.0245073740886312578e-16;0.5;0;-1.3217687188087733219e-11;2.2336674489458809478e-12;-0.0016803918463274519594;-0.00069069625202724464329
-0.031395259764657033885;0.49901336421413577948;0;-1372.0340916114860192;231.86113014072520855;-1372.1133390619615966;231.93136894983300067
-0.062666616782152503862;0.49605735065723888244;0;-2738.6533914861197445;462.8072103280572378;-2738.8098768066793127;462.94815170077191624
-0.093690657292862744576;0.49114362536434424955;0;-4094.4644775962801759;691.92680189272664393;-4094.6976019103612998;692.13799523365480582
-0.12434494358242785539;0.484291580564315427;0;-5434.1165829962546923;918.31567448161206357;-5434.4254788507914782;918.59643496885826153
-0.15450849718747419748;0.47552825814757659906;0;-6752.3227128548596738;1141.0803746418548599;-6752.7062451291039906;1141.4297687405612578
-0.18406227634233951473;0.46488824294412550708;0;-8043.8805098086395446;1359.3417518733986071;-8044.3372763036613833;1359.7585809712190894
-0.21288964578253677384;0.45241352623300956637;0;-9303.6927852896424156;1572.2384282344828534;-9304.2211167137611483;1572.7212126825379528
-0.24087683705085810582;0.43815334002193151441;0;-10526.787635800035787;1778.9301978067385335;-10527.385594681445582;1779.4771635801200773
-0.26791339748949877242;0.42216396275100720459;0;-11708.33806474373705;1978.6013426041722596;-11709.003442670893492;1979.2104124033437529
-0.29389262614623706815;0.40450849718747333705;0;-12843.68103237674768;2170.463851839277595;-12844.411344971194922;2171.1326417816644607
-0.31871199487434537234;0.38525662138789418254;0;-13928.335858694683338;2353.7605318418045499;-13929.128337932173963;2354.4863540241649389
-0.34227355296434486265;0.36448431371070527662;0;-14958.0219066297268;2527.7679943560524407;-14958.873490578458586;2528.5478646290384859
-0.36448431371070627582;0.34227355296434380794;0;-15928.675475769477998;2691.7995114239238319;-15929.582927360263056;2692.6301794279092974
-0.38525662138789512623;0.31871199487434426212;0;-16836.465839925986074;2845.2077255864260223;-16837.425665535152802;2846.0857106331468458
-0.40450849718747422523;0.29389262614623590242;0;-17677.810365261881088;2987.3872047078039031;-17678.818851244912366;2988.3088176713804387
-0.42216396275100803726;0.26791339748949755117;0;-18449.388649309428729;3117.7768313395913538;-18450.441875839325803;3118.7382105156916623
-0.43815334002193223606;0.24087683705085682906;0;-19148.155625082068582;3235.8620171948268762;-19149.249480541617231;3236.8591655245354559
-0.45241352623301017699;0.21288964578253544158;0;-19771.353578562699113;3341.1767339929288028;-19772.483774449858174;3342.2055553477507601
-0.46488824294412606219;0.18406227634233804369;0;-20316.52303214098356;3433.3053526604135186;-20317.685118603149022;3434.3616850224607333
-0.47552825814757709866;0.15450849718747269868;0;-20781.512451047892682;3511.8842836289622937;-20782.70183327104678;3512.9639273446482548
-0.48429158056431581558;0.12434494358242632883;0;-21164.486734480455198;3576.6034117573785807;-21165.698690204735612;3577.7021515643014027
-0.49114362536434452711;0.093690657292861190264;0;-21463.934457906270836;3627.2073202142223636;-21465.164156296272267;3628.3209403790074248
-0.49605735065723904897;0.062666616782150949549;0;-21678.673837965627172;3663.4962984915423476;-21679.916359962979186;3664.6205910917442452
-0.499013364214135835;0.031395259764655465695;0;-21807.857396430525114;3685.3271305710436536;-21809.10775654859026;3686.4578976393913763
-0.5;-1.2710352895928202744e-15;0;-21850.975304814048286;3692.6136601319208239;-21852.228474171777634;3693.7467109849690132
-0.49901336421413572397;-0.031395259764657998391;0;-21807.857396430517838;3685.3271305710063643;-21809.108326654368284;3686.4582761161209419
-0.49605735065723877142;-0.062666616782153475307;0;-21678.67383796561262;3663.4962984915391644;-21679.917485491350817;3664.6213445960547688
-0.49114362536434408302;-0.093690657292863688266;0;-21463.934457906252646;3627.2073202141828006;-21465.165808179415762;3628.3220623065349173
-0.48429158056431520496;-0.12434494358242879908;0;-21164.486734480429732;3576.6034117573371987;-21165.700825600451935;3577.7036327010882815
-0.4755282581475763215;-0.15450849718747511341;0;-20781.512451047863578;3511.8842836289577463;-20782.704396515793633;3512.9657565848829108
-0.46488824294412511851;-0.18406227634234040291;0;-20316.523032140943542;3433.3053526604412582;-20317.688042535464774;3434.3638501557666132
-0.45241352623300906677;-0.21288964578253774529;0;-19771.353578562648181;3341.1767339929547234;-19772.486982135789731;3342.2080438011139449
-0.43815334002193101481;-0.2408768370508590495;0;-19148.15562508201765;3235.8620171948173265;-19149.252887414804718;3236.8619649514298544
-0.42216396275100664948;-0.26791339748949971611;0;-18449.388649309374159;3117.7768313395808946;-18450.445392246110714;3118.7413091449498097
-0.40450849718747272643;-0.29389262614623795633;0;-17677.810365261822881;2987.3872047077929892;-17678.822385353058053;2988.3122043589096393
-0.38525662138789351641;-0.31871199487434620501;0;-16836.465839925916953;2845.2077255864151084;-16837.429126530441863;2846.0893745999537714
-0.36448431371070455498;-0.3422735529643456398;0;-15928.675475769407058;2691.7995114239124632;-15929.586228813655907;2692.6341097054978491
-0.34227355296434297527;-0.36448431371070699747;0;-14958.021906629646764;2527.7679943560642641;-14958.876553842441353;2528.5520492674977504
-0.31871199487434342945;-0.38525662138789579236;0;-13928.335858694603303;2353.7605318417909075;-13929.131094185948314;2354.4907820061839629
-0.29389262614623518077;-0.40450849718747472483;0;-12843.681032376660369;2170.4638518392621336;-12844.413758917824453;2171.1373248113068257
-0.26791339748949705157;-0.42216396275100837032;0;-11708.338064743662471;1978.6013426041397452;-11709.005481053534822;1979.2153399038786574
-0.24087683705085646824;-0.4381533400219324581;0;-10526.787635799968484;1778.9301978067271648;-10527.387233475812536;1779.4823077657208614
-0.21288964578253527504;-0.4524135262330102325;0;-9303.6927852895823889;1572.2384282344878557;-9304.2223468099527963;1572.7265325158725773
-0.18406227634233807144;-0.46488824294412606219;0;-8043.88050980857588;1359.3417518733876932;-8044.3381073335294786;1359.7640254156924584
-0.15450849718747294848;-0.47552825814757704315;0;-6752.3227128548041946;1141.0803746418339415;-6752.7067072674017254;1141.4352796033424511
-0.1243449435824267868;-0.48429158056431570456;0;-5434.116582996206489;918.31567448160410549;-5434.4256225963499674;918.60194949635604189
-0.093690657292861884153;-0.49114362536434441608;0;-4094.4644775962419772;691.92680189272027746;-4094.6974960169736732;692.14344849405676996
-0.062666616782151865483;-0.49605735065723893795;0;-2738.6533914860915502;462.80721032805229243;-2738.809604673378999;462.95347868773461641
-0.031395259764656603674;-0.49901336421413577948;0;-1372.0340916114664651;231.8611301407219969;-1372.112994012841682;231.93650628666424041
-9.1848509936051484375e-17;-0.5;0;-3.513904830519632198e-12;5.9381756633634876695e-13;-0.0013603506718208313586;0.0041964263933846265853
0.031395259764656416324;-0.49901336421413577948;0;1372.0340916114596439;-231.86113014072313376;1372.110234373853018;-231.92817902682702424
0.062666616782151671194;-0.49605735065723899346;0;2738.6533914860838195;-462.80721032805104187;2738.8067316353599381;-462.94534710528847654
0.093690657292861703742;-0.4911436253643444716;0;4094.4644775962347012;-691.92680189271891322;4094.6944449229026759;-692.13563925636628937
0.12434494358242660639;-0.48429158056431576007;0;5434.1165829962001226;-918.31567448160308231;5434.4223437567543442;-918.59458320379474117
0.15450849718747278194;-0.47552825814757709866;0;6752.3227128547969187;-1141.0803746418328046;6752.7031693465487479;-1141.4284676014285651
0.18406227634233790491;-0.46488824294412611771;0;8043.8805098085695136;-1359.3417518733865563;8044.3342987725609419;-1359.7578659166622401
0.21288964578253510851;-0.45241352623301034352;0;9303.692785289569656;-1572.2384282344701205;9304.2182755244048167;-1572.7211059851549635
0.2408768370508563017;-0.43815334002193251361;0;10526.78763579995757;-1778.9301978067251184;10527.382925490644993;-1779.4776717151858065
0.26791339748949688504;-0.42216396275100842583;0;11708.338064743653376;-1978.6013426041383809;11709.000979073649432;-1979.2115235046087491
0.29389262614623506975;-0.40450849718747483585;0;12843.681032376660369;-2170.4638518392621336;12844.409122024635508;-2171.1343240834976314
0.31871199487434326292;-0.38525662138789590339;0;13928.335858694592389;-2353.7605318417890885;13929.126399832952302;-2354.4885567180549515
0.34227355296434269771;-0.36448431371070727502;0;14958.021906629632213;-2527.7679943560624451;14958.871903076304079;-2528.5505230193225543
0.36448431371070411089;-0.34227355296434608389;0;15928.675475769383411;-2691.7995114239083705;15929.581695944036255;-2692.6332327712693768
0.38525662138789296129;-0.31871199487434687114;0;16836.465839925887849;-2845.2077255864096514;16837.424812823279353;-2846.0890730356140921
0.4045084971874720603;-0.293892626146238789;0;17677.810365261790139;-2987.3872047078175456;17678.818392697154195;-2988.3123952058449504
0.42216396275100598334;-0.26791339748950082633;0;18449.388649309337779;-3117.7768313395754376;18450.441819110608776;-3118.7419043051390872
0.43815334002193029317;-0.24087683705086038177;0;19148.155625081984908;-3235.8620171948114148;19149.249825074086402;-3236.8628750331040465
0.45241352623300834512;-0.21288964578253932736;0;19771.353578562615439;-3341.1767339929156151;19772.4845112933981;-3342.2091817726986847
0.46488824294412439686;-0.18406227634234223478;0;20316.523032140914438;-3433.305352660436256;20317.686230445524416;-3434.3651346578876655
0.47552825814757565537;-0.15450849718747719508;0;20781.512451047830837;-3511.8842836289522893;20782.703294654682395;-3512.9671147720264344
0.48429158056431459434;-0.12434494358243111667;0;21164.486734480404266;-3576.6034117573326512;21165.700467915296031;-3577.7050025091143652
0.49114362536434358342;-0.093690657292866269534;0;21463.934457906230818;-3627.2073202142159971;21465.166209912291379;-3628.3233940718009762
0.49605735065723838284;-0.062666616782156292498;0;21678.673837965598068;-3663.4962984915373454;21679.918642564956826;-3664.6226019833711689
0.49901336421413550193;-0.031395259764661065383;0;21807.857396430510562;-3685.3271305710045453;21809.110215596694616;-3686.4594363455821622
