0.5;0;0;21850.975304814048286;-3692.6136601319208239;22239.873627585137001;-4045.693938069284286
0.49901336421413577948;0.03139525976465668694;0;21807.857396430517838;-3685.3271305710063643;22195.98641325130302;-4037.7719196552998255
0.49605735065723893795;0.062666616782152129161;0;21678.673837965619896;-3663.4962984915409834;22064.498310691407823;-4014.0315190926075957
0.49114362536434436057;0.093690657292862314365;0;21463.934457906267198;-3627.2073202141846195;21845.929195907716348;-3974.5501378775975354
0.48429158056431553803;0.12434494358242739742;0;21164.486734480444284;-3576.6034117573399271;21541.143058035646391;-3919.4581821810488691
0.47552825814757676559;0.15450849718747369788;0;20781.512451047881768;-3511.8842836289954903;21151.344340266990912;-3848.9409826499581868
0.46488824294412572913;0.18406227634233895962;0;20316.523032140969008;-3433.3053526604116996;20678.072904242446384;-3763.2411298737697507
0.45241352623300978841;0.212889645782536302;0;19771.353578562680923;-3341.1767339929251648;20123.197689282296778;-3662.6609160347684337
0.43815334002193179197;0.24087683705085760622;0;19148.155625082050392;-3235.8620171948559801;19488.90913912524411;-3547.5645411172376953
0.42216396275100759317;0.26791339748949827282;0;18449.388649309410539;-3117.7768313395881705;18777.710461027996644;-3418.3797441809156226
0.40450849718747372563;0.29389262614623651304;0;17677.810365261862898;-2987.3872047078302785;17992.407767625303677;-3275.5985564007323774
0.38525662138789468214;0.31871199487434481723;0;16836.465839925967884;-2845.2077255864223844;17136.09913454746129;-3119.7769392033478653
0.36448431371070583173;0.34227355296434425203;0;15928.675475769459808;-2691.7995114239211034;16212.162590632429783;-2951.5331611980027446
0.34227355296434441856;0.3644843137107056652;0;14958.021906629706791;-2527.7679943560488027;15224.243046534937093;-2771.5448726331705984
0.31871199487434492825;0.38525662138789451561;0;13928.335858694665149;-2353.7605318418254683;14176.238164473550569;-2580.5449453123560488
0.29389262614623667957;0.40450849718747361461;0;12843.681032376731309;-2170.4638518392744118;13072.283178041781866;-2379.3162484241370294
0.26791339748949838384;0.42216396275100748214;0;11708.338064743717041;-1978.6013426041495222;11916.734685919194817;-2168.6856165309677635
0.24087683705085766173;0.43815334002193179197;0;10526.787635800017597;-1778.9301978067355776;10714.153464748531405;-1949.5173267756870246
0.21288964578253632975;0.45241352623300978841;0;9303.6927852896242257;-1572.2384282344792155;9469.2863709387274866;-1722.706432593259251
0.18406227634233893187;0.46488824294412572913;0;8043.8805098086140788;-1359.3417518733940597;8187.0474246707290149;-1489.1722983755030327
0.15450849718747364236;0.4755282581475768211;0;6752.322712854836027;-1141.0803746418391711;6872.498188060107168;-1249.8526444426206581
0.12434494358242727252;0.48429158056431559354;0;5434.1165829962292264;-918.31567448160785716;5530.8275603120373489;-1005.6983482428233856
0.093690657292862147831;0.49114362536434436057;0;4094.4644775962542553;-691.92680189272232383;4167.331114290070218;-757.66916247598476275
0.062666616782151907117;0.49605735065723893795;0;2738.6533914860938239;-462.80721032805274717;2787.3900914318028299;-506.73041228525380575
0.031395259764656430201;0.49901336421413577948;0;1372.0340916114596439;-231.86113014072313376;1396.4501572740407482;-253.85063132844146594
-3.0245073740886312578e-16;0.5;0;-1.3217687188087733219e-11;2.2336674489458809478e-12;1.1827944632614162401e-06;-1.6311760475673509063e-07
-0.031395259764657033885;0.49901336421413577948;0;-1372.0340916114860192;231.86113014072520855;-1396.4501549106428229;253.85063100211135634
-0.062666616782152503862;0.49605735065723888244;0;-2738.6533914861197445;462.8072103280572378;-2787.390089074977368;506.73041195862901986
-0.093690657292862744576;0.49114362536434424955;0;-4094.4644775962801759;691.92680189272664393;-4167.33111194416324;757.66916214886691705
-0.12434494358242785539;0.484291580564315427;0;-5434.1165829962546923;918.31567448161206357;-5530.8275579813243894;1005.6983479150013636
-0.15450849718747419748;0.47552825814757659906;0;-6752.3227128548596738;1141.0803746418548599;-6872.4981857488010064;1249.8526441138726568
-0.18406227634233951473;0.46488824294412550708;0;-8043.8805098086395446;1359.3417518733986071;-8187.0474223829351104;1489.1722980455767811
-0.21288964578253677384;0.45241352623300956637;0;-9303.6927852896424156;1572.2384282344828534;-9469.2863686783985031;1722.7064322619030463
-0.24087683705085810582;0.43815334002193151441;0;-10526.787635800035787;1778.9301978067385335;-10714.153462519532695;1949.5173264426309743
-0.26791339748949877242;0.42216396275100720459;0;-11708.33806474373705;1978.6013426041722596;-11916.734683725178911;2168.6856161958899065
-0.29389262614623706815;0.40450849718747333705;0;-12843.68103237674768;2170.463851839277595;-13072.283175886252138;2379.3162480867194972
-0.31871199487434537234;0.38525662138789418254;0;-13928.335858694683338;2353.7605318418045499;-14176.238162359813941;2580.5449449722414101
-0.34227355296434486265;0.36448431371070527662;0;-14958.0219066297268;2527.7679943560524407;-15224.243044466053107;2771.5448722900018765
-0.36448431371070627582;0.34227355296434380794;0;-15928.675475769477998;2691.7995114239238319;-16212.162588611266983;2951.5331608513738502
-0.38525662138789512623;0.31871199487434426212;0;-16836.465839925986074;2845.2077255864260223;-17136.099132576615375;3119.7769388528608943
-0.40450849718747422523;0.29389262614623590242;0;-17677.810365261881088;2987.3872047078039031;-17992.407765707146609;3275.5985560459143926
-0.42216396275100803726;0.26791339748949755117;0;-18449.388649309428729;3117.7768313395913538;-18777.710459164620261;3418.3797438213423447
-0.43815334002193223606;0.24087683705085682906;0;-19148.155625082068582;3235.8620171948268762;-19488.909137318460125;3547.5645407524211805
-0.45241352623301017699;0.21288964578253544158;0;-19771.353578562699113;3341.1767339929288028;-20123.197687533662247;3662.6609156642434755
-0.46488824294412606219;0.18406227634233804369;0;-20316.52303214098356;3433.3053526604135186;-20678.072902553216409;3763.2411294970338531
-0.47552825814757709866;0.15450849718747269868;0;-20781.512451047892682;3511.8842836289622937;-21151.344338638173213;3848.9409822664965759
-0.48429158056431581558;0.12434494358242632883;0;-21164.486734480455198;3576.6034117573785807;-21541.143056467892166;3919.4581817903908814
-0.49114362536434452711;0.093690657292861190264;0;-21463.934457906270836;3627.2073202142223636;-21845.929194401480345;3974.5501374792811475
-0.49605735065723904897;0.062666616782150949549;0;-21678.673837965627172;3663.4962984915423476;-22064.498309246824647;4014.0315186861548682
-0.499013364214135835;0.031395259764655465695;0;-21807.857396430525114;3685.3271305710436536;-22195.986411868216237;4037.7719192402719273
-0.5;-1.2710352895928202744e-15;0;-21850.975304814048286;3692.6136601319208239;-22239.873626263186452;4045.6939376452919532
-0.49901336421413572397;-0.031395259764657998391;0;-21807.857396430517838;3685.3271305710063643;-22195.986411933055933;4037.7719192327353994
-0.49605735065723877142;-0.062666616782153475307;0;-21678.67383796561262;3663.4962984915391644;-22064.498309376194811;4014.0315186711272872
-0.49114362536434408302;-0.093690657292863688266;0;-21463.934457906252646;3627.2073202141828006;-21845.929194594773435;3974.5501374567966195
-0.48429158056431520496;-0.12434494358242879908;0;-21164.486734480429732;3576.6034117573371987;-21541.143056724187772;3919.4581817605062497
-0.4755282581475763215;-0.15450849718747511341;0;-20781.512451047863578;3511.8842836289577463;-21151.344338956263528;3848.9409822292900571
-0.46488824294412511851;-0.18406227634234040291;0;-20316.523032140943542;3433.3053526604412582;-20678.072902931649878;3763.2411294525936682
-0.45241352623300906677;-0.21288964578253774529;0;-19771.353578562648181;3341.1767339929547234;-20123.197687970648985;3662.6609156126687594
-0.43815334002193101481;-0.2408768370508590495;0;-19148.15562508201765;3235.8620171948173265;-19488.909137811973778;3547.5645406938328961
-0.42216396275100664948;-0.26791339748949971611;0;-18449.388649309374159;3117.7768313395808946;-18777.710459712387092;3418.3797437558796446
-0.40450849718747272643;-0.29389262614623795633;0;-17677.810365261822881;2987.3872047077929892;-17992.407766306630947;3275.5985559737132462
-0.38525662138789351641;-0.31871199487434620501;0;-16836.465839925916953;2845.2077255864151084;-17136.099133225077821;3119.7769387740859202
-0.36448431371070455498;-0.3422735529643456398;0;-15928.675475769407058;2691.7995114239124632;-16212.162589305746224;2951.5331607662142233
-0.34227355296434297527;-0.36448431371070699747;0;-14958.021906629646764;2527.7679943560642641;-15224.243045203415022;2771.544872198646317
-0.31871199487434342945;-0.38525662138789579236;0;-13928.335858694603303;2353.7605318417909075;-14176.238163136735238;2580.5449448748927352
-0.29389262614623518077;-0.40450849718747472483;0;-12843.681032376660369;2170.4638518392621336;-13072.283176699285832;2379.3162479836191778
-0.26791339748949705157;-0.42216396275100837032;0;-11708.338064743662471;1978.6013426041397452;-11916.734684570754325;2168.685616087283961
-0.24087683705085646824;-0.4381533400219324581;0;-10526.787635799968484;1778.9301978067271648;-10714.153463393944548;1949.5173263288168073
-0.21288964578253527504;-0.4524135262330102325;0;-9303.6927852895823889;1572.2384282344878557;-9469.2863695778723923;1722.7064321432023917
-0.18406227634233807144;-0.46488824294412606219;0;-8043.88050980857588;1359.3417518733876932;-8187.04742330361114;1489.1722979223034145
-0.15450849718747294848;-0.47552825814757704315;0;-6752.3227128548041946;1141.0803746418339415;-6872.4981866868001816;1249.8526439863983342
-0.1243449435824267868;-0.48429158056431570456;0;-5434.116582996206489;918.31567448160410549;-5530.8275589327249691;1005.698347783739905
-0.093690657292861884153;-0.49114362536434441608;0;-4094.4644775962419772;691.92680189272027746;-4167.3311129050389354;757.66916201424362498
-0.062666616782151865483;-0.49605735065723893795;0;-2738.6533914860915502;462.80721032805229243;-2787.3900900414187163;506.73041182111455782
-0.031395259764656603674;-0.49901336421413577948;0;-1372.0340916114664651;231.8611301407219969;-1396.4501558787546855;253.85063086219719253
-9.1848509936051484375e-17;-0.5;0;-3.513904830519632198e-12;5.9381756633634876695e-13;2.1685426077056035865e-07;-3.0490611635514142108e-07
0.031395259764656416324;-0.49901336421413577948;0;1372.0340916114596439;-231.86113014072313376;1396.450156314058404;-253.85063147155170782
0.062666616782151671194;-0.49605735065723899346;0;2738.6533914860838195;-462.80721032805104187;2787.3900904814909154;-506.7304124291101175
0.093690657292861703742;-0.4911436253643444716;0;4094.4644775962347012;-691.92680189271891322;4167.3311133530596635;-757.66916261999836024
0.12434494358242660639;-0.48429158056431576007;0;5434.1165829962001226;-918.31567448160308231;5530.8275593918533559;-1005.6983483863820084
0.15450849718747278194;-0.47552825814757709866;0;6752.3227128547969187;-1141.0803746418328046;6872.4981871601848979;-1249.8526445851027802
0.18406227634233790491;-0.46488824294412611771;0;8043.8805098085695136;-1359.3417518733865563;8187.0474237943699336;-1489.1722985162730311
0.21288964578253510851;-0.45241352623301034352;0;9303.692785289569656;-1572.2384282344701205;9469.2863700891011831;-1722.7064327316722938
0.2408768370508563017;-0.43815334002193251361;0;10526.78763579995757;-1778.9301978067251184;10714.153463928694691;-1949.5173269111039644
0.26791339748949688504;-0.42216396275100842583;0;11708.338064743653376;-1978.6013426041383809;11916.734685132059894;-2168.6856166627308085
0.29389262614623506975;-0.40450849718747483585;0;12843.681032376660369;-2170.4638518392621336;13072.28317729011178;-2379.3162485516031666
0.31871199487434326292;-0.38525662138789590339;0;13928.335858694592389;-2353.7605318417890885;14176.238163759948293;-2580.5449454348968175
0.34227355296434269771;-0.36448431371070727502;0;14958.021906629632213;-2527.7679943560624451;15224.243045861872815;-2771.5448727501598114
0.36448431371070411089;-0.34227355296434608389;0;15928.675475769383411;-2691.7995114239083705;16212.162590002197248;-2951.5331613088219456
0.38525662138789296129;-0.31871199487434687114;0;16836.465839925887849;-2845.2077255864096514;17136.099133962175983;-3119.7769393073972424
0.4045084971874720603;-0.293892626146238789;0;17677.810365261790139;-2987.3872047078175456;17992.407767086915555;-3275.5985564974298541
0.42216396275100598334;-0.26791339748950082633;0;18449.388649309337779;-3117.7768313395754376;18777.710460538324696;-3418.3797442697014048
0.43815334002193029317;-0.24087683705086038177;0;19148.155625081984908;-3235.8620171948114148;19488.909138685878133;-3547.5645411976038304
0.45241352623300834512;-0.21288964578253932736;0;19771.353578562615439;-3341.1767339929156151;20123.197688894691964;-3662.6609161062469866
0.46488824294412439686;-0.18406227634234223478;0;20316.523032140914438;-3433.305352660436256;20678.072903907861473;-3763.2411299359137047
0.47552825814757565537;-0.15450849718747719508;0;20781.512451047830837;-3511.8842836289522893;21151.34433998651366;-3848.9409827023523576
0.48429158056431459434;-0.12434494358243111667;0;21164.486734480404266;-3576.6034117573326512;21541.14305781015355;-3919.4581822233835737
0.49114362536434358342;-0.093690657292866269534;0;21463.934457906230818;-3627.2073202142159971;21845.929195737990085;-3974.550137909600835
0.49605735065723838284;-0.062666616782156292498;0;21678.673837965598068;-3663.4962984915373454;22064.498310577950178;-4014.0315191140703064
0.49901336421413550193;-0.031395259764661065383;0;21807.857396430510562;-3685.3271305710045453;22195.986413194466877;-4037.7719196660586931
