0.5;0;0;21850.975304814048286;-3692.6136601319208239;21857.191299466445344;-3698.1797512454090793
0.49901336421413577948;0.03139525976465668694;0;21807.857396430517838;-3685.3271305710063643;21814.061090314215107;-3690.8829206491141122
0.49605735065723893795;0.062666616782152129161;0;21678.673837965619896;-3663.4962984915409834;21684.840700222121086;-3669.0211662976116713
0.49114362536434436057;0.093690657292862314365;0;21463.934457906267198;-3627.2073202141846195;21470.040119231674907;-3632.6805854669887594
0.48429158056431553803;0.12434494358242739742;0;21164.486734480444284;-3576.6034117573399271;21170.507090547685948;-3582.0043151589748049
0.47552825814757676559;0.15450849718747369788;0;20781.512451047881768;-3511.8842836289954903;20787.423760278659756;-3517.191994115964917
0.46488824294412572913;0.18406227634233895962;0;20316.523032140969008;-3433.3053526604116996;20322.30200689423873;-3438.4990088919116715
0.45241352623300978841;0.212889645782536302;0;19771.353578562680923;-3341.1767339929251648;19776.977469824225409;-3346.2355236684234114
0.43815334002193179197;0.24087683705085760622;0;19148.155625082050392;-3235.8620171948559801;19153.602301675098715;-3240.7652939960366894
0.42216396275100759317;0.26791339748949827282;0;18449.388649309410539;-3117.7768313395881705;18454.636673315806547;-3122.5042654898988985
0.40450849718747372563;0.29389262614623651304;0;17677.810365261862898;-2987.3872047078302785;17682.839065628431854;-2991.918959707272279
0.38525662138789468214;0.31871199487434481723;0;16836.465839925967884;-2845.2077255864223844;16841.255386070111854;-2849.5246509470480305
0.36448431371070583173;0.34227355296434425203;0;15928.675475769459808;-2691.7995114239211034;15933.20695243141563;-2695.8833394666712593
0.34227355296434441856;0.3644843137107056652;0;14958.021906629706791;-2527.7679943560488027;14962.277390353041483;-2531.6015285099906578
0.31871199487434492825;0.38525662138789451561;0;13928.335858694665149;-2353.7605318418254683;13932.298488667025595;-2357.3278150402293249
0.29389262614623667957;0.40450849718747361461;0;12843.681032376731309;-2170.4638518392744118;12847.33511847257796;-2173.7503245594434702
0.26791339748949838384;0.42216396275100748214;0;11708.338064743717041;-1978.6013426041495222;11711.669118768379121;-1981.5938782204436848
0.24087683705085766173;0.43815334002193179197;0;10526.787635800017597;-1778.9301978067355776;10529.782451133123686;-1781.6172051390922206
0.21288964578253632975;0.45241352623300978841;0;9303.6927852896242257;-1572.2384282344792155;9306.3395064412798092;-1574.6098774226152273
0.18406227634233893187;0.46488824294412572913;0;8043.8805098086140788;-1359.3417518733940597;8046.1686875783561845;-1361.3891433707296983
0.15450849718747364236;0.4755282581475768211;0;6752.322712854836027;-1141.0803746418391711;6754.2433446624718272;-1142.7966703804374902
0.12434494358242727252;0.48429158056431559354;0;5434.1165829962292264;-918.31567448160785716;5435.6621403252520395;-919.69520834537979681
0.093690657292862147831;0.49114362536434436057;0;4094.4644775962542553;-691.92680189272232383;4095.6289235353924596;-692.96518409706936836
0.062666616782151907117;0.49605735065723893795;0;2738.6533914860938239;-462.80721032805274717;2739.4321914150341399;-463.50123754901397888
0.031395259764656430201;0.49901336421413577948;0;1372.0340916114596439;-231.86113014072313376;1372.4242195428801097;-232.2087105385400605
-3.0245073740886312578e-16;0.5;0;-1.3217687188087733219e-11;2.2336674489458809478e-12;-5.769345130168801461e-05;-9.9763502598770870122e-05
-0.031395259764657033885;0.49901336421413577948;0;-1372.0340916114860192;231.86113014072520855;-1372.4243341459512067;232.20851442366407014
-0.062666616782152503862;0.49605735065723888244;0;-2738.6533914861197445;462.8072103280572378;-2739.4323030250852753;463.50105134967378717
-0.093690657292862744576;0.49114362536434424955;0;-4094.4644775962801759;691.92680189272664393;-4095.6290282939539793;692.96501335752202522
-0.12434494358242785539;0.484291580564315427;0;-5434.1165829962546923;918.31567448161206357;-5435.6622324630343428;919.69505706165296033
-0.15450849718747419748;0.47552825814757659906;0;-6752.3227128548596738;1141.0803746418548599;-6754.2434172288185437;1142.7965406010368952
-0.18406227634233951473;0.46488824294412550708;0;-8043.8805098086395446;1359.3417518733986071;-8046.1687340775642951;1361.3890352175005773
-0.21288964578253677384;0.45241352623300956637;0;-9303.6927852896424156;1572.2384282344828534;-9306.3395229280577041;1574.6097897598310738
-0.24087683705085810582;0.43815334002193151441;0;-10526.787635800035787;1778.9301978067385335;-10529.782438020631162;1781.6171369349324323
-0.26791339748949877242;0.42216396275100720459;0;-11708.33806474373705;1978.6013426041722596;-11711.66908147324466;1981.5938302003196441
-0.29389262614623706815;0.40450849718747333705;0;-12843.68103237674768;2170.463851839277595;-12847.335066192556042;2173.7503000240444635
-0.31871199487434537234;0.38525662138789418254;0;-13928.335858694683338;2353.7605318418045499;-13932.298431145096401;2357.3278177206266264
-0.34227355296434486265;0.36448431371070527662;0;-14958.0219066297268;2527.7679943560524407;-14962.277333499861925;2531.6015541553992989
-0.36448431371070627582;0.34227355296434380794;0;-15928.675475769477998;2691.7995114239238319;-15933.206883428229048;2695.8833676485373871
-0.38525662138789512623;0.31871199487434426212;0;-16836.465839925986074;2845.2077255864260223;-16841.255306809776812;2849.5246746392367641
-0.40450849718747422523;0.29389262614623590242;0;-17677.810365261881088;2987.3872047078039031;-17682.838977732317289;2991.9189720904332717
-0.42216396275100803726;0.26791339748949755117;0;-18449.388649309428729;3117.7768313395913538;-18454.636578000212467;3122.5042603911924743
-0.43815334002193223606;0.24087683705085682906;0;-19148.155625082068582;3235.8620171948268762;-19153.602199661243503;3240.7652663046128509
-0.45241352623301017699;0.21288964578253544158;0;-19771.353578562699113;3341.1767339929288028;-19776.977361296372692;3346.2354696999077532
-0.46488824294412606219;0.18406227634233804369;0;-20316.52303214098356;3433.3053526604135186;-20322.301891508464905;3438.4989266762268016
-0.47552825814757709866;0.15450849718747269868;0;-20781.512451047892682;3511.8842836289622937;-20787.423637219515513;3517.1918835869391842
-0.48429158056431581558;0.12434494358242632883;0;-21164.486734480455198;3576.6034117573785807;-21170.506958625657717;3582.0041782288685681
-0.49114362536434452711;0.093690657292861190264;0;-21463.934457906270836;3627.2073202142223636;-21470.039977011976589;3632.6804259756891042
-0.49605735065723904897;0.062666616782150949549;0;-21678.673837965627172;3663.4962984915423476;-21684.840546173967596;3669.0209898346829505
-0.499013364214135835;0.031395259764655465695;0;-21807.857396430525114;3685.3271305710436536;-21814.060922965159989;3690.8827342539593701
-0.5;-1.2710352895928202744e-15;0;-21850.975304814048286;3692.6136601319208239;-21857.191117550621129;3698.1795630004203304
-0.49901336421413572397;-0.031395259764657998391;0;-21807.857396430517838;3685.3271305710063643;-21814.060909256575542;3690.8827415998111974
-0.49605735065723877142;-0.062666616782153475307;0;-21678.67383796561262;3663.4962984915391644;-21684.840519455887261;3669.0210047453265361
-0.49114362536434408302;-0.093690657292863688266;0;-21463.934457906252646;3627.2073202141828006;-21470.03993861525305;3632.6804488323764417
-0.48429158056431520496;-0.12434494358242879908;0;-21164.486734480429732;3576.6034117573371987;-21170.506910384388902;3582.0042094699606423
-0.4755282581475763215;-0.15450849718747511341;0;-20781.512451047863578;3511.8842836289577463;-20787.423581293020106;3517.1919235691711947
-0.46488824294412511851;-0.18406227634234040291;0;-20316.523032140943542;3433.3053526604412582;-20322.301830170868925;3438.4989755221786254
-0.45241352623300906677;-0.21288964578253774529;0;-19771.353578562648181;3341.1767339929547234;-19776.977296715271223;3346.2355271545061441
-0.43815334002193101481;-0.2408768370508590495;0;-19148.15562508201765;3235.8620171948173265;-19153.602133683758439;3240.7653316224145783
-0.42216396275100664948;-0.26791339748949971611;0;-18449.388649309374159;3117.7768313395808946;-18454.636511967626575;3122.5043322735214133
-0.40450849718747272643;-0.29389262614623795633;0;-17677.810365261822881;2987.3872047077929892;-17682.838912342427648;2991.9190486849547597
-0.38525662138789351641;-0.31871199487434620501;0;-16836.465839925916953;2845.2077255864151084;-16841.255242037037533;2849.5247536078968551
-0.36448431371070455498;-0.3422735529643456398;0;-15928.675475769407058;2691.7995114239124632;-15933.206818510661833;2695.8834463002926896
-0.34227355296434297527;-0.36448431371070699747;0;-14958.021906629646764;2527.7679943560642641;-14962.277266992785371;2531.6016296329971738
-0.31871199487434342945;-0.38525662138789579236;0;-13928.335858694603303;2353.7605318417909075;-13932.298374915460954;2357.3278889682824229
-0.29389262614623518077;-0.40450849718747472483;0;-12843.681032376660369;2170.4638518392621336;-12847.335028726529345;2173.7503717903655343
-0.26791339748949705157;-0.42216396275100837032;0;-11708.338064743662471;1978.6013426041397452;-11711.669039370101018;1981.5938919513801011
-0.24087683705085646824;-0.4381533400219324581;0;-10526.787635799968484;1778.9301978067271648;-10529.782364093762226;1781.6171749875732075
-0.21288964578253527504;-0.4524135262330102325;0;-9303.6927852895823889;1572.2384282344878557;-9306.339400737777396;1574.6097950847633911
-0.18406227634233807144;-0.46488824294412606219;0;-8043.88050980857588;1359.3417518733876932;-8046.1685624121564615;1361.3890071653199811
-0.15450849718747294848;-0.47552825814757704315;0;-6752.3227128548041946;1141.0803746418339415;-6754.2432076756431343;1142.7964869957079372
-0.1243449435824267868;-0.48429158056431570456;0;-5434.116582996206489;918.31567448160410549;-5435.6620030389349267;919.69499146934720102
-0.093690657292861884153;-0.49114362536434441608;0;-4094.4644775962419772;691.92680189272027746;-4095.6287959487440276;692.96495071367826313
-0.062666616782151865483;-0.49605735065723893795;0;-2738.6533914860915502;462.80721032805229243;-2739.4320774888715277;463.50100335788482653
-0.031395259764656603674;-0.49901336421413577948;0;-1372.0340916114664651;231.8611301407219969;-1372.4241149404085718;232.20848612713692205
-9.1848509936051484375e-17;-0.5;0;-3.513904830519632198e-12;5.9381756633634876695e-13;0.00016485009246025583707;-0.0001111455628119983885
0.031395259764656416324;-0.49901336421413577948;0;1372.0340916114596439;-231.86113014072313376;1372.4244596045191429;-232.20871401125640432
0.062666616782151671194;-0.49605735065723899346;0;2738.6533914860838195;-462.80721032805104187;2739.4324608633455682;-463.50124427770305147
0.093690657292861703742;-0.4911436253643444716;0;4094.4644775962347012;-691.92680189271891322;4095.6292253344386154;-692.965202035246989
0.12434494358242660639;-0.48429158056431576007;0;5434.1165829962001226;-918.31567448160308231;5435.6624647943890523;-919.69523742266051158
0.15450849718747278194;-0.47552825814757709866;0;6752.3227128547969187;-1141.0803746418328046;6754.2436706457574473;-1142.7967004314750739
0.18406227634233790491;-0.46488824294412611771;0;8043.8805098085695136;-1359.3417518733865563;8046.1689891537716903;-1361.3891566401891851
0.21288964578253510851;-0.45241352623301034352;0;9303.692785289569656;-1572.2384282344701205;9306.3397636829322437;-1574.6098562465901978
0.2408768370508563017;-0.43815334002193251361;0;10526.78763579995757;-1778.9301978067251184;10529.7826610350603;-1781.6171431474840574
0.26791339748949688504;-0.42216396275100842583;0;11708.338064743653376;-1978.6013426041383809;11711.669300341696726;-1981.593790145331468
0.29389262614623506975;-0.40450849718747483585;0;12843.681032376660369;-2170.4638518392621336;12847.33530494295519;-2173.7502457152309034
0.31871199487434326292;-0.38525662138789590339;0;13928.335858694592389;-2353.7605318417890885;13932.298700300591008;-2357.3277772275364441
0.34227355296434269771;-0.36448431371070727502;0;14958.021906629632213;-2527.7679943560624451;14962.277584206276515;-2531.6014951937354454
0.36448431371070411089;-0.34227355296434608389;0;15928.675475769383411;-2691.7995114239083705;15933.20713375205014;-2695.8833117665717509
0.38525662138789296129;-0.31871199487434687114;0;16836.465839925887849;-2845.2077255864096514;16841.255554269449931;-2849.5246295080310119
0.4045084971874720603;-0.293892626146238789;0;17677.810365261790139;-2987.3872047078175456;17682.839220205856691;-2991.9189446740783751
0.42216396275100598334;-0.26791339748950082633;0;18449.388649309337779;-3117.7768313395754376;18454.636813830624305;-3122.5042565428311718
0.43815334002193029317;-0.24087683705086038177;0;19148.155625081984908;-3235.8620171948114148;19153.602427727419126;-3240.7652904214451155
0.45241352623300834512;-0.21288964578253932736;0;19771.353578562615439;-3341.1767339929156151;19776.977581045732222;-3346.2355244530685923
0.46488824294412439686;-0.18406227634234223478;0;20316.523032140914438;-3433.305352660436256;20322.302102944049693;-3438.4990128312783781
0.47552825814757565537;-0.15450849718747719508;0;20781.512451047830837;-3511.8842836289522893;20787.423840846226085;-3517.1919999266960986
0.48429158056431459434;-0.12434494358243111667;0;21164.486734480404266;-3576.6034117573326512;21170.507155358376622;-3582.0043215872769906
0.49114362536434358342;-0.093690657292866269534;0;21463.934457906230818;-3627.2073202142159971;21470.040168054005335;-3632.6805913854964274
0.49605735065723838284;-0.062666616782156292498;0;21678.673837965598068;-3663.4962984915373454;21684.840732874727109;-3669.0211707871376348
0.49901336421413550193;-0.031395259764661065383;0;21807.857396430510562;-3685.3271305710045453;21814.061106672186725;-3690.8829230612973333
