0.5;0;0;21850.975304814048286;-3692.6136601319208239;21958.522072545503761;-3789.2860481905627239
0.49901336421413577948;0.03139525976465668694;0;21807.857396430517838;-3685.3271305710063643;21915.191390294668963;-3781.8213227465912496
0.49605735065723893795;0.062666616782152129161;0;21678.673837965619896;-3663.4962984915409834;21785.370455481090175;-3759.4554632740150737
0.49114362536434436057;0.093690657292862314365;0;21463.934457906267198;-3627.2073202141846195;21569.571912222727406;-3722.27340584195872
0.48429158056431553803;0.12434494358242739742;0;21164.486734480444284;-3576.6034117573399271;21268.64785659948393;-3670.4166922788276679
0.47552825814757676559;0.15450849718747369788;0;20781.512451047881768;-3511.8842836289954903;20883.78639239981203;-3604.0834066955062553
0.46488824294412572913;0.18406227634233895962;0;20316.523032140969008;-3433.3053526604116996;20416.506850508791103;-3523.5280182757992407
0.45241352623300978841;0.212889645782536302;0;19771.353578562680923;-3341.1767339929251648;19868.653707932098769;-3429.0610704144692136
0.43815334002193179197;0.24087683705085760622;0;19148.155625082050392;-3235.8620171948559801;19242.389246232280129;-3321.0486502746284714
0.42216396275100759317;0.26791339748949827282;0;18449.388649309410539;-3117.7768313395881705;18540.184989811692503;-3199.9115736442486195
0.40450849718747372563;0.29389262614623651304;0;17677.810365261862898;-2987.3872047078302785;17764.811962837946339;-3066.1242276033017333
0.38525662138789468214;0.31871199487434481723;0;16836.465839925967884;-2845.2077255864223844;16919.329800909850746;-2920.2130273066545669
0.36448431371070583173;0.34227355296434425203;0;15928.675475769459808;-2691.7995114239211034;16007.074751211617695;-2762.7544618699471357
0.34227355296434441856;0.3644843137107056652;0;14958.021906629706791;-2527.7679943560488027;15031.64659421244869;-2594.3727261506701325
0.31871199487434492825;0.38525662138789451561;0;13928.335858694665149;-2353.7605318418254683;13996.894521881544279;-2415.73695807131935
0.29389262614623667957;0.40450849718747361461;0;12843.681032376731309;-2170.4638518392744118;12906.902012328619094;-2227.5581228390242359
0.26791339748949838384;0.42216396275100748214;0;11708.338064743717041;-1978.6013426041495222;11765.970748544517846;-2030.5856039056748159
0.24087683705085766173;0.43815334002193179197;0;10526.787635800017597;-1778.9301978067355776;10578.603638732214677;-1825.6035740211561915
0.21288964578253632975;0.45241352623300978841;0;9303.6927852896242257;-1572.2384282344792155;9349.4870063829021092;-1613.4272270060844221
0.18406227634233893187;0.46488824294412572913;0;8043.8805098086140788;-1359.3417518733940597;8083.4720283646483949;-1394.898951274572255
0.15450849718747364236;0.4755282581475768211;0;6752.322712854836027;-1141.0803746418391711;6785.5555075152187783;-1170.8845197241018923
0.12434494358242727252;0.48429158056431559354;0;5434.1165829962292264;-918.31567448160785716;5460.8600715495731492;-942.26935810065538135
0.093690657292862147831;0.49114362536434436057;0;4094.4644775962542553;-691.92680189272232383;4114.6138919882969276;-709.9549366531891792
0.062666616782151907117;0.49605735065723893795;0;2738.6533914860938239;-462.80721032805274717;2752.1300153712227257;-474.85530957309850919
0.031395259764656430201;0.49901336421413577948;0;1372.0340916114596439;-231.86113014072313376;1378.7853948973099705;-237.89380539897462086
-3.0245073740886312578e-16;0.5;0;-1.3217687188087733219e-11;2.2336674489458809478e-12;-0.00029506535356038106734;0.0001486462005911879465
-0.031395259764657033885;0.49901336421413577948;0;-1372.0340916114860192;231.86113014072520855;-1378.7859850876955079;237.89410256692212897
-0.062666616782152503862;0.49605735065723888244;0;-2738.6533914861197445;462.8072103280572378;-2752.130605740493138;474.85560636838636128
-0.093690657292862744576;0.49114362536434424955;0;-4094.4644775962801759;691.92680189272664393;-4114.614482655170832;709.95523282963176825
-0.12434494358242785539;0.484291580564315427;0;-5434.1165829962546923;918.31567448161206357;-5460.860662631890591;942.26965341530251408
-0.15450849718747419748;0.47552825814757659906;0;-6752.3227128548596738;1141.0803746418548599;-6785.5560991295296844;1170.8848139383774196
-0.18406227634233951473;0.46488824294412550708;0;-8043.8805098086395446;1359.3417518733986071;-8083.4726206256700607;1394.8992441551404227
-0.21288964578253677384;0.45241352623300956637;0;-9303.6927852896424156;1572.2384282344828534;-9349.4875994029262074;1613.4275183256527271
-0.24087683705085810582;0.43815334002193151441;0;-10526.787635800035787;1778.9301978067385335;-10578.604232620420589;1825.6038635590323338
-0.26791339748949877242;0.42216396275100720459;0;-11708.33806474373705;1978.6013426041722596;-11765.971343406339656;2030.5858914482041655
-0.29389262614623706815;0.40450849718747333705;0;-12843.68103237674768;2170.463851839277595;-12906.902608264916125;2227.5584081799875094
-0.31871199487434537234;0.38525662138789418254;0;-13928.335858694683338;2353.7605318418045499;-13996.895118988024478;2415.7372410123757618
-0.34227355296434486265;0.36448431371070527662;0;-14958.0219066297268;2527.7679943560524407;-15031.647192578966497;2594.3730065017939523
-0.36448431371070627582;0.34227355296434380794;0;-15928.675475769477998;2691.7995114239238319;-16007.075350921664722;2762.7547394499397342
-0.38525662138789512623;0.31871199487434426212;0;-16836.465839925986074;2845.2077255864260223;-16919.330402040064655;2920.21330194391021
-0.40450849718747422523;0.29389262614623590242;0;-17677.810365261881088;2987.3872047078039031;-17764.812565457963501;3066.1244991365456372
-0.42216396275100803726;0.26791339748949755117;0;-18449.388649309428729;3117.7768313395913538;-18540.185593983824219;3199.9118419236174304
-0.43815334002193223606;0.24087683705085682906;0;-19148.155625082068582;3235.8620171948268762;-19242.389852011678158;3321.0489151625865816
-0.45241352623301017699;0.21288964578253544158;0;-19771.353578562699113;3341.1767339929288028;-19868.654315366675291;3429.0613317869224375
-0.46488824294412606219;0.18406227634233804369;0;-20316.52303214098356;3433.3053526604135186;-20416.507459639258741;3523.5282760231029897
-0.47552825814757709866;0.15450849718747269868;0;-20781.512451047892682;3511.8842836289622937;-20883.787003259993071;3604.0836607232836286
-0.48429158056431581558;0.12434494358242632883;0;-21164.486734480455198;3576.6034117573785807;-21268.648469216415833;3670.4169425087648051
-0.49114362536434452711;0.093690657292861190264;0;-21463.934457906270836;3627.2073202142223636;-21569.57252661675011;3722.2736522122063434
-0.49605735065723904897;0.062666616782150949549;0;-21678.673837965627172;3663.4962984915423476;-21785.37107166583155;3759.4557057393640207
-0.499013364214135835;0.031395259764655465695;0;-21807.857396430525114;3685.3271305710436536;-21915.192008277230343;3781.8215612785320445
-0.5;-1.2710352895928202744e-15;0;-21850.975304814048286;3692.6136601319208239;-21958.522692326288961;3789.2862827769854448
-0.49901336421413572397;-0.031395259764657998391;0;-21807.857396430517838;3685.3271305710063643;-21915.192010707192821;3781.8215574545770323
-0.49605735065723877142;-0.062666616782153475307;0;-21678.67383796561262;3663.4962984915391644;-21785.371076509109116;3759.4556981051996445
-0.49114362536434408302;-0.093690657292863688266;0;-21463.934457906252646;3627.2073202141828006;-21569.572533840182587;3722.2736407952447735
-0.48429158056431520496;-0.12434494358242879908;0;-21164.486734480429732;3576.6034117573371987;-21268.648478770686779;3670.4169273500697273
-0.4755282581475763215;-0.15450849718747511341;0;-20781.512451047863578;3511.8842836289577463;-20883.787015079942648;3604.0836418774219965
-0.46488824294412511851;-0.18406227634234040291;0;-20316.523032140943542;3433.3053526604412582;-20416.507473644600395;3523.5282535580154217
-0.45241352623300906677;-0.21288964578253774529;0;-19771.353578562648181;3341.1767339929547234;-19868.654331462639675;3429.061305783786338
-0.43815334002193101481;-0.2408768370508590495;0;-19148.15562508201765;3235.8620171948173265;-19242.389870089969918;3321.0488857155382902
-0.42216396275100664948;-0.26791339748949971611;0;-18449.388649309374159;3117.7768313395808946;-18540.185613923531491;3199.9118091395989723
-0.40450849718747272643;-0.29389262614623795633;0;-17677.810365261822881;2987.3872047077929892;-17764.812587126943981;3066.1244631349227348
-0.38525662138789351641;-0.31871199487434620501;0;-16836.465839925916953;2845.2077255864151084;-16919.330425296098838;2920.2132628562471837
-0.36448431371070455498;-0.3422735529643456398;0;-15928.675475769407058;2691.7995114239124632;-16007.075375613903816;2762.7546974195761322
-0.34227355296434297527;-0.36448431371070699747;0;-14958.021906629646764;2527.7679943560642641;-15031.647218549589525;2594.3729616835116758
-0.31871199487434342945;-0.38525662138789579236;0;-13928.335858694603303;2353.7605318417909075;-13996.895146073698925;2415.7371935719152134
-0.29389262614623518077;-0.40450849718747472483;0;-12843.681032376660369;2170.4638518392621336;-12906.902636298535072;2227.5583582936387756
-0.26791339748949705157;-0.42216396275100837032;0;-11708.338064743662471;1978.6013426041397452;-11765.971372218700708;2030.5858393022656401
-0.24087683705085646824;-0.4381533400219324581;0;-10526.787635799968484;1778.9301978067271648;-10578.604262041915717;1825.6038093493025372
-0.21288964578253527504;-0.4524135262330102325;0;-9303.6927852895823889;1572.2384282344878557;-9349.4876292651297263;1613.4274622567991173
-0.18406227634233807144;-0.46488824294412606219;0;-8043.88050980857588;1359.3417518733876932;-8083.4726507630002743;1394.8991864400213672
-0.15450849718747294848;-0.47552825814757704315;0;-6752.3227128548041946;1141.0803746418339415;-6785.5561293806977119;1170.8847547973957717
-0.1243449435824267868;-0.48429158056431570456;0;-5434.116582996206489;918.31567448160410549;-5460.8606928412336856;942.26959307564538904
-0.093690657292861884153;-0.49114362536434441608;0;-4094.4644775962419772;691.92680189272027746;-4114.61451267389657;709.95517152443835585
-0.062666616782151865483;-0.49605735065723893795;0;-2738.6533914860915502;462.80721032805229243;-2752.1306354277667197;474.85554433588202983
-0.031395259764656603674;-0.49901336421413577948;0;-1372.0340916114664651;231.8611301407219969;-1378.7860143115096889;237.89404004951202865
-9.1848509936051484375e-17;-0.5;0;-3.513904830519632198e-12;5.9381756633634876695e-13;-0.0003237032645508699266;8.5889500963844711318e-05
0.031395259764656416324;-0.49901336421413577948;0;1372.0340916114596439;-231.86113014072313376;1378.7853669576240918;-237.89386814710121598
0.062666616782151671194;-0.49605735065723899346;0;2738.6533914860838195;-462.80721032805104187;2752.1299882316106959;-474.85537206357588502
0.093690657292861703742;-0.4911436253643444716;0;4094.4644775962347012;-691.92680189271891322;4114.613865739929679;-709.95499863677957819
0.12434494358242660639;-0.48429158056431576007;0;5434.1165829962001226;-918.31567448160308231;5460.8600462728927596;-942.26941932895579157
0.15450849718747278194;-0.47552825814757709866;0;6752.3227128547969187;-1141.0803746418328046;6785.5554832800644363;-1170.8845799506329968
0.18406227634233790491;-0.46488824294412611771;0;8043.8805098085695136;-1359.3417518733865563;8083.4720052305128775;-1394.8990102557766022
0.21288964578253510851;-0.45241352623301034352;0;9303.692785289569656;-1572.2384282344701205;9349.4869843992910319;-1613.427284502380644
0.2408768370508563017;-0.43815334002193251361;0;10526.78763579995757;-1778.9301978067251184;10578.603617939119431;-1825.6036297979362644
0.26791339748949688504;-0.42216396275100842583;0;11708.338064743653376;-1978.6013426041383809;11765.970728973068617;-2030.5856577342892706
0.29389262614623506975;-0.40450849718747483585;0;12843.681032376660369;-2170.4638518392621336;12906.901994001633284;-2227.5581744977725975
0.31871199487434326292;-0.38525662138789590339;0;13928.335858694592389;-2353.7605318417890885;13996.894504814350512;-2415.7370073464476263
0.34227355296434269771;-0.36448431371070727502;0;14958.021906629632213;-2527.7679943560624451;15031.646578413701718;-2594.3727728372800811
0.36448431371070411089;-0.34227355296434608389;0;15928.675475769383411;-2691.7995114239083705;16007.074736684042364;-2762.7545057729366818
0.38525662138789296129;-0.31871199487434687114;0;16836.465839925887849;-2845.2077255864096514;16919.329787651182414;-2920.2130682416650416
0.4045084971874720603;-0.293892626146238789;0;17677.810365261790139;-2987.3872047078175456;17764.81195084184219;-3066.1242653975436951
0.42216396275100598334;-0.26791339748950082633;0;18449.388649309337779;-3117.7768313395754376;18540.184979068551911;-3199.9116081374618261
0.43815334002193029317;-0.24087683705086038177;0;19148.155625081984908;-3235.8620171948114148;19242.389236730403354;-3321.0486813198481286
0.45241352623300834512;-0.21288964578253932736;0;19771.353578562615439;-3341.1767339929156151;19868.65369965825812;-3429.0610978788431566
0.46488824294412439686;-0.18406227634234223478;0;20316.523032140914438;-3433.305352660436256;20416.506843449220469;-3523.5280420413159845
0.47552825814757565537;-0.15450849718747719508;0;20781.512451047830837;-3511.8842836289522893;20883.786386541170941;-3604.0834266596411908
0.48429158056431459434;-0.12434494358243111667;0;21164.486734480404266;-3576.6034117573326512;21268.647851929326862;-3670.4167083552301847
0.49114362536434358342;-0.093690657292866269534;0;21463.934457906230818;-3627.2073202142159971;21569.571908730264113;-3722.2734179608760314
0.49605735065723838284;-0.062666616782156292498;0;21678.673837965598068;-3663.4962984915373454;21785.370453157771408;-3759.4554713827437809
0.49901336421413550193;-0.031395259764661065383;0;21807.857396430510562;-3685.3271305710045453;21915.191389134542987;-3781.821326809803395
