0.5;0;0;21850.975304814048286;-3692.6136601319208239;21864.964875189452869;-3705.1441723298839861
0.49901336421413577948;0.03139525976465668694;0;21807.857396430517838;-3685.3271305710063643;21821.819308146976255;-3697.8344840553836548
0.49605735065723893795;0.062666616782152129161;0;21678.673837965619896;-3663.4962984915409834;21692.552882872321788;-3675.9341140710748732
0.49114362536434436057;0.093690657292862314365;0;21463.934457906267198;-3627.2073202141846195;21477.67579107167694;-3639.529078983069212
0.48429158056431553803;0.12434494358242739742;0;21164.486734480444284;-3576.6034117573399271;21178.036107125244598;-3588.7624067243914396
0.47552825814757676559;0.15450849718747369788;0;20781.512451047881768;-3511.8842836289954903;20794.816430747214326;-3523.8336335487938413
0.46488824294412572913;0.18406227634233895962;0;20316.523032140969008;-3433.3053526604116996;20329.529208175339591;-3444.9980940871546409
0.45241352623300978841;0.212889645782536302;0;19771.353578562680923;-3341.1767339929251648;19784.010752591813798;-3352.5659997651846425
0.43815334002193179197;0.24087683705085760622;0;19148.155625082050392;-3235.8620171948559801;19160.413989416869299;-3246.9013008940223699
0.42216396275100759317;0.26791339748949827282;0;18449.388649309410539;-3117.7768313395881705;18461.199956580341677;-3128.4203285854041496
0.40450849718747372563;0.29389262614623651304;0;17677.810365261862898;-2987.3872047078302785;17689.12809392411873;-2997.5902143123989845
0.38525662138789468214;0.31871199487434481723;0;16836.465839925967884;-2845.2077255864223844;16847.245359697069944;-2854.9270873490436315
0.36448431371070583173;0.34227355296434425203;0;15928.675475769459808;-2691.7995114239211034;15938.874215826785075;-2700.9940533222143131
0.34227355296434441856;0.3644843137107056652;0;14958.021906629706791;-2527.7679943560488027;14967.599527455951829;-2536.3989604697053437
0.31871199487434492825;0.38525662138789451561;0;13928.335858694665149;-2353.7605318418254683;13937.254421664056281;-2361.7919610694411858
0.29389262614623667957;0.40450849718747361461;0;12843.681032376731309;-2170.4638518392744118;12851.905174781810274;-2177.8628992210487922
0.26791339748949838384;0.42216396275100748214;0;11708.338064743717041;-1978.6013426041495222;11715.835190462581522;-1985.3384924648883043
0.24087683705085766173;0.43815334002193179197;0;10526.787635800017597;-1778.9301978067355776;10533.528049466553057;-1784.9793957897334167
0.21288964578253632975;0.45241352623300978841;0;9303.6927852896242257;-1572.2384282344792155;9309.6498212515762134;-1577.5771113514731496
0.18406227634233893187;0.46488824294412572913;0;8043.8805098086140788;-1359.3417518733940597;8049.0306467468562914;-1363.9507866759656736
0.15450849718747364236;0.4755282581475768211;0;6752.322712854836027;-1141.0803746418391711;6756.6456681470608601;-1144.9439210285388526
0.12434494358242727252;0.48429158056431559354;0;5434.1165829962292264;-918.31567448160785716;5437.5953843125707863;-921.42099818174949633
0.093690657292862147831;0.49114362536434436057;0;4094.4644775962542553;-691.92680189272232383;4097.0855123517776519;-694.26406191292494441
0.062666616782151907117;0.49605735065723893795;0;2738.6533914860938239;-462.80721032805274717;2740.4064372315560831;-464.36924839148616684
0.031395259764656430201;0.49901336421413577948;0;1372.0340916114596439;-231.86113014072313376;1372.9123319192797226;-232.64328738473673752
-3.0245073740886312578e-16;0.5;0;-1.3217687188087733219e-11;2.2336674489458809478e-12;3.0757818921589574757e-05;1.7876373398451050889e-05
-0.031395259764657033885;0.49901336421413577948;0;-1372.0340916114860192;231.86113014072520855;-1372.9122613102756532;232.64332407233669642
-0.062666616782152503862;0.49605735065723888244;0;-2738.6533914861197445;462.8072103280572378;-2740.4063412551900001;464.36928755099597765
-0.093690657292862744576;0.49114362536434424955;0;-4094.4644775962801759;691.92680189272664393;-4097.0853799782726128;694.26410422612900675
-0.12434494358242785539;0.484291580564315427;0;-5434.1165829962546923;918.31567448161206357;-5437.5952116992521042;921.42104333039321773
-0.15450849718747419748;0.47552825814757659906;0;-6752.3227128548596738;1141.0803746418548599;-6756.6454585738783862;1144.943968024343576
-0.18406227634233951473;0.46488824294412550708;0;-8043.8805098086395446;1359.3417518733986071;-8049.0304083765367977;1363.9508345696210654
-0.21288964578253677384;0.45241352623300956637;0;-9303.6927852896424156;1572.2384282344828534;-9309.6495631545567448;1577.5771600274547382
-0.24087683705085810582;0.43815334002193151441;0;-10526.787635800035787;1778.9301978067385335;-10533.52777708742542;1784.9794464188234997
-0.26791339748949877242;0.42216396275100720459;0;-11708.33806474373705;1978.6013426041722596;-11715.834902532773413;1985.3385471838994363
-0.29389262614623706815;0.40450849718747333705;0;-12843.68103237674768;2170.463851839277595;-12851.90486454521124;2177.8629598081747645
-0.31871199487434537234;0.38525662138789418254;0;-13928.335858694683338;2353.7605318418045499;-13937.254086105896931;2361.7920268413790836
-0.34227355296434486265;0.36448431371070527662;0;-14958.0219066297268;2527.7679943560524407;-14967.599188935804705;2536.3990263802675145
-0.36448431371070627582;0.34227355296434380794;0;-15928.675475769477998;2691.7995114239238319;-15938.873886590445181;2700.9941243395060155
-0.38525662138789512623;0.31871199487434426212;0;-16836.465839925986074;2845.2077255864260223;-16847.24505065093399;2854.9271631549881931
-0.40450849718747422523;0.29389262614623590242;0;-17677.810365261881088;2987.3872047078039031;-17689.127815210053086;2997.5902943197606874
-0.42216396275100803726;0.26791339748949755117;0;-18449.388649309428729;3117.7768313395913538;-18461.199716938663187;3128.4204119653522866
-0.43815334002193223606;0.24087683705085682906;0;-19148.155625082068582;3235.8620171948268762;-19160.413795629960077;3246.9013866274062821
-0.45241352623301017699;0.21288964578253544158;0;-19771.353578562699113;3341.1767339929288028;-19784.01060904168844;3352.5660867148103534
-0.46488824294412606219;0.18406227634233804369;0;-20316.52303214098356;3433.3053526604135186;-20329.529116545174475;3444.9981810839985883
-0.47552825814757709866;0.15450849718747269868;0;-20781.512451047892682;3511.8842836289622937;-20794.816389883875672;3523.8337194848327272
-0.48429158056431581558;0.12434494358242632883;0;-21164.486734480455198;3576.6034117573785807;-21178.03611307495521;3588.7624906433338765
-0.49114362536434452711;0.093690657292861190264;0;-21463.934457906270836;3627.2073202142223636;-21477.675837284456065;3639.5291601604176321
-0.49605735065723904897;0.062666616782150949549;0;-21678.673837965627172;3663.4962984915423476;-21692.552960566717957;3675.9341920752963233
-0.499013364214135835;0.031395259764655465695;0;-21807.857396430525114;3685.3271305710436536;-21821.819406810518558;3697.8345587846229137
-0.5;-1.2710352895928202744e-15;0;-21850.975304814048286;3692.6136601319208239;-21864.964983186342579;3705.1442440201121826
-0.49901336421413572397;-0.031395259764657998391;0;-21807.857396430517838;3685.3271305710063643;-21821.819400842716277;3697.8345428519664893
-0.49605735065723877142;-0.062666616782153475307;0;-21678.67383796561262;3663.4962984915391644;-21692.552949502511183;3675.9341613545511791
-0.49114362536434408302;-0.093690657292863688266;0;-21463.934457906252646;3627.2073202141828006;-21477.675822807948862;3639.5291168594030751
-0.48429158056431520496;-0.12434494358242879908;0;-21164.486734480429732;3576.6034117573371987;-21178.036097568539844;3588.7624378765899564
-0.4755282581475763215;-0.15450849718747511341;0;-20781.512451047863578;3511.8842836289577463;-20794.816376265265717;3523.8336610537157867
-0.46488824294412511851;-0.18406227634234040291;0;-20316.523032140943542;3433.3053526604412582;-20329.529108065355103;3444.9981212098100514
-0.45241352623300906677;-0.21288964578253774529;0;-19771.353578562648181;3341.1767339929547234;-19784.01060905578197;3352.5660297447548146
-0.43815334002193101481;-0.2408768370508590495;0;-19148.15562508201765;3235.8620171948173265;-19160.413807354419987;3246.9013367350262342
-0.42216396275100664948;-0.26791339748949971611;0;-18449.388649309374159;3117.7768313395808946;-18461.199743210625456;3128.4203728670881901
-0.40450849718747272643;-0.29389262614623795633;0;-17677.810365261822881;2987.3872047077929892;-17689.127858262934751;2997.5902690278139744
-0.38525662138789351641;-0.31871199487434620501;0;-16836.465839925916953;2845.2077255864151084;-16847.245111921642092;2854.927153783302856
-0.36448431371070455498;-0.3422735529643456398;0;-15928.675475769407058;2691.7995114239124632;-15938.873966570567063;2700.9941319759259386
-0.34227355296434297527;-0.36448431371070699747;0;-14958.021906629646764;2527.7679943560642641;-14967.599287077957342;2536.3990510318685665
-0.31871199487434342945;-0.38525662138789579236;0;-13928.335858694603303;2353.7605318417909075;-13937.25420389282408;2361.7920651020331206
-0.29389262614623518077;-0.40450849718747472483;0;-12843.681032376660369;2170.4638518392621336;-12851.904998532112586;2177.8630153123135642
-0.26791339748949705157;-0.42216396275100837032;0;-11708.338064743662471;1978.6013426041397452;-11715.83504456427363;1985.3386134026447962
-0.24087683705085646824;-0.4381533400219324581;0;-10526.787635799968484;1778.9301978067271648;-10533.527919404752538;1784.9795124149950425
-0.21288964578253527504;-0.4524135262330102325;0;-9303.6927852895823889;1572.2384282344878557;-9309.6496999126939045;1577.5772154403809964
-0.18406227634233807144;-0.46488824294412606219;0;-8043.88050980857588;1359.3417518733876932;-8049.0305354579550112;1363.950873039503449
-0.15450849718747294848;-0.47552825814757704315;0;-6752.3227128548041946;1141.0803746418339415;-6756.6455729230792713;1144.9439886443519754
-0.1243449435824267868;-0.48429158056431570456;0;-5434.116582996206489;918.31567448160410549;-5437.5953108254325343;921.42105018342283529
-0.093690657292861884153;-0.49114362536434441608;0;-4094.4644775962419772;691.92680189272027746;-4097.0854618368866795;694.26410448036449452
-0.062666616782151865483;-0.49605735065723893795;0;-2738.6533914860915502;462.80721032805229243;-2740.4064044365927657;464.36928886246164438
-0.031395259764656603674;-0.49901336421413577948;0;-1372.0340916114664651;231.8611301407219969;-1372.9123053213227195;232.64333211746125585
-9.1848509936051484375e-17;-0.5;0;-3.513904830519632198e-12;5.9381756633634876695e-13;5.3542246651883118602e-06;3.4712897603483838793e-05
0.031395259764656416324;-0.49901336421413577948;0;1372.0340916114596439;-231.86113014072313376;1372.9123236712739526;-232.64326371313256914
0.062666616782151671194;-0.49605735065723899346;0;2738.6533914860838195;-462.80721032805104187;2740.4064443046818269;-464.36922296230693519
0.093690657292861703742;-0.4911436253643444716;0;4094.4644775962347012;-691.92680189271891322;4097.0855332468881898;-694.26404106837833297
0.12434494358242660639;-0.48429158056431576007;0;5434.1165829962001226;-918.31567448160308231;5437.59541851908034;-921.42098731358225905
0.15450849718747278194;-0.47552825814757709866;0;6752.3227128547969187;-1141.0803746418328046;6756.645716363756037;-1144.943922727498375
0.18406227634233790491;-0.46488824294412611771;0;8043.8805098085695136;-1359.3417518733865563;8049.0307103229906716;-1363.9507998819783552
0.21288964578253510851;-0.45241352623301034352;0;9303.692785289569656;-1572.2384282344701205;9309.6499006868471042;-1577.5771318439435618
0.2408768370508563017;-0.43815334002193251361;0;10526.78763579995757;-1778.9301978067251184;10533.528142211593149;-1784.9794178881877542
0.26791339748949688504;-0.42216396275100842583;0;11708.338064743653376;-1978.6013426041383809;11715.835288913936893;-1985.3385112536577708
0.29389262614623506975;-0.40450849718747483585;0;12843.681032376660369;-2170.4638518392621336;12851.905266269897766;-2177.8629120795699237
0.31871199487434326292;-0.38525662138789590339;0;13928.335858694592389;-2353.7605318417890885;13937.254493348791584;-2361.7919669165980849
0.34227355296434269771;-0.36448431371070727502;0;14958.021906629632213;-2527.7679943560624451;14967.599580282852912;-2536.398955047417985
0.36448431371070411089;-0.34227355296434608389;0;15928.675475769383411;-2691.7995114239083705;15938.874250894186844;-2700.9940380143725633
0.38525662138789296129;-0.31871199487434687114;0;16836.465839925887849;-2845.2077255864096514;16847.245376685528754;-2854.9270628085250792
0.4045084971874720603;-0.293892626146238789;0;17677.810365261790139;-2987.3872047078175456;17689.128093678889854;-2997.590181764767749
0.42216396275100598334;-0.26791339748950082633;0;18449.388649309337779;-3117.7768313395754376;18461.199941015642253;-3128.4202897414384097
0.43815334002193029317;-0.24087683705086038177;0;19148.155625081984908;-3235.8620171948114148;19160.4139613536463;-3246.9012578386814312
0.45241352623300834512;-0.21288964578253932736;0;19771.353578562615439;-3341.1767339929156151;19784.010715540691308;-3352.5659548299126982
0.46488824294412439686;-0.18406227634234223478;0;20316.523032140914438;-3433.305352660436256;20329.529166078649723;-3444.9980497128763091
0.47552825814757565537;-0.15450849718747719508;0;20781.512451047830837;-3511.8842836289522893;20794.816387697868777;-3523.833592146688261
0.48429158056431459434;-0.12434494358243111667;0;21164.486734480404266;-3576.6034117573326512;21178.036067080189241;-3588.7623705418959617
0.49114362536434358342;-0.093690657292866269534;0;21463.934457906230818;-3627.2073202142159971;21477.675757578406774;-3639.5290499813254428
0.49605735065723838284;-0.062666616782156292498;0;21678.673837965598068;-3663.4962984915373454;21692.552858826271404;-3675.934093819579175
0.49901336421413550193;-0.031395259764661065383;0;21807.857396430510562;-3685.3271305710045453;21821.819295594450523;-3697.8344736486374131
