0.5;0;0;21850.975304814048286;-3692.6136601319208239;21993.111743093140831;-3820.5169050820391021
0.49901336421413577948;0.03139525976465668694;0;21807.857396430517838;-3685.3271305710063643;21949.712552241540834;-3812.9961038199917311
0.49605735065723893795;0.062666616782152129161;0;21678.673837965619896;-3663.4962984915409834;21819.686399331083521;-3790.4616793575805787
0.49114362536434436057;0.093690657292862314365;0;21463.934457906267198;-3627.2073202141846195;21603.546866021941241;-3752.9977661246557545
0.48429158056431553803;0.12434494358242739742;0;21164.486734480444284;-3576.6034117573399271;21302.147581580491533;-3700.7447301323509237
0.47552825814757676559;0.15450849718747369788;0;20781.512451047881768;-3511.8842836289954903;20916.678739470109576;-3633.8993288976780605
0.46488824294412572913;0.18406227634233895962;0;20316.523032140969008;-3433.3053526604116996;20448.662270882730809;-3552.7148350339148237
0.45241352623300978841;0.212889645782536302;0;19771.353578562680923;-3341.1767339929251648;19899.945718167902669;-3457.5010355434915255
0.43815334002193179197;0.24087683705085760622;0;19148.155625082050392;-3235.8620171948559801;19272.694854448243859;-3348.624009943123383
0.42216396275100759317;0.26791339748949827282;0;18449.388649309410539;-3117.7768313395881705;18569.385094729506818;-3226.5055913218220667
0.40450849718747372563;0.29389262614623651304;0;17677.810365261862898;-2987.3872047078302785;17792.791739657368453;-3091.6224252344973138
0.38525662138789468214;0.31871199487434481723;0;16836.465839925967884;-2845.2077255864223844;16945.979087443287426;-2944.5045609585454258
0.36448431371070583173;0.34227355296434425203;0;15928.675475769459808;-2691.7995114239211034;16032.288444338302725;-2785.7335362224994242
0.34227355296434441856;0.3644843137107056652;0;14958.021906629706791;-2527.7679943560488027;15055.325061204637677;-2615.9399475099198753
0.31871199487434492825;0.38525662138789451561;0;13928.335858694665149;-2353.7605318418254683;14018.94402457087017;-2435.8005304877442541
0.29389262614623667957;0.40450849718747361461;0;12843.681032376731309;-2170.4638518392744118;12927.235135678663937;-2246.0348058954568842
0.26791339748949838384;0.42216396275100748214;0;11708.338064743717041;-1978.6013426041495222;11784.506820194426837;-2047.4013724215878938
0.24087683705085766173;0.43815334002193179197;0;10526.787635800017597;-1778.9301978067355776;10595.269123427717204;-1840.6939471924001737
0.21288964578253632975;0.45241352623300978841;0;9303.6927852896242257;-1572.2384282344792155;9364.2158594095981243;-1626.7372647119047997
0.18406227634233893187;0.46488824294412572913;0;8043.8805098086140788;-1359.3417518733940597;8096.2059950951170322;-1406.3829455019667876
0.15450849718747364236;0.4755282581475768211;0;6752.322712854836027;-1141.0803746418391711;6796.2443613898867625;-1180.505436346743636
0.12434494358242727252;0.48429158056431559354;0;5434.1165829962292264;-918.31567448160785716;5469.4617892211344952;-949.99810595162080062
0.093690657292862147831;0.49114362536434436057;0;4094.4644775962542553;-691.92680189272232383;4121.0947707397808699;-715.76955484183008593
0.062666616782151907117;0.49605735065723893795;0;2738.6533914860938239;-462.80721032805274717;2756.4647430478398746;-478.74016896495487572
0.031395259764656430201;0.49901336421413577948;0;1372.0340916114596439;-231.86113014072313376;1380.9570855036856756;-239.83891564307714361
-3.0245073740886312578e-16;0.5;0;-1.3217687188087733219e-11;2.2336674489458809478e-12;-8.6786927568027749658e-05;-0.00035127314625782446456
-0.031395259764657033885;0.49901336421413577948;0;-1372.0340916114860192;231.86113014072520855;-1380.9572593562472775;239.83821465156475483
-0.062666616782152503862;0.49605735065723888244;0;-2738.6533914861197445;462.8072103280572378;-2756.4649177347851037;478.73947263178126832
-0.093690657292862744576;0.49114362536434424955;0;-4094.4644775962801759;691.92680189272664393;-4121.0949468116350545;715.76886625256122443
-0.12434494358242785539;0.484291580564315427;0;-5434.1165829962546923;918.31567448161206357;-5469.461967219991493;949.99742816187767858
-0.15450849718747419748;0.47552825814757659906;0;-6752.3227128548596738;1141.0803746418548599;-6796.2445418464849354;1180.504772370299861
-0.18406227634233951473;0.46488824294412550708;0;-8043.8805098086395446;1359.3417518733986071;-8096.2061785261021214;1406.3822982989722732
-0.21288964578253677384;0.45241352623300956637;0;-9303.6927852896424156;1572.2384282344828534;-9364.2160463152558805;1626.7366371772104685
-0.24087683705085810582;0.43815334002193151441;0;-10526.787635800035787;1778.9301978067385335;-10595.269314290166221;1840.6933421440617167
-0.26791339748949877242;0.42216396275100720459;0;-11708.33806474373705;1978.6013426041722596;-11784.507015475934168;2047.400792589596449
-0.29389262614623706815;0.40450849718747333705;0;-12843.68103237674768;2170.463851839277595;-12927.235335820634646;2246.034253910759162
-0.31871199487434537234;0.38525662138789418254;0;-13928.335858694683338;2353.7605318418045499;-14018.94422999282142;2435.800008871596674
-0.34227355296434486265;0.36448431371070527662;0;-14958.0219066297268;2527.7679943560524407;-15055.325272303452948;2615.9394586636803979
-0.36448431371070627582;0.34227355296434380794;0;-15928.675475769477998;2691.7995114239238319;-16032.288661487662466;2785.7330824178643525
-0.38525662138789512623;0.31871199487434426212;0;-16836.465839925986074;2845.2077255864260223;-16945.979310992825049;2944.504144328393977
-0.40450849718747422523;0.29389262614623590242;0;-17677.810365261881088;2987.3872047078039031;-17792.79196993212463;3091.6220477643146296
-0.42216396275100803726;0.26791339748949755117;0;-18449.388649309428729;3117.7768313395913538;-18569.38533202878898;3226.5052548418975675
-0.43815334002193223606;0.24087683705085682906;0;-19148.155625082068582;3235.8620171948268762;-19272.695099044689414;3348.6237161212970932
-0.45241352623301017699;0.21288964578253544158;0;-19771.353578562699113;3341.1767339929288028;-19899.945970306234813;3457.5007858788439989
-0.46488824294412606219;0.18406227634233804369;0;-20316.52303214098356;3433.3053526604135186;-20448.662530778179644;3552.7146308510341441
-0.47552825814757709866;0.15450849718747269868;0;-20781.512451047892682;3511.8842836289622937;-20916.679007307018765;3633.8991713417676692
-0.48429158056431581558;0.12434494358242632883;0;-21164.486734480455198;3576.6034117573785807;-21302.14785751060117;3700.7446201650413968
-0.49114362536434452711;0.093690657292861190264;0;-21463.934457906270836;3627.2073202142223636;-21603.547150163038168;3752.9977045204641399
-0.49605735065723904897;0.062666616782150949549;0;-21678.673837965627172;3663.4962984915423476;-21819.686691765604337;3790.4616667010245692
-0.499013364214135835;0.031395259764655465695;0;-21807.857396430525114;3685.3271305710436536;-21949.712853015629662;3812.9961405033895971
-0.5;-1.2710352895928202744e-15;0;-21850.975304814048286;3692.6136601319208239;-21993.112052215939912;3820.5169913039212588
-0.49901336421413572397;-0.031395259764657998391;0;-21807.857396430517838;3685.3271305710063643;-21949.712860644114699;3812.996189910430985
-0.49605735065723877142;-0.062666616782153475307;0;-21678.67383796561262;3663.4962984915391644;-21819.686706996508292;3790.4617653224177047
-0.49114362536434408302;-0.093690657292863688266;0;-21463.934457906252646;3627.2073202141828006;-21603.547172944665363;3752.9978519714632057
-0.48429158056431520496;-0.12434494358242879908;0;-21164.486734480429732;3576.6034117573371987;-21302.147887766212079;3700.7448158700772183
-0.4755282581475763215;-0.15450849718747511341;0;-20781.512451047863578;3511.8842836289577463;-20916.679044935794082;3633.8994145364140422
-0.46488824294412511851;-0.18406227634234040291;0;-20316.523032140943542;3433.3053526604412582;-20448.662575656308036;3552.7149205846312725
-0.45241352623300906677;-0.21288964578253774529;0;-19771.353578562648181;3341.1767339929547234;-19899.946022287982487;3457.5011210178431611
-0.43815334002193101481;-0.2408768370508590495;0;-19148.15562508201765;3235.8620171948173265;-19272.695157963542442;3348.6240953533961147
-0.42216396275100664948;-0.26791339748949971611;0;-18449.388649309374159;3117.7768313395808946;-18569.385397698344605;3226.5056766809170767
-0.40450849718747272643;-0.29389262614623795633;0;-17677.810365261822881;2987.3872047077929892;-17792.792042146826134;3091.622510555842382
-0.38525662138789351641;-0.31871199487434620501;0;-16836.465839925916953;2845.2077255864151084;-16945.979389528278261;2944.5046462561913359
-0.36448431371070455498;-0.3422735529643456398;0;-15928.675475769407058;2691.7995114239124632;-16032.288746100593926;2785.7336215109885416
-0.34227355296434297527;-0.36448431371070699747;0;-14958.021906629646764;2527.7679943560642641;-15055.325362731538917;2615.9400328042684123
-0.31871199487434342945;-0.38525662138789579236;0;-13928.335858694603303;2353.7605318417909075;-14018.944325953962107;2435.8006158032740132
-0.29389262614623518077;-0.40450849718747472483;0;-12843.681032376660369;2170.4638518392621336;-12927.235437012228431;2246.0348912475951693
-0.26791339748949705157;-0.42216396275100837032;0;-11708.338064743662471;1978.6013426041397452;-11784.507121573975382;2047.4014578255817014
-0.24087683705085646824;-0.4381533400219324581;0;-10526.787635799968484;1778.9301978067271648;-10595.269424948246524;1840.6940326629724041
-0.21288964578253527504;-0.4524135262330102325;0;-9303.6927852895823889;1572.2384282344878557;-9364.2161611639712646;1626.7373502628856841
-0.18406227634233807144;-0.46488824294412606219;0;-8043.88050980857588;1359.3417518733876932;-8096.206297172469931;1406.3830311459355471
-0.15450849718747294848;-0.47552825814757704315;0;-6752.3227128548041946;1141.0803746418339415;-6796.244663874028447;1180.5055220946860572
-0.1243449435824267868;-0.48429158056431570456;0;-5434.116582996206489;918.31567448160410549;-5469.4620921891028047;949.99819181270515855
-0.093690657292861884153;-0.49114362536434441608;0;-4094.4644775962419772;691.92680189272027746;-4121.095074260569163;715.76964082313543258
-0.062666616782151865483;-0.49605735065723893795;0;-2738.6533914860915502;462.80721032805229243;-2756.4650471812433352;478.74025507142113156
-0.031395259764656603674;-0.49901336421413577948;0;-1372.0340916114664651;231.8611301407219969;-1380.9573902993981847;239.83900187747678956
-9.1848509936051484375e-17;-0.5;0;-3.513904830519632198e-12;5.9381756633634876695e-13;-0.00021870997463224739477;0.00043763613777514365211
0.031395259764656416324;-0.49901336421413577948;0;1372.0340916114596439;-231.86113014072313376;1380.9569531306087811;-239.83812816129872658
0.062666616782151671194;-0.49605735065723899346;0;2738.6533914860838195;-462.80721032805104187;2756.4646107644935;-478.73938601736489318
0.093690657292861703742;-0.4911436253643444716;0;4094.4644775962347012;-691.92680189271891322;4121.094639092532816;-715.76877951877258965
0.12434494358242660639;-0.48429158056431576007;0;5434.1165829962001226;-918.31567448160308231;5469.4616587596328827;-949.9973413149738235
0.15450849718747278194;-0.47552825814757709866;0;6752.3227128547969187;-1141.0803746418328046;6796.2442326639020393;-1180.5046854179022375
0.18406227634233790491;-0.46488824294412611771;0;8043.8805098085695136;-1359.3417518733865563;8096.2058686514455985;-1406.3822112499976811
0.21288964578253510851;-0.45241352623301034352;0;9303.692785289569656;-1572.2384282344701205;9364.2157357893665903;-1626.7365500418154625
0.2408768370508563017;-0.43815334002193251361;0;10526.78763579995757;-1778.9301978067251184;10595.269003163857633;-1840.6932549336709144
0.26791339748949688504;-0.42216396275100842583;0;11708.338064743653376;-1978.6013426041383809;11784.506703809305691;-2047.4007053169000301
0.29389262614623506975;-0.40450849718747483585;0;12843.681032376660369;-2170.4638518392621336;12927.235023682133033;-2246.0341665897190069
0.31871199487434326292;-0.38525662138789590339;0;13928.335858694592389;-2353.7605318417890885;14018.94391745838584;-2435.7999215174363599
0.34227355296434269771;-0.36448431371070727502;0;14958.021906629632213;-2527.7679943560624451;15055.324959455203498;-2615.9393712927026172
0.36448431371070411089;-0.34227355296434608389;0;15928.675475769383411;-2691.7995114239083705;16032.288348412781488;-2785.7329950473476856
0.38525662138789296129;-0.31871199487434687114;0;16836.465839925887849;-2845.2077255864096514;16945.978997782192891;-2944.5040569762468294
0.4045084971874720603;-0.293892626146238789;0;17677.810365261790139;-2987.3872047078175456;17792.791656678818981;-3091.6219604487341712
0.42216396275100598334;-0.26791339748950082633;0;18449.388649309337779;-3117.7768313395754376;18569.385018826618762;-3226.5051675808640539
0.43815334002193029317;-0.24087683705086038177;0;19148.155625081984908;-3235.8620171948114148;19272.694785986772331;-3348.623628932147767
0.45241352623300834512;-0.21288964578253932736;0;19771.353578562615439;-3341.1767339929156151;19899.945657483262039;-3457.500698777676007
0.46488824294412439686;-0.18406227634234223478;0;20316.523032140914438;-3433.305352660436256;20448.662218277033389;-3552.7145438522225049
0.47552825814757565537;-0.15450849718747719508;0;20781.512451047830837;-3511.8842836289522893;20916.678695209346188;-3633.8990844574832408
0.48429158056431459434;-0.12434494358243111667;0;21164.486734480404266;-3576.6034117573326512;21302.147545891475602;-3700.7445334049962185
0.49114362536434358342;-0.093690657292866269534;0;21463.934457906230818;-3627.2073202142159971;21603.546839089834975;-3752.9976178915812852
0.49605735065723838284;-0.062666616782156292498;0;21678.673837965598068;-3663.4962984915373454;21819.686381296942272;-3790.4615802074108615
0.49901336421413550193;-0.031395259764661065383;0;21807.857396430510562;-3685.3271305710045453;21949.712543200537766;-3812.9960541463187838
