0.5;0;0;21850.975304814048286;-3692.6136601319208239;21919.981312472635182;-3754.5439490535623008
0.49901336421413577948;0.03139525976465668694;0;21807.857396430517838;-3685.3271305710063643;21876.726684536661196;-3747.1436585852056851
0.49605735065723893795;0.062666616782152129161;0;21678.673837965619896;-3663.4962984915409834;21747.133955559973401;-3724.9709947269834629
0.49114362536434436057;0.093690657292862314365;0;21463.934457906267198;-3627.2073202141846195;21531.714768787875073;-3688.1112556286616382
0.48429158056431553803;0.12434494358242739742;0;21164.486734480444284;-3576.6034117573399271;21231.319576682213665;-3636.7064657675073249
0.47552825814757676559;0.15450849718747369788;0;20781.512451047881768;-3511.8842836289954903;20847.134230040432158;-3570.9551434013642393
0.46488824294412572913;0.18406227634233895962;0;20316.523032140969008;-3433.3053526604116996;20380.675236593964655;-3491.1119307677827237
0.45241352623300978841;0.212889645782536302;0;19771.353578562680923;-3341.1767339929251648;19833.78371929822606;-3397.4870483888989838
0.43815334002193179197;0.24087683705085760622;0;19148.155625082050392;-3235.8620171948559801;19208.618108753071283;-3290.4455311712795265
0.42216396275100759317;0.26791339748949827282;0;18449.388649309410539;-3117.7768313395881705;18507.645606287482224;-3170.4062048275891357
0.40450849718747372563;0.29389262614623651304;0;17677.810365261862898;-2987.3872047078302785;17733.632454751474143;-3037.8403664881925579
0.38525662138789468214;0.31871199487434481723;0;16836.465839925967884;-2845.2077255864223844;16889.633053810728597;-2893.2701427701808825
0.36448431371070583173;0.34227355296434425203;0;15928.675475769459808;-2691.7995114239211034;15978.977956467941112;-2737.2665111859682838
0.34227355296434441856;0.3644843137107056652;0;14958.021906629706791;-2527.7679943560488027;15005.260784527932628;-2570.4469854367830521
0.31871199487434492825;0.38525662138789451561;0;13928.335858694665149;-2353.7605318418254683;13972.324103404980633;-2393.4729804859634896
0.29389262614623667957;0.40450849718747361461;0;12843.681032376731309;-2170.4638518392744118;12884.244301335282216;-2207.0468878971582853
0.26791339748949838384;0.42216396275100748214;0;11708.338064743717041;-1978.6013426041495222;11745.315524556848686;-2011.9089043899955414
0.24087683705085766173;0.43815334002193179197;0;10526.787635800017597;-1778.9301978067355776;10560.032727836311096;-1808.8336657446636764
0.21288964578253632975;0.45241352623300978841;0;9303.6927852896242257;-1572.2384282344792155;9333.0739080356433988;-1598.6267432413792449
0.18406227634233893187;0.46488824294412572913;0;8043.8805098086140788;-1359.3417518733940597;8069.2815962712729743;-1382.121060320917195
0.15450849718747364236;0.4755282581475768211;0;6752.322712854836027;-1141.0803746418391711;6773.6436907096967843;-1160.1732831170736517
0.12434494358242727252;0.48429158056431559354;0;5434.1165829962292264;-918.31567448160785716;5451.2737164731906887;-933.66023040647201015
0.093690657292862147831;0.49114362536434436057;0;4094.4644775962542553;-691.92680189272232383;4107.3906011381568533;-703.47533720332899065
0.062666616782151907117;0.49605735065723893795;0;2738.6533914860938239;-462.80721032805274717;2747.2980539504474109;-470.52519285842743102
0.031395259764656430201;0.49901336421413577948;0;1372.0340916114596439;-231.86113014072313376;1376.363634597985083;-235.72616044973807448
-3.0245073740886312578e-16;0.5;0;-1.3217687188087733219e-11;2.2336674489458809478e-12;-0.0024060765354434465735;-0.0010708752720063330344
-0.031395259764657033885;0.49901336421413577948;0;-1372.0340916114860192;231.86113014072520855;-1376.368434763187679;235.72402630827514258
-0.062666616782152503862;0.49605735065723888244;0;-2738.6533914861197445;462.8072103280572378;-2747.302818201516402;470.523081507392817
-0.093690657292862744576;0.49114362536434424955;0;-4094.4644775962801759;691.92680189272664393;-4107.3953056972186459;703.47326371421581825
-0.12434494358242785539;0.484291580564315427;0;-5434.1165829962546923;918.31567448161206357;-5451.2783378095418811;933.65820966962496641
-0.15450849718747419748;0.47552825814757659906;0;-6752.3227128548596738;1141.0803746418548599;-6773.6482056383683812;1160.1713297731455441
-0.18406227634233951473;0.46488824294412550708;0;-8043.8805098086395446;1359.3417518733986071;-8069.2859820510484496;1382.1191886958702071
-0.21288964578253677384;0.45241352623300956637;0;-9303.6927852896424156;1572.2384282344828534;-9333.0781424663418875;1598.624967285603816
-0.24087683705085810582;0.43815334002193151441;0;-10526.787635800035787;1778.9301978067385335;-10560.03678935472999;1808.8319989763738249
-0.26791339748949877242;0.42216396275100720459;0;-11708.33806474373705;1978.6013426041722596;-11745.319392330708069;2011.9073598429210961
-0.29389262614623706815;0.40450849718747333705;0;-12843.68103237674768;2170.463851839277595;-12884.247955354485384;2207.0454780722848227
-0.31871199487434537234;0.38525662138789418254;0;-13928.335858694683338;2353.7605318418045499;-13972.327524569600428;2393.4717173068574994
-0.34227355296434486265;0.36448431371070527662;0;-14958.0219066297268;2527.7679943560524407;-15005.263954731410195;2570.4458802078420376
-0.36448431371070627582;0.34227355296434380794;0;-15928.675475769477998;2691.7995114239238319;-15978.980858675089621;2737.2655745531551474
-0.38525662138789512623;0.31871199487434426212;0;-16836.465839925986074;2845.2077255864260223;-16889.635672129472368;2893.269384683687349
-0.40450849718747422523;0.29389262614623590242;0;-17677.810365261881088;2987.3872047078039031;-17733.634774497593753;3037.8397961665109506
-0.42216396275100803726;0.26791339748949755117;0;-18449.388649309428729;3117.7768313395913538;-18507.64761404154342;3170.4058307231034632
-0.43815334002193223606;0.24087683705085682906;0;-19148.155625082068582;3235.8620171948268762;-19208.619792409808724;3290.4453609369488731
-0.45241352623301017699;0.21288964578253544158;0;-19771.353578562699113;3341.1767339929288028;-19833.785068107314146;3397.4870888466994074
-0.46488824294412606219;0.18406227634233804369;0;-20316.52303214098356;3433.3053526604135186;-20380.676241193355963;3491.1121878790427218
-0.47552825814757709866;0.15450849718747269868;0;-20781.512451047892682;3511.8842836289622937;-20847.134882481572276;3570.9556222397291094
-0.48429158056431581558;0.12434494358242632883;0;-21164.486734480455198;3576.6034117573785807;-21231.319870448718575;3636.7071704952727487
-0.49114362536434452711;0.093690657292861190264;0;-21463.934457906270836;3627.2073202142223636;-21531.714698807783861;3688.1121894771417828
-0.49605735065723904897;0.062666616782150949549;0;-21678.673837965627172;3663.4962984915423476;-21747.133518212238414;3724.9721599817321476
-0.499013364214135835;0.031395259764655465695;0;-21807.857396430525114;3685.3271305710436536;-21876.72587765305434;3747.1450565768304841
-0.5;-1.2710352895928202744e-15;0;-21850.975304814048286;3692.6136601319208239;-21919.980135335124942;3754.5455801544767382
-0.49901336421413572397;-0.031395259764657998391;0;-21807.857396430517838;3685.3271305710063643;-21876.725515336271201;3747.1452841304926551
-0.49605735065723877142;-0.062666616782153475307;0;-21678.67383796561262;3663.4962984915391644;-21747.132794898603606;3724.9726142189288112
-0.49114362536434408302;-0.093690657292863688266;0;-21463.934457906252646;3627.2073202141828006;-21531.713617135454115;3688.1128686628990181
-0.48429158056431520496;-0.12434494358242879908;0;-21164.486734480429732;3576.6034117573371987;-21231.318434369994065;3636.7080720401058898
-0.4755282581475763215;-0.15450849718747511341;0;-20781.512451047863578;3511.8842836289577463;-20847.133097256311885;3570.9567427146439513
-0.46488824294412511851;-0.18406227634234040291;0;-20316.523032140943542;3433.3053526604412582;-20380.674113379402115;3491.1135230343516014
-0.45241352623300906677;-0.21288964578253774529;0;-19771.353578562648181;3341.1767339929547234;-19833.782605547108687;3397.4886336340227899
-0.43815334002193101481;-0.2408768370508590495;0;-19148.15562508201765;3235.8620171948173265;-19208.617004212464963;3290.4471095334197344
-0.42216396275100664948;-0.26791339748949971611;0;-18449.388649309374159;3117.7768313395808946;-18507.644510560094204;3170.4077765571128111
-0.40450849718747272643;-0.29389262614623795633;0;-17677.810365261822881;2987.3872047077929892;-17733.631367300789861;3037.8419319439171886
-0.38525662138789351641;-0.31871199487434620501;0;-16836.465839925916953;2845.2077255864151084;-16889.631973967680096;2893.2717024142170885
-0.36448431371070455498;-0.3422735529643456398;0;-15928.675475769407058;2691.7995114239124632;-15978.976883440571328;2737.2680655763510913
-0.34227355296434297527;-0.36448431371070699747;0;-14958.021906629646764;2527.7679943560642641;-15005.259717412802274;2570.4485352185565716
-0.31871199487434342945;-0.38525662138789579236;0;-13928.335858694603303;2353.7605318417909075;-13972.323041201332671;2393.4745263803520174
-0.29389262614623518077;-0.40450849718747472483;0;-12843.681032376660369;2170.4638518392621336;-12884.243242960877978;2207.0484306894736619
-0.26791339748949705157;-0.42216396275100837032;0;-11708.338064743662471;1978.6013426041397452;-11745.314468865808522;2011.9104449161757202
-0.24087683705085646824;-0.4381533400219324581;0;-10526.787635799968484;1778.9301978067271648;-10560.031673638193752;1808.8352048769177145
-0.21288964578253527504;-0.4524135262330102325;0;-9303.6927852895823889;1572.2384282344878557;-9333.0728541156240681;1598.6282818732295254
-0.18406227634233807144;-0.46488824294412606219;0;-8043.88050980857588;1359.3417518733876932;-8069.280541410825208;1382.1225993519133226
-0.15450849718747294848;-0.47552825814757704315;0;-6752.3227128548041946;1141.0803746418339415;-6773.6426337069769943;1160.1748234375925222
-0.1243449435824267868;-0.48429158056431570456;0;-5434.116582996206489;918.31567448160410549;-5451.2726561630879587;933.66177288282892732
-0.093690657292861884153;-0.49114362536434441608;0;-4094.4644775962419772;691.92680189272027746;-4107.3895364113104733;703.47688266355169162
-0.062666616782151865483;-0.49605735065723893795;0;-2738.6533914860915502;462.80721032805229243;-2747.2969837708265004;470.52674207898672876
-0.031395259764656603674;-0.49901336421413577948;0;-1372.0340916114664651;231.8611301407219969;-1376.3625580188984259;235.72771414336156681
-9.1848509936051484375e-17;-0.5;0;-3.513904830519632198e-12;5.9381756633634876695e-13;0.0034898983289934903951;0.0026296801300631500453
0.031395259764656416324;-0.49901336421413577948;0;1372.0340916114596439;-231.86113014072313376;1376.3695265552553337;-235.72246183796562491
0.062666616782151671194;-0.49605735065723899346;0;2738.6533914860838195;-462.80721032805104187;2747.3039185655252368;-470.52151090920517618
0.093690657292861703742;-0.4911436253643444716;0;4094.4644775962347012;-691.92680189271891322;4107.3964151006548491;-703.4716866237611157
0.12434494358242660639;-0.48429158056431576007;0;5434.1165829962001226;-918.31567448160308231;5451.2794565793519723;-933.65662582519917123
0.15450849718747278194;-0.47552825814757709866;0;6752.3227128547969187;-1141.0803746418328046;6773.6493339564740381;-1160.1697390187655401
0.18406227634233790491;-0.46488824294412611771;0;8043.8805098085695136;-1359.3417518733865563;8069.2871199517112473;-1382.117590982759566
0.21288964578253510851;-0.45241352623301034352;0;9303.692785289569656;-1572.2384282344701205;9333.0792898354393401;-1598.623362672091389
0.2408768370508563017;-0.43815334002193251361;0;10526.78763579995757;-1778.9301978067251184;10560.037945930922433;-1808.8303876263973962
0.26791339748949688504;-0.42216396275100842583;0;11708.338064743653376;-1978.6013426041383809;11745.320557708626438;-2011.9057420230401476
0.29389262614623506975;-0.40450849718747483585;0;12843.681032376660369;-2170.4638518392621336;12884.249128990137251;-2207.0438541473095029
0.31871199487434326292;-0.38525662138789590339;0;13928.335858694592389;-2353.7605318417890885;13972.328705787762374;-2393.4700877342484091
0.34227355296434269771;-0.36448431371070727502;0;14958.021906629632213;-2527.7679943560624451;15005.265142735444897;-2570.4442455306893862
0.36448431371070411089;-0.34227355296434608389;0;15928.675475769383411;-2691.7995114239083705;15978.982052558865689;-2737.2639353921763359
0.38525662138789296129;-0.31871199487434687114;0;16836.465839925887849;-2845.2077255864096514;16889.636870891488797;-2893.2677417279946894
0.4045084971874720603;-0.293892626146238789;0;17677.810365261790139;-2987.3872047078175456;17733.635977056925185;-3037.8381501634985398
0.42216396275100598334;-0.26791339748950082633;0;18449.388649309337779;-3117.7768313395754376;18507.648819255668059;-3170.4041824673167866
0.43815334002193029317;-0.24087683705086038177;0;19148.155625081984908;-3235.8620171948114148;19208.620999093483988;-3290.443711258440544
0.45241352623300834512;-0.21288964578253932736;0;19771.353578562615439;-3341.1767339929156151;19833.786275052352721;-3397.4854385986541274
0.46488824294412439686;-0.18406227634234223478;0;20316.523032140914438;-3433.305352660436256;20380.677447188838414;-3491.1105379249775069
0.47552825814757565537;-0.15450849718747719508;0;20781.512451047830837;-3511.8842836289522893;20847.136086333950516;-3570.9539734405698255
0.48429158056431459434;-0.12434494358243111667;0;21164.486734480404266;-3576.6034117573326512;21231.321071001202654;-3636.7055236963688003
0.49114362536434358342;-0.093690657292866269534;0;21463.934457906230818;-3627.2073202142159971;21531.715894958808349;-3688.1105454952680702
0.49605735065723838284;-0.062666616782156292498;0;21678.673837965598068;-3663.4962984915373454;21747.134708932753711;-3724.970519592573055
0.49901336421413550193;-0.031395259764661065383;0;21807.857396430510562;-3685.3271305710045453;21876.727062001806189;-3747.1434205028672295
