0.5;0;0;21850.975304814048286;-3692.6136601319208239;21869.122838905455865;-3708.8707159151381347
0.49901336421413577948;0.03139525976465668694;0;21807.857396430517838;-3685.3271305710063643;21825.969026500755717;-3701.5541569428528419
0.49605735065723893795;0.062666616782152129161;0;21678.673837965619896;-3663.4962984915409834;21696.677939492717996;-3679.6331782361485239
0.49114362536434436057;0.093690657292862314365;0;21463.934457906267198;-3627.2073202141846195;21481.759879672961688;-3643.1937476825410158
0.48429158056431553803;0.12434494358242739742;0;21164.486734480444284;-3576.6034117573399271;21182.063101355666731;-3592.378825811709703
0.47552825814757676559;0.15450849718747369788;0;20781.512451047881768;-3511.8842836289954903;20798.770450002826692;-3527.3878823943741736
0.46488824294412572913;0.18406227634233895962;0;20316.523032140969008;-3433.3053526604116996;20333.394678711170855;-3448.4762111616773836
0.45241352623300978841;0.212889645782536302;0;19771.353578562680923;-3341.1767339929251648;19787.772463975587016;-3355.9540354842743
0.43815334002193179197;0.24087683705085760622;0;19148.155625082050392;-3235.8620171948559801;19164.057147032246576;-3250.1853975919161712
0.42216396275100759317;0.26791339748949827282;0;18449.388649309410539;-3117.7768313395881705;18464.71023136245276;-3131.5868247538078322
0.40450849718747372563;0.29389262614623651304;0;17677.810365261862898;-2987.3872047078302785;17692.49167072450291;-3000.6257677731855438
0.38525662138789468214;0.31871199487434481723;0;16836.465839925967884;-2845.2077255864223844;16850.448985579896544;-2857.818810067607501
0.36448431371070583173;0.34227355296434425203;0;15928.675475769459808;-2691.7995114239211034;15941.905249220435508;-2703.7296493019834998
0.34227355296434441856;0.3644843137107056652;0;14958.021906629706791;-2527.7679943560488027;14970.445988493436744;-2538.9668577251277384
0.31871199487434492825;0.38525662138789451561;0;13928.335858694665149;-2353.7605318418254683;13939.905047919643039;-2364.1814316947461521
0.29389262614623667957;0.40450849718747361461;0;12843.681032376731309;-2170.4638518392744118;12854.349470250564991;-2180.0641449995923722
0.26791339748949838384;0.42216396275100748214;0;11708.338064743717041;-1978.6013426041495222;11718.063451078587605;-1987.3427241650679207
0.24087683705085766173;0.43815334002193179197;0;10526.787635800017597;-1778.9301978067355776;10535.531429838947588;-1786.7788666612295856
0.21288964578253632975;0.45241352623300978841;0;9303.6927852896242257;-1572.2384282344792155;9311.4203842062288459;-1579.1651246204448853
0.18406227634233893187;0.46488824294412572913;0;8043.8805098086140788;-1359.3417518733940597;8050.5613992295157004;-1365.3216771968125158
0.15450849718747364236;0.4755282581475768211;0;6752.322712854836027;-1141.0803746418391711;6757.9305863307608888;-1146.0930140710277101
0.12434494358242727252;0.48429158056431559354;0;5434.1165829962292264;-918.31567448160785716;5438.6294303155364105;-922.34455093007125015
0.093690657292862147831;0.49114362536434436057;0;4094.4644775962542553;-691.92680189272232383;4097.8646447216979141;-694.95919524565033498
0.062666616782151907117;0.49605735065723893795;0;2738.6533914860938239;-462.80721032805274717;2740.9276171652891207;-464.83387761981413178
0.031395259764656430201;0.49901336421413577948;0;1372.0340916114596439;-231.86113014072313376;1373.1735269469393188;-232.87606069697338285
-3.0245073740886312578e-16;0.5;0;-1.3217687188087733219e-11;2.2336674489458809478e-12;0.00021724600966432916493;-0.00023450084538012561097
-0.031395259764657033885;0.49901336421413577948;0;-1372.0340916114860192;231.86113014072520855;-1373.1730960121826683;232.87559563086571757
-0.062666616782152503862;0.49605735065723888244;0;-2738.6533914861197445;462.8072103280572378;-2740.9271968482457851;464.83342429850858935
-0.093690657292862744576;0.49114362536434424955;0;-4094.4644775962801759;691.92680189272664393;-4097.8642419212483219;694.95876129321629833
-0.12434494358242785539;0.484291580564315427;0;-5434.1165829962546923;918.31567448161206357;-5438.6290516635453969;922.34414366533871998
-0.15450849718747419748;0.47552825814757659906;0;-6752.3227128548596738;1141.0803746418548599;-6757.9302380902809091;1146.0926403921914698
-0.18406227634233951473;0.46488824294412550708;0;-8043.8805098086395446;1359.3417518733986071;-8050.5610871975241025;1365.3213434727042568
-0.21288964578253677384;0.45241352623300956637;0;-9303.6927852896424156;1572.2384282344828534;-9311.4201136229021358;1579.1648365900762201
-0.24087683705085810582;0.43815334002193151441;0;-10526.787635800035787;1778.9301978067385335;-10535.531205304328978;1786.7786293433252922
-0.26791339748949877242;0.42216396275100720459;0;-11708.33806474373705;1978.6013426041722596;-11718.063276478047555;1987.3425417786372691
-0.29389262614623706815;0.40450849718747333705;0;-12843.68103237674768;2170.463851839277595;-12854.349348691042906;2180.064020897249975
-0.31871199487434537234;0.38525662138789418254;0;-13928.335858694683338;2353.7605318418045499;-13939.904981676168973;2364.1813683094705993
-0.34227355296434486265;0.36448431371070527662;0;-14958.0219066297268;2527.7679943560524407;-14970.445978969144562;2538.9668565315073465
-0.36448431371070627582;0.34227355296434380794;0;-15928.675475769477998;2691.7995114239238319;-15941.905296919561806;2703.7297107922568102
-0.38525662138789512623;0.31871199487434426212;0;-16836.465839925986074;2845.2077255864260223;-16850.449090094949497;2857.8189337434200752
-0.40450849718747422523;0.29389262614623590242;0;-17677.810365261881088;2987.3872047078039031;-17692.491830737704731;3000.625952152721311
-0.42216396275100803726;0.26791339748949755117;0;-18449.388649309428729;3117.7768313395913538;-18464.710444663411181;3131.58706739458421
-0.43815334002193223606;0.24087683705085682906;0;-19148.155625082068582;3235.8620171948268762;-19164.057410549539782;3250.1856951287600168
-0.45241352623301017699;0.21288964578253544158;0;-19771.353578562699113;3341.1767339929288028;-19787.772773823657189;3355.9543836820730576
-0.46488824294412606219;0.18406227634233804369;0;-20316.52303214098356;3433.3053526604135186;-20333.395030250998389;3448.4766049819645559
-0.47552825814757709866;0.15450849718747269868;0;-20781.512451047892682;3511.8842836289622937;-20798.770837916763412;3527.3883160749819581
-0.48429158056431581558;0.12434494358242632883;0;-21164.486734480455198;3576.6034117573785807;-21182.063519733332214;3592.3792929580463351
-0.49114362536434452711;0.093690657292861190264;0;-21463.934457906270836;3627.2073202142223636;-21481.760322108453693;3643.194241369116753
-0.49605735065723904897;0.062666616782150949549;0;-21678.673837965627172;3663.4962984915423476;-21696.678399190303026;3679.6336911168286861
-0.499013364214135835;0.031395259764655465695;0;-21807.857396430525114;3685.3271305710436536;-21825.96949638782462;3701.5546813677851787
-0.5;-1.2710352895928202744e-15;0;-21850.975304814048286;3692.6136601319208239;-21869.123311750012363;3708.8712440528533989
-0.49901336421413572397;-0.031395259764657998391;0;-21807.857396430517838;3685.3271305710063643;-21825.969519326597947;3701.55469130887559
-0.49605735065723877142;-0.062666616782153475307;0;-21678.67383796561262;3663.4962984915391644;-21696.678444724937435;3679.6337108423131212
-0.49114362536434408302;-0.093690657292863688266;0;-21463.934457906252646;3627.2073202141828006;-21481.760389557421149;3643.1942705680967265
-0.48429158056431520496;-0.12434494358242879908;0;-21164.486734480429732;3576.6034117573371987;-21182.06360808579484;3592.3793311704089319
-0.4755282581475763215;-0.15450849718747511341;0;-20781.512451047863578;3511.8842836289577463;-20798.770945845397364;3527.3883626988022115
-0.46488824294412511851;-0.18406227634234040291;0;-20316.523032140943542;3433.3053526604412582;-20333.39515613023832;3448.4766592831033449
-0.45241352623300906677;-0.21288964578253774529;0;-19771.353578562648181;3341.1767339929547234;-19787.772915751265828;3355.9544448058468333
-0.43815334002193101481;-0.2408768370508590495;0;-19148.15562508201765;3235.8620171948173265;-19164.057566372834117;3250.1857621135086447
-0.42216396275100664948;-0.26791339748949971611;0;-18449.388649309374159;3117.7768313395808946;-18464.710612008875614;3131.5871391867999591
-0.40450849718747272643;-0.29389262614623795633;0;-17677.810365261822881;2987.3872047077929892;-17692.492007044667844;3000.6260276236062055
-0.38525662138789351641;-0.31871199487434620501;0;-16836.465839925916953;2845.2077255864151084;-16850.449272651916544;2857.819011706499623
-0.36448431371070455498;-0.3422735529643456398;0;-15928.675475769407058;2691.7995114239124632;-15941.905482904185192;2703.7297900217695314
-0.34227355296434297527;-0.36448431371070699747;0;-14958.021906629646764;2527.7679943560642641;-14970.446165489658597;2538.9669357815078001
-0.31871199487434342945;-0.38525662138789579236;0;-13928.335858694603303;2353.7605318417909075;-13939.905165815185683;2364.1814463328964848
-0.29389262614623518077;-0.40450849718747472483;0;-12843.681032376660369;2170.4638518392621336;-12854.349527550693892;2180.0640964652352523
-0.26791339748949705157;-0.42216396275100837032;0;-11708.338064743662471;1978.6013426041397452;-11718.063447225149503;1987.3426136992804913
-0.24087683705085646824;-0.4381533400219324581;0;-10526.787635799968484;1778.9301978067271648;-10535.531365215634651;1786.7786964801439353
-0.21288964578253527504;-0.4524135262330102325;0;-9303.6927852895823889;1572.2384282344878557;-9311.4202601295583008;1579.1648978793805327
-0.18406227634233807144;-0.46488824294412606219;0;-8043.88050980857588;1359.3417518733876932;-8050.5612179273839502;1365.3213979399231448
-0.15450849718747294848;-0.47552825814757704315;0;-6752.3227128548041946;1141.0803746418339415;-6757.9303509079372816;1146.0926871671142635
-0.1243449435824267868;-0.48429158056431570456;0;-5434.116582996206489;918.31567448160410549;-5438.629144707209889;922.34418199553590512
-0.093690657292861884153;-0.49114362536434441608;0;-4094.4644775962419772;691.92680189272027746;-4097.8643136352402507;694.95879055589432483
-0.062666616782151865483;-0.49605735065723893795;0;-2738.6533914860915502;462.80721032805229243;-2740.9272460111069449;464.83344401044860206
-0.031395259764656603674;-0.49901336421413577948;0;-1372.0340916114664651;231.8611301407219969;-1373.1731217591343466;232.87560545632001663
-9.1848509936051484375e-17;-0.5;0;-3.513904830519632198e-12;5.9381756633634876695e-13;0.0002154062149462010467;-0.00023474457836769602181
0.031395259764656416324;-0.49901336421413577948;0;1372.0340916114596439;-231.86113014072313376;1373.1735491215474667;-232.87607103591710711
0.062666616782151671194;-0.49605735065723899346;0;2738.6533914860838195;-462.80721032805104187;2740.9276630735766958;-464.83389792255059092
0.093690657292861703742;-0.4911436253643444716;0;4094.4644775962347012;-691.92680189271891322;4097.8647136976378533;-694.95922522450439374
0.12434494358242660639;-0.48429158056431576007;0;5434.1165829962001226;-918.31567448160308231;5438.6295213172161311;-922.34459014468563964
0.15450849718747278194;-0.47552825814757709866;0;6752.3227128547969187;-1141.0803746418328046;6757.9306979562625202;-1146.0930619346654566
0.18406227634233790491;-0.46488824294412611771;0;8043.8805098085695136;-1359.3417518733865563;8050.5615297391332206;-1365.321732984657956
0.21288964578253510851;-0.45241352623301034352;0;9303.692785289569656;-1572.2384282344701205;9311.4205315504095779;-1579.1651874801743816
0.2408768370508563017;-0.43815334002193251361;0;10526.78763579995757;-1778.9301978067251184;10535.531591691762515;-1786.778935625768554
0.26791339748949688504;-0.42216396275100842583;0;11708.338064743653376;-1978.6013426041383809;11718.063624875747337;-1987.3427981669708515
0.29389262614623506975;-0.40450849718747483585;0;12843.681032376660369;-2170.4638518392621336;12854.349653231683988;-2180.064222887442611
0.31871199487434326292;-0.38525662138789590339;0;13928.335858694592389;-2353.7605318417890885;13939.905237173266869;-2364.1815122509260618
0.34227355296434269771;-0.36448431371070727502;0;14958.021906629632213;-2527.7679943560624451;14970.446181004954269;-2538.9669396848089491
0.36448431371070411089;-0.34227355296434608389;0;15928.675475769383411;-2691.7995114239083705;15941.905441921493548;-2703.7297313729059169
0.38525662138789296129;-0.31871199487434687114;0;16836.465839925887849;-2845.2077255864096514;16850.44917539830567;-2857.8188909509358382
0.4045084971874720603;-0.293892626146238789;0;17677.810365261790139;-2987.3872047078175456;17692.491854633932235;-3000.6258461841453027
0.42216396275100598334;-0.26791339748950082633;0;18449.388649309337779;-3117.7768313395754376;18464.710406431622687;-3131.5868994426523386
0.43815334002193029317;-0.24087683705086038177;0;19148.155625081984908;-3235.8620171948114148;19164.057310471904202;-3250.1854673645384537
0.45241352623300834512;-0.21288964578253932736;0;19771.353578562615439;-3341.1767339929156151;19787.772613182987698;-3355.9540992218835527
0.46488824294412439686;-0.18406227634234223478;0;20316.523032140914438;-3433.305352660436256;20333.3948113115257;-3448.4762678395286457
0.47552825814757565537;-0.15450849718747719508;0;20781.512451047830837;-3511.8842836289522893;20798.770563886922901;-3527.387931099103298
0.48429158056431459434;-0.12434494358243111667;0;21164.486734480404266;-3576.6034117573326512;21182.063194712951372;-3592.3788657568311464
0.49114362536434358342;-0.093690657292866269534;0;21463.934457906230818;-3627.2073202142159971;21481.759951020030712;-3643.1937782218783468
0.49605735065723838284;-0.062666616782156292498;0;21678.673837965598068;-3663.4962984915373454;21696.677987696206401;-3679.6331988750903292
0.49901336421413550193;-0.031395259764661065383;0;21807.857396430510562;-3685.3271305710045453;21825.969050795367366;-3701.5541673467018882
