0.5;0;0;328.43067193646646729;1158.3390236590323639;328.55157292854164552;1158.36655464695923
0.49901336421413577948;0.03139525976465668694;0;328.43067193646646729;1158.3390236590323639;328.55157127480856616;1158.366549604117381
0.49605735065723893795;0.062666616782152129161;0;328.43067193646646729;1158.3390236590323639;328.55156684924509136;1158.3665351423799166
0.49114362536434436057;0.093690657292862314365;0;328.43067193646646729;1158.3390236590323639;328.55156018516782979;1158.3665130879271601
0.48429158056431553803;0.12434494358242739742;0;328.43067193646646729;1158.3390236590323639;328.55155208975662617;1158.3664862209736839
0.47552825814757676559;0.15450849718747369788;0;328.43067193646851365;1158.3390236590321365;328.55154354112534065;1158.3664579173041602
0.46488824294412572913;0.18406227634233895962;0;328.43067193646646729;1158.3390236590323639;328.55153556431412198;1158.3664317155730714
0.45241352623300978841;0.212889645782536302;0;328.43067193646646729;1158.3390236590323639;328.55152910268606092;1158.3664108687551106
0.43815334002193179197;0.24087683705085760622;0;328.43067193646851365;1158.3390236590321365;328.55152490196888948;1158.3663979390430541
0.42216396275100759317;0.26791339748949827282;0;328.43067193646646729;1158.3390236590323639;328.55152342185726866;1158.366394489600907
0.40450849718747372563;0.29389262614623651304;0;328.43067193646851365;1158.3390236590321365;328.55152478676546934;1158.3664009126609926
0.38525662138789468214;0.31871199487434481723;0;328.43067193646646729;1158.3390236590323639;328.55152878123817572;1158.3664164148624423
0.36448431371070583173;0.34227355296434425203;0;328.43067193646646729;1158.3390236590323639;328.55153489011559031;1158.3664391585575686
0.34227355296434441856;0.3644843137107056652;0;328.43067193646646729;1158.3390236590323639;328.55154237670058137;1158.3664665370849889
0.31871199487434492825;0.38525662138789451561;0;328.43067193646851365;1158.3390236590321365;328.55155230216172413;1158.3664935676931691
0.29389262614623667957;0.40450849718747361461;0;328.43067193646646729;1158.3390236590323639;328.55156222906384755;1158.3665217748689429
0.26791339748949838384;0.42216396275100748214;0;328.43067193646646729;1158.3390236590323639;328.55156863662523392;1158.3665458989516992
0.24087683705085766173;0.43815334002193179197;0;328.43067193646646729;1158.3390236590323639;328.55157106660976751;1158.3665633020132191
0.21288964578253632975;0.45241352623300978841;0;328.43067193646646729;1158.3390236590323639;328.55157059059467883;1158.3665733230625392
0.18406227634233893187;0.46488824294412572913;0;328.43067193646646729;1158.3390236590323639;328.55156873342883728;1158.366576676236491
0.15450849718747364236;0.4755282581475768211;0;328.43067193646646729;1158.3390236590323639;328.55156680768317301;1158.3665749110580236
0.12434494358242727252;0.48429158056431559354;0;328.43067193646646729;1158.3390236590323639;328.55156559782585646;1158.3665699519012833
0.093690657292862147831;0.49114362536434436057;0;328.43067193646646729;1158.3390236590323639;328.55156531701209133;1158.3665637324966156
0.062666616782151907117;0.49605735065723893795;0;328.43067193646646729;1158.3390236590323639;328.55156574780141909;1158.3665579351554697
0.031395259764656430201;0.49901336421413577948;0;328.43067193646851365;1158.3390236590321365;328.55156647469988229;1158.3665538320155974
-3.0245073740886312578e-16;0.5;0;328.43067193646646729;1158.3390236590323639;328.55156712267870489;1158.3665522116398279
-0.031395259764657033885;0.49901336421413577948;0;328.43067193646646729;1158.3390236590323639;328.55156753182063767;1158.3665533625476201
-0.062666616782152503862;0.49605735065723888244;0;328.43067193646646729;1158.3390236590323639;328.55156782228482371;1158.366557082469626
-0.093690657292862744576;0.49114362536434424955;0;328.43067193646646729;1158.3390236590323639;328.5515683322180962;1158.3665626889960549
-0.12434494358242785539;0.484291580564315427;0;328.43067193646646729;1158.3390236590323639;328.55156944214576242;1158.3665690248585634
-0.15450849718747419748;0.47552825814757659906;0;328.43067193646851365;1158.3390236590321365;328.55157132852752966;1158.3665744755160176
-0.18406227634233951473;0.46488824294412550708;0;328.43067193646646729;1158.3390236590323639;328.55157371607657524;1158.3665770418685952
-0.21288964578253677384;0.45241352623300956637;0;328.43067193646646729;1158.3390236590323639;328.55157572130275412;1158.3665745317000528
-0.24087683705085810582;0.43815334002193151441;0;328.43067193646646729;1158.3390236590323639;328.55157589847340205;1158.3665649434776697
-0.26791339748949877242;0.42216396275100720459;0;328.43067193646851365;1158.3390236590321365;328.55157261407089209;1158.3665471103229265
-0.29389262614623706815;0.40450849718747333705;0;328.43067193646646729;1158.3390236590323639;328.55156488618212052;1158.3665216494719061
-0.31871199487434537234;0.38525662138789418254;0;328.43067193646646729;1158.3390236590323639;328.55155383089180532;1158.3664922203874994
-0.34227355296434486265;0.36448431371070527662;0;328.43067193646646729;1158.3390236590323639;328.55154485696613165;1158.366467035058804
-0.36448431371070627582;0.34227355296434380794;0;328.43067193646646729;1158.3390236590323639;328.55153691608234112;1158.3664393557298808
-0.38525662138789512623;0.31871199487434426212;0;328.43067193646646729;1158.3390236590323639;328.55153026550516415;1158.3664163224882486
-0.40450849718747422523;0.29389262614623590242;0;328.43067193646646729;1158.3390236590323639;328.55152565811818022;1158.3664005588743748
-0.42216396275100803726;0.26791339748949755117;0;328.43067193646646729;1158.3390236590323639;328.55152362792597387;1158.3663939163272971
-0.43815334002193223606;0.24087683705085682906;0;328.43067193646646729;1158.3390236590323639;328.55152441105605021;1158.3663971982450676
-0.45241352623301017699;0.21288964578253544158;0;328.43067193646646729;1158.3390236590323639;328.55152790495566251;1158.3664100181449612
-0.46488824294412606219;0.18406227634233804369;0;328.43067193646646729;1158.3390236590323639;328.55153367206605708;1158.3664308142838308
-0.47552825814757709866;0.15450849718747269868;0;328.43067193646646729;1158.3390236590323639;328.55154098835708965;1158.3664570217429173
-0.48429158056431581558;0.12434494358242632883;0;328.43067193646851365;1158.3390236590321365;328.55154893073569156;1158.3664853812617821
-0.49114362536434452711;0.093690657292861190264;0;328.43067193646851365;1158.3390236590321365;328.55155649249456928;1158.3665123450464307
-0.49605735065723904897;0.062666616782150949549;0;328.43067193646646729;1158.3390236590323639;328.55156271113389721;1158.3665345263732434
-0.499013364214135835;0.031395259764655465695;0;328.43067193646851365;1158.3390236590321365;328.55156679189843771;1158.3665491331335033
-0.5;-1.2710352895928202744e-15;0;328.43067193646646729;1158.3390236590323639;328.55156821031187064;1158.3665543274414631
-0.49901336421413572397;-0.031395259764657998391;0;328.43067193646646729;1158.3390236590323639;328.55156677998547821;1158.366549463061574
-0.49605735065723877142;-0.062666616782153475307;0;328.43067193646646729;1158.3390236590323639;328.55156267655246438;1158.3665351686720442
-0.49114362536434408302;-0.093690657292863688266;0;328.43067193646646729;1158.3390236590323639;328.55155641431230151;1158.3665132659009487
-0.48429158056431520496;-0.12434494358242879908;0;328.43067193646646729;1158.3390236590323639;328.55154877923484946;1158.3664865331013516
-0.4755282581475763215;-0.15450849718747511341;0;328.43067193646646729;1158.3390236590323639;328.55154072683302502;1158.3664583467445937
-0.46488824294412511851;-0.18406227634234040291;0;328.43067193646851365;1158.3390236590321365;328.55153325910458761;1158.3664322484521563
-0.45241352623300906677;-0.21288964578253774529;0;328.43067193646851365;1158.3390236590321365;328.55152729692031244;1158.3664114957787206
-0.43815334002193101481;-0.2408768370508590495;0;328.43067193646646729;1158.3390236590323639;328.55152356470000541;1158.3663986563028629
-0.42216396275100664948;-0.26791339748949971611;0;328.43067193646646729;1158.3390236590323639;328.55152250299192929;1158.36639529836566
-0.40450849718747272643;-0.29389262614623795633;0;328.43067193646646729;1158.3390236590323639;328.55152421954539932;1158.3664018183915232
-0.38525662138789351641;-0.31871199487434620501;0;328.43067193646646729;1158.3390236590323639;328.55152848546435962;1158.3664174253353849
-0.36448431371070455498;-0.3422735529643456398;0;328.43067193646646729;1158.3390236590323639;328.55153477542575047;1158.3664402815404628
-0.34227355296434297527;-0.36448431371070699747;0;328.43067193646851365;1158.3390236590321365;328.55154234613650033;1158.3664677776962435
-0.31871199487434342945;-0.38525662138789579236;0;328.43067193646646729;1158.3390236590323639;328.5515506977737914;1158.3664933869765719
-0.29389262614623518077;-0.40450849718747472483;0;328.43067193646646729;1158.3390236590323639;328.55156149729975823;1158.3665219262393293
-0.26791339748949705157;-0.42216396275100837032;0;328.43067193646646729;1158.3390236590323639;328.55156904099175108;1158.3665468742105986
-0.24087683705085646824;-0.4381533400219324581;0;328.43067193646646729;1158.3390236590323639;328.55157208770555144;1158.3665649395441051
-0.21288964578253527504;-0.4524135262330102325;0;328.43067193646851365;1158.3390236590321365;328.55157160586020382;1158.3665752675819931
-0.18406227634233807144;-0.46488824294412606219;0;328.43067193646646729;1158.3390236590323639;328.55156926001376405;1158.3665786331073377
-0.15450849718747294848;-0.47552825814757704315;0;328.43067193646646729;1158.3390236590323639;328.55156653594298177;1158.3665767237450837
-0.1243449435824267868;-0.48429158056431570456;0;328.43067193646646729;1158.3390236590323639;328.55156436139611742;1158.3665715737729442
-0.093690657292861884153;-0.49114362536434441608;0;328.43067193646646729;1158.3390236590323639;328.55156306663837995;1158.3665651662643086
-0.062666616782151865483;-0.49605735065723893795;0;328.43067193646646729;1158.3390236590323639;328.5515625387230898;1158.3665591883034267
-0.031395259764656603674;-0.49901336421413577948;0;328.43067193646646729;1158.3390236590323639;328.55156244949301936;1158.3665549035033564
-9.1848509936051484375e-17;-0.5;0;328.43067193646646729;1158.3390236590323639;328.55156247007136017;1158.3665530991561354
0.031395259764656416324;-0.49901336421413577948;0;328.43067193646851365;1158.3390236590321365;328.55156241862380284;1158.3665540703395891
0.062666616782151671194;-0.49605735065723899346;0;328.43067193646646729;1158.3390236590323639;328.55156231752891927;1158.3665576162991329
0.093690657292861703742;-0.4911436253643444716;0;328.43067193646646729;1158.3390236590323639;328.55156235956241062;1158.3665630416135173
0.12434494358242660639;-0.48429158056431576007;0;328.43067193646646729;1158.3390236590323639;328.55156279942514175;1158.3665691714486456
0.15450849718747278194;-0.47552825814757709866;0;328.43067193646646729;1158.3390236590323639;328.5515637990928326;1158.366574402855349
0.18406227634233790491;-0.46488824294412611771;0;328.43067193646646729;1158.3390236590323639;328.55156526456113397;1158.3665768219243546
0.21288964578253510851;-0.45241352623301034352;0;328.43067193646646729;1158.3390236590323639;328.55156672002357254;1158.3665744174988959
0.2408768370508563017;-0.43815334002193251361;0;328.43067193646646729;1158.3390236590323639;328.55156727464901678;1158.3665654186484062
0.26791339748949688504;-0.42216396275100842583;0;328.43067193646646729;1158.3390236590323639;328.55156574773820921;1158.3665487752848549
0.29389262614623506975;-0.40450849718747483585;0;328.43067193646646729;1158.3390236590323639;328.55156102957170106;1158.3665247909664231
0.31871199487434326292;-0.38525662138789590339;0;328.43067193646646729;1158.3390236590323639;328.5515527665099853;1158.3664959036725577
0.34227355296434269771;-0.36448431371070727502;0;328.43067193646851365;1158.3390236590321365;328.55154246600744727;1158.3664675918369085
0.36448431371070411089;-0.34227355296434608389;0;328.43067193646646729;1158.3390236590323639;328.55153539193639745;1158.3664400755947099
0.38525662138789296129;-0.31871199487434687114;0;328.43067193646646729;1158.3390236590323639;328.55152963944152589;1158.3664171959703708
0.4045084971874720603;-0.293892626146238789;0;328.43067193646851365;1158.3390236590321365;328.55152593436224606;1158.3664015649462726
0.42216396275100598334;-0.26791339748950082633;0;328.43067193646646729;1158.3390236590323639;328.55152478331820021;1158.3663950239645146
0.43815334002193029317;-0.24087683705086038177;0;328.43067193646646729;1158.3390236590323639;328.55152639602329145;1158.3663983687779364
0.45241352623300834512;-0.21288964578253932736;0;328.43067193646646729;1158.3390236590323639;328.55153064553735476;1158.3664112080734867
0.46488824294412439686;-0.18406227634234223478;0;328.43067193646851365;1158.3390236590321365;328.55153707292760146;1158.3664319784224972
0.47552825814757565537;-0.15450849718747719508;0;328.43067193646646729;1158.3390236590323639;328.55154493663843596;1158.3664581164302945
0.48429158056431459434;-0.12434494358243111667;0;328.43067193646646729;1158.3390236590323639;328.55155330070311948;1158.366486367280686
0.49114362536434358342;-0.093690657292866269534;0;328.43067193646851365;1158.3390236590321365;328.55156115043143927;1158.3665131901470886
0.49605735065723838284;-0.062666616782156292498;0;328.43067193646646729;1158.3390236590323639;328.55156752063231806;1158.366535206998833
0.49901336421413550193;-0.031395259764661065383;0;328.43067193646646729;1158.3390236590323639;328.55157161900024221;1158.3665496353762592
