0.5;0;0;328.43067193646646729;1158.3390236590323639;329.79176683651360236;1158.6475346082738724
0.49901336421413577948;0.03139525976465668694;0;328.43067193646646729;1158.3390236590323639;329.79175085262716038;1158.6474799970906133
0.49605735065723893795;0.062666616782152129161;0;328.43067193646646729;1158.3390236590323639;329.79170493462197555;1158.6473231098766519
0.49114362536434436057;0.093690657292862314365;0;328.43067193646646729;1158.3390236590323639;329.79163491910560424;1158.6470838835384711
0.48429158056431553803;0.12434494358242739742;0;328.43067193646646729;1158.3390236590323639;329.79154968836564876;1158.6467926609900587
0.47552825814757676559;0.15450849718747369788;0;328.43067193646851365;1158.3390236590321365;329.79146002233858326;1158.6464862720390556
0.46488824294412572913;0.18406227634233895962;0;328.43067193646646729;1158.3390236590323639;329.79137721448159937;1158.6462033063171475
0.45241352623300978841;0.212889645782536302;0;328.43067193646646729;1158.3390236590323639;329.79131163700549223;1158.6459792110822491
0.43815334002193179197;0.24087683705085760622;0;328.43067193646851365;1158.3390236590321365;329.79127144651170056;1158.6458418659453855
0.42216396275100759317;0.26791339748949827282;0;328.43067193646646729;1158.3390236590323639;329.79126160016289759;1158.6458082170117905
0.40450849718747372563;0.29389262614623651304;0;328.43067193646851365;1158.3390236590321365;329.79128330872049446;1158.6458824035448743
0.38525662138789468214;0.31871199487434481723;0;328.43067193646646729;1158.3390236590323639;329.7913339919301734;1158.6460556029815052
0.36448431371070583173;0.34227355296434425203;0;328.43067193646646729;1158.3390236590323639;329.79140773265140751;1158.6463075833480616
0.34227355296434441856;0.3644843137107056652;0;328.43067193646646729;1158.3390236590323639;329.79149615815873631;1158.6466097188465483
0.31871199487434492825;0.38525662138789451561;0;328.43067193646851365;1158.3390236590321365;329.79158961982722076;1158.6469290273071238
0.29389262614623667957;0.40450849718747361461;0;328.43067193646646729;1158.3390236590323639;329.79167850353752556;1158.6472326541838811
0.26791339748949838384;0.42216396275100748214;0;328.43067193646646729;1158.3390236590323639;329.79175448780659963;1158.6474921754004299
0.24087683705085766173;0.43815334002193179197;0;328.43067193646646729;1158.3390236590323639;329.79181157704738325;1158.647687127045856
0.21288964578253632975;0.45241352623300978841;0;328.43067193646646729;1158.3390236590323639;329.7918467714033568;1158.6478072883876393
0.18406227634233893187;0.46488824294412572913;0;328.43067193646646729;1158.3390236590323639;329.79186028786773477;1158.6478534282841792
0.15450849718747364236;0.4755282581475768211;0;328.43067193646646729;1158.3390236590323639;329.7918553121208447;1158.6478364475374292
0.12434494358242727252;0.48429158056431559354;0;328.43067193646646729;1158.3390236590323639;329.79183732747441127;1158.6477750794115309
0.093690657292862147831;0.49114362536434436057;0;328.43067193646646729;1158.3390236590323639;329.79181312739240184;1158.6476925147999282
0.062666616782151907117;0.49605735065723893795;0;328.43067193646646729;1158.3390236590323639;329.79178966257069305;1158.6476124682874342
0.031395259764656430201;0.49901336421413577948;0;328.43067193646851365;1158.3390236590321365;329.79177289592439593;1158.6475552763486121
-3.0245073740886312578e-16;0.5;0;328.43067193646646729;1158.3390236590323639;329.79176683651525082;1158.6475346082734177
-0.031395259764657033885;0.49901336421413577948;0;328.43067193646646729;1158.3390236590323639;329.79177289592183797;1158.6475552763492942
-0.062666616782152503862;0.49605735065723888244;0;328.43067193646646729;1158.3390236590323639;329.79178966256836247;1158.6476124682858426
-0.093690657292862744576;0.49114362536434424955;0;328.43067193646646729;1158.3390236590323639;329.79181312739370924;1158.6476925147999282
-0.12434494358242785539;0.484291580564315427;0;328.43067193646646729;1158.3390236590323639;329.79183732747401336;1158.647775079410394
-0.15450849718747419748;0.47552825814757659906;0;328.43067193646851365;1158.3390236590321365;329.79185531212641536;1158.6478364475376566
-0.18406227634233951473;0.46488824294412550708;0;328.43067193646646729;1158.3390236590323639;329.79186028786745055;1158.6478534282862256
-0.21288964578253677384;0.45241352623300956637;0;328.43067193646646729;1158.3390236590323639;329.79184677140341364;1158.6478072883878667
-0.24087683705085810582;0.43815334002193151441;0;328.43067193646646729;1158.3390236590323639;329.79181157704795169;1158.6476871270451738
-0.26791339748949877242;0.42216396275100720459;0;328.43067193646851365;1158.3390236590321365;329.7917544878072249;1158.6474921753997478
-0.29389262614623706815;0.40450849718747333705;0;328.43067193646646729;1158.3390236590323639;329.79167850353559288;1158.6472326541863822
-0.31871199487434537234;0.38525662138789418254;0;328.43067193646646729;1158.3390236590323639;329.79158961982807341;1158.6469290273075785
-0.34227355296434486265;0.36448431371070527662;0;328.43067193646646729;1158.3390236590323639;329.79149615815873631;1158.6466097188479125
-0.36448431371070627582;0.34227355296434380794;0;328.43067193646646729;1158.3390236590323639;329.79140773265345388;1158.6463075833485163
-0.38525662138789512623;0.31871199487434426212;0;328.43067193646646729;1158.3390236590323639;329.79133399193005971;1158.6460556029799136
-0.40450849718747422523;0.29389262614623590242;0;328.43067193646646729;1158.3390236590323639;329.79128330871850494;1158.6458824035457837
-0.42216396275100803726;0.26791339748949755117;0;328.43067193646646729;1158.3390236590323639;329.79126160016312497;1158.6458082170124726
-0.43815334002193223606;0.24087683705085682906;0;328.43067193646646729;1158.3390236590323639;329.79127144651158687;1158.645841865944476
-0.45241352623301017699;0.21288964578253544158;0;328.43067193646646729;1158.3390236590323639;329.79131163700776597;1158.6459792110792932
-0.46488824294412606219;0.18406227634233804369;0;328.43067193646646729;1158.3390236590323639;329.79137721448029197;1158.6462033063185117
-0.47552825814757709866;0.15450849718747269868;0;328.43067193646646729;1158.3390236590323639;329.79146002233920854;1158.6464862720372366
-0.48429158056431581558;0.12434494358242632883;0;328.43067193646851365;1158.3390236590321365;329.79154968836274975;1158.6467926609911956
-0.49114362536434452711;0.093690657292861190264;0;328.43067193646851365;1158.3390236590321365;329.7916349191068548;1158.6470838835384711
-0.49605735065723904897;0.062666616782150949549;0;328.43067193646646729;1158.3390236590323639;329.79170493462453351;1158.647323109877334
-0.499013364214135835;0.031395259764655465695;0;328.43067193646851365;1158.3390236590321365;329.79175085263096889;1158.6474799970915228
-0.5;-1.2710352895928202744e-15;0;328.43067193646646729;1158.3390236590323639;329.79176683651542135;1158.6475346082743272
-0.49901336421413572397;-0.031395259764657998391;0;328.43067193646646729;1158.3390236590323639;329.79175085262920675;1158.6474799970910681
-0.49605735065723877142;-0.062666616782153475307;0;328.43067193646646729;1158.3390236590323639;329.79170493462163449;1158.6473231098782435
-0.49114362536434408302;-0.093690657292863688266;0;328.43067193646646729;1158.3390236590323639;329.79163491910713901;1158.6470838835371069
-0.48429158056431520496;-0.12434494358242879908;0;328.43067193646646729;1158.3390236590323639;329.79154968836354556;1158.646792660991423
-0.4755282581475763215;-0.15450849718747511341;0;328.43067193646646729;1158.3390236590323639;329.79146002233875379;1158.6464862720372366
-0.46488824294412511851;-0.18406227634234040291;0;328.43067193646851365;1158.3390236590321365;329.79137721448131515;1158.6462033063173749
-0.45241352623300906677;-0.21288964578253774529;0;328.43067193646851365;1158.3390236590321365;329.79131163700640172;1158.6459792110792932
-0.43815334002193101481;-0.2408768370508590495;0;328.43067193646646729;1158.3390236590323639;329.79127144651113213;1158.6458418659431118
-0.42216396275100664948;-0.26791339748949971611;0;328.43067193646646729;1158.3390236590323639;329.79126160016232916;1158.6458082170120178
-0.40450849718747272643;-0.29389262614623795633;0;328.43067193646646729;1158.3390236590323639;329.79128330872094921;1158.645882403545329
-0.38525662138789351641;-0.31871199487434620501;0;328.43067193646646729;1158.3390236590323639;329.7913339919305713;1158.6460556029821873
-0.36448431371070455498;-0.3422735529643456398;0;328.43067193646646729;1158.3390236590323639;329.79140773265146436;1158.646307583348289
-0.34227355296434297527;-0.36448431371070699747;0;328.43067193646851365;1158.3390236590321365;329.79149615816032792;1158.646609718847003
-0.31871199487434342945;-0.38525662138789579236;0;328.43067193646646729;1158.3390236590323639;329.79158961982835763;1158.6469290273073511
-0.29389262614623518077;-0.40450849718747472483;0;328.43067193646646729;1158.3390236590323639;329.79167850353655922;1158.6472326541841085
-0.26791339748949705157;-0.42216396275100837032;0;328.43067193646646729;1158.3390236590323639;329.79175448780574698;1158.6474921754008847
-0.24087683705085646824;-0.4381533400219324581;0;328.43067193646646729;1158.3390236590323639;329.79181157704755378;1158.6476871270442643
-0.21288964578253527504;-0.4524135262330102325;0;328.43067193646851365;1158.3390236590321365;329.79184677140187887;1158.6478072883876393
-0.18406227634233807144;-0.46488824294412606219;0;328.43067193646646729;1158.3390236590323639;329.79186028786762108;1158.6478534282859982
-0.15450849718747294848;-0.47552825814757704315;0;328.43067193646646729;1158.3390236590323639;329.79185531212340265;1158.6478364475376566
-0.1243449435824267868;-0.48429158056431570456;0;328.43067193646646729;1158.3390236590323639;329.79183732747492286;1158.6477750794097119
-0.093690657292861884153;-0.49114362536434441608;0;328.43067193646646729;1158.3390236590323639;329.79181312739098075;1158.6476925147999282
-0.062666616782151865483;-0.49605735065723893795;0;328.43067193646646729;1158.3390236590323639;329.79178966257012462;1158.64761246828607
-0.031395259764656603674;-0.49901336421413577948;0;328.43067193646646729;1158.3390236590323639;329.79177289592178113;1158.6475552763486121
-9.1848509936051484375e-17;-0.5;0;328.43067193646646729;1158.3390236590323639;329.79176683651337498;1158.6475346082722808
0.031395259764656416324;-0.49901336421413577948;0;328.43067193646851365;1158.3390236590321365;329.79177289592348643;1158.6475552763488395
0.062666616782151671194;-0.49605735065723899346;0;328.43067193646646729;1158.3390236590323639;329.7917896625694425;1158.6476124682869795
0.093690657292861703742;-0.4911436253643444716;0;328.43067193646646729;1158.3390236590323639;329.7918131273910376;1158.6476925148003829
0.12434494358242660639;-0.48429158056431576007;0;328.43067193646646729;1158.3390236590323639;329.79183732747469548;1158.6477750794124404
0.15450849718747278194;-0.47552825814757709866;0;328.43067193646646729;1158.3390236590323639;329.79185531212351634;1158.6478364475369744
0.18406227634233790491;-0.46488824294412611771;0;328.43067193646646729;1158.3390236590323639;329.79186028786841689;1158.6478534282878172
0.21288964578253510851;-0.45241352623301034352;0;328.43067193646646729;1158.3390236590323639;329.79184677140216309;1158.6478072883853656
0.2408768370508563017;-0.43815334002193251361;0;328.43067193646646729;1158.3390236590323639;329.79181157704789484;1158.6476871270456286
0.26791339748949688504;-0.42216396275100842583;0;328.43067193646646729;1158.3390236590323639;329.79175448780620172;1158.6474921754015668
0.29389262614623506975;-0.40450849718747483585;0;328.43067193646646729;1158.3390236590323639;329.79167850353530866;1158.6472326541852453
0.31871199487434326292;-0.38525662138789590339;0;328.43067193646646729;1158.3390236590323639;329.79158961983051768;1158.6469290273071238
0.34227355296434269771;-0.36448431371070727502;0;328.43067193646851365;1158.3390236590321365;329.79149615815839525;1158.6466097188479125
0.36448431371070411089;-0.34227355296434608389;0;328.43067193646646729;1158.3390236590323639;329.79140773265288544;1158.6463075833476069
0.38525662138789296129;-0.31871199487434687114;0;328.43067193646646729;1158.3390236590323639;329.79133399193079867;1158.646055602980141
0.4045084971874720603;-0.293892626146238789;0;328.43067193646851365;1158.3390236590321365;329.79128330872134711;1158.6458824035444195
0.42216396275100598334;-0.26791339748950082633;0;328.43067193646646729;1158.3390236590323639;329.79126160016272706;1158.6458082170124726
0.43815334002193029317;-0.24087683705086038177;0;328.43067193646646729;1158.3390236590323639;329.79127144651101844;1158.6458418659440213
0.45241352623300834512;-0.21288964578253932736;0;328.43067193646646729;1158.3390236590323639;329.79131163700475327;1158.6459792110790659
0.46488824294412439686;-0.18406227634234223478;0;328.43067193646851365;1158.3390236590321365;329.79137721448057619;1158.6462033063196486
0.47552825814757565537;-0.15450849718747719508;0;328.43067193646646729;1158.3390236590323639;329.7914600223386401;1158.6464862720363271
0.48429158056431459434;-0.12434494358243111667;0;328.43067193646646729;1158.3390236590323639;329.7915496883618971;1158.6467926609909682
0.49114362536434358342;-0.093690657292866269534;0;328.43067193646851365;1158.3390236590321365;329.79163491910770745;1158.6470838835375616
0.49605735065723838284;-0.062666616782156292498;0;328.43067193646646729;1158.3390236590323639;329.79170493462135028;1158.6473231098793804
0.49901336421413550193;-0.031395259764661065383;0;328.43067193646646729;1158.3390236590323639;329.79175085263011624;1158.6474799970906133
