0.5;0;0;328.43067193646646729;1158.3390236590323639;351.26908802534916276;1163.2455829711661863
0.49901336421413577948;0.03139525976465668694;0;328.43067193646646729;1158.3390236590323639;351.26890427051080223;1163.2449393112049165
0.49605735065723893795;0.062666616782152129161;0;328.43067193646646729;1158.3390236590323639;351.2683763830513044;1163.2430902109040289
0.49114362536434436057;0.093690657292862314365;0;328.43067193646646729;1158.3390236590323639;351.26757145651851033;1163.2402706721161394
0.48429158056431553803;0.12434494358242739742;0;328.43067193646646729;1158.3390236590323639;351.26659159825823053;1163.2368383436651129
0.47552825814757676559;0.15450849718747369788;0;328.43067193646851365;1158.3390236590321365;351.26556073547254755;1163.233227315494787
0.46488824294412572913;0.18406227634233895962;0;328.43067193646646729;1158.3390236590323639;351.26460870525289693;1163.2298923957359875
0.45241352623300978841;0.212889645782536302;0;328.43067193646646729;1158.3390236590323639;351.26385476025819798;1163.2272513337009059
0.43815334002193179197;0.24087683705085760622;0;328.43067193646851365;1158.3390236590321365;351.26339268490721679;1163.2256326758847536
0.42216396275100759317;0.26791339748949827282;0;328.43067193646646729;1158.3390236590323639;351.26327947954831643;1163.2252361140467656
0.40450849718747372563;0.29389262614623651304;0;328.43067193646851365;1158.3390236590321365;351.26352906654568642;1163.226110423861428
0.38525662138789468214;0.31871199487434481723;0;328.43067193646646729;1158.3390236590323639;351.26411177385710971;1163.2281516475059107
0.36448431371070583173;0.34227355296434425203;0;328.43067193646646729;1158.3390236590323639;351.26495955636670487;1163.2311213856733048
0.34227355296434441856;0.3644843137107056652;0;328.43067193646646729;1158.3390236590323639;351.26597613322746838;1163.2346823215780205
0.31871199487434492825;0.38525662138789451561;0;328.43067193646851365;1158.3390236590321365;351.2670505591107144;1163.2384457810112508
0.29389262614623667957;0.40450849718747361461;0;328.43067193646646729;1158.3390236590323639;351.26807229851897318;1163.2420245573641751
0.26791339748949838384;0.42216396275100748214;0;328.43067193646646729;1158.3390236590323639;351.26894569620935727;1163.2450836123884983
0.24087683705085766173;0.43815334002193179197;0;328.43067193646646729;1158.3390236590323639;351.26960185546346338;1163.2473816819579042
0.21288964578253632975;0.45241352623300978841;0;328.43067193646646729;1158.3390236590323639;351.2700063310824703;1163.2487982050813571
0.18406227634233893187;0.46488824294412572913;0;328.43067193646646729;1158.3390236590323639;351.27016165834868389;1163.2493421526669408
0.15450849718747364236;0.4755282581475768211;0;328.43067193646646729;1158.3390236590323639;351.27010448532473674;1163.2491419507762203
0.12434494358242727252;0.48429158056431559354;0;328.43067193646646729;1158.3390236590323639;351.26989784791732063;1163.248418399182583
0.093690657292862147831;0.49114362536434436057;0;328.43067193646646729;1158.3390236590323639;351.26961981583457373;1163.2474448961734197
0.062666616782151907117;0.49605735065723893795;0;328.43067193646646729;1158.3390236590323639;351.26935024570548194;1163.2465010542473465
0.031395259764656430201;0.49901336421413577948;0;328.43067193646851365;1158.3390236590321365;351.26915763340292642;1163.2458266799060311
-3.0245073740886312578e-16;0.5;0;328.43067193646646729;1158.3390236590323639;351.26908802534507004;1163.2455829711589104
-0.031395259764657033885;0.49901336421413577948;0;328.43067193646646729;1158.3390236590323639;351.26915763340190324;1163.2458266799055764
-0.062666616782152503862;0.49605735065723888244;0;328.43067193646646729;1158.3390236590323639;351.26935024570474297;1163.2465010542441632
-0.093690657292862744576;0.49114362536434424955;0;328.43067193646646729;1158.3390236590323639;351.26961981583394845;1163.247444896169327
-0.12434494358242785539;0.484291580564315427;0;328.43067193646646729;1158.3390236590323639;351.26989784791783222;1163.2484183991766713
-0.15450849718747419748;0.47552825814757659906;0;328.43067193646851365;1158.3390236590321365;351.27010448532530518;1163.2491419507682622
-0.18406227634233951473;0.46488824294412550708;0;328.43067193646646729;1158.3390236590323639;351.27016165834777439;1163.2493421526601196
-0.21288964578253677384;0.45241352623300956637;0;328.43067193646646729;1158.3390236590323639;351.27000633108252714;1163.2487982050727169
-0.24087683705085810582;0.43815334002193151441;0;328.43067193646646729;1158.3390236590323639;351.26960185546397497;1163.2473816819478998
-0.26791339748949877242;0.42216396275100720459;0;328.43067193646851365;1158.3390236590321365;351.26894569620986886;1163.2450836123787212
-0.29389262614623706815;0.40450849718747333705;0;328.43067193646646729;1158.3390236590323639;351.26807229851857528;1163.2420245573530337
-0.31871199487434537234;0.38525662138789418254;0;328.43067193646646729;1158.3390236590323639;351.26705055910974806;1163.2384457810003369
-0.34227355296434486265;0.36448431371070527662;0;328.43067193646646729;1158.3390236590323639;351.26597613322689995;1163.2346823215666518
-0.36448431371070627582;0.34227355296434380794;0;328.43067193646646729;1158.3390236590323639;351.26495955636551116;1163.2311213856628456
-0.38525662138789512623;0.31871199487434426212;0;328.43067193646646729;1158.3390236590323639;351.26411177385671181;1163.2281516474936325
-0.40450849718747422523;0.29389262614623590242;0;328.43067193646646729;1158.3390236590323639;351.26352906654392427;1163.2261104238500593
-0.42216396275100803726;0.26791339748949755117;0;328.43067193646646729;1158.3390236590323639;351.26327947954803221;1163.2252361140358516
-0.43815334002193223606;0.24087683705085682906;0;328.43067193646646729;1158.3390236590323639;351.26339268490607992;1163.2256326758738396
-0.45241352623301017699;0.21288964578253544158;0;328.43067193646646729;1158.3390236590323639;351.26385476025791377;1163.227251333689992
-0.46488824294412606219;0.18406227634233804369;0;328.43067193646646729;1158.3390236590323639;351.26460870525363589;1163.2298923957255283
-0.47552825814757709866;0.15450849718747269868;0;328.43067193646646729;1158.3390236590323639;351.26556073547266124;1163.2332273154852373
-0.48429158056431581558;0.12434494358242632883;0;328.43067193646851365;1158.3390236590321365;351.26659159825840106;1163.2368383436553358
-0.49114362536434452711;0.093690657292861190264;0;328.43067193646851365;1158.3390236590321365;351.26757145652129566;1163.2402706721068171
-0.49605735065723904897;0.062666616782150949549;0;328.43067193646646729;1158.3390236590323639;351.26837638305323708;1163.2430902108958435
-0.499013364214135835;0.031395259764655465695;0;328.43067193646851365;1158.3390236590321365;351.26890427051290544;1163.2449393111969584
-0.5;-1.2710352895928202744e-15;0;328.43067193646646729;1158.3390236590323639;351.26908802535137966;1163.2455829711580009
-0.49901336421413572397;-0.031395259764657998391;0;328.43067193646646729;1158.3390236590323639;351.2689042705119391;1163.2449393111976406
-0.49605735065723877142;-0.062666616782153475307;0;328.43067193646646729;1158.3390236590323639;351.26837638305369182;1163.2430902108956161
-0.49114362536434408302;-0.093690657292863688266;0;328.43067193646646729;1158.3390236590323639;351.26757145652175041;1163.2402706721072718
-0.48429158056431520496;-0.12434494358242879908;0;328.43067193646646729;1158.3390236590323639;351.26659159826016321;1163.2368383436571548
-0.4755282581475763215;-0.15450849718747511341;0;328.43067193646646729;1158.3390236590323639;351.26556073547476444;1163.2332273154870563
-0.46488824294412511851;-0.18406227634234040291;0;328.43067193646851365;1158.3390236590321365;351.26460870525630753;1163.2298923957280294
-0.45241352623300906677;-0.21288964578253774529;0;328.43067193646851365;1158.3390236590321365;351.26385476026200649;1163.2272513336929478
-0.43815334002193101481;-0.2408768370508590495;0;328.43067193646646729;1158.3390236590323639;351.2633926849101158;1163.2256326758772502
-0.42216396275100664948;-0.26791339748949971611;0;328.43067193646646729;1158.3390236590323639;351.26327947955229547;1163.2252361140390349
-0.40450849718747272643;-0.29389262614623795633;0;328.43067193646646729;1158.3390236590323639;351.26352906654892649;1163.2261104238534699
-0.38525662138789351641;-0.31871199487434620501;0;328.43067193646646729;1158.3390236590323639;351.26411177386165718;1163.22815164749818
-0.36448431371070455498;-0.3422735529643456398;0;328.43067193646646729;1158.3390236590323639;351.26495955637017232;1163.2311213856664835
-0.34227355296434297527;-0.36448431371070699747;0;328.43067193646851365;1158.3390236590321365;351.26597613323218638;1163.2346823215709719
-0.31871199487434342945;-0.38525662138789579236;0;328.43067193646646729;1158.3390236590323639;351.26705055911469344;1163.238445781004657
-0.29389262614623518077;-0.40450849718747472483;0;328.43067193646646729;1158.3390236590323639;351.26807229852374803;1163.2420245573566717
-0.26791339748949705157;-0.42216396275100837032;0;328.43067193646646729;1158.3390236590323639;351.26894569621339315;1163.2450836123830413
-0.24087683705085646824;-0.4381533400219324581;0;328.43067193646646729;1158.3390236590323639;351.2696018554684656;1163.2473816819517651
-0.21288964578253527504;-0.4524135262330102325;0;328.43067193646851365;1158.3390236590321365;351.27000633108792726;1163.2487982050763549
-0.18406227634233807144;-0.46488824294412606219;0;328.43067193646646729;1158.3390236590323639;351.27016165835317452;1163.2493421526628481
-0.15450849718747294848;-0.47552825814757704315;0;328.43067193646646729;1158.3390236590323639;351.27010448532934106;1163.2491419507709907
-0.1243449435824267868;-0.48429158056431570456;0;328.43067193646646729;1158.3390236590323639;351.26989784792175442;1163.2484183991796272
-0.093690657292861884153;-0.49114362536434441608;0;328.43067193646646729;1158.3390236590323639;351.26961981583866645;1163.2474448961702365
-0.062666616782151865483;-0.49605735065723893795;0;328.43067193646646729;1158.3390236590323639;351.2693502457097452;1163.246501054244618
-0.031395259764656603674;-0.49901336421413577948;0;328.43067193646646729;1158.3390236590323639;351.26915763340622334;1163.2458266799055764
-9.1848509936051484375e-17;-0.5;0;328.43067193646646729;1158.3390236590323639;351.26908802534768483;1163.2455829711575461
0.031395259764656416324;-0.49901336421413577948;0;328.43067193646851365;1158.3390236590321365;351.26915763340628018;1163.2458266799044395
0.062666616782151671194;-0.49605735065723899346;0;328.43067193646646729;1158.3390236590323639;351.26935024570701671;1163.2465010542443906
0.093690657292861703742;-0.4911436253643444716;0;328.43067193646646729;1158.3390236590323639;351.26961981583548322;1163.2474448961709186
0.12434494358242660639;-0.48429158056431576007;0;328.43067193646646729;1158.3390236590323639;351.26989784791749116;1163.2484183991791724
0.15450849718747278194;-0.47552825814757709866;0;328.43067193646646729;1158.3390236590323639;351.270104485324282;1163.2491419507709907
0.18406227634233790491;-0.46488824294412611771;0;328.43067193646646729;1158.3390236590323639;351.2701616583476607;1163.2493421526628481
0.21288964578253510851;-0.45241352623301034352;0;328.43067193646646729;1158.3390236590323639;351.27000633108053762;1163.2487982050756727
0.2408768370508563017;-0.43815334002193251361;0;328.43067193646646729;1158.3390236590323639;351.2696018554615307;1163.2473816819522199
0.26791339748949688504;-0.42216396275100842583;0;328.43067193646646729;1158.3390236590323639;351.26894569620719722;1163.2450836123825866
0.29389262614623506975;-0.40450849718747483585;0;328.43067193646646729;1158.3390236590323639;351.26807229851436887;1163.2420245573573538
0.31871199487434326292;-0.38525662138789590339;0;328.43067193646646729;1158.3390236590323639;351.26705055910667852;1163.2384457810053391
0.34227355296434269771;-0.36448431371070727502;0;328.43067193646851365;1158.3390236590321365;351.26597613322445568;1163.2346823215714267
0.36448431371070411089;-0.34227355296434608389;0;328.43067193646646729;1158.3390236590323639;351.26495955636278268;1163.2311213856683025
0.38525662138789296129;-0.31871199487434687114;0;328.43067193646646729;1158.3390236590323639;351.26411177385313067;1163.2281516475006811
0.4045084971874720603;-0.293892626146238789;0;328.43067193646851365;1158.3390236590321365;351.26352906654176422;1163.2261104238561984
0.42216396275100598334;-0.26791339748950082633;0;328.43067193646646729;1158.3390236590323639;351.26327947954354158;1163.2252361140422181
0.43815334002193029317;-0.24087683705086038177;0;328.43067193646646729;1158.3390236590323639;351.2633926849019872;1163.2256326758808882
0.45241352623300834512;-0.21288964578253932736;0;328.43067193646646729;1158.3390236590323639;351.26385476025501475;1163.2272513336974953
0.46488824294412439686;-0.18406227634234223478;0;328.43067193646851365;1158.3390236590321365;351.26460870525062319;1163.2298923957323495
0.47552825814757565537;-0.15450849718747719508;0;328.43067193646646729;1158.3390236590323639;351.26556073546919379;1163.2332273154936502
0.48429158056431459434;-0.12434494358243111667;0;328.43067193646646729;1158.3390236590323639;351.26659159825555889;1163.2368383436628392
0.49114362536434358342;-0.093690657292866269534;0;328.43067193646851365;1158.3390236590321365;351.26757145651765768;1163.2402706721138657
0.49605735065723838284;-0.062666616782156292498;0;328.43067193646646729;1158.3390236590323639;351.26837638305119071;1163.2430902109031194
0.49901336421413550193;-0.031395259764661065383;0;328.43067193646646729;1158.3390236590323639;351.26890427050977905;1163.2449393112049165
