0.5;0;0;328.43067193646646729;1158.3390236590323639;328.6924086469700228;1158.3985839786137149
0.49901336421413577948;0.03139525976465668694;0;328.43067193646646729;1158.3390236590323639;328.69240558724396806;1158.3985731932875751
0.49605735065723893795;0.062666616782152129161;0;328.43067193646646729;1158.3390236590323639;328.69239673173518668;1158.3985421862848852
0.49114362536434436057;0.093690657292862314365;0;328.43067193646646729;1158.3390236590323639;328.69238321120980117;1158.3984948970569349
0.48429158056431553803;0.12434494358242739742;0;328.43067193646646729;1158.3390236590323639;328.6923667471565409;1158.3984373224486717
0.47552825814757676559;0.15450849718747369788;0;328.43067193646851365;1158.3390236590321365;328.69234942907348795;1158.3983767421095763
0.46488824294412572913;0.18406227634233895962;0;328.43067193646646729;1158.3390236590323639;328.69233344599120983;1158.3983207841092735
0.45241352623300978841;0.212889645782536302;0;328.43067193646646729;1158.3390236590323639;328.69232080822069975;1158.3982764558493272
0.43815334002193179197;0.24087683705085760622;0;328.43067193646851365;1158.3390236590321365;328.69231309631140903;1158.3982492692930464
0.42216396275100759317;0.26791339748949827282;0;328.43067193646646729;1158.3390236590323639;328.69231127027109096;1158.3982425755095846
0.40450849718747372563;0.29389262614623651304;0;328.43067193646851365;1158.3390236590321365;328.69231556356578494;1158.3982571942578943
0.38525662138789468214;0.31871199487434481723;0;328.43067193646646729;1158.3390236590323639;328.69232547448012838;1158.3982913832983286
0.36448431371070583173;0.34227355296434425203;0;328.43067193646646729;1158.3390236590323639;328.69233985425813671;1158.3983411451590655
0.34227355296434441856;0.3644843137107056652;0;328.43067193646646729;1158.3390236590323639;328.69235707800777391;1158.3984008232043834
0.31871199487434492825;0.38525662138789451561;0;328.43067193646851365;1158.3390236590321365;328.69238667807309184;1158.3984306681475118
0.29389262614623667957;0.40450849718747361461;0;328.43067193646646729;1158.3390236590323639;328.69240784625333163;1158.3984832147154975
0.26791339748949838384;0.42216396275100748214;0;328.43067193646646729;1158.3390236590323639;328.6924215026669458;1158.3985402483226608
0.24087683705085766173;0.43815334002193179197;0;328.43067193646646729;1158.3390236590323639;328.69242884897636259;1158.3985897286645468
0.21288964578253632975;0.45241352623300978841;0;328.43067193646646729;1158.3390236590323639;328.69243119407445874;1158.3986247768702924
0.18406227634233893187;0.46488824294412572913;0;328.43067193646646729;1158.3390236590323639;328.6924298989270028;1158.3986428819303001
0.15450849718747364236;0.4755282581475768211;0;328.43067193646646729;1158.3390236590323639;328.69242631455659875;1158.3986451244161344
0.12434494358242727252;0.48429158056431559354;0;328.43067193646646729;1158.3390236590323639;328.69242169023334554;1158.3986352792878733
0.093690657292862147831;0.49114362536434436057;0;328.43067193646646729;1158.3390236590323639;328.69241707882741821;1158.3986187585269363
0.062666616782151907117;0.49605735065723893795;0;328.43067193646646729;1158.3390236590323639;328.69241327358088256;1158.3986014502436319
0.031395259764656430201;0.49901336421413577948;0;328.43067193646851365;1158.3390236590321365;328.69241079337535894;1158.3985885784943548
-3.0245073740886312578e-16;0.5;0;328.43067193646646729;1158.3390236590323639;328.69240990968415872;1158.3985837365707994
-0.031395259764657033885;0.49901336421413577948;0;328.43067193646646729;1158.3390236590323639;328.69241069138257672;1158.3985882349245458
-0.062666616782152503862;0.49605735065723888244;0;328.43067193646646729;1158.3390236590323639;328.69241304001758408;1158.3986008619092445
-0.093690657292862744576;0.49114362536434424955;0;328.43067193646646729;1158.3390236590323639;328.69241669695338715;1158.3986180927852274
-0.12434494358242785539;0.484291580564315427;0;328.43067193646646729;1158.3390236590323639;328.69242122009944751;1158.398634714327045
-0.15450849718747419748;0.47552825814757659906;0;328.43067193646851365;1158.3390236590321365;328.69242594303489113;1158.3986447729457723
-0.18406227634233951473;0.46488824294412550708;0;328.43067193646646729;1158.3390236590323639;328.69242993706501466;1158.3986427157326489
-0.21288964578253677384;0.45241352623300956637;0;328.43067193646646729;1158.3390236590323639;328.69243199438551528;1158.3986245851770036
-0.24087683705085810582;0.43815334002193151441;0;328.43067193646646729;1158.3390236590323639;328.69243064095201134;1158.398589154427782
-0.26791339748949877242;0.42216396275100720459;0;328.43067193646851365;1158.3390236590321365;328.69242418033394415;1158.3985389484694224
-0.29389262614623706815;0.40450849718747333705;0;328.43067193646646729;1158.3390236590323639;328.69241077753241598;1158.3984811778311723
-0.31871199487434537234;0.38525662138789418254;0;328.43067193646646729;1158.3390236590323639;328.69238862951789315;1158.3984286946226803
-0.34227355296434486265;0.36448431371070527662;0;328.43067193646646729;1158.3390236590323639;328.69235634640989474;1158.3984011368299889
-0.36448431371070627582;0.34227355296434380794;0;328.43067193646646729;1158.3390236590323639;328.69233908102881969;1158.3983413883622688
-0.38525662138789512623;0.31871199487434426212;0;328.43067193646646729;1158.3390236590323639;328.6923246754728325;1158.3982915560236506
-0.40450849718747422523;0.29389262614623590242;0;328.43067193646646729;1158.3390236590323639;328.692314757358929;1158.398257300946625
-0.42216396275100803726;0.26791339748949755117;0;328.43067193646646729;1158.3390236590323639;328.69231047758239583;1158.398242624545901
-0.43815334002193223606;0.24087683705085682906;0;328.43067193646646729;1158.3390236590323639;328.69231233913427559;1158.3982492722011557
-0.45241352623301017699;0.21288964578253544158;0;328.43067193646646729;1158.3390236590323639;328.69232010897411556;1158.3982764262773344
-0.46488824294412606219;0.18406227634233804369;0;328.43067193646646729;1158.3390236590323639;328.69233282648389149;1158.3983207367130035
-0.47552825814757709866;0.15450849718747269868;0;328.43067193646646729;1158.3390236590323639;328.69234890959074846;1158.3983766913891031
-0.48429158056431581558;0.12434494358242632883;0;328.43067193646851365;1158.3390236590321365;328.69236634547985432;1158.3984372815871211
-0.49114362536434452711;0.093690657292861190264;0;328.43067193646851365;1158.3390236590321365;328.69238294180343019;1158.3984948769109451
-0.49605735065723904897;0.062666616782150949549;0;328.43067193646646729;1158.3390236590323639;328.69239660507162171;1158.3985421945242251
-0.499013364214135835;0.031395259764655465695;0;328.43067193646851365;1158.3390236590321365;328.69240560930870743;1158.3985732337705485
-0.5;-1.2710352895928202744e-15;0;328.43067193646646729;1158.3390236590323639;328.69240881894870654;1158.3985840510854359
-0.49901336421413572397;-0.031395259764657998391;0;328.43067193646646729;1158.3390236590323639;328.69240583597485283;1158.398573271097348
-0.49605735065723877142;-0.062666616782153475307;0;328.43067193646646729;1158.3390236590323639;328.69239705130041784;1158.3985422650907822
-0.49114362536434408302;-0.093690657292863688266;0;328.43067193646646729;1158.3390236590323639;328.69238359366920577;1158.3984949728087486
-0.48429158056431520496;-0.12434494358242879908;0;328.43067193646646729;1158.3390236590323639;328.69236718282309084;1158.3984373916630375
-0.4755282581475763215;-0.15450849718747511341;0;328.43067193646646729;1158.3390236590323639;328.69234990691978737;1158.3983768019938907
-0.46488824294412511851;-0.18406227634234040291;0;328.43067193646851365;1158.3390236590321365;328.69233395405910869;1158.3983208326858403
-0.45241352623300906677;-0.21288964578253774529;0;328.43067193646851365;1158.3390236590321365;328.69232133399947315;1158.3982764919733199
-0.43815334002193101481;-0.2408768370508590495;0;328.43067193646646729;1158.3390236590323639;328.69231362717840739;1158.3982492926281793
-0.42216396275100664948;-0.26791339748949971611;0;328.43067193646646729;1158.3390236590323639;328.69231179389936415;1158.3982425864153356
-0.40450849718747272643;-0.29389262614623795633;0;328.43067193646646729;1158.3390236590323639;328.69231606827673886;1158.3982571936539898
-0.38525662138789351641;-0.31871199487434620501;0;328.43067193646646729;1158.3390236590323639;328.69232594960897131;1158.3982913724726131
-0.36448431371070455498;-0.3422735529643456398;0;328.43067193646646729;1158.3390236590323639;328.69234029045594525;1158.3983411255921965
-0.34227355296434297527;-0.36448431371070699747;0;328.43067193646851365;1158.3390236590321365;328.69235746746880977;1158.3984007963970271
-0.31871199487434342945;-0.38525662138789579236;0;328.43067193646646729;1158.3390236590323639;328.69238623881892636;1158.3984304631539999
-0.29389262614623518077;-0.40450849718747472483;0;328.43067193646646729;1158.3390236590323639;328.69240666214915336;1158.3984875432297486
-0.26791339748949705157;-0.42216396275100837032;0;328.43067193646646729;1158.3390236590323639;328.69242069032583231;1158.3985438541894837
-0.24087683705085646824;-0.4381533400219324581;0;328.43067193646646729;1158.3390236590323639;328.69242997007415852;1158.398586711224425
-0.21288964578253527504;-0.4524135262330102325;0;328.43067193646851365;1158.3390236590321365;328.69243522926797141;1158.3986127126081556
-0.18406227634233807144;-0.46488824294412606219;0;328.43067193646646729;1158.3390236590323639;328.69243664907475022;1158.3986234364454049
-0.15450849718747294848;-0.47552825814757704315;0;328.43067193646646729;1158.3390236590323639;328.69243447108630107;1158.3986226853189692
-0.1243449435824267868;-0.48429158056431570456;0;328.43067193646646729;1158.3390236590323639;328.69242942424676812;1158.3986148606600182
-0.093690657292861884153;-0.49114362536434441608;0;328.43067193646646729;1158.3390236590323639;328.69242281826120688;1158.3986040857098487
-0.062666616782151865483;-0.49605735065723893795;0;328.43067193646646729;1158.3390236590323639;328.69241632881283977;1158.3985937779539199
-0.031395259764656603674;-0.49901336421413577948;0;328.43067193646646729;1158.3390236590323639;328.69241159939144836;1158.3985864630953984
-9.1848509936051484375e-17;-0.5;0;328.43067193646646729;1158.3390236590323639;328.69240981796065171;1158.3985837022764827
0.031395259764656416324;-0.49901336421413577948;0;328.43067193646851365;1158.3390236590321365;328.69241141052856392;1158.3985860622885866
0.062666616782151671194;-0.49605735065723899346;0;328.43067193646646729;1158.3390236590323639;328.69241594375876048;1158.3985930963167448
0.093690657292861703742;-0.4911436253643444716;0;328.43067193646646729;1158.3390236590323639;328.69242226139442664;1158.3986033270632561
0.12434494358242660639;-0.48429158056431576007;0;328.43067193646646729;1158.3390236590323639;328.69242880859519573;1158.3986142443475273
0.15450849718747278194;-0.47552825814757709866;0;328.43067193646646729;1158.3390236590323639;328.69243403730291675;1158.3986223570550465
0.18406227634233790491;-0.46488824294412611771;0;328.43067193646646729;1158.3390236590323639;328.69243674827134782;1158.3986233812709088
0.21288964578253510851;-0.45241352623301034352;0;328.43067193646646729;1158.3390236590323639;328.6924362243424298;1158.3986127069488248
0.2408768370508563017;-0.43815334002193251361;0;328.43067193646646729;1158.3390236590323639;328.69243205825824816;1158.398586361813841
0.26791339748949688504;-0.42216396275100842583;0;328.43067193646646729;1158.3390236590323639;328.69242368845351621;1158.3985427720299413
0.29389262614623506975;-0.40450849718747483585;0;328.43067193646646729;1158.3390236590323639;328.6924098352699275;1158.3984856841138935
0.31871199487434326292;-0.38525662138789590339;0;328.43067193646646729;1158.3390236590323639;328.69238827932144886;1158.3984286319914645
0.34227355296434269771;-0.36448431371070727502;0;328.43067193646851365;1158.3390236590321365;328.6923567311027341;1158.398401268382031
0.36448431371070411089;-0.34227355296434608389;0;328.43067193646646729;1158.3390236590323639;328.69233948723552885;1158.398341518791085
0.38525662138789296129;-0.31871199487434687114;0;328.43067193646646729;1158.3390236590323639;328.69232509177538759;1158.3982916803192893
0.4045084971874720603;-0.293892626146238789;0;328.43067193646851365;1158.3390236590321365;328.69231517141071208;1158.3982574143271904
0.42216396275100598334;-0.26791339748950082633;0;328.43067193646646729;1158.3390236590323639;328.69231087650945256;1158.3982427226944765
0.43815334002193029317;-0.24087683705086038177;0;328.43067193646646729;1158.3390236590323639;328.69231271006987072;1158.398249351544564
0.45241352623300834512;-0.21288964578253932736;0;328.43067193646646729;1158.3390236590323639;328.69232043950779598;1158.3982764841930475
0.46488824294412439686;-0.18406227634234223478;0;328.43067193646851365;1158.3390236590321365;328.69233310516244728;1158.3983207716942161
0.47552825814757565537;-0.15450849718747719508;0;328.43067193646646729;1158.3390236590323639;328.69234912633618251;1158.3983767030877061
0.48429158056431459434;-0.12434494358243111667;0;328.43067193646646729;1158.3390236590323639;328.69236649201889122;1158.3984372708464434
0.49114362536434358342;-0.093690657292866269534;0;328.43067193646851365;1158.3390236590321365;328.69238301195929353;1158.3984948456848088
0.49605735065723838284;-0.062666616782156292498;0;328.43067193646646729;1158.3390236590323639;328.69239659501397455;1158.3985421457100529
0.49901336421413550193;-0.031395259764661065383;0;328.43067193646646729;1158.3390236590323639;328.69240551769530612;1158.3985731710388336
