0.5;0;0;328.43067193646646729;1158.3390236590323639;329.45922710678900103;1158.5724129563122915
0.49901336421413577948;0.03139525976465668694;0;328.43067193646646729;1158.3390236590323639;329.45921497207365292;1158.5723712796475411
0.49605735065723893795;0.062666616782152129161;0;328.43067193646646729;1158.3390236590323639;329.45918011187893626;1158.5722515507547996
0.49114362536434436057;0.093690657292862314365;0;328.43067193646646729;1158.3390236590323639;329.45912695729361985;1158.5720689845184097
0.48429158056431553803;0.12434494358242739742;0;328.43067193646646729;1158.3390236590323639;329.45906225163372483;1158.571846737198257
0.47552825814757676559;0.15450849718747369788;0;328.43067193646851365;1158.3390236590321365;329.45899417887721938;1158.5716129155398448
0.46488824294412572913;0.18406227634233895962;0;328.43067193646646729;1158.3390236590323639;329.4589313127981427;1158.5713969693501895
0.45241352623300978841;0.212889645782536302;0;328.43067193646646729;1158.3390236590323639;329.45888152773915181;1158.5712259503229689
0.43815334002193179197;0.24087683705085760622;0;328.43067193646851365;1158.3390236590321365;329.45885101598173605;1158.5711211349100722
0.42216396275100759317;0.26791339748949827282;0;328.43067193646646729;1158.3390236590323639;329.45884354084631696;1158.5710954556118395
0.40450849718747372563;0.29389262614623651304;0;328.43067193646851365;1158.3390236590321365;329.45886002151161165;1158.5711520713198297
0.38525662138789468214;0.31871199487434481723;0;328.43067193646646729;1158.3390236590323639;329.45889849913754688;1158.5712842490540879
0.36448431371070583173;0.34227355296434425203;0;328.43067193646646729;1158.3390236590323639;329.45895448163804531;1158.5714765486663964
0.34227355296434441856;0.3644843137107056652;0;328.43067193646646729;1158.3390236590323639;329.45902161270964825;1158.5717071242315797
0.31871199487434492825;0.38525662138789451561;0;328.43067193646851365;1158.3390236590321365;329.45909256739645343;1158.5719508052552555
0.29389262614623667957;0.40450849718747361461;0;328.43067193646646729;1158.3390236590323639;329.45916004684943346;1158.5721825186776641
0.26791339748949838384;0.42216396275100748214;0;328.43067193646646729;1158.3390236590323639;329.45921773349704154;1158.572380572622933
0.24087683705085766173;0.43815334002193179197;0;328.43067193646646729;1158.3390236590323639;329.4592610754297084;1158.5725293500831867
0.21288964578253632975;0.45241352623300978841;0;328.43067193646646729;1158.3390236590323639;329.45928779500013661;1158.5726210511950285
0.18406227634233893187;0.46488824294412572913;0;328.43067193646646729;1158.3390236590323639;329.45929805676723845;1158.5726562628201464
0.15450849718747364236;0.4755282581475768211;0;328.43067193646646729;1158.3390236590323639;329.45929427912795973;1158.5726433039926633
0.12434494358242727252;0.48429158056431559354;0;328.43067193646646729;1158.3390236590323639;329.45928062492936306;1158.5725964710547942
0.093690657292862147831;0.49114362536434436057;0;328.43067193646646729;1158.3390236590323639;329.45926225180642177;1158.5725334621135971
0.062666616782151907117;0.49605735065723893795;0;328.43067193646646729;1158.3390236590323639;329.45924443683679783;1158.5724723748905944
0.031395259764656430201;0.49901336421413577948;0;328.43067193646851365;1158.3390236590321365;329.45923170722721807;1158.5724287290709071
-3.0245073740886312578e-16;0.5;0;328.43067193646646729;1158.3390236590323639;329.45922710678172507;1158.5724129563122915
-0.031395259764657033885;0.49901336421413577948;0;328.43067193646646729;1158.3390236590323639;329.45923170722829809;1158.5724287290736356
-0.062666616782152503862;0.49605735065723888244;0;328.43067193646646729;1158.3390236590323639;329.4592444368366273;1158.5724723748885481
-0.093690657292862744576;0.49114362536434424955;0;328.43067193646646729;1158.3390236590323639;329.45926225180465963;1158.5725334621138245
-0.12434494358242785539;0.484291580564315427;0;328.43067193646646729;1158.3390236590323639;329.45928062493015887;1158.5725964710557037
-0.15450849718747419748;0.47552825814757659906;0;328.43067193646851365;1158.3390236590321365;329.45929427912699339;1158.5726433039944823
-0.18406227634233951473;0.46488824294412550708;0;328.43067193646646729;1158.3390236590323639;329.45929805676530577;1158.5726562628208285
-0.21288964578253677384;0.45241352623300956637;0;328.43067193646646729;1158.3390236590323639;329.45928779500110295;1158.5726210511943464
-0.24087683705085810582;0.43815334002193151441;0;328.43067193646646729;1158.3390236590323639;329.45926107542749151;1158.572529350082732
-0.26791339748949877242;0.42216396275100720459;0;328.43067193646851365;1158.3390236590321365;329.45921773349652995;1158.572380572621114
-0.29389262614623706815;0.40450849718747333705;0;328.43067193646646729;1158.3390236590323639;329.45916004685193457;1158.5721825186801652
-0.31871199487434537234;0.38525662138789418254;0;328.43067193646646729;1158.3390236590323639;329.45909256739531656;1158.5719508052573019
-0.34227355296434486265;0.36448431371070527662;0;328.43067193646646729;1158.3390236590323639;329.45902161270856823;1158.5717071242333986
-0.36448431371070627582;0.34227355296434380794;0;328.43067193646646729;1158.3390236590323639;329.4589544816376474;1158.5714765486695796
-0.38525662138789512623;0.31871199487434426212;0;328.43067193646646729;1158.3390236590323639;329.45889849913874059;1158.5712842490552248
-0.40450849718747422523;0.29389262614623590242;0;328.43067193646646729;1158.3390236590323639;329.45886002151178218;1158.5711520713227856
-0.42216396275100803726;0.26791339748949755117;0;328.43067193646646729;1158.3390236590323639;329.45884354084444112;1158.5710954556066099
-0.43815334002193223606;0.24087683705085682906;0;328.43067193646646729;1158.3390236590323639;329.45885101598099709;1158.5711211349084806
-0.45241352623301017699;0.21288964578253544158;0;328.43067193646646729;1158.3390236590323639;329.45888152773733282;1158.5712259503238784
-0.46488824294412606219;0.18406227634233804369;0;328.43067193646646729;1158.3390236590323639;329.4589313127981427;1158.5713969693517811
-0.47552825814757709866;0.15450849718747269868;0;328.43067193646646729;1158.3390236590323639;329.45899417887591198;1158.5716129155375711
-0.48429158056431581558;0.12434494358242632883;0;328.43067193646851365;1158.3390236590321365;329.45906225163258796;1158.5718467371955285
-0.49114362536434452711;0.093690657292861190264;0;328.43067193646851365;1158.3390236590321365;329.45912695729379038;1158.572068984517955
-0.49605735065723904897;0.062666616782150949549;0;328.43067193646646729;1158.3390236590323639;329.45918011188086894;1158.5722515507545722
-0.499013364214135835;0.031395259764655465695;0;328.43067193646851365;1158.3390236590321365;329.45921497207575612;1158.5723712796493601
-0.5;-1.2710352895928202744e-15;0;328.43067193646646729;1158.3390236590323639;329.45922710678303247;1158.5724129563118368
-0.49901336421413572397;-0.031395259764657998391;0;328.43067193646646729;1158.3390236590323639;329.45921497207365292;1158.5723712796477685
-0.49605735065723877142;-0.062666616782153475307;0;328.43067193646646729;1158.3390236590323639;329.45918011187961838;1158.5722515507545722
-0.49114362536434408302;-0.093690657292863688266;0;328.43067193646646729;1158.3390236590323639;329.4591269572914598;1158.5720689845184097
-0.48429158056431520496;-0.12434494358242879908;0;328.43067193646646729;1158.3390236590323639;329.45906225163349745;1158.5718467371953011
-0.4755282581475763215;-0.15450849718747511341;0;328.43067193646646729;1158.3390236590323639;329.45899417887699201;1158.5716129155396175
-0.46488824294412511851;-0.18406227634234040291;0;328.43067193646851365;1158.3390236590321365;329.45893131279689214;1158.5713969693531453
-0.45241352623300906677;-0.21288964578253774529;0;328.43067193646851365;1158.3390236590321365;329.458881527738356;1158.5712259503234236
-0.43815334002193101481;-0.2408768370508590495;0;328.43067193646646729;1158.3390236590323639;329.45885101598287292;1158.5711211349084806
-0.42216396275100664948;-0.26791339748949971611;0;328.43067193646646729;1158.3390236590323639;329.45884354084518009;1158.5710954556057004
-0.40450849718747272643;-0.29389262614623795633;0;328.43067193646646729;1158.3390236590323639;329.4588600215124643;1158.5711520713234677
-0.38525662138789351641;-0.31871199487434620501;0;328.43067193646646729;1158.3390236590323639;329.45889849913908165;1158.5712842490549974
-0.36448431371070455498;-0.3422735529643456398;0;328.43067193646646729;1158.3390236590323639;329.45895448163759056;1158.5714765486704891
-0.34227355296434297527;-0.36448431371070699747;0;328.43067193646851365;1158.3390236590321365;329.45902161270925035;1158.571707124231807
-0.31871199487434342945;-0.38525662138789579236;0;328.43067193646646729;1158.3390236590323639;329.45909256739452076;1158.5719508052563924
-0.29389262614623518077;-0.40450849718747472483;0;328.43067193646646729;1158.3390236590323639;329.45916004685193457;1158.5721825186792557
-0.26791339748949705157;-0.42216396275100837032;0;328.43067193646646729;1158.3390236590323639;329.45921773349579098;1158.572380572622933
-0.24087683705085646824;-0.4381533400219324581;0;328.43067193646646729;1158.3390236590323639;329.45926107542788941;1158.572529350080913
-0.21288964578253527504;-0.4524135262330102325;0;328.43067193646851365;1158.3390236590321365;329.45928779500093242;1158.5726210511950285
-0.18406227634233807144;-0.46488824294412606219;0;328.43067193646646729;1158.3390236590323639;329.45929805676644264;1158.5726562628201464
-0.15450849718747294848;-0.47552825814757704315;0;328.43067193646646729;1158.3390236590323639;329.45929427912619758;1158.5726433039938001
-0.1243449435824267868;-0.48429158056431570456;0;328.43067193646646729;1158.3390236590323639;329.45928062493027255;1158.5725964710563858
-0.093690657292861884153;-0.49114362536434441608;0;328.43067193646646729;1158.3390236590323639;329.45926225180363645;1158.5725334621140519
-0.062666616782151865483;-0.49605735065723893795;0;328.43067193646646729;1158.3390236590323639;329.45924443683855998;1158.5724723748890028
-0.031395259764656603674;-0.49901336421413577948;0;328.43067193646646729;1158.3390236590323639;329.4592317072294918;1158.572428729072044
-9.1848509936051484375e-17;-0.5;0;328.43067193646646729;1158.3390236590323639;329.45922710678263456;1158.5724129563138831
0.031395259764656416324;-0.49901336421413577948;0;328.43067193646851365;1158.3390236590321365;329.45923170722880968;1158.5724287290715893
0.062666616782151671194;-0.49605735065723899346;0;328.43067193646646729;1158.3390236590323639;329.45924443683702521;1158.5724723748894576
0.093690657292861703742;-0.4911436253643444716;0;328.43067193646646729;1158.3390236590323639;329.45926225180642177;1158.572533462112915
0.12434494358242660639;-0.48429158056431576007;0;328.43067193646646729;1158.3390236590323639;329.45928062492760091;1158.572596471055931
0.15450849718747278194;-0.47552825814757709866;0;328.43067193646646729;1158.3390236590323639;329.45929427912847132;1158.5726433039947096
0.18406227634233790491;-0.46488824294412611771;0;328.43067193646646729;1158.3390236590323639;329.45929805676729529;1158.572656262819919
0.21288964578253510851;-0.45241352623301034352;0;328.43067193646646729;1158.3390236590323639;329.45928779500150085;1158.5726210511948011
0.2408768370508563017;-0.43815334002193251361;0;328.43067193646646729;1158.3390236590323639;329.45926107543090211;1158.5725293500818225
0.26791339748949688504;-0.42216396275100842583;0;328.43067193646646729;1158.3390236590323639;329.45921773349624573;1158.572380572622933
0.29389262614623506975;-0.40450849718747483585;0;328.43067193646646729;1158.3390236590323639;329.45916004685074086;1158.5721825186765273
0.31871199487434326292;-0.38525662138789590339;0;328.43067193646646729;1158.3390236590323639;329.45909256739702187;1158.5719508052548008
0.34227355296434269771;-0.36448431371070727502;0;328.43067193646851365;1158.3390236590321365;329.4590216127087956;1158.5717071242311249
0.36448431371070411089;-0.34227355296434608389;0;328.43067193646646729;1158.3390236590323639;329.45895448163832953;1158.5714765486675333
0.38525662138789296129;-0.31871199487434687114;0;328.43067193646646729;1158.3390236590323639;329.45889849913811531;1158.5712842490538605
0.4045084971874720603;-0.293892626146238789;0;328.43067193646851365;1158.3390236590321365;329.45886002151456751;1158.5711520713200571
0.42216396275100598334;-0.26791339748950082633;0;328.43067193646646729;1158.3390236590323639;329.45884354084404322;1158.5710954556129764
0.43815334002193029317;-0.24087683705086038177;0;328.43067193646646729;1158.3390236590323639;329.45885101597968969;1158.571121134908708
0.45241352623300834512;-0.21288964578253932736;0;328.43067193646646729;1158.3390236590323639;329.45888152774085711;1158.5712259503211499
0.46488824294412439686;-0.18406227634234223478;0;328.43067193646851365;1158.3390236590321365;329.45893131279842692;1158.5713969693513263
0.47552825814757565537;-0.15450849718747719508;0;328.43067193646646729;1158.3390236590323639;329.45899417887500249;1158.5716129155414365
0.48429158056431459434;-0.12434494358243111667;0;328.43067193646646729;1158.3390236590323639;329.45906225163304271;1158.5718467371957558
0.49114362536434358342;-0.093690657292866269534;0;328.43067193646851365;1158.3390236590321365;329.45912695729492725;1158.5720689845211382
0.49605735065723838284;-0.062666616782156292498;0;328.43067193646646729;1158.3390236590323639;329.45918011188081209;1158.5722515507541175
0.49901336421413550193;-0.031395259764661065383;0;328.43067193646646729;1158.3390236590323639;329.45921497207501716;1158.5723712796466316
