0.5;0;0;328.43067193646646729;1158.3390236590323639;328.50108069390091714;1158.3550289364395667
0.49901336421413577948;0.03139525976465668694;0;328.43067193646646729;1158.3390236590323639;328.50107902859929254;1158.3550254551153103
0.49605735065723893795;0.062666616782152129161;0;328.43067193646646729;1158.3390236590323639;328.50107537703712524;1158.3550167489190699
0.49114362536434436057;0.093690657292862314365;0;328.43067193646646729;1158.3390236590323639;328.50107007609477705;1158.3550039091746839
0.48429158056431553803;0.12434494358242739742;0;328.43067193646646729;1158.3390236590323639;328.50106363582131053;1158.3549885922261637
0.47552825814757676559;0.15450849718747369788;0;328.43067193646851365;1158.3390236590321365;328.50105667719094527;1158.3549728059151676
0.46488824294412572913;0.18406227634233895962;0;328.43067193646646729;1158.3390236590323639;328.50104985691825732;1158.3549586519097829
0.45241352623300978841;0.212889645782536302;0;328.43067193646646729;1158.3390236590323639;328.50104378919229475;1158.3549480581871194
0.43815334002193179197;0.24087683705085760622;0;328.43067193646851365;1158.3390236590321365;328.50103897447604595;1158.3549425372229962
0.42216396275100759317;0.26791339748949827282;0;328.43067193646646729;1158.3390236590323639;328.50103574470477952;1158.3549430014454629
0.40450849718747372563;0.29389262614623651304;0;328.43067193646851365;1158.3390236590321365;328.50103423157730731;1158.3549496597333928
0.38525662138789468214;0.31871199487434481723;0;328.43067193646646729;1158.3390236590323639;328.50103436174191529;1158.3549620073024471
0.36448431371070583173;0.34227355296434425203;0;328.43067193646646729;1158.3390236590323639;328.50103587858745868;1158.3549789084531767
0.34227355296434441856;0.3644843137107056652;0;328.43067193646646729;1158.3390236590323639;328.50103838728222172;1158.354998759270984
0.31871199487434492825;0.38525662138789451561;0;328.43067193646851365;1158.3390236590321365;328.50104482173344422;1158.3550187849887152
0.29389262614623667957;0.40450849718747361461;0;328.43067193646646729;1158.3390236590323639;328.50104922817604347;1158.3550370959883367
0.26791339748949838384;0.42216396275100748214;0;328.43067193646646729;1158.3390236590323639;328.50105159482939143;1158.3550532740166545
0.24087683705085766173;0.43815334002193179197;0;328.43067193646646729;1158.3390236590323639;328.50105226595661634;1158.3550666627475039
0.21288964578253632975;0.45241352623300978841;0;328.43067193646646729;1158.3390236590323639;328.50105173399066416;1158.3550766909886534
0.18406227634233893187;0.46488824294412572913;0;328.43067193646646729;1158.3390236590323639;328.50105051768071007;1158.3550831059101256
0.15450849718747364236;0.4755282581475768211;0;328.43067193646646729;1158.3390236590323639;328.50104908953971972;1158.355086091996327
0.12434494358242727252;0.48429158056431559354;0;328.43067193646646729;1158.3390236590323639;328.50104783320006163;1158.3550862663664702
0.093690657292862147831;0.49114362536434436057;0;328.43067193646646729;1158.3390236590323639;328.50104702220636455;1158.3550845636896156
0.062666616782151907117;0.49605735065723893795;0;328.43067193646646729;1158.3390236590323639;328.50104681641710158;1158.3550820455684516
0.031395259764656430201;0.49901336421413577948;0;328.43067193646851365;1158.3390236590321365;328.50104727297815543;1158.3550796827214526
-3.0245073740886312578e-16;0.5;0;328.43067193646646729;1158.3390236590323639;328.5010483677559705;1158.3550781608792022
-0.031395259764657033885;0.49901336421413577948;0;328.43067193646646729;1158.3390236590323639;328.50105002205674509;1158.3550777522059434
-0.062666616782152503862;0.49605735065723888244;0;328.43067193646646729;1158.3390236590323639;328.50105212906021279;1158.3550782766478733
-0.093690657292862744576;0.49114362536434424955;0;328.43067193646646729;1158.3390236590323639;328.50105457515888929;1158.3550791558202491
-0.12434494358242785539;0.484291580564315427;0;328.43067193646646729;1158.3390236590323639;328.50105725168384652;1158.3550795415935681
-0.15450849718747419748;0.47552825814757659906;0;328.43067193646851365;1158.3390236590321365;328.50106005262728104;1158.3550784868161827
-0.18406227634233951473;0.46488824294412550708;0;328.43067193646646729;1158.3390236590323639;328.5010628529894916;1158.3550751195652992
-0.21288964578253677384;0.45241352623300956637;0;328.43067193646646729;1158.3390236590323639;328.50106546186873402;1158.355068786681386
-0.24087683705085810582;0.43815334002193151441;0;328.43067193646646729;1158.3390236590323639;328.501067545450951;1158.3550591453581546
-0.26791339748949877242;0.42216396275100720459;0;328.43067193646851365;1158.3390236590321365;328.50106852088981668;1158.3550462004182009
-0.29389262614623706815;0.40450849718747333705;0;328.43067193646646729;1158.3390236590323639;328.50106743437999057;1158.3550303047618399
-0.31871199487434537234;0.38525662138789418254;0;328.43067193646646729;1158.3390236590323639;328.50106285743089529;1158.3550121555203987
-0.34227355296434486265;0.36448431371070527662;0;328.43067193646646729;1158.3390236590323639;328.50105286363299228;1158.3549928225620533
-0.36448431371070627582;0.34227355296434380794;0;328.43067193646646729;1158.3390236590323639;328.5010502520085538;1158.3549732045294149
-0.38525662138789512623;0.31871199487434426212;0;328.43067193646646729;1158.3390236590323639;328.50104847335950353;1158.3549565461689781
-0.40450849718747422523;0.29389262614623590242;0;328.43067193646646729;1158.3390236590323639;328.50104794929103491;1158.3549444186655819
-0.42216396275100803726;0.26791339748949755117;0;328.43067193646646729;1158.3390236590323639;328.50104896370459073;1158.3549379277869775
-0.43815334002193223606;0.24087683705085682906;0;328.43067193646646729;1158.3390236590323639;328.50105161658649422;1158.3549375524480638
-0.45241352623301017699;0.21288964578253544158;0;328.43067193646646729;1158.3390236590323639;328.50105580101040914;1158.3549430630073402
-0.46488824294412606219;0.18406227634233804369;0;328.43067193646646729;1158.3390236590323639;328.50106120729077475;1158.3549535317993104
-0.47552825814757709866;0.15450849718747269868;0;328.43067193646646729;1158.3390236590323639;328.50106735418046355;1158.3549674368355227
-0.48429158056431581558;0.12434494358242632883;0;328.43067193646851365;1158.3390236590321365;328.50107364362230555;1158.3549828460677418
-0.49114362536434452711;0.093690657292861190264;0;328.43067193646851365;1158.3390236590321365;328.50107943203494187;1158.3549976587250967
-0.49605735065723904897;0.062666616782150949549;0;328.43067193646646729;1158.3390236590323639;328.50108410901088973;1158.3550098721270842
-0.499013364214135835;0.031395259764655465695;0;328.43067193646851365;1158.3390236590321365;328.50108717298041938;1158.3550178388402401
-0.5;-1.2710352895928202744e-15;0;328.43067193646646729;1158.3390236590323639;328.50108829391427889;1158.355020479507175
-0.49901336421413572397;-0.031395259764657998391;0;328.43067193646646729;1158.3390236590323639;328.50108735466272947;1158.3550174232627796
-0.49605735065723877142;-0.062666616782153475307;0;328.43067193646646729;1158.3390236590323639;328.50108446547881158;1158.3550090567016468
-0.49114362536434408302;-0.093690657292863688266;0;328.43067193646646729;1158.3390236590323639;328.50107994968055891;1158.3549964746732712
-0.48429158056431520496;-0.12434494358242879908;0;328.43067193646646729;1158.3390236590323639;328.50107430264858976;1158.3549813397939943
-0.4755282581475763215;-0.15450849718747511341;0;328.43067193646646729;1158.3390236590323639;328.5010681292648087;1158.3549656692462122
-0.46488824294412511851;-0.18406227634234040291;0;328.43067193646851365;1158.3390236590321365;328.50106206857680036;1158.3549515773788698
-0.45241352623300906677;-0.21288964578253774529;0;328.43067193646851365;1158.3390236590321365;328.50105671533037821;1158.3549410085947784
-0.43815334002193101481;-0.2408768370508590495;0;328.43067193646646729;1158.3390236590323639;328.50105254894850759;1158.3549354955196122
-0.42216396275100664948;-0.26791339748949971611;0;328.43067193646646729;1158.3390236590323639;328.5010498789492317;1158.3549359743899458
-0.40450849718747272643;-0.29389262614623795633;0;328.43067193646646729;1158.3390236590323639;328.50104881395810708;1158.354942680926797
-0.38525662138789351641;-0.31871199487434620501;0;328.43067193646646729;1158.3390236590323639;328.50104925770523323;1158.3549551392584362
-0.36448431371070455498;-0.3422735529643456398;0;328.43067193646646729;1158.3390236590323639;328.50105093190535399;1158.3549722434136129
-0.34227355296434297527;-0.36448431371070699747;0;328.43067193646851365;1158.3390236590321365;328.50105342261673513;1158.3549924183989788
-0.31871199487434342945;-0.38525662138789579236;0;328.43067193646646729;1158.3390236590323639;328.50106067820144062;1158.3550122177875892
-0.29389262614623518077;-0.40450849718747472483;0;328.43067193646646729;1158.3390236590323639;328.50106288386280085;1158.3550323155043316
-0.26791339748949705157;-0.42216396275100837032;0;328.43067193646646729;1158.3390236590323639;328.5010616965324175;1158.3550508708208326
-0.24087683705085646824;-0.4381533400219324581;0;328.43067193646646729;1158.3390236590323639;328.50105874174533938;1158.355066570377403
-0.21288964578253527504;-0.4524135262330102325;0;328.43067193646851365;1158.3390236590321365;328.50105533256243007;1158.3550786182479442
-0.18406227634233807144;-0.46488824294412606219;0;328.43067193646646729;1158.3390236590323639;328.50105235829136063;1158.355086737899228
-0.15450849718747294848;-0.47552825814757704315;0;328.43067193646646729;1158.3390236590323639;328.50105028234838755;1158.3550911542140511
-0.1243449435824267868;-0.48429158056431570456;0;328.43067193646646729;1158.3390236590323639;328.50104920708042755;1158.3550925287968312
-0.093690657292861884153;-0.49114362536434441608;0;328.43067193646646729;1158.3390236590323639;328.50104897588386166;1158.3550918371129228
-0.062666616782151865483;-0.49605735065723893795;0;328.43067193646646729;1158.3390236590323639;328.50104929048609392;1158.3550901954156416
-0.031395259764656603674;-0.49901336421413577948;0;328.43067193646646729;1158.3390236590323639;328.50104982502847406;1158.3550886614705178
-9.1848509936051484375e-17;-0.5;0;328.43067193646646729;1158.3390236590323639;328.50105032161400231;1158.3550880428606433
0.031395259764656416324;-0.49901336421413577948;0;328.43067193646851365;1158.3390236590321365;328.50105065373679736;1158.3550887474293631
0.062666616782151671194;-0.49605735065723899346;0;328.43067193646646729;1158.3390236590323639;328.5010508496256989;1158.3550907035778437
0.093690657292861703742;-0.4911436253643444716;0;328.43067193646646729;1158.3390236590323639;328.50105107226255541;1158.3550933645387886
0.12434494358242660639;-0.48429158056431576007;0;328.43067193646646729;1158.3390236590323639;328.50105155987222361;1158.3550957953634679
0.15450849718747278194;-0.47552825814757709866;0;328.43067193646646729;1158.3390236590323639;328.50105253659984328;1158.3550968272061255
0.18406227634233790491;-0.46488824294412611771;0;328.43067193646646729;1158.3390236590323639;328.50105410711603326;1158.3550952540419985
0.21288964578253510851;-0.45241352623301034352;0;328.43067193646646729;1158.3390236590323639;328.50105615215670696;1158.3550900454724797
0.2408768370508563017;-0.43815334002193251361;0;328.43067193646646729;1158.3390236590323639;328.50105824446114866;1158.3550805551581107
0.26791339748949688504;-0.42216396275100842583;0;328.43067193646646729;1158.3390236590323639;328.50105960883365697;1158.3550667175200033
0.29389262614623506975;-0.40450849718747483585;0;328.43067193646646729;1158.3390236590323639;328.5010591578092658;1158.355049240094786
0.31871199487434326292;-0.38525662138789590339;0;328.43067193646646729;1158.3390236590323639;328.50105564887286391;1158.3550298117513648
0.34227355296434269771;-0.36448431371070727502;0;328.43067193646851365;1158.3390236590321365;328.50104802830117023;1158.3550113487990529
0.36448431371070411089;-0.34227355296434608389;0;328.43067193646646729;1158.3390236590323639;328.50104557422974949;1158.3549911180984964
0.38525662138789296129;-0.31871199487434687114;0;328.43067193646646729;1158.3390236590323639;328.50104394681039821;1158.3549737234634449
0.4045084971874720603;-0.293892626146238789;0;328.43067193646851365;1158.3390236590321365;328.5010435409712386;1158.3549607672057391
0.42216396275100598334;-0.26791339748950082633;0;328.43067193646646729;1158.3390236590323639;328.50104461825111457;1158.3549533857760707
0.43815334002193029317;-0.24087683705086038177;0;328.43067193646646729;1158.3390236590323639;328.50104726107826991;1158.3549520872943503
0.45241352623300834512;-0.21288964578253932736;0;328.43067193646646729;1158.3390236590323639;328.5010513502215872;1158.3549566687108836
0.46488824294412439686;-0.18406227634234223478;0;328.43067193646851365;1158.3390236590321365;328.50105656877838101;1158.3549662258633361
0.47552825814757565537;-0.15450849718747719508;0;328.43067193646646729;1158.3390236590323639;328.50106243303963538;1158.3549792566634551
0.48429158056431459434;-0.12434494358243111667;0;328.43067193646646729;1158.3390236590323639;328.5010683465574175;1158.3549938452597416
0.49114362536434358342;-0.093690657292866269534;0;328.43067193646851365;1158.3390236590321365;328.50107367070029341;1158.3550079034762348
0.49605735065723838284;-0.062666616782156292498;0;328.43067193646646729;1158.3390236590323639;328.50107780258366574;1158.3550194379422464
0.49901336421413550193;-0.031395259764661065383;0;328.43067193646646729;1158.3390236590323639;328.50108025008177037;1158.3550268074986889
