0.5;0;0;328.43067193646646729;1158.3390236590323639;328.48098574676515682;1158.3506113621965596
0.49901336421413577948;0.03139525976465668694;0;328.43067193646646729;1158.3390236590323639;328.48098079025947982;1158.3506098177890635
0.49605735065723893795;0.062666616782152129161;0;328.43067193646646729;1158.3390236590323639;328.48097632350425101;1158.350604366872858
0.49114362536434436057;0.093690657292862314365;0;328.43067193646646729;1158.3390236590323639;328.4809726918770707;1158.3505956292076462
0.48429158056431553803;0.12434494358242739742;0;328.43067193646646729;1158.3390236590323639;328.48097033939353651;1158.3505845777485774
0.47552825814757676559;0.15450849718747369788;0;328.43067193646851365;1158.3390236590321365;328.4809697629750076;1158.3505724020392336
0.46488824294412572913;0.18406227634233895962;0;328.43067193646646729;1158.3390236590323639;328.48097145768360861;1158.3505603435489775
0.45241352623300978841;0.212889645782536302;0;328.43067193646646729;1158.3390236590323639;328.48097585915121499;1158.3505495264830643
0.43815334002193179197;0.24087683705085760622;0;328.43067193646851365;1158.3390236590321365;328.48098329041926036;1158.3505408072803675
0.42216396275100759317;0.26791339748949827282;0;328.43067193646646729;1158.3390236590323639;328.48099391897517307;1158.3505346640504285
0.40450849718747372563;0.29389262614623651304;0;328.43067193646851365;1158.3390236590321365;328.48100772928847846;1158.3505311412595802
0.38525662138789468214;0.31871199487434481723;0;328.43067193646646729;1158.3390236590323639;328.48102451323399009;1158.3505298565535213
0.36448431371070583173;0.34227355296434425203;0;328.43067193646646729;1158.3390236590323639;328.48104387966657214;1158.3505300689573687
0.34227355296434441856;0.3644843137107056652;0;328.43067193646646729;1158.3390236590323639;328.4810652810585907;1158.3505307979496592
0.31871199487434492825;0.38525662138789451561;0;328.43067193646851365;1158.3390236590321365;328.48109093800729852;1158.3505294574579239
0.29389262614623667957;0.40450849718747361461;0;328.43067193646646729;1158.3390236590323639;328.48111653720911818;1158.3505276269249862
0.26791339748949838384;0.42216396275100748214;0;328.43067193646646729;1158.3390236590323639;328.48114105151972808;1158.3505246214494946
0.24087683705085766173;0.43815334002193179197;0;328.43067193646646729;1158.3390236590323639;328.48116373214020314;1158.3505195931095386
0.21288964578253632975;0.45241352623300978841;0;328.43067193646646729;1158.3390236590323639;328.48118410373251663;1158.3505119629878664
0.18406227634233893187;0.46488824294412572913;0;328.43067193646646729;1158.3390236590323639;328.4812019140165944;1158.3505016855929171
0.15450849718747364236;0.4755282581475768211;0;328.43067193646646729;1158.3390236590323639;328.4812170585481681;1158.3504893346560038
0.12434494358242727252;0.48429158056431559354;0;328.43067193646646729;1158.3390236590323639;328.48122950494155248;1158.3504760275800436
0.093690657292862147831;0.49114362536434436057;0;328.43067193646646729;1158.3390236590323639;328.48123923587183981;1158.3504632276874418
0.062666616782151907117;0.49605735065723893795;0;328.43067193646646729;1158.3390236590323639;328.48124621958584157;1158.350452477271574
0.031395259764656430201;0.49901336421413577948;0;328.43067193646851365;1158.3390236590321365;328.48125040624319126;1158.3504451183894162
-3.0245073740886312578e-16;0.5;0;328.43067193646646729;1158.3390236590323639;328.48125174037778606;1158.3504420544797995
-0.031395259764657033885;0.49901336421413577948;0;328.43067193646646729;1158.3390236590323639;328.48125017751800669;1158.350443594273429
-0.062666616782152503862;0.49605735065723888244;0;328.43067193646646729;1158.3390236590323639;328.48124569508735249;1158.3504494034132222
-0.093690657292862744576;0.49114362536434424955;0;328.43067193646646729;1158.3390236590323639;328.48123829415214914;1158.3504585704095007
-0.12434494358242785539;0.484291580564315427;0;328.43067193646646729;1158.3390236590323639;328.48122799542954908;1158.3504697741684595
-0.15450849718747419748;0.47552825814757659906;0;328.43067193646851365;1158.3390236590321365;328.48121483799258158;1158.3504815231942757
-0.18406227634233951473;0.46488824294412550708;0;328.43067193646646729;1158.3390236590323639;328.48119889005414507;1158.3504924229491735
-0.21288964578253677384;0.45241352623300956637;0;328.43067193646646729;1158.3390236590323639;328.48118027712826006;1158.3505014203776682
-0.24087683705085810582;0.43815334002193151441;0;328.43067193646646729;1158.3390236590323639;328.48115922441041903;1158.3505079741692043
-0.26791339748949877242;0.42216396275100720459;0;328.43067193646851365;1158.3390236590321365;328.48113610090473458;1158.3505121074631461
-0.29389262614623706815;0.40450849718747333705;0;328.43067193646646729;1158.3390236590323639;328.48111144546692231;1158.3505143156428403
-0.31871199487434537234;0.38525662138789418254;0;328.43067193646646729;1158.3390236590323639;328.48108595484535499;1158.3505153243929726
-0.34227355296434486265;0.36448431371070527662;0;328.43067193646646729;1158.3390236590323639;328.48106042358995182;1158.3505157193176274
-0.36448431371070627582;0.34227355296434380794;0;328.43067193646646729;1158.3390236590323639;328.48103924461116776;1158.3505149131683538
-0.38525662138789512623;0.31871199487434426212;0;328.43067193646646729;1158.3390236590323639;328.48102013802287047;1158.3505148363851731
-0.40450849718747422523;0.29389262614623590242;0;328.43067193646646729;1158.3390236590323639;328.48100361070726194;1158.3505164675987089
-0.42216396275100803726;0.26791339748949755117;0;328.43067193646646729;1158.3390236590323639;328.48099000653172652;1158.3505205456190197
-0.43815334002193223606;0.24087683705085682906;0;328.43067193646646729;1158.3390236590323639;328.48097948155941594;1158.3505274511808238
-0.45241352623301017699;0.21288964578253544158;0;328.43067193646646729;1158.3390236590323639;328.48097199703590832;1158.3505371395210659
-0.46488824294412606219;0.18406227634233804369;0;328.43067193646646729;1158.3390236590323639;328.48096733186946494;1158.3505491337336935
-0.47552825814757709866;0.15450849718747269868;0;328.43067193646646729;1158.3390236590323639;328.48096511370840744;1158.3505625803256862
-0.48429158056431581558;0.12434494358242632883;0;328.43067193646851365;1158.3390236590321365;328.48096486538310046;1158.3505763595087501
-0.49114362536434452711;0.093690657292861190264;0;328.43067193646851365;1158.3390236590321365;328.48096606172452994;1158.3505892346656765
-0.49605735065723904897;0.062666616782150949549;0;328.43067193646646729;1158.3390236590323639;328.48096819014477887;1158.3506000205234159
-0.499013364214135835;0.031395259764655465695;0;328.43067193646851365;1158.3390236590321365;328.48097080795145075;1158.3506077461261157
-0.5;-1.2710352895928202744e-15;0;328.43067193646646729;1158.3390236590323639;328.48097358966384718;1158.3506117896110936
-0.49901336421413572397;-0.031395259764657998391;0;328.43067193646646729;1158.3390236590323639;328.48097635889308776;1158.3506119658791249
-0.49605735065723877142;-0.062666616782153475307;0;328.43067193646646729;1158.3390236590323639;328.48097910108305086;1158.3506085543133395
-0.49114362536434408302;-0.093690657292863688266;0;328.43067193646646729;1158.3390236590323639;328.48098195598549864;1158.3506022625438163
-0.48429158056431520496;-0.12434494358242879908;0;328.43067193646646729;1158.3390236590323639;328.48098519096254222;1158.3505941311998413
-0.4755282581475763215;-0.15450849718747511341;0;328.43067193646646729;1158.3390236590323639;328.48098915893439198;1158.3505853922927145
-0.46488824294412511851;-0.18406227634234040291;0;328.43067193646851365;1158.3390236590321365;328.48099424632937371;1158.3505773015117484
-0.45241352623300906677;-0.21288964578253774529;0;328.43067193646851365;1158.3390236590321365;328.48100081754614621;1158.3505709671633213
-0.43815334002193101481;-0.2408768370508590495;0;328.43067193646646729;1158.3390236590323639;328.48100916305980945;1158.3505671999830611
-0.42216396275100664948;-0.26791339748949971611;0;328.43067193646646729;1158.3390236590323639;328.4810194570211479;1158.3505664045096637
-0.40450849718747272643;-0.29389262614623795633;0;328.43067193646646729;1158.3390236590323639;328.48103172971030972;1158.3505685271079528
-0.38525662138789351641;-0.31871199487434620501;0;328.43067193646646729;1158.3390236590323639;328.4810458572556513;1158.3505730680510624
-0.36448431371070455498;-0.3422735529643456398;0;328.43067193646646729;1158.3390236590323639;328.48106156938109734;1158.3505791554810003
-0.34227355296434297527;-0.36448431371070699747;0;328.43067193646851365;1158.3390236590321365;328.48107847353469424;1158.3505856712408786
-0.31871199487434342945;-0.38525662138789579236;0;328.43067193646646729;1158.3390236590323639;328.48109942886588897;1158.3505900479026423
-0.29389262614623518077;-0.40450849718747472483;0;328.43067193646646729;1158.3390236590323639;328.48111918333233916;1158.3505935587659224
-0.26791339748949705157;-0.42216396275100837032;0;328.43067193646646729;1158.3390236590323639;328.48113754277210319;1158.3505955015762083
-0.24087683705085646824;-0.4381533400219324581;0;328.43067193646646729;1158.3390236590323639;328.48115428832483076;1158.3505949069781309
-0.21288964578253527504;-0.4524135262330102325;0;328.43067193646851365;1158.3390236590321365;328.48116925731790161;1158.3505910361282076
-0.18406227634233807144;-0.46488824294412606219;0;328.43067193646646729;1158.3390236590323639;328.48118237176470302;1158.3505836989629643
-0.15450849718747294848;-0.47552825814757704315;0;328.43067193646646729;1158.3390236590323639;328.48119362843948466;1158.3505733769654853
-0.1243449435824267868;-0.48429158056431570456;0;328.43067193646646729;1158.3390236590323639;328.481203070383458;1158.350561165668978
-0.093690657292861884153;-0.49114362536434441608;0;328.43067193646646729;1158.3390236590323639;328.48121075695559057;1158.3505485768405379
-0.062666616782151865483;-0.49605735065723893795;0;328.43067193646646729;1158.3390236590323639;328.48121674293201977;1158.3505372562922275
-0.031395259764656603674;-0.49901336421413577948;0;328.43067193646646729;1158.3390236590323639;328.48122106905452711;1158.3505286792897095
-9.1848509936051484375e-17;-0.5;0;328.43067193646646729;1158.3390236590323639;328.48122376054578808;1158.3505238825134711
0.031395259764656416324;-0.49901336421413577948;0;328.43067193646851365;1158.3390236590321365;328.48122482782594034;1158.3505232804357092
0.062666616782151671194;-0.49605735065723899346;0;328.43067193646646729;1158.3390236590323639;328.48122426476180635;1158.3505265975834391
0.093690657292861703742;-0.4911436253643444716;0;328.43067193646646729;1158.3390236590323639;328.48122204393945367;1158.3505329274128144
0.12434494358242660639;-0.48429158056431576007;0;328.43067193646646729;1158.3390236590323639;328.4812181121524759;1158.3505409070689893
0.15450849718747278194;-0.47552825814757709866;0;328.43067193646646729;1158.3390236590323639;328.48121239165612906;1158.3505489773419868
0.18406227634233790491;-0.46488824294412611771;0;328.43067193646646729;1158.3390236590323639;328.48120479160371588;1158.3505556810964663
0.21288964578253510851;-0.45241352623301034352;0;328.43067193646646729;1158.3390236590323639;328.48119522812265814;1158.3505599441709819
0.2408768370508563017;-0.43815334002193251361;0;328.43067193646646729;1158.3390236590323639;328.48118364417825887;1158.350561282656372
0.26791339748949688504;-0.42216396275100842583;0;328.43067193646646729;1158.3390236590323639;328.48117001235453927;1158.3505598896767879
0.29389262614623506975;-0.40450849718747483585;0;328.43067193646646729;1158.3390236590323639;328.48115430041184482;1158.3505565741695591
0.31871199487434326292;-0.38525662138789590339;0;328.43067193646646729;1158.3390236590323639;328.48113638466986686;1158.3505525498328552
0.34227355296434269771;-0.36448431371070727502;0;328.43067193646851365;1158.3390236590321365;328.48111591310481572;1158.3505491024097864
0.36448431371070411089;-0.34227355296434608389;0;328.43067193646646729;1158.3390236590323639;328.48109932639619046;1158.3505438385716388
0.38525662138789296129;-0.31871199487434687114;0;328.43067193646646729;1158.3390236590323639;328.48108335340407393;1158.3505395661309194
0.4045084971874720603;-0.293892626146238789;0;328.43067193646851365;1158.3390236590321365;328.48106840342973101;1158.3505373200273425
0.42216396275100598334;-0.26791339748950082633;0;328.43067193646646729;1158.3390236590323639;328.48105478208344721;1158.350537882328581
0.43815334002193029317;-0.24087683705086038177;0;328.43067193646646729;1158.3390236590323639;328.48104266684168806;1158.3505416603993581
0.45241352623300834512;-0.21288964578253932736;0;328.43067193646646729;1158.3390236590323639;328.48103209748478548;1158.3505486165674938
0.46488824294412439686;-0.18406227634234223478;0;328.43067193646851365;1158.3390236590321365;328.48102298371361485;1158.3505582593882082
0.47552825814757565537;-0.15450849718747719508;0;328.43067193646646729;1158.3390236590323639;328.48101512894481857;1158.3505696984943825
0.48429158056431459434;-0.12434494358243111667;0;328.43067193646646729;1158.3390236590323639;328.48100826812293462;1158.3505817552195367
0.49114362536434358342;-0.093690657292866269534;0;328.43067193646851365;1158.3390236590321365;328.48100211482551458;1158.3505931144422902
0.49605735065723838284;-0.062666616782156292498;0;328.43067193646646729;1158.3390236590323639;328.48099641168687413;1158.3506024961038747
0.49901336421413550193;-0.031395259764661065383;0;328.43067193646646729;1158.3390236590323639;328.48099097779288513;1158.3506088231399644
