0.5;0;0;328.43067193646646729;1158.3390236590323639;336.61588176674393935;1160.1603083093623354
0.49901336421413577948;0.03139525976465668694;0;328.43067193646646729;1158.3390236590323639;336.6157925139906979;1160.1600239102676824
0.49605735065723893795;0.062666616782152129161;0;328.43067193646646729;1158.3390236590323639;336.61553610799199987;1160.1592068900063168
0.49114362536434436057;0.093690657292862314365;0;328.43067193646646729;1158.3390236590323639;336.61514513150177663;1160.1579610804967615
0.48429158056431553803;0.12434494358242739742;0;328.43067193646646729;1158.3390236590323639;336.61466917422848155;1160.1564445049446022
0.47552825814757676559;0.15450849718747369788;0;328.43067193646851365;1158.3390236590321365;336.61416842824291962;1160.1548489639333184
0.46488824294412572913;0.18406227634233895962;0;328.43067193646646729;1158.3390236590323639;336.61370596260360344;1160.1533754155843781
0.45241352623300978841;0.212889645782536302;0;328.43067193646646729;1158.3390236590323639;336.61333971124156506;1160.1522084466407705
0.43815334002193179197;0.24087683705085760622;0;328.43067193646851365;1158.3390236590321365;336.61311524011586016;1160.1514932310008135
0.42216396275100759317;0.26791339748949827282;0;328.43067193646646729;1158.3390236590323639;336.61306024568824569;1160.1513180070401177
0.40450849718747372563;0.29389262614623651304;0;328.43067193646851365;1158.3390236590321365;336.61318149310716308;1160.1517043275368906
0.38525662138789468214;0.31871199487434481723;0;328.43067193646646729;1158.3390236590323639;336.61346456318443643;1160.152606255608589
0.36448431371070583173;0.34227355296434425203;0;328.43067193646646729;1158.3390236590323639;336.61387639004527728;1160.1539184477453546
0.34227355296434441856;0.3644843137107056652;0;328.43067193646646729;1158.3390236590323639;336.61437018994951131;1160.1554918524079767
0.31871199487434492825;0.38525662138789451561;0;328.43067193646851365;1158.3390236590321365;336.61489205971599858;1160.1571547275527791
0.29389262614623667957;0.40450849718747361461;0;328.43067193646646729;1158.3390236590323639;336.61538830442032122;1160.1587359841037141
0.26791339748949838384;0.42216396275100748214;0;328.43067193646646729;1158.3390236590323639;336.61581246876420437;1160.1600875893636839
0.24087683705085766173;0.43815334002193179197;0;328.43067193646646729;1158.3390236590323639;336.61613110521329872;1160.1611029497482832
0.21288964578253632975;0.45241352623300978841;0;328.43067193646646729;1158.3390236590323639;336.61632750543691373;1160.1617288067182017
0.18406227634233893187;0.46488824294412572913;0;328.43067193646646729;1158.3390236590323639;336.61640292135876962;1160.1619691340915779
0.15450849718747364236;0.4755282581475768211;0;328.43067193646646729;1158.3390236590323639;336.61637516528645619;1160.1618806822207262
0.12434494358242727252;0.48429158056431559354;0;328.43067193646646729;1158.3390236590323639;336.61627485348930122;1160.1615610100834601
0.093690657292862147831;0.49114362536434436057;0;328.43067193646646729;1158.3390236590323639;336.61613989125834223;1160.1611309107593115
0.062666616782151907117;0.49605735065723893795;0;328.43067193646646729;1158.3390236590323639;336.61600904284273383;1160.1607139187897246
0.031395259764656430201;0.49901336421413577948;0;328.43067193646851365;1158.3390236590321365;336.61591555257240316;1160.1604159797780085
-3.0245073740886312578e-16;0.5;0;328.43067193646646729;1158.3390236590323639;336.61588176674314354;1160.1603083093618807
-0.031395259764657033885;0.49901336421413577948;0;328.43067193646646729;1158.3390236590323639;336.61591555257177788;1160.1604159797780085
-0.062666616782152503862;0.49605735065723888244;0;328.43067193646646729;1158.3390236590323639;336.61600904284262015;1160.1607139187906341
-0.093690657292862744576;0.49114362536434424955;0;328.43067193646646729;1158.3390236590323639;336.61613989125851276;1160.1611309107595389
-0.12434494358242785539;0.484291580564315427;0;328.43067193646646729;1158.3390236590323639;336.61627485349066546;1160.1615610100848244
-0.15450849718747419748;0.47552825814757659906;0;328.43067193646851365;1158.3390236590321365;336.61637516528895731;1160.1618806822232273
-0.18406227634233951473;0.46488824294412550708;0;328.43067193646646729;1158.3390236590323639;336.61640292136161179;1160.1619691340929421
-0.21288964578253677384;0.45241352623300956637;0;328.43067193646646729;1158.3390236590323639;336.61632750543731163;1160.1617288067197933
-0.24087683705085810582;0.43815334002193151441;0;328.43067193646646729;1158.3390236590323639;336.61613110521398085;1160.1611029497505569
-0.26791339748949877242;0.42216396275100720459;0;328.43067193646851365;1158.3390236590321365;336.61581246876727391;1160.1600875893668672
-0.29389262614623706815;0.40450849718747333705;0;328.43067193646646729;1158.3390236590323639;336.61538830442145809;1160.1587359841057605
-0.31871199487434537234;0.38525662138789418254;0;328.43067193646646729;1158.3390236590323639;336.61489205971679439;1160.157154727555735
-0.34227355296434486265;0.36448431371070527662;0;328.43067193646646729;1158.3390236590323639;336.61437018995025028;1160.1554918524109326
-0.36448431371070627582;0.34227355296434380794;0;328.43067193646646729;1158.3390236590323639;336.61387639004658467;1160.1539184477469462
-0.38525662138789512623;0.31871199487434426212;0;328.43067193646646729;1158.3390236590323639;336.61346456318602804;1160.1526062556106353
-0.40450849718747422523;0.29389262614623590242;0;328.43067193646646729;1158.3390236590323639;336.6131814931069357;1160.1517043275389369
-0.42216396275100803726;0.26791339748949755117;0;328.43067193646646729;1158.3390236590323639;336.61306024568915518;1160.1513180070414819
-0.43815334002193223606;0.24087683705085682906;0;328.43067193646646729;1158.3390236590323639;336.61311524011745178;1160.151493231003542
-0.45241352623301017699;0.21288964578253544158;0;328.43067193646646729;1158.3390236590323639;336.61333971124378195;1160.1522084466419074
-0.46488824294412606219;0.18406227634233804369;0;328.43067193646646729;1158.3390236590323639;336.61370596260371713;1160.1533754155859697
-0.47552825814757709866;0.15450849718747269868;0;328.43067193646646729;1158.3390236590323639;336.61416842824382911;1160.1548489639351374
-0.48429158056431581558;0.12434494358242632883;0;328.43067193646851365;1158.3390236590321365;336.61466917422842471;1160.1564445049461938
-0.49114362536434452711;0.093690657292861190264;0;328.43067193646851365;1158.3390236590321365;336.61514513150268613;1160.1579610804981257
-0.49605735065723904897;0.062666616782150949549;0;328.43067193646646729;1158.3390236590323639;336.61553610799182934;1160.1592068900076811
-0.499013364214135835;0.031395259764655465695;0;328.43067193646851365;1158.3390236590321365;336.61579251399143686;1160.1600239102670002
-0.5;-1.2710352895928202744e-15;0;328.43067193646646729;1158.3390236590323639;336.61588176674291617;1160.1603083093636997
-0.49901336421413572397;-0.031395259764657998391;0;328.43067193646646729;1158.3390236590323639;336.61579251399018631;1160.1600239102683645
-0.49605735065723877142;-0.062666616782153475307;0;328.43067193646646729;1158.3390236590323639;336.61553610799126091;1160.1592068900069989
-0.49114362536434408302;-0.093690657292863688266;0;328.43067193646646729;1158.3390236590323639;336.61514513150211769;1160.1579610804974436
-0.48429158056431520496;-0.12434494358242879908;0;328.43067193646646729;1158.3390236590323639;336.61466917422842471;1160.1564445049450569
-0.4755282581475763215;-0.15450849718747511341;0;328.43067193646646729;1158.3390236590323639;336.61416842824235118;1160.154848963933091
-0.46488824294412511851;-0.18406227634234040291;0;328.43067193646851365;1158.3390236590321365;336.61370596260331922;1160.1533754155839233
-0.45241352623300906677;-0.21288964578253774529;0;328.43067193646851365;1158.3390236590321365;336.61333971124321351;1160.1522084466409979
-0.43815334002193101481;-0.2408768370508590495;0;328.43067193646646729;1158.3390236590323639;336.61311524011620122;1160.1514932310005861
-0.42216396275100664948;-0.26791339748949971611;0;328.43067193646646729;1158.3390236590323639;336.61306024568921202;1160.1513180070382987
-0.40450849718747272643;-0.29389262614623795633;0;328.43067193646646729;1158.3390236590323639;336.61318149310631043;1160.1517043275364358
-0.38525662138789351641;-0.31871199487434620501;0;328.43067193646646729;1158.3390236590323639;336.6134645631855733;1160.1526062556079069
-0.36448431371070455498;-0.3422735529643456398;0;328.43067193646646729;1158.3390236590323639;336.61387639004578887;1160.1539184477460367
-0.34227355296434297527;-0.36448431371070699747;0;328.43067193646851365;1158.3390236590321365;336.61437018995042081;1160.1554918524079767
-0.31871199487434342945;-0.38525662138789579236;0;328.43067193646646729;1158.3390236590323639;336.61489205971605543;1160.1571547275532339
-0.29389262614623518077;-0.40450849718747472483;0;328.43067193646646729;1158.3390236590323639;336.61538830442066228;1160.1587359841037141
-0.26791339748949705157;-0.42216396275100837032;0;328.43067193646646729;1158.3390236590323639;336.61581246876471596;1160.1600875893639113
-0.24087683705085646824;-0.4381533400219324581;0;328.43067193646646729;1158.3390236590323639;336.61613110521290082;1160.1611029497476011
-0.21288964578253527504;-0.4524135262330102325;0;328.43067193646851365;1158.3390236590321365;336.61632750543856218;1160.1617288067170648
-0.18406227634233807144;-0.46488824294412606219;0;328.43067193646646729;1158.3390236590323639;336.61640292136047492;1160.1619691340915779
-0.15450849718747294848;-0.47552825814757704315;0;328.43067193646646729;1158.3390236590323639;336.61637516528600145;1160.1618806822225451
-0.1243449435824267868;-0.48429158056431570456;0;328.43067193646646729;1158.3390236590323639;336.61627485349089284;1160.1615610100832328
-0.093690657292861884153;-0.49114362536434441608;0;328.43067193646646729;1158.3390236590323639;336.61613989125760327;1160.1611309107588568
-0.062666616782151865483;-0.49605735065723893795;0;328.43067193646646729;1158.3390236590323639;336.61600904284250646;1160.1607139187894973
-0.031395259764656603674;-0.49901336421413577948;0;328.43067193646646729;1158.3390236590323639;336.61591555257251684;1160.160415979777099
-9.1848509936051484375e-17;-0.5;0;328.43067193646646729;1158.3390236590323639;336.61588176674274564;1160.1603083093625628
0.031395259764656416324;-0.49901336421413577948;0;328.43067193646851365;1158.3390236590321365;336.61591555257280106;1160.160415979777099
0.062666616782151671194;-0.49605735065723899346;0;328.43067193646646729;1158.3390236590323639;336.61600904284233593;1160.160713918791771
0.093690657292861703742;-0.4911436253643444716;0;328.43067193646646729;1158.3390236590323639;336.61613989125731905;1160.1611309107604484
0.12434494358242660639;-0.48429158056431576007;0;328.43067193646646729;1158.3390236590323639;336.61627485349043809;1160.1615610100848244
0.15450849718747278194;-0.47552825814757709866;0;328.43067193646646729;1158.3390236590323639;336.61637516528730885;1160.1618806822229999
0.18406227634233790491;-0.46488824294412611771;0;328.43067193646646729;1158.3390236590323639;336.61640292136075914;1160.1619691340929421
0.21288964578253510851;-0.45241352623301034352;0;328.43067193646646729;1158.3390236590323639;336.61632750543856218;1160.1617288067191112
0.2408768370508563017;-0.43815334002193251361;0;328.43067193646646729;1158.3390236590323639;336.61613110521568615;1160.1611029497503296
0.26791339748949688504;-0.42216396275100842583;0;328.43067193646646729;1158.3390236590323639;336.61581246876653495;1160.1600875893657303
0.29389262614623506975;-0.40450849718747483585;0;328.43067193646646729;1158.3390236590323639;336.61538830442117387;1160.1587359841055331
0.31871199487434326292;-0.38525662138789590339;0;328.43067193646646729;1158.3390236590323639;336.61489205971793126;1160.1571547275543708
0.34227355296434269771;-0.36448431371070727502;0;328.43067193646851365;1158.3390236590321365;336.61437018995138715;1160.1554918524097957
0.36448431371070411089;-0.34227355296434608389;0;328.43067193646646729;1158.3390236590323639;336.61387639004868788;1160.1539184477467188
0.38525662138789296129;-0.31871199487434687114;0;328.43067193646646729;1158.3390236590323639;336.61346456318761966;1160.1526062556090437
0.4045084971874720603;-0.293892626146238789;0;328.43067193646851365;1158.3390236590321365;336.61318149310972103;1160.1517043275380274
0.42216396275100598334;-0.26791339748950082633;0;328.43067193646646729;1158.3390236590323639;336.61306024569012152;1160.1513180070426188
0.43815334002193029317;-0.24087683705086038177;0;328.43067193646646729;1158.3390236590323639;336.61311524011779284;1160.1514932310028598
0.45241352623300834512;-0.21288964578253932736;0;328.43067193646646729;1158.3390236590323639;336.61333971124480513;1160.1522084466419074
0.46488824294412439686;-0.18406227634234223478;0;328.43067193646851365;1158.3390236590321365;336.61370596260536558;1160.1533754155848328
0.47552825814757565537;-0.15450849718747719508;0;328.43067193646646729;1158.3390236590323639;336.61416842824451123;1160.15484896393491
0.48429158056431459434;-0.12434494358243111667;0;328.43067193646646729;1158.3390236590323639;336.61466917423018685;1160.1564445049434653
0.49114362536434358342;-0.093690657292866269534;0;328.43067193646851365;1158.3390236590321365;336.61514513150285666;1160.1579610804965341
0.49605735065723838284;-0.062666616782156292498;0;328.43067193646646729;1158.3390236590323639;336.6155361079934778;1160.1592068900072263
0.49901336421413550193;-0.031395259764661065383;0;328.43067193646646729;1158.3390236590323639;336.61579251399098212;1160.160023910267455
