0.5;0;0;328.43067193646646729;1158.3390236590323639;328.51825052090168811;1158.3589696644830838
0.49901336421413577948;0.03139525976465668694;0;328.43067193646646729;1158.3390236590323639;328.51824956219968499;1158.3589655780376688
0.49605735065723893795;0.062666616782152129161;0;328.43067193646646729;1158.3390236590323639;328.51824643604385301;1158.3589548585778175
0.49114362536434436057;0.093690657292862314365;0;328.43067193646646729;1158.3390236590323639;328.51824153125676276;1158.358938808796438
0.48429158056431553803;0.12434494358242739742;0;328.43067193646646729;1158.3390236590323639;328.51823544689187884;1158.3589194028945712
0.47552825814757676559;0.15450849718747369788;0;328.43067193646851365;1158.3390236590321365;328.51822891769751322;1158.3588990301182093
0.46488824294412572913;0.18406227634233895962;0;328.43067193646646729;1158.3390236590323639;328.51822272366575817;1158.3588801861092179
0.45241352623300978841;0.212889645782536302;0;328.43067193646646729;1158.3390236590323639;328.5182175954493573;1158.3588651533541451
0.43815334002193179197;0.24087683705085760622;0;328.43067193646851365;1158.3390236590321365;328.51821412799671407;1158.3588557135028623
0.42216396275100759317;0.26791339748949827282;0;328.43067193646646729;1158.3390236590323639;328.51821271337769303;1158.3588529298676804
0.40450849718747372563;0.29389262614623651304;0;328.43067193646851365;1158.3390236590321365;328.51821350107695707;1158.358857028104012
0.38525662138789468214;0.31871199487434481723;0;328.43067193646646729;1158.3390236590323639;328.51821639024478827;1158.3588673901640504
0.36448431371070583173;0.34227355296434425203;0;328.43067193646646729;1158.3390236590323639;328.51822105395905282;1158.35888265996482
0.34227355296434441856;0.3644843137107056652;0;328.43067193646646729;1158.3390236590323639;328.5182269912276638;1158.3589009450311096
0.31871199487434492825;0.38525662138789451561;0;328.43067193646851365;1158.3390236590321365;328.51823533954296863;1158.3589192595377426
0.29389262614623667957;0.40450849718747361461;0;328.43067193646646729;1158.3390236590323639;328.51824263652434865;1158.3589381510489602
0.26791339748949838384;0.42216396275100748214;0;328.43067193646646729;1158.3390236590323639;328.51824775416929469;1158.3589534976458708
0.24087683705085766173;0.43815334002193179197;0;328.43067193646646729;1158.3390236590323639;328.51825092300987308;1158.3589634571126226
0.21288964578253632975;0.45241352623300978841;0;328.43067193646646729;1158.3390236590323639;328.51825285835394652;1158.3589677739541912
0.18406227634233893187;0.46488824294412572913;0;328.43067193646646729;1158.3390236590323639;328.51825426040238654;1158.3589672072421308
0.15450849718747364236;0.4755282581475768211;0;328.43067193646646729;1158.3390236590323639;328.51825558151534779;1158.3589630820315506
0.12434494358242727252;0.48429158056431559354;0;328.43067193646646729;1158.3390236590323639;328.51825697029403273;1158.3589569530417975
0.093690657292862147831;0.49114362536434436057;0;328.43067193646646729;1158.3390236590323639;328.51825832145135564;1158.3589503623475139
0.062666616782151907117;0.49605735065723893795;0;328.43067193646646729;1158.3390236590323639;328.51825937861968896;1158.3589446706791932
0.031395259764656430201;0.49901336421413577948;0;328.43067193646851365;1158.3390236590321365;328.51825985265219288;1158.3589409429109764
-3.0245073740886312578e-16;0.5;0;328.43067193646646729;1158.3390236590323639;328.5182595300584012;1158.3589398718922894
-0.031395259764657033885;0.49901336421413577948;0;328.43067193646646729;1158.3390236590323639;328.51825835368680373;1158.3589417295688691
-0.062666616782152503862;0.49605735065723888244;0;328.43067193646646729;1158.3390236590323639;328.51825646335220199;1158.3589463397331656
-0.093690657292862744576;0.49114362536434424955;0;328.43067193646646729;1158.3390236590323639;328.51825418746426521;1158.3589530724266297
-0.12434494358242785539;0.484291580564315427;0;328.43067193646646729;1158.3390236590323639;328.51825198127147587;1158.3589608655420307
-0.15450849718747419748;0.47552825814757659906;0;328.43067193646851365;1158.3390236590321365;328.51825031304343838;1158.358968284446064
-0.18406227634233951473;0.46488824294412550708;0;328.43067193646646729;1158.3390236590323639;328.5182495087064467;1158.3589736361848281
-0.21288964578253677384;0.45241352623300956637;0;328.43067193646646729;1158.3390236590323639;328.51824957707231079;1158.3589751603276454
-0.24087683705085810582;0.43815334002193151441;0;328.43067193646646729;1158.3390236590323639;328.51825005197474638;1158.3589713247936288
-0.26791339748949877242;0.42216396275100720459;0;328.43067193646851365;1158.3390236590321365;328.51824990301861362;1158.3589612603411751
-0.29389262614623706815;0.40450849718747333705;0;328.43067193646646729;1158.3390236590323639;328.51824758200336873;1158.3589453713170769
-0.31871199487434537234;0.38525662138789418254;0;328.43067193646646729;1158.3390236590323639;328.51824128638418188;1158.3589261589709167
-0.34227355296434486265;0.36448431371070527662;0;328.43067193646646729;1158.3390236590323639;328.51822953344981215;1158.358909284397896
-0.36448431371070627582;0.34227355296434380794;0;328.43067193646646729;1158.3390236590323639;328.51822374108985514;1158.3588919716828514
-0.38525662138789512623;0.31871199487434426212;0;328.43067193646646729;1158.3390236590323639;328.51821925449507944;1158.3588775708951744
-0.40450849718747422523;0.29389262614623590242;0;328.43067193646646729;1158.3390236590323639;328.51821658065006204;1158.3588679367201166
-0.42216396275100803726;0.26791339748949755117;0;328.43067193646646729;1158.3390236590323639;328.51821604900658258;1158.3588643930195303
-0.43815334002193223606;0.24087683705085682906;0;328.43067193646646729;1158.3390236590323639;328.51821775906688572;1158.358867533191642
-0.45241352623301017699;0.21288964578253544158;0;328.43067193646646729;1158.3390236590323639;328.51822155612626375;1158.3588771155723407
-0.46488824294412606219;0.18406227634233804369;0;328.43067193646646729;1158.3390236590323639;328.51822703947141235;1158.3588920704585234
-0.47552825814757709866;0.15450849718747269868;0;328.43067193646646729;1158.3390236590323639;328.5182336025380323;1158.3589106194010583
-0.48429158056431581558;0.12434494358242632883;0;328.43067193646851365;1158.3390236590321365;328.51824050112276154;1158.3589304922809333
-0.49114362536434452711;0.093690657292861190264;0;328.43067193646851365;1158.3390236590321365;328.51824694059160947;1158.3589492140604307
-0.49605735065723904897;0.062666616782150949549;0;328.43067193646646729;1158.3390236590323639;328.51825217166941684;1158.3589644228866291
-0.499013364214135835;0.031395259764655465695;0;328.43067193646851365;1158.3390236590321365;328.5182555818827268;1158.3589741771388617
-0.5;-1.2710352895928202744e-15;0;328.43067193646646729;1158.3390236590323639;328.51825677105068735;1158.3589772099408037
-0.49901336421413572397;-0.031395259764657998391;0;328.43067193646646729;1158.3390236590323639;328.5182556007380299;1158.3589730966302795
-0.49605735065723877142;-0.062666616782153475307;0;328.43067193646646729;1158.3390236590323639;328.51825221099602459;1158.3589623125863
-0.49114362536434408302;-0.093690657292863688266;0;328.43067193646646729;1158.3390236590323639;328.5182470026259125;1158.3589461732278778
-0.48429158056431520496;-0.12434494358242879908;0;328.43067193646646729;1158.3390236590323639;328.51824058656370653;1158.3589266646499709
-0.4755282581475763215;-0.15450849718747511341;0;328.43067193646646729;1158.3390236590323639;328.51823370781744416;1158.3589061871316517
-0.46488824294412511851;-0.18406227634234040291;0;328.43067193646851365;1158.3390236590321365;328.51822715352483328;1158.3588872466148132
-0.45241352623300906677;-0.21288964578253774529;0;328.43067193646851365;1158.3390236590321365;328.51822165723928038;1158.3588721352350603
-0.43815334002193101481;-0.2408768370508590495;0;328.43067193646646729;1158.3390236590323639;328.51821781211953066;1158.3588626437754101
-0.42216396275100664948;-0.26791339748949971611;0;328.43067193646646729;1158.3390236590323639;328.51821600368793952;1158.3588598441911017
-0.40450849718747272643;-0.29389262614623795633;0;328.43067193646646729;1158.3390236590323639;328.51821637088391981;1158.3588639701558805
-0.38525662138789351641;-0.31871199487434620501;0;328.43067193646646729;1158.3390236590323639;328.51821879954246697;1158.3588744106959894
-0.36448431371070455498;-0.3422735529643456398;0;328.43067193646646729;1158.3390236590323639;328.51822294831026738;1158.3588898155248899
-0.34227355296434297527;-0.36448431371070699747;0;328.43067193646851365;1158.3390236590321365;328.51822830282742416;1158.3589082960725136
-0.31871199487434342945;-0.38525662138789579236;0;328.43067193646646729;1158.3390236590323639;328.518237032886816;1158.3589286251988142
-0.29389262614623518077;-0.40450849718747472483;0;328.43067193646646729;1158.3390236590323639;328.51824287561203164;1158.3589483908251623
-0.26791339748949705157;-0.42216396275100837032;0;328.43067193646646729;1158.3390236590323639;328.51824572714855321;1158.3589644196085828
-0.24087683705085646824;-0.4381533400219324581;0;328.43067193646646729;1158.3390236590323639;328.51824646601193081;1158.3589751703987076
-0.21288964578253527504;-0.4524135262330102325;0;328.43067193646851365;1158.3390236590321365;328.51824620169077207;1158.3589803216807468
-0.18406227634233807144;-0.46488824294412606219;0;328.43067193646646729;1158.3390236590323639;328.51824584871218349;1158.3589804309617648
-0.15450849718747294848;-0.47552825814757704315;0;328.43067193646646729;1158.3390236590323639;328.51824594706351945;1158.3589766475106444
-0.1243449435824267868;-0.48429158056431570456;0;328.43067193646646729;1158.3390236590323639;328.51824665158051175;1158.3589704600899495
-0.093690657292861884153;-0.49114362536434441608;0;328.43067193646646729;1158.3390236590323639;328.51824782081649801;1158.3589634682837186
-0.062666616782151865483;-0.49605735065723893795;0;328.43067193646646729;1158.3390236590323639;328.51824914873014905;1158.3589571745831108
-0.031395259764656603674;-0.49901336421413577948;0;328.43067193646646729;1158.3390236590323639;328.51825029721976534;1158.3589528027773667
-9.1848509936051484375e-17;-0.5;0;328.43067193646646729;1158.3390236590323639;328.51825100222293941;1158.3589511531804419
0.031395259764656416324;-0.49901336421413577948;0;328.43067193646851365;1158.3390236590321365;328.51825113861730188;1158.3589525067295654
0.062666616782151671194;-0.49605735065723899346;0;328.43067193646646729;1158.3390236590323639;328.51825073861789406;1158.358956587997227
0.093690657292861703742;-0.4911436253643444716;0;328.43067193646646729;1158.3390236590323639;328.51824996545030899;1158.3589625922270443
0.12434494358242660639;-0.48429158056431576007;0;328.43067193646646729;1158.3390236590323639;328.51824904848638198;1158.3589692759987884
0.15450849718747278194;-0.47552825814757709866;0;328.43067193646646729;1158.3390236590323639;328.51824819070179728;1158.3589751054230419
0.18406227634233790491;-0.46488824294412611771;0;328.43067193646646729;1158.3390236590323639;328.51824746408283318;1158.3589784525420328
0.21288964578253510851;-0.45241352623301034352;0;328.43067193646646729;1158.3390236590323639;328.51824671547194612;1158.3589778304026368
0.2408768370508563017;-0.43815334002193251361;0;328.43067193646646729;1158.3390236590323639;328.51824551402484076;1158.3589721604134866
0.26791339748949688504;-0.42216396275100842583;0;328.43067193646646729;1158.3390236590323639;328.51824318169099115;1158.3589610722865473
0.29389262614623506975;-0.40450849718747483585;0;328.43067193646646729;1158.3390236590323639;328.51823895930948538;1158.3589452450883073
0.31871199487434326292;-0.38525662138789590339;0;328.43067193646646729;1158.3390236590323639;328.5182323717857571;1158.3589268053156047
0.34227355296434269771;-0.36448431371070727502;0;328.43067193646851365;1158.3390236590321365;328.51822386522849229;1158.35890980029194
0.36448431371070411089;-0.34227355296434608389;0;328.43067193646646729;1158.3390236590323639;328.51821821991325123;1158.3588912393013288
0.38525662138789296129;-0.31871199487434687114;0;328.43067193646646729;1158.3390236590323639;328.51821378200389745;1158.3588756626434133
0.4045084971874720603;-0.293892626146238789;0;328.43067193646851365;1158.3390236590321365;328.51821106853401488;1158.3588649456216899
0.42216396275100598334;-0.26791339748950082633;0;328.43067193646646729;1158.3390236590323639;328.51821042592553113;1158.3588604278431831
0.43815334002193029317;-0.24087683705086038177;0;328.43067193646646729;1158.3390236590323639;328.51821197561497456;1158.3588627133794944
0.45241352623300834512;-0.21288964578253932736;0;328.43067193646646729;1158.3390236590323639;328.51821558763469966;1158.3588715661931019
0.46488824294412439686;-0.18406227634234223478;0;328.43067193646851365;1158.3390236590321365;328.51822088634372676;1158.3588859173235051
0.47552825814757565537;-0.15450849718747719508;0;328.43067193646646729;1158.3390236590323639;328.51822728862526901;1158.3589039847561253
0.48429158056431459434;-0.12434494358243111667;0;328.43067193646646729;1158.3390236590323639;328.51823407007185551;1158.3589234911564745
0.49114362536434358342;-0.093690657292866269534;0;328.43067193646851365;1158.3390236590321365;328.51824045105456662;1158.3589419513868961
0.49605735065723838284;-0.062666616782156292498;0;328.43067193646646729;1158.3390236590323639;328.51824569148021737;1158.358956991362902
0.49901336421413550193;-0.031395259764661065383;0;328.43067193646646729;1158.3390236590323639;328.51824918222109773;1158.3589666560378646
