0.5;0;0;328.43067193646646729;1158.3390236590323639;330.24833592908174751;1158.7504432031118995
0.49901336421413577948;0.03139525976465668694;0;328.43067193646646729;1158.3390236590323639;330.24831443850405321;1158.7503702786157191
0.49605735065723893795;0.062666616782152129161;0;328.43067193646646729;1158.3390236590323639;330.24825270091929497;1158.7501607809188044
0.49114362536434436057;0.093690657292862314365;0;328.43067193646646729;1158.3390236590323639;330.24815856345992415;1158.7498413327903108
0.48429158056431553803;0.12434494358242739742;0;328.43067193646646729;1158.3390236590323639;330.24804396820388774;1158.7494524525436645
0.47552825814757676559;0.15450849718747369788;0;328.43067193646851365;1158.3390236590321365;330.2479234088729072;1158.7490433205475711
0.46488824294412572913;0.18406227634233895962;0;328.43067193646646729;1158.3390236590323639;330.24781206993463911;1158.7486654669087329
0.45241352623300978841;0.212889645782536302;0;328.43067193646646729;1158.3390236590323639;330.24772389755162294;1158.748366225347354
0.43815334002193179197;0.24087683705085760622;0;328.43067193646851365;1158.3390236590321365;330.24766985908678407;1158.7481828241423045
0.42216396275100759317;0.26791339748949827282;0;328.43067193646646729;1158.3390236590323639;330.24765662006603861;1158.7481378917036636
0.40450849718747372563;0.29389262614623651304;0;328.43067193646851365;1158.3390236590321365;330.24768580853208277;1158.7482369552421915
0.38525662138789468214;0.31871199487434481723;0;328.43067193646646729;1158.3390236590323639;330.2477539549054768;1158.7484682339179471
0.36448431371070583173;0.34227355296434425203;0;328.43067193646646729;1158.3390236590323639;330.2478531026553128;1158.7488047117781207
0.34227355296434441856;0.3644843137107056652;0;328.43067193646646729;1158.3390236590323639;330.24797199346460275;1158.7492081644099926
0.31871199487434492825;0.38525662138789451561;0;328.43067193646851365;1158.3390236590321365;330.2480976537365791;1158.7496345500353527
0.29389262614623667957;0.40450849718747361461;0;328.43067193646646729;1158.3390236590323639;330.24821715678007195;1158.7500399969212594
0.26791339748949838384;0.42216396275100748214;0;328.43067193646646729;1158.3390236590323639;330.24831931461460499;1158.7503865489859436
0.24087683705085766173;0.43815334002193179197;0;328.43067193646646729;1158.3390236590323639;330.24839606713447893;1158.7506468791889347
0.21288964578253632975;0.45241352623300978841;0;328.43067193646646729;1158.3390236590323639;330.24844338240586694;1158.7508073383605733
0.18406227634233893187;0.46488824294412572913;0;328.43067193646646729;1158.3390236590323639;330.24846155353458244;1158.7508689522226177
0.15450849718747364236;0.4755282581475768211;0;328.43067193646646729;1158.3390236590323639;330.2484548645076643;1158.7508462764787964
0.12434494358242727252;0.48429158056431559354;0;328.43067193646646729;1158.3390236590323639;330.24843068763715337;1158.7507643264664239
0.093690657292862147831;0.49114362536434436057;0;328.43067193646646729;1158.3390236590323639;330.24839815588995862;1158.7506540706035594
0.062666616782151907117;0.49605735065723893795;0;328.43067193646646729;1158.3390236590323639;330.24836661297661067;1158.7505471770596159
0.031395259764656430201;0.49901336421413577948;0;328.43067193646851365;1158.3390236590321365;330.24834407440505402;1158.7504708032004146
-3.0245073740886312578e-16;0.5;0;328.43067193646646729;1158.3390236590323639;330.24833592908316859;1158.7504432031114447
-0.031395259764657033885;0.49901336421413577948;0;328.43067193646646729;1158.3390236590323639;330.24834407440397399;1158.7504708031985956
-0.062666616782152503862;0.49605735065723888244;0;328.43067193646646729;1158.3390236590323639;330.24836661297598539;1158.7505471770609802
-0.093690657292862744576;0.49114362536434424955;0;328.43067193646646729;1158.3390236590323639;330.24839815588921965;1158.7506540706010583
-0.12434494358242785539;0.484291580564315427;0;328.43067193646646729;1158.3390236590323639;330.24843068763721021;1158.750764326467106
-0.15450849718747419748;0.47552825814757659906;0;328.43067193646851365;1158.3390236590321365;330.24845486450828957;1158.7508462764787964
-0.18406227634233951473;0.46488824294412550708;0;328.43067193646646729;1158.3390236590323639;330.24846155353378663;1158.7508689522212535
-0.21288964578253677384;0.45241352623300956637;0;328.43067193646646729;1158.3390236590323639;330.24844338240393427;1158.7508073383605733
-0.24087683705085810582;0.43815334002193151441;0;328.43067193646646729;1158.3390236590323639;330.24839606713373996;1158.7506468791864336
-0.26791339748949877242;0.42216396275100720459;0;328.43067193646851365;1158.3390236590321365;330.24831931461312706;1158.7503865489836699
-0.29389262614623706815;0.40450849718747333705;0;328.43067193646646729;1158.3390236590323639;330.24821715677921929;1158.7500399969203499
-0.31871199487434537234;0.38525662138789418254;0;328.43067193646646729;1158.3390236590323639;330.24809765373646542;1158.7496345500364896
-0.34227355296434486265;0.36448431371070527662;0;328.43067193646646729;1158.3390236590323639;330.24797199346431853;1158.7492081644118116
-0.36448431371070627582;0.34227355296434380794;0;328.43067193646646729;1158.3390236590323639;330.24785310265485805;1158.7488047117790302
-0.38525662138789512623;0.31871199487434426212;0;328.43067193646646729;1158.3390236590323639;330.24775395490672736;1158.7484682339181745
-0.40450849718747422523;0.29389262614623590242;0;328.43067193646646729;1158.3390236590323639;330.24768580853088906;1158.7482369552437831
-0.42216396275100803726;0.26791339748949755117;0;328.43067193646646729;1158.3390236590323639;330.24765662006780076;1158.7481378917036636
-0.43815334002193223606;0.24087683705085682906;0;328.43067193646646729;1158.3390236590323639;330.24766985908598826;1158.7481828241420772
-0.45241352623301017699;0.21288964578253544158;0;328.43067193646646729;1158.3390236590323639;330.24772389755202084;1158.7483662253487182
-0.46488824294412606219;0.18406227634233804369;0;328.43067193646646729;1158.3390236590323639;330.24781206993435489;1158.7486654669085056
-0.47552825814757709866;0.15450849718747269868;0;328.43067193646646729;1158.3390236590323639;330.24792340887319142;1158.7490433205475711
-0.48429158056431581558;0.12434494358242632883;0;328.43067193646851365;1158.3390236590321365;330.24804396820320562;1158.7494524525427551
-0.49114362536434452711;0.093690657292861190264;0;328.43067193646851365;1158.3390236590321365;330.24815856346100418;1158.7498413327912203
-0.49605735065723904897;0.062666616782150949549;0;328.43067193646646729;1158.3390236590323639;330.24825270092054552;1158.7501607809197139
-0.499013364214135835;0.031395259764655465695;0;328.43067193646851365;1158.3390236590321365;330.24831443850166579;1158.7503702786164013
-0.5;-1.2710352895928202744e-15;0;328.43067193646646729;1158.3390236590323639;330.24833592908197488;1158.7504432031116721
-0.49901336421413572397;-0.031395259764657998391;0;328.43067193646646729;1158.3390236590323639;330.24831443850348478;1158.7503702786173108
-0.49605735065723877142;-0.062666616782153475307;0;328.43067193646646729;1158.3390236590323639;330.24825270092031815;1158.7501607809183497
-0.49114362536434408302;-0.093690657292863688266;0;328.43067193646646729;1158.3390236590323639;330.24815856345946941;1158.749841332790993
-0.48429158056431520496;-0.12434494358242879908;0;328.43067193646646729;1158.3390236590323639;330.24804396820445618;1158.7494524525423003
-0.4755282581475763215;-0.15450849718747511341;0;328.43067193646646729;1158.3390236590323639;330.24792340887341879;1158.7490433205471163
-0.46488824294412511851;-0.18406227634234040291;0;328.43067193646851365;1158.3390236590321365;330.24781206993520755;1158.7486654669087329
-0.45241352623300906677;-0.21288964578253774529;0;328.43067193646851365;1158.3390236590321365;330.24772389755219137;1158.7483662253475813
-0.43815334002193101481;-0.2408768370508590495;0;328.43067193646646729;1158.3390236590323639;330.24766985908559036;1158.7481828241429866
-0.42216396275100664948;-0.26791339748949971611;0;328.43067193646646729;1158.3390236590323639;330.24765662006802813;1158.7481378917034363
-0.40450849718747272643;-0.29389262614623795633;0;328.43067193646646729;1158.3390236590323639;330.24768580853066169;1158.7482369552424188
-0.38525662138789351641;-0.31871199487434620501;0;328.43067193646646729;1158.3390236590323639;330.24775395490689789;1158.7484682339181745
-0.36448431371070455498;-0.3422735529643456398;0;328.43067193646646729;1158.3390236590323639;330.24785310265548333;1158.7488047117790302
-0.34227355296434297527;-0.36448431371070699747;0;328.43067193646851365;1158.3390236590321365;330.24797199346591015;1158.7492081644095379
-0.31871199487434342945;-0.38525662138789579236;0;328.43067193646646729;1158.3390236590323639;330.24809765373640857;1158.7496345500362622
-0.29389262614623518077;-0.40450849718747472483;0;328.43067193646646729;1158.3390236590323639;330.24821715677813927;1158.7500399969208047
-0.26791339748949705157;-0.42216396275100837032;0;328.43067193646646729;1158.3390236590323639;330.24831931461403656;1158.7503865489848067
-0.24087683705085646824;-0.4381533400219324581;0;328.43067193646646729;1158.3390236590323639;330.24839606713373996;1158.7506468791884799
-0.21288964578253527504;-0.4524135262330102325;0;328.43067193646851365;1158.3390236590321365;330.24844338240558272;1158.7508073383587544
-0.18406227634233807144;-0.46488824294412606219;0;328.43067193646646729;1158.3390236590323639;330.24846155353583299;1158.7508689522212535
-0.15450849718747294848;-0.47552825814757704315;0;328.43067193646646729;1158.3390236590323639;330.24845486450772114;1158.7508462764801607
-0.1243449435824267868;-0.48429158056431570456;0;328.43067193646646729;1158.3390236590323639;330.24843068763652809;1158.7507643264661965
-0.093690657292861884153;-0.49114362536434441608;0;328.43067193646646729;1158.3390236590323639;330.24839815588870806;1158.7506540706031046
-0.062666616782151865483;-0.49605735065723893795;0;328.43067193646646729;1158.3390236590323639;330.24836661297774754;1158.7505471770591612
-0.031395259764656603674;-0.49901336421413577948;0;328.43067193646646729;1158.3390236590323639;330.24834407440442874;1158.7504708031999598
-9.1848509936051484375e-17;-0.5;0;328.43067193646646729;1158.3390236590323639;330.24833592908260016;1158.750443203112809
0.031395259764656416324;-0.49901336421413577948;0;328.43067193646851365;1158.3390236590321365;330.24834407440420136;1158.7504708031981409
0.062666616782151671194;-0.49605735065723899346;0;328.43067193646646729;1158.3390236590323639;330.24836661297638329;1158.7505471770598433
0.093690657292861703742;-0.4911436253643444716;0;328.43067193646646729;1158.3390236590323639;330.24839815588802594;1158.7506540706017404
0.12434494358242660639;-0.48429158056431576007;0;328.43067193646646729;1158.3390236590323639;330.24843068763925658;1158.7507643264659691
0.15450849718747278194;-0.47552825814757709866;0;328.43067193646646729;1158.3390236590323639;330.24845486450743692;1158.7508462764790238
0.18406227634233790491;-0.46488824294412611771;0;328.43067193646646729;1158.3390236590323639;330.24846155353611721;1158.7508689522223904
0.21288964578253510851;-0.45241352623301034352;0;328.43067193646646729;1158.3390236590323639;330.24844338240592378;1158.7508073383596638
0.2408768370508563017;-0.43815334002193251361;0;328.43067193646646729;1158.3390236590323639;330.24839606713464946;1158.7506468791868883
0.26791339748949688504;-0.42216396275100842583;0;328.43067193646646729;1158.3390236590323639;330.24831931461420709;1158.750386548982533
0.29389262614623506975;-0.40450849718747483585;0;328.43067193646646729;1158.3390236590323639;330.24821715677768452;1158.7500399969205773
0.31871199487434326292;-0.38525662138789590339;0;328.43067193646646729;1158.3390236590323639;330.24809765373765913;1158.749634550036717
0.34227355296434269771;-0.36448431371070727502;0;328.43067193646851365;1158.3390236590321365;330.24797199346647858;1158.7492081644122663
0.36448431371070411089;-0.34227355296434608389;0;328.43067193646646729;1158.3390236590323639;330.24785310265787075;1158.7488047117792576
0.38525662138789296129;-0.31871199487434687114;0;328.43067193646646729;1158.3390236590323639;330.24775395490775054;1158.7484682339177198
0.4045084971874720603;-0.293892626146238789;0;328.43067193646851365;1158.3390236590321365;330.24768580853151434;1158.7482369552421915
0.42216396275100598334;-0.26791339748950082633;0;328.43067193646646729;1158.3390236590323639;330.24765662006791445;1158.7481378917032089
0.43815334002193029317;-0.24087683705086038177;0;328.43067193646646729;1158.3390236590323639;330.24766985908598826;1158.7481828241411677
0.45241352623300834512;-0.21288964578253932736;0;328.43067193646646729;1158.3390236590323639;330.24772389755105451;1158.7483662253478087
0.46488824294412439686;-0.18406227634234223478;0;328.43067193646851365;1158.3390236590321365;330.24781206993407068;1158.7486654669089603
0.47552825814757565537;-0.15450849718747719508;0;328.43067193646646729;1158.3390236590323639;330.24792340887216824;1158.7490433205475711
0.48429158056431459434;-0.12434494358243111667;0;328.43067193646646729;1158.3390236590323639;330.24804396820331931;1158.7494524525427551
0.49114362536434358342;-0.093690657292866269534;0;328.43067193646851365;1158.3390236590321365;330.24815856345929888;1158.7498413327898561
0.49605735065723838284;-0.062666616782156292498;0;328.43067193646646729;1158.3390236590323639;330.24825270092009077;1158.7501607809203961
0.49901336421413550193;-0.031395259764661065383;0;328.43067193646646729;1158.3390236590323639;330.24831443850393953;1158.7503702786177655
