0.5;0;0;328.43067193646646729;1158.3390236590323639;328.63238997358791948;1158.3849364150701149
0.49901336421413577948;0.03139525976465668694;0;328.43067193646646729;1158.3390236590323639;328.63238770355718543;1158.3849280318529509
0.49605735065723893795;0.062666616782152129161;0;328.43067193646646729;1158.3390236590323639;328.63238095770100244;1158.3849040849831908
0.49114362536434436057;0.093690657292862314365;0;328.43067193646646729;1158.3390236590323639;328.63237060300684789;1158.3848676116406295
0.48429158056431553803;0.12434494358242739742;0;328.43067193646646729;1158.3390236590323639;328.6323579612169965;1158.3848232322650347
0.47552825814757676559;0.15450849718747369788;0;328.43067193646851365;1158.3390236590321365;328.63234463755719617;1158.3847765540199362
0.46488824294412572913;0.18406227634233895962;0;328.43067193646646729;1158.3390236590323639;328.63233231451238225;1158.384733451310467
0.45241352623300978841;0.212889645782536302;0;328.43067193646646729;1158.3390236590323639;328.6323225377945505;1158.3846993196675612
0.43815334002193179197;0.24087683705085760622;0;328.43067193646851365;1158.3390236590321365;328.63231652335775834;1158.3846784022873635
0.42216396275100759317;0.26791339748949827282;0;328.43067193646646729;1158.3390236590323639;328.63231501073482832;1158.3846732778135902
0.40450849718747372563;0.29389262614623651304;0;328.43067193646851365;1158.3390236590321365;328.63231818140496898;1158.3846845752127592
0.38525662138789468214;0.31871199487434481723;0;328.43067193646646729;1158.3390236590323639;328.63232565217424508;1158.3847109503362844
0.36448431371070583173;0.34227355296434425203;0;328.43067193646646729;1158.3390236590323639;328.63233654280526252;1158.3847493222326648
0.34227355296434441856;0.3644843137107056652;0;328.43067193646646729;1158.3390236590323639;328.63234960738685686;1158.3847953321946989
0.31871199487434492825;0.38525662138789451561;0;328.43067193646851365;1158.3390236590321365;328.63236386294522617;1158.3848447927812231
0.29389262614623667957;0.40450849718747361461;0;328.43067193646646729;1158.3390236590323639;328.6323768044143776;1158.3848953107378748
0.26791339748949838384;0.42216396275100748214;0;328.43067193646646729;1158.3390236590323639;328.63238582604947169;1158.3849374576523132
0.24087683705085766173;0.43815334002193179197;0;328.43067193646646729;1158.3390236590323639;328.63239063239547022;1158.3849670310223701
0.21288964578253632975;0.45241352623300978841;0;328.43067193646646729;1158.3390236590323639;328.63239205847980884;1158.3849833090753236
0.18406227634233893187;0.46488824294412572913;0;328.43067193646646729;1158.3390236590323639;328.63239132825157185;1158.3849877584052592
0.15450849718747364236;0.4755282581475768211;0;328.43067193646646729;1158.3390236590323639;328.63238962604634708;1158.38498311282342
0.12434494358242727252;0.48429158056431559354;0;328.43067193646646729;1158.3390236590323639;328.63238788405760715;1158.3849727119927593
0.093690657292862147831;0.49114362536434436057;0;328.43067193646646729;1158.3390236590323639;328.63238671324228335;1158.3849600014286807
0.062666616782151907117;0.49605735065723893795;0;328.43067193646646729;1158.3390236590323639;328.63238642292037639;1158.3849481297302191
0.031395259764656430201;0.49901336421413577948;0;328.43067193646851365;1158.3390236590321365;328.6323870869865118;1158.3849396167454415
-3.0245073740886312578e-16;0.5;0;328.43067193646646729;1158.3390236590323639;328.63238862381552963;1158.3849360957012777
-0.031395259764657033885;0.49901336421413577948;0;328.43067193646646729;1158.3390236590323639;328.63239086509412346;1158.3849381469001401
-0.062666616782152503862;0.49605735065723888244;0;328.43067193646646729;1158.3390236590323639;328.63239359749087498;1158.3849452408628622
-0.093690657292862744576;0.49114362536434424955;0;328.43067193646646729;1158.3390236590323639;328.63239656991720494;1158.3849557982962324
-0.12434494358242785539;0.484291580564315427;0;328.43067193646646729;1158.3390236590323639;328.632399468535084;1158.3849673599524976
-0.15450849718747419748;0.47552825814757659906;0;328.43067193646851365;1158.3390236590321365;328.63240186954681121;1158.3849768486488756
-0.18406227634233951473;0.46488824294412550708;0;328.43067193646646729;1158.3390236590323639;328.63240318784301053;1158.3849809046896553
-0.21288964578253677384;0.45241352623300956637;0;328.43067193646646729;1158.3390236590323639;328.63240264806501045;1158.3849762888658006
-0.24087683705085810582;0.43815334002193151441;0;328.43067193646646729;1158.3390236590323639;328.63239931739042277;1158.3849603732926425
-0.26791339748949877242;0.42216396275100720459;0;328.43067193646851365;1158.3390236590321365;328.63239225972705526;1158.3849317745275584
-0.29389262614623706815;0.40450849718747333705;0;328.43067193646646729;1158.3390236590323639;328.63238090220562526;1158.3848912144130736
-0.31871199487434537234;0.38525662138789418254;0;328.43067193646646729;1158.3390236590323639;328.63236574778852628;1158.384842706120935
-0.34227355296434486265;0.36448431371070527662;0;328.43067193646646729;1158.3390236590323639;328.63234961803561873;1158.3847951374923468
-0.36448431371070627582;0.34227355296434380794;0;328.43067193646646729;1158.3390236590323639;328.63233652423764397;1158.3847492299300939
-0.38525662138789512623;0.31871199487434426212;0;328.43067193646646729;1158.3390236590323639;328.63232559294345947;1158.3847109695641393
-0.40450849718747422523;0.29389262614623590242;0;328.43067193646646729;1158.3390236590323639;328.63231807028807907;1158.3846847104673543
-0.42216396275100803726;0.26791339748949755117;0;328.43067193646646729;1158.3390236590323639;328.63231483765076746;1158.3846735286304011
-0.43815334002193223606;0.24087683705085682906;0;328.43067193646646729;1158.3390236590323639;328.63231628023618214;1158.3846787631289317
-0.45241352623301017699;0.21288964578253544158;0;328.43067193646646729;1158.3390236590323639;328.63232221933265009;1158.3846997799992096
-0.46488824294412606219;0.18406227634233804369;0;328.43067193646646729;1158.3390236590323639;328.63233191883119844;1158.3847339959681904
-0.47552825814757709866;0.15450849718747269868;0;328.43067193646646729;1158.3390236590323639;328.63234416657797965;1158.3847771637747428
-0.48429158056431581558;0.12434494358242632883;0;328.43067193646851365;1158.3390236590321365;328.63235742082213164;1158.3848238846176173
-0.49114362536434452711;0.093690657292861190264;0;328.43067193646851365;1158.3390236590321365;328.63237000295765711;1158.3848682818268117
-0.49605735065723904897;0.062666616782150949549;0;328.43067193646646729;1158.3390236590323639;328.63238031123398741;1158.3849047471189806
-0.499013364214135835;0.031395259764655465695;0;328.43067193646851365;1158.3390236590321365;328.63238702681201175;1158.3849286601371205
-0.5;-1.2710352895928202744e-15;0;328.43067193646646729;1158.3390236590323639;328.63238928479620427;1158.3849369849726827
-0.49901336421413572397;-0.031395259764657998391;0;328.43067193646646729;1158.3390236590323639;328.63238678686337835;1158.3849286636736906
-0.49605735065723877142;-0.062666616782153475307;0;328.43067193646646729;1158.3390236590323639;328.63237984048112139;1158.3849047534547481
-0.49114362536434408302;-0.093690657292863688266;0;328.43067193646646729;1158.3390236590323639;328.63236931929543516;1158.3848682895304592
-0.48429158056431520496;-0.12434494358242879908;0;328.43067193646646729;1158.3390236590323639;328.63235655005644276;1158.3848238916543778
-0.4755282581475763215;-0.15450849718747511341;0;328.43067193646646729;1158.3390236590323639;328.63234314133813996;1158.3847771676241791
-0.46488824294412511851;-0.18406227634234040291;0;328.43067193646851365;1158.3390236590321365;328.63233077710162888;1158.3847339937383367
-0.45241352623300906677;-0.21288964578253774529;0;328.43067193646851365;1158.3390236590321365;328.63232100287274307;1158.3846997685368478
-0.43815334002193101481;-0.2408768370508590495;0;328.43067193646646729;1158.3390236590323639;328.63231503283884649;1158.3846787391639737
-0.42216396275100664948;-0.26791339748949971611;0;328.43067193646646729;1158.3390236590323639;328.63231360338636478;1158.3846734888379615
-0.40450849718747272643;-0.29389262614623795633;0;328.43067193646646729;1158.3390236590323639;328.63231689178064698;1158.3846846515307334
-0.38525662138789351641;-0.31871199487434620501;0;328.43067193646646729;1158.3390236590323639;328.63232450975800703;1158.3847108882341672
-0.36448431371070455498;-0.3422735529643456398;0;328.43067193646646729;1158.3390236590323639;328.63233557149698072;1158.3847491230371816
-0.34227355296434297527;-0.36448431371070699747;0;328.43067193646851365;1158.3390236590321365;328.63234882517025426;1158.3847950019710424
-0.31871199487434342945;-0.38525662138789579236;0;328.43067193646646729;1158.3390236590323639;328.63236363164025988;1158.3848475261108888
-0.29389262614623518077;-0.40450849718747472483;0;328.43067193646646729;1158.3390236590323639;328.63237315937010408;1158.3848977297986949
-0.26791339748949705157;-0.42216396275100837032;0;328.43067193646646729;1158.3390236590323639;328.63237822605958627;1158.3849390978202791
-0.24087683705085646824;-0.4381533400219324581;0;328.43067193646646729;1158.3390236590323639;328.6323801936792961;1158.3849684267061093
-0.21288964578253527504;-0.4524135262330102325;0;328.43067193646851365;1158.3390236590321365;328.63238046786227642;1158.3849849927009927
-0.18406227634233807144;-0.46488824294412606219;0;328.43067193646646729;1158.3390236590323639;328.63238021579712722;1158.3849898893995487
-0.15450849718747294848;-0.47552825814757704315;0;328.43067193646646729;1158.3390236590323639;328.63238023523626907;1158.3849854802047048
-0.1243449435824267868;-0.48429158056431570456;0;328.43067193646646729;1158.3390236590323639;328.63238093358262404;1158.3849749086741667
-0.093690657292861884153;-0.49114362536434441608;0;328.43067193646646729;1158.3390236590323639;328.63238238717229933;1158.3849616306499684
-0.062666616782151865483;-0.49605735065723893795;0;328.43067193646646729;1158.3390236590323639;328.63238445169133684;1158.3849489622514284
-0.031395259764656603674;-0.49901336421413577948;0;328.43067193646646729;1158.3390236590323639;328.6323868908917234;1158.3849396637899645
-9.1848509936051484375e-17;-0.5;0;328.43067193646646729;1158.3390236590323639;328.63238948929375738;1158.3849355951829239
0.031395259764656416324;-0.49901336421413577948;0;328.43067193646851365;1158.3390236590321365;328.6323921189137991;1158.3849374804660783
0.062666616782151671194;-0.49605735065723899346;0;328.43067193646646729;1158.3390236590323639;328.63239474144842234;1158.3849448103201212
0.093690657292861703742;-0.4911436253643444716;0;328.43067193646646729;1158.3390236590323639;328.6323973449544269;1158.384955894692439
0.12434494358242660639;-0.48429158056431576007;0;328.43067193646646729;1158.3390236590323639;328.63239983314571191;1158.3849680597011229
0.15450849718747278194;-0.47552825814757709866;0;328.43067193646646729;1158.3390236590323639;328.63240190271062602;1158.3849779685192516
0.18406227634233790491;-0.46488824294412611771;0;328.43067193646646729;1158.3390236590323639;328.63240295535712221;1158.3849820398336306
0.21288964578253510851;-0.45241352623301034352;0;328.43067193646646729;1158.3390236590323639;328.63240209447570805;1158.3849769429903063
0.2408768370508563017;-0.43815334002193251361;0;328.43067193646646729;1158.3390236590323639;328.63239825313246456;1158.3849601651425019
0.26791339748949688504;-0.42216396275100842583;0;328.43067193646646729;1158.3390236590323639;328.63239049305497019;1158.3849306700797115
0.29389262614623506975;-0.40450849718747483585;0;328.43067193646646729;1158.3390236590323639;328.63237850956312514;1158.3848896917706952
0.31871199487434326292;-0.38525662138789590339;0;328.43067193646646729;1158.3390236590323639;328.63236338075586218;1158.3848417168480864
0.34227355296434269771;-0.36448431371070727502;0;328.43067193646851365;1158.3390236590321365;328.63234861527649855;1158.3847956946156046
0.36448431371070411089;-0.34227355296434608389;0;328.43067193646646729;1158.3390236590323639;328.63233542101886542;1158.3847497817864678
0.38525662138789296129;-0.31871199487434687114;0;328.43067193646646729;1158.3390236590323639;328.63232443152935502;1158.3847114942579992
0.4045084971874720603;-0.293892626146238789;0;328.43067193646851365;1158.3390236590321365;328.6323168966221715;1158.384685186525985
0.42216396275100598334;-0.26791339748950082633;0;328.43067193646646729;1158.3390236590323639;328.63231369940905324;1158.3846739357522893
0.43815334002193029317;-0.24087683705086038177;0;328.43067193646646729;1158.3390236590323639;328.63231522484170455;1158.384679082976163
0.45241352623300834512;-0.21288964578253932736;0;328.43067193646646729;1158.3390236590323639;328.63232129192385855;1158.3846999970010074
0.46488824294412439686;-0.18406227634234223478;0;328.43067193646851365;1158.3390236590321365;328.63233116026583502;1158.3847340981310481
0.47552825814757565537;-0.15450849718747719508;0;328.43067193646646729;1158.3390236590323639;328.63234361166172448;1158.3847771433743219
0.48429158056431459434;-0.12434494358243111667;0;328.43067193646646729;1158.3390236590323639;328.63235709680208174;1158.3848237388237976
0.49114362536434358342;-0.093690657292866269534;0;328.43067193646851365;1158.3390236590321365;328.63236992834725925;1158.3848680130693083
0.49605735065723838284;-0.062666616782156292498;0;328.43067193646646729;1158.3390236590323639;328.63238049504570881;1158.3849043632371831
0.49901336421413550193;-0.031395259764661065383;0;328.43067193646646729;1158.3390236590323639;328.6323874683091617;1158.3849281742516268
