0.5;0;0;328.43067193646646729;1158.3390236590323639;331.378442463651254;1159.0040384100166193
0.49901336421413577948;0.03139525976465668694;0;328.43067193646646729;1158.3390236590323639;331.37840790863492657;1159.0039229149776929
0.49605735065723893795;0.062666616782152129161;0;328.43067193646646729;1158.3390236590323639;331.37830863961704608;1159.0035911206782657
0.49114362536434436057;0.093690657292862314365;0;328.43067193646646729;1158.3390236590323639;331.37815727349561712;1159.0030851916678785
0.48429158056431553803;0.12434494358242739742;0;328.43067193646646729;1158.3390236590323639;331.37797301151192642;1159.0024692997280908
0.47552825814757676559;0.15450849718747369788;0;328.43067193646851365;1158.3390236590321365;331.37777915816462837;1159.0018213349735561
0.46488824294412572913;0.18406227634233895962;0;328.43067193646646729;1158.3390236590323639;331.37760012931897791;1159.0012229084532009
0.45241352623300978841;0.212889645782536302;0;328.43067193646646729;1158.3390236590323639;331.37745835040180964;1159.0007489846925637
0.43815334002193179197;0.24087683705085760622;0;328.43067193646851365;1158.3390236590321365;331.37737145746626766;1159.0004585234000842
0.42216396275100759317;0.26791339748949827282;0;328.43067193646646729;1158.3390236590323639;331.37735016929144649;1159.0003873617840782
0.40450849718747372563;0.29389262614623651304;0;328.43067193646851365;1158.3390236590321365;331.37739710393617543;1159.0005442534009035
0.38525662138789468214;0.31871199487434481723;0;328.43067193646646729;1158.3390236590323639;331.37750668179978675;1159.0009105407850711
0.36448431371070583173;0.34227355296434425203;0;328.43067193646646729;1158.3390236590323639;331.37766610761184438;1159.0014434383679145
0.34227355296434441856;0.3644843137107056652;0;328.43067193646646729;1158.3390236590323639;331.37785727667272795;1159.0020824093664942
0.31871199487434492825;0.38525662138789451561;0;328.43067193646851365;1158.3390236590321365;331.37805932662928399;1159.0027577034138631
0.29389262614623667957;0.40450849718747361461;0;328.43067193646646729;1158.3390236590323639;331.3782514716933747;1159.0033998386622898
0.26791339748949838384;0.42216396275100748214;0;328.43067193646646729;1158.3390236590323639;331.37841572338174956;1159.0039487011404162
0.24087683705085766173;0.43815334002193179197;0;328.43067193646646729;1158.3390236590323639;331.37853912405211076;1159.0043610097145574
0.21288964578253632975;0.45241352623300978841;0;328.43067193646646729;1158.3390236590323639;331.3786151938646185;1159.004615145157004
0.18406227634233893187;0.46488824294412572913;0;328.43067193646646729;1158.3390236590323639;331.37864440710558256;1159.0047127298905707
0.15450849718747364236;0.4755282581475768211;0;328.43067193646646729;1158.3390236590323639;331.37863365380849245;1159.0046768154577421
0.12434494358242727252;0.48429158056431559354;0;328.43067193646646729;1158.3390236590323639;331.37859478788863044;1159.0045470203097011
0.093690657292862147831;0.49114362536434436057;0;328.43067193646646729;1158.3390236590323639;331.3785424922131142;1159.004372392532332
0.062666616782151907117;0.49605735065723893795;0;328.43067193646646729;1158.3390236590323639;331.37849178711371678;1159.0042030894478557
0.031395259764656430201;0.49901336421413577948;0;328.43067193646851365;1158.3390236590321365;331.37845555695054145;1159.0040821245399911
-3.0245073740886312578e-16;0.5;0;328.43067193646646729;1158.3390236590323639;331.37844246365170875;1159.0040384100173014
-0.031395259764657033885;0.49901336421413577948;0;328.43067193646646729;1158.3390236590323639;331.3784555569500867;1159.0040821245420375
-0.062666616782152503862;0.49605735065723888244;0;328.43067193646646729;1158.3390236590323639;331.3784917871109883;1159.0042030894480831
-0.093690657292862744576;0.49114362536434424955;0;328.43067193646646729;1158.3390236590323639;331.37854249221362579;1159.0043723925327868
-0.12434494358242785539;0.484291580564315427;0;328.43067193646646729;1158.3390236590323639;331.3785947878867546;1159.0045470203103832
-0.15450849718747419748;0.47552825814757659906;0;328.43067193646851365;1158.3390236590321365;331.37863365381070935;1159.0046768154575147
-0.18406227634233951473;0.46488824294412550708;0;328.43067193646646729;1158.3390236590323639;331.37864440710382041;1159.0047127298910254
-0.21288964578253677384;0.45241352623300956637;0;328.43067193646646729;1158.3390236590323639;331.37861519386700593;1159.0046151451572314
-0.24087683705085810582;0.43815334002193151441;0;328.43067193646646729;1158.3390236590323639;331.37853912405188339;1159.0043610097150122
-0.26791339748949877242;0.42216396275100720459;0;328.43067193646851365;1158.3390236590321365;331.37841572338328433;1159.0039487011401889
-0.29389262614623706815;0.40450849718747333705;0;328.43067193646646729;1158.3390236590323639;331.37825147169269258;1159.0033998386627445
-0.31871199487434537234;0.38525662138789418254;0;328.43067193646646729;1158.3390236590323639;331.37805932662666919;1159.0027577034147725
-0.34227355296434486265;0.36448431371070527662;0;328.43067193646646729;1158.3390236590323639;331.37785727667341007;1159.0020824093660394
-0.36448431371070627582;0.34227355296434380794;0;328.43067193646646729;1158.3390236590323639;331.37766610761127595;1159.0014434383676871
-0.38525662138789512623;0.31871199487434426212;0;328.43067193646646729;1158.3390236590323639;331.37750668180012781;1159.0009105407841616
-0.40450849718747422523;0.29389262614623590242;0;328.43067193646646729;1158.3390236590323639;331.37739710393623227;1159.0005442534024951
-0.42216396275100803726;0.26791339748949755117;0;328.43067193646646729;1158.3390236590323639;331.37735016929070753;1159.0003873617838508
-0.43815334002193223606;0.24087683705085682906;0;328.43067193646646729;1158.3390236590323639;331.37737145746751821;1159.0004585233982652
-0.45241352623301017699;0.21288964578253544158;0;328.43067193646646729;1158.3390236590323639;331.37745835040402653;1159.0007489846937005
-0.46488824294412606219;0.18406227634233804369;0;328.43067193646646729;1158.3390236590323639;331.37760012931863685;1159.0012229084522914
-0.47552825814757709866;0.15450849718747269868;0;328.43067193646646729;1158.3390236590323639;331.37777915816536733;1159.0018213349737835
-0.48429158056431581558;0.12434494358242632883;0;328.43067193646851365;1158.3390236590321365;331.37797301151249485;1159.0024692997285456
-0.49114362536434452711;0.093690657292861190264;0;328.43067193646851365;1158.3390236590321365;331.37815727349544659;1159.0030851916676511
-0.49605735065723904897;0.062666616782150949549;0;328.43067193646646729;1158.3390236590323639;331.37830863961880823;1159.0035911206780384
-0.499013364214135835;0.031395259764655465695;0;328.43067193646851365;1158.3390236590321365;331.37840790863549501;1159.0039229149779203
-0.5;-1.2710352895928202744e-15;0;328.43067193646646729;1158.3390236590323639;331.37844246365193612;1159.0040384100166193
-0.49901336421413572397;-0.031395259764657998391;0;328.43067193646646729;1158.3390236590323639;331.37840790863435814;1159.0039229149786024
-0.49605735065723877142;-0.062666616782153475307;0;328.43067193646646729;1158.3390236590323639;331.37830863961727346;1159.0035911206757646
-0.49114362536434408302;-0.093690657292863688266;0;328.43067193646646729;1158.3390236590323639;331.37815727349379813;1159.0030851916685606
-0.48429158056431520496;-0.12434494358242879908;0;328.43067193646646729;1158.3390236590323639;331.37797301150891371;1159.0024692997296825
-0.4755282581475763215;-0.15450849718747511341;0;328.43067193646646729;1158.3390236590323639;331.377779158164401;1159.0018213349744656
-0.46488824294412511851;-0.18406227634234040291;0;328.43067193646851365;1158.3390236590321365;331.37760012931960318;1159.0012229084534283
-0.45241352623300906677;-0.21288964578253774529;0;328.43067193646851365;1158.3390236590321365;331.37745835040402653;1159.0007489846914268
-0.43815334002193101481;-0.2408768370508590495;0;328.43067193646646729;1158.3390236590323639;331.37737145746604028;1159.0004585234009937
-0.42216396275100664948;-0.26791339748949971611;0;328.43067193646646729;1158.3390236590323639;331.37735016929138965;1159.0003873617822592
-0.40450849718747272643;-0.29389262614623795633;0;328.43067193646646729;1158.3390236590323639;331.37739710393424275;1159.0005442534031772
-0.38525662138789351641;-0.31871199487434620501;0;328.43067193646646729;1158.3390236590323639;331.37750668179938884;1159.0009105407839343
-0.36448431371070455498;-0.3422735529643456398;0;328.43067193646646729;1158.3390236590323639;331.37766610761048014;1159.0014434383679145
-0.34227355296434297527;-0.36448431371070699747;0;328.43067193646851365;1158.3390236590321365;331.37785727667238689;1159.0020824093664942
-0.31871199487434342945;-0.38525662138789579236;0;328.43067193646646729;1158.3390236590323639;331.37805932662678288;1159.0027577034154547
-0.29389262614623518077;-0.40450849718747472483;0;328.43067193646646729;1158.3390236590323639;331.37825147169183992;1159.0033998386634266
-0.26791339748949705157;-0.42216396275100837032;0;328.43067193646646729;1158.3390236590323639;331.378415723380499;1159.0039487011417805
-0.24087683705085646824;-0.4381533400219324581;0;328.43067193646646729;1158.3390236590323639;331.37853912405108758;1159.0043610097145574
-0.21288964578253527504;-0.4524135262330102325;0;328.43067193646851365;1158.3390236590321365;331.37861519386700593;1159.004615145157004
-0.18406227634233807144;-0.46488824294412606219;0;328.43067193646646729;1158.3390236590323639;331.37864440710336567;1159.0047127298903433
-0.15450849718747294848;-0.47552825814757704315;0;328.43067193646646729;1158.3390236590323639;331.37863365381116409;1159.0046768154579695
-0.1243449435824267868;-0.48429158056431570456;0;328.43067193646646729;1158.3390236590323639;331.3785947878889715;1159.0045470203087916
-0.093690657292861884153;-0.49114362536434441608;0;328.43067193646646729;1158.3390236590323639;331.37854249221220471;1159.0043723925321046
-0.062666616782151865483;-0.49605735065723893795;0;328.43067193646646729;1158.3390236590323639;331.37849178711445575;1159.0042030894483105
-0.031395259764656603674;-0.49901336421413577948;0;328.43067193646646729;1158.3390236590323639;331.37845555695065514;1159.0040821245431744
-9.1848509936051484375e-17;-0.5;0;328.43067193646646729;1158.3390236590323639;331.37844246365239087;1159.0040384100157098
0.031395259764656416324;-0.49901336421413577948;0;328.43067193646851365;1158.3390236590321365;331.37845555695071198;1159.0040821245431744
0.062666616782151671194;-0.49605735065723899346;0;328.43067193646646729;1158.3390236590323639;331.37849178711320519;1159.00420308944922
0.093690657292861703742;-0.4911436253643444716;0;328.43067193646646729;1158.3390236590323639;331.37854249221072678;1159.004372392532332
0.12434494358242660639;-0.48429158056431576007;0;328.43067193646646729;1158.3390236590323639;331.37859478788681145;1159.0045470203099285
0.15450849718747278194;-0.47552825814757709866;0;328.43067193646646729;1158.3390236590323639;331.37863365381008407;1159.0046768154581969
0.18406227634233790491;-0.46488824294412611771;0;328.43067193646646729;1158.3390236590323639;331.37864440710552572;1159.0047127298905707
0.21288964578253510851;-0.45241352623301034352;0;328.43067193646646729;1158.3390236590323639;331.37861519386700593;1159.004615145158823
0.2408768370508563017;-0.43815334002193251361;0;328.43067193646646729;1158.3390236590323639;331.37853912405171286;1159.0043610097138753
0.26791339748949688504;-0.42216396275100842583;0;328.43067193646646729;1158.3390236590323639;331.37841572338231799;1159.0039487011404162
0.29389262614623506975;-0.40450849718747483585;0;328.43067193646646729;1158.3390236590323639;331.37825147169132833;1159.0033998386625171
0.31871199487434326292;-0.38525662138789590339;0;328.43067193646646729;1158.3390236590323639;331.37805932662763553;1159.0027577034145452
0.34227355296434269771;-0.36448431371070727502;0;328.43067193646851365;1158.3390236590321365;331.37785727667261426;1159.0020824093667215
0.36448431371070411089;-0.34227355296434608389;0;328.43067193646646729;1158.3390236590323639;331.37766610760979802;1159.0014434383674597
0.38525662138789296129;-0.31871199487434687114;0;328.43067193646646729;1158.3390236590323639;331.37750668179904778;1159.0009105407834795
0.4045084971874720603;-0.293892626146238789;0;328.43067193646851365;1158.3390236590321365;331.37739710393645964;1159.0005442534006761
0.42216396275100598334;-0.26791339748950082633;0;328.43067193646646729;1158.3390236590323639;331.37735016929030962;1159.0003873617824866
0.43815334002193029317;-0.24087683705086038177;0;328.43067193646646729;1158.3390236590323639;331.3773714574650171;1159.000458523400539
0.45241352623300834512;-0.21288964578253932736;0;328.43067193646646729;1158.3390236590323639;331.37745835040271913;1159.0007489846921089
0.46488824294412439686;-0.18406227634234223478;0;328.43067193646851365;1158.3390236590321365;331.37760012931823894;1159.0012229084532009
0.47552825814757565537;-0.15450849718747719508;0;328.43067193646646729;1158.3390236590323639;331.3777791581630936;1159.0018213349733287
0.48429158056431459434;-0.12434494358243111667;0;328.43067193646646729;1158.3390236590323639;331.37797301151056217;1159.0024692997292277
0.49114362536434358342;-0.093690657292866269534;0;328.43067193646851365;1158.3390236590321365;331.37815727349385497;1159.0030851916681058
0.49605735065723838284;-0.062666616782156292498;0;328.43067193646646729;1158.3390236590323639;331.37830863961750083;1159.003591120677811
0.49901336421413550193;-0.031395259764661065383;0;328.43067193646646729;1158.3390236590323639;331.37840790863401708;1159.0039229149770108
