0.5;0;0;328.43067193646646729;1158.3390236590323639;329.03346875142341332;1158.4760071673431412
0.49901336421413577948;0.03139525976465668694;0;328.43067193646646729;1158.3390236590323639;329.03346164671756924;1158.4759825660871684
0.49605735065723893795;0.062666616782152129161;0;328.43067193646646729;1158.3390236590323639;329.03344121659540633;1158.4759118768567987
0.49114362536434436057;0.093690657292862314365;0;328.43067193646646729;1158.3390236590323639;329.03341005849171097;1158.4758040836504733
0.48429158056431553803;0.12434494358242739742;0;328.43067193646646729;1158.3390236590323639;329.03337212540765222;1158.4756728595666573
0.47552825814757676559;0.15450849718747369788;0;328.43067193646851365;1158.3390236590321365;329.03333221490947835;1158.4755348007927296
0.46488824294412572913;0.18406227634233895962;0;328.43067193646646729;1158.3390236590323639;329.03329535308108689;1158.4754072965870364
0.45241352623300978841;0.212889645782536302;0;328.43067193646646729;1158.3390236590323639;329.03326615599166871;1158.4753063201706027
0.43815334002193179197;0.24087683705085760622;0;328.43067193646851365;1158.3390236590321365;329.0332482536799148;1158.4752444346704578
0.42216396275100759317;0.26791339748949827282;0;328.43067193646646729;1158.3390236590323639;329.0332438523587939;1158.4752292763250807
0.40450849718747372563;0.29389262614623651304;0;328.43067193646851365;1158.3390236590321365;329.03325349105676878;1158.4752627102973292
0.38525662138789468214;0.31871199487434481723;0;328.43067193646646729;1158.3390236590323639;329.0332760218157091;1158.4753407608229736
0.36448431371070583173;0.34227355296434425203;0;328.43067193646646729;1158.3390236590323639;329.03330881181170753;1158.4754543107565041
0.34227355296434441856;0.3644843137107056652;0;328.43067193646646729;1158.3390236590323639;329.03334813547553495;1158.4755904605044634
0.31871199487434492825;0.38525662138789451561;0;328.43067193646851365;1158.3390236590321365;329.03338764369868841;1158.4757306722215162
0.29389262614623667957;0.40450849718747361461;0;328.43067193646646729;1158.3390236590323639;329.03343710600580607;1158.4758895729175947
0.26791339748949838384;0.42216396275100748214;0;328.43067193646646729;1158.3390236590323639;329.03347195383679491;1158.476007821616804
0.24087683705085766173;0.43815334002193179197;0;328.43067193646646729;1158.3390236590323639;329.03349055294290793;1158.4760703956137604
0.21288964578253632975;0.45241352623300978841;0;328.43067193646646729;1158.3390236590323639;329.03349789348914101;1158.4760865072009892
0.18406227634233893187;0.46488824294412572913;0;328.43067193646646729;1158.3390236590323639;329.03349862447373653;1158.4760744224822702
0.15450849718747364236;0.4755282581475768211;0;328.43067193646646729;1158.3390236590323639;329.033495413820674;1158.4760517308336603
0.12434494358242727252;0.48429158056431559354;0;328.43067193646646729;1158.3390236590323639;329.03348962978424197;1158.476030519749429
0.093690657292862147831;0.49114362536434436057;0;328.43067193646646729;1158.3390236590323639;329.03348243446129118;1158.4760163072683099
0.062666616782151907117;0.49605735065723893795;0;328.43067193646646729;1158.3390236590323639;329.0334753600127442;1158.4760093782156218
0.031395259764656430201;0.49901336421413577948;0;328.43067193646851365;1158.3390236590321365;329.03347018082467912;1158.4760072399199089
-3.0245073740886312578e-16;0.5;0;328.43067193646646729;1158.3390236590323639;329.03346834545874344;1158.4760071407213218
-0.031395259764657033885;0.49901336421413577948;0;328.43067193646646729;1158.3390236590323639;329.03347039690288511;1158.4760078902957048
-0.062666616782152503862;0.49605735065723888244;0;328.43067193646646729;1158.3390236590323639;329.03347573949724847;1158.4760105292609751
-0.093690657292862744576;0.49114362536434424955;0;328.43067193646646729;1158.3390236590323639;329.03348288802612842;1158.4760176960890021
-0.12434494358242785539;0.484291580564315427;0;328.43067193646646729;1158.3390236590323639;329.03349005894301627;1158.4760318350101898
-0.15450849718747419748;0.47552825814757659906;0;328.43067193646851365;1158.3390236590321365;329.03349574170056258;1158.4760526908985412
-0.18406227634233951473;0.46488824294412550708;0;328.43067193646646729;1158.3390236590323639;329.03349881930478205;1158.4760748487560704
-0.21288964578253677384;0.45241352623300956637;0;328.43067193646646729;1158.3390236590323639;329.03349797468194993;1158.4760863747305848
-0.24087683705085810582;0.43815334002193151441;0;328.43067193646646729;1158.3390236590323639;329.03349057422997248;1158.4760698459097057
-0.26791339748949877242;0.42216396275100720459;0;328.43067193646851365;1158.3390236590321365;329.03347196718164014;1158.4760071260100176
-0.29389262614623706815;0.40450849718747333705;0;328.43067193646646729;1158.3390236590323639;329.0334371254395478;1158.4758890349494322
-0.31871199487434537234;0.38525662138789418254;0;328.43067193646646729;1158.3390236590323639;329.03338764726026966;1158.4757304495365133
-0.34227355296434486265;0.36448431371070527662;0;328.43067193646646729;1158.3390236590323639;329.03334816412348118;1158.4755902659758249
-0.36448431371070627582;0.34227355296434380794;0;328.43067193646646729;1158.3390236590323639;329.03330883489536518;1158.4754541300535493
-0.38525662138789512623;0.31871199487434426212;0;328.43067193646646729;1158.3390236590323639;329.03327603989220052;1158.4753405975784517
-0.40450849718747422523;0.29389262614623590242;0;328.43067193646646729;1158.3390236590323639;329.03325350519003223;1158.4752625674011597
-0.42216396275100803726;0.26791339748949755117;0;328.43067193646646729;1158.3390236590323639;329.03324386406126223;1158.475229155871375
-0.43815334002193223606;0.24087683705085682906;0;328.43067193646646729;1158.3390236590323639;329.03324826484856658;1158.4752443379188662
-0.45241352623301017699;0.21288964578253544158;0;328.43067193646646729;1158.3390236590323639;329.03326616875932586;1158.4753062475899696
-0.46488824294412606219;0.18406227634233804369;0;328.43067193646646729;1158.3390236590323639;329.03329536973183167;1158.4754072479020124
-0.47552825814757709866;0.15450849718747269868;0;328.43067193646646729;1158.3390236590323639;329.03333223775160832;1158.4755347751199679
-0.48429158056431581558;0.12434494358242632883;0;328.43067193646851365;1158.3390236590321365;329.03337215664021187;1158.4756728555025802
-0.49114362536434452711;0.093690657292861190264;0;328.43067193646851365;1158.3390236590321365;329.0334101001091085;1158.4758040994820476
-0.49605735065723904897;0.062666616782150949549;0;328.43067193646646729;1158.3390236590323639;329.03344127028293542;1158.4759119106759044
-0.499013364214135835;0.031395259764655465695;0;328.43067193646851365;1158.3390236590321365;329.03346171379592988;1158.4759826159745444
-0.5;-1.2710352895928202744e-15;0;328.43067193646646729;1158.3390236590323639;329.03346883278459245;1158.4760072315109483
-0.49901336421413572397;-0.031395259764657998391;0;328.43067193646646729;1158.3390236590323639;329.03346172197234409;1158.4759826272811551
-0.49605735065723877142;-0.062666616782153475307;0;328.43067193646646729;1158.3390236590323639;329.03344128636996402;1158.4759119336115418
-0.49114362536434408302;-0.093690657292863688266;0;328.43067193646646729;1158.3390236590323639;329.03341012357685713;1158.4758041346469781
-0.48429158056431520496;-0.12434494358242879908;0;328.43067193646646729;1158.3390236590323639;329.03337218673351572;1158.475672903714667
-0.4755282581475763215;-0.15450849718747511341;0;328.43067193646646729;1158.3390236590323639;329.03333227351799906;1158.4755348373171273
-0.46488824294412511851;-0.18406227634234040291;0;328.43067193646851365;1158.3390236590321365;329.03329541007229864;1158.4754073250255715
-0.45241352623300906677;-0.21288964578253774529;0;328.43067193646851365;1158.3390236590321365;329.03326621248641004;1158.475306340432553
-0.43815334002193101481;-0.2408768370508590495;0;328.43067193646646729;1158.3390236590323639;329.03324831073649648;1158.475244447031173
-0.42216396275100664948;-0.26791339748949971611;0;328.43067193646646729;1158.3390236590323639;329.03324391093360646;1158.4752292814046086
-0.40450849718747272643;-0.29389262614623795633;0;328.43067193646646729;1158.3390236590323639;329.03325355195079283;1158.4752627090081205
-0.38525662138789351641;-0.31871199487434620501;0;328.43067193646646729;1158.3390236590323639;329.03327608561693296;1158.4753407543175854
-0.36448431371070455498;-0.3422735529643456398;0;328.43067193646646729;1158.3390236590323639;329.033308878834589;1158.4754543003366507
-0.34227355296434297527;-0.36448431371070699747;0;328.43067193646851365;1158.3390236590321365;329.03334820576804987;1158.4755904475382522
-0.31871199487434342945;-0.38525662138789579236;0;328.43067193646646729;1158.3390236590323639;329.03338768586348806;1158.4757306109654564
-0.29389262614623518077;-0.40450849718747472483;0;328.43067193646646729;1158.3390236590323639;329.03343609619486188;1158.4758890728792267
-0.26791339748949705157;-0.42216396275100837032;0;328.43067193646646729;1158.3390236590323639;329.03347073861363015;1158.4760067745835386
-0.24087683705085646824;-0.4381533400219324581;0;328.43067193646646729;1158.3390236590323639;329.03349018649680602;1158.4760691680835407
-0.21288964578253527504;-0.4524135262330102325;0;328.43067193646851365;1158.3390236590321365;329.0334988913080565;1158.4760856778621019
-0.18406227634233807144;-0.46488824294412606219;0;328.43067193646646729;1158.3390236590323639;329.03350084487442473;1158.4760744507607342
-0.15450849718747294848;-0.47552825814757704315;0;328.43067193646646729;1158.3390236590323639;329.03349827700753849;1158.4760527480079872
-0.1243449435824267868;-0.48429158056431570456;0;328.43067193646646729;1158.3390236590323639;329.03349243942261637;1158.4760322943675419
-0.093690657292861884153;-0.49114362536434441608;0;328.43067193646646729;1158.3390236590323639;329.03348464644238902;1158.4760183522644184
-0.062666616782151865483;-0.49605735065723893795;0;328.43067193646646729;1158.3390236590323639;329.03347672403492652;1158.4760111300900007
-0.031395259764656603674;-0.49901336421413577948;0;328.43067193646646729;1158.3390236590323639;329.03347074643670567;1158.476008237610813
-9.1848509936051484375e-17;-0.5;0;328.43067193646646729;1158.3390236590323639;329.03346836796617936;1158.4760071499720198
0.031395259764656416324;-0.49901336421413577948;0;328.43067193646851365;1158.3390236590321365;329.03347019880771995;1158.4760069464180106
0.062666616782151671194;-0.49605735065723899346;0;328.43067193646646729;1158.3390236590323639;329.0334755827265667;1158.4760088984264712
0.093690657292861703742;-0.4911436253643444716;0;328.43067193646646729;1158.3390236590323639;329.0334828971529646;1158.4760157770206206
0.12434494358242660639;-0.48429158056431576007;0;328.43067193646646729;1158.3390236590323639;329.03349021274738107;1158.4760300363579972
0.15450849718747278194;-0.47552825814757709866;0;328.43067193646646729;1158.3390236590323639;329.03349592613432151;1158.4760513238095427
0.18406227634233790491;-0.46488824294412611771;0;328.43067193646646729;1158.3390236590323639;329.03349891553261841;1158.476074068714297
0.21288964578253510851;-0.45241352623301034352;0;328.43067193646646729;1158.3390236590323639;329.03349794462184263;1158.4760861914141969
0.2408768370508563017;-0.43815334002193251361;0;328.43067193646646729;1158.3390236590323639;329.03349050452840174;1158.476070193293026
0.26791339748949688504;-0.42216396275100842583;0;328.43067193646646729;1158.3390236590323639;329.03347203908407437;1158.4760079451766615
0.29389262614623506975;-0.40450849718747483585;0;328.43067193646646729;1158.3390236590323639;329.03343748706805627;1158.4758902666139875
0.31871199487434326292;-0.38525662138789590339;0;328.43067193646646729;1158.3390236590323639;329.03338816823190882;1158.47573176120477
0.34227355296434269771;-0.36448431371070727502;0;328.43067193646851365;1158.3390236590321365;329.033348038043016;1158.4755902512133616
0.36448431371070411089;-0.34227355296434608389;0;328.43067193646646729;1158.3390236590323639;329.03330870492061422;1158.4754541106183297
0.38525662138789296129;-0.31871199487434687114;0;328.43067193646646729;1158.3390236590323639;329.03327590782964762;1158.4753405730393752
0.4045084971874720603;-0.293892626146238789;0;328.43067193646851365;1158.3390236590321365;329.03325337274424101;1158.4752625374212585
0.42216396275100598334;-0.26791339748950082633;0;328.43067193646646729;1158.3390236590323639;329.03324373281657245;1158.47522912019258
0.43815334002193029317;-0.24087683705086038177;0;328.43067193646646729;1158.3390236590323639;329.03324813619923361;1158.4752442964554575
0.45241352623300834512;-0.21288964578253932736;0;328.43067193646646729;1158.3390236590323639;329.03326604392702848;1158.4753062004492676
0.46488824294412439686;-0.18406227634234223478;0;328.43067193646851365;1158.3390236590321365;329.03329524973344178;1158.4754071954275787
0.47552825814757565537;-0.15450849718747719508;0;328.43067193646646729;1158.3390236590323639;329.03333212339094871;1158.4755347178947886
0.48429158056431459434;-0.12434494358243111667;0;328.43067193646646729;1158.3390236590323639;329.03337204852675768;1158.4756727943690748
0.49114362536434358342;-0.093690657292866269534;0;328.43067193646851365;1158.3390236590321365;329.03340999862138005;1158.4758040355284265
0.49605735065723838284;-0.062666616782156292498;0;328.43067193646646729;1158.3390236590323639;329.03344117559890947;1158.4759118451768245
0.49901336421413550193;-0.031395259764661065383;0;328.43067193646646729;1158.3390236590323639;329.03346162589184587;1158.4759825503765569
