0.5;0;0;328.43067193646646729;1158.3390236590323639;328.88644395348751459;1158.4426536653825224
0.49901336421413577948;0.03139525976465668694;0;328.43067193646646729;1158.3390236590323639;328.886438586192412;1158.4426349750403915
0.49605735065723893795;0.062666616782152129161;0;328.43067193646646729;1158.3390236590323639;328.88642312351072405;1158.4425813056627703
0.49114362536434436057;0.093690657292862314365;0;328.43067193646646729;1158.3390236590323639;328.88639953133093741;1158.4424994763080576
0.48429158056431553803;0.12434494358242739742;0;328.43067193646646729;1158.3390236590323639;328.88637080194257578;1158.4423998652825958
0.47552825814757676559;0.15450849718747369788;0;328.43067193646851365;1158.3390236590321365;328.88634056724549737;1158.4422950696546195
0.46488824294412572913;0.18406227634233895962;0;328.43067193646646729;1158.3390236590323639;328.88631263237630264;1158.4421982883930013
0.45241352623300978841;0.212889645782536302;0;328.43067193646646729;1158.3390236590323639;328.88629049241922075;1158.4421216455889407
0.43815334002193179197;0.24087683705085760622;0;328.43067193646851365;1158.3390236590321365;328.88627689631908879;1158.4420746768078061
0.42216396275100759317;0.26791339748949827282;0;328.43067193646646729;1158.3390236590323639;328.8862735154802408;1158.4420631777647941
0.40450849718747372563;0.29389262614623651304;0;328.43067193646851365;1158.3390236590321365;328.88628075953317875;1158.4420885636050116
0.38525662138789468214;0.31871199487434481723;0;328.43067193646646729;1158.3390236590323639;328.88629776129101856;1158.4421478158992613
0.36448431371070583173;0.34227355296434425203;0;328.43067193646646729;1158.3390236590323639;328.88632252966544911;1158.4422340137493848
0.34227355296434441856;0.3644843137107056652;0;328.43067193646646729;1158.3390236590323639;328.88635224644758637;1158.4423373653455656
0.31871199487434492825;0.38525662138789451561;0;328.43067193646851365;1158.3390236590321365;328.88638451532642648;1158.4424417464399539
0.29389262614623667957;0.40450849718747361461;0;328.43067193646646729;1158.3390236590323639;328.88641691247187282;1158.4425525212520824
0.26791339748949838384;0.42216396275100748214;0;328.43067193646646729;1158.3390236590323639;328.88644271791372375;1158.4426460452523315
0.24087683705085766173;0.43815334002193179197;0;328.43067193646646729;1158.3390236590323639;328.88646013638219756;1158.4427118464852811
0.21288964578253632975;0.45241352623300978841;0;328.43067193646646729;1158.3390236590323639;328.88646950007034775;1158.442748083755987
0.18406227634233893187;0.46488824294412572913;0;328.43067193646646729;1158.3390236590323639;328.88647201644670304;1158.4427581961354008
0.15450849718747364236;0.4755282581475768211;0;328.43067193646646729;1158.3390236590323639;328.88646930936380386;1158.4427485315329704
0.12434494358242727252;0.48429158056431559354;0;328.43067193646646729;1158.3390236590323639;328.88646325987804175;1158.4427266830120971
0.093690657292862147831;0.49114362536434436057;0;328.43067193646646729;1158.3390236590323639;328.8864558770532085;1158.4427002935228757
0.062666616782151907117;0.49605735065723893795;0;328.43067193646646729;1158.3390236590323639;328.88644909901859137;1158.4426761650058779
0.031395259764656430201;0.49901336421413577948;0;328.43067193646851365;1158.3390236590321365;328.88644453404549495;1158.4426595871138943
-3.0245073740886312578e-16;0.5;0;328.43067193646646729;1158.3390236590323639;328.88644320658903553;1158.4426538614957281
-0.031395259764657033885;0.49901336421413577948;0;328.43067193646646729;1158.3390236590323639;328.88644538431941555;1158.4426600288572899
-0.062666616782152503862;0.49605735065723888244;0;328.43067193646646729;1158.3390236590323639;328.88645054095030673;1158.4426768093057944
-0.093690657292862744576;0.49114362536434424955;0;328.43067193646646729;1158.3390236590323639;328.88645746973764972;1158.4427007514259458
-0.12434494358242785539;0.484291580564315427;0;328.43067193646646729;1158.3390236590323639;328.88646451581621477;1158.4427265660738158
-0.15450849718747419748;0.47552825814757659906;0;328.43067193646851365;1158.3390236590321365;328.88646985565583236;1158.4427476129671959
-0.18406227634233951473;0.46488824294412550708;0;328.43067193646646729;1158.3390236590323639;328.88647173354797815;1158.4427565242167475
-0.21288964578253677384;0.45241352623300956637;0;328.43067193646646729;1158.3390236590323639;328.88646858284255359;1158.4427459974890553
-0.24087683705085810582;0.43815334002193151441;0;328.43067193646646729;1158.3390236590323639;328.88645902996421455;1158.4427098701253271
-0.26791339748949877242;0.42216396275100720459;0;328.43067193646851365;1158.3390236590321365;328.88644191370059389;1158.4426446801826387
-0.29389262614623706815;0.40450849718747333705;0;328.43067193646646729;1158.3390236590323639;328.88641665651357471;1158.4425520041627351
-0.31871199487434537234;0.38525662138789418254;0;328.43067193646646729;1158.3390236590323639;328.88638458962543609;1158.4424418918717947
-0.34227355296434486265;0.36448431371070527662;0;328.43067193646646729;1158.3390236590323639;328.88635213224176823;1158.4423376462259512
-0.36448431371070627582;0.34227355296434380794;0;328.43067193646646729;1158.3390236590323639;328.88632230774976506;1158.4422342812315492
-0.38525662138789512623;0.31871199487434426212;0;328.43067193646646729;1158.3390236590323639;328.88629742835303205;1158.4421480704659189
-0.40450849718747422523;0.29389262614623590242;0;328.43067193646646729;1158.3390236590323639;328.88628031635300886;1158.4420888069182638
-0.42216396275100803726;0.26791339748949755117;0;328.43067193646646729;1158.3390236590323639;328.88627296667590372;1158.4420634122022875
-0.43815334002193223606;0.24087683705085682906;0;328.43067193646646729;1158.3390236590323639;328.88627624991681841;1158.4420749049681945
-0.45241352623301017699;0.21288964578253544158;0;328.43067193646646729;1158.3390236590323639;328.88628975929918852;1158.4421218698018947
-0.46488824294412606219;0.18406227634233804369;0;328.43067193646646729;1158.3390236590323639;328.88631182566132338;1158.4421985102733288
-0.47552825814757709866;0.15450849718747269868;0;328.43067193646646729;1158.3390236590323639;328.88633970165585652;1158.442295289708909
-0.48429158056431581558;0.12434494358242632883;0;328.43067193646851365;1158.3390236590321365;328.8863698932391344;1158.442400082677068
-0.49114362536434452711;0.093690657292861190264;0;328.43067193646851365;1158.3390236590321365;328.88639859570162116;1158.442499688694852
-0.49605735065723904897;0.062666616782150949549;0;328.43067193646646729;1158.3390236590323639;328.88642217717449512;1158.44258150919336
-0.499013364214135835;0.031395259764655465695;0;328.43067193646851365;1158.3390236590321365;328.88643764502040767;1158.4426351645156501
-0.5;-1.2710352895928202744e-15;0;328.43067193646646729;1158.3390236590323639;328.88644303270939417;1158.4426538345180688
-0.49901336421413572397;-0.031395259764657998391;0;328.43067193646646729;1158.3390236590323639;328.88643765505622696;1158.4426351426816382
-0.49605735065723877142;-0.062666616782153475307;0;328.43067193646646729;1158.3390236590323639;328.88642219723669768;1158.4425814647581774
-0.49114362536434408302;-0.093690657292863688266;0;328.43067193646646729;1158.3390236590323639;328.88639862578759221;1158.4424996201992144
-0.48429158056431520496;-0.12434494358242879908;0;328.43067193646646729;1158.3390236590323639;328.88636993331334679;1158.4423999881155396
-0.4755282581475763215;-0.15450849718747511341;0;328.43067193646646729;1158.3390236590323639;328.88633975164742651;1158.4422951667213511
-0.46488824294412511851;-0.18406227634234040291;0;328.43067193646851365;1158.3390236590321365;328.88631188541415895;1158.4421983563770482
-0.45241352623300906677;-0.21288964578253774529;0;328.43067193646851365;1158.3390236590321365;328.88628982861388295;1158.4421216826842738
-0.43815334002193101481;-0.2408768370508590495;0;328.43067193646646729;1158.3390236590323639;328.88627632850563032;1158.4420746827167932
-0.42216396275100664948;-0.26791339748949971611;0;328.43067193646646729;1158.3390236590323639;328.88627305420453695;1158.4420631535779194
-0.40450849718747272643;-0.29389262614623795633;0;328.43067193646646729;1158.3390236590323639;328.88628041244840006;1158.4420885115787314
-0.38525662138789351641;-0.31871199487434620501;0;328.43067193646646729;1158.3390236590323639;328.88629753265507816;1158.442147739133361
-0.36448431371070455498;-0.3422735529643456398;0;328.43067193646646729;1158.3390236590323639;328.88632241995765071;1158.4422339158297746
-0.34227355296434297527;-0.36448431371070699747;0;328.43067193646851365;1158.3390236590321365;328.88635225215313085;1158.4423372499286415
-0.31871199487434342945;-0.38525662138789579236;0;328.43067193646646729;1158.3390236590323639;328.88638450135516678;1158.4424414443815294
-0.29389262614623518077;-0.40450849718747472483;0;328.43067193646646729;1158.3390236590323639;328.88641717013700827;1158.4425520386673725
-0.26791339748949705157;-0.42216396275100837032;0;328.43067193646646729;1158.3390236590323639;328.88644284310578314;1158.4426449624156703
-0.24087683705085646824;-0.4381533400219324581;0;328.43067193646646729;1158.3390236590323639;328.88645983750916457;1158.4427099454917425
-0.21288964578253527504;-0.4524135262330102325;0;328.43067193646851365;1158.3390236590321365;328.88646878639281113;1158.4427455172626651
-0.18406227634233807144;-0.46488824294412606219;0;328.43067193646646729;1158.3390236590323639;328.88647111142000767;1158.4427553872724275
-0.15450849718747294848;-0.47552825814757704315;0;328.43067193646646729;1158.3390236590323639;328.88646849328915778;1158.4427459689875377
-0.1243449435824267868;-0.48429158056431570456;0;328.43067193646646729;1158.3390236590323639;328.88646274185180118;1158.4427247302917294
-0.093690657292861884153;-0.49114362536434441608;0;328.43067193646646729;1158.3390236590323639;328.88645572965032216;1158.4426990799929627
-0.062666616782151865483;-0.49605735065723893795;0;328.43067193646646729;1158.3390236590323639;328.8864492533465409;1158.4426755781535121
-0.031395259764656603674;-0.49901336421413577948;0;328.43067193646646729;1158.3390236590323639;328.88644481857107849;1158.4426593487621631
-9.1848509936051484375e-17;-0.5;0;328.43067193646646729;1158.3390236590323639;328.88644341063081811;1158.4426536488099373
0.031395259764656416324;-0.49901336421413577948;0;328.43067193646851365;1158.3390236590321365;328.88644532856045544;1158.4426595946281395
0.062666616782151671194;-0.49605735065723899346;0;328.43067193646646729;1158.3390236590323639;328.88645013905664882;1158.4426760627995918
0.093690657292861703742;-0.4911436253643444716;0;328.43067193646646729;1158.3390236590323639;328.8864567658228566;1158.4426997771745391
0.12434494358242660639;-0.48429158056431576007;0;328.43067193646646729;1158.3390236590323639;328.88646368401339259;1158.4427255783484725
0.15450849718747278194;-0.47552825814757709866;0;328.43067193646646729;1158.3390236590323639;328.88646915324147812;1158.4427468634253273
0.18406227634233790491;-0.46488824294412611771;0;328.43067193646646729;1158.3390236590323639;328.88647140981044004;1158.4427561949905794
0.21288964578253510851;-0.45241352623301034352;0;328.43067193646646729;1158.3390236590323639;328.88646876331688418;1158.4427461183354353
0.2408768370508563017;-0.43815334002193251361;0;328.43067193646646729;1158.3390236590323639;328.88645961730247791;1158.4427102941081102
0.26791339748949688504;-0.42216396275100842583;0;328.43067193646646729;1158.3390236590323639;328.8864425683814261;1158.4426451386107146
0.29389262614623506975;-0.40450849718747483585;0;328.43067193646646729;1158.3390236590323639;328.88641693620746764;1158.4425522399101283
0.31871199487434326292;-0.38525662138789590339;0;328.43067193646646729;1158.3390236590323639;328.88638432904969022;1158.4424418455473642
0.34227355296434269771;-0.36448431371070727502;0;328.43067193646851365;1158.3390236590321365;328.88635212904824812;1158.4423376483077845
0.36448431371070411089;-0.34227355296434608389;0;328.43067193646646729;1158.3390236590323639;328.88632237758463361;1158.4422342930868126
0.38525662138789296129;-0.31871199487434687114;0;328.43067193646646729;1158.3390236590323639;328.88629757986700497;1158.4421480851508477
0.4045084971874720603;-0.293892626146238789;0;328.43067193646851365;1158.3390236590321365;328.88628055547275153;1158.4420888173594903
0.42216396275100598334;-0.26791339748950082633;0;328.43067193646646729;1158.3390236590323639;328.88627329659823317;1158.4420634117268492
0.43815334002193029317;-0.24087683705086038177;0;328.43067193646646729;1158.3390236590323639;328.88627667119493481;1158.4420748877696496
0.45241352623300834512;-0.21288964578253932736;0;328.43067193646646729;1158.3390236590323639;328.88629026999774396;1158.4421218313689224
0.46488824294412439686;-0.18406227634234223478;0;328.43067193646851365;1158.3390236590321365;328.88631242158913892;1158.4421984477085061
0.47552825814757565537;-0.15450849718747719508;0;328.43067193646646729;1158.3390236590323639;328.88634037661449838;1158.442295201935849
0.48429158056431459434;-0.12434494358243111667;0;328.43067193646646729;1158.3390236590323639;328.8863706392083941;1158.4423999704845301
0.49114362536434358342;-0.093690657292866269534;0;328.43067193646851365;1158.3390236590321365;328.88639940310366683;1158.4424995546869468
0.49605735065723838284;-0.062666616782156292498;0;328.43067193646646729;1158.3390236590323639;328.88642303501160313;1158.4425813576131077
0.49901336421413550193;-0.031395259764661065383;0;328.43067193646646729;1158.3390236590323639;328.88643854102508612;1158.4426350009068756
