0.5;0;0;328.43067193646646729;1158.3390236590323639;328.78181345985467487;1158.4188963812455313
0.49901336421413577948;0.03139525976465668694;0;328.43067193646646729;1158.3390236590323639;328.78180931308111212;1158.4188819854657595
0.49605735065723893795;0.062666616782152129161;0;328.43067193646646729;1158.3390236590323639;328.78179742329916735;1158.4188406974183181
0.49114362536434436057;0.093690657292862314365;0;328.43067193646646729;1158.3390236590323639;328.78177929994944861;1158.4187777623176316
0.48429158056431553803;0.12434494358242739742;0;328.43067193646646729;1158.3390236590323639;328.78175724040954719;1158.4187011621820602
0.47552825814757676559;0.15450849718747369788;0;328.43067193646851365;1158.3390236590321365;328.78173403301246935;1158.4186205848909594
0.46488824294412572913;0.18406227634233895962;0;328.43067193646646729;1158.3390236590323639;328.78171259910146773;1158.4185461807733191
0.45241352623300978841;0.212889645782536302;0;328.43067193646646729;1158.3390236590323639;328.78169562192863395;1158.4184872730652387
0.43815334002193179197;0.24087683705085760622;0;328.43067193646851365;1158.3390236590321365;328.7816852119124178;1158.4184511938751712
0.42216396275100759317;0.26791339748949827282;0;328.43067193646646729;1158.3390236590323639;328.78168265216311283;1158.4184423988185699
0.40450849718747372563;0.29389262614623651304;0;328.43067193646851365;1158.3390236590321365;328.78168825704057099;1158.4184619742741233
0.38525662138789468214;0.31871199487434481723;0;328.43067193646646729;1158.3390236590323639;328.78170136053580563;1158.4185075967245666
0.36448431371070583173;0.34227355296434425203;0;328.43067193646646729;1158.3390236590323639;328.78172043364656929;1158.41857394126896
0.34227355296434441856;0.3644843137107056652;0;328.43067193646646729;1158.3390236590323639;328.78174331209680759;1158.4186534750995179
0.31871199487434492825;0.38525662138789451561;0;328.43067193646851365;1158.3390236590321365;328.78176653559688702;1158.4187368664163387
0.29389262614623667957;0.40450849718747361461;0;328.43067193646646729;1158.3390236590323639;328.78179381416663318;1158.4188166506369271
0.26791339748949838384;0.42216396275100748214;0;328.43067193646646729;1158.3390236590323639;328.7818153747505221;1158.4188850145696961
0.24087683705085766173;0.43815334002193179197;0;328.43067193646646729;1158.3390236590323639;328.78182818151464062;1158.4189359407023403
0.21288964578253632975;0.45241352623300978841;0;328.43067193646646729;1158.3390236590323639;328.78183302156298851;1158.4189666271838632
0.18406227634233893187;0.46488824294412572913;0;328.43067193646646729;1158.3390236590323639;328.78183230776500068;1158.4189776982077547
0.15450849718747364236;0.4755282581475768211;0;328.43067193646646729;1158.3390236590323639;328.78182864365084015;1158.4189726212714504
0.12434494358242727252;0.48429158056431559354;0;328.43067193646646729;1158.3390236590323639;328.78182407499554074;1158.4189567099147098
0.093690657292862147831;0.49114362536434436057;0;328.43067193646646729;1158.3390236590323639;328.7818198711732407;1158.4189360120176389
0.062666616782151907117;0.49605735065723893795;0;328.43067193646646729;1158.3390236590323639;328.78181664229441594;1158.4189162897228016
0.031395259764656430201;0.49901336421413577948;0;328.43067193646851365;1158.3390236590321365;328.7818146031353308;1158.4189022074538116
-3.0245073740886312578e-16;0.5;0;328.43067193646646729;1158.3390236590323639;328.7818138302647526;1158.4188967740039971
-0.031395259764657033885;0.49901336421413577948;0;328.43067193646646729;1158.3390236590323639;328.78181441217384418;1158.4189010395391506
-0.062666616782152503862;0.49605735065723888244;0;328.43067193646646729;1158.3390236590323639;328.78181645085629725;1158.4189140269372729
-0.093690657292862744576;0.49114362536434424955;0;328.43067193646646729;1158.3390236590323639;328.78181992731572336;1158.4189328730601574
-0.12434494358242785539;0.484291580564315427;0;328.43067193646646729;1158.3390236590323639;328.78182448679780236;1158.4189531598658505
-0.15450849718747419748;0.47552825814757659906;0;328.43067193646851365;1158.3390236590321365;328.78182922859997461;1158.4189694198714733
-0.18406227634233951473;0.46488824294412550708;0;328.43067193646646729;1158.3390236590323639;328.78183259912526637;1158.4189758002307826
-0.21288964578253677384;0.45241352623300956637;0;328.43067193646646729;1158.3390236590323639;328.78183248581484577;1158.418966864097456
-0.24087683705085810582;0.43815334002193151441;0;328.43067193646646729;1158.3390236590323639;328.78182659507797325;1158.4189385019003566
-0.26791339748949877242;0.42216396275100720459;0;328.43067193646851365;1158.3390236590321365;328.78181317246821891;1158.4188889261981785
-0.29389262614623706815;0.40450849718747333705;0;328.43067193646646729;1158.3390236590323639;328.78179209264027349;1158.4188197406238032
-0.31871199487434537234;0.38525662138789418254;0;328.43067193646646729;1158.3390236590323639;328.7817663173807432;1158.4187371124189667
-0.34227355296434486265;0.36448431371070527662;0;328.43067193646646729;1158.3390236590323639;328.78174370068160215;1158.4186531373795788
-0.36448431371070627582;0.34227355296434380794;0;328.43067193646646729;1158.3390236590323639;328.78172080857734727;1158.4185736432814338
-0.38525662138789512623;0.31871199487434426212;0;328.43067193646646729;1158.3390236590323639;328.78170171872562833;1158.418507346852266
-0.40450849718747422523;0.29389262614623590242;0;328.43067193646646729;1158.3390236590323639;328.78168859650321565;1158.4184617792229801
-0.42216396275100803726;0.26791339748949755117;0;328.43067193646646729;1158.3390236590323639;328.781682971808209;1158.4184422632588394
-0.43815334002193223606;0.24087683705085682906;0;328.43067193646646729;1158.3390236590323639;328.78168551124292662;1158.41845112021565
-0.45241352623301017699;0.21288964578253544158;0;328.43067193646646729;1158.3390236590323639;328.78169590080989337;1158.4184872612213439
-0.46488824294412606219;0.18406227634233804369;0;328.43067193646646729;1158.3390236590323639;328.78171285750039488;1158.4185462281136552
-0.47552825814757709866;0.15450849718747269868;0;328.43067193646646729;1158.3390236590323639;328.78173427083913793;1158.4186206861654682
-0.48429158056431581558;0.12434494358242632883;0;328.43067193646851365;1158.3390236590321365;328.78175745740156799;1158.4187013096443479
-0.49114362536434452711;0.093690657292861190264;0;328.43067193646851365;1158.3390236590321365;328.78177949565514382;1158.4187779459807643
-0.49605735065723904897;0.062666616782150949549;0;328.43067193646646729;1158.3390236590323639;328.78179759711719043;1158.4188409054199838
-0.499013364214135835;0.031395259764655465695;0;328.43067193646851365;1158.3390236590321365;328.78180946440642174;1158.4188822045950928
-0.5;-1.2710352895928202744e-15;0;328.43067193646646729;1158.3390236590323639;328.78181358823093206;1158.4188965975477004
-0.49901336421413572397;-0.031395259764657998391;0;328.43067193646646729;1158.3390236590323639;328.78180944323952417;1158.4188822557009644
-0.49605735065723877142;-0.062666616782153475307;0;328.43067193646646729;1158.3390236590323639;328.78179755635119363;1158.4188410051538085
-0.49114362536434408302;-0.093690657292863688266;0;328.43067193646646729;1158.3390236590323639;328.78177943826705132;1158.4187780895276774
-0.48429158056431520496;-0.12434494358242879908;0;328.43067193646646729;1158.3390236590323639;328.78175738746574552;1158.4187014900094255
-0.4755282581475763215;-0.15450849718747511341;0;328.43067193646646729;1158.3390236590323639;328.78173419311275438;1158.4186208945075123
-0.46488824294412511851;-0.18406227634234040291;0;328.43067193646851365;1158.3390236590321365;328.78171277694355012;1158.4185464540994417
-0.45241352623300906677;-0.21288964578253774529;0;328.43067193646851365;1158.3390236590321365;328.78169582209193322;1158.4184874934464915
-0.43815334002193101481;-0.2408768370508590495;0;328.43067193646646729;1158.3390236590323639;328.78168543827194981;1158.41845134664527
-0.42216396275100664948;-0.26791339748949971611;0;328.43067193646646729;1158.3390236590323639;328.78168290741757573;1158.4184424717273032
-0.40450849718747272643;-0.29389262614623795633;0;328.43067193646646729;1158.3390236590323639;328.78168854219813966;1158.4184619578325055
-0.38525662138789351641;-0.31871199487434620501;0;328.43067193646646729;1158.3390236590323639;328.78170167461962592;1158.4185074844160681
-0.36448431371070455498;-0.3422735529643456398;0;328.43067193646646729;1158.3390236590323639;328.78172077347028335;1158.4185737296618299
-0.34227355296434297527;-0.36448431371070699747;0;328.43067193646851365;1158.3390236590321365;328.7817436723559581;1158.4186531638056294
-0.31871199487434342945;-0.38525662138789579236;0;328.43067193646646729;1158.3390236590323639;328.78178203540682034;1158.4187185130836042
-0.29389262614623518077;-0.40450849718747472483;0;328.43067193646646729;1158.3390236590323639;328.78181297948896145;1158.4187955652196251
-0.26791339748949705157;-0.42216396275100837032;0;328.43067193646646729;1158.3390236590323639;328.78183183096365383;1158.4188686665061141
-0.24087683705085646824;-0.4381533400219324581;0;328.43067193646646729;1158.3390236590323639;328.78183963067039031;1158.4189269143355432
-0.21288964578253527504;-0.4524135262330102325;0;328.43067193646851365;1158.3390236590321365;328.78183968867210751;1158.4189645155975086
-0.18406227634233807144;-0.46488824294412606219;0;328.43067193646646729;1158.3390236590323639;328.78183553155400887;1158.4189804431116499
-0.15450849718747294848;-0.47552825814757704315;0;328.43067193646646729;1158.3390236590323639;328.78182990340934566;1158.4189775699596794
-0.1243449435824267868;-0.48429158056431570456;0;328.43067193646646729;1158.3390236590323639;328.78182448887821465;1158.4189614654032994
-0.093690657292861884153;-0.49114362536434441608;0;328.43067193646646729;1158.3390236590323639;328.78182006323118003;1158.41893903533105
-0.062666616782151865483;-0.49605735065723893795;0;328.43067193646646729;1158.3390236590323639;328.78181682894012283;1158.4189171814618931
-0.031395259764656603674;-0.49901336421413577948;0;328.43067193646646729;1158.3390236590323639;328.78181476215451084;1158.4189016342238574
-9.1848509936051484375e-17;-0.5;0;328.43067193646646729;1158.3390236590323639;328.78181385763070921;1158.4188960832561861
0.031395259764656416324;-0.49901336421413577948;0;328.43067193646851365;1158.3390236590321365;328.78181422046873195;1158.4189016873156106
0.062666616782151671194;-0.49605735065723899346;0;328.43067193646646729;1158.3390236590323639;328.78181600423926056;1158.418916995814925
0.093690657292861703742;-0.4911436253643444716;0;328.43067193646646729;1158.3390236590323639;328.78181923435550971;1158.4189382630136151
0.12434494358242660639;-0.48429158056431576007;0;328.43067193646646729;1158.3390236590323639;328.78182358246527883;1158.4189600888294081
0.15450849718747278194;-0.47552825814757709866;0;328.43067193646646729;1158.3390236590323639;328.78182817156783813;1158.4189762845151108
0.18406227634233790491;-0.46488824294412611771;0;328.43067193646646729;1158.3390236590323639;328.78183149416764763;1158.4189808411645117
0.21288964578253510851;-0.45241352623301034352;0;328.43067193646646729;1158.3390236590323639;328.78183151837430387;1158.4189688770475186
0.2408768370508563017;-0.43815334002193251361;0;328.43067193646646729;1158.3390236590323639;328.78182604193455063;1158.4189374549739568
0.26791339748949688504;-0.42216396275100842583;0;328.43067193646646729;1158.3390236590323639;328.78181333450572765;1158.4188861906516195
0.29389262614623506975;-0.40450849718747483585;0;328.43067193646646729;1158.3390236590323639;328.78179308727959551;1158.4188176103082242
0.31871199487434326292;-0.38525662138789590339;0;328.43067193646646729;1158.3390236590323639;328.781767669368719;1158.4187372540179695
0.34227355296434269771;-0.36448431371070727502;0;328.43067193646851365;1158.3390236590321365;328.78174367514742471;1158.4186535523504062
0.36448431371070411089;-0.34227355296434608389;0;328.43067193646646729;1158.3390236590323639;328.78172078282113944;1158.4185740966438516
0.38525662138789296129;-0.31871199487434687114;0;328.43067193646646729;1158.3390236590323639;328.78170168878699542;1158.4185078183734277
0.4045084971874720603;-0.293892626146238789;0;328.43067193646851365;1158.3390236590321365;328.78168855872155518;1158.418462248211199
0.42216396275100598334;-0.26791339748950082633;0;328.43067193646646729;1158.3390236590323639;328.7816829232181135;1158.4184427094651255
0.43815334002193029317;-0.24087683705086038177;0;328.43067193646646729;1158.3390236590323639;328.78168544985919652;1158.4184515247634408
0.45241352623300834512;-0.21288964578253932736;0;328.43067193646646729;1158.3390236590323639;328.78169582577891106;1158.4184876075071315
0.46488824294412439686;-0.18406227634234223478;0;328.43067193646851365;1158.3390236590321365;328.78171276909137077;1158.4185465025520898
0.47552825814757565537;-0.15450849718747719508;0;328.43067193646646729;1158.3390236590323639;328.78173417034503245;1158.4186208788701151
0.48429158056431459434;-0.12434494358243111667;0;328.43067193646646729;1158.3390236590323639;328.78175734685225962;1158.4187014148474191
0.49114362536434358342;-0.093690657292866269534;0;328.43067193646851365;1158.3390236590321365;328.7817793775097357;1158.4187779622948256
0.49605735065723838284;-0.062666616782156292498;0;328.43067193646646729;1158.3390236590323639;328.78179747380863773;1158.4188408358172637
0.49901336421413550193;-0.031395259764661065383;0;328.43067193646646729;1158.3390236590323639;328.78180933795243845;1158.4188820562117144
