0.5;0;0;328.43067193646646729;1158.3390236590323639;340.48253211170936083;1160.9951654803835481
0.49901336421413577948;0.03139525976465668694;0;328.43067193646646729;1158.3390236590323639;340.48240929580595093;1160.9947799875112651
0.49605735065723893795;0.062666616782152129161;0;328.43067193646646729;1158.3390236590323639;340.48205646946775005;1160.9936725453749204
0.49114362536434436057;0.093690657292862314365;0;328.43067193646646729;1158.3390236590323639;340.48151846839658674;1160.9919838939963483
0.48429158056431553803;0.12434494358242739742;0;328.43067193646646729;1158.3390236590323639;340.48086353064655896;1160.9899282278083774
0.47552825814757676559;0.15450849718747369788;0;328.43067193646851365;1158.3390236590321365;340.48017448337327551;1160.987765525628447
0.46488824294412572913;0.18406227634233895962;0;328.43067193646646729;1158.3390236590323639;340.47953811222328113;1160.9857681794937889
0.45241352623300978841;0.212889645782536302;0;328.43067193646646729;1158.3390236590323639;340.47903413631451031;1160.9841863910273787
0.43815334002193179197;0.24087683705085760622;0;328.43067193646851365;1158.3390236590321365;340.47872525570318203;1160.9832169392291235
0.42216396275100759317;0.26791339748949827282;0;328.43067193646646729;1158.3390236590323639;340.47864958135863844;1160.9829794287575169
0.40450849718747372563;0.29389262614623651304;0;328.43067193646851365;1158.3390236590321365;340.47881642226280974;1160.9835030738167916
0.38525662138789468214;0.31871199487434481723;0;328.43067193646646729;1158.3390236590323639;340.47920593740656159;1160.9847256082712192
0.36448431371070583173;0.34227355296434425203;0;328.43067193646646729;1158.3390236590323639;340.47977262763009776;1160.9865042421270118
0.34227355296434441856;0.3644843137107056652;0;328.43067193646646729;1158.3390236590323639;340.48045211761552764;1160.9886369407195161
0.31871199487434492825;0.38525662138789451561;0;328.43067193646851365;1158.3390236590321365;340.48117023516209656;1160.9908909134287569
0.29389262614623667957;0.40450849718747361461;0;328.43067193646646729;1158.3390236590323639;340.48185309400429333;1160.9930342549503166
0.26791339748949838384;0.42216396275100748214;0;328.43067193646646729;1158.3390236590323639;340.48243676904093036;1160.9948663121517711
0.24087683705085766173;0.43815334002193179197;0;328.43067193646646729;1158.3390236590323639;340.48287523362080265;1160.9962426009863066
0.21288964578253632975;0.45241352623300978841;0;328.43067193646646729;1158.3390236590323639;340.48314549453294831;1160.997090930886543
0.18406227634233893187;0.46488824294412572913;0;328.43067193646646729;1158.3390236590323639;340.48324927280179963;1160.9974166875381343
0.15450849718747364236;0.4755282581475768211;0;328.43067193646646729;1158.3390236590323639;340.48321107798170715;1160.9972967934613735
0.12434494358242727252;0.48429158056431559354;0;328.43067193646646729;1158.3390236590323639;340.48307303955499492;1160.9968634863050738
0.093690657292862147831;0.49114362536434436057;0;328.43067193646646729;1158.3390236590323639;340.48288731816177233;1160.9962804974138635
0.062666616782151907117;0.49605735065723893795;0;328.43067193646646729;1158.3390236590323639;340.48270725721692997;1160.9957152747181226
0.031395259764656430201;0.49901336421413577948;0;328.43067193646851365;1158.3390236590321365;340.48257860465798785;1160.9953114252132309
-3.0245073740886312578e-16;0.5;0;328.43067193646646729;1158.3390236590323639;340.48253211170640498;1160.9951654803805923
-0.031395259764657033885;0.49901336421413577948;0;328.43067193646646729;1158.3390236590323639;340.48257860465525937;1160.9953114252116393
-0.062666616782152503862;0.49605735065723888244;0;328.43067193646646729;1158.3390236590323639;340.48270725721550889;1160.9957152747158489
-0.093690657292862744576;0.49114362536434424955;0;328.43067193646646729;1158.3390236590323639;340.4828873181602944;1160.996280497409316
-0.12434494358242785539;0.484291580564315427;0;328.43067193646646729;1158.3390236590323639;340.48307303955266434;1160.9968634863000716
-0.15450849718747419748;0.47552825814757659906;0;328.43067193646851365;1158.3390236590321365;340.48321107797966079;1160.997296793456826
-0.18406227634233951473;0.46488824294412550708;0;328.43067193646646729;1158.3390236590323639;340.48324927279838903;1160.9974166875313131
-0.21288964578253677384;0.45241352623300956637;0;328.43067193646646729;1158.3390236590323639;340.48314549452948086;1160.997090930879267
-0.24087683705085810582;0.43815334002193151441;0;328.43067193646646729;1158.3390236590323639;340.48287523361625517;1160.9962426009783485
-0.26791339748949877242;0.42216396275100720459;0;328.43067193646851365;1158.3390236590321365;340.4824367690353597;1160.9948663121440404
-0.29389262614623706815;0.40450849718747333705;0;328.43067193646646729;1158.3390236590323639;340.48185309399775633;1160.993034254941449
-0.31871199487434537234;0.38525662138789418254;0;328.43067193646646729;1158.3390236590323639;340.481170235156128;1160.9908909134205715
-0.34227355296434486265;0.36448431371070527662;0;328.43067193646646729;1158.3390236590323639;340.48045211760864959;1160.9886369407124675
-0.36448431371070627582;0.34227355296434380794;0;328.43067193646646729;1158.3390236590323639;340.47977262762299233;1160.9865042421215549
-0.38525662138789512623;0.31871199487434426212;0;328.43067193646646729;1158.3390236590323639;340.47920593740116146;1160.984725608264398
-0.40450849718747422523;0.29389262614623590242;0;328.43067193646646729;1158.3390236590323639;340.47881642225667065;1160.9835030738111072
-0.42216396275100803726;0.26791339748949755117;0;328.43067193646646729;1158.3390236590323639;340.47864958135363622;1160.9829794287529694
-0.43815334002193223606;0.24087683705085682906;0;328.43067193646646729;1158.3390236590323639;340.47872525569812296;1160.9832169392252581
-0.45241352623301017699;0.21288964578253544158;0;328.43067193646646729;1158.3390236590323639;340.47903413631036074;1160.9841863910235134
-0.46488824294412606219;0.18406227634233804369;0;328.43067193646646729;1158.3390236590323639;340.4795381122200979;1160.9857681794924247
-0.47552825814757709866;0.15450849718747269868;0;328.43067193646646729;1158.3390236590323639;340.48017448337037649;1160.9877655256261733
-0.48429158056431581558;0.12434494358242632883;0;328.43067193646851365;1158.3390236590321365;340.48086353064377363;1160.9899282278063311
-0.49114362536434452711;0.093690657292861190264;0;328.43067193646851365;1158.3390236590321365;340.4815184683969278;1160.9919838939952115
-0.49605735065723904897;0.062666616782150949549;0;328.43067193646646729;1158.3390236590323639;340.48205646946718161;1160.993672545374011
-0.499013364214135835;0.031395259764655465695;0;328.43067193646851365;1158.3390236590321365;340.4824092958057804;1160.9947799875110377
-0.5;-1.2710352895928202744e-15;0;328.43067193646646729;1158.3390236590323639;340.48253211170924715;1160.9951654803835481
-0.49901336421413572397;-0.031395259764657998391;0;328.43067193646646729;1158.3390236590323639;340.48240929580521197;1160.9947799875114924
-0.49605735065723877142;-0.062666616782153475307;0;328.43067193646646729;1158.3390236590323639;340.48205646946712477;1160.9936725453751478
-0.49114362536434408302;-0.093690657292863688266;0;328.43067193646646729;1158.3390236590323639;340.48151846839704149;1160.9919838939965757
-0.48429158056431520496;-0.12434494358242879908;0;328.43067193646646729;1158.3390236590323639;340.48086353064564946;1160.9899282278086048
-0.4755282581475763215;-0.15450849718747511341;0;328.43067193646646729;1158.3390236590323639;340.48017448337230917;1160.9877655256286744
-0.46488824294412511851;-0.18406227634234040291;0;328.43067193646851365;1158.3390236590321365;340.47953811222259901;1160.9857681794953805
-0.45241352623300906677;-0.21288964578253774529;0;328.43067193646851365;1158.3390236590321365;340.47903413631320291;1160.9841863910282882
-0.43815334002193101481;-0.2408768370508590495;0;328.43067193646646729;1158.3390236590323639;340.47872525570153357;1160.9832169392300329
-0.42216396275100664948;-0.26791339748949971611;0;328.43067193646646729;1158.3390236590323639;340.47864958135761526;1160.9829794287579716
-0.40450849718747272643;-0.29389262614623795633;0;328.43067193646646729;1158.3390236590323639;340.47881642226076337;1160.9835030738177011
-0.38525662138789351641;-0.31871199487434620501;0;328.43067193646646729;1158.3390236590323639;340.47920593740536788;1160.9847256082719014
-0.36448431371070455498;-0.3422735529643456398;0;328.43067193646646729;1158.3390236590323639;340.47977262762793771;1160.9865042421274666
-0.34227355296434297527;-0.36448431371070699747;0;328.43067193646851365;1158.3390236590321365;340.48045211761433393;1160.9886369407199709
-0.31871199487434342945;-0.38525662138789579236;0;328.43067193646646729;1158.3390236590323639;340.481170235160846;1160.9908909134292117
-0.29389262614623518077;-0.40450849718747472483;0;328.43067193646646729;1158.3390236590323639;340.48185309400213328;1160.9930342549498619
-0.26791339748949705157;-0.42216396275100837032;0;328.43067193646646729;1158.3390236590323639;340.4824367690392819;1160.9948663121526806
-0.24087683705085646824;-0.4381533400219324581;0;328.43067193646646729;1158.3390236590323639;340.4828752336194384;1160.9962426009869887
-0.21288964578253527504;-0.4524135262330102325;0;328.43067193646851365;1158.3390236590321365;340.48314549453328937;1160.9970909308867704
-0.18406227634233807144;-0.46488824294412606219;0;328.43067193646646729;1158.3390236590323639;340.48324927280208385;1160.9974166875379069
-0.15450849718747294848;-0.47552825814757704315;0;328.43067193646646729;1158.3390236590323639;340.48321107798182084;1160.9972967934618282
-0.1243449435824267868;-0.48429158056431570456;0;328.43067193646646729;1158.3390236590323639;340.48307303955533598;1160.9968634863048464
-0.093690657292861884153;-0.49114362536434441608;0;328.43067193646646729;1158.3390236590323639;340.48288731816194286;1160.9962804974138635
-0.062666616782151865483;-0.49605735065723893795;0;328.43067193646646729;1158.3390236590323639;340.48270725721732788;1160.9957152747178952
-0.031395259764656603674;-0.49901336421413577948;0;328.43067193646646729;1158.3390236590323639;340.48257860465793101;1160.995311425213913
-9.1848509936051484375e-17;-0.5;0;328.43067193646646729;1158.3390236590323639;340.48253211170765553;1160.9951654803808196
0.031395259764656416324;-0.49901336421413577948;0;328.43067193646851365;1158.3390236590321365;340.48257860465730573;1160.9953114252118667
0.062666616782151671194;-0.49605735065723899346;0;328.43067193646646729;1158.3390236590323639;340.48270725721636154;1160.9957152747151667
0.093690657292861703742;-0.4911436253643444716;0;328.43067193646646729;1158.3390236590323639;340.48288731816040809;1160.9962804974099981
0.12434494358242660639;-0.48429158056431576007;0;328.43067193646646729;1158.3390236590323639;340.48307303955283487;1160.9968634862998442
0.15450849718747278194;-0.47552825814757709866;0;328.43067193646646729;1158.3390236590323639;340.4832110779791492;1160.9972967934565986
0.18406227634233790491;-0.46488824294412611771;0;328.43067193646646729;1158.3390236590323639;340.48324927279969643;1160.9974166875304036
0.21288964578253510851;-0.45241352623301034352;0;328.43067193646646729;1158.3390236590323639;340.48314549453044719;1160.9970909308788123
0.2408768370508563017;-0.43815334002193251361;0;328.43067193646646729;1158.3390236590323639;340.48287523361670992;1160.9962426009783485
0.26791339748949688504;-0.42216396275100842583;0;328.43067193646646729;1158.3390236590323639;340.48243676903609867;1160.9948663121444952
0.29389262614623506975;-0.40450849718747483585;0;328.43067193646646729;1158.3390236590323639;340.48185309399741527;1160.9930342549421312
0.31871199487434326292;-0.38525662138789590339;0;328.43067193646646729;1158.3390236590323639;340.48117023515732171;1160.9908909134205715
0.34227355296434269771;-0.36448431371070727502;0;328.43067193646851365;1158.3390236590321365;340.48045211760972961;1160.9886369407120128
0.36448431371070411089;-0.34227355296434608389;0;328.43067193646646729;1158.3390236590323639;340.47977262762316286;1160.986504242120418
0.38525662138789296129;-0.31871199487434687114;0;328.43067193646646729;1158.3390236590323639;340.47920593740076356;1160.9847256082650802
0.4045084971874720603;-0.293892626146238789;0;328.43067193646851365;1158.3390236590321365;340.47881642225780752;1160.9835030738111072
0.42216396275100598334;-0.26791339748950082633;0;328.43067193646646729;1158.3390236590323639;340.47864958135301094;1160.9829794287529694
0.43815334002193029317;-0.24087683705086038177;0;328.43067193646646729;1158.3390236590323639;340.47872525569601976;1160.9832169392250307
0.45241352623300834512;-0.21288964578253932736;0;328.43067193646646729;1158.3390236590323639;340.47903413630820069;1160.9841863910241955
0.46488824294412439686;-0.18406227634234223478;0;328.43067193646851365;1158.3390236590321365;340.47953811221907472;1160.9857681794917426
0.47552825814757565537;-0.15450849718747719508;0;328.43067193646646729;1158.3390236590323639;340.48017448336844382;1160.9877655256259459
0.48429158056431459434;-0.12434494358243111667;0;328.43067193646646729;1158.3390236590323639;340.48086353064348941;1160.9899282278065584
0.49114362536434358342;-0.093690657292866269534;0;328.43067193646851365;1158.3390236590321365;340.4815184683956204;1160.9919838939954388
0.49605735065723838284;-0.062666616782156292498;0;328.43067193646646729;1158.3390236590323639;340.48205646946570369;1160.9936725453746931
0.49901336421413550193;-0.031395259764661065383;0;328.43067193646646729;1158.3390236590323639;340.48240929580413194;1160.9947799875112651
