0.5;0;0;328.43067193646646729;1158.3390236590323639;332.3732488151765665;1159.2260140349226276
0.49901336421413577948;0.03139525976465668694;0;328.43067193646646729;1158.3390236590323639;332.37320309030542376;1159.2258629841587663
0.49605735065723893795;0.062666616782152129161;0;328.43067193646646729;1158.3390236590323639;332.3730717324666557;1159.2254290455246064
0.49114362536434436057;0.093690657292862314365;0;328.43067193646646729;1158.3390236590323639;332.37287143628429931;1159.2247673646211297
0.48429158056431553803;0.12434494358242739742;0;328.43067193646646729;1158.3390236590323639;332.37262760913699822;1159.2239618693015473
0.47552825814757676559;0.15450849718747369788;0;328.43067193646851365;1158.3390236590321365;332.37237108847989475;1159.2231144286686231
0.46488824294412572913;0.18406227634233895962;0;328.43067193646646729;1158.3390236590323639;332.37213418314127011;1159.2223317777309148
0.45241352623300978841;0.212889645782536302;0;328.43067193646646729;1158.3390236590323639;332.37194656880194543;1159.2217119582778651
0.43815334002193179197;0.24087683705085760622;0;328.43067193646851365;1158.3390236590321365;332.37183158391599136;1159.2213320799125995
0.42216396275100759317;0.26791339748949827282;0;328.43067193646646729;1158.3390236590323639;332.37180341334186551;1159.2212390115903418
0.40450849718747372563;0.29389262614623651304;0;328.43067193646851365;1158.3390236590321365;332.37186552176336818;1159.2214442014480937
0.38525662138789468214;0.31871199487434481723;0;328.43067193646646729;1158.3390236590323639;332.37201052510516774;1159.2219232488582747
0.36448431371070583173;0.34227355296434425203;0;328.43067193646646729;1158.3390236590323639;332.37222149008732686;1159.2226201979458438
0.34227355296434441856;0.3644843137107056652;0;328.43067193646646729;1158.3390236590323639;332.37247445726893602;1159.2234558771465345
0.31871199487434492825;0.38525662138789451561;0;328.43067193646851365;1158.3390236590321365;332.37274181853234722;1159.2243390645858199
0.29389262614623667957;0.40450849718747361461;0;328.43067193646646729;1158.3390236590323639;332.37299606831146548;1159.2251788886733266
0.26791339748949838384;0.42216396275100748214;0;328.43067193646646729;1158.3390236590323639;332.37321340424500704;1159.2258967284174105
0.24087683705085766173;0.43815334002193179197;0;328.43067193646646729;1158.3390236590323639;332.37337668260289547;1159.2264359765742938
0.21288964578253632975;0.45241352623300978841;0;328.43067193646646729;1158.3390236590323639;332.37347733229586311;1159.2267683558852696
0.18406227634233893187;0.46488824294412572913;0;328.43067193646646729;1158.3390236590323639;332.37351598405024333;1159.2268959859443385
0.15450849718747364236;0.4755282581475768211;0;328.43067193646646729;1158.3390236590323639;332.37350175697019949;1159.2268490134640615
0.12434494358242727252;0.48429158056431559354;0;328.43067193646646729;1158.3390236590323639;332.37345033654992221;1159.2266792537545825
0.093690657292862147831;0.49114362536434436057;0;328.43067193646646729;1158.3390236590323639;332.37338114961903557;1159.2264508562566334
0.062666616782151907117;0.49605735065723893795;0;328.43067193646646729;1158.3390236590323639;332.37331406805725464;1159.2262294222125547
0.031395259764656430201;0.49901336421413577948;0;328.43067193646851365;1158.3390236590321365;332.37326613699235622;1159.2260712100151068
-3.0245073740886312578e-16;0.5;0;328.43067193646646729;1158.3390236590323639;332.37324881517571384;1159.2260140349235371
-0.031395259764657033885;0.49901336421413577948;0;328.43067193646646729;1158.3390236590323639;332.37326613699264044;1159.2260712100153341
-0.062666616782152503862;0.49605735065723888244;0;328.43067193646646729;1158.3390236590323639;332.3733140680581073;1159.2262294222114178
-0.093690657292862744576;0.49114362536434424955;0;328.43067193646646729;1158.3390236590323639;332.3733811496192061;1159.2264508562561787
-0.12434494358242785539;0.484291580564315427;0;328.43067193646646729;1158.3390236590323639;332.37345033655071802;1159.2266792537548099
-0.15450849718747419748;0.47552825814757659906;0;328.43067193646851365;1158.3390236590321365;332.37350175697014265;1159.2268490134638341
-0.18406227634233951473;0.46488824294412550708;0;328.43067193646646729;1158.3390236590323639;332.37351598405024333;1159.2268959859457027
-0.21288964578253677384;0.45241352623300956637;0;328.43067193646646729;1158.3390236590323639;332.37347733229512414;1159.2267683558861791
-0.24087683705085810582;0.43815334002193151441;0;328.43067193646646729;1158.3390236590323639;332.37337668260516921;1159.2264359765742938
-0.26791339748949877242;0.42216396275100720459;0;328.43067193646851365;1158.3390236590321365;332.37321340424585969;1159.2258967284174105
-0.29389262614623706815;0.40450849718747333705;0;328.43067193646646729;1158.3390236590323639;332.3729960683117497;1159.2251788886756003
-0.31871199487434537234;0.38525662138789418254;0;328.43067193646646729;1158.3390236590323639;332.3727418185325746;1159.2243390645860472
-0.34227355296434486265;0.36448431371070527662;0;328.43067193646646729;1158.3390236590323639;332.37247445726723072;1159.2234558771483535
-0.36448431371070627582;0.34227355296434380794;0;328.43067193646646729;1158.3390236590323639;332.37222149008664474;1159.2226201979456164
-0.38525662138789512623;0.31871199487434426212;0;328.43067193646646729;1158.3390236590323639;332.37201052510630461;1159.2219232488607759
-0.40450849718747422523;0.29389262614623590242;0;328.43067193646646729;1158.3390236590323639;332.37186552176353871;1159.2214442014474116
-0.42216396275100803726;0.26791339748949755117;0;328.43067193646646729;1158.3390236590323639;332.37180341334243394;1159.2212390115910239
-0.43815334002193223606;0.24087683705085682906;0;328.43067193646646729;1158.3390236590323639;332.37183158391439974;1159.2213320799123721
-0.45241352623301017699;0.21288964578253544158;0;328.43067193646646729;1158.3390236590323639;332.37194656880257071;1159.2217119582785472
-0.46488824294412606219;0.18406227634233804369;0;328.43067193646646729;1158.3390236590323639;332.37213418314075852;1159.2223317777304601
-0.47552825814757709866;0.15450849718747269868;0;328.43067193646646729;1158.3390236590323639;332.37237108848080425;1159.2231144286699873
-0.48429158056431581558;0.12434494358242632883;0;328.43067193646851365;1158.3390236590321365;332.37262760913557713;1159.223961869303821
-0.49114362536434452711;0.093690657292861190264;0;328.43067193646851365;1158.3390236590321365;332.37287143628600461;1159.2247673646224939
-0.49605735065723904897;0.062666616782150949549;0;328.43067193646646729;1158.3390236590323639;332.37307173246603043;1159.2254290455248338
-0.499013364214135835;0.031395259764655465695;0;328.43067193646851365;1158.3390236590321365;332.37320309030440058;1159.2258629841596758
-0.5;-1.2710352895928202744e-15;0;328.43067193646646729;1158.3390236590323639;332.37324881517588437;1159.2260140349237645
-0.49901336421413572397;-0.031395259764657998391;0;328.43067193646646729;1158.3390236590323639;332.37320309030394583;1159.2258629841585389
-0.49605735065723877142;-0.062666616782153475307;0;328.43067193646646729;1158.3390236590323639;332.37307173246591674;1159.2254290455248338
-0.49114362536434408302;-0.093690657292863688266;0;328.43067193646646729;1158.3390236590323639;332.37287143628498143;1159.224767364621357
-0.48429158056431520496;-0.12434494358242879908;0;328.43067193646646729;1158.3390236590323639;332.37262760913625925;1159.2239618693026841
-0.4755282581475763215;-0.15450849718747511341;0;328.43067193646646729;1158.3390236590323639;332.37237108848006528;1159.223114428667941
-0.46488824294412511851;-0.18406227634234040291;0;328.43067193646851365;1158.3390236590321365;332.37213418314314595;1159.2223317777300053
-0.45241352623300906677;-0.21288964578253774529;0;328.43067193646851365;1158.3390236590321365;332.37194656880342336;1159.2217119582774103
-0.43815334002193101481;-0.2408768370508590495;0;328.43067193646646729;1158.3390236590323639;332.37183158391542293;1159.2213320799121448
-0.42216396275100664948;-0.26791339748949971611;0;328.43067193646646729;1158.3390236590323639;332.37180341334243394;1159.2212390115914786
-0.40450849718747272643;-0.29389262614623795633;0;328.43067193646646729;1158.3390236590323639;332.37186552176245868;1159.2214442014480937
-0.38525662138789351641;-0.31871199487434620501;0;328.43067193646646729;1158.3390236590323639;332.37201052510596355;1159.2219232488589569
-0.36448431371070455498;-0.3422735529643456398;0;328.43067193646646729;1158.3390236590323639;332.37222149008613314;1159.2226201979456164
-0.34227355296434297527;-0.36448431371070699747;0;328.43067193646851365;1158.3390236590321365;332.37247445726904971;1159.2234558771460797
-0.31871199487434342945;-0.38525662138789579236;0;328.43067193646646729;1158.3390236590323639;332.37274181853302935;1159.2243390645851377
-0.29389262614623518077;-0.40450849718747472483;0;328.43067193646646729;1158.3390236590323639;332.37299606831203391;1159.2251788886751456
-0.26791339748949705157;-0.42216396275100837032;0;328.43067193646646729;1158.3390236590323639;332.37321340424483651;1159.22589672841832
-0.24087683705085646824;-0.4381533400219324581;0;328.43067193646646729;1158.3390236590323639;332.37337668260391865;1159.2264359765749759
-0.21288964578253527504;-0.4524135262330102325;0;328.43067193646851365;1158.3390236590321365;332.37347733229631785;1159.2267683558839053
-0.18406227634233807144;-0.46488824294412606219;0;328.43067193646646729;1158.3390236590323639;332.37351598405103914;1159.226895985945248
-0.15450849718747294848;-0.47552825814757704315;0;328.43067193646646729;1158.3390236590323639;332.37350175696929;1159.2268490134656531
-0.1243449435824267868;-0.48429158056431570456;0;328.43067193646646729;1158.3390236590323639;332.37345033655083171;1159.2266792537548099
-0.093690657292861884153;-0.49114362536434441608;0;328.43067193646646729;1158.3390236590323639;332.37338114961875135;1159.2264508562557239
-0.062666616782151865483;-0.49605735065723893795;0;328.43067193646646729;1158.3390236590323639;332.37331406805782308;1159.2262294222123273
-0.031395259764656603674;-0.49901336421413577948;0;328.43067193646646729;1158.3390236590323639;332.37326613699252675;1159.226071210014652
-9.1848509936051484375e-17;-0.5;0;328.43067193646646729;1158.3390236590323639;332.373248815175657;1159.2260140349239919
0.031395259764656416324;-0.49901336421413577948;0;328.43067193646851365;1158.3390236590321365;332.37326613699281097;1159.2260712100148794
0.062666616782151671194;-0.49605735065723899346;0;328.43067193646646729;1158.3390236590323639;332.37331406805634515;1159.2262294222114178
0.093690657292861703742;-0.4911436253643444716;0;328.43067193646646729;1158.3390236590323639;332.37338114961784186;1159.226450856256406
0.12434494358242660639;-0.48429158056431576007;0;328.43067193646646729;1158.3390236590323639;332.37345033655049065;1159.2266792537545825
0.15450849718747278194;-0.47552825814757709866;0;328.43067193646646729;1158.3390236590323639;332.37350175696946053;1159.2268490134633794
0.18406227634233790491;-0.46488824294412611771;0;328.43067193646646729;1158.3390236590323639;332.37351598405047071;1159.226895985945248
0.21288964578253510851;-0.45241352623301034352;0;328.43067193646646729;1158.3390236590323639;332.37347733229626101;1159.2267683558861791
0.2408768370508563017;-0.43815334002193251361;0;328.43067193646646729;1158.3390236590323639;332.37337668260488499;1159.2264359765752033
0.26791339748949688504;-0.42216396275100842583;0;328.43067193646646729;1158.3390236590323639;332.37321340424693972;1159.2258967284180926
0.29389262614623506975;-0.40450849718747483585;0;328.43067193646646729;1158.3390236590323639;332.37299606831248866;1159.2251788886760551
0.31871199487434326292;-0.38525662138789590339;0;328.43067193646646729;1158.3390236590323639;332.37274181853251775;1159.2243390645853651
0.34227355296434269771;-0.36448431371070727502;0;328.43067193646851365;1158.3390236590321365;332.37247445726984552;1159.223455877147444
0.36448431371070411089;-0.34227355296434608389;0;328.43067193646646729;1158.3390236590323639;332.37222149008800898;1159.2226201979462985
0.38525662138789296129;-0.31871199487434687114;0;328.43067193646646729;1158.3390236590323639;332.37201052510738464;1159.221923248859639
0.4045084971874720603;-0.293892626146238789;0;328.43067193646851365;1158.3390236590321365;332.37186552176530085;1159.2214442014455926
0.42216396275100598334;-0.26791339748950082633;0;328.43067193646646729;1158.3390236590323639;332.37180341334124023;1159.2212390115910239
0.43815334002193029317;-0.24087683705086038177;0;328.43067193646646729;1158.3390236590323639;332.37183158391599136;1159.2213320799123721
0.45241352623300834512;-0.21288964578253932736;0;328.43067193646646729;1158.3390236590323639;332.37194656880365073;1159.2217119582765008
0.46488824294412439686;-0.18406227634234223478;0;328.43067193646851365;1158.3390236590321365;332.37213418314274804;1159.2223317777295506
0.47552825814757565537;-0.15450849718747719508;0;328.43067193646646729;1158.3390236590323639;332.37237108848069056;1159.2231144286693052
0.48429158056431459434;-0.12434494358243111667;0;328.43067193646646729;1158.3390236590323639;332.37262760913779402;1159.2239618693024568
0.49114362536434358342;-0.093690657292866269534;0;328.43067193646851365;1158.3390236590321365;332.37287143628662989;1159.2247673646224939
0.49605735065723838284;-0.062666616782156292498;0;328.43067193646646729;1158.3390236590323639;332.37307173246608727;1159.2254290455246064
0.49901336421413550193;-0.031395259764661065383;0;328.43067193646646729;1158.3390236590323639;332.37320309030462795;1159.225862984159221
