0.5;0;0;328.43067193646646729;1158.3390236590323639;329.22278312304825931;1158.5189049792697915
0.49901336421413577948;0.03139525976465668694;0;328.43067193646646729;1158.3390236590323639;329.22277382727406803;1158.5188729335500284
0.49605735065723893795;0.062666616782152129161;0;328.43067193646646729;1158.3390236590323639;329.22274712765573668;1158.5187808713360482
0.49114362536434436057;0.093690657292862314365;0;328.43067193646646729;1158.3390236590323639;329.22270641812940539;1158.5186404917985783
0.48429158056431553803;0.12434494358242739742;0;328.43067193646646729;1158.3390236590323639;329.22265686355325442;1158.5184696003755107
0.47552825814757676559;0.15450849718747369788;0;328.43067193646851365;1158.3390236590321365;329.22260473207546738;1158.5182898090370145
0.46488824294412572913;0.18406227634233895962;0;328.43067193646646729;1158.3390236590323639;329.22255659026518515;1158.518123762479263
0.45241352623300978841;0.212889645782536302;0;328.43067193646646729;1158.3390236590323639;329.22251846887371585;1158.5179922614379393
0.43815334002193179197;0.24087683705085760622;0;328.43067193646851365;1158.3390236590321365;329.22249511025739821;1158.5179116659251122
0.42216396275100759317;0.26791339748949827282;0;328.43067193646646729;1158.3390236590323639;329.22248939640627441;1158.5178919200495784
0.40450849718747372563;0.29389262614623651304;0;328.43067193646851365;1158.3390236590321365;329.2225020309739989;1158.5179354526803763
0.38525662138789468214;0.31871199487434481723;0;328.43067193646646729;1158.3390236590323639;329.22253151344614253;1158.518037086510958
0.36448431371070583173;0.34227355296434425203;0;328.43067193646646729;1158.3390236590323639;329.22257440311960863;1158.5181849490159038
0.34227355296434441856;0.3644843137107056652;0;328.43067193646646729;1158.3390236590323639;329.22262583151018589;1158.518362242126841
0.31871199487434492825;0.38525662138789451561;0;328.43067193646851365;1158.3390236590321365;329.22267943928682143;1158.5185494223831029
0.29389262614623667957;0.40450849718747361461;0;328.43067193646646729;1158.3390236590323639;329.22273429931595956;1158.5187285409670039
0.26791339748949838384;0.42216396275100748214;0;328.43067193646646729;1158.3390236590323639;329.22277930809985946;1158.5188811976495344
0.24087683705085766173;0.43815334002193179197;0;328.43067193646646729;1158.3390236590323639;329.22281010688681135;1158.5189949520290611
0.21288964578253632975;0.45241352623300978841;0;328.43067193646646729;1158.3390236590323639;329.22282651963934086;1158.5190641185672575
0.18406227634233893187;0.46488824294412572913;0;328.43067193646646729;1158.3390236590323639;329.22283073748860716;1158.5190897340348783
0.15450849718747364236;0.4755282581475768211;0;328.43067193646646729;1158.3390236590323639;329.22282607623344575;1158.5190787233550509
0.12434494358242727252;0.48429158056431559354;0;328.43067193646646729;1158.3390236590323639;329.22281615759931128;1158.5190423753085724
0.093690657292862147831;0.49114362536434436057;0;328.43067193646646729;1158.3390236590323639;329.22280439156537568;1158.5189943234167913
0.062666616782151907117;0.49605735065723893795;0;328.43067193646646729;1158.3390236590323639;329.22279366325352612;1158.518948294151869
0.031395259764656430201;0.49901336421413577948;0;328.43067193646851365;1158.3390236590321365;329.22278615224394116;1158.5189159213264247
-3.0245073740886312578e-16;0.5;0;328.43067193646646729;1158.3390236590323639;329.22278323303640946;1158.5189049240623262
-0.031395259764657033885;0.49901336421413577948;0;328.43067193646646729;1158.3390236590323639;329.22278542315177674;1158.5189179031485764
-0.062666616782152503862;0.49605735065723888244;0;328.43067193646646729;1158.3390236590323639;329.22279236006215797;1158.5189519304153691
-0.093690657292862744576;0.49114362536434424955;0;328.43067193646646729;1158.3390236590323639;329.2228028009548666;1158.5189989974176115
-0.12434494358242785539;0.484291580564315427;0;328.43067193646646729;1158.3390236590323639;329.22281465135523604;1158.5190472674239572
-0.15450849718747419748;0.47552825814757659906;0;328.43067193646851365;1158.3390236590321365;329.22282504146033943;1158.5190829562104682
-0.18406227634233951473;0.46488824294412550708;0;328.43067193646646729;1158.3390236590323639;329.2228304846733522;1158.519092570561952
-0.21288964578253677384;0.45241352623300956637;0;328.43067193646646729;1158.3390236590323639;329.22282717355739123;1158.5190651762968628
-0.24087683705085810582;0.43815334002193151441;0;328.43067193646646729;1158.3390236590323639;329.22281149802438449;1158.5189943613322612
-0.26791339748949877242;0.42216396275100720459;0;328.43067193646851365;1158.3390236590321365;329.22278091288319501;1158.5188796098361763
-0.29389262614623706815;0.40450849718747333705;0;328.43067193646646729;1158.3390236590323639;329.22273534134035344;1158.5187269059244954
-0.31871199487434537234;0.38525662138789418254;0;328.43067193646646729;1158.3390236590323639;329.22267938069643378;1158.518548524834614
-0.34227355296434486265;0.36448431371070527662;0;328.43067193646646729;1158.3390236590323639;329.22262567601404726;1158.5183621205633244
-0.36448431371070627582;0.34227355296434380794;0;328.43067193646646729;1158.3390236590323639;329.22257425615191551;1158.5181848178135624
-0.38525662138789512623;0.31871199487434426212;0;328.43067193646646729;1158.3390236590323639;329.22253137801726552;1158.5180369468250774
-0.40450849718747422523;0.29389262614623590242;0;328.43067193646646729;1158.3390236590323639;329.22250190964950889;1158.517935305986839
-0.42216396275100803726;0.26791339748949755117;0;328.43067193646646729;1158.3390236590323639;329.22248929123924199;1158.5178917680889299
-0.43815334002193223606;0.24087683705085682906;0;328.43067193646646729;1158.3390236590323639;329.22249502274746646;1158.5179115106848258
-0.45241352623301017699;0.21288964578253544158;0;328.43067193646646729;1158.3390236590323639;329.22251839990900635;1158.5179921050898884
-0.46488824294412606219;0.18406227634233804369;0;328.43067193646646729;1158.3390236590323639;329.22255654012087689;1158.5181236073285618
-0.47552825814757709866;0.15450849718747269868;0;328.43067193646646729;1158.3390236590323639;329.22260470043823943;1158.5182896574347069
-0.48429158056431581558;0.12434494358242632883;0;328.43067193646851365;1158.3390236590321365;329.22265684953737264;1158.5184694546569517
-0.49114362536434452711;0.093690657292861190264;0;328.43067193646851365;1158.3390236590321365;329.22270642033140575;1158.518640354205445
-0.49605735065723904897;0.062666616782150949549;0;328.43067193646646729;1158.3390236590323639;329.22274714423110709;1158.5187807439331209
-0.499013364214135835;0.031395259764655465695;0;328.43067193646851365;1158.3390236590321365;329.22277385603149469;1158.5188728181783517
-0.5;-1.2710352895928202744e-15;0;328.43067193646646729;1158.3390236590323639;329.22278316153506239;1158.5189048774825551
-0.49901336421413572397;-0.031395259764657998391;0;328.43067193646646729;1158.3390236590323639;329.22277387794139258;1158.5188728452401392
-0.49605735065723877142;-0.062666616782153475307;0;328.43067193646646729;1158.3390236590323639;329.2227471876024083;1158.5187807970237373
-0.49114362536434408302;-0.093690657292863688266;0;328.43067193646646729;1158.3390236590323639;329.22270648427331707;1158.5186404313105868
-0.48429158056431520496;-0.12434494358242879908;0;328.43067193646646729;1158.3390236590323639;329.22265693272953513;1158.5184695529028431
-0.4755282581475763215;-0.15450849718747511341;0;328.43067193646646729;1158.3390236590323639;329.22260480116864301;1158.5182897732256606
-0.46488824294412511851;-0.18406227634234040291;0;328.43067193646851365;1158.3390236590321365;329.22255665631001875;1158.5181237365354718
-0.45241352623300906677;-0.21288964578253774529;0;328.43067193646851365;1158.3390236590321365;329.22251852916485859;1158.51799224327101
-0.43815334002193101481;-0.2408768370508590495;0;328.43067193646646729;1158.3390236590323639;329.22249516242578693;1158.5179116532772241
-0.42216396275100664948;-0.26791339748949971611;0;328.43067193646646729;1158.3390236590323639;329.22248943851445802;1158.5178919106267585
-0.40450849718747272643;-0.29389262614623795633;0;328.43067193646646729;1158.3390236590323639;329.22250206158440733;1158.5179354442816475
-0.38525662138789351641;-0.31871199487434620501;0;328.43067193646646729;1158.3390236590323639;329.22253153165701178;1158.5180370770985974
-0.36448431371070455498;-0.3422735529643456398;0;328.43067193646646729;1158.3390236590323639;329.2225744086041459;1158.5181849368311759
-0.34227355296434297527;-0.36448431371070699747;0;328.43067193646851365;1158.3390236590321365;329.22262582453538471;1158.5183622256868148
-0.31871199487434342945;-0.38525662138789579236;0;328.43067193646646729;1158.3390236590323639;329.22267915128173854;1158.5185492298173813
-0.29389262614623518077;-0.40450849718747472483;0;328.43067193646646729;1158.3390236590323639;329.22273214619713144;1158.5187283091445352
-0.26791339748949705157;-0.42216396275100837032;0;328.43067193646646729;1158.3390236590323639;329.22277719505262894;1158.5188813371050855
-0.24087683705085646824;-0.4381533400219324581;0;328.43067193646646729;1158.3390236590323639;329.22281029582319434;1158.5189956090507621
-0.21288964578253527504;-0.4524135262330102325;0;328.43067193646851365;1158.3390236590321365;329.22283010863520758;1158.5190652401072384
-0.18406227634233807144;-0.46488824294412606219;0;328.43067193646646729;1158.3390236590323639;329.22283731822585651;1158.5190912384878175
-0.15450849718747294848;-0.47552825814757704315;0;328.43067193646646729;1158.3390236590323639;329.22283413775375038;1158.519080570287997
-0.1243449435824267868;-0.48429158056431570456;0;328.43067193646646729;1158.3390236590323639;329.22282382802637812;1158.5190445111500139
-0.093690657292861884153;-0.49114362536434441608;0;328.43067193646646729;1158.3390236590323639;329.22281017316288398;1158.5189965733336521
-0.062666616782151865483;-0.49605735065723893795;0;328.43067193646646729;1158.3390236590323639;329.22279691940036628;1158.5189502923667533
-0.031395259764656603674;-0.49901336421413577948;0;328.43067193646646729;1158.3390236590323639;329.22278723116113497;1158.5189171448462275
-9.1848509936051484375e-17;-0.5;0;328.43067193646646729;1158.3390236590323639;329.22278323876838613;1158.5189048408578856
0.031395259764656416324;-0.49901336421413577948;0;328.43067193646851365;1158.3390236590321365;329.22278574477633128;1158.5189161872292516
0.062666616782151671194;-0.49605735065723899346;0;328.43067193646646729;1158.3390236590323639;329.22279412771888474;1158.5189486542867598
0.093690657292861703742;-0.4911436253643444716;0;328.43067193646646729;1158.3390236590323639;329.22280644492212787;1158.5189947033200042
0.12434494358242660639;-0.48429158056431576007;0;328.43067193646646729;1158.3390236590323639;329.22281970321216704;1158.5190428516511929
0.15450849718747278194;-0.47552825814757709866;0;328.43067193646646729;1158.3390236590323639;329.22283024976877641;1158.5190793726401353
0.18406227634233790491;-0.46488824294412611771;0;328.43067193646646729;1158.3390236590323639;329.22283424015597575;1158.5190904522244182
0.21288964578253510851;-0.45241352623301034352;0;328.43067193646646729;1158.3390236590323639;329.22282816334887912;1158.5190645523232433
0.2408768370508563017;-0.43815334002193251361;0;328.43067193646646729;1158.3390236590323639;329.22280943063384484;1158.5189946632317515
0.26791339748949688504;-0.42216396275100842583;0;328.43067193646646729;1158.3390236590323639;329.2227770426003417;1158.518880062795688
0.29389262614623506975;-0.40450849718747483585;0;328.43067193646646729;1158.3390236590323639;329.22273230706298364;1158.5187271438057905
0.31871199487434326292;-0.38525662138789590339;0;328.43067193646646729;1158.3390236590323639;329.22267946114362758;1158.5185488363197237
0.34227355296434269771;-0.36448431371070727502;0;328.43067193646851365;1158.3390236590321365;329.22262583387674795;1158.518362160103834
0.36448431371070411089;-0.34227355296434608389;0;328.43067193646646729;1158.3390236590323639;329.22257441077522344;1158.5181848765209907
0.38525662138789296129;-0.31871199487434687114;0;328.43067193646646729;1158.3390236590323639;329.22253152590968739;1158.5180370239597778
0.4045084971874720603;-0.293892626146238789;0;328.43067193646851365;1158.3390236590321365;329.22250204751082947;1158.5179354001240881
0.42216396275100598334;-0.26791339748950082633;0;328.43067193646646729;1158.3390236590323639;329.2224894160342501;1158.5178918771568988
0.43815334002193029317;-0.24087683705086038177;0;328.43067193646646729;1158.3390236590323639;329.22249513187614411;1158.5179116320364301
0.45241352623300834512;-0.21288964578253932736;0;328.43067193646646729;1158.3390236590323639;329.22251849127593459;1158.5179922356185216
0.46488824294412439686;-0.18406227634234223478;0;328.43067193646851365;1158.3390236590321365;329.22255661224863843;1158.5181237436001993
0.47552825814757565537;-0.15450849718747719508;0;328.43067193646646729;1158.3390236590323639;329.22260475246565647;1158.5182897958602553
0.48429158056431459434;-0.12434494358243111667;0;328.43067193646646729;1158.3390236590323639;329.22265688128237571;1158.5184695916545934
0.49114362536434358342;-0.093690657292866269534;0;328.43067193646851365;1158.3390236590321365;329.22270643228296194;1158.5186404864018641
0.49605735065723838284;-0.062666616782156292498;0;328.43067193646646729;1158.3390236590323639;329.2227471375072696;1158.5187808683087951
0.49901336421413550193;-0.031395259764661065383;0;328.43067193646646729;1158.3390236590323639;329.22277383233046066;1158.5188729322117069
