0.4;0;0;-464.86;1351.15;-605.499;1216.01
0.399968;0.00502642;0;-464.496;1350.45;-605.176;1215.36
0.399874;0.010052;0;-464.124;1349.74;-604.846;1214.69
0.399716;0.0150761;0;-463.752;1349.02;-604.516;1214.03
0.399495;0.0200977;0;-463.38;1348.31;-604.186;1213.37
0.399211;0.0251162;0;-463.009;1347.59;-603.857;1212.71
0.398864;0.0301307;0;-462.637;1346.88;-603.527;1212.05
0.398453;0.0351405;0;-462.266;1346.16;-603.197;1211.38
0.39798;0.0401447;0;-461.894;1345.45;-602.868;1210.72
0.397445;0.0451426;0;-461.374;1344.05;-602.262;1209.51
0.396846;0.0501333;0;-460.756;1342.35;-601.511;1208
0.396185;0.0551161;0;-460.138;1340.65;-600.76;1206.49
0.395461;0.0600902;0;-459.519;1338.95;-600.009;1204.98
0.394674;0.0650549;0;-458.274;1335.95;-598.657;1202.27
0.393826;0.0700092;0;-456.901;1332.67;-597.179;1199.3
0.392915;0.0749525;0;-455.528;1329.38;-595.699;1196.33
0.391942;0.079884;0;-454.153;1326.1;-594.219;1193.35
0.390907;0.0848028;0;-452.778;1322.82;-592.738;1190.38
0.389811;0.0897083;0;-451.403;1319.53;-591.257;1187.4
0.388653;0.0945996;0;-450.028;1316.25;-589.777;1184.43
0.387433;0.099476;0;-448.652;1312.97;-588.296;1181.46
0.386153;0.104337;0;-447.227;1309.56;-586.735;1178.32
0.384811;0.109181;0;-445.659;1305.52;-584.911;1174.66
0.383409;0.114008;0;-444.092;1301.47;-583.087;1171
0.381946;0.118817;0;-442.526;1297.43;-581.263;1167.33
0.380423;0.123607;0;-440.96;1293.38;-579.441;1163.67
0.378839;0.128377;0;-438.886;1288.13;-577.048;1158.87
0.377196;0.133128;0;-436.487;1282.08;-574.287;1153.32
0.375494;0.137857;0;-434.096;1275.95;-571.544;1147.81
0.373732;0.142565;0;-431.704;1269.83;-568.8;1142.3
0.371911;0.14725;0;-429.313;1263.7;-566.055;1136.79
0.370031;0.151912;0;-426.92;1257.56;-563.308;1131.28
0.368093;0.156549;0;-424.528;1251.43;-560.562;1125.76
0.366096;0.161163;0;-422.136;1245.29;-557.815;1120.24
0.364042;0.16575;0;-419.745;1239.15;-555.069;1114.73
0.361931;0.170312;0;-417.356;1233.02;-552.323;1109.21
0.359762;0.174846;0;-414.967;1226.88;-549.579;1103.7
0.357537;0.179353;0;-412.581;1220.75;-546.836;1098.2
0.355255;0.183832;0;-410.197;1214.62;-544.096;1092.69
0.352916;0.188282;0;-407.344;1207.18;-540.748;1085.97
0.350523;0.192701;0;-404.05;1198.38;-536.805;1078.05
0.348074;0.197091;0;-400.753;1189.58;-532.858;1070.12
0.345569;0.201449;0;-397.455;1180.78;-528.909;1062.19
0.343011;0.205776;0;-394.155;1171.96;-524.957;1054.26
0.340398;0.21007;0;-390.853;1163.14;-521.004;1046.32
0.337731;0.214331;0;-387.552;1154.32;-517.05;1038.38
0.335011;0.218558;0;-384.25;1145.5;-513.095;1030.43
0.332238;0.22275;0;-380.948;1136.67;-509.14;1022.49
0.329413;0.226908;0;-377.648;1127.85;-505.186;1014.55
0.326536;0.231029;0;-374.349;1119.03;-501.234;1006.61
0.323607;0.235114;0;-371.056;1110.18;-497.279;998.67
0.320627;0.239162;0;-367.751;1101.34;-493.312;990.704
0.317596;0.243172;0;-364.448;1092.5;-489.349;982.745
0.314515;0.247144;0;-360.718;1082.26;-484.765;973.539
0.311385;0.251077;0;-356.721;1071.19;-479.805;963.578
0.308205;0.25497;0;-352.721;1060.11;-474.841;953.61
0.304977;0.258822;0;-348.716;1049.03;-469.873;943.631
0.301701;0.262634;0;-344.704;1037.95;-464.897;933.638
0.298376;0.266405;0;-340.691;1026.84;-459.916;923.635
0.295005;0.270133;0;-336.677;1015.72;-454.929;913.62
0.291587;0.273819;0;-332.664;1004.59;-449.942;903.606
0.288124;0.277461;0;-328.651;993.468;-444.956;893.593
0.284614;0.28106;0;-324.641;982.345;-439.972;883.583
0.28106;0.284614;0;-320.633;971.227;-434.99;873.578
0.277461;0.288124;0;-316.562;959.923;-429.918;863.391
0.273819;0.291587;0;-311.999;946.833;-424.05;851.608
0.270133;0.295005;0;-307.432;933.73;-418.178;839.814
0.266405;0.298376;0;-302.862;920.617;-412.3;828.011
0.262634;0.301701;0;-298.29;907.496;-406.42;816.2
0.258822;0.304977;0;-293.715;894.368;-400.536;804.385
0.25497;0.308205;0;-289.14;881.236;-394.651;792.566
0.251077;0.311385;0;-284.567;868.085;-388.763;780.742
0.247144;0.314515;0;-279.994;854.931;-382.875;768.916
0.243172;0.317596;0;-275.415;841.781;-376.981;757.08
0.239162;0.320627;0;-270.837;828.635;-371.09;745.249
0.235114;0.323607;0;-266.262;815.496;-365.201;733.423
0.231029;0.326536;0;-261.69;802.367;-359.317;721.605
0.226908;0.329413;0;-257.121;789.248;-353.437;709.797
0.22275;0.332238;0;-252.322;775.163;-347.135;697.141
0.218558;0.335011;0;-247.301;760.242;-340.45;683.717
0.214331;0.337731;0;-242.276;745.31;-333.761;670.282
0.21007;0.340398;0;-237.247;730.369;-327.067;656.839
0.205776;0.343011;0;-232.217;715.421;-320.37;643.39
0.201449;0.345569;0;-227.185;700.47;-313.671;629.937
0.197091;0.348074;0;-222.152;685.517;-306.971;616.482
0.192701;0.350523;0;-217.119;670.565;-300.272;603.027
0.188282;0.352916;0;-212.087;655.616;-293.573;589.574
0.183832;0.355255;0;-207.057;640.673;-286.877;576.126
0.179353;0.357537;0;-202.029;625.737;-280.184;562.685
0.174846;0.359762;0;-197.004;610.812;-273.495;549.252
0.170312;0.361931;0;-191.934;595.604;-266.698;535.602
0.16575;0.364042;0;-186.602;579.27;-259.383;520.911
0.161163;0.366096;0;-181.247;562.861;-252.031;506.147
0.156549;0.368093;0;-175.886;546.435;-244.673;491.369
0.151912;0.370031;0;-170.52;529.995;-237.307;476.577
0.14725;0.371911;0;-165.151;513.544;-229.937;461.776
0.142565;0.373732;0;-159.779;497.083;-222.563;446.966
0.137857;0.375494;0;-154.404;480.617;-215.186;432.151
0.133128;0.377196;0;-149.029;464.147;-207.807;417.333
0.128377;0.378839;0;-143.653;447.676;-200.428;402.514
0.123607;0.380423;0;-138.278;431.206;-193.05;387.696
0.118817;0.381946;0;-133.04;415.065;-185.821;373.18
0.114008;0.383409;0;-127.547;398.036;-178.198;357.871
0.109181;0.384811;0;-122.051;381;-170.572;342.555
0.104337;0.386153;0;-116.554;363.959;-162.944;327.236
0.099476;0.387433;0;-111.057;346.916;-155.315;311.914
0.0945996;0.388653;0;-105.559;329.874;-147.686;296.593
0.0897083;0.389811;0;-100.063;312.835;-140.058;281.275
0.0848028;0.390907;0;-94.5683;295.802;-132.434;265.962
0.079884;0.391942;0;-89.0766;278.778;-124.813;250.658
0.0749525;0.392915;0;-83.5887;261.765;-117.197;235.363
0.0700092;0.393826;0;-78.1053;244.767;-109.587;220.081
0.0650549;0.394674;0;-72.6272;227.785;-101.985;204.814
0.0600902;0.395461;0;-67.1555;210.822;-94.3921;189.565
0.0551161;0.396185;0;-61.6909;193.882;-86.8088;174.336
0.0501333;0.396846;0;-56.1108;176.398;-78.9727;158.599
0.0451426;0.397445;0;-50.5154;158.783;-71.0909;142.77
0.0401447;0.39798;0;-44.9135;141.148;-63.2001;126.923
0.0351405;0.398453;0;-39.3061;123.495;-55.3015;111.06
0.0301307;0.398864;0;-33.6941;105.828;-47.3964;95.1848
0.0251162;0.399211;0;-28.0783;88.1497;-39.486;79.2987
0.0200977;0.399495;0;-22.4597;70.462;-31.5717;63.4044
0.0150761;0.399716;0;-16.8391;52.7681;-23.6545;47.5047
0.010052;0.399874;0;-11.2174;35.0708;-15.7358;31.6018
0.00502642;0.399968;0;-5.59557;17.3729;-7.81691;15.6985
2.44929e-17;0.4;0;0.0255902;-0.322791;0.101042;-0.202919
-0.00502642;0.399968;0;5.64517;-18.0135;8.01676;-16.0998
-0.010052;0.399874;0;11.2623;-35.6964;15.929;-31.9897
-0.0150761;0.399716;0;16.876;-53.3687;23.8365;-47.8701
-0.0200977;0.399495;0;22.4855;-71.0277;31.738;-63.7385
-0.0251162;0.399211;0;28.0899;-88.6705;39.6323;-79.5924
-0.0301307;0.398864;0;33.6883;-106.294;47.5181;-95.4292
-0.0351405;0.398453;0;39.2623;-123.668;55.3267;-111.111
-0.0401447;0.39798;0;44.8314;-140.919;63.0897;-126.701
-0.0451426;0.397445;0;50.3705;-158.257;70.8436;-142.273
-0.0501333;0.396846;0;55.9142;-175.609;78.6037;-157.857
-0.0551161;0.396185;0;61.4615;-192.972;86.3688;-173.452
-0.0600902;0.395461;0;67.0115;-210.343;94.1376;-189.054
-0.0650549;0.394674;0;72.5635;-227.72;101.909;-204.661
-0.0700092;0.393826;0;78.1165;-245.1;109.682;-220.271
-0.0749525;0.392915;0;83.6695;-262.48;117.455;-235.881
-0.079884;0.391942;0;89.2219;-279.857;125.226;-251.489
-0.0848028;0.390907;0;94.7726;-297.228;132.996;-267.092
-0.0897083;0.389811;0;100.321;-314.591;140.762;-282.687
-0.0945996;0.388653;0;105.866;-331.944;148.523;-298.273
-0.099476;0.387433;0;111.406;-349.283;156.277;-313.848
-0.104337;0.386153;0;116.909;-366.271;163.914;-329.184
-0.109181;0.384811;0;122.317;-382.71;171.321;-344.059
-0.114008;0.383409;0;127.661;-399.077;178.647;-358.771
-0.118817;0.381946;0;133.009;-415.455;185.978;-373.494
-0.123607;0.380423;0;138.361;-431.843;193.313;-388.225
-0.128377;0.378839;0;143.715;-448.239;200.652;-402.964
-0.133128;0.377196;0;149.071;-464.639;207.993;-417.707
-0.137857;0.375494;0;154.428;-481.042;215.336;-432.452
-0.142565;0.373732;0;159.785;-497.443;222.678;-447.197
-0.14725;0.371911;0;165.141;-513.842;230.019;-461.939
-0.151912;0.370031;0;170.48;-530.154;237.327;-476.617
-0.156549;0.368093;0;175.823;-546.49;244.64;-491.303
-0.161163;0.366096;0;181.162;-562.819;251.949;-505.981
-0.16575;0.364042;0;186.498;-579.136;259.253;-520.649
-0.170312;0.361931;0;191.83;-595.441;266.55;-535.305
-0.174846;0.359762;0;196.983;-611.114;273.533;-549.328
-0.179353;0.357537;0;201.996;-625.938;280.181;-562.68
-0.183832;0.355255;0;207.012;-640.773;286.835;-576.042
-0.188282;0.352916;0;212.031;-655.619;293.493;-589.413
-0.192701;0.350523;0;217.052;-670.471;300.153;-602.789
-0.197091;0.348074;0;222.075;-685.328;306.816;-616.169
-0.201449;0.345569;0;227.098;-700.188;313.479;-629.551
-0.205776;0.343011;0;232.121;-715.048;320.142;-642.933
-0.21007;0.340398;0;237.143;-729.906;326.804;-656.312
-0.214331;0.337731;0;242.163;-744.76;333.464;-669.686
-0.218558;0.335011;0;247.181;-759.606;340.12;-683.054
-0.22275;0.332238;0;252.126;-774.281;346.678;-696.223
-0.226908;0.329413;0;256.978;-788.832;353.109;-709.138
-0.231029;0.326536;0;261.5;-801.76;358.91;-720.789
-0.235114;0.323607;0;266.085;-814.863;364.792;-732.6
-0.239162;0.320627;0;270.673;-827.974;370.677;-744.42
-0.243172;0.317596;0;275.263;-841.093;376.566;-756.246
-0.247144;0.314515;0;279.854;-854.217;382.456;-768.075
-0.251077;0.311385;0;284.447;-867.344;388.348;-779.907
-0.25497;0.308205;0;289.039;-880.471;394.24;-791.74
-0.258822;0.304977;0;293.631;-893.598;400.131;-803.571
-0.262634;0.301701;0;298.222;-906.721;406.02;-815.398
-0.266405;0.298376;0;302.81;-919.838;411.907;-827.221
-0.270133;0.295005;0;307.395;-932.949;417.79;-839.036
-0.273819;0.291587;0;311.978;-946.049;423.669;-850.842
-0.277461;0.288124;0;316.306;-958.4;429.17;-861.89
-0.28106;0.284614;0;320.448;-970.08;434.373;-872.339
-0.284614;0.28106;0;324.484;-981.25;439.386;-882.407
-0.288124;0.277461;0;328.523;-992.426;444.402;-892.479
-0.291587;0.273819;0;332.562;-1003.61;449.419;-902.554
-0.295005;0.270133;0;336.601;-1014.79;454.436;-912.631
-0.298376;0.266405;0;340.641;-1025.97;459.453;-922.707
-0.301701;0.262634;0;344.679;-1037.15;464.47;-932.781
-0.304977;0.258822;0;348.716;-1048.33;469.484;-942.851
-0.308205;0.25497;0;352.751;-1059.5;474.496;-952.917
-0.311385;0.251077;0;356.783;-1070.67;479.505;-962.976
-0.314515;0.247144;0;360.812;-1081.83;484.509;-973.026
-0.317596;0.243172;0;364.57;-1092.29;489.161;-982.368
-0.320627;0.239162;0;367.88;-1101.14;493.136;-990.35
-0.323607;0.235114;0;371.191;-1110.01;497.114;-998.339
-0.326536;0.231029;0;374.505;-1118.88;501.094;-1006.33
-0.329413;0.226908;0;377.819;-1127.76;505.076;-1014.33
-0.332238;0.22275;0;381.135;-1136.64;509.059;-1022.33
-0.335011;0.218558;0;384.451;-1145.52;513.043;-1030.33
-0.337731;0.214331;0;387.727;-1154.3;516.967;-1038.21
-0.340398;0.21007;0;391.018;-1163.05;520.892;-1046.09
-0.343011;0.205776;0;394.309;-1171.79;524.817;-1053.98
-0.345569;0.201449;0;397.599;-1180.54;528.741;-1061.85
-0.348074;0.197091;0;400.887;-1189.27;532.662;-1069.73
-0.350523;0.192701;0;404.174;-1198;536.581;-1077.6
-0.352916;0.188282;0;407.458;-1206.72;540.497;-1085.46
-0.355255;0.183832;0;410.479;-1214.53;544.023;-1092.55
-0.357537;0.179353;0;412.951;-1220.95;546.9;-1098.32
-0.359762;0.174846;0;415.431;-1227.38;549.788;-1104.12
-0.361931;0.170312;0;417.913;-1233.82;552.677;-1109.92
-0.364042;0.16575;0;420.396;-1240.26;555.566;-1115.73
-0.366096;0.161163;0;422.88;-1246.7;558.455;-1121.53
-0.368093;0.156549;0;425.363;-1253.13;561.343;-1127.33
-0.370031;0.151912;0;427.846;-1259.57;564.23;-1133.13
-0.371911;0.14725;0;430.329;-1265.99;567.116;-1138.92
-0.373732;0.142565;0;432.81;-1272.41;570;-1144.71
-0.375494;0.137857;0;435.29;-1278.83;572.881;-1150.5
-0.377196;0.133128;0;437.691;-1285.02;575.675;-1156.11
-0.378839;0.128377;0;439.375;-1289.3;577.608;-1159.99
-0.380423;0.123607;0;440.937;-1293.27;579.391;-1163.57
-0.381946;0.118817;0;442.5;-1297.25;581.175;-1167.16
-0.383409;0.114008;0;444.065;-1301.22;582.96;-1170.74
-0.384811;0.109181;0;445.63;-1305.2;584.746;-1174.33
-0.386153;0.104337;0;447.196;-1309.18;586.532;-1177.92
-0.387433;0.099476;0;448.762;-1313.15;588.319;-1181.5
-0.388653;0.0945996;0;450.328;-1317.13;590.105;-1185.09
-0.389811;0.0897083;0;451.894;-1321.1;591.89;-1188.68
-0.390907;0.0848028;0;453.46;-1325.07;593.675;-1192.26
-0.391942;0.079884;0;455.025;-1329.04;595.459;-1195.84
-0.392915;0.0749525;0;456.589;-1333.01;597.242;-1199.42
-0.393826;0.0700092;0;458.152;-1336.97;599.022;-1203
-0.394674;0.0650549;0;459.701;-1340.89;600.787;-1206.54
-0.395461;0.0600902;0;460.321;-1342.44;601.484;-1207.94
-0.396185;0.0551161;0;460.834;-1343.75;602.07;-1209.12
-0.396846;0.0501333;0;461.347;-1345.05;602.656;-1210.3
-0.397445;0.0451426;0;461.861;-1346.36;603.241;-1211.47
-0.39798;0.0401447;0;462.376;-1347.67;603.827;-1212.65
-0.398453;0.0351405;0;462.892;-1348.9;604.398;-1213.8
-0.398864;0.0301307;0;463.394;-1350.12;604.952;-1214.91
-0.399211;0.0251162;0;463.891;-1351.34;605.501;-1216.01
-0.399495;0.0200977;0;464.387;-1352.56;606.05;-1217.11
-0.399716;0.0150761;0;464.882;-1353.78;606.598;-1218.21
-0.399874;0.010052;0;465.376;-1355;607.146;-1219.31
-0.399968;0.00502642;0;465.87;-1356.21;607.692;-1220.41
-0.4;4.89859e-17;0;466.363;-1357.43;608.238;-1221.51
-0.399968;-0.00502642;0;466.024;-1356.59;607.86;-1220.75
-0.399874;-0.010052;0;465.509;-1355.3;607.284;-1219.59
-0.399716;-0.0150761;0;464.993;-1354.02;606.708;-1218.43
-0.399495;-0.0200977;0;464.476;-1352.73;606.131;-1217.27
-0.399211;-0.0251162;0;463.959;-1351.45;605.553;-1216.11
-0.398864;-0.0301307;0;463.441;-1350.16;604.975;-1214.95
-0.398453;-0.0351405;0;462.923;-1348.88;604.396;-1213.79
-0.39798;-0.0401447;0;462.404;-1347.59;603.817;-1212.63
-0.397445;-0.0451426;0;461.884;-1346.31;603.238;-1211.47
-0.396846;-0.0501333;0;461.365;-1345.02;602.658;-1210.3
-0.396185;-0.0551161;0;460.845;-1343.74;602.079;-1209.14
-0.395461;-0.0600902;0;460.325;-1342.46;601.499;-1207.97
-0.394674;-0.0650549;0;459.804;-1341.17;600.918;-1206.81
-0.393826;-0.0700092;0;458.302;-1337.33;599.197;-1203.35
-0.392915;-0.0749525;0;456.763;-1333.4;597.433;-1199.81
-0.391942;-0.079884;0;455.223;-1329.46;595.667;-1196.26
-0.390907;-0.0848028;0;453.681;-1325.52;593.899;-1192.71
-0.389811;-0.0897083;0;452.138;-1321.58;592.131;-1189.16
-0.388653;-0.0945996;0;450.595;-1317.64;590.361;-1185.61
-0.387433;-0.099476;0;449.05;-1313.7;588.591;-1182.05
-0.386153;-0.104337;0;447.506;-1309.76;586.821;-1178.5
-0.384811;-0.109181;0;445.961;-1305.82;585.051;-1174.94
-0.383409;-0.114008;0;444.416;-1301.88;583.281;-1171.39
-0.381946;-0.118817;0;442.872;-1297.94;581.512;-1167.83
-0.380423;-0.123607;0;441.328;-1294.01;579.744;-1164.28
-0.378839;-0.128377;0;439.705;-1289.87;577.884;-1160.55
-0.377196;-0.133128;0;437.374;-1283.91;575.215;-1155.19
-0.375494;-0.137857;0;435.041;-1277.95;572.545;-1149.82
-0.373732;-0.142565;0;432.706;-1271.99;569.873;-1144.46
-0.371911;-0.14725;0;430.216;-1265.49;566.938;-1138.56
-0.370031;-0.151912;0;427.707;-1258.88;563.966;-1132.6
-0.368093;-0.156549;0;425.198;-1252.26;560.992;-1126.62
-0.366096;-0.161163;0;422.687;-1245.63;558.018;-1120.65
-0.364042;-0.16575;0;420.177;-1239.01;555.042;-1114.68
-0.361931;-0.170312;0;417.666;-1232.38;552.067;-1108.7
-0.359762;-0.174846;0;415.156;-1225.75;549.092;-1102.72
-0.357537;-0.179353;0;412.648;-1219.13;546.117;-1096.75
-0.355255;-0.183832;0;409.746;-1211.71;542.745;-1089.98
-0.352916;-0.188282;0;406.776;-1204.12;539.294;-1083.05
-0.350523;-0.192701;0;403.701;-1196.09;535.676;-1075.78
-0.348074;-0.197091;0;400.459;-1187.53;531.84;-1068.08
-0.345569;-0.201449;0;397.216;-1178.97;528.001;-1060.37
-0.343011;-0.205776;0;393.972;-1170.41;524.161;-1052.66
-0.340398;-0.21007;0;390.727;-1161.84;520.32;-1044.94
-0.337731;-0.214331;0;387.483;-1153.27;516.48;-1037.23
-0.335011;-0.218558;0;384.239;-1144.71;512.639;-1029.52
-0.332238;-0.22275;0;380.997;-1136.14;508.801;-1021.81
-0.329413;-0.226908;0;377.756;-1127.58;504.963;-1014.1
-0.326536;-0.231029;0;374.485;-1118.71;501.007;-1006.16
-0.323607;-0.235114;0;371.168;-1109.74;496.996;-998.102
-0.320627;-0.239162;0;367.853;-1100.79;492.987;-990.051
-0.317596;-0.243172;0;364.536;-1091.78;488.964;-981.972
-0.314515;-0.247144;0;360.747;-1081.17;484.263;-972.532
-0.311385;-0.251077;0;356.713;-1069.99;479.25;-962.463
-0.308205;-0.25497;0;352.676;-1058.81;474.232;-952.386
-0.304977;-0.258822;0;348.636;-1047.62;469.211;-942.302
-0.301701;-0.262634;0;344.594;-1036.42;464.187;-932.213
-0.298376;-0.266405;0;340.55;-1025.23;459.161;-922.12
-0.295005;-0.270133;0;336.506;-1014.03;454.135;-912.025
-0.291587;-0.273819;0;332.461;-1002.83;449.108;-901.93
-0.288124;-0.277461;0;328.416;-991.629;444.082;-891.837
-0.284614;-0.28106;0;324.373;-980.435;439.057;-881.745
-0.28106;-0.284614;0;320.331;-969.247;434.034;-871.659
-0.277461;-0.288124;0;316.124;-957.299;428.726;-860.998
-0.273819;-0.291587;0;311.826;-945.06;423.293;-850.088
-0.270133;-0.295005;0;307.353;-932.333;417.578;-838.609
-0.266405;-0.298376;0;302.78;-919.309;411.729;-826.864
-0.262634;-0.301701;0;298.206;-906.28;405.878;-815.112
-0.258822;-0.304977;0;293.629;-893.246;400.024;-803.357
-0.25497;-0.308205;0;289.052;-880.21;394.17;-791.599
-0.251077;-0.311385;0;284.474;-867.174;388.315;-779.842
-0.247144;-0.314515;0;279.898;-854.14;382.461;-768.086
-0.243172;-0.317596;0;275.322;-841.11;376.609;-756.333
-0.239162;-0.320627;0;270.748;-828.087;370.759;-744.585
-0.235114;-0.323607;0;266.177;-815.072;364.913;-732.845
-0.231029;-0.326536;0;261.61;-802.067;359.072;-721.114
-0.226908;-0.329413;0;256.985;-788.573;353.057;-709.034
-0.22275;-0.332238;0;252.131;-774.052;346.632;-696.13
-0.218558;-0.335011;0;247.157;-759.341;340.036;-682.884
-0.214331;-0.337731;0;242.134;-744.488;333.375;-669.508
-0.21007;-0.340398;0;237.109;-729.628;326.711;-656.124
-0.205776;-0.343011;0;232.081;-714.764;320.044;-642.736
-0.201449;-0.345569;0;227.053;-699.897;313.377;-629.345
-0.197091;-0.348074;0;222.025;-685.03;306.709;-615.954
-0.192701;-0.350523;0;216.997;-670.166;300.041;-602.564
-0.188282;-0.352916;0;211.97;-655.306;293.376;-589.179
-0.183832;-0.355255;0;206.946;-640.454;286.714;-575.799
-0.179353;-0.357537;0;201.924;-625.61;280.055;-562.427
-0.174846;-0.359762;0;196.906;-610.779;273.402;-549.065
-0.170312;-0.361931;0;191.779;-595.093;266.449;-535.101
-0.16575;-0.364042;0;186.495;-578.969;259.231;-520.605
-0.161163;-0.366096;0;181.159;-562.687;251.936;-505.956
-0.156549;-0.368093;0;175.818;-546.395;244.637;-491.297
-0.151912;-0.370031;0;170.476;-530.095;237.334;-476.631
-0.14725;-0.371911;0;165.131;-513.79;230.029;-461.96
-0.142565;-0.373732;0;159.785;-497.483;222.722;-447.286
-0.137857;-0.375494;0;154.44;-481.176;215.415;-432.612
-0.133128;-0.377196;0;149.095;-464.871;208.11;-417.941
-0.128377;-0.378839;0;143.751;-448.572;200.807;-403.274
-0.123607;-0.380423;0;138.41;-432.28;193.507;-388.614
-0.118817;-0.381946;0;133.073;-415.999;186.211;-373.962
-0.114008;-0.383409;0;127.739;-399.73;178.921;-359.322
-0.109181;-0.384811;0;122.419;-383.481;171.644;-344.708
-0.104337;-0.386153;0;116.913;-366.272;163.958;-329.272
-0.099476;-0.387433;0;111.389;-349.057;156.251;-313.795
-0.0945996;-0.388653;0;105.863;-331.833;148.54;-298.309
-0.0897083;-0.389811;0;100.334;-314.602;140.826;-282.817
-0.0848028;-0.390907;0;94.808;-297.386;133.116;-267.333
-0.079884;-0.391942;0;89.2743;-280.134;125.391;-251.82
-0.0749525;-0.392915;0;83.7379;-262.869;117.662;-236.297
-0.0700092;-0.393826;0;78.2024;-245.606;109.934;-220.777
-0.0650549;-0.394674;0;72.6687;-228.348;102.208;-205.261
-0.0600902;-0.395461;0;67.1375;-211.098;94.4856;-189.753
-0.0551161;-0.396185;0;61.6099;-193.858;86.768;-174.254
-0.0501333;-0.396846;0;56.0227;-176.472;78.9546;-158.562
-0.0451426;-0.397445;0;50.4213;-158.839;71.0633;-142.714
-0.0401447;-0.39798;0;44.8167;-141.196;63.1675;-126.857
-0.0351405;-0.398453;0;39.2099;-123.545;55.2685;-110.994
-0.0301307;-0.398864;0;33.6107;-105.919;47.3804;-95.1527
-0.0251162;-0.399211;0;27.9987;-88.2508;39.4739;-79.2742
-0.0200977;-0.399495;0;22.3863;-70.5815;31.5668;-63.3947
-0.0150761;-0.399716;0;16.7745;-52.9139;23.6605;-47.5166
-0.010052;-0.399874;0;11.1641;-35.2506;15.7561;-31.6425
-0.00502642;-0.399968;0;5.55593;-17.5945;7.85496;-15.7749
-7.34788e-17;-0.4;0;-0.0490241;0.0516046;-0.0417188;0.0837827
0.00502642;-0.399968;0;-5.6139;17.5452;-7.87588;15.8169
0.010052;-0.399874;0;-11.2104;35.0762;-15.7403;31.6108
0.0150761;-0.399716;0;-16.8116;52.6218;-23.6113;47.4179
0.0200977;-0.399495;0;-22.4165;70.1792;-31.4876;63.2356
0.0251162;-0.399211;0;-28.0243;87.7457;-39.368;79.0615
0.0301307;-0.398864;0;-33.6341;105.318;-47.2512;94.8931
0.0351405;-0.398453;0;-39.2451;122.895;-55.1359;110.728
0.0401447;-0.39798;0;-44.8562;140.472;-63.021;126.563
0.0451426;-0.397445;0;-50.4667;158.047;-70.9051;142.397
0.0501333;-0.396846;0;-56.0756;175.617;-78.7871;158.226
0.0551161;-0.396185;0;-61.6257;193.319;-86.6268;173.97
0.0600902;-0.395461;0;-67.1945;211.088;-94.4938;189.769
0.0650549;-0.394674;0;-72.6411;228.186;-102.122;205.089
0.0700092;-0.393826;0;-78.1754;245.546;-109.87;220.649
0.0749525;-0.392915;0;-83.7103;262.908;-117.619;236.211
0.079884;-0.391942;0;-89.2448;280.27;-125.368;251.772
0.0848028;-0.390907;0;-94.6819;297.212;-132.946;266.992
0.0897083;-0.389811;0;-100.19;314.232;-140.584;282.332
0.0945996;-0.388653;0;-105.7;331.256;-148.225;297.675
0.099476;-0.387433;0;-111.211;348.281;-155.866;313.02
0.104337;-0.386153;0;-116.721;365.305;-163.506;328.365
0.109181;-0.384811;0;-122.23;382.326;-171.145;343.706
0.114008;-0.383409;0;-127.738;399.34;-178.781;359.041
0.118817;-0.381946;0;-133.01;415.544;-186.036;373.61
0.123607;-0.380423;0;-138.348;431.91;-193.351;388.301
0.128377;-0.378839;0;-143.689;448.284;-200.67;402.999
0.133128;-0.377196;0;-149.032;464.664;-207.991;417.702
0.137857;-0.375494;0;-154.377;481.047;-215.314;432.409
0.142565;-0.373732;0;-159.721;497.43;-222.637;447.116
0.14725;-0.371911;0;-165.065;513.812;-229.96;461.822
0.151912;-0.370031;0;-170.408;530.189;-237.28;476.523
0.156549;-0.368093;0;-175.749;546.558;-244.598;491.219
0.161163;-0.366096;0;-181.087;562.919;-251.911;505.906
0.16575;-0.364042;0;-186.42;579.266;-259.219;520.582
0.170312;-0.361931;0;-191.706;595.219;-266.392;534.987
0.174846;-0.359762;0;-196.896;610.602;-273.338;548.937
0.179353;-0.357537;0;-201.922;625.546;-280.022;562.36
0.183832;-0.355255;0;-206.951;640.5;-286.71;575.792
0.188282;-0.352916;0;-211.984;655.461;-293.402;589.231
0.192701;-0.350523;0;-217.018;670.426;-300.096;602.675
0.197091;-0.348074;0;-222.053;685.393;-306.792;616.121
0.201449;-0.345569;0;-227.089;700.361;-313.487;629.567
0.205776;-0.343011;0;-232.125;715.326;-320.182;643.012
0.21007;-0.340398;0;-237.159;730.286;-326.874;656.452
0.214331;-0.337731;0;-242.191;745.239;-333.564;669.887
0.218558;-0.335011;0;-247.22;760.182;-340.25;683.314
0.22275;-0.332238;0;-252.246;775.113;-346.93;696.73
0.226908;-0.329413;0;-257.135;789.199;-353.303;709.528
0.231029;-0.326536;0;-261.713;802.318;-359.175;721.321
0.235114;-0.323607;0;-266.295;815.448;-365.053;733.125
0.239162;-0.320627;0;-270.88;828.586;-370.934;744.936
0.243172;-0.317596;0;-275.468;841.731;-376.818;756.753
0.247144;-0.314515;0;-280.057;854.879;-382.705;768.575
0.251077;-0.311385;0;-284.648;868.03;-388.592;780.398
0.25497;-0.308205;0;-289.239;881.18;-394.48;792.222
0.258822;-0.304977;0;-293.829;894.329;-400.367;804.045
0.262634;-0.301701;0;-298.418;907.473;-406.252;815.864
0.266405;-0.298376;0;-303.006;920.611;-412.135;827.679
0.270133;-0.295005;0;-307.591;933.741;-418.014;839.486
0.273819;-0.291587;0;-312.172;946.86;-423.889;851.284
0.277461;-0.288124;0;-316.693;959.688;-429.65;862.854
0.28106;-0.284614;0;-320.815;971.06;-434.766;873.128
0.284614;-0.28106;0;-324.834;982.154;-439.738;883.112
0.288124;-0.277461;0;-328.855;993.252;-444.711;893.101
0.291587;-0.273819;0;-332.878;1004.35;-449.687;903.094
0.295005;-0.270133;0;-336.902;1015.46;-454.664;913.088
0.298376;-0.266405;0;-340.927;1026.56;-459.641;923.083
0.301701;-0.262634;0;-344.952;1037.66;-464.617;933.077
0.304977;-0.258822;0;-348.976;1048.75;-469.592;943.069
0.308205;-0.25497;0;-352.998;1059.84;-474.565;953.056
0.311385;-0.251077;0;-357.019;1070.93;-479.535;963.037
0.314515;-0.247144;0;-361.037;1082;-484.502;973.011
0.317596;-0.243172;0;-364.943;1092.61;-489.29;982.628
0.320627;-0.239162;0;-368.245;1101.41;-493.24;990.559
0.323607;-0.235114;0;-371.551;1110.22;-497.193;998.498
0.326536;-0.231029;0;-374.859;1119.03;-501.148;1006.44
0.329413;-0.226908;0;-378.169;1127.85;-505.106;1014.39
0.332238;-0.22275;0;-381.48;1136.66;-509.065;1022.34
0.335011;-0.218558;0;-384.793;1145.49;-513.024;1030.29
0.337731;-0.214331;0;-388.106;1154.3;-516.984;1038.24
0.340398;-0.21007;0;-391.419;1163.12;-520.944;1046.2
0.343011;-0.205776;0;-394.731;1171.94;-524.902;1054.15
0.345569;-0.201449;0;-398.042;1180.75;-528.859;1062.09
0.348074;-0.197091;0;-401.351;1189.55;-532.813;1070.03
0.350523;-0.192701;0;-404.658;1198.35;-536.764;1077.97
0.352916;-0.188282;0;-407.962;1207.14;-540.712;1085.9
0.355255;-0.183832;0;-410.866;1214.72;-544.132;1092.76
0.357537;-0.179353;0;-413.335;1221.14;-547.022;1098.57
0.359762;-0.174846;0;-415.807;1227.57;-549.913;1104.38
0.361931;-0.170312;0;-418.214;1233.67;-552.678;1109.93
0.364042;-0.16575;0;-420.607;1239.75;-555.423;1115.44
0.366096;-0.161163;0;-423;1245.84;-558.169;1120.95
0.368093;-0.156549;0;-425.393;1251.93;-560.915;1126.47
0.370031;-0.151912;0;-427.786;1258.02;-563.661;1131.98
0.371911;-0.14725;0;-430.178;1264.12;-566.406;1137.5
0.373732;-0.142565;0;-432.569;1270.21;-569.151;1143.01
0.375494;-0.137857;0;-434.959;1276.3;-571.894;1148.52
0.377196;-0.133128;0;-437.347;1282.38;-574.635;1154.02
0.378839;-0.128377;0;-439.695;1288.48;-577.362;1159.5
0.380423;-0.123607;0;-441.765;1294.01;-579.816;1164.43
0.381946;-0.118817;0;-443.256;1297.94;-581.571;1167.95
0.383409;-0.114008;0;-444.747;1301.86;-583.328;1171.48
0.384811;-0.109181;0;-446.239;1305.79;-585.084;1175.01
0.386153;-0.104337;0;-447.669;1309.55;-586.752;1178.36
0.387433;-0.099476;0;-449.03;1312.9;-588.256;1181.38
0.388653;-0.0945996;0;-450.391;1316.24;-589.76;1184.4
0.389811;-0.0897083;0;-451.753;1319.59;-591.264;1187.42
0.390907;-0.0848028;0;-453.115;1322.93;-592.769;1190.44
0.391942;-0.079884;0;-454.478;1326.27;-594.273;1193.46
0.392915;-0.0749525;0;-455.84;1329.61;-595.776;1196.48
0.393826;-0.0700092;0;-457.202;1332.95;-597.279;1199.5
0.394674;-0.0650549;0;-458.563;1336.28;-598.781;1202.52
0.395461;-0.0600902;0;-459.924;1339.61;-600.282;1205.53
0.396185;-0.0551161;0;-460.709;1341.63;-601.19;1207.35
0.396846;-0.0501333;0;-461.266;1343.13;-601.866;1208.71
0.397445;-0.0451426;0;-461.823;1344.62;-602.542;1210.07
0.39798;-0.0401447;0;-462.257;1345.66;-603.018;1211.02
0.398453;-0.0351405;0;-462.583;1346.34;-603.329;1211.65
0.398864;-0.0301307;0;-462.909;1347.03;-603.64;1212.27
0.399211;-0.0251162;0;-463.235;1347.72;-603.95;1212.9
0.399495;-0.0200977;0;-463.561;1348.41;-604.261;1213.52
0.399716;-0.0150761;0;-463.888;1349.1;-604.572;1214.14
0.399874;-0.010052;0;-464.214;1349.79;-604.883;1214.77
0.399968;-0.00502642;0;-464.54;1350.48;-605.194;1215.39
