0.4;0;0;-464.915;1329.28;-605.499;1216.01
0.399968;0.00502642;0;-464.683;1328.51;-605.176;1215.36
0.399874;0.010052;0;-464.446;1327.73;-604.846;1214.69
0.399716;0.0150761;0;-464.209;1326.95;-604.516;1214.03
0.399495;0.0200977;0;-463.972;1326.16;-604.186;1213.37
0.399211;0.0251162;0;-463.734;1325.38;-603.857;1212.71
0.398864;0.0301307;0;-463.497;1324.6;-603.527;1212.05
0.398453;0.0351405;0;-463.26;1323.81;-603.197;1211.38
0.39798;0.0401447;0;-463.023;1323.03;-602.868;1210.72
0.397445;0.0451426;0;-462.55;1321.69;-602.262;1209.51
0.396846;0.0501333;0;-461.963;1320.02;-601.511;1208
0.396185;0.0551161;0;-461.377;1318.35;-600.76;1206.49
0.395461;0.0600902;0;-460.791;1316.68;-600.009;1204.98
0.394674;0.0650549;0;-459.639;1313.71;-598.657;1202.27
0.393826;0.0700092;0;-458.373;1310.46;-597.179;1199.3
0.392915;0.0749525;0;-457.105;1307.21;-595.699;1196.33
0.391942;0.079884;0;-455.837;1303.96;-594.219;1193.35
0.390907;0.0848028;0;-454.569;1300.7;-592.738;1190.38
0.389811;0.0897083;0;-453.301;1297.45;-591.257;1187.4
0.388653;0.0945996;0;-452.034;1294.19;-589.777;1184.43
0.387433;0.099476;0;-450.767;1290.94;-588.296;1181.46
0.386153;0.104337;0;-449.446;1287.48;-586.735;1178.32
0.384811;0.109181;0;-447.902;1283.48;-584.911;1174.66
0.383409;0.114008;0;-446.358;1279.48;-583.087;1171
0.381946;0.118817;0;-444.814;1275.48;-581.263;1167.33
0.380423;0.123607;0;-443.271;1271.49;-579.441;1163.67
0.378839;0.128377;0;-441.242;1266.23;-577.048;1158.87
0.377196;0.133128;0;-438.901;1260.16;-574.287;1153.32
0.375494;0.137857;0;-436.535;1254.19;-571.544;1147.81
0.373732;0.142565;0;-434.168;1248.23;-568.8;1142.3
0.371911;0.14725;0;-431.799;1242.26;-566.055;1136.79
0.370031;0.151912;0;-429.43;1236.29;-563.308;1131.28
0.368093;0.156549;0;-427.06;1230.32;-560.562;1125.76
0.366096;0.161163;0;-424.69;1224.36;-557.815;1120.24
0.364042;0.16575;0;-422.32;1218.39;-555.069;1114.73
0.361931;0.170312;0;-419.95;1212.42;-552.323;1109.21
0.359762;0.174846;0;-417.582;1206.46;-549.579;1103.7
0.357537;0.179353;0;-415.214;1200.51;-546.836;1098.2
0.355255;0.183832;0;-412.848;1194.56;-544.096;1092.69
0.352916;0.188282;0;-410.001;1187.25;-540.748;1085.97
0.350523;0.192701;0;-406.667;1178.64;-536.805;1078.05
0.348074;0.197091;0;-403.331;1170.03;-532.858;1070.12
0.345569;0.201449;0;-399.992;1161.41;-528.909;1062.19
0.343011;0.205776;0;-396.65;1152.78;-524.957;1054.26
0.340398;0.21007;0;-393.307;1144.16;-521.004;1046.32
0.337731;0.214331;0;-389.963;1135.53;-517.05;1038.38
0.335011;0.218558;0;-386.619;1126.9;-513.095;1030.43
0.332238;0.22275;0;-383.274;1118.27;-509.14;1022.49
0.329413;0.226908;0;-379.93;1109.65;-505.186;1014.55
0.326536;0.231029;0;-376.587;1101.02;-501.234;1006.61
0.323607;0.235114;0;-373.238;1092.41;-497.279;998.67
0.320627;0.239162;0;-369.885;1083.76;-493.312;990.704
0.317596;0.243172;0;-366.536;1075.11;-489.349;982.745
0.314515;0.247144;0;-362.743;1065.08;-484.765;973.539
0.311385;0.251077;0;-358.684;1054.21;-479.805;963.578
0.308205;0.25497;0;-354.623;1043.33;-474.841;953.61
0.304977;0.258822;0;-350.558;1032.43;-469.873;943.631
0.301701;0.262634;0;-346.492;1021.51;-464.897;933.638
0.298376;0.266405;0;-342.42;1010.58;-459.916;923.635
0.295005;0.270133;0;-338.341;999.647;-454.929;913.62
0.291587;0.273819;0;-334.262;988.714;-449.942;903.606
0.288124;0.277461;0;-330.184;977.784;-444.956;893.593
0.284614;0.28106;0;-326.107;966.858;-439.972;883.583
0.28106;0.284614;0;-322.032;955.938;-434.99;873.578
0.277461;0.288124;0;-317.91;944.803;-429.918;863.391
0.273819;0.291587;0;-313.307;931.897;-424.05;851.608
0.270133;0.295005;0;-308.7;918.98;-418.178;839.814
0.266405;0.298376;0;-304.09;906.054;-412.3;828.011
0.262634;0.301701;0;-299.476;893.12;-406.42;816.2
0.258822;0.304977;0;-294.861;880.181;-400.536;804.385
0.25497;0.308205;0;-290.244;867.239;-394.651;792.566
0.251077;0.311385;0;-285.622;854.298;-388.763;780.742
0.247144;0.314515;0;-280.999;841.357;-382.875;768.916
0.243172;0.317596;0;-276.376;828.397;-376.981;757.08
0.239162;0.320627;0;-271.754;815.44;-371.09;745.249
0.235114;0.323607;0;-267.134;802.49;-365.201;733.423
0.231029;0.326536;0;-262.518;789.548;-359.317;721.605
0.226908;0.329413;0;-257.906;776.616;-353.437;709.797
0.22275;0.332238;0;-253.072;762.766;-347.135;697.141
0.218558;0.335011;0;-248.043;748.058;-340.45;683.717
0.214331;0.337731;0;-243.011;733.338;-333.761;670.282
0.21007;0.340398;0;-237.975;718.609;-327.067;656.839
0.205776;0.343011;0;-232.937;703.872;-320.37;643.39
0.201449;0.345569;0;-227.898;689.131;-313.671;629.937
0.197091;0.348074;0;-222.858;674.388;-306.971;616.482
0.192701;0.350523;0;-217.818;659.644;-300.272;603.027
0.188282;0.352916;0;-212.78;644.903;-293.573;589.574
0.183832;0.355255;0;-207.743;630.166;-286.877;576.126
0.179353;0.357537;0;-202.708;615.436;-280.184;562.685
0.174846;0.359762;0;-197.678;600.716;-273.495;549.252
0.170312;0.361931;0;-192.594;585.785;-266.698;535.602
0.16575;0.364042;0;-187.258;569.709;-259.383;520.911
0.161163;0.366096;0;-181.898;553.55;-252.031;506.147
0.156549;0.368093;0;-176.532;537.374;-244.673;491.369
0.151912;0.370031;0;-171.162;521.184;-237.307;476.577
0.14725;0.371911;0;-165.788;504.984;-229.937;461.776
0.142565;0.373732;0;-160.411;488.774;-222.563;446.966
0.137857;0.375494;0;-155.032;472.559;-215.186;432.151
0.133128;0.377196;0;-149.652;456.34;-207.807;417.333
0.128377;0.378839;0;-144.272;440.12;-200.428;402.514
0.123607;0.380423;0;-138.892;423.901;-193.05;387.696
0.118817;0.381946;0;-133.665;408.021;-185.821;373.18
0.114008;0.383409;0;-128.203;391.284;-178.198;357.871
0.109181;0.384811;0;-122.738;374.54;-170.572;342.555
0.104337;0.386153;0;-117.272;357.79;-162.944;327.236
0.099476;0.387433;0;-111.805;341.039;-155.315;311.914
0.0945996;0.388653;0;-106.338;324.288;-147.686;296.593
0.0897083;0.389811;0;-100.873;307.541;-140.058;281.275
0.0848028;0.390907;0;-95.4088;290.799;-132.434;265.962
0.079884;0.391942;0;-89.9479;274.066;-124.813;250.658
0.0749525;0.392915;0;-84.4907;257.345;-117.197;235.363
0.0700092;0.393826;0;-79.0379;240.637;-109.587;220.081
0.0650549;0.394674;0;-73.5906;223.945;-101.985;204.814
0.0600902;0.395461;0;-68.1494;207.273;-94.3921;189.565
0.0551161;0.396185;0;-62.7154;190.622;-86.8088;174.336
0.0501333;0.396846;0;-57.1414;173.417;-78.9727;158.599
0.0451426;0.397445;0;-51.5336;156.133;-71.0909;142.77
0.0401447;0.39798;0;-45.9194;138.829;-63.2001;126.923
0.0351405;0.398453;0;-40.2997;121.508;-55.3015;111.06
0.0301307;0.398864;0;-34.6753;104.172;-47.3964;95.1848
0.0251162;0.399211;0;-29.0472;86.8249;-39.486;79.2987
0.0200977;0.399495;0;-23.4162;69.469;-31.5717;63.4044
0.0150761;0.399716;0;-17.7833;52.1071;-23.6545;47.5047
0.010052;0.399874;0;-12.1492;34.7418;-15.7358;31.6018
0.00502642;0.399968;0;-6.515;17.3759;-7.81691;15.6985
2.44929e-17;0.4;0;-0.88148;0.0122006;0.101042;-0.202919
-0.00502642;0.399968;0;4.75045;-17.3466;8.01676;-16.0998
-0.010052;0.399874;0;10.3799;-34.6978;15.929;-31.9897
-0.0150761;0.399716;0;16.006;-52.0386;23.8365;-47.8701
-0.0200977;0.399495;0;21.6278;-69.3663;31.738;-63.7385
-0.0251162;0.399211;0;27.2445;-86.6781;39.6323;-79.5924
-0.0301307;0.398864;0;32.8552;-103.971;47.5181;-95.4292
-0.0351405;0.398453;0;38.4047;-121.147;55.3267;-111.111
-0.0401447;0.39798;0;43.9517;-138.241;63.0897;-126.701
-0.0451426;0.397445;0;49.5341;-155.244;70.8436;-142.273
-0.0501333;0.396846;0;55.1209;-172.26;78.6037;-157.857
-0.0551161;0.396185;0;60.7113;-189.288;86.3688;-173.452
-0.0600902;0.395461;0;66.3044;-206.324;94.1376;-189.054
-0.0650549;0.394674;0;71.8993;-223.365;101.909;-204.661
-0.0700092;0.393826;0;77.4951;-240.41;109.682;-220.271
-0.0749525;0.392915;0;83.0909;-257.455;117.455;-235.881
-0.079884;0.391942;0;88.6859;-274.498;125.226;-251.489
-0.0848028;0.390907;0;94.2792;-291.535;132.996;-267.092
-0.0897083;0.389811;0;99.8698;-308.565;140.762;-282.687
-0.0945996;0.388653;0;105.457;-325.585;148.523;-298.273
-0.099476;0.387433;0;111.04;-342.591;156.277;-313.848
-0.104337;0.386153;0;116.542;-359.396;163.914;-329.184
-0.109181;0.384811;0;121.938;-375.727;171.321;-344.059
-0.114008;0.383409;0;127.334;-391.809;178.647;-358.771
-0.118817;0.381946;0;132.735;-407.903;185.978;-373.494
-0.123607;0.380423;0;138.138;-424.007;193.313;-388.225
-0.128377;0.378839;0;143.544;-440.119;200.652;-402.964
-0.133128;0.377196;0;148.952;-456.236;207.993;-417.707
-0.137857;0.375494;0;154.36;-472.355;215.336;-432.452
-0.142565;0.373732;0;159.768;-488.475;222.678;-447.197
-0.14725;0.371911;0;165.176;-504.591;230.019;-461.939
-0.151912;0.370031;0;170.556;-520.647;237.327;-476.617
-0.156549;0.368093;0;175.941;-536.703;244.64;-491.303
-0.161163;0.366096;0;181.324;-552.75;251.949;-505.981
-0.16575;0.364042;0;186.704;-568.786;259.253;-520.649
-0.170312;0.361931;0;192.079;-584.808;266.55;-535.305
-0.174846;0.359762;0;197.298;-600.094;273.533;-549.328
-0.179353;0.357537;0;202.335;-614.715;280.181;-562.68
-0.183832;0.355255;0;207.377;-629.347;286.835;-576.042
-0.188282;0.352916;0;212.421;-643.988;293.493;-589.413
-0.192701;0.350523;0;217.468;-658.634;300.153;-602.789
-0.197091;0.348074;0;222.517;-673.285;306.816;-616.169
-0.201449;0.345569;0;227.566;-687.937;313.479;-629.551
-0.205776;0.343011;0;232.616;-702.588;320.142;-642.933
-0.21007;0.340398;0;237.664;-717.236;326.804;-656.312
-0.214331;0.337731;0;242.711;-731.878;333.464;-669.686
-0.218558;0.335011;0;247.756;-746.513;340.12;-683.054
-0.22275;0.332238;0;252.75;-760.901;346.678;-696.223
-0.226908;0.329413;0;257.729;-774.908;353.109;-709.138
-0.231029;0.326536;0;262.269;-787.667;358.91;-720.789
-0.235114;0.323607;0;266.871;-800.605;364.792;-732.6
-0.239162;0.320627;0;271.475;-813.551;370.677;-744.42
-0.243172;0.317596;0;276.082;-826.504;376.566;-756.246
-0.247144;0.314515;0;280.691;-839.461;382.456;-768.075
-0.251077;0.311385;0;285.301;-852.42;388.348;-779.907
-0.25497;0.308205;0;289.911;-865.38;394.24;-791.74
-0.258822;0.304977;0;294.52;-878.337;400.131;-803.571
-0.262634;0.301701;0;299.129;-891.291;406.02;-815.398
-0.266405;0.298376;0;303.735;-904.238;411.907;-827.221
-0.270133;0.295005;0;308.339;-917.178;417.79;-839.036
-0.273819;0.291587;0;312.939;-930.108;423.669;-850.842
-0.277461;0.288124;0;317.305;-942.148;429.17;-861.89
-0.28106;0.284614;0;321.486;-953.533;434.373;-872.339
-0.284614;0.28106;0;325.541;-964.55;439.386;-882.407
-0.288124;0.277461;0;329.598;-975.571;444.402;-892.479
-0.291587;0.273819;0;333.657;-986.595;449.419;-902.554
-0.295005;0.270133;0;337.716;-997.62;454.436;-912.631
-0.298376;0.266405;0;341.776;-1008.64;459.453;-922.707
-0.301701;0.262634;0;345.835;-1019.66;464.47;-932.781
-0.304977;0.258822;0;349.892;-1030.68;469.484;-942.851
-0.308205;0.25497;0;353.948;-1041.69;474.496;-952.917
-0.311385;0.251077;0;358.002;-1052.69;479.505;-962.976
-0.314515;0.247144;0;362.052;-1063.69;484.509;-973.026
-0.317596;0.243172;0;365.867;-1073.85;489.161;-982.368
-0.320627;0.239162;0;369.188;-1082.57;493.136;-990.35
-0.323607;0.235114;0;372.511;-1091.3;497.114;-998.339
-0.326536;0.231029;0;375.837;-1100.04;501.094;-1006.33
-0.329413;0.226908;0;379.165;-1108.78;505.076;-1014.33
-0.332238;0.22275;0;382.494;-1117.52;509.059;-1022.33
-0.335011;0.218558;0;385.823;-1126.26;513.043;-1030.33
-0.337731;0.214331;0;389.112;-1134.84;516.967;-1038.21
-0.340398;0.21007;0;392.395;-1143.46;520.892;-1046.09
-0.343011;0.205776;0;395.678;-1152.08;524.817;-1053.98
-0.345569;0.201449;0;398.959;-1160.7;528.741;-1061.85
-0.348074;0.197091;0;402.238;-1169.31;532.662;-1069.73
-0.350523;0.192701;0;405.516;-1177.91;536.581;-1077.6
-0.352916;0.188282;0;408.79;-1186.51;540.497;-1085.46
-0.355255;0.183832;0;411.744;-1194.29;544.023;-1092.55
-0.357537;0.179353;0;414.215;-1200.59;546.9;-1098.32
-0.359762;0.174846;0;416.697;-1206.92;549.788;-1104.12
-0.361931;0.170312;0;419.179;-1213.25;552.677;-1109.92
-0.364042;0.16575;0;421.661;-1219.58;555.566;-1115.73
-0.366096;0.161163;0;424.142;-1225.91;558.455;-1121.53
-0.368093;0.156549;0;426.623;-1232.25;561.343;-1127.33
-0.370031;0.151912;0;429.103;-1238.58;564.23;-1133.13
-0.371911;0.14725;0;431.581;-1244.91;567.116;-1138.92
-0.373732;0.142565;0;434.057;-1251.23;570;-1144.71
-0.375494;0.137857;0;436.531;-1257.55;572.881;-1150.5
-0.377196;0.133128;0;438.924;-1263.69;575.675;-1156.11
-0.378839;0.128377;0;440.599;-1267.94;577.608;-1159.99
-0.380423;0.123607;0;442.156;-1271.84;579.391;-1163.57
-0.381946;0.118817;0;443.715;-1275.75;581.175;-1167.16
-0.383409;0.114008;0;445.273;-1279.66;582.96;-1170.74
-0.384811;0.109181;0;446.832;-1283.57;584.746;-1174.33
-0.386153;0.104337;0;448.392;-1287.48;586.532;-1177.92
-0.387433;0.099476;0;449.951;-1291.4;588.319;-1181.5
-0.388653;0.0945996;0;451.51;-1295.31;590.105;-1185.09
-0.389811;0.0897083;0;453.068;-1299.23;591.89;-1188.68
-0.390907;0.0848028;0;454.626;-1303.14;593.675;-1192.26
-0.391942;0.079884;0;456.182;-1307.05;595.459;-1195.84
-0.392915;0.0749525;0;457.737;-1310.96;597.242;-1199.42
-0.393826;0.0700092;0;459.291;-1314.86;599.022;-1203
-0.394674;0.0650549;0;460.83;-1318.73;600.787;-1206.54
-0.395461;0.0600902;0;461.435;-1320.26;601.484;-1207.94
-0.396185;0.0551161;0;461.943;-1321.54;602.07;-1209.12
-0.396846;0.0501333;0;462.451;-1322.83;602.656;-1210.3
-0.397445;0.0451426;0;462.958;-1324.11;603.241;-1211.47
-0.39798;0.0401447;0;463.465;-1325.39;603.827;-1212.65
-0.398453;0.0351405;0;463.952;-1326.67;604.398;-1213.8
-0.398864;0.0301307;0;464.431;-1327.9;604.952;-1214.91
-0.399211;0.0251162;0;464.908;-1329.1;605.501;-1216.01
-0.399495;0.0200977;0;465.385;-1330.31;606.05;-1217.11
-0.399716;0.0150761;0;465.862;-1331.51;606.598;-1218.21
-0.399874;0.010052;0;466.339;-1332.72;607.146;-1219.31
-0.399968;0.00502642;0;466.815;-1333.92;607.692;-1220.41
-0.4;4.89859e-17;0;467.291;-1335.11;608.238;-1221.51
-0.399968;-0.00502642;0;466.939;-1334.29;607.86;-1220.75
-0.399874;-0.010052;0;466.411;-1333.04;607.284;-1219.59
-0.399716;-0.0150761;0;465.882;-1331.79;606.708;-1218.43
-0.399495;-0.0200977;0;465.353;-1330.53;606.131;-1217.27
-0.399211;-0.0251162;0;464.823;-1329.28;605.553;-1216.11
-0.398864;-0.0301307;0;464.294;-1328.02;604.975;-1214.95
-0.398453;-0.0351405;0;463.764;-1326.76;604.396;-1213.79
-0.39798;-0.0401447;0;463.234;-1325.5;603.817;-1212.63
-0.397445;-0.0451426;0;462.705;-1324.23;603.238;-1211.47
-0.396846;-0.0501333;0;462.175;-1322.97;602.658;-1210.3
-0.396185;-0.0551161;0;461.646;-1321.7;602.079;-1209.14
-0.395461;-0.0600902;0;461.116;-1320.44;601.499;-1207.97
-0.394674;-0.0650549;0;460.586;-1319.16;600.918;-1206.81
-0.393826;-0.0700092;0;459.06;-1315.41;599.197;-1203.35
-0.392915;-0.0749525;0;457.496;-1311.57;597.433;-1199.81
-0.391942;-0.079884;0;455.931;-1307.72;595.667;-1196.26
-0.390907;-0.0848028;0;454.365;-1303.86;593.899;-1192.71
-0.389811;-0.0897083;0;452.798;-1300.01;592.131;-1189.16
-0.388653;-0.0945996;0;451.23;-1296.15;590.361;-1185.61
-0.387433;-0.099476;0;449.663;-1292.29;588.591;-1182.05
-0.386153;-0.104337;0;448.095;-1288.42;586.821;-1178.5
-0.384811;-0.109181;0;446.527;-1284.56;585.051;-1174.94
-0.383409;-0.114008;0;444.96;-1280.7;583.281;-1171.39
-0.381946;-0.118817;0;443.394;-1276.84;581.512;-1167.83
-0.380423;-0.123607;0;441.829;-1272.97;579.744;-1164.28
-0.378839;-0.128377;0;440.187;-1268.92;577.884;-1160.55
-0.377196;-0.133128;0;437.861;-1263.09;575.215;-1155.19
-0.375494;-0.137857;0;435.534;-1257.27;572.545;-1149.82
-0.373732;-0.142565;0;433.206;-1251.43;569.873;-1144.46
-0.371911;-0.14725;0;430.681;-1245;566.938;-1138.56
-0.370031;-0.151912;0;428.119;-1238.52;563.966;-1132.6
-0.368093;-0.156549;0;425.555;-1232.02;560.992;-1126.62
-0.366096;-0.161163;0;422.99;-1225.53;558.018;-1120.65
-0.364042;-0.16575;0;420.424;-1219.04;555.042;-1114.68
-0.361931;-0.170312;0;417.858;-1212.54;552.067;-1108.7
-0.359762;-0.174846;0;415.291;-1206.05;549.092;-1102.72
-0.357537;-0.179353;0;412.726;-1199.56;546.117;-1096.75
-0.355255;-0.183832;0;409.89;-1192.12;542.745;-1089.98
-0.352916;-0.188282;0;406.988;-1184.5;539.294;-1083.05
-0.350523;-0.192701;0;403.948;-1176.57;535.676;-1075.78
-0.348074;-0.197091;0;400.727;-1168.18;531.84;-1068.08
-0.345569;-0.201449;0;397.504;-1159.78;528.001;-1060.37
-0.343011;-0.205776;0;394.281;-1151.39;524.161;-1052.66
-0.340398;-0.21007;0;391.056;-1142.99;520.32;-1044.94
-0.337731;-0.214331;0;387.832;-1134.59;516.48;-1037.23
-0.335011;-0.218558;0;384.608;-1126.19;512.639;-1029.52
-0.332238;-0.22275;0;381.385;-1117.8;508.801;-1021.81
-0.329413;-0.226908;0;378.163;-1109.41;504.963;-1014.1
-0.326536;-0.231029;0;374.841;-1100.79;501.007;-1006.16
-0.323607;-0.235114;0;371.482;-1092.04;496.996;-998.102
-0.320627;-0.239162;0;368.126;-1083.28;492.987;-990.051
-0.317596;-0.243172;0;364.763;-1074.51;488.964;-981.972
-0.314515;-0.247144;0;360.91;-1064.3;484.263;-972.532
-0.311385;-0.251077;0;356.867;-1053.32;479.25;-962.463
-0.308205;-0.25497;0;352.82;-1042.33;474.232;-952.386
-0.304977;-0.258822;0;348.771;-1031.34;469.211;-942.302
-0.301701;-0.262634;0;344.719;-1020.33;464.187;-932.213
-0.298376;-0.266405;0;340.667;-1009.32;459.161;-922.12
-0.295005;-0.270133;0;336.614;-998.314;454.135;-912.025
-0.291587;-0.273819;0;332.561;-987.302;449.108;-901.93
-0.288124;-0.277461;0;328.509;-976.291;444.082;-891.837
-0.284614;-0.28106;0;324.458;-965.282;439.057;-881.745
-0.28106;-0.284614;0;320.409;-954.278;434.034;-871.659
-0.277461;-0.288124;0;316.187;-942.716;428.726;-860.998
-0.273819;-0.291587;0;311.873;-930.887;423.293;-850.088
-0.270133;-0.295005;0;307.428;-918.341;417.578;-838.609
-0.266405;-0.298376;0;302.884;-905.502;411.729;-826.864
-0.262634;-0.301701;0;298.337;-892.658;405.878;-815.112
-0.258822;-0.304977;0;293.789;-879.808;400.024;-803.357
-0.25497;-0.308205;0;289.24;-866.956;394.17;-791.599
-0.251077;-0.311385;0;284.691;-854.104;388.315;-779.842
-0.247144;-0.314515;0;280.143;-841.253;382.461;-768.086
-0.243172;-0.317596;0;275.596;-828.406;376.609;-756.333
-0.239162;-0.320627;0;271.052;-815.564;370.759;-744.585
-0.235114;-0.323607;0;266.51;-802.729;364.913;-732.845
-0.231029;-0.326536;0;261.972;-789.905;359.072;-721.114
-0.226908;-0.329413;0;257.328;-776.758;353.057;-709.034
-0.22275;-0.332238;0;252.405;-762.773;346.632;-696.13
-0.218558;-0.335011;0;247.458;-748.287;340.036;-682.884
-0.214331;-0.337731;0;242.465;-733.654;333.375;-669.508
-0.21007;-0.340398;0;237.47;-719.013;326.711;-656.124
-0.205776;-0.343011;0;232.473;-704.368;320.044;-642.736
-0.201449;-0.345569;0;227.475;-689.718;313.377;-629.345
-0.197091;-0.348074;0;222.477;-675.069;306.709;-615.954
-0.192701;-0.350523;0;217.48;-660.42;300.041;-602.564
-0.188282;-0.352916;0;212.485;-645.776;293.376;-589.179
-0.183832;-0.355255;0;207.491;-631.138;286.714;-575.799
-0.179353;-0.357537;0;202.501;-616.508;280.055;-562.427
-0.174846;-0.359762;0;197.515;-601.889;273.402;-549.065
-0.170312;-0.361931;0;192.35;-586.712;266.449;-535.101
-0.16575;-0.364042;0;187.088;-570.849;259.231;-520.605
-0.161163;-0.366096;0;181.778;-554.807;251.936;-505.956
-0.156549;-0.368093;0;176.465;-538.755;244.637;-491.297
-0.151912;-0.370031;0;171.149;-522.695;237.334;-476.631
-0.14725;-0.371911;0;165.832;-506.63;230.029;-461.96
-0.142565;-0.373732;0;160.513;-490.561;222.722;-447.286
-0.137857;-0.375494;0;155.195;-474.493;215.415;-432.612
-0.133128;-0.377196;0;149.877;-458.426;208.11;-417.941
-0.128377;-0.378839;0;144.562;-442.364;200.807;-403.274
-0.123607;-0.380423;0;139.248;-426.31;193.507;-388.614
-0.118817;-0.381946;0;133.938;-410.265;186.211;-373.962
-0.114008;-0.383409;0;128.632;-394.232;178.921;-359.322
-0.109181;-0.384811;0;123.336;-378.232;171.644;-344.708
-0.104337;-0.386153;0;117.827;-361.341;163.958;-329.272
-0.099476;-0.387433;0;112.318;-344.378;156.251;-313.795
-0.0945996;-0.388653;0;106.806;-327.406;148.54;-298.309
-0.0897083;-0.389811;0;101.292;-310.427;140.826;-282.817
-0.0848028;-0.390907;0;95.7815;-293.452;133.116;-267.333
-0.079884;-0.391942;0;90.2605;-276.449;125.391;-251.82
-0.0749525;-0.392915;0;84.7355;-259.437;117.662;-236.297
-0.0700092;-0.393826;0;79.2111;-242.427;109.934;-220.777
-0.0650549;-0.394674;0;73.6884;-225.423;102.208;-205.261
-0.0600902;-0.395461;0;68.1682;-208.426;94.4856;-189.753
-0.0551161;-0.396185;0;62.6513;-191.44;86.768;-174.254
-0.0501333;-0.396846;0;57.1045;-174.189;78.9546;-158.562
-0.0451426;-0.397445;0;51.4977;-156.81;71.0633;-142.714
-0.0401447;-0.39798;0;45.8878;-139.42;63.1675;-126.857
-0.0351405;-0.398453;0;40.2756;-122.024;55.2685;-110.994
-0.0301307;-0.398864;0;34.6705;-104.652;47.3804;-95.1527
-0.0251162;-0.399211;0;29.0522;-87.2397;39.4739;-79.2742
-0.0200977;-0.399495;0;23.4335;-69.8262;31.5668;-63.3947
-0.0150761;-0.399716;0;17.8154;-52.4143;23.6605;-47.5166
-0.010052;-0.399874;0;12.1986;-35.0067;15.7561;-31.6425
-0.00502642;-0.399968;0;6.58418;-17.6063;7.85496;-15.7749
-7.34788e-17;-0.4;0;0.972905;-0.215714;-0.0417188;0.0837827
0.00502642;-0.399968;0;-4.5986;17.0456;-7.87588;15.8169
0.010052;-0.399874;0;-10.2026;34.3933;-15.7403;31.6108
0.0150761;-0.399716;0;-15.8113;51.7555;-23.6113;47.4179
0.0200977;-0.399495;0;-21.4238;69.1294;-31.4876;63.2356
0.0251162;-0.399211;0;-27.0392;86.5122;-39.368;79.0615
0.0301307;-0.398864;0;-32.6566;103.901;-47.2512;94.8931
0.0351405;-0.398453;0;-38.2751;121.294;-55.1359;110.728
0.0401447;-0.39798;0;-43.8938;138.687;-63.021;126.563
0.0451426;-0.397445;0;-49.5119;156.078;-70.9051;142.397
0.0501333;-0.396846;0;-55.1284;173.464;-78.7871;158.226
0.0551161;-0.396185;0;-60.7699;190.617;-86.6268;173.97
0.0600902;-0.395461;0;-66.432;207.827;-94.4938;189.769
0.0650549;-0.394674;0;-71.9499;224.583;-102.122;205.089
0.0700092;-0.393826;0;-77.5557;241.605;-109.87;220.649
0.0749525;-0.392915;0;-83.1621;258.63;-117.619;236.211
0.079884;-0.391942;0;-88.7683;275.653;-125.368;251.772
0.0848028;-0.390907;0;-94.2494;292.326;-132.946;266.992
0.0897083;-0.389811;0;-99.768;309.165;-140.584;282.332
0.0945996;-0.388653;0;-105.288;326.008;-148.225;297.675
0.099476;-0.387433;0;-110.809;342.854;-155.866;313.02
0.104337;-0.386153;0;-116.329;359.698;-163.506;328.365
0.109181;-0.384811;0;-121.848;376.54;-171.145;343.706
0.114008;-0.383409;0;-127.365;393.375;-178.781;359.041
0.118817;-0.381946;0;-132.678;409.325;-186.036;373.61
0.123607;-0.380423;0;-138.077;425.381;-193.351;388.301
0.128377;-0.378839;0;-143.479;441.446;-200.67;402.999
0.133128;-0.377196;0;-148.883;457.516;-207.991;417.702
0.137857;-0.375494;0;-154.289;473.59;-215.314;432.409
0.142565;-0.373732;0;-159.694;489.665;-222.637;447.116
0.14725;-0.371911;0;-165.099;505.739;-229.96;461.822
0.151912;-0.370031;0;-170.502;521.808;-237.28;476.523
0.156549;-0.368093;0;-175.903;537.871;-244.598;491.219
0.161163;-0.366096;0;-181.301;553.924;-251.911;505.906
0.16575;-0.364042;0;-186.695;569.966;-259.219;520.582
0.170312;-0.361931;0;-191.982;585.767;-266.392;534.987
0.174846;-0.359762;0;-197.129;601.101;-273.338;548.937
0.179353;-0.357537;0;-202.187;615.744;-280.022;562.36
0.183832;-0.355255;0;-207.248;630.397;-286.71;575.792
0.188282;-0.352916;0;-212.312;645.058;-293.402;589.231
0.192701;-0.350523;0;-217.377;659.724;-300.096;602.675
0.197091;-0.348074;0;-222.443;674.394;-306.792;616.121
0.201449;-0.345569;0;-227.509;689.064;-313.487;629.567
0.205776;-0.343011;0;-232.574;703.732;-320.182;643.012
0.21007;-0.340398;0;-237.638;718.397;-326.874;656.452
0.214331;-0.337731;0;-242.699;733.056;-333.564;669.887
0.218558;-0.335011;0;-247.757;747.706;-340.25;683.314
0.22275;-0.332238;0;-252.812;762.345;-346.93;696.73
0.226908;-0.329413;0;-257.643;776.398;-353.303;709.528
0.231029;-0.326536;0;-262.209;789.248;-359.175;721.321
0.235114;-0.323607;0;-266.779;802.11;-365.053;733.125
0.239162;-0.320627;0;-271.352;814.98;-370.934;744.936
0.243172;-0.317596;0;-275.928;827.857;-376.818;756.753
0.247144;-0.314515;0;-280.504;840.738;-382.705;768.575
0.251077;-0.311385;0;-285.082;853.623;-388.592;780.398
0.25497;-0.308205;0;-289.66;866.508;-394.48;792.222
0.258822;-0.304977;0;-294.237;879.392;-400.367;804.045
0.262634;-0.301701;0;-298.812;892.273;-406.252;815.864
0.266405;-0.298376;0;-303.386;905.149;-412.135;827.679
0.270133;-0.295005;0;-307.957;918.017;-418.014;839.486
0.273819;-0.291587;0;-312.524;930.875;-423.889;851.284
0.277461;-0.288124;0;-317.001;943.511;-429.65;862.854
0.28106;-0.284614;0;-321.053;954.746;-434.766;873.128
0.284614;-0.28106;0;-325.029;965.634;-439.738;883.112
0.288124;-0.277461;0;-329.007;976.528;-444.711;893.101
0.291587;-0.273819;0;-332.986;987.427;-449.687;903.094
0.295005;-0.270133;0;-336.966;998.329;-454.664;913.088
0.298376;-0.266405;0;-340.946;1009.23;-459.641;923.083
0.301701;-0.262634;0;-344.925;1020.13;-464.617;933.077
0.304977;-0.258822;0;-348.903;1031.03;-469.592;943.069
0.308205;-0.25497;0;-352.879;1041.93;-474.565;953.056
0.311385;-0.251077;0;-356.852;1052.82;-479.535;963.037
0.314515;-0.247144;0;-360.823;1063.7;-484.502;973.011
0.317596;-0.243172;0;-364.651;1074.25;-489.29;982.628
0.320627;-0.239162;0;-367.914;1082.92;-493.24;990.559
0.323607;-0.235114;0;-371.179;1091.6;-497.193;998.498
0.326536;-0.231029;0;-374.447;1100.29;-501.148;1006.44
0.329413;-0.226908;0;-377.715;1108.99;-505.106;1014.39
0.332238;-0.22275;0;-380.985;1117.69;-509.065;1022.34
0.335011;-0.218558;0;-384.256;1126.39;-513.024;1030.29
0.337731;-0.214331;0;-387.526;1135.09;-516.984;1038.24
0.340398;-0.21007;0;-390.796;1143.79;-520.944;1046.2
0.343011;-0.205776;0;-394.064;1152.49;-524.902;1054.15
0.345569;-0.201449;0;-397.332;1161.19;-528.859;1062.09
0.348074;-0.197091;0;-400.597;1169.88;-532.813;1070.03
0.350523;-0.192701;0;-403.859;1178.56;-536.764;1077.97
0.352916;-0.188282;0;-407.119;1187.24;-540.712;1085.9
0.355255;-0.183832;0;-409.978;1194.79;-544.132;1092.76
0.357537;-0.179353;0;-412.46;1201.15;-547.022;1098.57
0.359762;-0.174846;0;-414.943;1207.52;-549.913;1104.38
0.361931;-0.170312;0;-417.316;1213.65;-552.678;1109.93
0.364042;-0.16575;0;-419.682;1219.71;-555.423;1115.44
0.366096;-0.161163;0;-422.049;1225.77;-558.169;1120.95
0.368093;-0.156549;0;-424.417;1231.84;-560.915;1126.47
0.370031;-0.151912;0;-426.785;1237.9;-563.661;1131.98
0.371911;-0.14725;0;-429.152;1243.96;-566.406;1137.5
0.373732;-0.142565;0;-431.519;1250.02;-569.151;1143.01
0.375494;-0.137857;0;-433.885;1256.07;-571.894;1148.52
0.377196;-0.133128;0;-436.25;1262.12;-574.635;1154.02
0.378839;-0.128377;0;-438.611;1268.11;-577.362;1159.5
0.380423;-0.123607;0;-440.759;1273.45;-579.816;1164.43
0.381946;-0.118817;0;-442.339;1277.28;-581.571;1167.95
0.383409;-0.114008;0;-443.921;1281.11;-583.328;1171.48
0.384811;-0.109181;0;-445.503;1284.95;-585.084;1175.01
0.386153;-0.104337;0;-447.02;1288.56;-586.752;1178.36
0.387433;-0.099476;0;-448.396;1291.86;-588.256;1181.38
0.388653;-0.0945996;0;-449.772;1295.17;-589.76;1184.4
0.389811;-0.0897083;0;-451.149;1298.47;-591.264;1187.42
0.390907;-0.0848028;0;-452.525;1301.77;-592.769;1190.44
0.391942;-0.079884;0;-453.9;1305.07;-594.273;1193.46
0.392915;-0.0749525;0;-455.275;1308.38;-595.776;1196.48
0.393826;-0.0700092;0;-456.65;1311.68;-597.279;1199.5
0.394674;-0.0650549;0;-458.023;1314.98;-598.781;1202.52
0.395461;-0.0600902;0;-459.395;1318.28;-600.282;1205.53
0.396185;-0.0551161;0;-460.25;1320.24;-601.19;1207.35
0.396846;-0.0501333;0;-460.905;1321.68;-601.866;1208.71
0.397445;-0.0451426;0;-461.559;1323.12;-602.542;1210.07
0.39798;-0.0401447;0;-462.046;1324.14;-603.018;1211.02
0.398453;-0.0351405;0;-462.405;1324.78;-603.329;1211.65
0.398864;-0.0301307;0;-462.765;1325.42;-603.64;1212.27
0.399211;-0.0251162;0;-463.124;1326.07;-603.95;1212.9
0.399495;-0.0200977;0;-463.484;1326.71;-604.261;1213.52
0.399716;-0.0150761;0;-463.843;1327.36;-604.572;1214.14
0.399874;-0.010052;0;-464.203;1328;-604.883;1214.77
0.399968;-0.00502642;0;-464.562;1328.65;-605.194;1215.39
