0.4;0;0;-465.168;1331.16;-605.499;1216.01
0.399968;0.00502642;0;-464.936;1330.41;-605.176;1215.36
0.399874;0.010052;0;-464.7;1329.64;-604.846;1214.69
0.399716;0.0150761;0;-464.464;1328.88;-604.516;1214.03
0.399495;0.0200977;0;-464.228;1328.11;-604.186;1213.37
0.399211;0.0251162;0;-463.992;1327.34;-603.857;1212.71
0.398864;0.0301307;0;-463.756;1326.58;-603.527;1212.05
0.398453;0.0351405;0;-463.52;1325.81;-603.197;1211.38
0.39798;0.0401447;0;-463.284;1325.05;-602.868;1210.72
0.397445;0.0451426;0;-462.799;1323.71;-602.262;1209.51
0.396846;0.0501333;0;-462.196;1322.04;-601.511;1208
0.396185;0.0551161;0;-461.593;1320.37;-600.76;1206.49
0.395461;0.0600902;0;-460.99;1318.69;-600.009;1204.98
0.394674;0.0650549;0;-459.84;1315.73;-598.657;1202.27
0.393826;0.0700092;0;-458.577;1312.48;-597.179;1199.3
0.392915;0.0749525;0;-457.314;1309.24;-595.699;1196.33
0.391942;0.079884;0;-456.049;1305.99;-594.219;1193.35
0.390907;0.0848028;0;-454.785;1302.74;-592.738;1190.38
0.389811;0.0897083;0;-453.521;1299.49;-591.257;1187.4
0.388653;0.0945996;0;-452.257;1296.23;-589.777;1184.43
0.387433;0.099476;0;-450.994;1292.98;-588.296;1181.46
0.386153;0.104337;0;-449.673;1289.52;-586.735;1178.32
0.384811;0.109181;0;-448.122;1285.5;-584.911;1174.66
0.383409;0.114008;0;-446.57;1281.48;-583.087;1171
0.381946;0.118817;0;-445.019;1277.47;-581.263;1167.33
0.380423;0.123607;0;-443.468;1273.46;-579.441;1163.67
0.378839;0.128377;0;-441.436;1268.18;-577.048;1158.87
0.377196;0.133128;0;-439.093;1262.1;-574.287;1153.32
0.375494;0.137857;0;-436.726;1256.12;-571.544;1147.81
0.373732;0.142565;0;-434.359;1250.15;-568.8;1142.3
0.371911;0.14725;0;-431.99;1244.18;-566.055;1136.79
0.370031;0.151912;0;-429.62;1238.21;-563.308;1131.28
0.368093;0.156549;0;-427.249;1232.23;-560.562;1125.76
0.366096;0.161163;0;-424.878;1226.26;-557.815;1120.24
0.364042;0.16575;0;-422.507;1220.29;-555.069;1114.73
0.361931;0.170312;0;-420.136;1214.32;-552.323;1109.21
0.359762;0.174846;0;-417.766;1208.35;-549.579;1103.7
0.357537;0.179353;0;-415.398;1202.39;-546.836;1098.2
0.355255;0.183832;0;-413.031;1196.43;-544.096;1092.69
0.352916;0.188282;0;-410.184;1189.11;-540.748;1085.97
0.350523;0.192701;0;-406.851;1180.49;-536.805;1078.05
0.348074;0.197091;0;-403.515;1171.86;-532.858;1070.12
0.345569;0.201449;0;-400.177;1163.23;-528.909;1062.19
0.343011;0.205776;0;-396.836;1154.59;-524.957;1054.26
0.340398;0.21007;0;-393.494;1145.95;-521.004;1046.32
0.337731;0.214331;0;-390.15;1137.3;-517.05;1038.38
0.335011;0.218558;0;-386.806;1128.66;-513.095;1030.43
0.332238;0.22275;0;-383.462;1120.02;-509.14;1022.49
0.329413;0.226908;0;-380.119;1111.38;-505.186;1014.55
0.326536;0.231029;0;-376.777;1102.74;-501.234;1006.61
0.323607;0.235114;0;-373.427;1094.11;-497.279;998.67
0.320627;0.239162;0;-370.075;1085.44;-493.312;990.704
0.317596;0.243172;0;-366.725;1076.77;-489.349;982.745
0.314515;0.247144;0;-362.933;1066.73;-484.765;973.539
0.311385;0.251077;0;-358.875;1055.84;-479.805;963.578
0.308205;0.25497;0;-354.815;1044.94;-474.841;953.61
0.304977;0.258822;0;-350.752;1034.03;-469.873;943.631
0.301701;0.262634;0;-346.686;1023.09;-464.897;933.638
0.298376;0.266405;0;-342.615;1012.15;-459.916;923.635
0.295005;0.270133;0;-338.537;1001.2;-454.929;913.62
0.291587;0.273819;0;-334.458;990.245;-449.942;903.606
0.288124;0.277461;0;-330.381;979.297;-444.956;893.593
0.284614;0.28106;0;-326.304;968.354;-439.972;883.583
0.28106;0.284614;0;-322.23;957.417;-434.99;873.578
0.277461;0.288124;0;-318.108;946.265;-429.918;863.391
0.273819;0.291587;0;-313.505;933.342;-424.05;851.608
0.270133;0.295005;0;-308.896;920.407;-418.178;839.814
0.266405;0.298376;0;-304.284;907.464;-412.3;828.011
0.262634;0.301701;0;-299.67;894.512;-406.42;816.2
0.258822;0.304977;0;-295.053;881.556;-400.536;804.385
0.25497;0.308205;0;-290.434;868.596;-394.651;792.566
0.251077;0.311385;0;-285.811;855.639;-388.763;780.742
0.247144;0.314515;0;-281.186;842.68;-382.875;768.916
0.243172;0.317596;0;-276.561;829.702;-376.981;757.08
0.239162;0.320627;0;-271.938;816.727;-371.09;745.249
0.235114;0.323607;0;-267.316;803.759;-365.201;733.423
0.231029;0.326536;0;-262.698;790.799;-359.317;721.605
0.226908;0.329413;0;-258.084;777.848;-353.437;709.797
0.22275;0.332238;0;-253.247;763.98;-347.135;697.141
0.218558;0.335011;0;-248.214;749.251;-340.45;683.717
0.214331;0.337731;0;-243.176;734.511;-333.761;670.282
0.21007;0.340398;0;-238.136;719.761;-327.067;656.839
0.205776;0.343011;0;-233.093;705.003;-320.37;643.39
0.201449;0.345569;0;-228.049;690.241;-313.671;629.937
0.197091;0.348074;0;-223.004;675.477;-306.971;616.482
0.192701;0.350523;0;-217.96;660.712;-300.272;603.027
0.188282;0.352916;0;-212.916;645.95;-293.573;589.574
0.183832;0.355255;0;-207.874;631.192;-286.877;576.126
0.179353;0.357537;0;-202.835;616.441;-280.184;562.685
0.174846;0.359762;0;-197.8;601.7;-273.495;549.252
0.170312;0.361931;0;-192.712;586.751;-266.698;535.602
0.16575;0.364042;0;-187.367;570.644;-259.383;520.911
0.161163;0.366096;0;-181.997;554.454;-252.031;506.147
0.156549;0.368093;0;-176.622;538.247;-244.673;491.369
0.151912;0.370031;0;-171.242;522.027;-237.307;476.577
0.14725;0.371911;0;-165.859;505.795;-229.937;461.776
0.142565;0.373732;0;-160.472;489.555;-222.563;446.966
0.137857;0.375494;0;-155.084;473.309;-215.186;432.151
0.133128;0.377196;0;-149.694;457.059;-207.807;417.333
0.128377;0.378839;0;-144.304;440.808;-200.428;402.514
0.123607;0.380423;0;-138.915;424.558;-193.05;387.696
0.118817;0.381946;0;-133.681;408.652;-185.821;373.18
0.114008;0.383409;0;-128.215;391.891;-178.198;357.871
0.109181;0.384811;0;-122.746;375.123;-170.572;342.555
0.104337;0.386153;0;-117.275;358.35;-162.944;327.236
0.099476;0.387433;0;-111.804;341.575;-155.315;311.914
0.0945996;0.388653;0;-106.333;324.801;-147.686;296.593
0.0897083;0.389811;0;-100.864;308.03;-140.058;281.275
0.0848028;0.390907;0;-95.3957;291.264;-132.434;265.962
0.079884;0.391942;0;-89.9307;274.508;-124.813;250.658
0.0749525;0.392915;0;-84.4693;257.762;-117.197;235.363
0.0700092;0.393826;0;-79.0124;241.031;-109.587;220.081
0.0650549;0.394674;0;-73.5609;224.316;-101.985;204.814
0.0600902;0.395461;0;-68.1157;207.62;-94.3921;189.565
0.0551161;0.396185;0;-62.6775;190.946;-86.8088;174.336
0.0501333;0.396846;0;-57.0994;173.71;-78.9727;158.599
0.0451426;0.397445;0;-51.4871;156.395;-71.0909;142.77
0.0401447;0.39798;0;-45.8684;139.061;-63.2001;126.923
0.0351405;0.398453;0;-40.2442;121.709;-55.3015;111.06
0.0301307;0.398864;0;-34.6154;104.343;-47.3964;95.1848
0.0251162;0.399211;0;-28.9828;86.9655;-39.486;79.2987
0.0200977;0.399495;0;-23.3473;69.5791;-31.5717;63.4044
0.0150761;0.399716;0;-17.7099;52.1866;-23.6545;47.5047
0.010052;0.399874;0;-12.0714;34.7908;-15.7358;31.6018
0.00502642;0.399968;0;-6.43271;17.3944;-7.81691;15.6985
2.44929e-17;0.4;0;-0.794709;0.000200955;0.101042;-0.202919
-0.00502642;0.399968;0;4.8417;-17.3891;8.01676;-16.0998
-0.010052;0.399874;0;10.4756;-34.7708;15.929;-31.9897
-0.0150761;0.399716;0;16.1062;-52.1421;23.8365;-47.8701
-0.0200977;0.399495;0;21.7325;-69.5002;31.738;-63.7385
-0.0251162;0.399211;0;27.3536;-86.8424;39.6323;-79.5924
-0.0301307;0.398864;0;32.9688;-104.166;47.5181;-95.4292
-0.0351405;0.398453;0;38.5206;-121.374;55.3267;-111.111
-0.0401447;0.39798;0;44.0682;-138.499;63.0897;-126.701
-0.0451426;0.397445;0;49.6527;-155.53;70.8436;-142.273
-0.0501333;0.396846;0;55.2416;-172.575;78.6037;-157.857
-0.0551161;0.396185;0;60.8341;-189.631;86.3688;-173.452
-0.0600902;0.395461;0;66.4294;-206.696;94.1376;-189.054
-0.0650549;0.394674;0;72.0264;-223.767;101.909;-204.661
-0.0700092;0.393826;0;77.6243;-240.84;109.682;-220.271
-0.0749525;0.392915;0;83.2222;-257.914;117.455;-235.881
-0.079884;0.391942;0;88.8193;-274.985;125.226;-251.489
-0.0848028;0.390907;0;94.4147;-292.052;132.996;-267.092
-0.0897083;0.389811;0;100.007;-309.11;140.762;-282.687
-0.0945996;0.388653;0;105.597;-326.159;148.523;-298.273
-0.099476;0.387433;0;111.182;-343.194;156.277;-313.848
-0.104337;0.386153;0;116.684;-360.028;163.914;-329.184
-0.109181;0.384811;0;122.08;-376.39;171.321;-344.059
-0.114008;0.383409;0;127.477;-392.499;178.647;-358.771
-0.118817;0.381946;0;132.879;-408.621;185.978;-373.494
-0.123607;0.380423;0;138.284;-424.752;193.313;-388.225
-0.128377;0.378839;0;143.691;-440.892;200.652;-402.964
-0.133128;0.377196;0;149.1;-457.036;207.993;-417.707
-0.137857;0.375494;0;154.51;-473.183;215.336;-432.452
-0.142565;0.373732;0;159.92;-489.329;222.678;-447.197
-0.14725;0.371911;0;165.328;-505.473;230.019;-461.939
-0.151912;0.370031;0;170.709;-521.557;237.327;-476.617
-0.156549;0.368093;0;176.095;-537.637;244.64;-491.303
-0.161163;0.366096;0;181.478;-553.71;251.949;-505.981
-0.16575;0.364042;0;186.858;-569.771;259.253;-520.649
-0.170312;0.361931;0;192.232;-585.818;266.55;-535.305
-0.174846;0.359762;0;197.45;-601.122;273.533;-549.328
-0.179353;0.357537;0;202.487;-615.765;280.181;-562.68
-0.183832;0.355255;0;207.528;-630.42;286.835;-576.042
-0.188282;0.352916;0;212.572;-645.082;293.493;-589.413
-0.192701;0.350523;0;217.619;-659.751;300.153;-602.789
-0.197091;0.348074;0;222.667;-674.423;306.816;-616.169
-0.201449;0.345569;0;227.716;-689.097;313.479;-629.551
-0.205776;0.343011;0;232.765;-703.77;320.142;-642.933
-0.21007;0.340398;0;237.813;-718.44;326.804;-656.312
-0.214331;0.337731;0;242.859;-733.105;333.464;-669.686
-0.218558;0.335011;0;247.903;-747.761;340.12;-683.054
-0.22275;0.332238;0;252.899;-762.168;346.678;-696.223
-0.226908;0.329413;0;257.882;-776.182;353.109;-709.138
-0.231029;0.326536;0;262.423;-788.961;358.91;-720.789
-0.235114;0.323607;0;267.026;-801.918;364.792;-732.6
-0.239162;0.320627;0;271.632;-814.885;370.677;-744.42
-0.243172;0.317596;0;276.24;-827.857;376.566;-756.246
-0.247144;0.314515;0;280.85;-840.833;382.456;-768.075
-0.251077;0.311385;0;285.462;-853.812;388.348;-779.907
-0.25497;0.308205;0;290.073;-866.791;394.24;-791.74
-0.258822;0.304977;0;294.684;-879.768;400.131;-803.571
-0.262634;0.301701;0;299.294;-892.741;406.02;-815.398
-0.266405;0.298376;0;303.901;-905.708;411.907;-827.221
-0.270133;0.295005;0;308.507;-918.667;417.79;-839.036
-0.273819;0.291587;0;313.108;-931.616;423.669;-850.842
-0.277461;0.288124;0;317.47;-943.666;429.17;-861.89
-0.28106;0.284614;0;321.648;-955.062;434.373;-872.339
-0.284614;0.28106;0;325.708;-966.096;439.386;-882.407
-0.288124;0.277461;0;329.77;-977.135;444.402;-892.479
-0.291587;0.273819;0;333.833;-988.176;449.419;-902.554
-0.295005;0.270133;0;337.896;-999.218;454.436;-912.631
-0.298376;0.266405;0;341.96;-1010.26;459.453;-922.707
-0.301701;0.262634;0;346.023;-1021.3;464.47;-932.781
-0.304977;0.258822;0;350.085;-1032.33;469.484;-942.851
-0.308205;0.25497;0;354.145;-1043.36;474.496;-952.917
-0.311385;0.251077;0;358.203;-1054.38;479.505;-962.976
-0.314515;0.247144;0;362.258;-1065.39;484.509;-973.026
-0.317596;0.243172;0;366.077;-1075.56;489.161;-982.368
-0.320627;0.239162;0;369.403;-1084.3;493.136;-990.35
-0.323607;0.235114;0;372.731;-1093.04;497.114;-998.339
-0.326536;0.231029;0;376.062;-1101.79;501.094;-1006.33
-0.329413;0.226908;0;379.394;-1110.54;505.076;-1014.33
-0.332238;0.22275;0;382.728;-1119.29;509.059;-1022.33
-0.335011;0.218558;0;386.062;-1128.05;513.043;-1030.33
-0.337731;0.214331;0;389.353;-1136.64;516.967;-1038.21
-0.340398;0.21007;0;392.638;-1145.27;520.892;-1046.09
-0.343011;0.205776;0;395.923;-1153.9;524.817;-1053.98
-0.345569;0.201449;0;399.206;-1162.52;528.741;-1061.85
-0.348074;0.197091;0;402.487;-1171.14;532.662;-1069.73
-0.350523;0.192701;0;405.766;-1179.75;536.581;-1077.6
-0.352916;0.188282;0;409.041;-1188.36;540.497;-1085.46
-0.355255;0.183832;0;411.998;-1196.14;544.023;-1092.55
-0.357537;0.179353;0;414.472;-1202.45;546.9;-1098.32
-0.359762;0.174846;0;416.957;-1208.79;549.788;-1104.12
-0.361931;0.170312;0;419.441;-1215.13;552.677;-1109.92
-0.364042;0.16575;0;421.926;-1221.47;555.566;-1115.73
-0.366096;0.161163;0;424.41;-1227.81;558.455;-1121.53
-0.368093;0.156549;0;426.894;-1234.15;561.343;-1127.33
-0.370031;0.151912;0;429.376;-1240.49;564.23;-1133.13
-0.371911;0.14725;0;431.857;-1246.83;567.116;-1138.92
-0.373732;0.142565;0;434.336;-1253.16;570;-1144.71
-0.375494;0.137857;0;436.813;-1259.49;572.881;-1150.5
-0.377196;0.133128;0;439.207;-1265.65;575.675;-1156.11
-0.378839;0.128377;0;440.884;-1269.9;577.608;-1159.99
-0.380423;0.123607;0;442.444;-1273.81;579.391;-1163.57
-0.381946;0.118817;0;444.004;-1277.73;581.175;-1167.16
-0.383409;0.114008;0;445.566;-1281.64;582.96;-1170.74
-0.384811;0.109181;0;447.127;-1285.56;584.746;-1174.33
-0.386153;0.104337;0;448.689;-1289.48;586.532;-1177.92
-0.387433;0.099476;0;450.251;-1293.4;588.319;-1181.5
-0.388653;0.0945996;0;451.812;-1297.32;590.105;-1185.09
-0.389811;0.0897083;0;453.373;-1301.24;591.89;-1188.68
-0.390907;0.0848028;0;454.933;-1305.16;593.675;-1192.26
-0.391942;0.079884;0;456.492;-1309.07;595.459;-1195.84
-0.392915;0.0749525;0;458.05;-1312.99;597.242;-1199.42
-0.393826;0.0700092;0;459.606;-1316.9;599.022;-1203
-0.394674;0.0650549;0;461.148;-1320.77;600.787;-1206.54
-0.395461;0.0600902;0;461.754;-1322.31;601.484;-1207.94
-0.396185;0.0551161;0;462.264;-1323.59;602.07;-1209.12
-0.396846;0.0501333;0;462.774;-1324.88;602.656;-1210.3
-0.397445;0.0451426;0;463.283;-1326.17;603.241;-1211.47
-0.39798;0.0401447;0;463.792;-1327.45;603.827;-1212.65
-0.398453;0.0351405;0;464.281;-1328.73;604.398;-1213.8
-0.398864;0.0301307;0;464.76;-1329.96;604.952;-1214.91
-0.399211;0.0251162;0;465.238;-1331.17;605.501;-1216.01
-0.399495;0.0200977;0;465.715;-1332.38;606.05;-1217.11
-0.399716;0.0150761;0;466.193;-1333.58;606.598;-1218.21
-0.399874;0.010052;0;466.67;-1334.78;607.146;-1219.31
-0.399968;0.00502642;0;467.147;-1335.98;607.692;-1220.41
-0.4;4.89859e-17;0;467.623;-1337.18;608.238;-1221.51
-0.399968;-0.00502642;0;467.272;-1336.36;607.86;-1220.75
-0.399874;-0.010052;0;466.746;-1335.11;607.284;-1219.59
-0.399716;-0.0150761;0;466.218;-1333.85;606.708;-1218.43
-0.399495;-0.0200977;0;465.691;-1332.6;606.131;-1217.27
-0.399211;-0.0251162;0;465.163;-1331.34;605.553;-1216.11
-0.398864;-0.0301307;0;464.635;-1330.08;604.975;-1214.95
-0.398453;-0.0351405;0;464.106;-1328.81;604.396;-1213.79
-0.39798;-0.0401447;0;463.578;-1327.55;603.817;-1212.63
-0.397445;-0.0451426;0;463.05;-1326.28;603.238;-1211.47
-0.396846;-0.0501333;0;462.521;-1325.02;602.658;-1210.3
-0.396185;-0.0551161;0;461.993;-1323.75;602.079;-1209.14
-0.395461;-0.0600902;0;461.466;-1322.48;601.499;-1207.97
-0.394674;-0.0650549;0;460.936;-1321.21;600.918;-1206.81
-0.393826;-0.0700092;0;459.409;-1317.45;599.197;-1203.35
-0.392915;-0.0749525;0;457.843;-1313.6;597.433;-1199.81
-0.391942;-0.079884;0;456.276;-1309.74;595.667;-1196.26
-0.390907;-0.0848028;0;454.708;-1305.88;593.899;-1192.71
-0.389811;-0.0897083;0;453.14;-1302.01;592.131;-1189.16
-0.388653;-0.0945996;0;451.571;-1298.14;590.361;-1185.61
-0.387433;-0.099476;0;450.001;-1294.27;588.591;-1182.05
-0.386153;-0.104337;0;448.432;-1290.4;586.821;-1178.5
-0.384811;-0.109181;0;446.862;-1286.53;585.051;-1174.94
-0.383409;-0.114008;0;445.294;-1282.66;583.281;-1171.39
-0.381946;-0.118817;0;443.726;-1278.79;581.512;-1167.83
-0.380423;-0.123607;0;442.158;-1274.92;579.744;-1164.28
-0.378839;-0.128377;0;440.516;-1270.86;577.884;-1160.55
-0.377196;-0.133128;0;438.195;-1265.03;575.215;-1155.19
-0.375494;-0.137857;0;435.872;-1259.2;572.545;-1149.82
-0.373732;-0.142565;0;433.549;-1253.36;569.873;-1144.46
-0.371911;-0.14725;0;431.021;-1246.91;566.938;-1138.56
-0.370031;-0.151912;0;428.454;-1240.4;563.966;-1132.6
-0.368093;-0.156549;0;425.885;-1233.88;560.992;-1126.62
-0.366096;-0.161163;0;423.316;-1227.36;558.018;-1120.65
-0.364042;-0.16575;0;420.745;-1220.84;555.042;-1114.68
-0.361931;-0.170312;0;418.174;-1214.33;552.067;-1108.7
-0.359762;-0.174846;0;415.603;-1207.81;549.092;-1102.72
-0.357537;-0.179353;0;413.033;-1201.3;546.117;-1096.75
-0.355255;-0.183832;0;410.198;-1193.84;542.745;-1089.98
-0.352916;-0.188282;0;407.297;-1186.22;539.294;-1083.05
-0.350523;-0.192701;0;404.256;-1178.28;535.676;-1075.78
-0.348074;-0.197091;0;401.037;-1169.89;531.84;-1068.08
-0.345569;-0.201449;0;397.815;-1161.49;528.001;-1060.37
-0.343011;-0.205776;0;394.593;-1153.09;524.161;-1052.66
-0.340398;-0.21007;0;391.369;-1144.68;520.32;-1044.94
-0.337731;-0.214331;0;388.146;-1136.28;516.48;-1037.23
-0.335011;-0.218558;0;384.922;-1127.88;512.639;-1029.52
-0.332238;-0.22275;0;381.7;-1119.48;508.801;-1021.81
-0.329413;-0.226908;0;378.479;-1111.09;504.963;-1014.1
-0.326536;-0.231029;0;375.151;-1102.46;501.007;-1006.16
-0.323607;-0.235114;0;371.784;-1093.68;496.996;-998.102
-0.320627;-0.239162;0;368.42;-1084.91;492.987;-990.051
-0.317596;-0.243172;0;365.05;-1076.12;488.964;-981.972
-0.314515;-0.247144;0;361.193;-1065.91;484.263;-972.532
-0.311385;-0.251077;0;357.143;-1054.91;479.25;-962.463
-0.308205;-0.25497;0;353.091;-1043.9;474.232;-952.386
-0.304977;-0.258822;0;349.035;-1032.88;469.211;-942.302
-0.301701;-0.262634;0;344.978;-1021.85;464.187;-932.213
-0.298376;-0.266405;0;340.92;-1010.82;459.161;-922.12
-0.295005;-0.270133;0;336.861;-999.789;454.135;-912.025
-0.291587;-0.273819;0;332.802;-988.755;449.108;-901.93
-0.288124;-0.277461;0;328.744;-977.722;444.082;-891.837
-0.284614;-0.28106;0;324.687;-966.692;439.057;-881.745
-0.28106;-0.284614;0;320.632;-955.666;434.034;-871.659
-0.277461;-0.288124;0;316.413;-944.094;428.726;-860.998
-0.273819;-0.291587;0;312.104;-932.256;423.293;-850.088
-0.270133;-0.295005;0;307.657;-919.689;417.578;-838.609
-0.266405;-0.298376;0;303.109;-906.829;411.729;-826.864
-0.262634;-0.301701;0;298.559;-893.963;405.878;-815.112
-0.258822;-0.304977;0;294.008;-881.092;400.024;-803.357
-0.25497;-0.308205;0;289.456;-868.218;394.17;-791.599
-0.251077;-0.311385;0;284.904;-855.344;388.315;-779.842
-0.247144;-0.314515;0;280.353;-842.471;382.461;-768.086
-0.243172;-0.317596;0;275.803;-829.602;376.609;-756.333
-0.239162;-0.320627;0;271.255;-816.739;370.759;-744.585
-0.235114;-0.323607;0;266.71;-803.883;364.913;-732.845
-0.231029;-0.326536;0;262.168;-791.036;359.072;-721.114
-0.226908;-0.329413;0;257.52;-777.873;353.057;-709.034
-0.22275;-0.332238;0;252.588;-763.876;346.632;-696.13
-0.218558;-0.335011;0;247.636;-749.366;340.036;-682.884
-0.214331;-0.337731;0;242.638;-734.71;333.375;-669.508
-0.21007;-0.340398;0;237.638;-720.045;326.711;-656.124
-0.205776;-0.343011;0;232.636;-705.375;320.044;-642.736
-0.201449;-0.345569;0;227.633;-690.702;313.377;-629.345
-0.197091;-0.348074;0;222.631;-676.028;306.709;-615.954
-0.192701;-0.350523;0;217.628;-661.355;300.041;-602.564
-0.188282;-0.352916;0;212.628;-646.687;293.376;-589.179
-0.183832;-0.355255;0;207.63;-632.024;286.714;-575.799
-0.179353;-0.357537;0;202.634;-617.37;280.055;-562.427
-0.174846;-0.359762;0;197.643;-602.727;273.402;-549.065
-0.170312;-0.361931;0;192.475;-587.538;266.449;-535.101
-0.16575;-0.364042;0;187.207;-571.651;259.231;-520.605
-0.161163;-0.366096;0;181.891;-555.585;251.936;-505.956
-0.156549;-0.368093;0;176.572;-539.508;244.637;-491.297
-0.151912;-0.370031;0;171.25;-523.423;237.334;-476.631
-0.14725;-0.371911;0;165.926;-507.333;230.029;-461.96
-0.142565;-0.373732;0;160.601;-491.24;222.722;-447.286
-0.137857;-0.375494;0;155.277;-475.146;215.415;-432.612
-0.133128;-0.377196;0;149.953;-459.054;208.11;-417.941
-0.128377;-0.378839;0;144.631;-442.967;200.807;-403.274
-0.123607;-0.380423;0;139.311;-426.888;193.507;-388.614
-0.118817;-0.381946;0;133.995;-410.818;186.211;-373.962
-0.114008;-0.383409;0;128.683;-394.76;178.921;-359.322
-0.109181;-0.384811;0;123.38;-378.736;171.644;-344.708
-0.104337;-0.386153;0;117.865;-361.823;163.958;-329.272
-0.099476;-0.387433;0;112.349;-344.836;156.251;-313.795
-0.0945996;-0.388653;0;106.831;-327.839;148.54;-298.309
-0.0897083;-0.389811;0;101.31;-310.836;140.826;-282.817
-0.0848028;-0.390907;0;95.7933;-293.836;133.116;-267.333
-0.079884;-0.391942;0;90.2657;-276.808;125.391;-251.82
-0.0749525;-0.392915;0;84.7338;-259.77;117.662;-236.297
-0.0700092;-0.393826;0;79.2027;-242.735;109.934;-220.777
-0.0650549;-0.394674;0;73.6732;-225.706;102.208;-205.261
-0.0600902;-0.395461;0;68.1462;-208.684;94.4856;-189.753
-0.0551161;-0.396185;0;62.6225;-191.673;86.768;-174.254
-0.0501333;-0.396846;0;57.071;-174.397;78.9546;-158.562
-0.0451426;-0.397445;0;51.4586;-156.993;71.0633;-142.714
-0.0401447;-0.39798;0;45.8431;-139.58;63.1675;-126.857
-0.0351405;-0.398453;0;40.2253;-122.16;55.2685;-110.994
-0.0301307;-0.398864;0;34.6146;-104.764;47.3804;-95.1527
-0.0251162;-0.399211;0;28.9907;-87.3274;39.4739;-79.2742
-0.0200977;-0.399495;0;23.3665;-69.89;31.5668;-63.3947
-0.0150761;-0.399716;0;17.7428;-52.4542;23.6605;-47.5166
-0.010052;-0.399874;0;12.1204;-35.0227;15.7561;-31.6425
-0.00502642;-0.399968;0;6.5004;-17.5984;7.85496;-15.7749
-7.34788e-17;-0.4;0;0.883541;-0.183875;-0.0417188;0.0837827
0.00502642;-0.399968;0;-4.69279;17.1017;-7.87588;15.8169
0.010052;-0.399874;0;-10.3;34.475;-15.7403;31.6108
0.0150761;-0.399716;0;-15.9118;51.8628;-23.6113;47.4179
0.0200977;-0.399495;0;-21.5275;69.2623;-31.4876;63.2356
0.0251162;-0.399211;0;-27.146;86.6708;-39.368;79.0615
0.0301307;-0.398864;0;-32.7666;104.086;-47.2512;94.8931
0.0351405;-0.398453;0;-38.3883;121.504;-55.1359;110.728
0.0401447;-0.39798;0;-44.0102;138.923;-63.021;126.563
0.0451426;-0.397445;0;-49.6314;156.339;-70.9051;142.397
0.0501333;-0.396846;0;-55.2511;173.752;-78.7871;158.226
0.0551161;-0.396185;0;-60.8933;190.914;-86.6268;173.97
0.0600902;-0.395461;0;-66.5562;208.134;-94.4938;189.769
0.0650549;-0.394674;0;-72.0781;224.912;-102.122;205.089
0.0700092;-0.393826;0;-77.6881;241.958;-109.87;220.649
0.0749525;-0.392915;0;-83.2988;259.005;-117.619;236.211
0.079884;-0.391942;0;-88.9092;276.05;-125.368;251.772
0.0848028;-0.390907;0;-94.3925;292.746;-132.946;266.992
0.0897083;-0.389811;0;-99.9111;309.607;-140.584;282.332
0.0945996;-0.388653;0;-105.431;326.472;-148.225;297.675
0.099476;-0.387433;0;-110.952;343.34;-155.866;313.02
0.104337;-0.386153;0;-116.472;360.207;-163.506;328.365
0.109181;-0.384811;0;-121.991;377.07;-171.145;343.706
0.114008;-0.383409;0;-127.508;393.928;-178.781;359.041
0.118817;-0.381946;0;-132.822;409.902;-186.036;373.61
0.123607;-0.380423;0;-138.224;425.983;-193.351;388.301
0.128377;-0.378839;0;-143.628;442.073;-200.67;402.999
0.133128;-0.377196;0;-149.033;458.169;-207.991;417.702
0.137857;-0.375494;0;-154.44;474.268;-215.314;432.409
0.142565;-0.373732;0;-159.848;490.369;-222.637;447.116
0.14725;-0.371911;0;-165.254;506.468;-229.96;461.822
0.151912;-0.370031;0;-170.659;522.562;-237.28;476.523
0.156549;-0.368093;0;-176.062;538.65;-244.598;491.219
0.161163;-0.366096;0;-181.462;554.729;-251.911;505.906
0.16575;-0.364042;0;-186.857;570.796;-259.219;520.582
0.170312;-0.361931;0;-192.145;586.622;-266.392;534.987
0.174846;-0.359762;0;-197.29;601.981;-273.338;548.937
0.179353;-0.357537;0;-202.35;616.649;-280.022;562.36
0.183832;-0.355255;0;-207.414;631.326;-286.71;575.792
0.188282;-0.352916;0;-212.479;646.012;-293.402;589.231
0.192701;-0.350523;0;-217.546;660.703;-300.096;602.675
0.197091;-0.348074;0;-222.614;675.397;-306.792;616.121
0.201449;-0.345569;0;-227.682;690.092;-313.487;629.567
0.205776;-0.343011;0;-232.75;704.785;-320.182;643.012
0.21007;-0.340398;0;-237.815;719.474;-326.874;656.452
0.214331;-0.337731;0;-242.879;734.158;-333.564;669.887
0.218558;-0.335011;0;-247.939;748.832;-340.25;683.314
0.22275;-0.332238;0;-252.995;763.496;-346.93;696.73
0.226908;-0.329413;0;-257.826;777.58;-353.303;709.528
0.231029;-0.326536;0;-262.397;790.453;-359.175;721.321
0.235114;-0.323607;0;-266.971;803.336;-365.053;733.125
0.239162;-0.320627;0;-271.549;816.229;-370.934;744.936
0.243172;-0.317596;0;-276.129;829.128;-376.818;756.753
0.247144;-0.314515;0;-280.71;842.032;-382.705;768.575
0.251077;-0.311385;0;-285.292;854.939;-388.592;780.398
0.25497;-0.308205;0;-289.874;867.847;-394.48;792.222
0.258822;-0.304977;0;-294.456;880.754;-400.367;804.045
0.262634;-0.301701;0;-299.036;893.657;-406.252;815.864
0.266405;-0.298376;0;-303.614;906.555;-412.135;827.679
0.270133;-0.295005;0;-308.189;919.445;-418.014;839.486
0.273819;-0.291587;0;-312.76;932.327;-423.889;851.284
0.277461;-0.288124;0;-317.242;944.983;-429.65;862.854
0.28106;-0.284614;0;-321.299;956.235;-434.766;873.128
0.284614;-0.28106;0;-325.281;967.141;-439.738;883.112
0.288124;-0.277461;0;-329.266;978.053;-444.711;893.101
0.291587;-0.273819;0;-333.252;988.97;-449.687;903.094
0.295005;-0.270133;0;-337.238;999.89;-454.664;913.088
0.298376;-0.266405;0;-341.225;1010.81;-459.641;923.083
0.301701;-0.262634;0;-345.21;1021.73;-464.617;933.077
0.304977;-0.258822;0;-349.195;1032.65;-469.592;943.069
0.308205;-0.25497;0;-353.178;1043.56;-474.565;953.056
0.311385;-0.251077;0;-357.158;1054.47;-479.535;963.037
0.314515;-0.247144;0;-361.135;1065.37;-484.502;973.011
0.317596;-0.243172;0;-364.968;1075.94;-489.29;982.628
0.320627;-0.239162;0;-368.237;1084.62;-493.24;990.559
0.323607;-0.235114;0;-371.509;1093.32;-497.193;998.498
0.326536;-0.231029;0;-374.782;1102.02;-501.148;1006.44
0.329413;-0.226908;0;-378.057;1110.73;-505.106;1014.39
0.332238;-0.22275;0;-381.333;1119.44;-509.065;1022.34
0.335011;-0.218558;0;-384.61;1128.15;-513.024;1030.29
0.337731;-0.214331;0;-387.887;1136.86;-516.984;1038.24
0.340398;-0.21007;0;-391.163;1145.58;-520.944;1046.2
0.343011;-0.205776;0;-394.438;1154.29;-524.902;1054.15
0.345569;-0.201449;0;-397.711;1162.99;-528.859;1062.09
0.348074;-0.197091;0;-400.982;1171.7;-532.813;1070.03
0.350523;-0.192701;0;-404.251;1180.39;-536.764;1077.97
0.352916;-0.188282;0;-407.517;1189.08;-540.712;1085.9
0.355255;-0.183832;0;-410.381;1196.64;-544.132;1092.76
0.357537;-0.179353;0;-412.866;1203.02;-547.022;1098.57
0.359762;-0.174846;0;-415.353;1209.4;-549.913;1104.38
0.361931;-0.170312;0;-417.726;1215.53;-552.678;1109.93
0.364042;-0.16575;0;-420.091;1221.6;-555.423;1115.44
0.366096;-0.161163;0;-422.456;1227.66;-558.169;1120.95
0.368093;-0.156549;0;-424.823;1233.73;-560.915;1126.47
0.370031;-0.151912;0;-427.189;1239.8;-563.661;1131.98
0.371911;-0.14725;0;-429.556;1245.86;-566.406;1137.5
0.373732;-0.142565;0;-431.921;1251.92;-569.151;1143.01
0.375494;-0.137857;0;-434.286;1257.98;-571.894;1148.52
0.377196;-0.133128;0;-436.65;1264.03;-574.635;1154.02
0.378839;-0.128377;0;-439.011;1270.02;-577.362;1159.5
0.380423;-0.123607;0;-441.165;1275.37;-579.816;1164.43
0.381946;-0.118817;0;-442.75;1279.21;-581.571;1167.95
0.383409;-0.114008;0;-444.336;1283.05;-583.328;1171.48
0.384811;-0.109181;0;-445.923;1286.89;-585.084;1175.01
0.386153;-0.104337;0;-447.442;1290.51;-586.752;1178.36
0.387433;-0.099476;0;-448.813;1293.8;-588.256;1181.38
0.388653;-0.0945996;0;-450.184;1297.1;-589.76;1184.4
0.389811;-0.0897083;0;-451.554;1300.39;-591.264;1187.42
0.390907;-0.0848028;0;-452.925;1303.69;-592.769;1190.44
0.391942;-0.079884;0;-454.295;1306.99;-594.273;1193.46
0.392915;-0.0749525;0;-455.665;1310.28;-595.776;1196.48
0.393826;-0.0700092;0;-457.034;1313.58;-597.279;1199.5
0.394674;-0.0650549;0;-458.402;1316.87;-598.781;1202.52
0.395461;-0.0600902;0;-459.768;1320.17;-600.282;1205.53
0.396185;-0.0551161;0;-460.62;1322.14;-601.19;1207.35
0.396846;-0.0501333;0;-461.272;1323.59;-601.866;1208.71
0.397445;-0.0451426;0;-461.924;1325.05;-602.542;1210.07
0.39798;-0.0401447;0;-462.403;1326.07;-603.018;1211.02
0.398453;-0.0351405;0;-462.749;1326.71;-603.329;1211.65
0.398864;-0.0301307;0;-463.095;1327.35;-603.64;1212.27
0.399211;-0.0251162;0;-463.442;1327.98;-603.95;1212.9
0.399495;-0.0200977;0;-463.788;1328.62;-604.261;1213.52
0.399716;-0.0150761;0;-464.135;1329.26;-604.572;1214.14
0.399874;-0.010052;0;-464.481;1329.9;-604.883;1214.77
0.399968;-0.00502642;0;-464.828;1330.53;-605.194;1215.39
