0.4;0;0;-466.758;1330.8;-605.499;1216.01
0.399968;0.00502642;0;-466.531;1330.03;-605.176;1215.36
0.399874;0.010052;0;-466.3;1329.26;-604.846;1214.69
0.399716;0.0150761;0;-466.069;1328.48;-604.516;1214.03
0.399495;0.0200977;0;-465.837;1327.7;-604.186;1213.37
0.399211;0.0251162;0;-465.606;1326.92;-603.857;1212.71
0.398864;0.0301307;0;-465.374;1326.14;-603.527;1212.05
0.398453;0.0351405;0;-465.143;1325.36;-603.197;1211.38
0.39798;0.0401447;0;-464.912;1324.58;-602.868;1210.72
0.397445;0.0451426;0;-464.442;1323.19;-602.262;1209.51
0.396846;0.0501333;0;-463.836;1321.5;-601.511;1208
0.396185;0.0551161;0;-463.229;1319.81;-600.76;1206.49
0.395461;0.0600902;0;-462.622;1318.12;-600.009;1204.98
0.394674;0.0650549;0;-461.474;1315.14;-598.657;1202.27
0.393826;0.0700092;0;-460.214;1311.88;-597.179;1199.3
0.392915;0.0749525;0;-458.952;1308.62;-595.699;1196.33
0.391942;0.079884;0;-457.69;1305.36;-594.219;1193.35
0.390907;0.0848028;0;-456.427;1302.1;-592.738;1190.38
0.389811;0.0897083;0;-455.163;1298.84;-591.257;1187.4
0.388653;0.0945996;0;-453.9;1295.58;-589.777;1184.43
0.387433;0.099476;0;-452.636;1292.32;-588.296;1181.46
0.386153;0.104337;0;-451.285;1288.93;-586.735;1178.32
0.384811;0.109181;0;-449.707;1284.96;-584.911;1174.66
0.383409;0.114008;0;-448.13;1280.99;-583.087;1171
0.381946;0.118817;0;-446.553;1277.02;-581.263;1167.33
0.380423;0.123607;0;-444.977;1273.04;-579.441;1163.67
0.378839;0.128377;0;-442.899;1267.87;-577.048;1158.87
0.377196;0.133128;0;-440.5;1261.92;-574.287;1153.32
0.375494;0.137857;0;-438.133;1255.93;-571.544;1147.81
0.373732;0.142565;0;-435.767;1249.94;-568.8;1142.3
0.371911;0.14725;0;-433.4;1243.94;-566.055;1136.79
0.370031;0.151912;0;-431.032;1237.94;-563.308;1131.28
0.368093;0.156549;0;-428.664;1231.94;-560.562;1125.76
0.366096;0.161163;0;-426.297;1225.93;-557.815;1120.24
0.364042;0.16575;0;-423.93;1219.93;-555.069;1114.73
0.361931;0.170312;0;-421.564;1213.93;-552.323;1109.21
0.359762;0.174846;0;-419.2;1207.93;-549.579;1103.7
0.357537;0.179353;0;-416.837;1201.93;-546.836;1098.2
0.355255;0.183832;0;-414.476;1195.94;-544.096;1092.69
0.352916;0.188282;0;-411.614;1188.64;-540.748;1085.97
0.350523;0.192701;0;-408.271;1180.02;-536.805;1078.05
0.348074;0.197091;0;-404.925;1171.39;-532.858;1070.12
0.345569;0.201449;0;-401.577;1162.76;-528.909;1062.19
0.343011;0.205776;0;-398.227;1154.13;-524.957;1054.26
0.340398;0.21007;0;-394.876;1145.48;-521.004;1046.32
0.337731;0.214331;0;-391.525;1136.84;-517.05;1038.38
0.335011;0.218558;0;-388.173;1128.19;-513.095;1030.43
0.332238;0.22275;0;-384.821;1119.55;-509.14;1022.49
0.329413;0.226908;0;-381.47;1110.9;-505.186;1014.55
0.326536;0.231029;0;-378.121;1102.26;-501.234;1006.61
0.323607;0.235114;0;-374.774;1093.6;-497.279;998.67
0.320627;0.239162;0;-371.411;1084.93;-493.312;990.704
0.317596;0.243172;0;-368.05;1076.27;-489.349;982.745
0.314515;0.247144;0;-364.253;1066.21;-484.765;973.539
0.311385;0.251077;0;-360.186;1055.32;-479.805;963.578
0.308205;0.25497;0;-356.115;1044.43;-474.841;953.61
0.304977;0.258822;0;-352.039;1033.52;-469.873;943.631
0.301701;0.262634;0;-347.953;1022.61;-464.897;933.638
0.298376;0.266405;0;-343.865;1011.69;-459.916;923.635
0.295005;0.270133;0;-339.775;1000.74;-454.929;913.62
0.291587;0.273819;0;-335.684;989.797;-449.942;903.606
0.288124;0.277461;0;-331.595;978.853;-444.956;893.593
0.284614;0.28106;0;-327.508;967.912;-439.972;883.583
0.28106;0.284614;0;-323.422;956.976;-434.99;873.578
0.277461;0.288124;0;-319.284;945.846;-429.918;863.391
0.273819;0.291587;0;-314.664;932.933;-424.05;851.608
0.270133;0.295005;0;-310.04;920.008;-418.178;839.814
0.266405;0.298376;0;-305.412;907.073;-412.3;828.011
0.262634;0.301701;0;-300.782;894.129;-406.42;816.2
0.258822;0.304977;0;-296.151;881.18;-400.536;804.385
0.25497;0.308205;0;-291.518;868.227;-394.651;792.566
0.251077;0.311385;0;-286.885;855.258;-388.763;780.742
0.247144;0.314515;0;-282.252;842.288;-382.875;768.916
0.243172;0.317596;0;-277.611;829.318;-376.981;757.08
0.239162;0.320627;0;-272.972;816.352;-371.09;745.249
0.235114;0.323607;0;-268.335;803.393;-365.201;733.423
0.231029;0.326536;0;-263.701;790.443;-359.317;721.605
0.226908;0.329413;0;-259.07;777.504;-353.437;709.797
0.22275;0.332238;0;-254.226;763.614;-347.135;697.141
0.218558;0.335011;0;-249.173;748.893;-340.45;683.717
0.214331;0.337731;0;-244.117;734.16;-333.761;670.282
0.21007;0.340398;0;-239.057;719.419;-327.067;656.839
0.205776;0.343011;0;-233.995;704.672;-320.37;643.39
0.201449;0.345569;0;-228.931;689.92;-313.671;629.937
0.197091;0.348074;0;-223.866;675.167;-306.971;616.482
0.192701;0.350523;0;-218.801;660.415;-300.272;603.027
0.188282;0.352916;0;-213.737;645.665;-293.573;589.574
0.183832;0.355255;0;-208.675;630.921;-286.877;576.126
0.179353;0.357537;0;-203.615;616.184;-280.184;562.685
0.174846;0.359762;0;-198.557;601.458;-273.495;549.252
0.170312;0.361931;0;-193.469;586.463;-266.698;535.602
0.16575;0.364042;0;-188.097;570.374;-259.383;520.911
0.161163;0.366096;0;-182.698;554.21;-252.031;506.147
0.156549;0.368093;0;-177.293;538.029;-244.673;491.369
0.151912;0.370031;0;-171.883;521.835;-237.307;476.577
0.14725;0.371911;0;-166.47;505.63;-229.937;461.776
0.142565;0.373732;0;-161.053;489.416;-222.563;446.966
0.137857;0.375494;0;-155.635;473.196;-215.186;432.151
0.133128;0.377196;0;-150.216;456.972;-207.807;417.333
0.128377;0.378839;0;-144.796;440.747;-200.428;402.514
0.123607;0.380423;0;-139.377;424.524;-193.05;387.696
0.118817;0.381946;0;-134.12;408.628;-185.821;373.18
0.114008;0.383409;0;-128.636;391.862;-178.198;357.871
0.109181;0.384811;0;-123.15;375.088;-170.572;342.555
0.104337;0.386153;0;-117.662;358.31;-162.944;327.236
0.099476;0.387433;0;-112.174;341.53;-155.315;311.914
0.0945996;0.388653;0;-106.685;324.75;-147.686;296.593
0.0897083;0.389811;0;-101.198;307.974;-140.058;281.275
0.0848028;0.390907;0;-95.7131;291.204;-132.434;265.962
0.079884;0.391942;0;-90.2307;274.442;-124.813;250.658
0.0749525;0.392915;0;-84.7519;257.692;-117.197;235.363
0.0700092;0.393826;0;-79.2777;240.955;-109.587;220.081
0.0650549;0.394674;0;-73.8089;224.235;-101.985;204.814
0.0600902;0.395461;0;-68.3464;207.534;-94.3921;189.565
0.0551161;0.396185;0;-62.891;190.855;-86.8088;174.336
0.0501333;0.396846;0;-57.2804;173.656;-78.9727;158.599
0.0451426;0.397445;0;-51.6485;156.338;-71.0909;142.77
0.0401447;0.39798;0;-46.0102;139.001;-63.2001;126.923
0.0351405;0.398453;0;-40.3663;121.646;-55.3015;111.06
0.0301307;0.398864;0;-34.7177;104.278;-47.3964;95.1848
0.0251162;0.399211;0;-29.0654;86.8973;-39.486;79.2987
0.0200977;0.399495;0;-23.4103;69.5081;-31.5717;63.4044
0.0150761;0.399716;0;-17.7531;52.1128;-23.6545;47.5047
0.010052;0.399874;0;-12.0949;34.7142;-15.7358;31.6018
0.00502642;0.399968;0;-6.43645;17.315;-7.81691;15.6985
2.44929e-17;0.4;0;-0.778735;-0.0820399;0.101042;-0.202919
-0.00502642;0.399968;0;4.87738;-17.4742;8.01676;-16.0998
-0.010052;0.399874;0;10.531;-34.8586;15.929;-31.9897
-0.0150761;0.399716;0;16.1813;-52.2327;23.8365;-47.8701
-0.0200977;0.399495;0;21.8272;-69.5936;31.738;-63.7385
-0.0251162;0.399211;0;27.468;-86.9386;39.6323;-79.5924
-0.0301307;0.398864;0;33.1028;-104.265;47.5181;-95.4292
-0.0351405;0.398453;0;38.708;-121.369;55.3267;-111.111
-0.0401447;0.39798;0;44.3177;-138.36;63.0897;-126.701
-0.0451426;0.397445;0;49.916;-155.406;70.8436;-142.273
-0.0501333;0.396846;0;55.5189;-172.467;78.6037;-157.857
-0.0551161;0.396185;0;61.1255;-189.538;86.3688;-173.452
-0.0600902;0.395461;0;66.7348;-206.618;94.1376;-189.054
-0.0650549;0.394674;0;72.3459;-223.703;101.909;-204.661
-0.0700092;0.393826;0;77.9581;-240.79;109.682;-220.271
-0.0749525;0.392915;0;83.5704;-257.878;117.455;-235.881
-0.079884;0.391942;0;89.1819;-274.964;125.226;-251.489
-0.0848028;0.390907;0;94.7917;-292.043;132.996;-267.092
-0.0897083;0.389811;0;100.399;-309.115;140.762;-282.687
-0.0945996;0.388653;0;106.003;-326.177;148.523;-298.273
-0.099476;0.387433;0;111.602;-343.225;156.277;-313.848
-0.104337;0.386153;0;117.157;-359.956;163.914;-329.184
-0.109181;0.384811;0;122.621;-376.163;171.321;-344.059
-0.114008;0.383409;0;128.037;-392.268;178.647;-358.771
-0.118817;0.381946;0;133.458;-408.386;185.978;-373.494
-0.123607;0.380423;0;138.882;-424.513;193.313;-388.225
-0.128377;0.378839;0;144.308;-440.648;200.652;-402.964
-0.133128;0.377196;0;149.736;-456.787;207.993;-417.707
-0.137857;0.375494;0;155.165;-472.929;215.336;-432.452
-0.142565;0.373732;0;160.594;-489.07;222.678;-447.197
-0.14725;0.371911;0;166.022;-505.208;230.019;-461.939
-0.151912;0.370031;0;171.428;-521.265;237.327;-476.617
-0.156549;0.368093;0;176.831;-537.346;244.64;-491.303
-0.161163;0.366096;0;182.231;-553.418;251.949;-505.981
-0.16575;0.364042;0;187.626;-569.48;259.253;-520.649
-0.170312;0.361931;0;193.018;-585.528;266.55;-535.305
-0.174846;0.359762;0;198.211;-600.945;273.533;-549.328
-0.179353;0.357537;0;203.274;-615.556;280.181;-562.68
-0.183832;0.355255;0;208.34;-630.179;286.835;-576.042
-0.188282;0.352916;0;213.409;-644.811;293.493;-589.413
-0.192701;0.350523;0;218.481;-659.45;300.153;-602.789
-0.197091;0.348074;0;223.553;-674.093;306.816;-616.169
-0.201449;0.345569;0;228.626;-688.739;313.479;-629.551
-0.205776;0.343011;0;233.699;-703.385;320.142;-642.933
-0.21007;0.340398;0;238.77;-718.029;326.804;-656.312
-0.214331;0.337731;0;243.84;-732.668;333.464;-669.686
-0.218558;0.335011;0;248.907;-747.3;340.12;-683.054
-0.22275;0.332238;0;253.902;-761.749;346.678;-696.223
-0.226908;0.329413;0;258.808;-776.031;353.109;-709.138
-0.231029;0.326536;0;263.374;-788.779;358.91;-720.789
-0.235114;0.323607;0;268.003;-801.699;364.792;-732.6
-0.239162;0.320627;0;272.636;-814.628;370.677;-744.42
-0.243172;0.317596;0;277.27;-827.564;376.566;-756.246
-0.247144;0.314515;0;281.907;-840.505;382.456;-768.075
-0.251077;0.311385;0;286.544;-853.449;388.348;-779.907
-0.25497;0.308205;0;291.181;-866.393;394.24;-791.74
-0.258822;0.304977;0;295.817;-879.336;400.131;-803.571
-0.262634;0.301701;0;300.452;-892.276;406.02;-815.398
-0.266405;0.298376;0;305.085;-905.211;411.907;-827.221
-0.270133;0.295005;0;309.715;-918.138;417.79;-839.036
-0.273819;0.291587;0;314.341;-931.055;423.669;-850.842
-0.277461;0.288124;0;318.67;-943.222;429.17;-861.89
-0.28106;0.284614;0;322.82;-954.727;434.373;-872.339
-0.284614;0.28106;0;326.901;-965.736;439.386;-882.407
-0.288124;0.277461;0;330.984;-976.751;444.402;-892.479
-0.291587;0.273819;0;335.068;-987.77;449.419;-902.554
-0.295005;0.270133;0;339.152;-998.791;454.436;-912.631
-0.298376;0.266405;0;343.236;-1009.81;459.453;-922.707
-0.301701;0.262634;0;347.319;-1020.83;464.47;-932.781
-0.304977;0.258822;0;351.4;-1031.85;469.484;-942.851
-0.308205;0.25497;0;355.479;-1042.86;474.496;-952.917
-0.311385;0.251077;0;359.554;-1053.87;479.505;-962.976
-0.314515;0.247144;0;363.627;-1064.86;484.509;-973.026
-0.317596;0.243172;0;367.418;-1075.14;489.161;-982.368
-0.320627;0.239162;0;370.758;-1083.87;493.136;-990.35
-0.323607;0.235114;0;374.1;-1092.61;497.114;-998.339
-0.326536;0.231029;0;377.444;-1101.35;501.094;-1006.33
-0.329413;0.226908;0;380.789;-1110.09;505.076;-1014.33
-0.332238;0.22275;0;384.135;-1118.84;509.059;-1022.33
-0.335011;0.218558;0;387.481;-1127.59;513.043;-1030.33
-0.337731;0.214331;0;390.764;-1136.24;516.967;-1038.21
-0.340398;0.21007;0;394.057;-1144.87;520.892;-1046.09
-0.343011;0.205776;0;397.351;-1153.49;524.817;-1053.98
-0.345569;0.201449;0;400.643;-1162.12;528.741;-1061.85
-0.348074;0.197091;0;403.934;-1170.73;532.662;-1069.73
-0.350523;0.192701;0;407.222;-1179.34;536.581;-1077.6
-0.352916;0.188282;0;410.508;-1187.95;540.497;-1085.46
-0.355255;0.183832;0;413.49;-1195.67;544.023;-1092.55
-0.357537;0.179353;0;415.97;-1201.99;546.9;-1098.32
-0.359762;0.174846;0;418.459;-1208.34;549.788;-1104.12
-0.361931;0.170312;0;420.949;-1214.68;552.677;-1109.92
-0.364042;0.16575;0;423.44;-1221.03;555.566;-1115.73
-0.366096;0.161163;0;425.931;-1227.37;558.455;-1121.53
-0.368093;0.156549;0;428.422;-1233.71;561.343;-1127.33
-0.370031;0.151912;0;430.913;-1240.05;564.23;-1133.13
-0.371911;0.14725;0;433.402;-1246.38;567.116;-1138.92
-0.373732;0.142565;0;435.89;-1252.71;570;-1144.71
-0.375494;0.137857;0;438.376;-1259.03;572.881;-1150.5
-0.377196;0.133128;0;440.799;-1265.14;575.675;-1156.11
-0.378839;0.128377;0;442.495;-1269.36;577.608;-1159.99
-0.380423;0.123607;0;444.059;-1273.27;579.391;-1163.57
-0.381946;0.118817;0;445.624;-1277.19;581.175;-1167.16
-0.383409;0.114008;0;447.19;-1281.11;582.96;-1170.74
-0.384811;0.109181;0;448.756;-1285.02;584.746;-1174.33
-0.386153;0.104337;0;450.324;-1288.94;586.532;-1177.92
-0.387433;0.099476;0;451.891;-1292.86;588.319;-1181.5
-0.388653;0.0945996;0;453.459;-1296.78;590.105;-1185.09
-0.389811;0.0897083;0;455.026;-1300.69;591.89;-1188.68
-0.390907;0.0848028;0;456.593;-1304.61;593.675;-1192.26
-0.391942;0.079884;0;458.159;-1308.52;595.459;-1195.84
-0.392915;0.0749525;0;459.724;-1312.43;597.242;-1199.42
-0.393826;0.0700092;0;461.287;-1316.33;599.022;-1203
-0.394674;0.0650549;0;462.837;-1320.2;600.787;-1206.54
-0.395461;0.0600902;0;463.447;-1321.73;601.484;-1207.94
-0.396185;0.0551161;0;463.958;-1323.02;602.07;-1209.12
-0.396846;0.0501333;0;464.47;-1324.3;602.656;-1210.3
-0.397445;0.0451426;0;464.982;-1325.59;603.241;-1211.47
-0.39798;0.0401447;0;465.494;-1326.88;603.827;-1212.65
-0.398453;0.0351405;0;466.003;-1328.11;604.398;-1213.8
-0.398864;0.0301307;0;466.49;-1329.31;604.952;-1214.91
-0.399211;0.0251162;0;466.969;-1330.52;605.501;-1216.01
-0.399495;0.0200977;0;467.448;-1331.73;606.05;-1217.11
-0.399716;0.0150761;0;467.926;-1332.94;606.598;-1218.21
-0.399874;0.010052;0;468.403;-1334.14;607.146;-1219.31
-0.399968;0.00502642;0;468.878;-1335.35;607.692;-1220.41
-0.4;4.89859e-17;0;469.353;-1336.56;608.238;-1221.51
-0.399968;-0.00502642;0;469.005;-1335.73;607.86;-1220.75
-0.399874;-0.010052;0;468.48;-1334.47;607.284;-1219.59
-0.399716;-0.0150761;0;467.954;-1333.21;606.708;-1218.43
-0.399495;-0.0200977;0;467.427;-1331.95;606.131;-1217.27
-0.399211;-0.0251162;0;466.899;-1330.69;605.553;-1216.11
-0.398864;-0.0301307;0;466.37;-1329.43;604.975;-1214.95
-0.398453;-0.0351405;0;465.841;-1328.16;604.396;-1213.79
-0.39798;-0.0401447;0;465.311;-1326.9;603.817;-1212.63
-0.397445;-0.0451426;0;464.781;-1325.64;603.238;-1211.47
-0.396846;-0.0501333;0;464.25;-1324.38;602.658;-1210.3
-0.396185;-0.0551161;0;463.719;-1323.12;602.079;-1209.14
-0.395461;-0.0600902;0;463.188;-1321.86;601.499;-1207.97
-0.394674;-0.0650549;0;462.654;-1320.6;600.918;-1206.81
-0.393826;-0.0700092;0;461.123;-1316.83;599.197;-1203.35
-0.392915;-0.0749525;0;459.554;-1312.98;597.433;-1199.81
-0.391942;-0.079884;0;457.984;-1309.11;595.667;-1196.26
-0.390907;-0.0848028;0;456.411;-1305.25;593.899;-1192.71
-0.389811;-0.0897083;0;454.838;-1301.39;592.131;-1189.16
-0.388653;-0.0945996;0;453.263;-1297.52;590.361;-1185.61
-0.387433;-0.099476;0;451.688;-1293.65;588.591;-1182.05
-0.386153;-0.104337;0;450.113;-1289.79;586.821;-1178.5
-0.384811;-0.109181;0;448.537;-1285.92;585.051;-1174.94
-0.383409;-0.114008;0;446.961;-1282.06;583.281;-1171.39
-0.381946;-0.118817;0;445.385;-1278.19;581.512;-1167.83
-0.380423;-0.123607;0;443.81;-1274.33;579.744;-1164.28
-0.378839;-0.128377;0;442.162;-1270.27;577.884;-1160.55
-0.377196;-0.133128;0;439.848;-1264.41;575.215;-1155.19
-0.375494;-0.137857;0;437.533;-1258.55;572.545;-1149.82
-0.373732;-0.142565;0;435.216;-1252.68;569.873;-1144.46
-0.371911;-0.14725;0;432.652;-1246.3;566.938;-1138.56
-0.370031;-0.151912;0;430.064;-1239.82;563.966;-1132.6
-0.368093;-0.156549;0;427.475;-1233.33;560.992;-1126.62
-0.366096;-0.161163;0;424.885;-1226.84;558.018;-1120.65
-0.364042;-0.16575;0;422.294;-1220.35;555.042;-1114.68
-0.361931;-0.170312;0;419.704;-1213.86;552.067;-1108.7
-0.359762;-0.174846;0;417.114;-1207.37;549.092;-1102.72
-0.357537;-0.179353;0;414.525;-1200.87;546.117;-1096.75
-0.355255;-0.183832;0;411.637;-1193.55;542.745;-1089.98
-0.352916;-0.188282;0;408.683;-1186.06;539.294;-1083.05
-0.350523;-0.192701;0;405.627;-1178.15;535.676;-1075.78
-0.348074;-0.197091;0;402.408;-1169.73;531.84;-1068.08
-0.345569;-0.201449;0;399.187;-1161.31;528.001;-1060.37
-0.343011;-0.205776;0;395.966;-1152.88;524.161;-1052.66
-0.340398;-0.21007;0;392.744;-1144.45;520.32;-1044.94
-0.337731;-0.214331;0;389.522;-1136.02;516.48;-1037.23
-0.335011;-0.218558;0;386.301;-1127.6;512.639;-1029.52
-0.332238;-0.22275;0;383.081;-1119.17;508.801;-1021.81
-0.329413;-0.226908;0;379.863;-1110.75;504.963;-1014.1
-0.326536;-0.231029;0;376.545;-1102.05;501.007;-1006.16
-0.323607;-0.235114;0;373.171;-1093.26;496.996;-998.102
-0.320627;-0.239162;0;369.799;-1084.48;492.987;-990.051
-0.317596;-0.243172;0;366.429;-1075.65;488.964;-981.972
-0.314515;-0.247144;0;362.624;-1065.26;484.263;-972.532
-0.311385;-0.251077;0;358.552;-1054.28;479.25;-962.463
-0.308205;-0.25497;0;354.477;-1043.29;474.232;-952.386
-0.304977;-0.258822;0;350.398;-1032.29;469.211;-942.302
-0.301701;-0.262634;0;346.318;-1021.29;464.187;-932.213
-0.298376;-0.266405;0;342.235;-1010.29;459.161;-922.12
-0.295005;-0.270133;0;338.152;-999.286;454.135;-912.025
-0.291587;-0.273819;0;334.068;-988.281;449.108;-901.93
-0.288124;-0.277461;0;329.985;-977.279;444.082;-891.837
-0.284614;-0.28106;0;325.902;-966.28;439.057;-881.745
-0.28106;-0.284614;0;321.821;-955.287;434.034;-871.659
-0.277461;-0.288124;0;317.65;-943.547;428.726;-860.998
-0.273819;-0.291587;0;313.396;-931.522;423.293;-850.088
-0.270133;-0.295005;0;308.921;-918.995;417.578;-838.609
-0.266405;-0.298376;0;304.344;-906.177;411.729;-826.864
-0.262634;-0.301701;0;299.764;-893.353;405.878;-815.112
-0.258822;-0.304977;0;295.183;-880.524;400.024;-803.357
-0.25497;-0.308205;0;290.602;-867.694;394.17;-791.599
-0.251077;-0.311385;0;286.019;-854.864;388.315;-779.842
-0.247144;-0.314515;0;281.438;-842.035;382.461;-768.086
-0.243172;-0.317596;0;276.858;-829.211;376.609;-756.333
-0.239162;-0.320627;0;272.279;-816.392;370.759;-744.585
-0.235114;-0.323607;0;267.704;-803.582;364.913;-732.845
-0.231029;-0.326536;0;263.131;-790.782;359.072;-721.114
-0.226908;-0.329413;0;258.498;-777.525;353.057;-709.034
-0.22275;-0.332238;0;253.631;-763.285;346.632;-696.13
-0.218558;-0.335011;0;248.653;-748.799;340.036;-682.884
-0.214331;-0.337731;0;243.627;-734.174;333.375;-669.508
-0.21007;-0.340398;0;238.599;-719.541;326.711;-656.124
-0.205776;-0.343011;0;233.568;-704.904;320.044;-642.736
-0.201449;-0.345569;0;228.537;-690.264;313.377;-629.345
-0.197091;-0.348074;0;223.505;-675.624;306.709;-615.954
-0.192701;-0.350523;0;218.474;-660.986;300.041;-602.564
-0.188282;-0.352916;0;213.444;-646.353;293.376;-589.179
-0.183832;-0.355255;0;208.416;-631.726;286.714;-575.799
-0.179353;-0.357537;0;203.391;-617.109;280.055;-562.427
-0.174846;-0.359762;0;198.369;-602.503;273.402;-549.065
-0.170312;-0.361931;0;193.261;-587.088;266.449;-535.101
-0.16575;-0.364042;0;187.974;-571.2;259.231;-520.605
-0.161163;-0.366096;0;182.632;-555.154;251.936;-505.956
-0.156549;-0.368093;0;177.286;-539.098;244.637;-491.297
-0.151912;-0.370031;0;171.938;-523.034;237.334;-476.631
-0.14725;-0.371911;0;166.588;-506.966;230.029;-461.96
-0.142565;-0.373732;0;161.237;-490.894;222.722;-447.286
-0.137857;-0.375494;0;155.885;-474.823;215.415;-432.612
-0.133128;-0.377196;0;150.535;-458.754;208.11;-417.941
-0.128377;-0.378839;0;145.186;-442.69;200.807;-403.274
-0.123607;-0.380423;0;139.839;-426.634;193.507;-388.614
-0.118817;-0.381946;0;134.495;-410.588;186.211;-373.962
-0.114008;-0.383409;0;129.156;-394.555;178.921;-359.322
-0.109181;-0.384811;0;123.831;-378.542;171.644;-344.708
-0.104337;-0.386153;0;118.311;-361.581;163.958;-329.272
-0.099476;-0.387433;0;112.773;-344.602;156.251;-313.795
-0.0945996;-0.388653;0;107.232;-327.614;148.54;-298.309
-0.0897083;-0.389811;0;101.689;-310.62;140.826;-282.817
-0.0848028;-0.390907;0;96.1461;-293.637;133.116;-267.333
-0.079884;-0.391942;0;90.5937;-276.623;125.391;-251.82
-0.0749525;-0.392915;0;85.0383;-259.596;117.662;-236.297
-0.0700092;-0.393826;0;79.4838;-242.571;109.934;-220.777
-0.0650549;-0.394674;0;73.9309;-225.551;102.208;-205.261
-0.0600902;-0.395461;0;68.3807;-208.538;94.4856;-189.753
-0.0551161;-0.396185;0;62.8339;-191.536;86.768;-174.254
-0.0501333;-0.396846;0;57.2311;-174.36;78.9546;-158.562
-0.0451426;-0.397445;0;51.5978;-156.96;71.0633;-142.714
-0.0401447;-0.39798;0;45.9613;-139.551;63.1675;-126.857
-0.0351405;-0.398453;0;40.3225;-122.135;55.2685;-110.994
-0.0301307;-0.398864;0;34.6914;-104.743;47.3804;-95.1527
-0.0251162;-0.399211;0;29.0471;-87.3089;39.4739;-79.2742
-0.0200977;-0.399495;0;23.4024;-69.8741;31.5668;-63.3947
-0.0150761;-0.399716;0;17.7581;-52.4409;23.6605;-47.5166
-0.010052;-0.399874;0;12.1153;-35.0121;15.7561;-31.6425
-0.00502642;-0.399968;0;6.47483;-17.5903;7.85496;-15.7749
-7.34788e-17;-0.4;0;0.837513;-0.178421;-0.0417188;0.0837827
0.00502642;-0.399968;0;-4.76463;17.0867;-7.87588;15.8169
0.010052;-0.399874;0;-10.4107;34.3975;-15.7403;31.6108
0.0150761;-0.399716;0;-16.0615;51.7228;-23.6113;47.4179
0.0200977;-0.399495;0;-21.7161;69.0597;-31.4876;63.2356
0.0251162;-0.399211;0;-27.3736;86.4056;-39.368;79.0615
0.0301307;-0.398864;0;-33.0331;103.758;-47.2512;94.8931
0.0351405;-0.398453;0;-38.6938;121.113;-55.1359;110.728
0.0401447;-0.39798;0;-44.3547;138.47;-63.021;126.563
0.0451426;-0.397445;0;-50.015;155.824;-70.9051;142.397
0.0501333;-0.396846;0;-55.6737;173.173;-78.7871;158.226
0.0551161;-0.396185;0;-61.2469;190.596;-86.6268;173.97
0.0600902;-0.395461;0;-66.8387;208.082;-94.4938;189.769
0.0650549;-0.394674;0;-72.3583;224.922;-102.122;205.089
0.0700092;-0.393826;0;-77.9691;242.021;-109.87;220.649
0.0749525;-0.392915;0;-83.5804;259.122;-117.619;236.211
0.079884;-0.391942;0;-89.1914;276.222;-125.368;251.772
0.0848028;-0.390907;0;-94.6895;292.925;-132.946;266.992
0.0897083;-0.389811;0;-100.245;309.724;-140.584;282.332
0.0945996;-0.388653;0;-105.802;326.527;-148.225;297.675
0.099476;-0.387433;0;-111.36;343.331;-155.866;313.02
0.104337;-0.386153;0;-116.917;360.135;-163.506;328.365
0.109181;-0.384811;0;-122.473;376.935;-171.145;343.706
0.114008;-0.383409;0;-128.028;393.728;-178.781;359.041
0.118817;-0.381946;0;-133.362;409.692;-186.036;373.61
0.123607;-0.380423;0;-138.773;425.794;-193.351;388.301
0.128377;-0.378839;0;-144.187;441.905;-200.67;402.999
0.133128;-0.377196;0;-149.604;458.022;-207.991;417.702
0.137857;-0.375494;0;-155.021;474.142;-215.314;432.409
0.142565;-0.373732;0;-160.439;490.263;-222.637;447.116
0.14725;-0.371911;0;-165.856;506.381;-229.96;461.822
0.151912;-0.370031;0;-171.272;522.496;-237.28;476.523
0.156549;-0.368093;0;-176.686;538.603;-244.598;491.219
0.161163;-0.366096;0;-182.096;554.701;-251.911;505.906
0.16575;-0.364042;0;-187.503;570.787;-259.219;520.582
0.170312;-0.361931;0;-192.839;586.514;-266.392;534.987
0.174846;-0.359762;0;-198.059;601.695;-273.338;548.937
0.179353;-0.357537;0;-203.13;616.379;-280.022;562.36
0.183832;-0.355255;0;-208.205;631.071;-286.71;575.792
0.188282;-0.352916;0;-213.283;645.771;-293.402;589.231
0.192701;-0.350523;0;-218.362;660.475;-300.096;602.675
0.197091;-0.348074;0;-223.443;675.181;-306.792;616.121
0.201449;-0.345569;0;-228.523;689.888;-313.487;629.567
0.205776;-0.343011;0;-233.603;704.592;-320.182;643.012
0.21007;-0.340398;0;-238.682;719.292;-326.874;656.452
0.214331;-0.337731;0;-243.759;733.985;-333.564;669.887
0.218558;-0.335011;0;-248.833;748.669;-340.25;683.314
0.22275;-0.332238;0;-253.903;763.341;-346.93;696.73
0.226908;-0.329413;0;-258.818;777.225;-353.303;709.528
0.231029;-0.326536;0;-263.402;790.109;-359.175;721.321
0.235114;-0.323607;0;-267.989;803.004;-365.053;733.125
0.239162;-0.320627;0;-272.579;815.907;-370.934;744.936
0.243172;-0.317596;0;-277.172;828.817;-376.818;756.753
0.247144;-0.314515;0;-281.766;841.731;-382.705;768.575
0.251077;-0.311385;0;-286.362;854.646;-388.592;780.398
0.25497;-0.308205;0;-290.957;867.562;-394.48;792.222
0.258822;-0.304977;0;-295.553;880.476;-400.367;804.045
0.262634;-0.301701;0;-300.147;893.386;-406.252;815.864
0.266405;-0.298376;0;-304.739;906.29;-412.135;827.679
0.270133;-0.295005;0;-309.328;919.186;-418.014;839.486
0.273819;-0.291587;0;-313.915;932.072;-423.889;851.284
0.277461;-0.288124;0;-318.426;944.687;-429.65;862.854
0.28106;-0.284614;0;-322.516;955.888;-434.766;873.128
0.284614;-0.28106;0;-326.511;966.801;-439.738;883.112
0.288124;-0.277461;0;-330.509;977.72;-444.711;893.101
0.291587;-0.273819;0;-334.508;988.642;-449.687;903.094
0.295005;-0.270133;0;-338.508;999.566;-454.664;913.088
0.298376;-0.266405;0;-342.509;1010.49;-459.641;923.083
0.301701;-0.262634;0;-346.51;1021.41;-464.617;933.077
0.304977;-0.258822;0;-350.509;1032.33;-469.592;943.069
0.308205;-0.25497;0;-354.507;1043.24;-474.565;953.056
0.311385;-0.251077;0;-358.504;1054.15;-479.535;963.037
0.314515;-0.247144;0;-362.497;1065.04;-484.502;973.011
0.317596;-0.243172;0;-366.383;1075.51;-489.29;982.628
0.320627;-0.239162;0;-369.662;1084.2;-493.24;990.559
0.323607;-0.235114;0;-372.945;1092.9;-497.193;998.498
0.326536;-0.231029;0;-376.229;1101.6;-501.148;1006.44
0.329413;-0.226908;0;-379.516;1110.31;-505.106;1014.39
0.332238;-0.22275;0;-382.803;1119.02;-509.065;1022.34
0.335011;-0.218558;0;-386.092;1127.73;-513.024;1030.29
0.337731;-0.214331;0;-389.381;1136.44;-516.984;1038.24
0.340398;-0.21007;0;-392.67;1145.15;-520.944;1046.2
0.343011;-0.205776;0;-395.958;1153.86;-524.902;1054.15
0.345569;-0.201449;0;-399.245;1162.56;-528.859;1062.09
0.348074;-0.197091;0;-402.53;1171.26;-532.813;1070.03
0.350523;-0.192701;0;-405.812;1179.95;-536.764;1077.97
0.352916;-0.188282;0;-409.092;1188.63;-540.712;1085.9
0.355255;-0.183832;0;-411.983;1196.14;-544.132;1092.76
0.357537;-0.179353;0;-414.485;1202.5;-547.022;1098.57
0.359762;-0.174846;0;-416.988;1208.86;-549.913;1104.38
0.361931;-0.170312;0;-419.391;1214.92;-552.678;1109.93
0.364042;-0.16575;0;-421.768;1220.97;-555.423;1115.44
0.366096;-0.161163;0;-424.146;1227.01;-558.169;1120.95
0.368093;-0.156549;0;-426.523;1233.06;-560.915;1126.47
0.370031;-0.151912;0;-428.901;1239.11;-563.661;1131.98
0.371911;-0.14725;0;-431.277;1245.16;-566.406;1137.5
0.373732;-0.142565;0;-433.653;1251.21;-569.151;1143.01
0.375494;-0.137857;0;-436.026;1257.26;-571.894;1148.52
0.377196;-0.133128;0;-438.398;1263.3;-574.635;1154.02
0.378839;-0.128377;0;-440.749;1269.33;-577.362;1159.5
0.380423;-0.123607;0;-442.869;1274.79;-579.816;1164.43
0.381946;-0.118817;0;-444.457;1278.63;-581.571;1167.95
0.383409;-0.114008;0;-446.045;1282.48;-583.328;1171.48
0.384811;-0.109181;0;-447.634;1286.33;-585.084;1175.01
0.386153;-0.104337;0;-449.132;1290.02;-586.752;1178.36
0.387433;-0.099476;0;-450.496;1293.33;-588.256;1181.38
0.388653;-0.0945996;0;-451.861;1296.64;-589.76;1184.4
0.389811;-0.0897083;0;-453.226;1299.95;-591.264;1187.42
0.390907;-0.0848028;0;-454.591;1303.25;-592.769;1190.44
0.391942;-0.079884;0;-455.957;1306.56;-594.273;1193.46
0.392915;-0.0749525;0;-457.322;1309.87;-595.776;1196.48
0.393826;-0.0700092;0;-458.687;1313.17;-597.279;1199.5
0.394674;-0.0650549;0;-460.051;1316.47;-598.781;1202.52
0.395461;-0.0600902;0;-461.414;1319.77;-600.282;1205.53
0.396185;-0.0551161;0;-462.274;1321.72;-601.19;1207.35
0.396846;-0.0501333;0;-462.941;1323.14;-601.866;1208.71
0.397445;-0.0451426;0;-463.609;1324.56;-602.542;1210.07
0.39798;-0.0401447;0;-464.099;1325.55;-603.018;1211.02
0.398453;-0.0351405;0;-464.432;1326.21;-603.329;1211.65
0.398864;-0.0301307;0;-464.765;1326.87;-603.64;1212.27
0.399211;-0.0251162;0;-465.098;1327.52;-603.95;1212.9
0.399495;-0.0200977;0;-465.431;1328.18;-604.261;1213.52
0.399716;-0.0150761;0;-465.764;1328.84;-604.572;1214.14
0.399874;-0.010052;0;-466.098;1329.5;-604.883;1214.77
0.399968;-0.00502642;0;-466.431;1330.15;-605.194;1215.39
