0.4;0;0;-466.815;1327.36;-605.499;1216.01
0.399968;0.00502642;0;-466.556;1326.64;-605.176;1215.36
0.399874;0.010052;0;-466.293;1325.91;-604.846;1214.69
0.399716;0.0150761;0;-466.029;1325.17;-604.516;1214.03
0.399495;0.0200977;0;-465.765;1324.44;-604.186;1213.37
0.399211;0.0251162;0;-465.502;1323.7;-603.857;1212.71
0.398864;0.0301307;0;-465.238;1322.97;-603.527;1212.05
0.398453;0.0351405;0;-464.975;1322.23;-603.197;1211.38
0.39798;0.0401447;0;-464.712;1321.5;-602.868;1210.72
0.397445;0.0451426;0;-464.199;1320.15;-602.262;1209.51
0.396846;0.0501333;0;-463.543;1318.5;-601.511;1208
0.396185;0.0551161;0;-462.887;1316.85;-600.76;1206.49
0.395461;0.0600902;0;-462.23;1315.2;-600.009;1204.98
0.394674;0.0650549;0;-461.057;1312.24;-598.657;1202.27
0.393826;0.0700092;0;-459.773;1309;-597.179;1199.3
0.392915;0.0749525;0;-458.488;1305.76;-595.699;1196.33
0.391942;0.079884;0;-457.202;1302.52;-594.219;1193.35
0.390907;0.0848028;0;-455.916;1299.29;-592.738;1190.38
0.389811;0.0897083;0;-454.629;1296.05;-591.257;1187.4
0.388653;0.0945996;0;-453.342;1292.81;-589.777;1184.43
0.387433;0.099476;0;-452.055;1289.57;-588.296;1181.46
0.386153;0.104337;0;-450.675;1286.19;-586.735;1178.32
0.384811;0.109181;0;-449.06;1282.23;-584.911;1174.66
0.383409;0.114008;0;-447.445;1278.26;-583.087;1171
0.381946;0.118817;0;-445.831;1274.3;-581.263;1167.33
0.380423;0.123607;0;-444.218;1270.34;-579.441;1163.67
0.378839;0.128377;0;-442.121;1265.15;-577.048;1158.87
0.377196;0.133128;0;-439.712;1259.18;-574.287;1153.32
0.375494;0.137857;0;-437.344;1253.19;-571.544;1147.81
0.373732;0.142565;0;-434.976;1247.19;-568.8;1142.3
0.371911;0.14725;0;-432.608;1241.19;-566.055;1136.79
0.370031;0.151912;0;-430.24;1235.18;-563.308;1131.28
0.368093;0.156549;0;-427.871;1229.18;-560.562;1125.76
0.366096;0.161163;0;-425.502;1223.17;-557.815;1120.24
0.364042;0.16575;0;-423.135;1217.16;-555.069;1114.73
0.361931;0.170312;0;-420.768;1211.16;-552.323;1109.21
0.359762;0.174846;0;-418.402;1205.15;-549.579;1103.7
0.357537;0.179353;0;-416.038;1199.15;-546.836;1098.2
0.355255;0.183832;0;-413.676;1193.16;-544.096;1092.69
0.352916;0.188282;0;-410.825;1185.85;-540.748;1085.97
0.350523;0.192701;0;-407.504;1177.23;-536.805;1078.05
0.348074;0.197091;0;-404.181;1168.6;-532.858;1070.12
0.345569;0.201449;0;-400.854;1159.97;-528.909;1062.19
0.343011;0.205776;0;-397.526;1151.33;-524.957;1054.26
0.340398;0.21007;0;-394.197;1142.69;-521.004;1046.32
0.337731;0.214331;0;-390.868;1134.04;-517.05;1038.38
0.335011;0.218558;0;-387.538;1125.39;-513.095;1030.43
0.332238;0.22275;0;-384.208;1116.75;-509.14;1022.49
0.329413;0.226908;0;-380.879;1108.1;-505.186;1014.55
0.326536;0.231029;0;-377.552;1099.46;-501.234;1006.61
0.323607;0.235114;0;-374.228;1090.79;-497.279;998.67
0.320627;0.239162;0;-370.885;1082.12;-493.312;990.704
0.317596;0.243172;0;-367.544;1073.46;-489.349;982.745
0.314515;0.247144;0;-363.773;1063.42;-484.765;973.539
0.311385;0.251077;0;-359.735;1052.55;-479.805;963.578
0.308205;0.25497;0;-355.693;1041.68;-474.841;953.61
0.304977;0.258822;0;-351.645;1030.8;-469.873;943.631
0.301701;0.262634;0;-347.587;1019.91;-464.897;933.638
0.298376;0.266405;0;-343.527;1009.01;-459.916;923.635
0.295005;0.270133;0;-339.465;998.087;-454.929;913.62
0.291587;0.273819;0;-335.402;987.164;-449.942;903.606
0.288124;0.277461;0;-331.341;976.244;-444.956;893.593
0.284614;0.28106;0;-327.281;965.326;-439.972;883.583
0.28106;0.284614;0;-323.224;954.413;-434.99;873.578
0.277461;0.288124;0;-319.111;943.308;-429.918;863.391
0.273819;0.291587;0;-314.506;930.44;-424.05;851.608
0.270133;0.295005;0;-309.897;917.561;-418.178;839.814
0.266405;0.298376;0;-305.285;904.672;-412.3;828.011
0.262634;0.301701;0;-300.67;891.775;-406.42;816.2
0.258822;0.304977;0;-296.053;878.872;-400.536;804.385
0.25497;0.308205;0;-291.434;865.964;-394.651;792.566
0.251077;0.311385;0;-286.817;853.044;-388.763;780.742
0.247144;0.314515;0;-282.199;840.121;-382.875;768.916
0.243172;0.317596;0;-277.572;827.197;-376.981;757.08
0.239162;0.320627;0;-272.947;814.277;-371.09;745.249
0.235114;0.323607;0;-268.325;801.363;-365.201;733.423
0.231029;0.326536;0;-263.705;788.459;-359.317;721.605
0.226908;0.329413;0;-259.088;775.565;-353.437;709.797
0.22275;0.332238;0;-254.248;761.728;-347.135;697.141
0.218558;0.335011;0;-249.189;747.058;-340.45;683.717
0.214331;0.337731;0;-244.125;732.378;-333.761;670.282
0.21007;0.340398;0;-239.059;717.689;-327.067;656.839
0.205776;0.343011;0;-233.99;702.994;-320.37;643.39
0.201449;0.345569;0;-228.919;688.294;-313.671;629.937
0.197091;0.348074;0;-223.847;673.593;-306.971;616.482
0.192701;0.350523;0;-218.775;658.892;-300.272;603.027
0.188282;0.352916;0;-213.704;644.195;-293.573;589.574
0.183832;0.355255;0;-208.635;629.502;-286.877;576.126
0.179353;0.357537;0;-203.568;614.817;-280.184;562.685
0.174846;0.359762;0;-198.503;600.142;-273.495;549.252
0.170312;0.361931;0;-193.408;585.204;-266.698;535.602
0.16575;0.364042;0;-188.014;569.156;-259.383;520.911
0.161163;0.366096;0;-182.591;553.032;-252.031;506.147
0.156549;0.368093;0;-177.163;536.892;-244.673;491.369
0.151912;0.370031;0;-171.731;520.737;-237.307;476.577
0.14725;0.371911;0;-166.295;504.572;-229.937;461.776
0.142565;0.373732;0;-160.856;488.398;-222.563;446.966
0.137857;0.375494;0;-155.414;472.218;-215.186;432.151
0.133128;0.377196;0;-149.972;456.034;-207.807;417.333
0.128377;0.378839;0;-144.529;439.85;-200.428;402.514
0.123607;0.380423;0;-139.087;423.667;-193.05;387.696
0.118817;0.381946;0;-133.811;407.807;-185.821;373.18
0.114008;0.383409;0;-128.312;391.075;-178.198;357.871
0.109181;0.384811;0;-122.81;374.336;-170.572;342.555
0.104337;0.386153;0;-117.306;357.592;-162.944;327.236
0.099476;0.387433;0;-111.802;340.847;-155.315;311.914
0.0945996;0.388653;0;-106.297;324.101;-147.686;296.593
0.0897083;0.389811;0;-100.794;307.36;-140.058;281.275
0.0848028;0.390907;0;-95.2932;290.624;-132.434;265.962
0.079884;0.391942;0;-89.7948;273.896;-124.813;250.658
0.0749525;0.392915;0;-84.3002;257.18;-117.197;235.363
0.0700092;0.393826;0;-78.81;240.478;-109.587;220.081
0.0650549;0.394674;0;-73.3253;223.792;-101.985;204.814
0.0600902;0.395461;0;-67.8469;207.125;-94.3921;189.565
0.0551161;0.396185;0;-62.3756;190.48;-86.8088;174.336
0.0501333;0.396846;0;-56.7586;173.302;-78.9727;158.599
0.0451426;0.397445;0;-51.1225;156.008;-71.0909;142.77
0.0401447;0.39798;0;-45.4799;138.694;-63.2001;126.923
0.0351405;0.398453;0;-39.8318;121.363;-55.3015;111.06
0.0301307;0.398864;0;-34.179;104.017;-47.3964;95.1848
0.0251162;0.399211;0;-28.5224;86.6606;-39.486;79.2987
0.0200977;0.399495;0;-22.8629;69.2949;-31.5717;63.4044
0.0150761;0.399716;0;-17.2015;51.9231;-23.6545;47.5047
0.010052;0.399874;0;-11.539;34.548;-15.7358;31.6018
0.00502642;0.399968;0;-5.87633;17.1723;-7.81691;15.6985
2.44929e-17;0.4;0;-0.214338;-0.201225;0.101042;-0.202919
-0.00502642;0.399968;0;5.44606;-17.5699;8.01676;-16.0998
-0.010052;0.399874;0;11.104;-34.9309;15.929;-31.9897
-0.0150761;0.399716;0;16.7585;-52.2815;23.8365;-47.8701
-0.0200977;0.399495;0;22.4087;-69.619;31.738;-63.7385
-0.0251162;0.399211;0;28.0538;-86.9406;39.6323;-79.5924
-0.0301307;0.398864;0;33.6928;-104.244;47.5181;-95.4292
-0.0351405;0.398453;0;39.2988;-121.334;55.3267;-111.111
-0.0401447;0.39798;0;44.9005;-138.311;63.0897;-126.701
-0.0451426;0.397445;0;50.4872;-155.329;70.8436;-142.273
-0.0501333;0.396846;0;56.0783;-172.361;78.6037;-157.857
-0.0551161;0.396185;0;61.6732;-189.403;86.3688;-173.452
-0.0600902;0.395461;0;67.2707;-206.454;94.1376;-189.054
-0.0650549;0.394674;0;72.8702;-223.511;101.909;-204.661
-0.0700092;0.393826;0;78.4706;-240.57;109.682;-220.271
-0.0749525;0.392915;0;84.0712;-257.629;117.455;-235.881
-0.079884;0.391942;0;89.6709;-274.686;125.226;-251.489
-0.0848028;0.390907;0;95.2691;-291.737;132.996;-267.092
-0.0897083;0.389811;0;100.865;-308.781;140.762;-282.687
-0.0945996;0.388653;0;106.457;-325.814;148.523;-298.273
-0.099476;0.387433;0;112.045;-342.833;156.277;-313.848
-0.104337;0.386153;0;117.587;-359.545;163.914;-329.184
-0.109181;0.384811;0;123.036;-375.733;171.321;-344.059
-0.114008;0.383409;0;128.436;-391.802;178.647;-358.771
-0.118817;0.381946;0;133.84;-407.885;185.978;-373.494
-0.123607;0.380423;0;139.248;-423.977;193.313;-388.225
-0.128377;0.378839;0;144.658;-440.076;200.652;-402.964
-0.133128;0.377196;0;150.07;-456.18;207.993;-417.707
-0.137857;0.375494;0;155.482;-472.286;215.336;-432.452
-0.142565;0.373732;0;160.895;-488.392;222.678;-447.197
-0.14725;0.371911;0;166.307;-504.495;230.019;-461.939
-0.151912;0.370031;0;171.696;-520.519;237.327;-476.617
-0.156549;0.368093;0;177.081;-536.563;244.64;-491.303
-0.161163;0.366096;0;182.463;-552.599;251.949;-505.981
-0.16575;0.364042;0;187.84;-568.624;259.253;-520.649
-0.170312;0.361931;0;193.213;-584.636;266.55;-535.305
-0.174846;0.359762;0;198.386;-600.003;273.533;-549.328
-0.179353;0.357537;0;203.433;-614.575;280.181;-562.68
-0.183832;0.355255;0;208.483;-629.158;286.835;-576.042
-0.188282;0.352916;0;213.536;-643.751;293.493;-589.413
-0.192701;0.350523;0;218.591;-658.35;300.153;-602.789
-0.197091;0.348074;0;223.648;-672.954;306.816;-616.169
-0.201449;0.345569;0;228.704;-687.56;313.479;-629.551
-0.205776;0.343011;0;233.761;-702.166;320.142;-642.933
-0.21007;0.340398;0;238.816;-716.769;326.804;-656.312
-0.214331;0.337731;0;243.87;-731.368;333.464;-669.686
-0.218558;0.335011;0;248.92;-745.96;340.12;-683.054
-0.22275;0.332238;0;253.899;-760.363;346.678;-696.223
-0.226908;0.329413;0;258.789;-774.578;353.109;-709.138
-0.231029;0.326536;0;263.345;-787.287;358.91;-720.789
-0.235114;0.323607;0;267.966;-800.168;364.792;-732.6
-0.239162;0.320627;0;272.589;-813.058;370.677;-744.42
-0.243172;0.317596;0;277.214;-825.955;376.566;-756.246
-0.247144;0.314515;0;281.841;-838.857;382.456;-768.075
-0.251077;0.311385;0;286.469;-851.761;388.348;-779.907
-0.25497;0.308205;0;291.097;-864.666;394.24;-791.74
-0.258822;0.304977;0;295.724;-877.57;400.131;-803.571
-0.262634;0.301701;0;300.35;-890.47;406.02;-815.398
-0.266405;0.298376;0;304.973;-903.365;411.907;-827.221
-0.270133;0.295005;0;309.593;-916.253;417.79;-839.036
-0.273819;0.291587;0;314.21;-929.131;423.669;-850.842
-0.277461;0.288124;0;318.525;-941.244;429.17;-861.89
-0.28106;0.284614;0;322.663;-952.697;434.373;-872.339
-0.284614;0.28106;0;326.744;-963.671;439.386;-882.407
-0.288124;0.277461;0;330.825;-974.651;444.402;-892.479
-0.291587;0.273819;0;334.908;-985.634;449.419;-902.554
-0.295005;0.270133;0;338.991;-996.62;454.436;-912.631
-0.298376;0.266405;0;343.073;-1007.61;459.453;-922.707
-0.301701;0.262634;0;347.154;-1018.59;464.47;-932.781
-0.304977;0.258822;0;351.234;-1029.57;469.484;-942.851
-0.308205;0.25497;0;355.311;-1040.55;474.496;-952.917
-0.311385;0.251077;0;359.385;-1051.51;479.505;-962.976
-0.314515;0.247144;0;363.456;-1062.48;484.509;-973.026
-0.317596;0.243172;0;367.245;-1072.71;489.161;-982.368
-0.320627;0.239162;0;370.588;-1081.41;493.136;-990.35
-0.323607;0.235114;0;373.934;-1090.12;497.114;-998.339
-0.326536;0.231029;0;377.281;-1098.83;501.094;-1006.33
-0.329413;0.226908;0;380.63;-1107.54;505.076;-1014.33
-0.332238;0.22275;0;383.979;-1116.26;509.059;-1022.33
-0.335011;0.218558;0;387.328;-1124.98;513.043;-1030.33
-0.337731;0.214331;0;390.611;-1133.6;516.967;-1038.21
-0.340398;0.21007;0;393.904;-1142.19;520.892;-1046.09
-0.343011;0.205776;0;397.197;-1150.79;524.817;-1053.98
-0.345569;0.201449;0;400.489;-1159.38;528.741;-1061.85
-0.348074;0.197091;0;403.78;-1167.96;532.662;-1069.73
-0.350523;0.192701;0;407.068;-1176.54;536.581;-1077.6
-0.352916;0.188282;0;410.354;-1185.12;540.497;-1085.46
-0.355255;0.183832;0;413.332;-1192.82;544.023;-1092.55
-0.357537;0.179353;0;415.816;-1199.11;546.9;-1098.32
-0.359762;0.174846;0;418.311;-1205.44;549.788;-1104.12
-0.361931;0.170312;0;420.806;-1211.76;552.677;-1109.92
-0.364042;0.16575;0;423.302;-1218.08;555.566;-1115.73
-0.366096;0.161163;0;425.799;-1224.4;558.455;-1121.53
-0.368093;0.156549;0;428.295;-1230.72;561.343;-1127.33
-0.370031;0.151912;0;430.79;-1237.04;564.23;-1133.13
-0.371911;0.14725;0;433.285;-1243.35;567.116;-1138.92
-0.373732;0.142565;0;435.778;-1249.66;570;-1144.71
-0.375494;0.137857;0;438.27;-1255.96;572.881;-1150.5
-0.377196;0.133128;0;440.701;-1262.05;575.675;-1156.11
-0.378839;0.128377;0;442.406;-1266.26;577.608;-1159.99
-0.380423;0.123607;0;443.977;-1270.16;579.391;-1163.57
-0.381946;0.118817;0;445.55;-1274.06;581.175;-1167.16
-0.383409;0.114008;0;447.123;-1277.96;582.96;-1170.74
-0.384811;0.109181;0;448.697;-1281.87;584.746;-1174.33
-0.386153;0.104337;0;450.272;-1285.78;586.532;-1177.92
-0.387433;0.099476;0;451.847;-1289.68;588.319;-1181.5
-0.388653;0.0945996;0;453.421;-1293.58;590.105;-1185.09
-0.389811;0.0897083;0;454.996;-1297.49;591.89;-1188.68
-0.390907;0.0848028;0;456.57;-1301.39;593.675;-1192.26
-0.391942;0.079884;0;458.144;-1305.29;595.459;-1195.84
-0.392915;0.0749525;0;459.716;-1309.18;597.242;-1199.42
-0.393826;0.0700092;0;461.287;-1313.07;599.022;-1203
-0.394674;0.0650549;0;462.844;-1316.93;600.787;-1206.54
-0.395461;0.0600902;0;463.461;-1318.45;601.484;-1207.94
-0.396185;0.0551161;0;463.982;-1319.73;602.07;-1209.12
-0.396846;0.0501333;0;464.502;-1321.02;602.656;-1210.3
-0.397445;0.0451426;0;465.023;-1322.3;603.241;-1211.47
-0.39798;0.0401447;0;465.544;-1323.58;603.827;-1212.65
-0.398453;0.0351405;0;466.061;-1324.81;604.398;-1213.8
-0.398864;0.0301307;0;466.556;-1326.01;604.952;-1214.91
-0.399211;0.0251162;0;467.042;-1327.21;605.501;-1216.01
-0.399495;0.0200977;0;467.527;-1328.42;606.05;-1217.11
-0.399716;0.0150761;0;468.012;-1329.62;606.598;-1218.21
-0.399874;0.010052;0;468.495;-1330.82;607.146;-1219.31
-0.399968;0.00502642;0;468.978;-1332.02;607.692;-1220.41
-0.4;4.89859e-17;0;469.459;-1333.21;608.238;-1221.51
-0.399968;-0.00502642;0;469.119;-1332.39;607.86;-1220.75
-0.399874;-0.010052;0;468.603;-1331.13;607.284;-1219.59
-0.399716;-0.0150761;0;468.086;-1329.87;606.708;-1218.43
-0.399495;-0.0200977;0;467.567;-1328.61;606.131;-1217.27
-0.399211;-0.0251162;0;467.048;-1327.35;605.553;-1216.11
-0.398864;-0.0301307;0;466.528;-1326.09;604.975;-1214.95
-0.398453;-0.0351405;0;466.007;-1324.83;604.396;-1213.79
-0.39798;-0.0401447;0;465.486;-1323.57;603.817;-1212.63
-0.397445;-0.0451426;0;464.964;-1322.31;603.238;-1211.47
-0.396846;-0.0501333;0;464.442;-1321.05;602.658;-1210.3
-0.396185;-0.0551161;0;463.919;-1319.79;602.079;-1209.14
-0.395461;-0.0600902;0;463.396;-1318.53;601.499;-1207.97
-0.394674;-0.0650549;0;462.87;-1317.26;600.918;-1206.81
-0.393826;-0.0700092;0;461.346;-1313.51;599.197;-1203.35
-0.392915;-0.0749525;0;459.783;-1309.65;597.433;-1199.81
-0.391942;-0.079884;0;458.218;-1305.8;595.667;-1196.26
-0.390907;-0.0848028;0;456.652;-1301.94;593.899;-1192.71
-0.389811;-0.0897083;0;455.084;-1298.08;592.131;-1189.16
-0.388653;-0.0945996;0;453.516;-1294.22;590.361;-1185.61
-0.387433;-0.099476;0;451.947;-1290.35;588.591;-1182.05
-0.386153;-0.104337;0;450.377;-1286.49;586.821;-1178.5
-0.384811;-0.109181;0;448.807;-1282.63;585.051;-1174.94
-0.383409;-0.114008;0;447.237;-1278.77;583.281;-1171.39
-0.381946;-0.118817;0;445.667;-1274.91;581.512;-1167.83
-0.380423;-0.123607;0;444.098;-1271.06;579.744;-1164.28
-0.378839;-0.128377;0;442.456;-1267;577.884;-1160.55
-0.377196;-0.133128;0;440.154;-1261.15;575.215;-1155.19
-0.375494;-0.137857;0;437.85;-1255.3;572.545;-1149.82
-0.373732;-0.142565;0;435.544;-1249.45;569.873;-1144.46
-0.371911;-0.14725;0;432.978;-1243.07;566.938;-1138.56
-0.370031;-0.151912;0;430.387;-1236.59;563.966;-1132.6
-0.368093;-0.156549;0;427.795;-1230.11;560.992;-1126.62
-0.366096;-0.161163;0;425.203;-1223.62;558.018;-1120.65
-0.364042;-0.16575;0;422.61;-1217.13;555.042;-1114.68
-0.361931;-0.170312;0;420.018;-1210.64;552.067;-1108.7
-0.359762;-0.174846;0;417.425;-1204.15;549.092;-1102.72
-0.357537;-0.179353;0;414.834;-1197.66;546.117;-1096.75
-0.355255;-0.183832;0;411.952;-1190.34;542.745;-1089.98
-0.352916;-0.188282;0;409.006;-1182.85;539.294;-1083.05
-0.350523;-0.192701;0;405.958;-1174.95;535.676;-1075.78
-0.348074;-0.197091;0;402.747;-1166.54;531.84;-1068.08
-0.345569;-0.201449;0;399.536;-1158.14;528.001;-1060.37
-0.343011;-0.205776;0;396.323;-1149.73;524.161;-1052.66
-0.340398;-0.21007;0;393.11;-1141.32;520.32;-1044.94
-0.337731;-0.214331;0;389.897;-1132.91;516.48;-1037.23
-0.335011;-0.218558;0;386.685;-1124.5;512.639;-1029.52
-0.332238;-0.22275;0;383.474;-1116.09;508.801;-1021.81
-0.329413;-0.226908;0;380.264;-1107.68;504.963;-1014.1
-0.326536;-0.231029;0;376.947;-1099;501.007;-1006.16
-0.323607;-0.235114;0;373.571;-1090.23;496.996;-998.102
-0.320627;-0.239162;0;370.197;-1081.46;492.987;-990.051
-0.317596;-0.243172;0;366.826;-1072.64;488.964;-981.972
-0.314515;-0.247144;0;363.024;-1062.28;484.263;-972.532
-0.311385;-0.251077;0;358.946;-1051.31;479.25;-962.463
-0.308205;-0.25497;0;354.865;-1040.34;474.232;-952.386
-0.304977;-0.258822;0;350.78;-1029.36;469.211;-942.302
-0.301701;-0.262634;0;346.694;-1018.37;464.187;-932.213
-0.298376;-0.266405;0;342.605;-1007.38;459.161;-922.12
-0.295005;-0.270133;0;338.516;-996.387;454.135;-912.025
-0.291587;-0.273819;0;334.426;-985.395;449.108;-901.93
-0.288124;-0.277461;0;330.337;-974.404;444.082;-891.837
-0.284614;-0.28106;0;326.248;-963.418;439.057;-881.745
-0.28106;-0.284614;0;322.161;-952.436;434.034;-871.659
-0.277461;-0.288124;0;317.993;-940.737;428.726;-860.998
-0.273819;-0.291587;0;313.743;-928.756;423.293;-850.088
-0.270133;-0.295005;0;309.258;-916.247;417.578;-838.609
-0.266405;-0.298376;0;304.672;-903.447;411.729;-826.864
-0.262634;-0.301701;0;300.083;-890.641;405.878;-815.112
-0.258822;-0.304977;0;295.493;-877.831;400.024;-803.357
-0.25497;-0.308205;0;290.901;-865.019;394.17;-791.599
-0.251077;-0.311385;0;286.31;-852.207;388.315;-779.842
-0.247144;-0.314515;0;281.718;-839.396;382.461;-768.086
-0.243172;-0.317596;0;277.129;-826.59;376.609;-756.333
-0.239162;-0.320627;0;272.541;-813.789;370.759;-744.585
-0.235114;-0.323607;0;267.955;-800.996;364.913;-732.845
-0.231029;-0.326536;0;263.373;-788.214;359.072;-721.114
-0.226908;-0.329413;0;258.731;-774.992;353.057;-709.034
-0.22275;-0.332238;0;253.854;-760.805;346.632;-696.13
-0.218558;-0.335011;0;248.859;-746.349;340.036;-682.884
-0.214331;-0.337731;0;243.816;-731.752;333.375;-669.508
-0.21007;-0.340398;0;238.771;-717.148;326.711;-656.124
-0.205776;-0.343011;0;233.723;-702.54;320.044;-642.736
-0.201449;-0.345569;0;228.675;-687.928;313.377;-629.345
-0.197091;-0.348074;0;223.626;-673.317;306.709;-615.954
-0.192701;-0.350523;0;218.577;-658.708;300.041;-602.564
-0.188282;-0.352916;0;213.53;-644.103;293.376;-589.179
-0.183832;-0.355255;0;208.485;-629.504;286.714;-575.799
-0.179353;-0.357537;0;203.443;-614.915;280.055;-562.427
-0.174846;-0.359762;0;198.404;-600.337;273.402;-549.065
-0.170312;-0.361931;0;193.284;-584.987;266.449;-535.101
-0.16575;-0.364042;0;187.977;-569.143;259.231;-520.605
-0.161163;-0.366096;0;182.613;-553.14;251.936;-505.956
-0.156549;-0.368093;0;177.246;-537.127;244.637;-491.297
-0.151912;-0.370031;0;171.876;-521.106;237.334;-476.631
-0.14725;-0.371911;0;166.505;-505.08;230.029;-461.96
-0.142565;-0.373732;0;161.132;-489.052;222.722;-447.286
-0.137857;-0.375494;0;155.759;-473.023;215.415;-432.612
-0.133128;-0.377196;0;150.387;-456.997;208.11;-417.941
-0.128377;-0.378839;0;145.017;-440.976;200.807;-403.274
-0.123607;-0.380423;0;139.648;-424.963;193.507;-388.614
-0.118817;-0.381946;0;134.283;-408.959;186.211;-373.962
-0.114008;-0.383409;0;128.923;-392.968;178.921;-359.322
-0.109181;-0.384811;0;123.576;-376.999;171.644;-344.708
-0.104337;-0.386153;0;118.039;-360.101;163.958;-329.272
-0.099476;-0.387433;0;112.481;-343.179;156.251;-313.795
-0.0945996;-0.388653;0;106.921;-326.249;148.54;-298.309
-0.0897083;-0.389811;0;101.358;-309.312;140.826;-282.817
-0.0848028;-0.390907;0;95.7954;-292.386;133.116;-267.333
-0.079884;-0.391942;0;90.2231;-275.429;125.391;-251.82
-0.0749525;-0.392915;0;84.6478;-258.459;117.662;-236.297
-0.0700092;-0.393826;0;79.0733;-241.491;109.934;-220.777
-0.0650549;-0.394674;0;73.5005;-224.528;102.208;-205.261
-0.0600902;-0.395461;0;67.9304;-207.573;94.4856;-189.753
-0.0551161;-0.396185;0;62.3637;-190.628;86.768;-174.254
-0.0501333;-0.396846;0;56.7471;-173.506;78.9546;-158.562
-0.0451426;-0.397445;0;51.1024;-156.173;71.0633;-142.714
-0.0401447;-0.39798;0;45.4546;-138.831;63.1675;-126.857
-0.0351405;-0.398453;0;39.8045;-121.481;55.2685;-110.994
-0.0301307;-0.398864;0;34.1622;-104.155;47.3804;-95.1527
-0.0251162;-0.399211;0;28.5068;-86.7877;39.4739;-79.2742
-0.0200977;-0.399495;0;22.851;-69.4196;31.5668;-63.3947
-0.0150761;-0.399716;0;17.1957;-52.0531;23.6605;-47.5166
-0.010052;-0.399874;0;11.5418;-34.691;15.7561;-31.6425
-0.00502642;-0.399968;0;5.89019;-17.336;7.85496;-15.7749
-7.34788e-17;-0.4;0;0.241812;0.00924925;-0.0417188;0.0837827
0.00502642;-0.399968;0;-5.36789;17.2097;-7.87588;15.8169
0.010052;-0.399874;0;-11.0135;34.4591;-15.7403;31.6108
0.0150761;-0.399716;0;-16.6638;51.7228;-23.6113;47.4179
0.0200977;-0.399495;0;-22.3179;68.9981;-31.4876;63.2356
0.0251162;-0.399211;0;-27.975;86.2824;-39.368;79.0615
0.0301307;-0.398864;0;-33.634;103.573;-47.2512;94.8931
0.0351405;-0.398453;0;-39.2942;120.867;-55.1359;110.728
0.0401447;-0.39798;0;-44.9546;138.161;-63.021;126.563
0.0451426;-0.397445;0;-50.6144;155.454;-70.9051;142.397
0.0501333;-0.396846;0;-56.2726;172.742;-78.7871;158.226
0.0551161;-0.396185;0;-61.8347;190.07;-86.6268;173.97
0.0600902;-0.395461;0;-67.415;207.461;-94.4938;189.769
0.0650549;-0.394674;0;-72.9236;224.237;-102.122;205.089
0.0700092;-0.393826;0;-78.5232;241.272;-109.87;220.649
0.0749525;-0.392915;0;-84.1233;258.308;-117.619;236.211
0.079884;-0.391942;0;-89.723;275.344;-125.368;251.772
0.0848028;-0.390907;0;-95.2081;291.988;-132.946;266.992
0.0897083;-0.389811;0;-100.749;308.733;-140.584;282.332
0.0945996;-0.388653;0;-106.292;325.483;-148.225;297.675
0.099476;-0.387433;0;-111.835;342.235;-155.866;313.02
0.104337;-0.386153;0;-117.378;358.986;-163.506;328.365
0.109181;-0.384811;0;-122.92;375.733;-171.145;343.706
0.114008;-0.383409;0;-128.461;392.474;-178.781;359.041
0.118817;-0.381946;0;-133.78;408.391;-186.036;373.61
0.123607;-0.380423;0;-139.176;424.451;-193.351;388.301
0.128377;-0.378839;0;-144.574;440.518;-200.67;402.999
0.133128;-0.377196;0;-149.975;456.592;-207.991;417.702
0.137857;-0.375494;0;-155.377;472.668;-215.314;432.409
0.142565;-0.373732;0;-160.779;488.745;-222.637;447.116
0.14725;-0.371911;0;-166.181;504.821;-229.96;461.822
0.151912;-0.370031;0;-171.581;520.892;-237.28;476.523
0.156549;-0.368093;0;-176.98;536.956;-244.598;491.219
0.161163;-0.366096;0;-182.375;553.011;-251.911;505.906
0.16575;-0.364042;0;-187.766;569.054;-259.219;520.582
0.170312;-0.361931;0;-193.086;584.75;-266.392;534.987
0.174846;-0.359762;0;-198.293;599.913;-273.338;548.937
0.179353;-0.357537;0;-203.357;614.571;-280.022;562.36
0.183832;-0.355255;0;-208.424;629.24;-286.71;575.792
0.188282;-0.352916;0;-213.495;643.915;-293.402;589.231
0.192701;-0.350523;0;-218.567;658.595;-300.096;602.675
0.197091;-0.348074;0;-223.64;673.277;-306.792;616.121
0.201449;-0.345569;0;-228.714;687.96;-313.487;629.567
0.205776;-0.343011;0;-233.787;702.641;-320.182;643.012
0.21007;-0.340398;0;-238.859;717.316;-326.874;656.452
0.214331;-0.337731;0;-243.928;731.986;-333.564;669.887
0.218558;-0.335011;0;-248.995;746.646;-340.25;683.314
0.22275;-0.332238;0;-254.058;761.294;-346.93;696.73
0.226908;-0.329413;0;-258.975;775.176;-353.303;709.528
0.231029;-0.326536;0;-263.571;788.044;-359.175;721.321
0.235114;-0.323607;0;-268.171;800.922;-365.053;733.125
0.239162;-0.320627;0;-272.773;813.809;-370.934;744.936
0.243172;-0.317596;0;-277.379;826.701;-376.818;756.753
0.247144;-0.314515;0;-281.986;839.598;-382.705;768.575
0.251077;-0.311385;0;-286.594;852.498;-388.592;780.398
0.25497;-0.308205;0;-291.202;865.397;-394.48;792.222
0.258822;-0.304977;0;-295.81;878.295;-400.367;804.045
0.262634;-0.301701;0;-300.417;891.188;-406.252;815.864
0.266405;-0.298376;0;-305.022;904.076;-412.135;827.679
0.270133;-0.295005;0;-309.624;916.956;-418.014;839.486
0.273819;-0.291587;0;-314.223;929.826;-423.889;851.284
0.277461;-0.288124;0;-318.746;942.427;-429.65;862.854
0.28106;-0.284614;0;-322.859;953.609;-434.766;873.128
0.284614;-0.28106;0;-326.883;964.497;-439.738;883.112
0.288124;-0.277461;0;-330.909;975.39;-444.711;893.101
0.291587;-0.273819;0;-334.937;986.287;-449.687;903.094
0.295005;-0.270133;0;-338.966;997.185;-454.664;913.088
0.298376;-0.266405;0;-342.995;1008.08;-459.641;923.083
0.301701;-0.262634;0;-347.024;1018.98;-464.617;933.077
0.304977;-0.258822;0;-351.052;1029.87;-469.592;943.069
0.308205;-0.25497;0;-355.079;1040.76;-474.565;953.056
0.311385;-0.251077;0;-359.104;1051.64;-479.535;963.037
0.314515;-0.247144;0;-363.126;1062.51;-484.502;973.011
0.317596;-0.243172;0;-367.041;1072.96;-489.29;982.628
0.320627;-0.239162;0;-370.346;1081.61;-493.24;990.559
0.323607;-0.235114;0;-373.653;1090.26;-497.193;998.498
0.326536;-0.231029;0;-376.963;1098.93;-501.148;1006.44
0.329413;-0.226908;0;-380.275;1107.59;-505.106;1014.39
0.332238;-0.22275;0;-383.589;1116.26;-509.065;1022.34
0.335011;-0.218558;0;-386.903;1124.94;-513.024;1030.29
0.337731;-0.214331;0;-390.217;1133.61;-516.984;1038.24
0.340398;-0.21007;0;-393.532;1142.28;-520.944;1046.2
0.343011;-0.205776;0;-396.845;1150.94;-524.902;1054.15
0.345569;-0.201449;0;-400.157;1159.61;-528.859;1062.09
0.348074;-0.197091;0;-403.468;1168.26;-532.813;1070.03
0.350523;-0.192701;0;-406.776;1176.91;-536.764;1077.97
0.352916;-0.188282;0;-410.081;1185.55;-540.712;1085.9
0.355255;-0.183832;0;-412.986;1193.03;-544.132;1092.76
0.357537;-0.179353;0;-415.493;1199.35;-547.022;1098.57
0.359762;-0.174846;0;-418.001;1205.67;-549.913;1104.38
0.361931;-0.170312;0;-420.404;1211.7;-552.678;1109.93
0.364042;-0.16575;0;-422.78;1217.7;-555.423;1115.44
0.366096;-0.161163;0;-425.156;1223.71;-558.169;1120.95
0.368093;-0.156549;0;-427.532;1229.72;-560.915;1126.47
0.370031;-0.151912;0;-429.907;1235.73;-563.661;1131.98
0.371911;-0.14725;0;-432.281;1241.74;-566.406;1137.5
0.373732;-0.142565;0;-434.655;1247.74;-569.151;1143.01
0.375494;-0.137857;0;-437.026;1253.75;-571.894;1148.52
0.377196;-0.133128;0;-439.396;1259.75;-574.635;1154.02
0.378839;-0.128377;0;-441.745;1265.74;-577.362;1159.5
0.380423;-0.123607;0;-443.857;1271.16;-579.816;1164.43
0.381946;-0.118817;0;-445.423;1275;-581.571;1167.95
0.383409;-0.114008;0;-446.99;1278.84;-583.328;1171.48
0.384811;-0.109181;0;-448.557;1282.68;-585.084;1175.01
0.386153;-0.104337;0;-450.03;1286.36;-586.752;1178.36
0.387433;-0.099476;0;-451.36;1289.65;-588.256;1181.38
0.388653;-0.0945996;0;-452.691;1292.95;-589.76;1184.4
0.389811;-0.0897083;0;-454.022;1296.25;-591.264;1187.42
0.390907;-0.0848028;0;-455.354;1299.55;-592.769;1190.44
0.391942;-0.079884;0;-456.686;1302.84;-594.273;1193.46
0.392915;-0.0749525;0;-458.017;1306.14;-595.776;1196.48
0.393826;-0.0700092;0;-459.348;1309.43;-597.279;1199.5
0.394674;-0.0650549;0;-460.679;1312.72;-598.781;1202.52
0.395461;-0.0600902;0;-462.009;1316.01;-600.282;1205.53
0.396185;-0.0551161;0;-462.837;1317.98;-601.19;1207.35
0.396846;-0.0501333;0;-463.472;1319.43;-601.866;1208.71
0.397445;-0.0451426;0;-464.108;1320.88;-602.542;1210.07
0.39798;-0.0401447;0;-464.557;1321.9;-603.018;1211.02
0.398453;-0.0351405;0;-464.84;1322.59;-603.329;1211.65
0.398864;-0.0301307;0;-465.122;1323.27;-603.64;1212.27
0.399211;-0.0251162;0;-465.405;1323.96;-603.95;1212.9
0.399495;-0.0200977;0;-465.688;1324.64;-604.261;1213.52
0.399716;-0.0150761;0;-465.971;1325.33;-604.572;1214.14
0.399874;-0.010052;0;-466.254;1326.01;-604.883;1214.77
0.399968;-0.00502642;0;-466.537;1326.69;-605.194;1215.39
