0.4;0;0;-481.848;1356.27;-605.499;1216.01
0.399968;0.00502642;0;-481.609;1355.58;-605.176;1215.36
0.399874;0.010052;0;-481.366;1354.88;-604.846;1214.69
0.399716;0.0150761;0;-481.123;1354.18;-604.516;1214.03
0.399495;0.0200977;0;-480.879;1353.48;-604.186;1213.37
0.399211;0.0251162;0;-480.636;1352.78;-603.857;1212.71
0.398864;0.0301307;0;-480.392;1352.08;-603.527;1212.05
0.398453;0.0351405;0;-480.149;1351.38;-603.197;1211.38
0.39798;0.0401447;0;-479.906;1350.69;-602.868;1210.72
0.397445;0.0451426;0;-479.34;1349.27;-602.262;1209.51
0.396846;0.0501333;0;-478.596;1347.54;-601.511;1208
0.396185;0.0551161;0;-477.853;1345.81;-600.76;1206.49
0.395461;0.0600902;0;-477.108;1344.08;-600.009;1204.98
0.394674;0.0650549;0;-475.919;1341.09;-598.657;1202.27
0.393826;0.0700092;0;-474.629;1337.81;-597.179;1199.3
0.392915;0.0749525;0;-473.337;1334.54;-595.699;1196.33
0.391942;0.079884;0;-472.045;1331.26;-594.219;1193.35
0.390907;0.0848028;0;-470.752;1327.99;-592.738;1190.38
0.389811;0.0897083;0;-469.458;1324.72;-591.257;1187.4
0.388653;0.0945996;0;-468.164;1321.44;-589.777;1184.43
0.387433;0.099476;0;-466.87;1318.17;-588.296;1181.46
0.386153;0.104337;0;-465.455;1314.77;-586.735;1178.32
0.384811;0.109181;0;-463.739;1310.7;-584.911;1174.66
0.383409;0.114008;0;-462.022;1306.62;-583.087;1171
0.381946;0.118817;0;-460.307;1302.54;-581.263;1167.33
0.380423;0.123607;0;-458.591;1298.47;-579.441;1163.67
0.378839;0.128377;0;-456.408;1293.2;-577.048;1158.87
0.377196;0.133128;0;-453.916;1287.15;-574.287;1153.32
0.375494;0.137857;0;-451.487;1281.02;-571.544;1147.81
0.373732;0.142565;0;-449.059;1274.89;-568.8;1142.3
0.371911;0.14725;0;-446.629;1268.76;-566.055;1136.79
0.370031;0.151912;0;-444.199;1262.62;-563.308;1131.28
0.368093;0.156549;0;-441.769;1256.48;-560.562;1125.76
0.366096;0.161163;0;-439.339;1250.34;-557.815;1120.24
0.364042;0.16575;0;-436.91;1244.2;-555.069;1114.73
0.361931;0.170312;0;-434.481;1238.05;-552.323;1109.21
0.359762;0.174846;0;-432.053;1231.91;-549.579;1103.7
0.357537;0.179353;0;-429.628;1225.77;-546.836;1098.2
0.355255;0.183832;0;-427.204;1219.64;-544.096;1092.69
0.352916;0.188282;0;-424.276;1212.18;-540.748;1085.97
0.350523;0.192701;0;-420.858;1203.37;-536.805;1078.05
0.348074;0.197091;0;-417.438;1194.55;-532.858;1070.12
0.345569;0.201449;0;-414.014;1185.73;-528.909;1062.19
0.343011;0.205776;0;-410.589;1176.89;-524.957;1054.26
0.340398;0.21007;0;-407.162;1168.05;-521.004;1046.32
0.337731;0.214331;0;-403.735;1159.21;-517.05;1038.38
0.335011;0.218558;0;-400.307;1150.37;-513.095;1030.43
0.332238;0.22275;0;-396.88;1141.52;-509.14;1022.49
0.329413;0.226908;0;-393.453;1132.68;-505.186;1014.55
0.326536;0.231029;0;-390.028;1123.84;-501.234;1006.61
0.323607;0.235114;0;-386.603;1114.96;-497.279;998.67
0.320627;0.239162;0;-383.157;1106.09;-493.312;990.704
0.317596;0.243172;0;-379.712;1097.23;-489.349;982.745
0.314515;0.247144;0;-375.827;1086.96;-484.765;973.539
0.311385;0.251077;0;-371.669;1075.85;-479.805;963.578
0.308205;0.25497;0;-367.508;1064.74;-474.841;953.61
0.304977;0.258822;0;-363.339;1053.62;-469.873;943.631
0.301701;0.262634;0;-359.159;1042.51;-464.897;933.638
0.298376;0.266405;0;-354.976;1031.37;-459.916;923.635
0.295005;0.270133;0;-350.789;1020.21;-454.929;913.62
0.291587;0.273819;0;-346.603;1009.05;-449.942;903.606
0.288124;0.277461;0;-342.416;997.884;-444.956;893.593
0.284614;0.28106;0;-338.232;986.723;-439.972;883.583
0.28106;0.284614;0;-334.05;975.566;-434.99;873.578
0.277461;0.288124;0;-329.814;964.227;-429.918;863.391
0.273819;0.291587;0;-325.063;951.087;-424.05;851.608
0.270133;0.295005;0;-320.308;937.934;-418.178;839.814
0.266405;0.298376;0;-315.549;924.77;-412.3;828.011
0.262634;0.301701;0;-310.787;911.597;-406.42;816.2
0.258822;0.304977;0;-306.023;898.418;-400.536;804.385
0.25497;0.308205;0;-301.258;885.234;-394.651;792.566
0.251077;0.311385;0;-296.492;872.027;-388.763;780.742
0.247144;0.314515;0;-291.725;858.817;-382.875;768.916
0.243172;0.317596;0;-286.949;845.613;-376.981;757.08
0.239162;0.320627;0;-282.174;832.415;-371.09;745.249
0.235114;0.323607;0;-277.401;819.224;-365.201;733.423
0.231029;0.326536;0;-272.632;806.041;-359.317;721.605
0.226908;0.329413;0;-267.865;792.87;-353.437;709.797
0.22275;0.332238;0;-262.864;778.721;-347.135;697.141
0.218558;0.335011;0;-257.631;763.733;-340.45;683.717
0.214331;0.337731;0;-252.394;748.734;-333.761;670.282
0.21007;0.340398;0;-247.153;733.726;-327.067;656.839
0.205776;0.343011;0;-241.91;718.712;-320.37;643.39
0.201449;0.345569;0;-236.665;703.695;-313.671;629.937
0.197091;0.348074;0;-231.419;688.676;-306.971;616.482
0.192701;0.350523;0;-226.173;673.658;-300.272;603.027
0.188282;0.352916;0;-220.928;658.643;-293.573;589.574
0.183832;0.355255;0;-215.684;643.634;-286.877;576.126
0.179353;0.357537;0;-210.443;628.633;-280.184;562.685
0.174846;0.359762;0;-205.204;613.642;-273.495;549.252
0.170312;0.361931;0;-199.939;598.359;-266.698;535.602
0.16575;0.364042;0;-194.336;581.94;-259.383;520.911
0.161163;0.366096;0;-188.702;565.445;-252.031;506.147
0.156549;0.368093;0;-183.062;548.934;-244.673;491.369
0.151912;0.370031;0;-177.418;532.408;-237.307;476.577
0.14725;0.371911;0;-171.769;515.871;-229.937;461.776
0.142565;0.373732;0;-166.118;499.326;-222.563;446.966
0.137857;0.375494;0;-160.464;482.774;-215.186;432.151
0.133128;0.377196;0;-154.809;466.218;-207.807;417.333
0.128377;0.378839;0;-149.154;449.661;-200.428;402.514
0.123607;0.380423;0;-143.499;433.106;-193.05;387.696
0.118817;0.381946;0;-138.034;416.889;-185.821;373.18
0.114008;0.383409;0;-132.355;399.791;-178.198;357.871
0.109181;0.384811;0;-126.673;382.684;-170.572;342.555
0.104337;0.386153;0;-120.99;365.574;-162.944;327.236
0.099476;0.387433;0;-115.306;348.461;-155.315;311.914
0.0945996;0.388653;0;-109.622;331.348;-147.686;296.593
0.0897083;0.389811;0;-103.94;314.239;-140.058;281.275
0.0848028;0.390907;0;-98.2594;297.136;-132.434;265.962
0.079884;0.391942;0;-92.5818;280.042;-124.813;250.658
0.0749525;0.392915;0;-86.908;262.96;-117.197;235.363
0.0700092;0.393826;0;-81.2389;245.891;-109.587;220.081
0.0650549;0.394674;0;-75.5754;228.839;-101.985;204.814
0.0600902;0.395461;0;-69.9183;211.807;-94.3921;189.565
0.0551161;0.396185;0;-64.2687;194.797;-86.8088;174.336
0.0501333;0.396846;0;-58.4603;177.242;-78.9727;158.599
0.0451426;0.397445;0;-52.6301;159.546;-71.0909;142.77
0.0401447;0.39798;0;-46.7931;141.83;-63.2001;126.923
0.0351405;0.398453;0;-40.9505;124.096;-55.3015;111.06
0.0301307;0.398864;0;-35.103;106.348;-47.3964;95.1848
0.0251162;0.399211;0;-29.2516;88.5873;-39.486;79.2987
0.0200977;0.399495;0;-23.3972;70.8181;-31.5717;63.4044
0.0150761;0.399716;0;-17.5408;53.0426;-23.6545;47.5047
0.010052;0.399874;0;-11.6833;35.2638;-15.7358;31.6018
0.00502642;0.399968;0;-5.82552;17.4843;-7.81691;15.6985
2.44929e-17;0.4;0;0.0314967;-0.292979;0.101042;-0.202919
-0.00502642;0.399968;0;5.88686;-18.0652;8.01676;-16.0998
-0.010052;0.399874;0;11.7396;-35.8297;15.929;-31.9897
-0.0150761;0.399716;0;17.5889;-53.5835;23.8365;-47.8701
-0.0200977;0.399495;0;23.4338;-71.3239;31.738;-63.7385
-0.0251162;0.399211;0;29.2733;-89.0481;39.6323;-79.5924
-0.0301307;0.398864;0;35.1066;-106.753;47.5181;-95.4292
-0.0351405;0.398453;0;40.8942;-124.18;55.3267;-111.111
-0.0401447;0.39798;0;46.6697;-141.473;63.0897;-126.701
-0.0451426;0.397445;0;52.4413;-158.891;70.8436;-142.273
-0.0501333;0.396846;0;58.2176;-176.323;78.6037;-157.857
-0.0551161;0.396185;0;63.9976;-193.767;86.3688;-173.452
-0.0600902;0.395461;0;69.7805;-211.218;94.1376;-189.054
-0.0650549;0.394674;0;75.5652;-228.675;101.909;-204.661
-0.0700092;0.393826;0;81.351;-246.135;109.682;-220.271
-0.0749525;0.392915;0;87.1369;-263.595;117.455;-235.881
-0.079884;0.391942;0;92.922;-281.052;125.226;-251.489
-0.0848028;0.390907;0;98.7053;-298.504;132.996;-267.092
-0.0897083;0.389811;0;104.486;-315.947;140.762;-282.687
-0.0945996;0.388653;0;110.263;-333.38;148.523;-298.273
-0.099476;0.387433;0;116.036;-350.798;156.277;-313.848
-0.104337;0.386153;0;121.751;-367.837;163.914;-329.184
-0.109181;0.384811;0;127.367;-384.312;171.321;-344.059
-0.114008;0.383409;0;132.946;-400.751;178.647;-358.771
-0.118817;0.381946;0;138.528;-417.203;185.978;-373.494
-0.123607;0.380423;0;144.115;-433.665;193.313;-388.225
-0.128377;0.378839;0;149.703;-450.134;200.652;-402.964
-0.133128;0.377196;0;155.294;-466.607;207.993;-417.707
-0.137857;0.375494;0;160.885;-483.082;215.336;-432.452
-0.142565;0.373732;0;166.477;-499.557;222.678;-447.197
-0.14725;0.371911;0;172.067;-516.029;230.019;-461.939
-0.151912;0.370031;0;177.631;-532.408;237.327;-476.617
-0.156549;0.368093;0;183.185;-548.814;244.64;-491.303
-0.161163;0.366096;0;188.736;-565.211;251.949;-505.981
-0.16575;0.364042;0;194.283;-581.598;259.253;-520.649
-0.170312;0.361931;0;199.825;-597.971;266.55;-535.305
-0.174846;0.359762;0;205.15;-613.728;273.533;-549.328
-0.179353;0.357537;0;210.351;-628.605;280.181;-562.68
-0.183832;0.355255;0;215.556;-643.494;286.835;-576.042
-0.188282;0.352916;0;220.763;-658.393;293.493;-589.413
-0.192701;0.350523;0;225.973;-673.299;300.153;-602.789
-0.197091;0.348074;0;231.184;-688.21;306.816;-616.169
-0.201449;0.345569;0;236.395;-703.124;313.479;-629.551
-0.205776;0.343011;0;241.606;-718.038;320.142;-642.933
-0.21007;0.340398;0;246.816;-732.95;326.804;-656.312
-0.214331;0.337731;0;252.024;-747.858;333.464;-669.686
-0.218558;0.335011;0;257.228;-762.759;340.12;-683.054
-0.22275;0.332238;0;262.363;-777.5;346.678;-696.223
-0.226908;0.329413;0;267.42;-792.161;353.109;-709.138
-0.231029;0.326536;0;272.122;-805.135;358.91;-720.789
-0.235114;0.323607;0;276.89;-818.283;364.792;-732.6
-0.239162;0.320627;0;281.662;-831.44;370.677;-744.42
-0.243172;0.317596;0;286.436;-844.604;376.566;-756.246
-0.247144;0.314515;0;291.211;-857.773;382.456;-768.075
-0.251077;0.311385;0;295.987;-870.946;388.348;-779.907
-0.25497;0.308205;0;300.763;-884.119;394.24;-791.74
-0.258822;0.304977;0;305.538;-897.291;400.131;-803.571
-0.262634;0.301701;0;310.312;-910.46;406.02;-815.398
-0.266405;0.298376;0;315.084;-923.624;411.907;-827.221
-0.270133;0.295005;0;319.852;-936.781;417.79;-839.036
-0.273819;0.291587;0;324.617;-949.928;423.669;-850.842
-0.277461;0.288124;0;329.042;-962.342;429.17;-861.89
-0.28106;0.284614;0;333.294;-974.084;434.373;-872.339
-0.284614;0.28106;0;337.519;-985.296;439.386;-882.407
-0.288124;0.277461;0;341.745;-996.515;444.402;-892.479
-0.291587;0.273819;0;345.972;-1007.74;449.419;-902.554
-0.295005;0.270133;0;350.199;-1018.96;454.436;-912.631
-0.298376;0.266405;0;354.426;-1030.19;459.453;-922.707
-0.301701;0.262634;0;358.652;-1041.41;464.47;-932.781
-0.304977;0.258822;0;362.875;-1052.64;469.484;-942.851
-0.308205;0.25497;0;367.097;-1063.85;474.496;-952.917
-0.311385;0.251077;0;371.315;-1075.07;479.505;-962.976
-0.314515;0.247144;0;375.529;-1086.27;484.509;-973.026
-0.317596;0.243172;0;379.451;-1096.79;489.161;-982.368
-0.320627;0.239162;0;382.916;-1105.68;493.136;-990.35
-0.323607;0.235114;0;386.384;-1114.58;497.114;-998.339
-0.326536;0.231029;0;389.854;-1123.49;501.094;-1006.33
-0.329413;0.226908;0;393.325;-1132.4;505.076;-1014.33
-0.332238;0.22275;0;396.796;-1141.31;509.059;-1022.33
-0.335011;0.218558;0;400.268;-1150.23;513.043;-1030.33
-0.337731;0.214331;0;403.656;-1159.05;516.967;-1038.21
-0.340398;0.21007;0;407.05;-1167.82;520.892;-1046.09
-0.343011;0.205776;0;410.444;-1176.59;524.817;-1053.98
-0.345569;0.201449;0;413.836;-1185.36;528.741;-1061.85
-0.348074;0.197091;0;417.227;-1194.12;532.662;-1069.73
-0.350523;0.192701;0;420.616;-1202.88;536.581;-1077.6
-0.352916;0.188282;0;424.003;-1211.62;540.497;-1085.46
-0.355255;0.183832;0;427.048;-1219.42;544.023;-1092.55
-0.357537;0.179353;0;429.619;-1225.86;546.9;-1098.32
-0.359762;0.174846;0;432.201;-1232.32;549.788;-1104.12
-0.361931;0.170312;0;434.784;-1238.79;552.677;-1109.92
-0.364042;0.16575;0;437.367;-1245.25;555.566;-1115.73
-0.366096;0.161163;0;439.95;-1251.71;558.455;-1121.53
-0.368093;0.156549;0;442.532;-1258.17;561.343;-1127.33
-0.370031;0.151912;0;445.114;-1264.62;564.23;-1133.13
-0.371911;0.14725;0;447.695;-1271.07;567.116;-1138.92
-0.373732;0.142565;0;450.274;-1277.51;570;-1144.71
-0.375494;0.137857;0;452.852;-1283.95;572.881;-1150.5
-0.377196;0.133128;0;455.375;-1290.16;575.675;-1156.11
-0.378839;0.128377;0;457.148;-1294.45;577.608;-1159.99
-0.380423;0.123607;0;458.778;-1298.44;579.391;-1163.57
-0.381946;0.118817;0;460.409;-1302.43;581.175;-1167.16
-0.383409;0.114008;0;462.041;-1306.42;582.96;-1170.74
-0.384811;0.109181;0;463.674;-1310.42;584.746;-1174.33
-0.386153;0.104337;0;465.307;-1314.41;586.532;-1177.92
-0.387433;0.099476;0;466.941;-1318.4;588.319;-1181.5
-0.388653;0.0945996;0;468.574;-1322.39;590.105;-1185.09
-0.389811;0.0897083;0;470.207;-1326.38;591.89;-1188.68
-0.390907;0.0848028;0;471.839;-1330.36;593.675;-1192.26
-0.391942;0.079884;0;473.471;-1334.34;595.459;-1195.84
-0.392915;0.0749525;0;475.101;-1338.32;597.242;-1199.42
-0.393826;0.0700092;0;476.731;-1342.29;599.022;-1203
-0.394674;0.0650549;0;478.344;-1346.23;600.787;-1206.54
-0.395461;0.0600902;0;478.986;-1347.78;601.484;-1207.94
-0.396185;0.0551161;0;479.533;-1349.1;602.07;-1209.12
-0.396846;0.0501333;0;480.08;-1350.42;602.656;-1210.3
-0.397445;0.0451426;0;480.628;-1351.73;603.241;-1211.47
-0.39798;0.0401447;0;481.175;-1353.04;603.827;-1212.65
-0.398453;0.0351405;0;481.713;-1354.27;604.398;-1213.8
-0.398864;0.0301307;0;482.224;-1355.49;604.952;-1214.91
-0.399211;0.0251162;0;482.725;-1356.71;605.501;-1216.01
-0.399495;0.0200977;0;483.225;-1357.93;606.05;-1217.11
-0.399716;0.0150761;0;483.724;-1359.15;606.598;-1218.21
-0.399874;0.010052;0;484.221;-1360.37;607.146;-1219.31
-0.399968;0.00502642;0;484.718;-1361.6;607.692;-1220.41
-0.4;4.89859e-17;0;485.214;-1362.82;608.238;-1221.51
-0.399968;-0.00502642;0;484.869;-1361.97;607.86;-1220.75
-0.399874;-0.010052;0;484.343;-1360.68;607.284;-1219.59
-0.399716;-0.0150761;0;483.817;-1359.39;606.708;-1218.43
-0.399495;-0.0200977;0;483.289;-1358.11;606.131;-1217.27
-0.399211;-0.0251162;0;482.76;-1356.82;605.553;-1216.11
-0.398864;-0.0301307;0;482.23;-1355.53;604.975;-1214.95
-0.398453;-0.0351405;0;481.699;-1354.24;604.396;-1213.79
-0.39798;-0.0401447;0;481.168;-1352.95;603.817;-1212.63
-0.397445;-0.0451426;0;480.635;-1351.67;603.238;-1211.47
-0.396846;-0.0501333;0;480.103;-1350.38;602.658;-1210.3
-0.396185;-0.0551161;0;479.569;-1349.1;602.079;-1209.14
-0.395461;-0.0600902;0;479.035;-1347.81;601.499;-1207.97
-0.394674;-0.0650549;0;478.498;-1346.53;600.918;-1206.81
-0.393826;-0.0700092;0;476.919;-1342.67;599.197;-1203.35
-0.392915;-0.0749525;0;475.299;-1338.72;597.433;-1199.81
-0.391942;-0.079884;0;473.677;-1334.77;595.667;-1196.26
-0.390907;-0.0848028;0;472.053;-1330.81;593.899;-1192.71
-0.389811;-0.0897083;0;470.428;-1326.86;592.131;-1189.16
-0.388653;-0.0945996;0;468.802;-1322.9;590.361;-1185.61
-0.387433;-0.099476;0;467.175;-1318.94;588.591;-1182.05
-0.386153;-0.104337;0;465.548;-1314.98;586.821;-1178.5
-0.384811;-0.109181;0;463.92;-1311.03;585.051;-1174.94
-0.383409;-0.114008;0;462.292;-1307.07;583.281;-1171.39
-0.381946;-0.118817;0;460.664;-1303.12;581.512;-1167.83
-0.380423;-0.123607;0;459.037;-1299.17;579.744;-1164.28
-0.378839;-0.128377;0;457.339;-1295.02;577.884;-1160.55
-0.377196;-0.133128;0;454.994;-1289.05;575.215;-1155.19
-0.375494;-0.137857;0;452.646;-1283.08;572.545;-1149.82
-0.373732;-0.142565;0;450.296;-1277.11;569.873;-1144.46
-0.371911;-0.14725;0;447.612;-1270.58;566.938;-1138.56
-0.370031;-0.151912;0;444.9;-1263.92;563.966;-1132.6
-0.368093;-0.156549;0;442.186;-1257.26;560.992;-1126.62
-0.366096;-0.161163;0;439.471;-1250.6;558.018;-1120.65
-0.364042;-0.16575;0;436.756;-1243.93;555.042;-1114.68
-0.361931;-0.170312;0;434.041;-1237.26;552.067;-1108.7
-0.359762;-0.174846;0;431.326;-1230.59;549.092;-1102.72
-0.357537;-0.179353;0;428.612;-1223.92;546.117;-1096.75
-0.355255;-0.183832;0;425.657;-1216.52;542.745;-1089.98
-0.352916;-0.188282;0;422.637;-1208.94;539.294;-1083.05
-0.350523;-0.192701;0;419.513;-1200.9;535.676;-1075.78
-0.348074;-0.197091;0;416.226;-1192.33;531.84;-1068.08
-0.345569;-0.201449;0;412.937;-1183.75;528.001;-1060.37
-0.343011;-0.205776;0;409.648;-1175.18;524.161;-1052.66
-0.340398;-0.21007;0;406.357;-1166.59;520.32;-1044.94
-0.337731;-0.214331;0;403.067;-1158.01;516.48;-1037.23
-0.335011;-0.218558;0;399.778;-1149.43;512.639;-1029.52
-0.332238;-0.22275;0;396.489;-1140.85;508.801;-1021.81
-0.329413;-0.226908;0;393.202;-1132.28;504.963;-1014.1
-0.326536;-0.231029;0;389.753;-1123.35;501.007;-1006.16
-0.323607;-0.235114;0;386.237;-1114.35;496.996;-998.102
-0.320627;-0.239162;0;382.724;-1105.35;492.987;-990.051
-0.317596;-0.243172;0;379.216;-1096.29;488.964;-981.972
-0.314515;-0.247144;0;375.287;-1085.61;484.263;-972.532
-0.311385;-0.251077;0;371.056;-1074.39;479.25;-962.463
-0.308205;-0.25497;0;366.821;-1063.17;474.232;-952.386
-0.304977;-0.258822;0;362.583;-1051.93;469.211;-942.302
-0.301701;-0.262634;0;358.342;-1040.69;464.187;-932.213
-0.298376;-0.266405;0;354.099;-1029.45;459.161;-922.12
-0.295005;-0.270133;0;349.856;-1018.21;454.135;-912.025
-0.291587;-0.273819;0;345.612;-1006.97;449.108;-901.93
-0.288124;-0.277461;0;341.368;-995.726;444.082;-891.837
-0.284614;-0.28106;0;337.125;-984.49;439.057;-881.745
-0.28106;-0.284614;0;332.883;-973.26;434.034;-871.659
-0.277461;-0.288124;0;328.614;-961.25;428.726;-860.998
-0.273819;-0.291587;0;324.266;-948.946;423.293;-850.088
-0.270133;-0.295005;0;319.635;-936.18;417.578;-838.609
-0.266405;-0.298376;0;314.896;-923.116;411.729;-826.864
-0.262634;-0.301701;0;310.155;-910.046;405.878;-815.112
-0.258822;-0.304977;0;305.412;-896.972;400.024;-803.357
-0.25497;-0.308205;0;300.669;-883.896;394.17;-791.599
-0.251077;-0.311385;0;295.925;-870.82;388.315;-779.842
-0.247144;-0.314515;0;291.181;-857.746;382.461;-768.086
-0.243172;-0.317596;0;286.439;-844.676;376.609;-756.333
-0.239162;-0.320627;0;281.699;-831.613;370.759;-744.585
-0.235114;-0.323607;0;276.962;-818.558;364.913;-732.845
-0.231029;-0.326536;0;272.228;-805.513;359.072;-721.114
-0.226908;-0.329413;0;267.425;-791.951;353.057;-709.034
-0.22275;-0.332238;0;262.373;-777.33;346.632;-696.13
-0.218558;-0.335011;0;257.207;-762.563;340.036;-682.884
-0.214331;-0.337731;0;251.991;-747.655;333.375;-669.508
-0.21007;-0.340398;0;246.772;-732.741;326.711;-656.124
-0.205776;-0.343011;0;241.552;-717.822;320.044;-642.736
-0.201449;-0.345569;0;236.33;-702.9;313.377;-629.345
-0.197091;-0.348074;0;231.108;-687.979;306.709;-615.954
-0.192701;-0.350523;0;225.886;-673.061;300.041;-602.564
-0.188282;-0.352916;0;220.665;-658.147;293.376;-589.179
-0.183832;-0.355255;0;215.447;-643.24;286.714;-575.799
-0.179353;-0.357537;0;210.231;-628.343;280.055;-562.427
-0.174846;-0.359762;0;205.02;-613.458;273.402;-549.065
-0.170312;-0.361931;0;199.738;-597.673;266.449;-535.101
-0.16575;-0.364042;0;194.247;-581.478;259.231;-520.605
-0.161163;-0.366096;0;188.696;-565.129;251.936;-505.956
-0.156549;-0.368093;0;183.142;-548.77;244.637;-491.297
-0.151912;-0.370031;0;177.584;-532.403;237.334;-476.631
-0.14725;-0.371911;0;172.025;-516.031;230.029;-461.96
-0.142565;-0.373732;0;166.465;-499.656;222.722;-447.286
-0.137857;-0.375494;0;160.904;-483.282;215.415;-432.612
-0.133128;-0.377196;0;155.344;-466.91;208.11;-417.941
-0.128377;-0.378839;0;149.786;-450.544;200.807;-403.274
-0.123607;-0.380423;0;144.231;-434.185;193.507;-388.614
-0.118817;-0.381946;0;138.678;-417.837;186.211;-373.962
-0.114008;-0.383409;0;133.13;-401.502;178.921;-359.322
-0.109181;-0.384811;0;127.597;-385.184;171.644;-344.708
-0.104337;-0.386153;0;121.867;-367.89;163.958;-329.272
-0.099476;-0.387433;0;116.115;-350.598;156.251;-313.795
-0.0945996;-0.388653;0;110.361;-333.296;148.54;-298.309
-0.0897083;-0.389811;0;104.604;-315.989;140.826;-282.817
-0.0848028;-0.390907;0;98.8473;-298.697;133.116;-267.333
-0.079884;-0.391942;0;93.0784;-281.368;125.391;-251.82
-0.0749525;-0.392915;0;87.306;-264.025;117.662;-236.297
-0.0700092;-0.393826;0;81.5343;-246.684;109.934;-220.777
-0.0650549;-0.394674;0;75.7645;-229.347;102.208;-205.261
-0.0600902;-0.395461;0;69.9973;-212.018;94.4856;-189.753
-0.0551161;-0.396185;0;64.2336;-194.7;86.768;-174.254
-0.0501333;-0.396846;0;58.4328;-177.256;78.9546;-158.562
-0.0451426;-0.397445;0;52.5939;-159.542;71.0633;-142.714
-0.0401447;-0.39798;0;46.7517;-141.818;63.1675;-126.857
-0.0351405;-0.398453;0;40.9072;-124.087;55.2685;-110.994
-0.0301307;-0.398864;0;35.0706;-106.379;47.3804;-95.1527
-0.0251162;-0.399211;0;29.2206;-88.6289;39.4739;-79.2742
-0.0200977;-0.399495;0;23.3702;-70.8782;31.5668;-63.3947
-0.0150761;-0.399716;0;17.5203;-53.1291;23.6605;-47.5166
-0.010052;-0.399874;0;11.6719;-35.3845;15.7561;-31.6425
-0.00502642;-0.399968;0;5.82594;-17.6471;7.85496;-15.7749
-7.34788e-17;-0.4;0;-0.0167443;0.0802421;-0.0417188;0.0837827
0.00502642;-0.399968;0;-5.81691;17.6509;-7.87588;15.8169
0.010052;-0.399874;0;-11.6483;35.2509;-15.7403;31.6108
0.0150761;-0.399716;0;-17.4846;52.8656;-23.6113;47.4179
0.0200977;-0.399495;0;-23.3247;70.4921;-31.4876;63.2356
0.0251162;-0.399211;0;-29.1679;88.1277;-39.368;79.0615
0.0301307;-0.398864;0;-35.0132;105.77;-47.2512;94.8931
0.0351405;-0.398453;0;-40.8596;123.415;-55.1359;110.728
0.0401447;-0.39798;0;-46.7063;141.061;-63.021;126.563
0.0451426;-0.397445;0;-52.5523;158.705;-70.9051;142.397
0.0501333;-0.396846;0;-58.3966;176.344;-78.7871;158.226
0.0551161;-0.396185;0;-64.1284;194.163;-86.6268;173.97
0.0600902;-0.395461;0;-69.8787;212.048;-94.4938;189.769
0.0650549;-0.394674;0;-75.5766;229.234;-102.122;205.089
0.0700092;-0.393826;0;-81.3696;246.683;-109.87;220.649
0.0749525;-0.392915;0;-87.1631;264.134;-117.619;236.211
0.079884;-0.391942;0;-92.9562;281.584;-125.368;251.772
0.0848028;-0.390907;0;-98.6178;298.598;-132.946;266.992
0.0897083;-0.389811;0;-104.325;315.674;-140.584;282.332
0.0945996;-0.388653;0;-110.033;332.753;-148.225;297.675
0.099476;-0.387433;0;-115.742;349.834;-155.866;313.02
0.104337;-0.386153;0;-121.451;366.914;-163.506;328.365
0.109181;-0.384811;0;-127.159;383.99;-171.145;343.706
0.114008;-0.383409;0;-132.864;401.059;-178.781;359.041
0.118817;-0.381946;0;-138.354;417.33;-186.036;373.61
0.123607;-0.380423;0;-143.93;433.77;-193.351;388.301
0.128377;-0.378839;0;-149.509;450.219;-200.67;402.999
0.133128;-0.377196;0;-155.09;466.673;-207.991;417.702
0.137857;-0.375494;0;-160.672;483.131;-215.314;432.409
0.142565;-0.373732;0;-166.255;499.589;-222.637;447.116
0.14725;-0.371911;0;-171.837;516.046;-229.96;461.822
0.151912;-0.370031;0;-177.418;532.497;-237.28;476.523
0.156549;-0.368093;0;-182.996;548.942;-244.598;491.219
0.161163;-0.366096;0;-188.571;565.376;-251.911;505.906
0.16575;-0.364042;0;-194.142;581.798;-259.219;520.582
0.170312;-0.361931;0;-199.624;597.793;-266.392;534.987
0.174846;-0.359762;0;-204.977;613.195;-273.338;548.937
0.179353;-0.357537;0;-210.21;628.201;-280.022;562.36
0.183832;-0.355255;0;-215.447;643.216;-286.71;575.792
0.188282;-0.352916;0;-220.686;658.239;-293.402;589.231
0.192701;-0.350523;0;-225.927;673.265;-300.096;602.675
0.197091;-0.348074;0;-231.169;688.294;-306.792;616.121
0.201449;-0.345569;0;-236.412;703.323;-313.487;629.567
0.205776;-0.343011;0;-241.653;718.349;-320.182;643.012
0.21007;-0.340398;0;-246.894;733.37;-326.874;656.452
0.214331;-0.337731;0;-252.132;748.383;-333.564;669.887
0.218558;-0.335011;0;-257.367;763.387;-340.25;683.314
0.22275;-0.332238;0;-262.598;778.379;-346.93;696.73
0.226908;-0.329413;0;-267.672;792.479;-353.303;709.528
0.231029;-0.326536;0;-272.428;805.651;-359.175;721.321
0.235114;-0.323607;0;-277.188;818.834;-365.053;733.125
0.239162;-0.320627;0;-281.952;832.024;-370.934;744.936
0.243172;-0.317596;0;-286.718;845.221;-376.818;756.753
0.247144;-0.314515;0;-291.486;858.422;-382.705;768.575
0.251077;-0.311385;0;-296.255;871.624;-388.592;780.398
0.25497;-0.308205;0;-301.024;884.827;-394.48;792.222
0.258822;-0.304977;0;-305.793;898.027;-400.367;804.045
0.262634;-0.301701;0;-310.56;911.223;-406.252;815.864
0.266405;-0.298376;0;-315.325;924.412;-412.135;827.679
0.270133;-0.295005;0;-320.088;937.593;-418.014;839.486
0.273819;-0.291587;0;-324.847;950.764;-423.889;851.284
0.277461;-0.288124;0;-329.519;963.626;-429.65;862.854
0.28106;-0.284614;0;-333.771;975.026;-434.766;873.128
0.284614;-0.28106;0;-337.945;986.166;-439.738;883.112
0.288124;-0.277461;0;-342.12;997.312;-444.711;893.101
0.291587;-0.273819;0;-346.297;1008.46;-449.687;903.094
0.295005;-0.270133;0;-350.475;1019.61;-454.664;913.088
0.298376;-0.266405;0;-354.653;1030.76;-459.641;923.083
0.301701;-0.262634;0;-358.831;1041.9;-464.617;933.077
0.304977;-0.258822;0;-363.008;1053.05;-469.592;943.069
0.308205;-0.25497;0;-367.184;1064.18;-474.565;953.056
0.311385;-0.251077;0;-371.357;1075.31;-479.535;963.037
0.314515;-0.247144;0;-375.527;1086.43;-484.502;973.011
0.317596;-0.243172;0;-379.586;1097.06;-489.29;982.628
0.320627;-0.239162;0;-383.014;1105.9;-493.24;990.559
0.323607;-0.235114;0;-386.446;1114.75;-497.193;998.498
0.326536;-0.231029;0;-389.879;1123.6;-501.148;1006.44
0.329413;-0.226908;0;-393.314;1132.46;-505.106;1014.39
0.332238;-0.22275;0;-396.751;1141.32;-509.065;1022.34
0.335011;-0.218558;0;-400.189;1150.18;-513.024;1030.29
0.337731;-0.214331;0;-403.627;1159.04;-516.984;1038.24
0.340398;-0.21007;0;-407.064;1167.89;-520.944;1046.2
0.343011;-0.205776;0;-410.501;1176.75;-524.902;1054.15
0.345569;-0.201449;0;-413.936;1185.6;-528.859;1062.09
0.348074;-0.197091;0;-417.369;1194.44;-532.813;1070.03
0.350523;-0.192701;0;-420.8;1203.27;-536.764;1077.97
0.352916;-0.188282;0;-424.228;1212.1;-540.712;1085.9
0.355255;-0.183832;0;-427.235;1219.7;-544.132;1092.76
0.357537;-0.179353;0;-429.841;1226.16;-547.022;1098.57
0.359762;-0.174846;0;-432.449;1232.62;-549.913;1104.38
0.361931;-0.170312;0;-434.921;1238.73;-552.678;1109.93
0.364042;-0.16575;0;-437.358;1244.83;-555.423;1115.44
0.366096;-0.161163;0;-439.795;1250.94;-558.169;1120.95
0.368093;-0.156549;0;-442.232;1257.04;-560.915;1126.47
0.370031;-0.151912;0;-444.668;1263.15;-563.661;1131.98
0.371911;-0.14725;0;-447.103;1269.26;-566.406;1137.5
0.373732;-0.142565;0;-449.536;1275.36;-569.151;1143.01
0.375494;-0.137857;0;-451.968;1281.47;-571.894;1148.52
0.377196;-0.133128;0;-454.398;1287.57;-574.635;1154.02
0.378839;-0.128377;0;-456.819;1293.7;-577.362;1159.5
0.380423;-0.123607;0;-459.019;1299.3;-579.816;1164.43
0.381946;-0.118817;0;-460.66;1303.25;-581.571;1167.95
0.383409;-0.114008;0;-462.302;1307.21;-583.328;1171.48
0.384811;-0.109181;0;-463.944;1311.17;-585.084;1175.01
0.386153;-0.104337;0;-465.47;1314.96;-586.752;1178.36
0.387433;-0.099476;0;-466.8;1318.3;-588.256;1181.38
0.388653;-0.0945996;0;-468.131;1321.63;-589.76;1184.4
0.389811;-0.0897083;0;-469.461;1324.96;-591.264;1187.42
0.390907;-0.0848028;0;-470.793;1328.3;-592.769;1190.44
0.391942;-0.079884;0;-472.124;1331.63;-594.273;1193.46
0.392915;-0.0749525;0;-473.455;1334.96;-595.776;1196.48
0.393826;-0.0700092;0;-474.785;1338.29;-597.279;1199.5
0.394674;-0.0650549;0;-476.115;1341.61;-598.781;1202.52
0.395461;-0.0600902;0;-477.443;1344.93;-600.282;1205.53
0.396185;-0.0551161;0;-478.291;1346.95;-601.19;1207.35
0.396846;-0.0501333;0;-478.955;1348.45;-601.866;1208.71
0.397445;-0.0451426;0;-479.619;1349.96;-602.542;1210.07
0.39798;-0.0401447;0;-480.052;1350.98;-603.018;1211.02
0.398453;-0.0351405;0;-480.277;1351.64;-603.329;1211.65
0.398864;-0.0301307;0;-480.502;1352.3;-603.64;1212.27
0.399211;-0.0251162;0;-480.727;1352.96;-603.95;1212.9
0.399495;-0.0200977;0;-480.952;1353.63;-604.261;1213.52
0.399716;-0.0150761;0;-481.177;1354.29;-604.572;1214.14
0.399874;-0.010052;0;-481.402;1354.95;-604.883;1214.77
0.399968;-0.00502642;0;-481.627;1355.62;-605.194;1215.39
