0.4;0;0;-466.596;1351.49;-605.499;1216.01
0.399968;0.00502642;0;-466.298;1350.94;-605.176;1215.36
0.399874;0.010052;0;-465.994;1350.37;-604.846;1214.69
0.399716;0.0150761;0;-465.689;1349.8;-604.516;1214.03
0.399495;0.0200977;0;-465.385;1349.24;-604.186;1213.37
0.399211;0.0251162;0;-465.081;1348.67;-603.857;1212.71
0.398864;0.0301307;0;-464.777;1348.1;-603.527;1212.05
0.398453;0.0351405;0;-464.473;1347.54;-603.197;1211.38
0.39798;0.0401447;0;-464.169;1346.97;-602.868;1210.72
0.397445;0.0451426;0;-463.685;1345.45;-602.262;1209.51
0.396846;0.0501333;0;-463.064;1343.55;-601.511;1208
0.396185;0.0551161;0;-462.442;1341.64;-600.76;1206.49
0.395461;0.0600902;0;-461.819;1339.74;-600.009;1204.98
0.394674;0.0650549;0;-460.615;1336.85;-598.657;1202.27
0.393826;0.0700092;0;-459.291;1333.73;-597.179;1199.3
0.392915;0.0749525;0;-457.965;1330.61;-595.699;1196.33
0.391942;0.079884;0;-456.637;1327.49;-594.219;1193.35
0.390907;0.0848028;0;-455.309;1324.37;-592.738;1190.38
0.389811;0.0897083;0;-453.979;1321.25;-591.257;1187.4
0.388653;0.0945996;0;-452.649;1318.13;-589.777;1184.43
0.387433;0.099476;0;-451.318;1315.02;-588.296;1181.46
0.386153;0.104337;0;-449.879;1311.74;-586.735;1178.32
0.384811;0.109181;0;-448.251;1307.6;-584.911;1174.66
0.383409;0.114008;0;-446.624;1303.46;-583.087;1171
0.381946;0.118817;0;-444.998;1299.32;-581.263;1167.33
0.380423;0.123607;0;-443.373;1295.18;-579.441;1163.67
0.378839;0.128377;0;-441.233;1289.94;-577.048;1158.87
0.377196;0.133128;0;-438.765;1283.97;-574.287;1153.32
0.375494;0.137857;0;-436.395;1277.88;-571.544;1147.81
0.373732;0.142565;0;-434.028;1271.78;-568.8;1142.3
0.371911;0.14725;0;-431.66;1265.68;-566.055;1136.79
0.370031;0.151912;0;-429.292;1259.57;-563.308;1131.28
0.368093;0.156549;0;-426.925;1253.46;-560.562;1125.76
0.366096;0.161163;0;-424.559;1247.34;-557.815;1120.24
0.364042;0.16575;0;-422.194;1241.23;-555.069;1114.73
0.361931;0.170312;0;-419.831;1235.11;-552.323;1109.21
0.359762;0.174846;0;-417.47;1228.99;-549.579;1103.7
0.357537;0.179353;0;-415.111;1222.87;-546.836;1098.2
0.355255;0.183832;0;-412.755;1216.76;-544.096;1092.69
0.352916;0.188282;0;-409.894;1209.35;-540.748;1085.97
0.350523;0.192701;0;-406.582;1200.55;-536.805;1078.05
0.348074;0.197091;0;-403.268;1191.74;-532.858;1070.12
0.345569;0.201449;0;-399.951;1182.92;-528.909;1062.19
0.343011;0.205776;0;-396.633;1174.1;-524.957;1054.26
0.340398;0.21007;0;-393.315;1165.27;-521.004;1046.32
0.337731;0.214331;0;-389.996;1156.43;-517.05;1038.38
0.335011;0.218558;0;-386.678;1147.6;-513.095;1030.43
0.332238;0.22275;0;-383.36;1138.76;-509.14;1022.49
0.329413;0.226908;0;-380.044;1129.92;-505.186;1014.55
0.326536;0.231029;0;-376.73;1121.08;-501.234;1006.61
0.323607;0.235114;0;-373.432;1112.19;-497.279;998.67
0.320627;0.239162;0;-370.102;1103.31;-493.312;990.704
0.317596;0.243172;0;-366.773;1094.44;-489.349;982.745
0.314515;0.247144;0;-363.024;1084.17;-484.765;973.539
0.311385;0.251077;0;-359.002;1073.08;-479.805;963.578
0.308205;0.25497;0;-354.976;1061.98;-474.841;953.61
0.304977;0.258822;0;-350.94;1050.89;-469.873;943.631
0.301701;0.262634;0;-346.889;1039.79;-464.897;933.638
0.298376;0.266405;0;-342.839;1028.67;-459.916;923.635
0.295005;0.270133;0;-338.793;1017.52;-454.929;913.62
0.291587;0.273819;0;-334.748;1006.36;-449.942;903.606
0.288124;0.277461;0;-330.704;995.201;-444.956;893.593
0.284614;0.28106;0;-326.663;984.044;-439.972;883.583
0.28106;0.284614;0;-322.624;972.889;-434.99;873.578
0.277461;0.288124;0;-318.52;961.572;-429.918;863.391
0.273819;0.291587;0;-313.926;948.456;-424.05;851.608
0.270133;0.295005;0;-309.328;935.327;-418.178;839.814
0.266405;0.298376;0;-304.727;922.187;-412.3;828.011
0.262634;0.301701;0;-300.124;909.037;-406.42;816.2
0.258822;0.304977;0;-295.519;895.881;-400.536;804.385
0.25497;0.308205;0;-290.913;882.719;-394.651;792.566
0.251077;0.311385;0;-286.316;869.52;-388.763;780.742
0.247144;0.314515;0;-281.718;856.317;-382.875;768.916
0.243172;0.317596;0;-277.106;843.128;-376.981;757.08
0.239162;0.320627;0;-272.495;829.944;-371.09;745.249
0.235114;0.323607;0;-267.886;816.768;-365.201;733.423
0.231029;0.326536;0;-263.279;803.6;-359.317;721.605
0.226908;0.329413;0;-258.675;790.445;-353.437;709.797
0.22275;0.332238;0;-253.857;776.305;-347.135;697.141
0.218558;0.335011;0;-248.805;761.344;-340.45;683.717
0.214331;0.337731;0;-243.75;746.373;-333.761;670.282
0.21007;0.340398;0;-238.69;731.394;-327.067;656.839
0.205776;0.343011;0;-233.628;716.409;-320.37;643.39
0.201449;0.345569;0;-228.564;701.42;-313.671;629.937
0.197091;0.348074;0;-223.499;686.43;-306.971;616.482
0.192701;0.350523;0;-218.433;671.441;-300.272;603.027
0.188282;0.352916;0;-213.368;656.456;-293.573;589.574
0.183832;0.355255;0;-208.305;641.477;-286.877;576.126
0.179353;0.357537;0;-203.243;626.506;-280.184;562.685
0.174846;0.359762;0;-198.184;611.545;-273.495;549.252
0.170312;0.361931;0;-193.109;596.29;-266.698;535.602
0.16575;0.364042;0;-187.728;579.86;-259.383;520.911
0.161163;0.366096;0;-182.316;563.352;-252.031;506.147
0.156549;0.368093;0;-176.9;546.827;-244.673;491.369
0.151912;0.370031;0;-171.478;530.288;-237.307;476.577
0.14725;0.371911;0;-166.053;513.738;-229.937;461.776
0.142565;0.373732;0;-160.625;497.179;-222.563;446.966
0.137857;0.375494;0;-155.195;480.614;-215.186;432.151
0.133128;0.377196;0;-149.763;464.044;-207.807;417.333
0.128377;0.378839;0;-144.332;447.474;-200.428;402.514
0.123607;0.380423;0;-138.901;430.906;-193.05;387.696
0.118817;0.381946;0;-133.631;414.721;-185.821;373.18
0.114008;0.383409;0;-128.131;397.711;-178.198;357.871
0.109181;0.384811;0;-122.629;380.693;-170.572;342.555
0.104337;0.386153;0;-117.125;363.671;-162.944;327.236
0.099476;0.387433;0;-111.62;346.647;-155.315;311.914
0.0945996;0.388653;0;-106.116;329.623;-147.686;296.593
0.0897083;0.389811;0;-100.613;312.603;-140.058;281.275
0.0848028;0.390907;0;-95.1112;295.588;-132.434;265.962
0.079884;0.391942;0;-89.6126;278.583;-124.813;250.658
0.0749525;0.392915;0;-84.1177;261.588;-117.197;235.363
0.0700092;0.393826;0;-78.6274;244.608;-109.587;220.081
0.0650549;0.394674;0;-73.1425;227.645;-101.985;204.814
0.0600902;0.395461;0;-67.6638;210.701;-94.3921;189.565
0.0551161;0.396185;0;-62.1923;193.779;-86.8088;174.336
0.0501333;0.396846;0;-56.5739;176.296;-78.9727;158.599
0.0451426;0.397445;0;-50.9543;158.645;-71.0909;142.77
0.0401447;0.39798;0;-45.3284;140.973;-63.2001;126.923
0.0351405;0.398453;0;-39.6969;123.285;-55.3015;111.06
0.0301307;0.398864;0;-34.0608;105.581;-47.3964;95.1848
0.0251162;0.399211;0;-28.4209;87.8662;-39.486;79.2987
0.0200977;0.399495;0;-22.7782;70.1421;-31.5717;63.4044
0.0150761;0.399716;0;-17.1335;52.4117;-23.6545;47.5047
0.010052;0.399874;0;-11.4877;34.678;-15.7358;31.6018
0.00502642;0.399968;0;-5.84168;16.9436;-7.81691;15.6985
2.44929e-17;0.4;0;-0.196377;-0.78863;0.101042;-0.202919
-0.00502642;0.399968;0;5.44733;-18.5158;8.01676;-16.0998
-0.010052;0.399874;0;11.0886;-36.2353;15.929;-31.9897
-0.0150761;0.399716;0;16.7264;-53.9441;23.8365;-47.8701
-0.0200977;0.399495;0;22.36;-71.6396;31.738;-63.7385
-0.0251162;0.399211;0;27.9885;-89.3189;39.6323;-79.5924
-0.0301307;0.398864;0;33.6109;-106.979;47.5181;-95.4292
-0.0351405;0.398453;0;39.2462;-124.283;55.3267;-111.111
-0.0401447;0.39798;0;44.8875;-141.43;63.0897;-126.701
-0.0451426;0.397445;0;50.4462;-158.813;70.8436;-142.273
-0.0501333;0.396846;0;56.0094;-176.209;78.6037;-157.857
-0.0551161;0.396185;0;61.5764;-193.617;86.3688;-173.452
-0.0600902;0.395461;0;67.1462;-211.032;94.1376;-189.054
-0.0650549;0.394674;0;72.7181;-228.453;101.909;-204.661
-0.0700092;0.393826;0;78.291;-245.876;109.682;-220.271
-0.0749525;0.392915;0;83.8641;-263.299;117.455;-235.881
-0.079884;0.391942;0;89.4365;-280.72;125.226;-251.489
-0.0848028;0.390907;0;95.0075;-298.134;132.996;-267.092
-0.0897083;0.389811;0;100.576;-315.541;140.762;-282.687
-0.0945996;0.388653;0;106.141;-332.936;148.523;-298.273
-0.099476;0.387433;0;111.702;-350.317;156.277;-313.848
-0.104337;0.386153;0;117.267;-367.236;163.914;-329.184
-0.109181;0.384811;0;122.758;-383.567;171.321;-344.059
-0.114008;0.383409;0;128.134;-399.979;178.647;-358.771
-0.118817;0.381946;0;133.513;-416.403;185.978;-373.494
-0.123607;0.380423;0;138.897;-432.836;193.313;-388.225
-0.128377;0.378839;0;144.283;-449.277;200.652;-402.964
-0.133128;0.377196;0;149.671;-465.722;207.993;-417.707
-0.137857;0.375494;0;155.059;-482.169;215.336;-432.452
-0.142565;0.373732;0;160.448;-498.615;222.678;-447.197
-0.14725;0.371911;0;165.837;-515.057;230.019;-461.939
-0.151912;0.370031;0;171.213;-531.389;237.327;-476.617
-0.156549;0.368093;0;176.579;-547.742;244.64;-491.303
-0.161163;0.366096;0;181.942;-564.086;251.949;-505.981
-0.16575;0.364042;0;187.301;-580.42;259.253;-520.649
-0.170312;0.361931;0;192.655;-596.74;266.55;-535.305
-0.174846;0.359762;0;197.778;-612.473;273.533;-549.328
-0.179353;0.357537;0;202.824;-627.281;280.181;-562.68
-0.183832;0.355255;0;207.873;-642.101;286.835;-576.042
-0.188282;0.352916;0;212.925;-656.931;293.493;-589.413
-0.192701;0.350523;0;217.978;-671.769;300.153;-602.789
-0.197091;0.348074;0;223.033;-686.612;306.816;-616.169
-0.201449;0.345569;0;228.087;-701.458;313.479;-629.551
-0.205776;0.343011;0;233.141;-716.304;320.142;-642.933
-0.21007;0.340398;0;238.194;-731.148;326.804;-656.312
-0.214331;0.337731;0;243.244;-745.988;333.464;-669.686
-0.218558;0.335011;0;248.292;-760.822;340.12;-683.054
-0.22275;0.332238;0;253.238;-775.547;346.678;-696.223
-0.226908;0.329413;0;257.998;-790.353;353.109;-709.138
-0.231029;0.326536;0;262.553;-803.29;358.91;-720.789
-0.235114;0.323607;0;267.174;-816.398;364.792;-732.6
-0.239162;0.320627;0;271.798;-829.516;370.677;-744.42
-0.243172;0.317596;0;276.424;-842.64;376.566;-756.246
-0.247144;0.314515;0;281.051;-855.77;382.456;-768.075
-0.251077;0.311385;0;285.679;-868.904;388.348;-779.907
-0.25497;0.308205;0;290.307;-882.038;394.24;-791.74
-0.258822;0.304977;0;294.934;-895.172;400.131;-803.571
-0.262634;0.301701;0;299.559;-908.302;406.02;-815.398
-0.266405;0.298376;0;304.182;-921.428;411.907;-827.221
-0.270133;0.295005;0;308.801;-934.546;417.79;-839.036
-0.273819;0.291587;0;313.417;-947.655;423.669;-850.842
-0.277461;0.288124;0;317.706;-960.017;429.17;-861.89
-0.28106;0.284614;0;321.815;-971.735;434.373;-872.339
-0.284614;0.28106;0;325.888;-982.965;439.386;-882.407
-0.288124;0.277461;0;329.961;-994.202;444.402;-892.479
-0.291587;0.273819;0;334.035;-1005.44;449.419;-902.554
-0.295005;0.270133;0;338.108;-1016.69;454.436;-912.631
-0.298376;0.266405;0;342.181;-1027.93;459.453;-922.707
-0.301701;0.262634;0;346.252;-1039.18;464.47;-932.781
-0.304977;0.258822;0;350.322;-1050.42;469.484;-942.851
-0.308205;0.25497;0;354.388;-1061.66;474.496;-952.917
-0.311385;0.251077;0;358.451;-1072.89;479.505;-962.976
-0.314515;0.247144;0;362.51;-1084.11;484.509;-973.026
-0.317596;0.243172;0;366.241;-1094.72;489.161;-982.368
-0.320627;0.239162;0;369.576;-1103.64;493.136;-990.35
-0.323607;0.235114;0;372.913;-1112.58;497.114;-998.339
-0.326536;0.231029;0;376.252;-1121.52;501.094;-1006.33
-0.329413;0.226908;0;379.592;-1130.47;505.076;-1014.33
-0.332238;0.22275;0;382.931;-1139.42;509.059;-1022.33
-0.335011;0.218558;0;386.271;-1148.37;513.043;-1030.33
-0.337731;0.214331;0;389.534;-1157.2;516.967;-1038.21
-0.340398;0.21007;0;392.83;-1165.95;520.892;-1046.09
-0.343011;0.205776;0;396.126;-1174.7;524.817;-1053.98
-0.345569;0.201449;0;399.421;-1183.44;528.741;-1061.85
-0.348074;0.197091;0;402.716;-1192.18;532.662;-1069.73
-0.350523;0.192701;0;406.008;-1200.91;536.581;-1077.6
-0.352916;0.188282;0;409.299;-1209.63;540.497;-1085.46
-0.355255;0.183832;0;412.315;-1217.35;544.023;-1092.55
-0.357537;0.179353;0;414.797;-1223.8;546.9;-1098.32
-0.359762;0.174846;0;417.289;-1230.28;549.788;-1104.12
-0.361931;0.170312;0;419.782;-1236.75;552.677;-1109.92
-0.364042;0.16575;0;422.277;-1243.23;555.566;-1115.73
-0.366096;0.161163;0;424.772;-1249.7;558.455;-1121.53
-0.368093;0.156549;0;427.269;-1256.16;561.343;-1127.33
-0.370031;0.151912;0;429.766;-1262.62;564.23;-1133.13
-0.371911;0.14725;0;432.262;-1269.07;567.116;-1138.92
-0.373732;0.142565;0;434.758;-1275.52;570;-1144.71
-0.375494;0.137857;0;437.253;-1281.96;572.881;-1150.5
-0.377196;0.133128;0;439.698;-1288.15;575.675;-1156.11
-0.378839;0.128377;0;441.413;-1292.43;577.608;-1159.99
-0.380423;0.123607;0;442.984;-1296.44;579.391;-1163.57
-0.381946;0.118817;0;444.557;-1300.44;581.175;-1167.16
-0.383409;0.114008;0;446.131;-1304.45;582.96;-1170.74
-0.384811;0.109181;0;447.707;-1308.45;584.746;-1174.33
-0.386153;0.104337;0;449.283;-1312.46;586.532;-1177.92
-0.387433;0.099476;0;450.86;-1316.46;588.319;-1181.5
-0.388653;0.0945996;0;452.438;-1320.46;590.105;-1185.09
-0.389811;0.0897083;0;454.016;-1324.46;591.89;-1188.68
-0.390907;0.0848028;0;455.594;-1328.45;593.675;-1192.26
-0.391942;0.079884;0;457.171;-1332.44;595.459;-1195.84
-0.392915;0.0749525;0;458.748;-1336.43;597.242;-1199.42
-0.393826;0.0700092;0;460.324;-1340.41;599.022;-1203
-0.394674;0.0650549;0;461.885;-1344.35;600.787;-1206.54
-0.395461;0.0600902;0;462.508;-1345.91;601.484;-1207.94
-0.396185;0.0551161;0;463.028;-1347.24;602.07;-1209.12
-0.396846;0.0501333;0;463.548;-1348.57;602.656;-1210.3
-0.397445;0.0451426;0;464.07;-1349.9;603.241;-1211.47
-0.39798;0.0401447;0;464.592;-1351.23;603.827;-1212.65
-0.398453;0.0351405;0;465.133;-1352.43;604.398;-1213.8
-0.398864;0.0301307;0;465.642;-1353.62;604.952;-1214.91
-0.399211;0.0251162;0;466.137;-1354.83;605.501;-1216.01
-0.399495;0.0200977;0;466.631;-1356.03;606.05;-1217.11
-0.399716;0.0150761;0;467.123;-1357.24;606.598;-1218.21
-0.399874;0.010052;0;467.613;-1358.44;607.146;-1219.31
-0.399968;0.00502642;0;468.102;-1359.65;607.692;-1220.41
-0.4;4.89859e-17;0;468.59;-1360.85;608.238;-1221.51
-0.399968;-0.00502642;0;468.254;-1360.02;607.86;-1220.75
-0.399874;-0.010052;0;467.742;-1358.74;607.284;-1219.59
-0.399716;-0.0150761;0;467.227;-1357.46;606.708;-1218.43
-0.399495;-0.0200977;0;466.712;-1356.18;606.131;-1217.27
-0.399211;-0.0251162;0;466.195;-1354.9;605.553;-1216.11
-0.398864;-0.0301307;0;465.676;-1353.62;604.975;-1214.95
-0.398453;-0.0351405;0;465.156;-1352.34;604.396;-1213.79
-0.39798;-0.0401447;0;464.635;-1351.06;603.817;-1212.63
-0.397445;-0.0451426;0;464.113;-1349.79;603.238;-1211.47
-0.396846;-0.0501333;0;463.59;-1348.51;602.658;-1210.3
-0.396185;-0.0551161;0;463.066;-1347.24;602.079;-1209.14
-0.395461;-0.0600902;0;462.541;-1345.97;601.499;-1207.97
-0.394674;-0.0650549;0;462.014;-1344.7;600.918;-1206.81
-0.393826;-0.0700092;0;460.501;-1340.81;599.197;-1203.35
-0.392915;-0.0749525;0;458.95;-1336.82;597.433;-1199.81
-0.391942;-0.079884;0;457.397;-1332.83;595.667;-1196.26
-0.390907;-0.0848028;0;455.842;-1328.84;593.899;-1192.71
-0.389811;-0.0897083;0;454.285;-1324.85;592.131;-1189.16
-0.388653;-0.0945996;0;452.726;-1320.86;590.361;-1185.61
-0.387433;-0.099476;0;451.167;-1316.86;588.591;-1182.05
-0.386153;-0.104337;0;449.606;-1312.87;586.821;-1178.5
-0.384811;-0.109181;0;448.045;-1308.88;585.051;-1174.94
-0.383409;-0.114008;0;446.483;-1304.9;583.281;-1171.39
-0.381946;-0.118817;0;444.921;-1300.91;581.512;-1167.83
-0.380423;-0.123607;0;443.359;-1296.93;579.744;-1164.28
-0.378839;-0.128377;0;441.724;-1292.76;577.884;-1160.55
-0.377196;-0.133128;0;439.414;-1286.88;575.215;-1155.19
-0.375494;-0.137857;0;437.102;-1280.99;572.545;-1149.82
-0.373732;-0.142565;0;434.787;-1275.11;569.873;-1144.46
-0.371911;-0.14725;0;432.218;-1268.53;566.938;-1138.56
-0.370031;-0.151912;0;429.642;-1261.78;563.966;-1132.6
-0.368093;-0.156549;0;427.066;-1255.03;560.992;-1126.62
-0.366096;-0.161163;0;424.49;-1248.28;558.018;-1120.65
-0.364042;-0.16575;0;421.914;-1241.52;555.042;-1114.68
-0.361931;-0.170312;0;419.338;-1234.76;552.067;-1108.7
-0.359762;-0.174846;0;416.764;-1228;549.092;-1102.72
-0.357537;-0.179353;0;414.191;-1221.24;546.117;-1096.75
-0.355255;-0.183832;0;411.244;-1213.95;542.745;-1089.98
-0.352916;-0.188282;0;408.233;-1206.48;539.294;-1083.05
-0.350523;-0.192701;0;405.161;-1198.51;535.676;-1075.78
-0.348074;-0.197091;0;401.945;-1190.01;531.84;-1068.08
-0.345569;-0.201449;0;398.728;-1181.5;528.001;-1060.37
-0.343011;-0.205776;0;395.51;-1172.99;524.161;-1052.66
-0.340398;-0.21007;0;392.292;-1164.48;520.32;-1044.94
-0.337731;-0.214331;0;389.074;-1155.96;516.48;-1037.23
-0.335011;-0.218558;0;385.858;-1147.45;512.639;-1029.52
-0.332238;-0.22275;0;382.643;-1138.93;508.801;-1021.81
-0.329413;-0.226908;0;379.43;-1130.42;504.963;-1014.1
-0.326536;-0.231029;0;376.159;-1121.38;501.007;-1006.16
-0.323607;-0.235114;0;372.818;-1112.27;496.996;-998.102
-0.320627;-0.239162;0;369.478;-1103.16;492.987;-990.051
-0.317596;-0.243172;0;366.148;-1094.01;488.964;-981.972
-0.314515;-0.247144;0;362.429;-1083.24;484.263;-972.532
-0.311385;-0.251077;0;358.357;-1071.99;479.25;-962.463
-0.308205;-0.25497;0;354.282;-1060.73;474.232;-952.386
-0.304977;-0.258822;0;350.204;-1049.46;469.211;-942.302
-0.301701;-0.262634;0;346.123;-1038.19;464.187;-932.213
-0.298376;-0.266405;0;342.04;-1026.92;459.161;-922.12
-0.295005;-0.270133;0;337.955;-1015.65;454.135;-912.025
-0.291587;-0.273819;0;333.87;-1004.37;449.108;-901.93
-0.288124;-0.277461;0;329.784;-993.102;444.082;-891.837
-0.284614;-0.28106;0;325.7;-981.836;439.057;-881.745
-0.28106;-0.284614;0;321.616;-970.576;434.034;-871.659
-0.277461;-0.288124;0;317.478;-958.639;428.726;-860.998
-0.273819;-0.291587;0;313.26;-946.423;423.293;-850.088
-0.270133;-0.295005;0;308.756;-933.723;417.578;-838.609
-0.266405;-0.298376;0;304.151;-920.72;411.729;-826.864
-0.262634;-0.301701;0;299.543;-907.711;405.878;-815.112
-0.258822;-0.304977;0;294.933;-894.698;400.024;-803.357
-0.25497;-0.308205;0;290.322;-881.683;394.17;-791.599
-0.251077;-0.311385;0;285.711;-868.669;388.315;-779.842
-0.247144;-0.314515;0;281.1;-855.657;382.461;-768.086
-0.243172;-0.317596;0;276.491;-842.649;376.609;-756.333
-0.239162;-0.320627;0;271.883;-829.648;370.759;-744.585
-0.235114;-0.323607;0;267.277;-816.655;364.913;-732.845
-0.231029;-0.326536;0;262.675;-803.673;359.072;-721.114
-0.226908;-0.329413;0;258.074;-790.09;353.057;-709.034
-0.22275;-0.332238;0;253.306;-775.355;346.632;-696.13
-0.218558;-0.335011;0;248.303;-760.642;340.036;-682.884
-0.214331;-0.337731;0;243.248;-745.792;333.375;-669.508
-0.21007;-0.340398;0;238.19;-730.936;326.711;-656.124
-0.205776;-0.343011;0;233.13;-716.076;320.044;-642.736
-0.201449;-0.345569;0;228.068;-701.214;313.377;-629.345
-0.197091;-0.348074;0;223.006;-686.352;306.709;-615.954
-0.192701;-0.350523;0;217.945;-671.493;300.041;-602.564
-0.188282;-0.352916;0;212.884;-656.639;293.376;-589.179
-0.183832;-0.355255;0;207.825;-641.792;286.714;-575.799
-0.179353;-0.357537;0;202.769;-626.956;280.055;-562.427
-0.174846;-0.359762;0;197.716;-612.131;273.402;-549.065
-0.170312;-0.361931;0;192.671;-596.338;266.449;-535.101
-0.16575;-0.364042;0;187.367;-580.194;259.231;-520.605
-0.161163;-0.366096;0;182;-563.9;251.936;-505.956
-0.156549;-0.368093;0;176.629;-547.597;244.637;-491.297
-0.151912;-0.370031;0;171.255;-531.286;237.334;-476.631
-0.14725;-0.371911;0;165.88;-514.97;230.029;-461.96
-0.142565;-0.373732;0;160.503;-498.651;222.722;-447.286
-0.137857;-0.375494;0;155.126;-482.333;215.415;-432.612
-0.133128;-0.377196;0;149.749;-466.018;208.11;-417.941
-0.128377;-0.378839;0;144.375;-449.708;200.807;-403.274
-0.123607;-0.380423;0;139.002;-433.407;193.507;-388.614
-0.118817;-0.381946;0;133.632;-417.116;186.211;-373.962
-0.114008;-0.383409;0;128.267;-400.838;178.921;-359.322
-0.109181;-0.384811;0;122.921;-384.57;171.644;-344.708
-0.104337;-0.386153;0;117.411;-367.303;163.958;-329.272
-0.099476;-0.387433;0;111.86;-350.062;156.251;-313.795
-0.0945996;-0.388653;0;106.305;-332.813;148.54;-298.309
-0.0897083;-0.389811;0;100.748;-315.558;140.826;-282.817
-0.0848028;-0.390907;0;95.1905;-298.322;133.116;-267.333
-0.079884;-0.391942;0;89.6256;-281.041;125.391;-251.82
-0.0749525;-0.392915;0;84.0588;-263.742;117.662;-236.297
-0.0700092;-0.393826;0;78.4929;-246.445;109.934;-220.777
-0.0650549;-0.394674;0;72.9289;-229.152;102.208;-205.261
-0.0600902;-0.395461;0;67.3676;-211.867;94.4856;-189.753
-0.0551161;-0.396185;0;61.8099;-194.591;86.768;-174.254
-0.0501333;-0.396846;0;56.1645;-177.263;78.9546;-158.562
-0.0451426;-0.397445;0;50.5349;-159.597;71.0633;-142.714
-0.0401447;-0.39798;0;44.902;-141.92;63.1675;-126.857
-0.0351405;-0.398453;0;39.2669;-124.236;55.2685;-110.994
-0.0301307;-0.398864;0;33.6394;-106.572;47.3804;-95.1527
-0.0251162;-0.399211;0;28.0003;-88.8684;39.4739;-79.2742
-0.0200977;-0.399495;0;22.3608;-71.1634;31.5668;-63.3947
-0.0150761;-0.399716;0;16.7219;-53.4602;23.6605;-47.5166
-0.010052;-0.399874;0;11.0845;-35.7614;15.7561;-31.6425
-0.00502642;-0.399968;0;5.44937;-18.07;7.85496;-15.7749
-7.34788e-17;-0.4;0;-0.182503;-0.388534;-0.0417188;0.0837827
0.00502642;-0.399968;0;-5.78126;17.1262;-7.87588;15.8169
0.010052;-0.399874;0;-11.4287;34.6456;-15.7403;31.6108
0.0150761;-0.399716;0;-17.0808;52.1796;-23.6113;47.4179
0.0200977;-0.399495;0;-22.7366;69.7253;-31.4876;63.2356
0.0251162;-0.399211;0;-28.3954;87.28;-39.368;79.0615
0.0301307;-0.398864;0;-34.0561;104.841;-47.2512;94.8931
0.0351405;-0.398453;0;-39.7178;122.405;-55.1359;110.728
0.0401447;-0.39798;0;-45.3798;139.97;-63.021;126.563
0.0451426;-0.397445;0;-51.0411;157.533;-70.9051;142.397
0.0501333;-0.396846;0;-56.7008;175.091;-78.7871;158.226
0.0551161;-0.396185;0;-62.1597;192.932;-86.6268;173.97
0.0600902;-0.395461;0;-67.6345;210.842;-94.4938;189.769
0.0650549;-0.394674;0;-73.0888;228.046;-102.122;205.089
0.0700092;-0.393826;0;-78.6357;245.513;-109.87;220.649
0.0749525;-0.392915;0;-84.1829;262.981;-117.619;236.211
0.079884;-0.391942;0;-89.7296;280.449;-125.368;251.772
0.0848028;-0.390907;0;-95.1858;297.422;-132.946;266.992
0.0897083;-0.389811;0;-100.732;314.388;-140.584;282.332
0.0945996;-0.388653;0;-106.28;331.358;-148.225;297.675
0.099476;-0.387433;0;-111.829;348.328;-155.866;313.02
0.104337;-0.386153;0;-117.378;365.298;-163.506;328.365
0.109181;-0.384811;0;-122.927;382.263;-171.145;343.706
0.114008;-0.383409;0;-128.473;399.222;-178.781;359.041
0.118817;-0.381946;0;-133.773;415.449;-186.036;373.61
0.123607;-0.380423;0;-139.134;431.882;-193.351;388.301
0.128377;-0.378839;0;-144.497;448.324;-200.67;402.999
0.133128;-0.377196;0;-149.863;464.772;-207.991;417.702
0.137857;-0.375494;0;-155.23;481.222;-215.314;432.409
0.142565;-0.373732;0;-160.598;497.673;-222.637;447.116
0.14725;-0.371911;0;-165.965;514.121;-229.96;461.822
0.151912;-0.370031;0;-171.331;530.565;-237.28;476.523
0.156549;-0.368093;0;-176.695;547.001;-244.598;491.219
0.161163;-0.366096;0;-182.056;563.428;-251.911;505.906
0.16575;-0.364042;0;-187.413;579.841;-259.219;520.582
0.170312;-0.361931;0;-192.755;595.728;-266.392;534.987
0.174846;-0.359762;0;-198.021;610.957;-273.338;548.937
0.179353;-0.357537;0;-203.063;625.949;-280.022;562.36
0.183832;-0.355255;0;-208.108;640.951;-286.71;575.792
0.188282;-0.352916;0;-213.156;655.959;-293.402;589.231
0.192701;-0.350523;0;-218.207;670.971;-300.096;602.675
0.197091;-0.348074;0;-223.259;685.984;-306.792;616.121
0.201449;-0.345569;0;-228.312;700.997;-313.487;629.567
0.205776;-0.343011;0;-233.364;716.007;-320.182;643.012
0.21007;-0.340398;0;-238.416;731.011;-326.874;656.452
0.214331;-0.337731;0;-243.465;746.007;-333.564;669.887
0.218558;-0.335011;0;-248.512;760.994;-340.25;683.314
0.22275;-0.332238;0;-253.556;775.967;-346.93;696.73
0.226908;-0.329413;0;-258.544;789.905;-353.303;709.528
0.231029;-0.326536;0;-263.132;803.07;-359.175;721.321
0.235114;-0.323607;0;-267.724;816.245;-365.053;733.125
0.239162;-0.320627;0;-272.32;829.427;-370.934;744.936
0.243172;-0.317596;0;-276.918;842.615;-376.818;756.753
0.247144;-0.314515;0;-281.518;855.807;-382.705;768.575
0.251077;-0.311385;0;-286.119;869.001;-388.592;780.398
0.25497;-0.308205;0;-290.722;882.193;-394.48;792.222
0.258822;-0.304977;0;-295.324;895.383;-400.367;804.045
0.262634;-0.301701;0;-299.925;908.569;-406.252;815.864
0.266405;-0.298376;0;-304.524;921.747;-412.135;827.679
0.270133;-0.295005;0;-309.121;934.917;-418.014;839.486
0.273819;-0.291587;0;-313.715;948.075;-423.889;851.284
0.277461;-0.288124;0;-318.258;960.882;-429.65;862.854
0.28106;-0.284614;0;-322.402;972.225;-434.766;873.128
0.284614;-0.28106;0;-326.429;983.368;-439.738;883.112
0.288124;-0.277461;0;-330.458;994.515;-444.711;893.101
0.291587;-0.273819;0;-334.49;1005.66;-449.687;903.094
0.295005;-0.270133;0;-338.524;1016.81;-454.664;913.088
0.298376;-0.266405;0;-342.559;1027.96;-459.641;923.083
0.301701;-0.262634;0;-346.594;1039.1;-464.617;933.077
0.304977;-0.258822;0;-350.629;1050.24;-469.592;943.069
0.308205;-0.25497;0;-354.663;1061.37;-474.565;953.056
0.311385;-0.251077;0;-358.696;1072.5;-479.535;963.037
0.314515;-0.247144;0;-362.726;1083.61;-484.502;973.011
0.317596;-0.243172;0;-366.688;1094.16;-489.29;982.628
0.320627;-0.239162;0;-369.999;1103.01;-493.24;990.559
0.323607;-0.235114;0;-373.313;1111.87;-497.193;998.498
0.326536;-0.231029;0;-376.63;1120.73;-501.148;1006.44
0.329413;-0.226908;0;-379.949;1129.59;-505.106;1014.39
0.332238;-0.22275;0;-383.27;1138.45;-509.065;1022.34
0.335011;-0.218558;0;-386.592;1147.32;-513.024;1030.29
0.337731;-0.214331;0;-389.915;1156.18;-516.984;1038.24
0.340398;-0.21007;0;-393.239;1165.04;-520.944;1046.2
0.343011;-0.205776;0;-396.562;1173.89;-524.902;1054.15
0.345569;-0.201449;0;-399.884;1182.74;-528.859;1062.09
0.348074;-0.197091;0;-403.206;1191.59;-532.813;1070.03
0.350523;-0.192701;0;-406.525;1200.42;-536.764;1077.97
0.352916;-0.188282;0;-409.842;1209.25;-540.712;1085.9
0.355255;-0.183832;0;-412.771;1216.82;-544.132;1092.76
0.357537;-0.179353;0;-415.278;1223.31;-547.022;1098.57
0.359762;-0.174846;0;-417.787;1229.79;-549.913;1104.38
0.361931;-0.170312;0;-420.229;1235.82;-552.678;1109.93
0.364042;-0.16575;0;-422.629;1241.85;-555.423;1115.44
0.366096;-0.161163;0;-425.029;1247.88;-558.169;1120.95
0.368093;-0.156549;0;-427.428;1253.91;-560.915;1126.47
0.370031;-0.151912;0;-429.826;1259.95;-563.661;1131.98
0.371911;-0.14725;0;-432.222;1265.98;-566.406;1137.5
0.373732;-0.142565;0;-434.617;1272.01;-569.151;1143.01
0.375494;-0.137857;0;-437.009;1278.05;-571.894;1148.52
0.377196;-0.133128;0;-439.399;1284.08;-574.635;1154.02
0.378839;-0.128377;0;-441.733;1290.22;-577.362;1159.5
0.380423;-0.123607;0;-443.78;1295.95;-579.816;1164.43
0.381946;-0.118817;0;-445.308;1300.03;-581.571;1167.95
0.383409;-0.114008;0;-446.837;1304.11;-583.328;1171.48
0.384811;-0.109181;0;-448.365;1308.2;-585.084;1175.01
0.386153;-0.104337;0;-449.787;1312.09;-586.752;1178.36
0.387433;-0.099476;0;-451.117;1315.34;-588.256;1181.38
0.388653;-0.0945996;0;-452.449;1318.6;-589.76;1184.4
0.389811;-0.0897083;0;-453.781;1321.86;-591.264;1187.42
0.390907;-0.0848028;0;-455.114;1325.11;-592.769;1190.44
0.391942;-0.079884;0;-456.448;1328.36;-594.273;1193.46
0.392915;-0.0749525;0;-457.782;1331.61;-595.776;1196.48
0.393826;-0.0700092;0;-459.116;1334.85;-597.279;1199.5
0.394674;-0.0650549;0;-460.451;1338.09;-598.781;1202.52
0.395461;-0.0600902;0;-461.784;1341.33;-600.282;1205.53
0.396185;-0.0551161;0;-462.599;1343.34;-601.19;1207.35
0.396846;-0.0501333;0;-463.213;1344.88;-601.866;1208.71
0.397445;-0.0451426;0;-463.827;1346.42;-602.542;1210.07
0.39798;-0.0401447;0;-464.283;1347.36;-603.018;1211.02
0.398453;-0.0351405;0;-464.573;1347.88;-603.329;1211.65
0.398864;-0.0301307;0;-464.862;1348.4;-603.64;1212.27
0.399211;-0.0251162;0;-465.152;1348.92;-603.95;1212.9
0.399495;-0.0200977;0;-465.442;1349.43;-604.261;1213.52
0.399716;-0.0150761;0;-465.732;1349.95;-604.572;1214.14
0.399874;-0.010052;0;-466.022;1350.47;-604.883;1214.77
0.399968;-0.00502642;0;-466.312;1350.99;-605.194;1215.39
