0.4;0;0;-473.856;1346.66;-605.499;1216.01
0.399968;0.00502642;0;-473.552;1345.86;-605.176;1215.36
0.399874;0.010052;0;-473.241;1345.04;-604.846;1214.69
0.399716;0.0150761;0;-472.93;1344.22;-604.516;1214.03
0.399495;0.0200977;0;-472.618;1343.4;-604.186;1213.37
0.399211;0.0251162;0;-472.307;1342.58;-603.857;1212.71
0.398864;0.0301307;0;-471.996;1341.76;-603.527;1212.05
0.398453;0.0351405;0;-471.685;1340.94;-603.197;1211.38
0.39798;0.0401447;0;-471.374;1340.12;-602.868;1210.72
0.397445;0.0451426;0;-470.801;1338.86;-602.262;1209.51
0.396846;0.0501333;0;-470.113;1337.3;-601.511;1208
0.396185;0.0551161;0;-469.425;1335.73;-600.76;1206.49
0.395461;0.0600902;0;-468.737;1334.16;-600.009;1204.98
0.394674;0.0650549;0;-467.523;1331.12;-598.657;1202.27
0.393826;0.0700092;0;-466.197;1327.76;-597.179;1199.3
0.392915;0.0749525;0;-464.871;1324.41;-595.699;1196.33
0.391942;0.079884;0;-463.544;1321.05;-594.219;1193.35
0.390907;0.0848028;0;-462.218;1317.69;-592.738;1190.38
0.389811;0.0897083;0;-460.891;1314.33;-591.257;1187.4
0.388653;0.0945996;0;-459.566;1310.97;-589.777;1184.43
0.387433;0.099476;0;-458.241;1307.61;-588.296;1181.46
0.386153;0.104337;0;-456.866;1304.04;-586.735;1178.32
0.384811;0.109181;0;-455.234;1300.02;-584.911;1174.66
0.383409;0.114008;0;-453.601;1296.01;-583.087;1171
0.381946;0.118817;0;-451.969;1292;-581.263;1167.33
0.380423;0.123607;0;-450.336;1287.99;-579.441;1163.67
0.378839;0.128377;0;-448.255;1282.61;-577.048;1158.87
0.377196;0.133128;0;-445.875;1276.35;-574.287;1153.32
0.375494;0.137857;0;-443.461;1270.25;-571.544;1147.81
0.373732;0.142565;0;-441.046;1264.16;-568.8;1142.3
0.371911;0.14725;0;-438.629;1258.06;-566.055;1136.79
0.370031;0.151912;0;-436.21;1251.97;-563.308;1131.28
0.368093;0.156549;0;-433.79;1245.87;-560.562;1125.76
0.366096;0.161163;0;-431.37;1239.78;-557.815;1120.24
0.364042;0.16575;0;-428.95;1233.69;-555.069;1114.73
0.361931;0.170312;0;-426.53;1227.6;-552.323;1109.21
0.359762;0.174846;0;-424.11;1221.51;-549.579;1103.7
0.357537;0.179353;0;-421.691;1215.44;-546.836;1098.2
0.355255;0.183832;0;-419.274;1209.36;-544.096;1092.69
0.352916;0.188282;0;-416.4;1201.89;-540.748;1085.97
0.350523;0.192701;0;-413.046;1193.14;-536.805;1078.05
0.348074;0.197091;0;-409.688;1184.38;-532.858;1070.12
0.345569;0.201449;0;-406.328;1175.62;-528.909;1062.19
0.343011;0.205776;0;-402.965;1166.85;-524.957;1054.26
0.340398;0.21007;0;-399.601;1158.07;-521.004;1046.32
0.337731;0.214331;0;-396.235;1149.3;-517.05;1038.38
0.335011;0.218558;0;-392.868;1140.53;-513.095;1030.43
0.332238;0.22275;0;-389.501;1131.76;-509.14;1022.49
0.329413;0.226908;0;-386.135;1122.99;-505.186;1014.55
0.326536;0.231029;0;-382.769;1114.22;-501.234;1006.61
0.323607;0.235114;0;-379.39;1105.48;-497.279;998.67
0.320627;0.239162;0;-376.014;1096.69;-493.312;990.704
0.317596;0.243172;0;-372.642;1087.9;-489.349;982.745
0.314515;0.247144;0;-368.821;1077.74;-484.765;973.539
0.311385;0.251077;0;-364.738;1066.74;-479.805;963.578
0.308205;0.25497;0;-360.653;1055.72;-474.841;953.61
0.304977;0.258822;0;-356.566;1044.68;-469.873;943.631
0.301701;0.262634;0;-352.48;1033.61;-464.897;933.638
0.298376;0.266405;0;-348.386;1022.55;-459.916;923.635
0.295005;0.270133;0;-344.283;1011.48;-454.929;913.62
0.291587;0.273819;0;-340.18;1000.41;-449.942;903.606
0.288124;0.277461;0;-336.076;989.35;-444.956;893.593
0.284614;0.28106;0;-331.974;978.293;-439.972;883.583
0.28106;0.284614;0;-327.873;967.242;-434.99;873.578
0.277461;0.288124;0;-323.728;955.963;-429.918;863.391
0.273819;0.291587;0;-319.068;942.924;-424.05;851.608
0.270133;0.295005;0;-314.402;929.873;-418.178;839.814
0.266405;0.298376;0;-309.734;916.813;-412.3;828.011
0.262634;0.301701;0;-305.062;903.746;-406.42;816.2
0.258822;0.304977;0;-300.387;890.674;-400.536;804.385
0.25497;0.308205;0;-295.712;877.599;-394.651;792.566
0.251077;0.311385;0;-291.027;864.534;-388.763;780.742
0.247144;0.314515;0;-286.342;851.469;-382.875;768.916
0.243172;0.317596;0;-281.659;838.38;-376.981;757.08
0.239162;0.320627;0;-276.977;825.295;-371.09;745.249
0.235114;0.323607;0;-272.299;812.215;-365.201;733.423
0.231029;0.326536;0;-267.623;799.143;-359.317;721.605
0.226908;0.329413;0;-262.951;786.081;-353.437;709.797
0.22275;0.332238;0;-258.027;772.102;-347.135;697.141
0.218558;0.335011;0;-252.892;757.244;-340.45;683.717
0.214331;0.337731;0;-247.754;742.374;-333.761;670.282
0.21007;0.340398;0;-242.613;727.494;-327.067;656.839
0.205776;0.343011;0;-237.469;712.607;-320.37;643.39
0.201449;0.345569;0;-232.324;697.715;-313.671;629.937
0.197091;0.348074;0;-227.179;682.821;-306.971;616.482
0.192701;0.350523;0;-222.034;667.926;-300.272;603.027
0.188282;0.352916;0;-216.89;653.033;-293.573;589.574
0.183832;0.355255;0;-211.748;638.144;-286.877;576.126
0.179353;0.357537;0;-206.609;623.263;-280.184;562.685
0.174846;0.359762;0;-201.473;608.39;-273.495;549.252
0.170312;0.361931;0;-196.27;593.311;-266.698;535.602
0.16575;0.364042;0;-190.793;577.071;-259.383;520.911
0.161163;0.366096;0;-185.292;560.746;-252.031;506.147
0.156549;0.368093;0;-179.786;544.405;-244.673;491.369
0.151912;0.370031;0;-174.276;528.05;-237.307;476.577
0.14725;0.371911;0;-168.761;511.684;-229.937;461.776
0.142565;0.373732;0;-163.244;495.309;-222.563;446.966
0.137857;0.375494;0;-157.725;478.928;-215.186;432.151
0.133128;0.377196;0;-152.204;462.543;-207.807;417.333
0.128377;0.378839;0;-146.683;446.157;-200.428;402.514
0.123607;0.380423;0;-141.162;429.773;-193.05;387.696
0.118817;0.381946;0;-135.802;413.698;-185.821;373.18
0.114008;0.383409;0;-130.204;396.716;-178.198;357.871
0.109181;0.384811;0;-124.604;379.726;-170.572;342.555
0.104337;0.386153;0;-119.003;362.732;-162.944;327.236
0.099476;0.387433;0;-113.401;345.736;-155.315;311.914
0.0945996;0.388653;0;-107.799;328.74;-147.686;296.593
0.0897083;0.389811;0;-102.198;311.748;-140.058;281.275
0.0848028;0.390907;0;-96.599;294.762;-132.434;265.962
0.079884;0.391942;0;-91.003;277.784;-124.813;250.658
0.0749525;0.392915;0;-85.4108;260.818;-117.197;235.363
0.0700092;0.393826;0;-79.8232;243.865;-109.587;220.081
0.0650549;0.394674;0;-74.2411;226.93;-101.985;204.814
0.0600902;0.395461;0;-68.6654;210.014;-94.3921;189.565
0.0551161;0.396185;0;-63.0969;193.12;-86.8088;174.336
0.0501333;0.396846;0;-57.4079;175.652;-78.9727;158.599
0.0451426;0.397445;0;-51.6803;158.12;-71.0909;142.77
0.0401447;0.39798;0;-45.9462;140.567;-63.2001;126.923
0.0351405;0.398453;0;-40.2065;122.997;-55.3015;111.06
0.0301307;0.398864;0;-34.462;105.412;-47.3964;95.1848
0.0251162;0.399211;0;-28.7137;87.8162;-39.486;79.2987
0.0200977;0.399495;0;-22.9625;70.2111;-31.5717;63.4044
0.0150761;0.399716;0;-17.2093;52.5998;-23.6545;47.5047
0.010052;0.399874;0;-11.455;34.9851;-15.7358;31.6018
0.00502642;0.399968;0;-5.70052;17.3698;-7.81691;15.6985
2.44929e-17;0.4;0;0.053252;-0.243234;0.101042;-0.202919
-0.00502642;0.399968;0;5.80539;-17.8513;8.01676;-16.0998
-0.010052;0.399874;0;11.555;-35.4517;15.929;-31.9897
-0.0150761;0.399716;0;17.3012;-53.0415;23.8365;-47.8701
-0.0200977;0.399495;0;23.043;-70.6181;31.738;-63.7385
-0.0251162;0.399211;0;28.7795;-88.1785;39.6323;-79.5924
-0.0301307;0.398864;0;34.5099;-105.72;47.5181;-95.4292
-0.0351405;0.398453;0;40.1544;-123.196;55.3267;-111.111
-0.0401447;0.39798;0;45.7751;-140.601;63.0897;-126.701
-0.0451426;0.397445;0;51.4501;-157.838;70.8436;-142.273
-0.0501333;0.396846;0;57.1296;-175.088;78.6037;-157.857
-0.0551161;0.396185;0;62.8127;-192.35;86.3688;-173.452
-0.0600902;0.395461;0;68.4984;-209.621;94.1376;-189.054
-0.0650549;0.394674;0;74.1859;-226.898;101.909;-204.661
-0.0700092;0.393826;0;79.8743;-244.177;109.682;-220.271
-0.0749525;0.392915;0;85.5627;-261.458;117.455;-235.881
-0.079884;0.391942;0;91.2501;-278.736;125.226;-251.489
-0.0848028;0.390907;0;96.9357;-296.009;132.996;-267.092
-0.0897083;0.389811;0;102.619;-313.274;140.762;-282.687
-0.0945996;0.388653;0;108.298;-330.529;148.523;-298.273
-0.099476;0.387433;0;113.973;-347.77;156.277;-313.848
-0.104337;0.386153;0;119.544;-364.862;163.914;-329.184
-0.109181;0.384811;0;124.994;-381.487;171.321;-344.059
-0.114008;0.383409;0;130.466;-397.773;178.647;-358.771
-0.118817;0.381946;0;135.942;-414.072;185.978;-373.494
-0.123607;0.380423;0;141.421;-430.382;193.313;-388.225
-0.128377;0.378839;0;146.903;-446.699;200.652;-402.964
-0.133128;0.377196;0;152.386;-463.022;207.993;-417.707
-0.137857;0.375494;0;157.869;-479.347;215.336;-432.452
-0.142565;0.373732;0;163.353;-495.673;222.678;-447.197
-0.14725;0.371911;0;168.835;-511.996;230.019;-461.939
-0.151912;0.370031;0;174.285;-528.27;237.327;-476.617
-0.156549;0.368093;0;179.743;-544.541;244.64;-491.303
-0.161163;0.366096;0;185.198;-560.804;251.949;-505.981
-0.16575;0.364042;0;190.65;-577.055;259.253;-520.649
-0.170312;0.361931;0;196.097;-593.292;266.55;-535.305
-0.174846;0.359762;0;201.397;-608.744;273.533;-549.328
-0.179353;0.357537;0;206.495;-623.563;280.181;-562.68
-0.183832;0.355255;0;211.598;-638.393;286.835;-576.042
-0.188282;0.352916;0;216.704;-653.231;293.493;-589.413
-0.192701;0.350523;0;221.812;-668.074;300.153;-602.789
-0.197091;0.348074;0;226.923;-682.922;306.816;-616.169
-0.201449;0.345569;0;232.034;-697.77;313.479;-629.551
-0.205776;0.343011;0;237.145;-712.618;320.142;-642.933
-0.21007;0.340398;0;242.256;-727.462;326.804;-656.312
-0.214331;0.337731;0;247.365;-742.3;333.464;-669.686
-0.218558;0.335011;0;252.471;-757.13;340.12;-683.054
-0.22275;0.332238;0;257.541;-771.677;346.678;-696.223
-0.226908;0.329413;0;262.638;-785.728;353.109;-709.138
-0.231029;0.326536;0;267.241;-798.643;358.91;-720.789
-0.235114;0.323607;0;271.906;-811.74;364.792;-732.6
-0.239162;0.320627;0;276.574;-824.846;370.677;-744.42
-0.243172;0.317596;0;281.244;-837.959;376.566;-756.246
-0.247144;0.314515;0;285.916;-851.075;382.456;-768.075
-0.251077;0.311385;0;290.59;-864.193;388.348;-779.907
-0.25497;0.308205;0;295.264;-877.311;394.24;-791.74
-0.258822;0.304977;0;299.937;-890.428;400.131;-803.571
-0.262634;0.301701;0;304.609;-903.539;406.02;-815.398
-0.266405;0.298376;0;309.279;-916.645;411.907;-827.221
-0.270133;0.295005;0;313.947;-929.743;417.79;-839.036
-0.273819;0.291587;0;318.612;-942.829;423.669;-850.842
-0.277461;0.288124;0;323.049;-954.989;429.17;-861.89
-0.28106;0.284614;0;327.304;-966.476;434.373;-872.339
-0.284614;0.28106;0;331.429;-977.603;439.386;-882.407
-0.288124;0.277461;0;335.556;-988.733;444.402;-892.479
-0.291587;0.273819;0;339.685;-999.866;449.419;-902.554
-0.295005;0.270133;0;343.815;-1011;454.436;-912.631
-0.298376;0.266405;0;347.945;-1022.13;459.453;-922.707
-0.301701;0.262634;0;352.075;-1033.26;464.47;-932.781
-0.304977;0.258822;0;356.204;-1044.38;469.484;-942.851
-0.308205;0.25497;0;360.331;-1055.5;474.496;-952.917
-0.311385;0.251077;0;364.456;-1066.61;479.505;-962.976
-0.314515;0.247144;0;368.577;-1077.71;484.509;-973.026
-0.317596;0.243172;0;372.484;-1087.92;489.161;-982.368
-0.320627;0.239162;0;375.873;-1096.72;493.136;-990.35
-0.323607;0.235114;0;379.264;-1105.53;497.114;-998.339
-0.326536;0.231029;0;382.658;-1114.34;501.094;-1006.33
-0.329413;0.226908;0;386.054;-1123.15;505.076;-1014.33
-0.332238;0.22275;0;389.451;-1131.97;509.059;-1022.33
-0.335011;0.218558;0;392.849;-1140.78;513.043;-1030.33
-0.337731;0.214331;0;396.209;-1149.44;516.967;-1038.21
-0.340398;0.21007;0;399.553;-1158.16;520.892;-1046.09
-0.343011;0.205776;0;402.897;-1166.88;524.817;-1053.98
-0.345569;0.201449;0;406.238;-1175.59;528.741;-1061.85
-0.348074;0.197091;0;409.578;-1184.31;532.662;-1069.73
-0.350523;0.192701;0;412.915;-1193.01;536.581;-1077.6
-0.352916;0.188282;0;416.25;-1201.72;540.497;-1085.46
-0.355255;0.183832;0;419.243;-1209.63;544.023;-1092.55
-0.357537;0.179353;0;421.771;-1216;546.9;-1098.32
-0.359762;0.174846;0;424.309;-1222.38;549.788;-1104.12
-0.361931;0.170312;0;426.847;-1228.77;552.677;-1109.92
-0.364042;0.16575;0;429.385;-1235.16;555.566;-1115.73
-0.366096;0.161163;0;431.922;-1241.55;558.455;-1121.53
-0.368093;0.156549;0;434.459;-1247.94;561.343;-1127.33
-0.370031;0.151912;0;436.993;-1254.34;564.23;-1133.13
-0.371911;0.14725;0;439.526;-1260.73;567.116;-1138.92
-0.373732;0.142565;0;442.056;-1267.12;570;-1144.71
-0.375494;0.137857;0;444.584;-1273.5;572.881;-1150.5
-0.377196;0.133128;0;447.024;-1279.72;575.675;-1156.11
-0.378839;0.128377;0;448.738;-1284.01;577.608;-1159.99
-0.380423;0.123607;0;450.337;-1287.95;579.391;-1163.57
-0.381946;0.118817;0;451.938;-1291.89;581.175;-1167.16
-0.383409;0.114008;0;453.539;-1295.83;582.96;-1170.74
-0.384811;0.109181;0;455.14;-1299.78;584.746;-1174.33
-0.386153;0.104337;0;456.741;-1303.72;586.532;-1177.92
-0.387433;0.099476;0;458.342;-1307.67;588.319;-1181.5
-0.388653;0.0945996;0;459.943;-1311.62;590.105;-1185.09
-0.389811;0.0897083;0;461.542;-1315.57;591.89;-1188.68
-0.390907;0.0848028;0;463.141;-1319.52;593.675;-1192.26
-0.391942;0.079884;0;464.738;-1323.47;595.459;-1195.84
-0.392915;0.0749525;0;466.334;-1327.41;597.242;-1199.42
-0.393826;0.0700092;0;467.928;-1331.35;599.022;-1203
-0.394674;0.0650549;0;469.508;-1335.26;600.787;-1206.54
-0.395461;0.0600902;0;470.136;-1336.8;601.484;-1207.94
-0.396185;0.0551161;0;470.67;-1338.09;602.07;-1209.12
-0.396846;0.0501333;0;471.203;-1339.37;602.656;-1210.3
-0.397445;0.0451426;0;471.735;-1340.65;603.241;-1211.47
-0.39798;0.0401447;0;472.267;-1341.94;603.827;-1212.65
-0.398453;0.0351405;0;472.768;-1343.25;604.398;-1213.8
-0.398864;0.0301307;0;473.264;-1344.5;604.952;-1214.91
-0.399211;0.0251162;0;473.762;-1345.72;605.501;-1216.01
-0.399495;0.0200977;0;474.26;-1346.94;606.05;-1217.11
-0.399716;0.0150761;0;474.758;-1348.16;606.598;-1218.21
-0.399874;0.010052;0;475.256;-1349.38;607.146;-1219.31
-0.399968;0.00502642;0;475.753;-1350.59;607.692;-1220.41
-0.4;4.89859e-17;0;476.251;-1351.8;608.238;-1221.51
-0.399968;-0.00502642;0;475.907;-1350.96;607.86;-1220.75
-0.399874;-0.010052;0;475.384;-1349.69;607.284;-1219.59
-0.399716;-0.0150761;0;474.86;-1348.41;606.708;-1218.43
-0.399495;-0.0200977;0;474.337;-1347.13;606.131;-1217.27
-0.399211;-0.0251162;0;473.813;-1345.85;605.553;-1216.11
-0.398864;-0.0301307;0;473.289;-1344.57;604.975;-1214.95
-0.398453;-0.0351405;0;472.766;-1343.28;604.396;-1213.79
-0.39798;-0.0401447;0;472.242;-1341.99;603.817;-1212.63
-0.397445;-0.0451426;0;471.719;-1340.7;603.238;-1211.47
-0.396846;-0.0501333;0;471.196;-1339.41;602.658;-1210.3
-0.396185;-0.0551161;0;470.674;-1338.11;602.079;-1209.14
-0.395461;-0.0600902;0;470.152;-1336.82;601.499;-1207.97
-0.394674;-0.0650549;0;469.628;-1335.52;600.918;-1206.81
-0.393826;-0.0700092;0;468.083;-1331.73;599.197;-1203.35
-0.392915;-0.0749525;0;466.499;-1327.84;597.433;-1199.81
-0.391942;-0.079884;0;464.914;-1323.95;595.667;-1196.26
-0.390907;-0.0848028;0;463.328;-1320.06;593.899;-1192.71
-0.389811;-0.0897083;0;461.741;-1316.16;592.131;-1189.16
-0.388653;-0.0945996;0;460.154;-1312.26;590.361;-1185.61
-0.387433;-0.099476;0;458.567;-1308.35;588.591;-1182.05
-0.386153;-0.104337;0;456.98;-1304.45;586.821;-1178.5
-0.384811;-0.109181;0;455.394;-1300.54;585.051;-1174.94
-0.383409;-0.114008;0;453.808;-1296.64;583.281;-1171.39
-0.381946;-0.118817;0;452.223;-1292.73;581.512;-1167.83
-0.380423;-0.123607;0;450.64;-1288.83;579.744;-1164.28
-0.378839;-0.128377;0;448.979;-1284.72;577.884;-1160.55
-0.377196;-0.133128;0;446.627;-1278.78;575.215;-1155.19
-0.375494;-0.137857;0;444.275;-1272.84;572.545;-1149.82
-0.373732;-0.142565;0;441.922;-1266.89;569.873;-1144.46
-0.371911;-0.14725;0;439.362;-1260.39;566.938;-1138.56
-0.370031;-0.151912;0;436.755;-1253.86;563.966;-1132.6
-0.368093;-0.156549;0;434.146;-1247.32;560.992;-1126.62
-0.366096;-0.161163;0;431.535;-1240.78;558.018;-1120.65
-0.364042;-0.16575;0;428.924;-1234.24;555.042;-1114.68
-0.361931;-0.170312;0;426.312;-1227.7;552.067;-1108.7
-0.359762;-0.174846;0;423.699;-1221.17;549.092;-1102.72
-0.357537;-0.179353;0;421.087;-1214.63;546.117;-1096.75
-0.355255;-0.183832;0;418.234;-1207;542.745;-1089.98
-0.352916;-0.188282;0;415.314;-1199.2;539.294;-1083.05
-0.350523;-0.192701;0;412.233;-1191.1;535.676;-1075.78
-0.348074;-0.197091;0;408.961;-1182.56;531.84;-1068.08
-0.345569;-0.201449;0;405.687;-1174.01;528.001;-1060.37
-0.343011;-0.205776;0;402.412;-1165.46;524.161;-1052.66
-0.340398;-0.21007;0;399.135;-1156.91;520.32;-1044.94
-0.337731;-0.214331;0;395.859;-1148.36;516.48;-1037.23
-0.335011;-0.218558;0;392.583;-1139.81;512.639;-1029.52
-0.332238;-0.22275;0;389.307;-1131.27;508.801;-1021.81
-0.329413;-0.226908;0;386.032;-1122.73;504.963;-1014.1
-0.326536;-0.231029;0;382.63;-1114.05;501.007;-1006.16
-0.323607;-0.235114;0;379.197;-1105.22;496.996;-998.102
-0.320627;-0.239162;0;375.765;-1096.39;492.987;-990.051
-0.317596;-0.243172;0;372.324;-1087.54;488.964;-981.972
-0.314515;-0.247144;0;368.359;-1077.27;484.263;-972.532
-0.311385;-0.251077;0;364.23;-1066.15;479.25;-962.463
-0.308205;-0.25497;0;360.098;-1055.02;474.232;-952.386
-0.304977;-0.258822;0;355.963;-1043.88;469.211;-942.302
-0.301701;-0.262634;0;351.827;-1032.74;464.187;-932.213
-0.298376;-0.266405;0;347.69;-1021.59;459.161;-922.12
-0.295005;-0.270133;0;343.552;-1010.43;454.135;-912.025
-0.291587;-0.273819;0;339.414;-999.279;449.108;-901.93
-0.288124;-0.277461;0;335.277;-988.126;444.082;-891.837
-0.284614;-0.28106;0;331.142;-976.974;439.057;-881.745
-0.28106;-0.284614;0;327.009;-965.827;434.034;-871.659
-0.277461;-0.288124;0;322.685;-954.117;428.726;-860.998
-0.273819;-0.291587;0;318.265;-942.137;423.293;-850.088
-0.270133;-0.295005;0;313.729;-929.39;417.578;-838.609
-0.266405;-0.298376;0;309.09;-916.35;411.729;-826.864
-0.262634;-0.301701;0;304.449;-903.303;405.878;-815.112
-0.258822;-0.304977;0;299.806;-890.252;400.024;-803.357
-0.25497;-0.308205;0;295.163;-877.197;394.17;-791.599
-0.251077;-0.311385;0;290.52;-864.142;388.315;-779.842
-0.247144;-0.314515;0;285.878;-851.088;382.461;-768.086
-0.243172;-0.317596;0;281.237;-838.038;376.609;-756.333
-0.239162;-0.320627;0;276.598;-824.993;370.759;-744.585
-0.235114;-0.323607;0;271.962;-811.955;364.913;-732.845
-0.231029;-0.326536;0;267.33;-798.927;359.072;-721.114
-0.226908;-0.329413;0;262.559;-785.639;353.057;-709.034
-0.22275;-0.332238;0;257.466;-771.572;346.632;-696.13
-0.218558;-0.335011;0;252.4;-756.884;340.036;-682.884
-0.214331;-0.337731;0;247.289;-742.044;333.375;-669.508
-0.21007;-0.340398;0;242.175;-727.196;326.711;-656.124
-0.205776;-0.343011;0;237.06;-712.342;320.044;-642.736
-0.201449;-0.345569;0;231.944;-697.485;313.377;-629.345
-0.197091;-0.348074;0;226.828;-682.626;306.709;-615.954
-0.192701;-0.350523;0;221.712;-667.769;300.041;-602.564
-0.188282;-0.352916;0;216.599;-652.916;293.376;-589.179
-0.183832;-0.355255;0;211.488;-638.069;286.714;-575.799
-0.179353;-0.357537;0;206.38;-623.23;280.055;-562.427
-0.174846;-0.359762;0;201.276;-608.401;273.402;-549.065
-0.170312;-0.361931;0;195.945;-593.102;266.449;-535.101
-0.16575;-0.364042;0;190.546;-577.046;259.231;-520.605
-0.161163;-0.366096;0;185.102;-560.803;251.936;-505.956
-0.156549;-0.368093;0;179.654;-544.549;244.637;-491.297
-0.151912;-0.370031;0;174.204;-528.287;237.334;-476.631
-0.14725;-0.371911;0;168.752;-512.02;230.029;-461.96
-0.142565;-0.373732;0;163.3;-495.749;222.722;-447.286
-0.137857;-0.375494;0;157.847;-479.478;215.415;-432.612
-0.133128;-0.377196;0;152.395;-463.209;208.11;-417.941
-0.128377;-0.378839;0;146.945;-446.945;200.807;-403.274
-0.123607;-0.380423;0;141.498;-430.687;193.507;-388.614
-0.118817;-0.381946;0;136.054;-414.44;186.211;-373.962
-0.114008;-0.383409;0;130.614;-398.205;178.921;-359.322
-0.109181;-0.384811;0;125.182;-382.008;171.644;-344.708
-0.104337;-0.386153;0;119.526;-364.951;163.958;-329.272
-0.099476;-0.387433;0;113.88;-347.8;156.251;-313.795
-0.0945996;-0.388653;0;108.231;-330.64;148.54;-298.309
-0.0897083;-0.389811;0;102.579;-313.473;140.826;-282.817
-0.0848028;-0.390907;0;96.9329;-296.308;133.116;-267.333
-0.079884;-0.391942;0;91.2745;-279.118;125.391;-251.82
-0.0749525;-0.392915;0;85.6115;-261.921;117.662;-236.297
-0.0700092;-0.393826;0;79.9491;-244.726;109.934;-220.777
-0.0650549;-0.394674;0;74.2884;-227.537;102.208;-205.261
-0.0600902;-0.395461;0;68.6301;-210.356;94.4856;-189.753
-0.0551161;-0.396185;0;62.9753;-193.186;86.768;-174.254
-0.0501333;-0.396846;0;57.3224;-175.703;78.9546;-158.562
-0.0451426;-0.397445;0;51.5901;-158.147;71.0633;-142.714
-0.0401447;-0.39798;0;45.8546;-140.581;63.1675;-126.857
-0.0351405;-0.398453;0;40.1168;-123.007;55.2685;-110.994
-0.0301307;-0.398864;0;34.3871;-105.46;47.3804;-95.1527
-0.0251162;-0.399211;0;28.6433;-87.871;39.4739;-79.2742
-0.0200977;-0.399495;0;22.8991;-70.2813;31.5668;-63.3947
-0.0150761;-0.399716;0;17.1553;-52.6932;23.6605;-47.5166
-0.010052;-0.399874;0;11.413;-35.1095;15.7561;-31.6425
-0.00502642;-0.399968;0;5.67298;-17.5329;7.85496;-15.7749
-7.34788e-17;-0.4;0;-0.0638077;0.033613;-0.0417188;0.0837827
0.00502642;-0.399968;0;-5.7497;17.4783;-7.87588;15.8169
0.010052;-0.399874;0;-11.4446;35.031;-15.7403;31.6108
0.0150761;-0.399716;0;-17.1444;52.5983;-23.6113;47.4179
0.0200977;-0.399495;0;-22.8479;70.1775;-31.4876;63.2356
0.0251162;-0.399211;0;-28.5545;87.7657;-39.368;79.0615
0.0301307;-0.398864;0;-34.2631;105.36;-47.2512;94.8931
0.0351405;-0.398453;0;-39.9729;122.958;-55.1359;110.728
0.0401447;-0.39798;0;-45.6829;140.557;-63.021;126.563
0.0451426;-0.397445;0;-51.3923;158.153;-70.9051;142.397
0.0501333;-0.396846;0;-57.1001;175.745;-78.7871;158.226
0.0551161;-0.396185;0;-62.8823;192.982;-86.6268;173.97
0.0600902;-0.395461;0;-68.6866;210.274;-94.4938;189.769
0.0650549;-0.394674;0;-74.3054;227.171;-102.122;205.089
0.0700092;-0.393826;0;-80.0119;244.338;-109.87;220.649
0.0749525;-0.392915;0;-85.7191;261.507;-117.619;236.211
0.079884;-0.391942;0;-91.4262;278.675;-125.368;251.772
0.0848028;-0.390907;0;-96.9929;295.531;-132.946;266.992
0.0897083;-0.389811;0;-102.579;312.604;-140.584;282.332
0.0945996;-0.388653;0;-108.166;329.681;-148.225;297.675
0.099476;-0.387433;0;-113.754;346.761;-155.866;313.02
0.104337;-0.386153;0;-119.341;363.841;-163.506;328.365
0.109181;-0.384811;0;-124.927;380.917;-171.145;343.706
0.114008;-0.383409;0;-130.51;397.988;-178.781;359.041
0.118817;-0.381946;0;-135.896;414.134;-186.036;373.61
0.123607;-0.380423;0;-141.375;430.37;-193.351;388.301
0.128377;-0.378839;0;-146.857;446.615;-200.67;402.999
0.133128;-0.377196;0;-152.341;462.866;-207.991;417.702
0.137857;-0.375494;0;-157.826;479.121;-215.314;432.409
0.142565;-0.373732;0;-163.311;495.377;-222.637;447.116
0.14725;-0.371911;0;-168.795;511.632;-229.96;461.822
0.151912;-0.370031;0;-174.277;527.882;-237.28;476.523
0.156549;-0.368093;0;-179.758;544.127;-244.598;491.219
0.161163;-0.366096;0;-185.235;560.361;-251.911;505.906
0.16575;-0.364042;0;-190.707;576.585;-259.219;520.582
0.170312;-0.361931;0;-196.053;592.645;-266.392;534.987
0.174846;-0.359762;0;-201.245;608.294;-273.338;548.937
0.179353;-0.357537;0;-206.389;623.137;-280.022;562.36
0.183832;-0.355255;0;-211.537;637.989;-286.71;575.792
0.188282;-0.352916;0;-216.687;652.851;-293.402;589.231
0.192701;-0.350523;0;-221.838;667.718;-300.096;602.675
0.197091;-0.348074;0;-226.99;682.588;-306.792;616.121
0.201449;-0.345569;0;-232.142;697.46;-313.487;629.567
0.205776;-0.343011;0;-237.293;712.331;-320.182;643.012
0.21007;-0.340398;0;-242.442;727.198;-326.874;656.452
0.214331;-0.337731;0;-247.589;742.059;-333.564;669.887
0.218558;-0.335011;0;-252.733;756.912;-340.25;683.314
0.22275;-0.332238;0;-257.872;771.755;-346.93;696.73
0.226908;-0.329413;0;-262.77;786.118;-353.303;709.528
0.231029;-0.326536;0;-267.448;799.153;-359.175;721.321
0.235114;-0.323607;0;-272.129;812.199;-365.053;733.125
0.239162;-0.320627;0;-276.813;825.256;-370.934;744.936
0.243172;-0.317596;0;-281.5;838.319;-376.818;756.753
0.247144;-0.314515;0;-286.187;851.388;-382.705;768.575
0.251077;-0.311385;0;-290.876;864.46;-388.592;780.398
0.25497;-0.308205;0;-295.564;877.533;-394.48;792.222
0.258822;-0.304977;0;-300.252;890.605;-400.367;804.045
0.262634;-0.301701;0;-304.938;903.674;-406.252;815.864
0.266405;-0.298376;0;-309.621;916.738;-412.135;827.679
0.270133;-0.295005;0;-314.302;929.796;-418.014;839.486
0.273819;-0.291587;0;-318.979;942.844;-423.889;851.284
0.277461;-0.288124;0;-323.56;955.695;-429.65;862.854
0.28106;-0.284614;0;-327.727;967.117;-434.766;873.128
0.284614;-0.28106;0;-331.831;978.141;-439.738;883.112
0.288124;-0.277461;0;-335.937;989.172;-444.711;893.101
0.291587;-0.273819;0;-340.043;1000.21;-449.687;903.094
0.295005;-0.270133;0;-344.15;1011.25;-454.664;913.088
0.298376;-0.266405;0;-348.257;1022.29;-459.641;923.083
0.301701;-0.262634;0;-352.363;1033.33;-464.617;933.077
0.304977;-0.258822;0;-356.468;1044.37;-469.592;943.069
0.308205;-0.25497;0;-360.57;1055.41;-474.565;953.056
0.311385;-0.251077;0;-364.669;1066.45;-479.535;963.037
0.314515;-0.247144;0;-368.765;1077.47;-484.502;973.011
0.317596;-0.243172;0;-372.706;1088.19;-489.29;982.628
0.320627;-0.239162;0;-376.079;1096.94;-493.24;990.559
0.323607;-0.235114;0;-379.454;1105.69;-497.193;998.498
0.326536;-0.231029;0;-382.831;1114.46;-501.148;1006.44
0.329413;-0.226908;0;-386.209;1123.23;-505.106;1014.39
0.332238;-0.22275;0;-389.588;1132;-509.065;1022.34
0.335011;-0.218558;0;-392.968;1140.78;-513.024;1030.29
0.337731;-0.214331;0;-396.347;1149.56;-516.984;1038.24
0.340398;-0.21007;0;-399.726;1158.33;-520.944;1046.2
0.343011;-0.205776;0;-403.103;1167.11;-524.902;1054.15
0.345569;-0.201449;0;-406.479;1175.89;-528.859;1062.09
0.348074;-0.197091;0;-409.852;1184.66;-532.813;1070.03
0.350523;-0.192701;0;-413.223;1193.42;-536.764;1077.97
0.352916;-0.188282;0;-416.59;1202.18;-540.712;1085.9
0.355255;-0.183832;0;-419.525;1209.8;-544.132;1092.76
0.357537;-0.179353;0;-422.061;1216.18;-547.022;1098.57
0.359762;-0.174846;0;-424.598;1222.57;-549.913;1104.38
0.361931;-0.170312;0;-427.005;1228.78;-552.678;1109.93
0.364042;-0.16575;0;-429.409;1234.9;-555.423;1115.44
0.366096;-0.161163;0;-431.814;1241.03;-558.169;1120.95
0.368093;-0.156549;0;-434.22;1247.16;-560.915;1126.47
0.370031;-0.151912;0;-436.626;1253.29;-563.661;1131.98
0.371911;-0.14725;0;-439.033;1259.41;-566.406;1137.5
0.373732;-0.142565;0;-441.439;1265.53;-569.151;1143.01
0.375494;-0.137857;0;-443.844;1271.65;-571.894;1148.52
0.377196;-0.133128;0;-446.248;1277.76;-574.635;1154.02
0.378839;-0.128377;0;-448.662;1283.78;-577.362;1159.5
0.380423;-0.123607;0;-450.872;1289.1;-579.816;1164.43
0.381946;-0.118817;0;-452.456;1292.91;-581.571;1167.95
0.383409;-0.114008;0;-454.041;1296.74;-583.328;1171.48
0.384811;-0.109181;0;-455.627;1300.56;-585.084;1175.01
0.386153;-0.104337;0;-457.147;1304.16;-586.752;1178.36
0.387433;-0.099476;0;-458.493;1307.53;-588.256;1181.38
0.388653;-0.0945996;0;-459.839;1310.91;-589.76;1184.4
0.389811;-0.0897083;0;-461.185;1314.28;-591.264;1187.42
0.390907;-0.0848028;0;-462.53;1317.66;-592.769;1190.44
0.391942;-0.079884;0;-463.875;1321.04;-594.273;1193.46
0.392915;-0.0749525;0;-465.218;1324.42;-595.776;1196.48
0.393826;-0.0700092;0;-466.561;1327.79;-597.279;1199.5
0.394674;-0.0650549;0;-467.903;1331.17;-598.781;1202.52
0.395461;-0.0600902;0;-469.243;1334.55;-600.282;1205.53
0.396185;-0.0551161;0;-470.041;1336.55;-601.19;1207.35
0.396846;-0.0501333;0;-470.626;1338.02;-601.866;1208.71
0.397445;-0.0451426;0;-471.209;1339.49;-602.542;1210.07
0.39798;-0.0401447;0;-471.616;1340.59;-603.018;1211.02
0.398453;-0.0351405;0;-471.897;1341.35;-603.329;1211.65
0.398864;-0.0301307;0;-472.178;1342.11;-603.64;1212.27
0.399211;-0.0251162;0;-472.458;1342.87;-603.95;1212.9
0.399495;-0.0200977;0;-472.739;1343.63;-604.261;1213.52
0.399716;-0.0150761;0;-473.02;1344.39;-604.572;1214.14
0.399874;-0.010052;0;-473.301;1345.15;-604.883;1214.77
0.399968;-0.00502642;0;-473.581;1345.91;-605.194;1215.39
