0.4;0;0;-489.714;1322.64;-605.499;1216.01
0.399968;0.00502642;0;-489.562;1321.52;-605.176;1215.36
0.399874;0.010052;0;-489.407;1320.38;-604.846;1214.69
0.399716;0.0150761;0;-489.251;1319.23;-604.516;1214.03
0.399495;0.0200977;0;-489.096;1318.09;-604.186;1213.37
0.399211;0.0251162;0;-488.941;1316.94;-603.857;1212.71
0.398864;0.0301307;0;-488.786;1315.8;-603.527;1212.05
0.398453;0.0351405;0;-488.631;1314.66;-603.197;1211.38
0.39798;0.0401447;0;-488.476;1313.51;-602.868;1210.72
0.397445;0.0451426;0;-487.84;1312.09;-602.262;1209.51
0.396846;0.0501333;0;-486.931;1310.59;-601.511;1208
0.396185;0.0551161;0;-486.021;1309.1;-600.76;1206.49
0.395461;0.0600902;0;-485.11;1307.6;-600.009;1204.98
0.394674;0.0650549;0;-483.943;1304.37;-598.657;1202.27
0.393826;0.0700092;0;-482.7;1300.78;-597.179;1199.3
0.392915;0.0749525;0;-481.456;1297.2;-595.699;1196.33
0.391942;0.079884;0;-480.21;1293.62;-594.219;1193.35
0.390907;0.0848028;0;-478.963;1290.04;-592.738;1190.38
0.389811;0.0897083;0;-477.715;1286.46;-591.257;1187.4
0.388653;0.0945996;0;-476.466;1282.88;-589.777;1184.43
0.387433;0.099476;0;-475.216;1279.31;-588.296;1181.46
0.386153;0.104337;0;-473.775;1275.84;-586.735;1178.32
0.384811;0.109181;0;-471.951;1272.11;-584.911;1174.66
0.383409;0.114008;0;-470.128;1268.39;-583.087;1171
0.381946;0.118817;0;-468.306;1264.66;-581.263;1167.33
0.380423;0.123607;0;-466.485;1260.93;-579.441;1163.67
0.378839;0.128377;0;-464.236;1255.97;-577.048;1158.87
0.377196;0.133128;0;-461.698;1250.21;-574.287;1153.32
0.375494;0.137857;0;-459.289;1244.08;-571.544;1147.81
0.373732;0.142565;0;-456.883;1237.95;-568.8;1142.3
0.371911;0.14725;0;-454.476;1231.8;-566.055;1136.79
0.370031;0.151912;0;-452.069;1225.66;-563.308;1131.28
0.368093;0.156549;0;-449.662;1219.51;-560.562;1125.76
0.366096;0.161163;0;-447.255;1213.36;-557.815;1120.24
0.364042;0.16575;0;-444.85;1207.21;-555.069;1114.73
0.361931;0.170312;0;-442.445;1201.06;-552.323;1109.21
0.359762;0.174846;0;-440.043;1194.91;-549.579;1103.7
0.357537;0.179353;0;-437.642;1188.76;-546.836;1098.2
0.355255;0.183832;0;-435.244;1182.62;-544.096;1092.69
0.352916;0.188282;0;-432.309;1175.31;-540.748;1085.97
0.350523;0.192701;0;-428.871;1166.74;-536.805;1078.05
0.348074;0.197091;0;-425.43;1158.17;-532.858;1070.12
0.345569;0.201449;0;-421.987;1149.6;-528.909;1062.19
0.343011;0.205776;0;-418.543;1141.01;-524.957;1054.26
0.340398;0.21007;0;-415.097;1132.42;-521.004;1046.32
0.337731;0.214331;0;-411.651;1123.83;-517.05;1038.38
0.335011;0.218558;0;-408.205;1115.24;-513.095;1030.43
0.332238;0.22275;0;-404.759;1106.65;-509.14;1022.49
0.329413;0.226908;0;-401.315;1098.05;-505.186;1014.55
0.326536;0.231029;0;-397.872;1089.46;-501.234;1006.61
0.323607;0.235114;0;-394.438;1080.84;-497.279;998.67
0.320627;0.239162;0;-390.959;1072.27;-493.312;990.704
0.317596;0.243172;0;-387.48;1063.7;-489.349;982.745
0.314515;0.247144;0;-383.565;1053.74;-484.765;973.539
0.311385;0.251077;0;-379.369;1042.97;-479.805;963.578
0.308205;0.25497;0;-375.169;1032.2;-474.841;953.61
0.304977;0.258822;0;-370.955;1021.43;-469.873;943.631
0.301701;0.262634;0;-366.72;1010.68;-464.897;933.638
0.298376;0.266405;0;-362.483;999.915;-459.916;923.635
0.295005;0.270133;0;-358.245;989.125;-454.929;913.62
0.291587;0.273819;0;-354.008;978.334;-449.942;903.606
0.288124;0.277461;0;-349.771;967.543;-444.956;893.593
0.284614;0.28106;0;-345.537;956.756;-439.972;883.583
0.28106;0.284614;0;-341.305;945.972;-434.99;873.578
0.277461;0.288124;0;-337.011;934.995;-429.918;863.391
0.273819;0.291587;0;-332.19;922.259;-424.05;851.608
0.270133;0.295005;0;-327.364;909.512;-418.178;839.814
0.266405;0.298376;0;-322.535;896.754;-412.3;828.011
0.262634;0.301701;0;-317.703;883.988;-406.42;816.2
0.258822;0.304977;0;-312.869;871.216;-400.536;804.385
0.25497;0.308205;0;-308.034;858.439;-394.651;792.566
0.251077;0.311385;0;-303.202;845.643;-388.763;780.742
0.247144;0.314515;0;-298.368;832.847;-382.875;768.916
0.243172;0.317596;0;-293.515;820.072;-376.981;757.08
0.239162;0.320627;0;-288.663;807.302;-371.09;745.249
0.235114;0.323607;0;-283.813;794.54;-365.201;733.423
0.231029;0.326536;0;-278.966;781.788;-359.317;721.605
0.226908;0.329413;0;-274.122;769.047;-353.437;709.797
0.22275;0.332238;0;-269.049;755.323;-347.135;697.141
0.218558;0.335011;0;-263.712;740.802;-340.45;683.717
0.214331;0.337731;0;-258.37;726.27;-333.761;670.282
0.21007;0.340398;0;-253.025;711.731;-327.067;656.839
0.205776;0.343011;0;-247.676;697.187;-320.37;643.39
0.201449;0.345569;0;-242.325;682.639;-313.671;629.937
0.197091;0.348074;0;-236.973;668.091;-306.971;616.482
0.192701;0.350523;0;-231.62;653.544;-300.272;603.027
0.188282;0.352916;0;-226.268;639.001;-293.573;589.574
0.183832;0.355255;0;-220.917;624.464;-286.877;576.126
0.179353;0.357537;0;-215.568;609.935;-280.184;562.685
0.174846;0.359762;0;-210.222;595.417;-273.495;549.252
0.170312;0.361931;0;-204.892;580.54;-266.698;535.602
0.16575;0.364042;0;-199.119;564.753;-259.383;520.911
0.161163;0.366096;0;-193.304;548.911;-252.031;506.147
0.156549;0.368093;0;-187.483;533.054;-244.673;491.369
0.151912;0.370031;0;-181.657;517.183;-237.307;476.577
0.14725;0.371911;0;-175.827;501.301;-229.937;461.776
0.142565;0.373732;0;-169.994;485.411;-222.563;446.966
0.137857;0.375494;0;-164.159;469.514;-215.186;432.151
0.133128;0.377196;0;-158.322;453.614;-207.807;417.333
0.128377;0.378839;0;-152.485;437.713;-200.428;402.514
0.123607;0.380423;0;-146.649;421.814;-193.05;387.696
0.118817;0.381946;0;-141.046;406.104;-185.821;373.18
0.114008;0.383409;0;-135.268;389.384;-178.198;357.871
0.109181;0.384811;0;-129.488;372.657;-170.572;342.555
0.104337;0.386153;0;-123.706;355.925;-162.944;327.236
0.099476;0.387433;0;-117.923;339.191;-155.315;311.914
0.0945996;0.388653;0;-112.141;322.457;-147.686;296.593
0.0897083;0.389811;0;-106.359;305.727;-140.058;281.275
0.0848028;0.390907;0;-100.58;289.003;-132.434;265.962
0.079884;0.391942;0;-94.804;272.288;-124.813;250.658
0.0749525;0.392915;0;-89.0315;255.584;-117.197;235.363
0.0700092;0.393826;0;-83.2639;238.893;-109.587;220.081
0.0650549;0.394674;0;-77.502;222.219;-101.985;204.814
0.0600902;0.395461;0;-71.7466;205.564;-94.3921;189.565
0.0551161;0.396185;0;-65.9987;188.931;-86.8088;174.336
0.0501333;0.396846;0;-60.0404;171.872;-78.9727;158.599
0.0451426;0.397445;0;-54.0674;154.675;-71.0909;142.77
0.0401447;0.39798;0;-48.0875;137.459;-63.2001;126.923
0.0351405;0.398453;0;-42.1016;120.226;-55.3015;111.06
0.0301307;0.398864;0;-36.1108;102.978;-47.3964;95.1848
0.0251162;0.399211;0;-30.116;85.7194;-39.486;79.2987
0.0200977;0.399495;0;-24.1181;68.4518;-31.5717;63.4044
0.0150761;0.399716;0;-18.1181;51.1781;-23.6545;47.5047
0.010052;0.399874;0;-12.1169;33.9012;-15.7358;31.6018
0.00502642;0.399968;0;-6.11551;16.6237;-7.81691;15.6985
2.44929e-17;0.4;0;-0.11479;-0.651678;0.101042;-0.202919
-0.00502642;0.399968;0;5.88426;-17.9221;8.01676;-16.0998
-0.010052;0.399874;0;11.8807;-35.185;15.929;-31.9897
-0.0150761;0.399716;0;17.8736;-52.4375;23.8365;-47.8701
-0.0200977;0.399495;0;23.862;-69.677;31.738;-63.7385
-0.0251162;0.399211;0;29.8449;-86.9006;39.6323;-79.5924
-0.0301307;0.398864;0;35.8215;-104.106;47.5181;-95.4292
-0.0351405;0.398453;0;41.7549;-121.055;55.3267;-111.111
-0.0401447;0.39798;0;47.672;-137.886;63.0897;-126.701
-0.0451426;0.397445;0;53.572;-154.83;70.8436;-142.273
-0.0501333;0.396846;0;59.4768;-171.787;78.6037;-157.857
-0.0551161;0.396185;0;65.3856;-188.755;86.3688;-173.452
-0.0600902;0.395461;0;71.2974;-205.731;94.1376;-189.054
-0.0650549;0.394674;0;77.2112;-222.712;101.909;-204.661
-0.0700092;0.393826;0;83.1261;-239.696;109.682;-220.271
-0.0749525;0.392915;0;89.0412;-256.68;117.455;-235.881
-0.079884;0.391942;0;94.9556;-273.661;125.226;-251.489
-0.0848028;0.390907;0;100.868;-290.637;132.996;-267.092
-0.0897083;0.389811;0;106.778;-307.604;140.762;-282.687
-0.0945996;0.388653;0;112.685;-324.561;148.523;-298.273
-0.099476;0.387433;0;118.587;-341.505;156.277;-313.848
-0.104337;0.386153;0;124.437;-358.072;163.914;-329.184
-0.109181;0.384811;0;130.188;-374.072;171.321;-344.059
-0.114008;0.383409;0;135.889;-390.026;178.647;-358.771
-0.118817;0.381946;0;141.594;-405.993;185.978;-373.494
-0.123607;0.380423;0;147.303;-421.969;193.313;-388.225
-0.128377;0.378839;0;153.015;-437.951;200.652;-402.964
-0.133128;0.377196;0;158.728;-453.939;207.993;-417.707
-0.137857;0.375494;0;164.443;-469.928;215.336;-432.452
-0.142565;0.373732;0;170.158;-485.917;222.678;-447.197
-0.14725;0.371911;0;175.871;-501.902;230.019;-461.939
-0.151912;0.370031;0;181.56;-517.808;237.327;-476.617
-0.156549;0.368093;0;187.219;-533.788;244.64;-491.303
-0.161163;0.366096;0;192.875;-549.761;251.949;-505.981
-0.16575;0.364042;0;198.526;-565.724;259.253;-520.649
-0.170312;0.361931;0;204.173;-581.674;266.55;-535.305
-0.174846;0.359762;0;209.548;-597.151;273.533;-549.328
-0.179353;0.357537;0;214.838;-611.639;280.181;-562.68
-0.183832;0.355255;0;220.132;-626.14;286.835;-576.042
-0.188282;0.352916;0;225.428;-640.651;293.493;-589.413
-0.192701;0.350523;0;230.726;-655.17;300.153;-602.789
-0.197091;0.348074;0;236.025;-669.696;306.816;-616.169
-0.201449;0.345569;0;241.323;-684.224;313.479;-629.551
-0.205776;0.343011;0;246.621;-698.754;320.142;-642.933
-0.21007;0.340398;0;251.918;-713.282;326.804;-656.312
-0.214331;0.337731;0;257.212;-727.807;333.464;-669.686
-0.218558;0.335011;0;262.502;-742.327;340.12;-683.054
-0.22275;0.332238;0;267.708;-756.717;346.678;-696.223
-0.226908;0.329413;0;272.787;-771.125;353.109;-709.138
-0.231029;0.326536;0;277.571;-783.722;358.91;-720.789
-0.235114;0.323607;0;282.425;-796.482;364.792;-732.6
-0.239162;0.320627;0;287.282;-809.252;370.677;-744.42
-0.243172;0.317596;0;292.141;-822.029;376.566;-756.246
-0.247144;0.314515;0;297.001;-834.812;382.456;-768.075
-0.251077;0.311385;0;301.862;-847.599;388.348;-779.907
-0.25497;0.308205;0;306.723;-860.386;394.24;-791.74
-0.258822;0.304977;0;311.582;-873.174;400.131;-803.571
-0.262634;0.301701;0;316.44;-885.958;406.02;-815.398
-0.266405;0.298376;0;321.295;-898.738;411.907;-827.221
-0.270133;0.295005;0;326.147;-911.512;417.79;-839.036
-0.273819;0.291587;0;330.995;-924.277;423.669;-850.842
-0.277461;0.288124;0;335.401;-936.579;429.17;-861.89
-0.28106;0.284614;0;339.648;-948.171;434.373;-872.339
-0.284614;0.28106;0;343.962;-958.98;439.386;-882.407
-0.288124;0.277461;0;348.277;-969.796;444.402;-892.479
-0.291587;0.273819;0;352.592;-980.618;449.419;-902.554
-0.295005;0.270133;0;356.907;-991.443;454.436;-912.631
-0.298376;0.266405;0;361.221;-1002.27;459.453;-922.707
-0.301701;0.262634;0;365.533;-1013.1;464.47;-932.781
-0.304977;0.258822;0;369.843;-1023.92;469.484;-942.851
-0.308205;0.25497;0;374.149;-1034.75;474.496;-952.917
-0.311385;0.251077;0;378.452;-1045.57;479.505;-962.976
-0.314515;0.247144;0;382.75;-1056.38;484.509;-973.026
-0.317596;0.243172;0;386.704;-1066.63;489.161;-982.368
-0.320627;0.239162;0;390.239;-1075.2;493.136;-990.35
-0.323607;0.235114;0;393.777;-1083.77;497.114;-998.339
-0.326536;0.231029;0;397.316;-1092.34;501.094;-1006.33
-0.329413;0.226908;0;400.855;-1100.93;505.076;-1014.33
-0.332238;0.22275;0;404.395;-1109.51;509.059;-1022.33
-0.335011;0.218558;0;407.934;-1118.11;513.043;-1030.33
-0.337731;0.214331;0;411.341;-1126.74;516.967;-1038.21
-0.340398;0.21007;0;414.764;-1135.32;520.892;-1046.09
-0.343011;0.205776;0;418.186;-1143.9;524.817;-1053.98
-0.345569;0.201449;0;421.608;-1152.48;528.741;-1061.85
-0.348074;0.197091;0;425.027;-1161.05;532.662;-1069.73
-0.350523;0.192701;0;428.445;-1169.62;536.581;-1077.6
-0.352916;0.188282;0;431.86;-1178.18;540.497;-1085.46
-0.355255;0.183832;0;434.894;-1185.95;544.023;-1092.55
-0.357537;0.179353;0;437.502;-1192.19;546.9;-1098.32
-0.359762;0.174846;0;440.121;-1198.45;549.788;-1104.12
-0.361931;0.170312;0;442.741;-1204.71;552.677;-1109.92
-0.364042;0.16575;0;445.361;-1210.97;555.566;-1115.73
-0.366096;0.161163;0;447.982;-1217.23;558.455;-1121.53
-0.368093;0.156549;0;450.603;-1223.48;561.343;-1127.33
-0.370031;0.151912;0;453.223;-1229.74;564.23;-1133.13
-0.371911;0.14725;0;455.843;-1235.98;567.116;-1138.92
-0.373732;0.142565;0;458.461;-1242.22;570;-1144.71
-0.375494;0.137857;0;461.077;-1248.46;572.881;-1150.5
-0.377196;0.133128;0;463.681;-1254.38;575.675;-1156.11
-0.378839;0.128377;0;465.515;-1258.46;577.608;-1159.99
-0.380423;0.123607;0;467.174;-1262.31;579.391;-1163.57
-0.381946;0.118817;0;468.835;-1266.15;581.175;-1167.16
-0.383409;0.114008;0;470.496;-1270;582.96;-1170.74
-0.384811;0.109181;0;472.159;-1273.85;584.746;-1174.33
-0.386153;0.104337;0;473.822;-1277.7;586.532;-1177.92
-0.387433;0.099476;0;475.486;-1281.55;588.319;-1181.5
-0.388653;0.0945996;0;477.149;-1285.39;590.105;-1185.09
-0.389811;0.0897083;0;478.813;-1289.24;591.89;-1188.68
-0.390907;0.0848028;0;480.476;-1293.08;593.675;-1192.26
-0.391942;0.079884;0;482.138;-1296.92;595.459;-1195.84
-0.392915;0.0749525;0;483.8;-1300.75;597.242;-1199.42
-0.393826;0.0700092;0;485.46;-1304.58;599.022;-1203
-0.394674;0.0650549;0;487.104;-1308.38;600.787;-1206.54
-0.395461;0.0600902;0;487.761;-1309.87;601.484;-1207.94
-0.396185;0.0551161;0;488.329;-1311.11;602.07;-1209.12
-0.396846;0.0501333;0;488.898;-1312.34;602.656;-1210.3
-0.397445;0.0451426;0;489.467;-1313.58;603.241;-1211.47
-0.39798;0.0401447;0;490.037;-1314.81;603.827;-1212.65
-0.398453;0.0351405;0;490.606;-1315.96;604.398;-1213.8
-0.398864;0.0301307;0;491.127;-1317.15;604.952;-1214.91
-0.399211;0.0251162;0;491.629;-1318.36;605.501;-1216.01
-0.399495;0.0200977;0;492.129;-1319.58;606.05;-1217.11
-0.399716;0.0150761;0;492.628;-1320.79;606.598;-1218.21
-0.399874;0.010052;0;493.125;-1322.01;607.146;-1219.31
-0.399968;0.00502642;0;493.62;-1323.23;607.692;-1220.41
-0.4;4.89859e-17;0;494.113;-1324.45;608.238;-1221.51
-0.399968;-0.00502642;0;493.773;-1323.61;607.86;-1220.75
-0.399874;-0.010052;0;493.254;-1322.32;607.284;-1219.59
-0.399716;-0.0150761;0;492.734;-1321.04;606.708;-1218.43
-0.399495;-0.0200977;0;492.212;-1319.76;606.131;-1217.27
-0.399211;-0.0251162;0;491.688;-1318.48;605.553;-1216.11
-0.398864;-0.0301307;0;491.163;-1317.2;604.975;-1214.95
-0.398453;-0.0351405;0;490.636;-1315.93;604.396;-1213.79
-0.39798;-0.0401447;0;490.107;-1314.65;603.817;-1212.63
-0.397445;-0.0451426;0;489.577;-1313.38;603.238;-1211.47
-0.396846;-0.0501333;0;489.045;-1312.11;602.658;-1210.3
-0.396185;-0.0551161;0;488.513;-1310.85;602.079;-1209.14
-0.395461;-0.0600902;0;487.979;-1309.59;601.499;-1207.97
-0.394674;-0.0650549;0;487.439;-1308.33;600.918;-1206.81
-0.393826;-0.0700092;0;485.832;-1304.62;599.197;-1203.35
-0.392915;-0.0749525;0;484.181;-1300.83;597.433;-1199.81
-0.391942;-0.079884;0;482.527;-1297.04;595.667;-1196.26
-0.390907;-0.0848028;0;480.871;-1293.25;593.899;-1192.71
-0.389811;-0.0897083;0;479.213;-1289.46;592.131;-1189.16
-0.388653;-0.0945996;0;477.554;-1285.67;590.361;-1185.61
-0.387433;-0.099476;0;475.893;-1281.88;588.591;-1182.05
-0.386153;-0.104337;0;474.231;-1278.09;586.821;-1178.5
-0.384811;-0.109181;0;472.567;-1274.3;585.051;-1174.94
-0.383409;-0.114008;0;470.904;-1270.52;583.281;-1171.39
-0.381946;-0.118817;0;469.239;-1266.74;581.512;-1167.83
-0.380423;-0.123607;0;467.575;-1262.96;579.744;-1164.28
-0.378839;-0.128377;0;465.85;-1258.95;577.884;-1160.55
-0.377196;-0.133128;0;463.535;-1252.95;575.215;-1155.19
-0.375494;-0.137857;0;461.217;-1246.95;572.545;-1149.82
-0.373732;-0.142565;0;458.897;-1240.95;569.873;-1144.46
-0.371911;-0.14725;0;456.08;-1234.9;566.938;-1138.56
-0.370031;-0.151912;0;453.241;-1228.73;563.966;-1132.6
-0.368093;-0.156549;0;450.402;-1222.55;560.992;-1126.62
-0.366096;-0.161163;0;447.561;-1216.37;558.018;-1120.65
-0.364042;-0.16575;0;444.721;-1210.19;555.042;-1114.68
-0.361931;-0.170312;0;441.881;-1204;552.067;-1108.7
-0.359762;-0.174846;0;439.041;-1197.81;549.092;-1102.72
-0.357537;-0.179353;0;436.203;-1191.63;546.117;-1096.75
-0.355255;-0.183832;0;433.211;-1184.34;542.745;-1089.98
-0.352916;-0.188282;0;430.16;-1176.87;539.294;-1083.05
-0.350523;-0.192701;0;427.037;-1168.88;535.676;-1075.78
-0.348074;-0.197091;0;423.768;-1160.32;531.84;-1068.08
-0.345569;-0.201449;0;420.497;-1151.76;528.001;-1060.37
-0.343011;-0.205776;0;417.226;-1143.19;524.161;-1052.66
-0.340398;-0.21007;0;413.954;-1134.62;520.32;-1044.94
-0.337731;-0.214331;0;410.682;-1126.05;516.48;-1037.23
-0.335011;-0.218558;0;407.412;-1117.48;512.639;-1029.52
-0.332238;-0.22275;0;404.142;-1108.91;508.801;-1021.81
-0.329413;-0.226908;0;400.874;-1100.34;504.963;-1014.1
-0.326536;-0.231029;0;397.358;-1091.75;501.007;-1006.16
-0.323607;-0.235114;0;393.744;-1083.16;496.996;-998.102
-0.320627;-0.239162;0;390.13;-1074.57;492.987;-990.051
-0.317596;-0.243172;0;386.538;-1065.9;488.964;-981.972
-0.314515;-0.247144;0;382.605;-1055.39;484.263;-972.532
-0.311385;-0.251077;0;378.265;-1044.59;479.25;-962.463
-0.308205;-0.25497;0;373.92;-1033.78;474.232;-952.386
-0.304977;-0.258822;0;369.572;-1022.97;469.211;-942.302
-0.301701;-0.262634;0;365.221;-1012.16;464.187;-932.213
-0.298376;-0.266405;0;360.867;-1001.34;459.161;-922.12
-0.295005;-0.270133;0;356.512;-990.524;454.135;-912.025
-0.291587;-0.273819;0;352.155;-979.709;449.108;-901.93
-0.288124;-0.277461;0;347.799;-968.897;444.082;-891.837
-0.284614;-0.28106;0;343.442;-958.09;439.057;-881.745
-0.28106;-0.284614;0;339.087;-947.29;434.034;-871.659
-0.277461;-0.288124;0;334.873;-935.299;428.726;-860.998
-0.273819;-0.291587;0;330.599;-922.972;423.293;-850.088
-0.270133;-0.295005;0;325.88;-910.535;417.578;-838.609
-0.266405;-0.298376;0;321.048;-897.818;411.729;-826.864
-0.262634;-0.301701;0;316.213;-885.095;405.878;-815.112
-0.258822;-0.304977;0;311.375;-872.369;400.024;-803.357
-0.25497;-0.308205;0;306.537;-859.641;394.17;-791.599
-0.251077;-0.311385;0;301.699;-846.914;388.315;-779.842
-0.247144;-0.314515;0;296.86;-834.189;382.461;-768.086
-0.243172;-0.317596;0;292.023;-821.469;376.609;-756.333
-0.239162;-0.320627;0;287.188;-808.755;370.759;-744.585
-0.235114;-0.323607;0;282.355;-796.05;364.913;-732.845
-0.231029;-0.326536;0;277.525;-783.355;359.072;-721.114
-0.226908;-0.329413;0;272.671;-770.098;353.057;-709.034
-0.22275;-0.332238;0;267.608;-755.754;346.632;-696.13
-0.218558;-0.335011;0;262.333;-741.394;340.036;-682.884
-0.214331;-0.337731;0;257.006;-726.899;333.375;-669.508
-0.21007;-0.340398;0;251.676;-712.398;326.711;-656.124
-0.205776;-0.343011;0;246.343;-697.894;320.044;-642.736
-0.201449;-0.345569;0;241.009;-683.387;313.377;-629.345
-0.197091;-0.348074;0;235.674;-668.882;306.709;-615.954
-0.192701;-0.350523;0;230.339;-654.38;300.041;-602.564
-0.188282;-0.352916;0;225.005;-639.883;293.376;-589.179
-0.183832;-0.355255;0;219.673;-625.393;286.714;-575.799
-0.179353;-0.357537;0;214.344;-610.914;280.055;-562.427
-0.174846;-0.359762;0;209.018;-596.447;273.402;-549.065
-0.170312;-0.361931;0;203.764;-580.85;266.449;-535.101
-0.16575;-0.364042;0;198.165;-565.092;259.231;-520.605
-0.161163;-0.366096;0;192.494;-549.205;251.936;-505.956
-0.156549;-0.368093;0;186.818;-533.309;244.637;-491.297
-0.151912;-0.370031;0;181.139;-517.406;237.334;-476.631
-0.14725;-0.371911;0;175.458;-501.498;230.029;-461.96
-0.142565;-0.373732;0;169.776;-485.589;222.722;-447.286
-0.137857;-0.375494;0;164.093;-469.68;215.415;-432.612
-0.133128;-0.377196;0;158.411;-453.773;208.11;-417.941
-0.128377;-0.378839;0;152.731;-437.873;200.807;-403.274
-0.123607;-0.380423;0;147.052;-421.98;193.507;-388.614
-0.118817;-0.381946;0;141.377;-406.098;186.211;-373.962
-0.114008;-0.383409;0;135.707;-390.228;178.921;-359.322
-0.109181;-0.384811;0;130.058;-374.365;171.644;-344.708
-0.104337;-0.386153;0;124.235;-357.517;163.958;-329.272
-0.099476;-0.387433;0;118.363;-340.716;156.251;-313.795
-0.0945996;-0.388653;0;112.487;-323.907;148.54;-298.309
-0.0897083;-0.389811;0;106.609;-307.092;140.826;-282.817
-0.0848028;-0.390907;0;100.729;-290.301;133.116;-267.333
-0.079884;-0.391942;0;94.8324;-273.485;125.391;-251.82
-0.0749525;-0.392915;0;88.9322;-256.654;117.662;-236.297
-0.0700092;-0.393826;0;83.0328;-239.825;109.934;-220.777
-0.0650549;-0.394674;0;77.1352;-223.001;102.208;-205.261
-0.0600902;-0.395461;0;71.2403;-206.185;94.4856;-189.753
-0.0551161;-0.396185;0;65.3491;-189.378;86.768;-174.254
-0.0501333;-0.396846;0;59.4032;-172.44;78.9546;-158.562
-0.0451426;-0.397445;0;53.4461;-155.233;71.0633;-142.714
-0.0401447;-0.39798;0;47.4856;-138.016;63.1675;-126.857
-0.0351405;-0.398453;0;41.5225;-120.791;55.2685;-110.994
-0.0301307;-0.398864;0;35.5648;-103.59;47.3804;-95.1527
-0.0251162;-0.399211;0;29.5963;-86.3471;39.4739;-79.2742
-0.0200977;-0.399495;0;23.6275;-69.1035;31.5668;-63.3947
-0.0150761;-0.399716;0;17.6594;-51.8614;23.6605;-47.5166
-0.010052;-0.399874;0;11.6928;-34.6237;15.7561;-31.6425
-0.00502642;-0.399968;0;5.72879;-17.393;7.85496;-15.7749
-7.34788e-17;-0.4;0;-0.231786;-0.172026;-0.0417188;0.0837827
0.00502642;-0.399968;0;-6.15446;16.8879;-7.87588;15.8169
0.010052;-0.399874;0;-12.1219;33.9555;-15.7403;31.6108
0.0150761;-0.399716;0;-18.0943;51.0373;-23.6113;47.4179
0.0200977;-0.399495;0;-24.0705;68.1306;-31.4876;63.2356
0.0251162;-0.399211;0;-30.0498;85.2328;-39.368;79.0615
0.0301307;-0.398864;0;-36.031;102.341;-47.2512;94.8931
0.0351405;-0.398453;0;-42.0134;119.453;-55.1359;110.728
0.0401447;-0.39798;0;-47.9959;136.565;-63.021;126.563
0.0451426;-0.397445;0;-53.9776;153.676;-70.9051;142.397
0.0501333;-0.396846;0;-59.9576;170.781;-78.7871;158.226
0.0551161;-0.396185;0;-65.6506;188.422;-86.6268;173.97
0.0600902;-0.395461;0;-71.3585;206.135;-94.4938;189.769
0.0650549;-0.394674;0;-77.1481;222.849;-102.122;205.089
0.0700092;-0.393826;0;-83.0406;239.804;-109.87;220.649
0.0749525;-0.392915;0;-88.9334;256.76;-117.619;236.211
0.079884;-0.391942;0;-94.8255;273.717;-125.368;251.772
0.0848028;-0.390907;0;-100.575;290.288;-132.946;266.992
0.0897083;-0.389811;0;-106.378;306.937;-140.584;282.332
0.0945996;-0.388653;0;-112.184;323.588;-148.225;297.675
0.099476;-0.387433;0;-117.99;340.242;-155.866;313.02
0.104337;-0.386153;0;-123.796;356.894;-163.506;328.365
0.109181;-0.384811;0;-129.601;373.541;-171.145;343.706
0.114008;-0.383409;0;-135.404;390.183;-178.781;359.041
0.118817;-0.381946;0;-140.995;406.011;-186.036;373.61
0.123607;-0.380423;0;-146.677;421.986;-193.351;388.301
0.128377;-0.378839;0;-152.362;437.968;-200.67;402.999
0.133128;-0.377196;0;-158.049;453.956;-207.991;417.702
0.137857;-0.375494;0;-163.737;469.947;-215.314;432.409
0.142565;-0.373732;0;-169.426;485.939;-222.637;447.116
0.14725;-0.371911;0;-175.115;501.928;-229.96;461.822
0.151912;-0.370031;0;-180.802;517.913;-237.28;476.523
0.156549;-0.368093;0;-186.487;533.89;-244.598;491.219
0.161163;-0.366096;0;-192.169;549.858;-251.911;505.906
0.16575;-0.364042;0;-197.846;565.814;-259.219;520.582
0.170312;-0.361931;0;-203.427;581.366;-266.392;534.987
0.174846;-0.359762;0;-208.875;596.353;-273.338;548.937
0.179353;-0.357537;0;-214.204;610.966;-280.022;562.36
0.183832;-0.355255;0;-219.537;625.588;-286.71;575.792
0.188282;-0.352916;0;-224.872;640.216;-293.402;589.231
0.192701;-0.350523;0;-230.21;654.849;-300.096;602.675
0.197091;-0.348074;0;-235.55;669.483;-306.792;616.121
0.201449;-0.345569;0;-240.889;684.117;-313.487;629.567
0.205776;-0.343011;0;-246.228;698.748;-320.182;643.012
0.21007;-0.340398;0;-251.566;713.374;-326.874;656.452
0.214331;-0.337731;0;-256.902;727.993;-333.564;669.887
0.218558;-0.335011;0;-262.235;742.602;-340.25;683.314
0.22275;-0.332238;0;-267.565;757.199;-346.93;696.73
0.226908;-0.329413;0;-272.746;770.829;-353.303;709.528
0.231029;-0.326536;0;-277.595;783.668;-359.175;721.321
0.235114;-0.323607;0;-282.448;796.516;-365.053;733.125
0.239162;-0.320627;0;-287.304;809.373;-370.934;744.936
0.243172;-0.317596;0;-292.164;822.235;-376.818;756.753
0.247144;-0.314515;0;-297.025;835.101;-382.705;768.575
0.251077;-0.311385;0;-301.887;847.968;-388.592;780.398
0.25497;-0.308205;0;-306.75;860.836;-394.48;792.222
0.258822;-0.304977;0;-311.612;873.7;-400.367;804.045
0.262634;-0.301701;0;-316.473;886.561;-406.252;815.864
0.266405;-0.298376;0;-321.333;899.415;-412.135;827.679
0.270133;-0.295005;0;-326.189;912.26;-418.014;839.486
0.273819;-0.291587;0;-331.042;925.095;-423.889;851.284
0.277461;-0.288124;0;-335.783;937.668;-429.65;862.854
0.28106;-0.284614;0;-340.096;948.819;-434.766;873.128
0.284614;-0.28106;0;-344.36;959.673;-439.738;883.112
0.288124;-0.277461;0;-348.626;970.531;-444.711;893.101
0.291587;-0.273819;0;-352.894;981.391;-449.687;903.094
0.295005;-0.270133;0;-357.163;992.253;-454.664;913.088
0.298376;-0.266405;0;-361.433;1003.11;-459.641;923.083
0.301701;-0.262634;0;-365.702;1013.97;-464.617;933.077
0.304977;-0.258822;0;-369.971;1024.82;-469.592;943.069
0.308205;-0.25497;0;-374.238;1035.67;-474.565;953.056
0.311385;-0.251077;0;-378.503;1046.51;-479.535;963.037
0.314515;-0.247144;0;-382.766;1057.34;-484.502;973.011
0.317596;-0.243172;0;-386.919;1067.65;-489.29;982.628
0.320627;-0.239162;0;-390.427;1076.26;-493.24;990.559
0.323607;-0.235114;0;-393.937;1084.88;-497.193;998.498
0.326536;-0.231029;0;-397.45;1093.5;-501.148;1006.44
0.329413;-0.226908;0;-400.965;1102.13;-505.106;1014.39
0.332238;-0.22275;0;-404.482;1110.76;-509.065;1022.34
0.335011;-0.218558;0;-408;1119.39;-513.024;1030.29
0.337731;-0.214331;0;-411.518;1128.02;-516.984;1038.24
0.340398;-0.21007;0;-415.035;1136.65;-520.944;1046.2
0.343011;-0.205776;0;-418.553;1145.27;-524.902;1054.15
0.345569;-0.201449;0;-422.068;1153.89;-528.859;1062.09
0.348074;-0.197091;0;-425.582;1162.5;-532.813;1070.03
0.350523;-0.192701;0;-429.094;1171.11;-536.764;1077.97
0.352916;-0.188282;0;-432.603;1179.7;-540.712;1085.9
0.355255;-0.183832;0;-435.675;1187.12;-544.132;1092.76
0.357537;-0.179353;0;-438.378;1193.29;-547.022;1098.57
0.359762;-0.174846;0;-441.083;1199.47;-549.913;1104.38
0.361931;-0.170312;0;-443.609;1205.43;-552.678;1109.93
0.364042;-0.16575;0;-446.072;1211.47;-555.423;1115.44
0.366096;-0.161163;0;-448.535;1217.52;-558.169;1120.95
0.368093;-0.156549;0;-450.997;1223.56;-560.915;1126.47
0.370031;-0.151912;0;-453.458;1229.61;-563.661;1131.98
0.371911;-0.14725;0;-455.917;1235.66;-566.406;1137.5
0.373732;-0.142565;0;-458.374;1241.72;-569.151;1143.01
0.375494;-0.137857;0;-460.829;1247.77;-571.894;1148.52
0.377196;-0.133128;0;-463.281;1253.82;-574.635;1154.02
0.378839;-0.128377;0;-465.722;1259.83;-577.362;1159.5
0.380423;-0.123607;0;-467.949;1265.16;-579.816;1164.43
0.381946;-0.118817;0;-469.661;1268.76;-581.571;1167.95
0.383409;-0.114008;0;-471.372;1272.36;-583.328;1171.48
0.384811;-0.109181;0;-473.084;1275.96;-585.084;1175.01
0.386153;-0.104337;0;-474.628;1279.57;-586.752;1178.36
0.387433;-0.099476;0;-475.907;1283;-588.256;1181.38
0.388653;-0.0945996;0;-477.186;1286.44;-589.76;1184.4
0.389811;-0.0897083;0;-478.467;1289.88;-591.264;1187.42
0.390907;-0.0848028;0;-479.747;1293.32;-592.769;1190.44
0.391942;-0.079884;0;-481.028;1296.75;-594.273;1193.46
0.392915;-0.0749525;0;-482.309;1300.19;-595.776;1196.48
0.393826;-0.0700092;0;-483.589;1303.61;-597.279;1199.5
0.394674;-0.0650549;0;-484.869;1307.04;-598.781;1202.52
0.395461;-0.0600902;0;-486.149;1310.46;-600.282;1205.53
0.396185;-0.0551161;0;-487.058;1312.29;-601.19;1207.35
0.396846;-0.0501333;0;-487.836;1313.46;-601.866;1208.71
0.397445;-0.0451426;0;-488.616;1314.63;-602.542;1210.07
0.39798;-0.0401447;0;-489.041;1315.58;-603.018;1211.02
0.398453;-0.0351405;0;-489.125;1316.47;-603.329;1211.65
0.398864;-0.0301307;0;-489.209;1317.35;-603.64;1212.27
0.399211;-0.0251162;0;-489.294;1318.24;-603.95;1212.9
0.399495;-0.0200977;0;-489.378;1319.12;-604.261;1213.52
0.399716;-0.0150761;0;-489.462;1320;-604.572;1214.14
0.399874;-0.010052;0;-489.547;1320.89;-604.883;1214.77
0.399968;-0.00502642;0;-489.631;1321.77;-605.194;1215.39
