0.4;0;0;-467.773;1331.28;-605.499;1216.01
0.399968;0.00502642;0;-467.598;1330.5;-605.176;1215.36
0.399874;0.010052;0;-467.418;1329.69;-604.846;1214.69
0.399716;0.0150761;0;-467.239;1328.89;-604.516;1214.03
0.399495;0.0200977;0;-467.06;1328.09;-604.186;1213.37
0.399211;0.0251162;0;-466.881;1327.29;-603.857;1212.71
0.398864;0.0301307;0;-466.701;1326.49;-603.527;1212.05
0.398453;0.0351405;0;-466.522;1325.69;-603.197;1211.38
0.39798;0.0401447;0;-466.343;1324.89;-602.868;1210.72
0.397445;0.0451426;0;-465.874;1323.54;-602.262;1209.51
0.396846;0.0501333;0;-465.26;1321.87;-601.511;1208
0.396185;0.0551161;0;-464.646;1320.19;-600.76;1206.49
0.395461;0.0600902;0;-464.032;1318.52;-600.009;1204.98
0.394674;0.0650549;0;-462.911;1315.54;-598.657;1202.27
0.393826;0.0700092;0;-461.683;1312.28;-597.179;1199.3
0.392915;0.0749525;0;-460.455;1309.02;-595.699;1196.33
0.391942;0.079884;0;-459.226;1305.76;-594.219;1193.35
0.390907;0.0848028;0;-457.996;1302.5;-592.738;1190.38
0.389811;0.0897083;0;-456.767;1299.23;-591.257;1187.4
0.388653;0.0945996;0;-455.537;1295.97;-589.777;1184.43
0.387433;0.099476;0;-454.308;1292.7;-588.296;1181.46
0.386153;0.104337;0;-452.993;1289.23;-586.735;1178.32
0.384811;0.109181;0;-451.408;1285.24;-584.911;1174.66
0.383409;0.114008;0;-449.823;1281.24;-583.087;1171
0.381946;0.118817;0;-448.238;1277.24;-581.263;1167.33
0.380423;0.123607;0;-446.653;1273.25;-579.441;1163.67
0.378839;0.128377;0;-444.593;1267.98;-577.048;1158.87
0.377196;0.133128;0;-442.223;1261.91;-574.287;1153.32
0.375494;0.137857;0;-439.862;1255.93;-571.544;1147.81
0.373732;0.142565;0;-437.501;1249.96;-568.8;1142.3
0.371911;0.14725;0;-435.139;1243.98;-566.055;1136.79
0.370031;0.151912;0;-432.775;1238.01;-563.308;1131.28
0.368093;0.156549;0;-430.411;1232.03;-560.562;1125.76
0.366096;0.161163;0;-428.047;1226.05;-557.815;1120.24
0.364042;0.16575;0;-425.683;1220.08;-555.069;1114.73
0.361931;0.170312;0;-423.32;1214.11;-552.323;1109.21
0.359762;0.174846;0;-420.957;1208.14;-549.579;1103.7
0.357537;0.179353;0;-418.596;1202.17;-546.836;1098.2
0.355255;0.183832;0;-416.236;1196.21;-544.096;1092.69
0.352916;0.188282;0;-413.378;1188.89;-540.748;1085.97
0.350523;0.192701;0;-410.019;1180.28;-536.805;1078.05
0.348074;0.197091;0;-406.656;1171.66;-532.858;1070.12
0.345569;0.201449;0;-403.291;1163.03;-528.909;1062.19
0.343011;0.205776;0;-399.924;1154.4;-524.957;1054.26
0.340398;0.21007;0;-396.556;1145.76;-521.004;1046.32
0.337731;0.214331;0;-393.186;1137.12;-517.05;1038.38
0.335011;0.218558;0;-389.816;1128.48;-513.095;1030.43
0.332238;0.22275;0;-386.446;1119.85;-509.14;1022.49
0.329413;0.226908;0;-383.076;1111.21;-505.186;1014.55
0.326536;0.231029;0;-379.708;1102.58;-501.234;1006.61
0.323607;0.235114;0;-376.334;1093.96;-497.279;998.67
0.320627;0.239162;0;-372.951;1085.3;-493.312;990.704
0.317596;0.243172;0;-369.569;1076.64;-489.349;982.745
0.314515;0.247144;0;-365.745;1066.6;-484.765;973.539
0.311385;0.251077;0;-361.653;1055.71;-479.805;963.578
0.308205;0.25497;0;-357.557;1044.81;-474.841;953.61
0.304977;0.258822;0;-353.457;1033.9;-469.873;943.631
0.301701;0.262634;0;-349.35;1022.96;-464.897;933.638
0.298376;0.266405;0;-345.239;1012.02;-459.916;923.635
0.295005;0.270133;0;-341.122;1001.07;-454.929;913.62
0.291587;0.273819;0;-337.005;990.117;-449.942;903.606
0.288124;0.277461;0;-332.888;979.17;-444.956;893.593
0.284614;0.28106;0;-328.773;968.228;-439.972;883.583
0.28106;0.284614;0;-324.659;957.293;-434.99;873.578
0.277461;0.288124;0;-320.501;946.14;-429.918;863.391
0.273819;0.291587;0;-315.861;933.21;-424.05;851.608
0.270133;0.295005;0;-311.217;920.269;-418.178;839.814
0.266405;0.298376;0;-306.57;907.319;-412.3;828.011
0.262634;0.301701;0;-301.92;894.361;-406.42;816.2
0.258822;0.304977;0;-297.267;881.399;-400.536;804.385
0.25497;0.308205;0;-292.614;868.432;-394.651;792.566
0.251077;0.311385;0;-287.956;855.469;-388.763;780.742
0.247144;0.314515;0;-283.297;842.505;-382.875;768.916
0.243172;0.317596;0;-278.634;829.522;-376.981;757.08
0.239162;0.320627;0;-273.973;816.542;-371.09;745.249
0.235114;0.323607;0;-269.314;803.569;-365.201;733.423
0.231029;0.326536;0;-264.658;790.603;-359.317;721.605
0.226908;0.329413;0;-260.006;777.648;-353.437;709.797
0.22275;0.332238;0;-255.139;763.774;-347.135;697.141
0.218558;0.335011;0;-250.073;749.04;-340.45;683.717
0.214331;0.337731;0;-245.003;734.295;-333.761;670.282
0.21007;0.340398;0;-239.93;719.541;-327.067;656.839
0.205776;0.343011;0;-234.855;704.779;-320.37;643.39
0.201449;0.345569;0;-229.778;690.012;-313.671;629.937
0.197091;0.348074;0;-224.7;675.243;-306.971;616.482
0.192701;0.350523;0;-219.622;660.474;-300.272;603.027
0.188282;0.352916;0;-214.546;645.707;-293.573;589.574
0.183832;0.355255;0;-209.471;630.945;-286.877;576.126
0.179353;0.357537;0;-204.398;616.19;-280.184;562.685
0.174846;0.359762;0;-199.329;601.443;-273.495;549.252
0.170312;0.361931;0;-194.221;586.49;-266.698;535.602
0.16575;0.364042;0;-188.83;570.394;-259.383;520.911
0.161163;0.366096;0;-183.412;554.215;-252.031;506.147
0.156549;0.368093;0;-177.988;538.019;-244.673;491.369
0.151912;0.370031;0;-172.56;521.81;-237.307;476.577
0.14725;0.371911;0;-167.128;505.589;-229.937;461.776
0.142565;0.373732;0;-161.693;489.36;-222.563;446.966
0.137857;0.375494;0;-156.256;473.124;-215.186;432.151
0.133128;0.377196;0;-150.818;456.885;-207.807;417.333
0.128377;0.378839;0;-145.379;440.645;-200.428;402.514
0.123607;0.380423;0;-139.941;424.407;-193.05;387.696
0.118817;0.381946;0;-134.674;408.507;-185.821;373.18
0.114008;0.383409;0;-129.189;391.748;-178.198;357.871
0.109181;0.384811;0;-123.702;374.982;-170.572;342.555
0.104337;0.386153;0;-118.213;358.212;-162.944;327.236
0.099476;0.387433;0;-112.723;341.439;-155.315;311.914
0.0945996;0.388653;0;-107.234;324.667;-147.686;296.593
0.0897083;0.389811;0;-101.745;307.899;-140.058;281.275
0.0848028;0.390907;0;-96.2589;291.136;-132.434;265.962
0.079884;0.391942;0;-90.7753;274.382;-124.813;250.658
0.0749525;0.392915;0;-85.2954;257.638;-117.197;235.363
0.0700092;0.393826;0;-79.82;240.909;-109.587;220.081
0.0650549;0.394674;0;-74.35;224.197;-101.985;204.814
0.0600902;0.395461;0;-68.8862;207.503;-94.3921;189.565
0.0551161;0.396185;0;-63.4296;190.831;-86.8088;174.336
0.0501333;0.396846;0;-57.8097;173.609;-78.9727;158.599
0.0451426;0.397445;0;-52.1577;156.309;-71.0909;142.77
0.0401447;0.39798;0;-46.4993;138.99;-63.2001;126.923
0.0351405;0.398453;0;-40.8354;121.653;-55.3015;111.06
0.0301307;0.398864;0;-35.1667;104.303;-47.3964;95.1848
0.0251162;0.399211;0;-29.4943;86.9404;-39.486;79.2987
0.0200977;0.399495;0;-23.819;69.5693;-31.5717;63.4044
0.0150761;0.399716;0;-18.1418;52.1921;-23.6545;47.5047
0.010052;0.399874;0;-12.4634;34.8115;-15.7358;31.6018
0.00502642;0.399968;0;-6.78484;17.4304;-7.81691;15.6985
2.44929e-17;0.4;0;-1.10699;0.0514427;0.101042;-0.202919
-0.00502642;0.399968;0;4.56927;-17.3226;8.01676;-16.0998
-0.010052;0.399874;0;10.243;-34.689;15.929;-31.9897
-0.0150761;0.399716;0;15.9134;-52.0451;23.8365;-47.8701
-0.0200977;0.399495;0;21.5795;-69.388;31.738;-63.7385
-0.0251162;0.399211;0;27.2404;-86.715;39.6323;-79.5924
-0.0301307;0.398864;0;32.8952;-104.023;47.5181;-95.4292
-0.0351405;0.398453;0;38.4944;-121.22;55.3267;-111.111
-0.0401447;0.39798;0;44.0947;-138.337;63.0897;-126.701
-0.0451426;0.397445;0;49.7242;-155.355;70.8436;-142.273
-0.0501333;0.396846;0;55.3582;-172.387;78.6037;-157.857
-0.0551161;0.396185;0;60.9959;-189.431;86.3688;-173.452
-0.0600902;0.395461;0;66.6363;-206.482;94.1376;-189.054
-0.0650549;0.394674;0;72.2785;-223.54;101.909;-204.661
-0.0700092;0.393826;0;77.9216;-240.6;109.682;-220.271
-0.0749525;0.392915;0;83.5648;-257.661;117.455;-235.881
-0.079884;0.391942;0;89.2072;-274.719;125.226;-251.489
-0.0848028;0.390907;0;94.8478;-291.773;132.996;-267.092
-0.0897083;0.389811;0;100.486;-308.819;140.762;-282.687
-0.0945996;0.388653;0;106.12;-325.854;148.523;-298.273
-0.099476;0.387433;0;111.75;-342.876;156.277;-313.848
-0.104337;0.386153;0;117.307;-359.702;163.914;-329.184
-0.109181;0.384811;0;122.763;-376.059;171.321;-344.059
-0.114008;0.383409;0;128.212;-392.158;178.647;-358.771
-0.118817;0.381946;0;133.665;-408.271;185.978;-373.494
-0.123607;0.380423;0;139.122;-424.393;193.313;-388.225
-0.128377;0.378839;0;144.581;-440.523;200.652;-402.964
-0.133128;0.377196;0;150.042;-456.658;207.993;-417.707
-0.137857;0.375494;0;155.504;-472.796;215.336;-432.452
-0.142565;0.373732;0;160.966;-488.934;222.678;-447.197
-0.14725;0.371911;0;166.426;-505.069;230.019;-461.939
-0.151912;0.370031;0;171.859;-521.144;237.327;-476.617
-0.156549;0.368093;0;177.29;-537.219;244.64;-491.303
-0.161163;0.366096;0;182.718;-553.285;251.949;-505.981
-0.16575;0.364042;0;188.142;-569.34;259.253;-520.649
-0.170312;0.361931;0;193.562;-585.381;266.55;-535.305
-0.174846;0.359762;0;198.802;-600.684;273.533;-549.328
-0.179353;0.357537;0;203.882;-615.327;280.181;-562.68
-0.183832;0.355255;0;208.966;-629.982;286.835;-576.042
-0.188282;0.352916;0;214.054;-644.645;293.493;-589.413
-0.192701;0.350523;0;219.143;-659.314;300.153;-602.789
-0.197091;0.348074;0;224.234;-673.987;306.816;-616.169
-0.201449;0.345569;0;229.325;-688.661;313.479;-629.551
-0.205776;0.343011;0;234.416;-703.334;320.142;-642.933
-0.21007;0.340398;0;239.506;-718.005;326.804;-656.312
-0.214331;0.337731;0;244.595;-732.67;333.464;-669.686
-0.218558;0.335011;0;249.681;-747.327;340.12;-683.054
-0.22275;0.332238;0;254.709;-761.735;346.678;-696.223
-0.226908;0.329413;0;259.699;-775.757;353.109;-709.138
-0.231029;0.326536;0;264.279;-788.538;358.91;-720.789
-0.235114;0.323607;0;268.922;-801.499;364.792;-732.6
-0.239162;0.320627;0;273.568;-814.468;370.677;-744.42
-0.243172;0.317596;0;278.217;-827.443;376.566;-756.246
-0.247144;0.314515;0;282.867;-840.422;382.456;-768.075
-0.251077;0.311385;0;287.518;-853.404;388.348;-779.907
-0.25497;0.308205;0;292.17;-866.386;394.24;-791.74
-0.258822;0.304977;0;296.82;-879.366;400.131;-803.571
-0.262634;0.301701;0;301.47;-892.342;406.02;-815.398
-0.266405;0.298376;0;306.117;-905.312;411.907;-827.221
-0.270133;0.295005;0;310.762;-918.274;417.79;-839.036
-0.273819;0.291587;0;315.402;-931.225;423.669;-850.842
-0.277461;0.288124;0;319.769;-943.282;429.17;-861.89
-0.28106;0.284614;0;323.954;-954.684;434.373;-872.339
-0.284614;0.28106;0;328.051;-965.721;439.386;-882.407
-0.288124;0.277461;0;332.15;-976.762;444.402;-892.479
-0.291587;0.273819;0;336.25;-987.806;449.419;-902.554
-0.295005;0.270133;0;340.351;-998.85;454.436;-912.631
-0.298376;0.266405;0;344.452;-1009.89;459.453;-922.707
-0.301701;0.262634;0;348.552;-1020.93;464.47;-932.781
-0.304977;0.258822;0;352.65;-1031.97;469.484;-942.851
-0.308205;0.25497;0;356.746;-1043;474.496;-952.917
-0.311385;0.251077;0;360.84;-1054.02;479.505;-962.976
-0.314515;0.247144;0;364.93;-1065.04;484.509;-973.026
-0.317596;0.243172;0;368.764;-1075.22;489.161;-982.368
-0.320627;0.239162;0;372.117;-1083.95;493.136;-990.35
-0.323607;0.235114;0;375.472;-1092.7;497.114;-998.339
-0.326536;0.231029;0;378.83;-1101.45;501.094;-1006.33
-0.329413;0.226908;0;382.189;-1110.21;505.076;-1014.33
-0.332238;0.22275;0;385.549;-1118.96;509.059;-1022.33
-0.335011;0.218558;0;388.91;-1127.72;513.043;-1030.33
-0.337731;0.214331;0;392.21;-1136.32;516.967;-1038.21
-0.340398;0.21007;0;395.506;-1144.96;520.892;-1046.09
-0.343011;0.205776;0;398.802;-1153.6;524.817;-1053.98
-0.345569;0.201449;0;402.097;-1162.23;528.741;-1061.85
-0.348074;0.197091;0;405.39;-1170.86;532.662;-1069.73
-0.350523;0.192701;0;408.68;-1179.48;536.581;-1077.6
-0.352916;0.188282;0;411.968;-1188.1;540.497;-1085.46
-0.355255;0.183832;0;414.912;-1195.91;544.023;-1092.55
-0.357537;0.179353;0;417.4;-1202.22;546.9;-1098.32
-0.359762;0.174846;0;419.897;-1208.56;549.788;-1104.12
-0.361931;0.170312;0;422.396;-1214.9;552.677;-1109.92
-0.364042;0.16575;0;424.894;-1221.25;555.566;-1115.73
-0.366096;0.161163;0;427.392;-1227.59;558.455;-1121.53
-0.368093;0.156549;0;429.889;-1233.94;561.343;-1127.33
-0.370031;0.151912;0;432.386;-1240.28;564.23;-1133.13
-0.371911;0.14725;0;434.88;-1246.62;567.116;-1138.92
-0.373732;0.142565;0;437.373;-1252.96;570;-1144.71
-0.375494;0.137857;0;439.864;-1259.29;572.881;-1150.5
-0.377196;0.133128;0;442.289;-1265.44;575.675;-1156.11
-0.378839;0.128377;0;443.987;-1269.69;577.608;-1159.99
-0.380423;0.123607;0;445.555;-1273.61;579.391;-1163.57
-0.381946;0.118817;0;447.124;-1277.52;581.175;-1167.16
-0.383409;0.114008;0;448.694;-1281.44;582.96;-1170.74
-0.384811;0.109181;0;450.264;-1285.36;584.746;-1174.33
-0.386153;0.104337;0;451.834;-1289.28;586.532;-1177.92
-0.387433;0.099476;0;453.404;-1293.2;588.319;-1181.5
-0.388653;0.0945996;0;454.974;-1297.12;590.105;-1185.09
-0.389811;0.0897083;0;456.543;-1301.04;591.89;-1188.68
-0.390907;0.0848028;0;458.112;-1304.96;593.675;-1192.26
-0.391942;0.079884;0;459.679;-1308.88;595.459;-1195.84
-0.392915;0.0749525;0;461.246;-1312.8;597.242;-1199.42
-0.393826;0.0700092;0;462.811;-1316.71;599.022;-1203
-0.394674;0.0650549;0;464.361;-1320.59;600.787;-1206.54
-0.395461;0.0600902;0;464.966;-1322.12;601.484;-1207.94
-0.396185;0.0551161;0;465.48;-1323.41;602.07;-1209.12
-0.396846;0.0501333;0;465.993;-1324.69;602.656;-1210.3
-0.397445;0.0451426;0;466.507;-1325.98;603.241;-1211.47
-0.39798;0.0401447;0;467.019;-1327.26;603.827;-1212.65
-0.398453;0.0351405;0;467.514;-1328.55;604.398;-1213.8
-0.398864;0.0301307;0;467.992;-1329.78;604.952;-1214.91
-0.399211;0.0251162;0;468.466;-1330.99;605.501;-1216.01
-0.399495;0.0200977;0;468.939;-1332.2;606.05;-1217.11
-0.399716;0.0150761;0;469.411;-1333.41;606.598;-1218.21
-0.399874;0.010052;0;469.883;-1334.61;607.146;-1219.31
-0.399968;0.00502642;0;470.354;-1335.81;607.692;-1220.41
-0.4;4.89859e-17;0;470.825;-1337.01;608.238;-1221.51
-0.399968;-0.00502642;0;470.471;-1336.2;607.86;-1220.75
-0.399874;-0.010052;0;469.94;-1334.94;607.284;-1219.59
-0.399716;-0.0150761;0;469.409;-1333.69;606.708;-1218.43
-0.399495;-0.0200977;0;468.876;-1332.44;606.131;-1217.27
-0.399211;-0.0251162;0;468.344;-1331.18;605.553;-1216.11
-0.398864;-0.0301307;0;467.811;-1329.92;604.975;-1214.95
-0.398453;-0.0351405;0;467.277;-1328.66;604.396;-1213.79
-0.39798;-0.0401447;0;466.743;-1327.39;603.817;-1212.63
-0.397445;-0.0451426;0;466.209;-1326.13;603.238;-1211.47
-0.396846;-0.0501333;0;465.674;-1324.86;602.658;-1210.3
-0.396185;-0.0551161;0;465.14;-1323.6;602.079;-1209.14
-0.395461;-0.0600902;0;464.606;-1322.33;601.499;-1207.97
-0.394674;-0.0650549;0;464.069;-1321.06;600.918;-1206.81
-0.393826;-0.0700092;0;462.525;-1317.31;599.197;-1203.35
-0.392915;-0.0749525;0;460.942;-1313.46;597.433;-1199.81
-0.391942;-0.079884;0;459.358;-1309.6;595.667;-1196.26
-0.390907;-0.0848028;0;457.772;-1305.74;593.899;-1192.71
-0.389811;-0.0897083;0;456.185;-1301.88;592.131;-1189.16
-0.388653;-0.0945996;0;454.598;-1298.02;590.361;-1185.61
-0.387433;-0.099476;0;453.01;-1294.16;588.591;-1182.05
-0.386153;-0.104337;0;451.421;-1290.29;586.821;-1178.5
-0.384811;-0.109181;0;449.833;-1286.42;585.051;-1174.94
-0.383409;-0.114008;0;448.245;-1282.56;583.281;-1171.39
-0.381946;-0.118817;0;446.658;-1278.69;581.512;-1167.83
-0.380423;-0.123607;0;445.072;-1274.83;579.744;-1164.28
-0.378839;-0.128377;0;443.413;-1270.77;577.884;-1160.55
-0.377196;-0.133128;0;441.096;-1264.94;575.215;-1155.19
-0.375494;-0.137857;0;438.777;-1259.1;572.545;-1149.82
-0.373732;-0.142565;0;436.457;-1253.26;569.873;-1144.46
-0.371911;-0.14725;0;433.87;-1246.83;566.938;-1138.56
-0.370031;-0.151912;0;431.247;-1240.34;563.966;-1132.6
-0.368093;-0.156549;0;428.623;-1233.85;560.992;-1126.62
-0.366096;-0.161163;0;425.997;-1227.36;558.018;-1120.65
-0.364042;-0.16575;0;423.37;-1220.87;555.042;-1114.68
-0.361931;-0.170312;0;420.744;-1214.37;552.067;-1108.7
-0.359762;-0.174846;0;418.117;-1207.88;549.092;-1102.72
-0.357537;-0.179353;0;415.491;-1201.39;546.117;-1096.75
-0.355255;-0.183832;0;412.643;-1193.93;542.745;-1089.98
-0.352916;-0.188282;0;409.731;-1186.3;539.294;-1083.05
-0.350523;-0.192701;0;406.692;-1178.35;535.676;-1075.78
-0.348074;-0.197091;0;403.48;-1169.94;531.84;-1068.08
-0.345569;-0.201449;0;400.266;-1161.53;528.001;-1060.37
-0.343011;-0.205776;0;397.051;-1153.12;524.161;-1052.66
-0.340398;-0.21007;0;393.835;-1144.71;520.32;-1044.94
-0.337731;-0.214331;0;390.619;-1136.29;516.48;-1037.23
-0.335011;-0.218558;0;387.404;-1127.88;512.639;-1029.52
-0.332238;-0.22275;0;384.19;-1119.47;508.801;-1021.81
-0.329413;-0.226908;0;380.977;-1111.07;504.963;-1014.1
-0.326536;-0.231029;0;377.624;-1102.44;501.007;-1006.16
-0.323607;-0.235114;0;374.223;-1093.68;496.996;-998.102
-0.320627;-0.239162;0;370.823;-1084.92;492.987;-990.051
-0.317596;-0.243172;0;367.423;-1076.14;488.964;-981.972
-0.314515;-0.247144;0;363.567;-1065.92;484.263;-972.532
-0.311385;-0.251077;0;359.482;-1054.93;479.25;-962.463
-0.308205;-0.25497;0;355.393;-1043.93;474.232;-952.386
-0.304977;-0.258822;0;351.302;-1032.92;469.211;-942.302
-0.301701;-0.262634;0;347.208;-1021.91;464.187;-932.213
-0.298376;-0.266405;0;343.113;-1010.89;459.161;-922.12
-0.295005;-0.270133;0;339.017;-999.862;454.135;-912.025
-0.291587;-0.273819;0;334.921;-988.838;449.108;-901.93
-0.288124;-0.277461;0;330.826;-977.815;444.082;-891.837
-0.284614;-0.28106;0;326.731;-966.794;439.057;-881.745
-0.28106;-0.284614;0;322.639;-955.778;434.034;-871.659
-0.277461;-0.288124;0;318.437;-944.208;428.726;-860.998
-0.273819;-0.291587;0;314.15;-932.372;423.293;-850.088
-0.270133;-0.295005;0;309.678;-919.809;417.578;-838.609
-0.266405;-0.298376;0;305.104;-906.954;411.729;-826.864
-0.262634;-0.301701;0;300.528;-894.092;405.878;-815.112
-0.258822;-0.304977;0;295.951;-881.225;400.024;-803.357
-0.25497;-0.308205;0;291.372;-868.356;394.17;-791.599
-0.251077;-0.311385;0;286.794;-855.487;388.315;-779.842
-0.247144;-0.314515;0;282.216;-842.619;382.461;-768.086
-0.243172;-0.317596;0;277.639;-829.754;376.609;-756.333
-0.239162;-0.320627;0;273.064;-816.895;370.759;-744.585
-0.235114;-0.323607;0;268.493;-804.044;364.913;-732.845
-0.231029;-0.326536;0;263.924;-791.202;359.072;-721.114
-0.226908;-0.329413;0;259.265;-778.041;353.057;-709.034
-0.22275;-0.332238;0;254.338;-764.045;346.632;-696.13
-0.218558;-0.335011;0;249.36;-749.539;340.036;-682.884
-0.214331;-0.337731;0;244.334;-734.887;333.375;-669.508
-0.21007;-0.340398;0;239.306;-720.226;326.711;-656.124
-0.205776;-0.343011;0;234.276;-705.56;320.044;-642.736
-0.201449;-0.345569;0;229.245;-690.891;313.377;-629.345
-0.197091;-0.348074;0;224.214;-676.221;306.709;-615.954
-0.192701;-0.350523;0;219.184;-661.553;300.041;-602.564
-0.188282;-0.352916;0;214.155;-646.888;293.376;-589.179
-0.183832;-0.355255;0;209.128;-632.23;286.714;-575.799
-0.179353;-0.357537;0;204.105;-617.58;280.055;-562.427
-0.174846;-0.359762;0;199.085;-602.94;273.402;-549.065
-0.170312;-0.361931;0;193.931;-587.75;266.449;-535.101
-0.16575;-0.364042;0;188.638;-571.864;259.231;-520.605
-0.161163;-0.366096;0;183.292;-555.798;251.936;-505.956
-0.156549;-0.368093;0;177.944;-539.722;244.637;-491.297
-0.151912;-0.370031;0;172.592;-523.638;237.334;-476.631
-0.14725;-0.371911;0;167.239;-507.548;230.029;-461.96
-0.142565;-0.373732;0;161.885;-491.456;222.722;-447.286
-0.137857;-0.375494;0;156.531;-475.363;215.415;-432.612
-0.133128;-0.377196;0;151.177;-459.272;208.11;-417.941
-0.128377;-0.378839;0;145.826;-443.186;200.807;-403.274
-0.123607;-0.380423;0;140.476;-427.108;193.507;-388.614
-0.118817;-0.381946;0;135.13;-411.039;186.211;-373.962
-0.114008;-0.383409;0;129.789;-394.982;178.921;-359.322
-0.109181;-0.384811;0;124.458;-378.958;171.644;-344.708
-0.104337;-0.386153;0;118.92;-362.041;163.958;-329.272
-0.099476;-0.387433;0;113.373;-345.05;156.251;-313.795
-0.0945996;-0.388653;0;107.822;-328.05;148.54;-298.309
-0.0897083;-0.389811;0;102.27;-311.043;140.826;-282.817
-0.0848028;-0.390907;0;96.7199;-294.041;133.116;-267.333
-0.079884;-0.391942;0;91.158;-277.01;125.391;-251.82
-0.0749525;-0.392915;0;85.592;-259.97;117.662;-236.297
-0.0700092;-0.393826;0;80.0267;-242.932;109.934;-220.777
-0.0650549;-0.394674;0;74.4631;-225.9;102.208;-205.261
-0.0600902;-0.395461;0;68.9019;-208.876;94.4856;-189.753
-0.0551161;-0.396185;0;63.3442;-191.862;86.768;-174.254
-0.0501333;-0.396846;0;57.752;-174.577;78.9546;-158.562
-0.0451426;-0.397445;0;52.1028;-157.167;71.0633;-142.714
-0.0401447;-0.39798;0;46.4504;-139.747;63.1675;-126.857
-0.0351405;-0.398453;0;40.7957;-122.32;55.2685;-110.994
-0.0301307;-0.398864;0;35.148;-104.917;47.3804;-95.1527
-0.0251162;-0.399211;0;29.4871;-87.4744;39.4739;-79.2742
-0.0200977;-0.399495;0;23.8259;-70.0303;31.5668;-63.3947
-0.0150761;-0.399716;0;18.1652;-52.5879;23.6605;-47.5166
-0.010052;-0.399874;0;12.5059;-35.1497;15.7561;-31.6425
-0.00502642;-0.399968;0;6.84888;-17.7187;7.85496;-15.7749
-7.34788e-17;-0.4;0;1.1951;-0.297616;-0.0417188;0.0837827
0.00502642;-0.399968;0;-4.42176;16.9947;-7.87588;15.8169
0.010052;-0.399874;0;-10.0788;34.3755;-15.7403;31.6108
0.0150761;-0.399716;0;-15.7406;51.7707;-23.6113;47.4179
0.0200977;-0.399495;0;-21.4061;69.1776;-31.4876;63.2356
0.0251162;-0.399211;0;-27.0746;86.5935;-39.368;79.0615
0.0301307;-0.398864;0;-32.7452;104.016;-47.2512;94.8931
0.0351405;-0.398453;0;-38.4168;121.441;-55.1359;110.728
0.0401447;-0.39798;0;-44.0887;138.868;-63.021;126.563
0.0451426;-0.397445;0;-49.7599;156.292;-70.9051;142.397
0.0501333;-0.396846;0;-55.4296;173.711;-78.7871;158.226
0.0551161;-0.396185;0;-61.0689;190.887;-86.6268;173.97
0.0600902;-0.395461;0;-66.7278;208.119;-94.4938;189.769
0.0650549;-0.394674;0;-72.2922;224.902;-102.122;205.089
0.0700092;-0.393826;0;-77.9475;241.951;-109.87;220.649
0.0749525;-0.392915;0;-83.6034;259.002;-117.619;236.211
0.079884;-0.391942;0;-89.259;276.052;-125.368;251.772
0.0848028;-0.390907;0;-94.7845;292.755;-132.946;266.992
0.0897083;-0.389811;0;-100.347;309.626;-140.584;282.332
0.0945996;-0.388653;0;-105.911;326.502;-148.225;297.675
0.099476;-0.387433;0;-111.476;343.379;-155.866;313.02
0.104337;-0.386153;0;-117.04;360.256;-163.506;328.365
0.109181;-0.384811;0;-122.604;377.13;-171.145;343.706
0.114008;-0.383409;0;-128.165;393.998;-178.781;359.041
0.118817;-0.381946;0;-133.526;409.973;-186.036;373.61
0.123607;-0.380423;0;-138.977;426.05;-193.351;388.301
0.128377;-0.378839;0;-144.431;442.136;-200.67;402.999
0.133128;-0.377196;0;-149.888;458.228;-207.991;417.702
0.137857;-0.375494;0;-155.345;474.323;-215.314;432.409
0.142565;-0.373732;0;-160.802;490.419;-222.637;447.116
0.14725;-0.371911;0;-166.259;506.514;-229.96;461.822
0.151912;-0.370031;0;-171.715;522.604;-237.28;476.523
0.156549;-0.368093;0;-177.168;538.688;-244.598;491.219
0.161163;-0.366096;0;-182.618;554.763;-251.911;505.906
0.16575;-0.364042;0;-188.064;570.826;-259.219;520.582
0.170312;-0.361931;0;-193.401;586.654;-266.392;534.987
0.174846;-0.359762;0;-198.594;602.017;-273.338;548.937
0.179353;-0.357537;0;-203.695;616.676;-280.022;562.36
0.183832;-0.355255;0;-208.8;631.344;-286.71;575.792
0.188282;-0.352916;0;-213.907;646.02;-293.402;589.231
0.192701;-0.350523;0;-219.015;660.702;-300.096;602.675
0.197091;-0.348074;0;-224.125;675.387;-306.792;616.121
0.201449;-0.345569;0;-229.235;690.073;-313.487;629.567
0.205776;-0.343011;0;-234.344;704.757;-320.182;643.012
0.21007;-0.340398;0;-239.451;719.437;-326.874;656.452
0.214331;-0.337731;0;-244.556;734.111;-333.564;669.887
0.218558;-0.335011;0;-249.658;748.777;-340.25;683.314
0.22275;-0.332238;0;-254.756;763.432;-346.93;696.73
0.226908;-0.329413;0;-259.643;777.507;-353.303;709.528
0.231029;-0.326536;0;-264.242;790.369;-359.175;721.321
0.235114;-0.323607;0;-268.844;803.242;-365.053;733.125
0.239162;-0.320627;0;-273.45;816.123;-370.934;744.936
0.243172;-0.317596;0;-278.058;829.012;-376.818;756.753
0.247144;-0.314515;0;-282.667;841.905;-382.705;768.575
0.251077;-0.311385;0;-287.277;854.801;-388.592;780.398
0.25497;-0.308205;0;-291.888;867.698;-394.48;792.222
0.258822;-0.304977;0;-296.497;880.594;-400.367;804.045
0.262634;-0.301701;0;-301.106;893.486;-406.252;815.864
0.266405;-0.298376;0;-305.712;906.373;-412.135;827.679
0.270133;-0.295005;0;-310.315;919.253;-418.014;839.486
0.273819;-0.291587;0;-314.915;932.124;-423.889;851.284
0.277461;-0.288124;0;-319.419;944.775;-429.65;862.854
0.28106;-0.284614;0;-323.49;956.027;-434.766;873.128
0.284614;-0.28106;0;-327.489;966.926;-439.738;883.112
0.288124;-0.277461;0;-331.49;977.832;-444.711;893.101
0.291587;-0.273819;0;-335.492;988.743;-449.687;903.094
0.295005;-0.270133;0;-339.495;999.656;-454.664;913.088
0.298376;-0.266405;0;-343.498;1010.57;-459.641;923.083
0.301701;-0.262634;0;-347.5;1021.48;-464.617;933.077
0.304977;-0.258822;0;-351.502;1032.4;-469.592;943.069
0.308205;-0.25497;0;-355.501;1043.3;-474.565;953.056
0.311385;-0.251077;0;-359.498;1054.21;-479.535;963.037
0.314515;-0.247144;0;-363.492;1065.1;-484.502;973.011
0.317596;-0.243172;0;-367.355;1075.66;-489.29;982.628
0.320627;-0.239162;0;-370.633;1084.35;-493.24;990.559
0.323607;-0.235114;0;-373.914;1093.05;-497.193;998.498
0.326536;-0.231029;0;-377.197;1101.76;-501.148;1006.44
0.329413;-0.226908;0;-380.482;1110.46;-505.106;1014.39
0.332238;-0.22275;0;-383.767;1119.18;-509.065;1022.34
0.335011;-0.218558;0;-387.054;1127.89;-513.024;1030.29
0.337731;-0.214331;0;-390.34;1136.61;-516.984;1038.24
0.340398;-0.21007;0;-393.626;1145.33;-520.944;1046.2
0.343011;-0.205776;0;-396.91;1154.04;-524.902;1054.15
0.345569;-0.201449;0;-400.194;1162.75;-528.859;1062.09
0.348074;-0.197091;0;-403.475;1171.46;-532.813;1070.03
0.350523;-0.192701;0;-406.754;1180.16;-536.764;1077.97
0.352916;-0.188282;0;-410.029;1188.85;-540.712;1085.9
0.355255;-0.183832;0;-412.905;1196.42;-544.132;1092.76
0.357537;-0.179353;0;-415.419;1202.79;-547.022;1098.57
0.359762;-0.174846;0;-417.933;1209.18;-549.913;1104.38
0.361931;-0.170312;0;-420.319;1215.32;-552.678;1109.93
0.364042;-0.16575;0;-422.685;1221.4;-555.423;1115.44
0.366096;-0.161163;0;-425.052;1227.48;-558.169;1120.95
0.368093;-0.156549;0;-427.419;1233.56;-560.915;1126.47
0.370031;-0.151912;0;-429.787;1239.64;-563.661;1131.98
0.371911;-0.14725;0;-432.153;1245.72;-566.406;1137.5
0.373732;-0.142565;0;-434.519;1251.79;-569.151;1143.01
0.375494;-0.137857;0;-436.884;1257.86;-571.894;1148.52
0.377196;-0.133128;0;-439.247;1263.93;-574.635;1154.02
0.378839;-0.128377;0;-441.609;1269.93;-577.362;1159.5
0.380423;-0.123607;0;-443.772;1275.28;-579.816;1164.43
0.381946;-0.118817;0;-445.392;1279.12;-581.571;1167.95
0.383409;-0.114008;0;-447.014;1282.96;-583.328;1171.48
0.384811;-0.109181;0;-448.636;1286.8;-585.084;1175.01
0.386153;-0.104337;0;-450.17;1290.42;-586.752;1178.36
0.387433;-0.099476;0;-451.526;1293.73;-588.256;1181.38
0.388653;-0.0945996;0;-452.882;1297.05;-589.76;1184.4
0.389811;-0.0897083;0;-454.239;1300.37;-591.264;1187.42
0.390907;-0.0848028;0;-455.596;1303.69;-592.769;1190.44
0.391942;-0.079884;0;-456.952;1307;-594.273;1193.46
0.392915;-0.0749525;0;-458.308;1310.32;-595.776;1196.48
0.393826;-0.0700092;0;-459.663;1313.64;-597.279;1199.5
0.394674;-0.0650549;0;-461.017;1316.95;-598.781;1202.52
0.395461;-0.0600902;0;-462.37;1320.27;-600.282;1205.53
0.396185;-0.0551161;0;-463.253;1322.23;-601.19;1207.35
0.396846;-0.0501333;0;-463.958;1323.66;-601.866;1208.71
0.397445;-0.0451426;0;-464.664;1325.08;-602.542;1210.07
0.39798;-0.0401447;0;-465.161;1326.1;-603.018;1211.02
0.398453;-0.0351405;0;-465.488;1326.75;-603.329;1211.65
0.398864;-0.0301307;0;-465.816;1327.4;-603.64;1212.27
0.399211;-0.0251162;0;-466.143;1328.05;-603.95;1212.9
0.399495;-0.0200977;0;-466.47;1328.7;-604.261;1213.52
0.399716;-0.0150761;0;-466.798;1329.34;-604.572;1214.14
0.399874;-0.010052;0;-467.125;1329.99;-604.883;1214.77
0.399968;-0.00502642;0;-467.452;1330.64;-605.194;1215.39
