0.4;0;0;-460.113;1313.94;-605.499;1216.01
0.399968;0.00502642;0;-459.203;1313.32;-605.176;1215.36
0.399874;0.010052;0;-458.276;1312.69;-604.846;1214.69
0.399716;0.0150761;0;-457.347;1312.05;-604.516;1214.03
0.399495;0.0200977;0;-456.419;1311.41;-604.186;1213.37
0.399211;0.0251162;0;-455.491;1310.78;-603.857;1212.71
0.398864;0.0301307;0;-454.563;1310.14;-603.527;1212.05
0.398453;0.0351405;0;-453.636;1309.51;-603.197;1211.38
0.39798;0.0401447;0;-452.709;1308.87;-602.868;1210.72
0.397445;0.0451426;0;-451.537;1307.58;-602.262;1209.51
0.396846;0.0501333;0;-450.204;1306.05;-601.511;1208
0.396185;0.0551161;0;-448.872;1304.52;-600.76;1206.49
0.395461;0.0600902;0;-447.539;1303;-600.009;1204.98
0.394674;0.0650549;0;-445.791;1299.98;-598.657;1202.27
0.393826;0.0700092;0;-443.926;1296.65;-597.179;1199.3
0.392915;0.0749525;0;-442.059;1293.32;-595.699;1196.33
0.391942;0.079884;0;-440.192;1290;-594.219;1193.35
0.390907;0.0848028;0;-438.324;1286.67;-592.738;1190.38
0.389811;0.0897083;0;-436.456;1283.35;-591.257;1187.4
0.388653;0.0945996;0;-434.588;1280.03;-589.777;1184.43
0.387433;0.099476;0;-432.719;1276.71;-588.296;1181.46
0.386153;0.104337;0;-430.807;1273.36;-586.735;1178.32
0.384811;0.109181;0;-428.757;1269.43;-584.911;1174.66
0.383409;0.114008;0;-426.707;1265.51;-583.087;1171
0.381946;0.118817;0;-424.659;1261.58;-581.263;1167.33
0.380423;0.123607;0;-422.612;1257.65;-579.441;1163.67
0.378839;0.128377;0;-420.299;1252.48;-577.048;1158.87
0.377196;0.133128;0;-417.776;1246.51;-574.287;1153.32
0.375494;0.137857;0;-415.171;1240.2;-571.544;1147.81
0.373732;0.142565;0;-412.566;1233.89;-568.8;1142.3
0.371911;0.14725;0;-409.961;1227.57;-566.055;1136.79
0.370031;0.151912;0;-407.355;1221.24;-563.308;1131.28
0.368093;0.156549;0;-404.75;1214.91;-560.562;1125.76
0.366096;0.161163;0;-402.145;1208.58;-557.815;1120.24
0.364042;0.16575;0;-399.542;1202.24;-555.069;1114.73
0.361931;0.170312;0;-396.94;1195.91;-552.323;1109.21
0.359762;0.174846;0;-394.34;1189.58;-549.579;1103.7
0.357537;0.179353;0;-391.742;1183.25;-546.836;1098.2
0.355255;0.183832;0;-389.147;1176.92;-544.096;1092.69
0.352916;0.188282;0;-386.293;1169.36;-540.748;1085.97
0.350523;0.192701;0;-383.189;1160.42;-536.805;1078.05
0.348074;0.197091;0;-380.083;1151.48;-532.858;1070.12
0.345569;0.201449;0;-376.975;1142.52;-528.909;1062.19
0.343011;0.205776;0;-373.865;1133.56;-524.957;1054.26
0.340398;0.21007;0;-370.755;1124.6;-521.004;1046.32
0.337731;0.214331;0;-367.644;1115.63;-517.05;1038.38
0.335011;0.218558;0;-364.533;1106.65;-513.095;1030.43
0.332238;0.22275;0;-361.423;1097.68;-509.14;1022.49
0.329413;0.226908;0;-358.314;1088.71;-505.186;1014.55
0.326536;0.231029;0;-355.207;1079.74;-501.234;1006.61
0.323607;0.235114;0;-352.11;1070.72;-497.279;998.67
0.320627;0.239162;0;-348.998;1061.74;-493.312;990.704
0.317596;0.243172;0;-345.887;1052.76;-489.349;982.745
0.314515;0.247144;0;-342.511;1042.52;-484.765;973.539
0.311385;0.251077;0;-338.955;1031.54;-479.805;963.578
0.308205;0.25497;0;-335.397;1020.56;-474.841;953.61
0.304977;0.258822;0;-331.834;1009.58;-469.873;943.631
0.301701;0.262634;0;-328.264;998.608;-464.897;933.638
0.298376;0.266405;0;-324.694;987.617;-459.916;923.635
0.295005;0.270133;0;-321.125;976.597;-454.929;913.62
0.291587;0.273819;0;-317.558;965.576;-449.942;903.606
0.288124;0.277461;0;-313.991;954.554;-444.956;893.593
0.284614;0.28106;0;-310.426;943.535;-439.972;883.583
0.28106;0.284614;0;-306.864;932.519;-434.99;873.578
0.277461;0.288124;0;-303.225;921.375;-429.918;863.391
0.273819;0.291587;0;-299.125;908.709;-424.05;851.608
0.270133;0.295005;0;-295.021;896.031;-418.178;839.814
0.266405;0.298376;0;-290.915;883.341;-412.3;828.011
0.262634;0.301701;0;-286.806;870.644;-406.42;816.2
0.258822;0.304977;0;-282.695;857.94;-400.536;804.385
0.25497;0.308205;0;-278.584;845.231;-394.651;792.566
0.251077;0.311385;0;-274.476;832.495;-388.763;780.742
0.247144;0.314515;0;-270.369;819.757;-382.875;768.916
0.243172;0.317596;0;-266.257;807.037;-376.981;757.08
0.239162;0.320627;0;-262.146;794.323;-371.09;745.249
0.235114;0.323607;0;-258.037;781.615;-365.201;733.423
0.231029;0.326536;0;-253.93;768.917;-359.317;721.605
0.226908;0.329413;0;-249.827;756.231;-353.437;709.797
0.22275;0.332238;0;-245.418;742.688;-347.135;697.141
0.218558;0.335011;0;-240.703;728.437;-340.45;683.717
0.214331;0.337731;0;-235.985;714.176;-333.761;670.282
0.21007;0.340398;0;-231.264;699.907;-327.067;656.839
0.205776;0.343011;0;-226.54;685.633;-320.37;643.39
0.201449;0.345569;0;-221.815;671.356;-313.671;629.937
0.197091;0.348074;0;-217.09;657.078;-306.971;616.482
0.192701;0.350523;0;-212.365;642.802;-300.272;603.027
0.188282;0.352916;0;-207.64;628.529;-293.573;589.574
0.183832;0.355255;0;-202.917;614.262;-286.877;576.126
0.179353;0.357537;0;-198.197;600.003;-280.184;562.685
0.174846;0.359762;0;-193.48;585.755;-273.495;549.252
0.170312;0.361931;0;-188.681;571.184;-266.698;535.602
0.16575;0.364042;0;-183.474;555.666;-259.383;520.911
0.161163;0.366096;0;-178.24;540.089;-252.031;506.147
0.156549;0.368093;0;-173.001;524.495;-244.673;491.369
0.151912;0.370031;0;-167.757;508.888;-237.307;476.577
0.14725;0.371911;0;-162.51;493.271;-229.937;461.776
0.142565;0.373732;0;-157.259;477.645;-222.563;446.966
0.137857;0.375494;0;-152.007;462.013;-215.186;432.151
0.133128;0.377196;0;-146.754;446.377;-207.807;417.333
0.128377;0.378839;0;-141.5;430.741;-200.428;402.514
0.123607;0.380423;0;-136.247;415.106;-193.05;387.696
0.118817;0.381946;0;-131.062;399.669;-185.821;373.18
0.114008;0.383409;0;-125.549;383.255;-178.198;357.871
0.109181;0.384811;0;-120.034;366.833;-170.572;342.555
0.104337;0.386153;0;-114.518;350.407;-162.944;327.236
0.099476;0.387433;0;-109.001;333.978;-155.315;311.914
0.0945996;0.388653;0;-103.484;317.55;-147.686;296.593
0.0897083;0.389811;0;-97.9681;301.126;-140.058;281.275
0.0848028;0.390907;0;-92.4542;284.707;-132.434;265.962
0.079884;0.391942;0;-86.9431;268.297;-124.813;250.658
0.0749525;0.392915;0;-81.4358;251.898;-117.197;235.363
0.0700092;0.393826;0;-75.9329;235.512;-109.587;220.081
0.0650549;0.394674;0;-70.4355;219.142;-101.985;204.814
0.0600902;0.395461;0;-64.9444;202.792;-94.3921;189.565
0.0551161;0.396185;0;-59.4605;186.462;-86.8088;174.336
0.0501333;0.396846;0;-53.835;169.556;-78.9727;158.599
0.0451426;0.397445;0;-48.1886;152.483;-71.0909;142.77
0.0401447;0.39798;0;-42.5358;135.391;-63.2001;126.923
0.0351405;0.398453;0;-36.8773;118.282;-55.3015;111.06
0.0301307;0.398864;0;-31.2142;101.159;-47.3964;95.1848
0.0251162;0.399211;0;-25.5472;84.0246;-39.486;79.2987
0.0200977;0.399495;0;-19.8773;66.8816;-31.5717;63.4044
0.0150761;0.399716;0;-14.2054;49.7325;-23.6545;47.5047
0.010052;0.399874;0;-8.53236;32.5802;-15.7358;31.6018
0.00502642;0.399968;0;-2.85908;15.4273;-7.81691;15.6985
2.44929e-17;0.4;0;2.81354;-1.72344;0.101042;-0.202919
-0.00502642;0.399968;0;8.48461;-18.8693;8.01676;-16.0998
-0.010052;0.399874;0;14.1532;-36.0077;15.929;-31.9897
-0.0150761;0.399716;0;19.8185;-53.1358;23.8365;-47.8701
-0.0200977;0.399495;0;25.4795;-70.2509;31.738;-63.7385
-0.0251162;0.399211;0;31.1354;-87.3503;39.6323;-79.5924
-0.0301307;0.398864;0;36.7852;-104.431;47.5181;-95.4292
-0.0351405;0.398453;0;42.373;-121.232;55.3267;-111.111
-0.0401447;0.39798;0;47.9086;-137.952;63.0897;-126.701
-0.0451426;0.397445;0;53.425;-154.866;70.8436;-142.273
-0.0501333;0.396846;0;58.9459;-171.792;78.6037;-157.857
-0.0551161;0.396185;0;64.4706;-188.73;86.3688;-173.452
-0.0600902;0.395461;0;69.998;-205.675;94.1376;-189.054
-0.0650549;0.394674;0;75.5274;-222.625;101.909;-204.661
-0.0700092;0.393826;0;81.0578;-239.578;109.682;-220.271
-0.0749525;0.392915;0;86.5884;-256.531;117.455;-235.881
-0.079884;0.391942;0;92.1184;-273.481;125.226;-251.489
-0.0848028;0.390907;0;97.6467;-290.426;132.996;-267.092
-0.0897083;0.389811;0;103.173;-307.362;140.762;-282.687
-0.0945996;0.388653;0;108.695;-324.288;148.523;-298.273
-0.099476;0.387433;0;114.214;-341.2;156.277;-313.848
-0.104337;0.386153;0;119.647;-357.7;163.914;-329.184
-0.109181;0.384811;0;124.93;-373.637;171.321;-344.059
-0.114008;0.383409;0;130.168;-389.602;178.647;-358.771
-0.118817;0.381946;0;135.411;-405.578;185.978;-373.494
-0.123607;0.380423;0;140.657;-421.563;193.313;-388.225
-0.128377;0.378839;0;145.905;-437.555;200.652;-402.964
-0.133128;0.377196;0;151.155;-453.552;207.993;-417.707
-0.137857;0.375494;0;156.406;-469.55;215.336;-432.452
-0.142565;0.373732;0;161.657;-485.547;222.678;-447.197
-0.14725;0.371911;0;166.907;-501.542;230.019;-461.939
-0.151912;0.370031;0;172.139;-517.44;237.327;-476.617
-0.156549;0.368093;0;177.37;-533.384;244.64;-491.303
-0.161163;0.366096;0;182.597;-549.32;251.949;-505.981
-0.16575;0.364042;0;187.821;-565.245;259.253;-520.649
-0.170312;0.361931;0;193.041;-581.158;266.55;-535.305
-0.174846;0.359762;0;198.072;-596.574;273.533;-549.328
-0.179353;0.357537;0;202.922;-610.996;280.181;-562.68
-0.183832;0.355255;0;207.776;-625.43;286.835;-576.042
-0.188282;0.352916;0;212.632;-639.874;293.493;-589.413
-0.192701;0.350523;0;217.491;-654.326;300.153;-602.789
-0.197091;0.348074;0;222.35;-668.783;306.816;-616.169
-0.201449;0.345569;0;227.21;-683.244;313.479;-629.551
-0.205776;0.343011;0;232.07;-697.705;320.142;-642.933
-0.21007;0.340398;0;236.929;-712.165;326.804;-656.312
-0.214331;0.337731;0;241.786;-726.621;333.464;-669.686
-0.218558;0.335011;0;246.641;-741.072;340.12;-683.054
-0.22275;0.332238;0;251.435;-755.409;346.678;-696.223
-0.226908;0.329413;0;256.171;-769.808;353.109;-709.138
-0.231029;0.326536;0;260.536;-782.344;358.91;-720.789
-0.235114;0.323607;0;264.962;-795.043;364.792;-732.6
-0.239162;0.320627;0;269.391;-807.751;370.677;-744.42
-0.243172;0.317596;0;273.822;-820.467;376.566;-756.246
-0.247144;0.314515;0;278.254;-833.188;382.456;-768.075
-0.251077;0.311385;0;282.688;-845.913;388.348;-779.907
-0.25497;0.308205;0;287.121;-858.639;394.24;-791.74
-0.258822;0.304977;0;291.554;-871.364;400.131;-803.571
-0.262634;0.301701;0;295.985;-884.087;406.02;-815.398
-0.266405;0.298376;0;300.415;-896.805;411.907;-827.221
-0.270133;0.295005;0;304.841;-909.516;417.79;-839.036
-0.273819;0.291587;0;309.265;-922.218;423.669;-850.842
-0.277461;0.288124;0;313.416;-934.403;429.17;-861.89
-0.28106;0.284614;0;317.398;-945.901;434.373;-872.339
-0.284614;0.28106;0;321.311;-956.691;439.386;-882.407
-0.288124;0.277461;0;325.226;-967.489;444.402;-892.479
-0.291587;0.273819;0;329.142;-978.291;449.419;-902.554
-0.295005;0.270133;0;333.058;-989.097;454.436;-912.631
-0.298376;0.266405;0;336.974;-999.905;459.453;-922.707
-0.301701;0.262634;0;340.889;-1010.71;464.47;-932.781
-0.304977;0.258822;0;344.803;-1021.52;469.484;-942.851
-0.308205;0.25497;0;348.715;-1032.32;474.496;-952.917
-0.311385;0.251077;0;352.623;-1043.12;479.505;-962.976
-0.314515;0.247144;0;356.529;-1053.91;484.509;-973.026
-0.317596;0.243172;0;360.17;-1064.14;489.161;-982.368
-0.320627;0.239162;0;363.389;-1072.69;493.136;-990.35
-0.323607;0.235114;0;366.61;-1081.25;497.114;-998.339
-0.326536;0.231029;0;369.833;-1089.82;501.094;-1006.33
-0.329413;0.226908;0;373.057;-1098.39;505.076;-1014.33
-0.332238;0.22275;0;376.282;-1106.96;509.059;-1022.33
-0.335011;0.218558;0;379.507;-1115.54;513.043;-1030.33
-0.337731;0.214331;0;382.679;-1124.09;516.967;-1038.21
-0.340398;0.21007;0;385.861;-1132.57;520.892;-1046.09
-0.343011;0.205776;0;389.042;-1141.04;524.817;-1053.98
-0.345569;0.201449;0;392.222;-1149.51;528.741;-1061.85
-0.348074;0.197091;0;395.4;-1157.97;532.662;-1069.73
-0.350523;0.192701;0;398.577;-1166.42;536.581;-1077.6
-0.352916;0.188282;0;401.751;-1174.87;540.497;-1085.46
-0.355255;0.183832;0;404.682;-1182.38;544.023;-1092.55
-0.357537;0.179353;0;407.086;-1188.58;546.9;-1098.32
-0.359762;0.174846;0;409.498;-1194.81;549.788;-1104.12
-0.361931;0.170312;0;411.911;-1201.04;552.677;-1109.92
-0.364042;0.16575;0;414.326;-1207.27;555.566;-1115.73
-0.366096;0.161163;0;416.74;-1213.49;558.455;-1121.53
-0.368093;0.156549;0;419.154;-1219.71;561.343;-1127.33
-0.370031;0.151912;0;421.568;-1225.92;564.23;-1133.13
-0.371911;0.14725;0;423.981;-1232.13;567.116;-1138.92
-0.373732;0.142565;0;426.393;-1238.33;570;-1144.71
-0.375494;0.137857;0;428.803;-1244.53;572.881;-1150.5
-0.377196;0.133128;0;431.144;-1250.46;575.675;-1156.11
-0.378839;0.128377;0;432.79;-1254.54;577.608;-1159.99
-0.380423;0.123607;0;434.316;-1258.37;579.391;-1163.57
-0.381946;0.118817;0;435.842;-1262.2;581.175;-1167.16
-0.383409;0.114008;0;437.37;-1266.03;582.96;-1170.74
-0.384811;0.109181;0;438.898;-1269.86;584.746;-1174.33
-0.386153;0.104337;0;440.426;-1273.69;586.532;-1177.92
-0.387433;0.099476;0;441.955;-1277.52;588.319;-1181.5
-0.388653;0.0945996;0;443.484;-1281.34;590.105;-1185.09
-0.389811;0.0897083;0;445.013;-1285.17;591.89;-1188.68
-0.390907;0.0848028;0;446.541;-1288.99;593.675;-1192.26
-0.391942;0.079884;0;448.069;-1292.8;595.459;-1195.84
-0.392915;0.0749525;0;449.595;-1296.62;597.242;-1199.42
-0.393826;0.0700092;0;451.121;-1300.42;599.022;-1203
-0.394674;0.0650549;0;452.633;-1304.19;600.787;-1206.54
-0.395461;0.0600902;0;453.245;-1305.65;601.484;-1207.94
-0.396185;0.0551161;0;453.751;-1306.89;602.07;-1209.12
-0.396846;0.0501333;0;454.257;-1308.12;602.656;-1210.3
-0.397445;0.0451426;0;454.762;-1309.35;603.241;-1211.47
-0.39798;0.0401447;0;455.269;-1310.58;603.827;-1212.65
-0.398453;0.0351405;0;455.774;-1311.7;604.398;-1213.8
-0.398864;0.0301307;0;456.26;-1312.83;604.952;-1214.91
-0.399211;0.0251162;0;456.739;-1313.99;605.501;-1216.01
-0.399495;0.0200977;0;457.218;-1315.15;606.05;-1217.11
-0.399716;0.0150761;0;457.695;-1316.31;606.598;-1218.21
-0.399874;0.010052;0;458.172;-1317.47;607.146;-1219.31
-0.399968;0.00502642;0;458.648;-1318.63;607.692;-1220.41
-0.4;4.89859e-17;0;459.123;-1319.8;608.238;-1221.51
-0.399968;-0.00502642;0;458.786;-1318.93;607.86;-1220.75
-0.399874;-0.010052;0;458.284;-1317.63;607.284;-1219.59
-0.399716;-0.0150761;0;457.78;-1316.32;606.708;-1218.43
-0.399495;-0.0200977;0;457.276;-1315.02;606.131;-1217.27
-0.399211;-0.0251162;0;456.772;-1313.72;605.553;-1216.11
-0.398864;-0.0301307;0;456.266;-1312.42;604.975;-1214.95
-0.398453;-0.0351405;0;455.76;-1311.12;604.396;-1213.79
-0.39798;-0.0401447;0;455.253;-1309.82;603.817;-1212.63
-0.397445;-0.0451426;0;454.745;-1308.53;603.238;-1211.47
-0.396846;-0.0501333;0;454.238;-1307.24;602.658;-1210.3
-0.396185;-0.0551161;0;453.729;-1305.95;602.079;-1209.14
-0.395461;-0.0600902;0;453.221;-1304.66;601.499;-1207.97
-0.394674;-0.0650549;0;452.71;-1303.37;600.918;-1206.81
-0.393826;-0.0700092;0;451.224;-1299.6;599.197;-1203.35
-0.392915;-0.0749525;0;449.699;-1295.73;597.433;-1199.81
-0.391942;-0.079884;0;448.173;-1291.86;595.667;-1196.26
-0.390907;-0.0848028;0;446.646;-1287.98;593.899;-1192.71
-0.389811;-0.0897083;0;445.117;-1284.11;592.131;-1189.16
-0.388653;-0.0945996;0;443.587;-1280.24;590.361;-1185.61
-0.387433;-0.099476;0;442.057;-1276.37;588.591;-1182.05
-0.386153;-0.104337;0;440.526;-1272.5;586.821;-1178.5
-0.384811;-0.109181;0;438.995;-1268.63;585.051;-1174.94
-0.383409;-0.114008;0;437.464;-1264.77;583.281;-1171.39
-0.381946;-0.118817;0;435.933;-1260.91;581.512;-1167.83
-0.380423;-0.123607;0;434.402;-1257.05;579.744;-1164.28
-0.378839;-0.128377;0;432.797;-1252.98;577.884;-1160.55
-0.377196;-0.133128;0;430.52;-1247.06;575.215;-1155.19
-0.375494;-0.137857;0;428.241;-1241.14;572.545;-1149.82
-0.373732;-0.142565;0;425.96;-1235.22;569.873;-1144.46
-0.371911;-0.14725;0;423.472;-1228.92;566.938;-1138.56
-0.370031;-0.151912;0;420.965;-1222.49;563.966;-1132.6
-0.368093;-0.156549;0;418.457;-1216.04;560.992;-1126.62
-0.366096;-0.161163;0;415.948;-1209.6;558.018;-1120.65
-0.364042;-0.16575;0;413.439;-1203.14;555.042;-1114.68
-0.361931;-0.170312;0;410.93;-1196.69;552.067;-1108.7
-0.359762;-0.174846;0;408.422;-1190.23;549.092;-1102.72
-0.357537;-0.179353;0;405.915;-1183.78;546.117;-1096.75
-0.355255;-0.183832;0;403.062;-1176.58;542.745;-1089.98
-0.352916;-0.188282;0;400.144;-1169.2;539.294;-1083.05
-0.350523;-0.192701;0;397.116;-1161.31;535.676;-1075.78
-0.348074;-0.197091;0;393.921;-1152.88;531.84;-1068.08
-0.345569;-0.201449;0;390.723;-1144.44;528.001;-1060.37
-0.343011;-0.205776;0;387.525;-1136;524.161;-1052.66
-0.340398;-0.21007;0;384.327;-1127.56;520.32;-1044.94
-0.337731;-0.214331;0;381.129;-1119.11;516.48;-1037.23
-0.335011;-0.218558;0;377.932;-1110.67;512.639;-1029.52
-0.332238;-0.22275;0;374.735;-1102.22;508.801;-1021.81
-0.329413;-0.226908;0;371.541;-1093.78;504.963;-1014.1
-0.326536;-0.231029;0;368.277;-1085.07;501.007;-1006.16
-0.323607;-0.235114;0;364.959;-1076.32;496.996;-998.102
-0.320627;-0.239162;0;361.642;-1067.58;492.987;-990.051
-0.317596;-0.243172;0;358.326;-1058.77;488.964;-981.972
-0.314515;-0.247144;0;354.559;-1048.26;484.263;-972.532
-0.311385;-0.251077;0;350.526;-1037.37;479.25;-962.463
-0.308205;-0.25497;0;346.49;-1026.47;474.232;-952.386
-0.304977;-0.258822;0;342.451;-1015.56;469.211;-942.302
-0.301701;-0.262634;0;338.409;-1004.65;464.187;-932.213
-0.298376;-0.266405;0;334.366;-993.744;459.161;-922.12
-0.295005;-0.270133;0;330.322;-982.834;454.135;-912.025
-0.291587;-0.273819;0;326.277;-971.926;449.108;-901.93
-0.288124;-0.277461;0;322.233;-961.02;444.082;-891.837
-0.284614;-0.28106;0;318.19;-950.12;439.057;-881.745
-0.28106;-0.284614;0;314.148;-939.227;434.034;-871.659
-0.277461;-0.288124;0;309.99;-927.355;428.726;-860.998
-0.273819;-0.291587;0;305.747;-915.174;423.293;-850.088
-0.270133;-0.295005;0;301.28;-902.777;417.578;-838.609
-0.266405;-0.298376;0;296.711;-890.093;411.729;-826.864
-0.262634;-0.301701;0;292.14;-877.403;405.878;-815.112
-0.258822;-0.304977;0;287.567;-864.71;400.024;-803.357
-0.25497;-0.308205;0;282.994;-852.015;394.17;-791.599
-0.251077;-0.311385;0;278.42;-839.321;388.315;-779.842
-0.247144;-0.314515;0;273.847;-826.63;382.461;-768.086
-0.243172;-0.317596;0;269.275;-813.942;376.609;-756.333
-0.239162;-0.320627;0;264.705;-801.262;370.759;-744.585
-0.235114;-0.323607;0;260.137;-788.59;364.913;-732.845
-0.231029;-0.326536;0;255.573;-775.928;359.072;-721.114
-0.226908;-0.329413;0;250.958;-762.701;353.057;-709.034
-0.22275;-0.332238;0;246.12;-748.386;346.632;-696.13
-0.218558;-0.335011;0;241.141;-734.092;340.036;-682.884
-0.214331;-0.337731;0;236.112;-719.664;333.375;-669.508
-0.21007;-0.340398;0;231.08;-705.231;326.711;-656.124
-0.205776;-0.343011;0;226.047;-690.793;320.044;-642.736
-0.201449;-0.345569;0;221.013;-676.355;313.377;-629.345
-0.197091;-0.348074;0;215.978;-661.917;306.709;-615.954
-0.192701;-0.350523;0;210.943;-647.482;300.041;-602.564
-0.188282;-0.352916;0;205.91;-633.053;293.376;-589.179
-0.183832;-0.355255;0;200.879;-618.631;286.714;-575.799
-0.179353;-0.357537;0;195.851;-604.219;280.055;-562.427
-0.174846;-0.359762;0;190.827;-589.82;273.402;-549.065
-0.170312;-0.361931;0;185.749;-574.369;266.449;-535.101
-0.16575;-0.364042;0;180.48;-558.728;259.231;-520.605
-0.161163;-0.366096;0;175.153;-542.957;251.936;-505.956
-0.156549;-0.368093;0;169.823;-527.176;244.637;-491.297
-0.151912;-0.370031;0;164.49;-511.389;237.334;-476.631
-0.14725;-0.371911;0;159.155;-495.596;230.029;-461.96
-0.142565;-0.373732;0;153.82;-479.802;222.722;-447.286
-0.137857;-0.375494;0;148.484;-464.008;215.415;-432.612
-0.133128;-0.377196;0;143.149;-448.218;208.11;-417.941
-0.128377;-0.378839;0;137.815;-432.433;200.807;-403.274
-0.123607;-0.380423;0;132.484;-416.655;193.507;-388.614
-0.118817;-0.381946;0;127.156;-400.889;186.211;-373.962
-0.114008;-0.383409;0;121.832;-385.135;178.921;-359.322
-0.109181;-0.384811;0;116.525;-369.389;171.644;-344.708
-0.104337;-0.386153;0;111.085;-352.693;163.958;-329.272
-0.099476;-0.387433;0;105.62;-336.042;156.251;-313.795
-0.0945996;-0.388653;0;100.151;-319.383;148.54;-298.309
-0.0897083;-0.389811;0;94.6812;-302.719;140.826;-282.817
-0.0848028;-0.390907;0;89.2136;-286.081;133.116;-267.333
-0.079884;-0.391942;0;83.7368;-269.41;125.391;-251.82
-0.0749525;-0.392915;0;78.2566;-252.722;117.662;-236.297
-0.0700092;-0.393826;0;72.7772;-236.035;109.934;-220.777
-0.0650549;-0.394674;0;67.2995;-219.352;102.208;-205.261
-0.0600902;-0.395461;0;61.8243;-202.677;94.4856;-189.753
-0.0551161;-0.396185;0;56.3525;-186.011;86.768;-174.254
-0.0501333;-0.396846;0;50.8617;-169.287;78.9546;-158.562
-0.0451426;-0.397445;0;45.3858;-152.226;71.0633;-142.714
-0.0401447;-0.39798;0;39.9066;-135.156;63.1675;-126.857
-0.0351405;-0.398453;0;34.4252;-118.078;55.2685;-110.994
-0.0301307;-0.398864;0;28.9488;-101.026;47.3804;-95.1527
-0.0251162;-0.399211;0;23.4629;-83.9373;39.4739;-79.2742
-0.0200977;-0.399495;0;17.9767;-66.848;31.5668;-63.3947
-0.0150761;-0.399716;0;12.4911;-49.7603;23.6605;-47.5166
-0.010052;-0.399874;0;7.00705;-32.6771;15.7561;-31.6425
-0.00502642;-0.399968;0;1.5253;-15.6009;7.85496;-15.7749
-7.34788e-17;-0.4;0;-3.95326;1.46557;-0.0417188;0.0837827
0.00502642;-0.399968;0;-9.37539;18.3787;-7.87588;15.8169
0.010052;-0.399874;0;-14.7877;35.3145;-15.7403;31.6108
0.0150761;-0.399716;0;-20.2045;52.2642;-23.6113;47.4179
0.0200977;-0.399495;0;-25.6247;69.2252;-31.4876;63.2356
0.0251162;-0.399211;0;-31.0477;86.1948;-39.368;79.0615
0.0301307;-0.398864;0;-36.4725;103.17;-47.2512;94.8931
0.0351405;-0.398453;0;-41.8982;120.149;-55.1359;110.728
0.0401447;-0.39798;0;-47.3241;137.129;-63.021;126.563
0.0451426;-0.397445;0;-52.7492;154.106;-70.9051;142.397
0.0501333;-0.396846;0;-58.1728;171.079;-78.7871;158.226
0.0551161;-0.396185;0;-63.4648;188.568;-86.6268;173.97
0.0600902;-0.395461;0;-68.7729;206.129;-94.4938;189.769
0.0650549;-0.394674;0;-74.0121;222.897;-102.122;205.089
0.0700092;-0.393826;0;-79.338;239.916;-109.87;220.649
0.0749525;-0.392915;0;-84.6641;256.938;-117.619;236.211
0.079884;-0.391942;0;-89.9898;273.959;-125.368;251.772
0.0848028;-0.390907;0;-95.2037;290.496;-132.946;266.992
0.0897083;-0.389811;0;-100.478;307.016;-140.584;282.332
0.0945996;-0.388653;0;-105.755;323.54;-148.225;297.675
0.099476;-0.387433;0;-111.032;340.066;-155.866;313.02
0.104337;-0.386153;0;-116.309;356.589;-163.506;328.365
0.109181;-0.384811;0;-121.585;373.109;-171.145;343.706
0.114008;-0.383409;0;-126.859;389.621;-178.781;359.041
0.118817;-0.381946;0;-131.954;405.509;-186.036;373.61
0.123607;-0.380423;0;-137.138;421.651;-193.351;388.301
0.128377;-0.378839;0;-142.326;437.802;-200.67;402.999
0.133128;-0.377196;0;-147.515;453.957;-207.991;417.702
0.137857;-0.375494;0;-152.706;470.116;-215.314;432.409
0.142565;-0.373732;0;-157.897;486.274;-222.637;447.116
0.14725;-0.371911;0;-163.087;502.431;-229.96;461.822
0.151912;-0.370031;0;-168.277;518.582;-237.28;476.523
0.156549;-0.368093;0;-173.464;534.727;-244.598;491.219
0.161163;-0.366096;0;-178.648;550.861;-251.911;505.906
0.16575;-0.364042;0;-183.829;566.983;-259.219;520.582
0.170312;-0.361931;0;-188.934;582.565;-266.392;534.987
0.174846;-0.359762;0;-193.966;597.51;-273.338;548.937
0.179353;-0.357537;0;-198.989;612.337;-280.022;562.36
0.183832;-0.355255;0;-204.016;627.172;-286.71;575.792
0.188282;-0.352916;0;-209.046;642.014;-293.402;589.231
0.192701;-0.350523;0;-214.078;656.859;-300.096;602.675
0.197091;-0.348074;0;-219.11;671.705;-306.792;616.121
0.201449;-0.345569;0;-224.144;686.551;-313.487;629.567
0.205776;-0.343011;0;-229.176;701.394;-320.182;643.012
0.21007;-0.340398;0;-234.208;716.23;-326.874;656.452
0.214331;-0.337731;0;-239.237;731.059;-333.564;669.887
0.218558;-0.335011;0;-244.264;745.878;-340.25;683.314
0.22275;-0.332238;0;-249.287;760.684;-346.93;696.73
0.226908;-0.329413;0;-254.164;774.422;-353.303;709.528
0.231029;-0.326536;0;-258.953;787.417;-359.175;721.321
0.235114;-0.323607;0;-263.745;800.421;-365.053;733.125
0.239162;-0.320627;0;-268.541;813.433;-370.934;744.936
0.243172;-0.317596;0;-273.34;826.45;-376.818;756.753
0.247144;-0.314515;0;-278.14;839.471;-382.705;768.575
0.251077;-0.311385;0;-282.941;852.492;-388.592;780.398
0.25497;-0.308205;0;-287.743;865.513;-394.48;792.222
0.258822;-0.304977;0;-292.544;878.532;-400.367;804.045
0.262634;-0.301701;0;-297.344;891.545;-406.252;815.864
0.266405;-0.298376;0;-302.142;904.551;-412.135;827.679
0.270133;-0.295005;0;-306.937;917.549;-418.014;839.486
0.273819;-0.291587;0;-311.729;930.535;-423.889;851.284
0.277461;-0.288124;0;-316.423;943.181;-429.65;862.854
0.28106;-0.284614;0;-320.808;954.261;-434.766;873.128
0.284614;-0.28106;0;-325.178;965.082;-439.738;883.112
0.288124;-0.277461;0;-329.55;975.906;-444.711;893.101
0.291587;-0.273819;0;-333.923;986.732;-449.687;903.094
0.295005;-0.270133;0;-338.298;997.557;-454.664;913.088
0.298376;-0.266405;0;-342.673;1008.38;-459.641;923.083
0.301701;-0.262634;0;-347.047;1019.2;-464.617;933.077
0.304977;-0.258822;0;-351.421;1030.02;-469.592;943.069
0.308205;-0.25497;0;-355.793;1040.82;-474.565;953.056
0.311385;-0.251077;0;-360.163;1051.62;-479.535;963.037
0.314515;-0.247144;0;-364.529;1062.41;-484.502;973.011
0.317596;-0.243172;0;-368.725;1072.64;-489.29;982.628
0.320627;-0.239162;0;-372.317;1080.97;-493.24;990.559
0.323607;-0.235114;0;-375.912;1089.3;-497.193;998.498
0.326536;-0.231029;0;-379.51;1097.64;-501.148;1006.44
0.329413;-0.226908;0;-383.11;1105.99;-505.106;1014.39
0.332238;-0.22275;0;-386.711;1114.33;-509.065;1022.34
0.335011;-0.218558;0;-390.313;1122.67;-513.024;1030.29
0.337731;-0.214331;0;-393.915;1131.01;-516.984;1038.24
0.340398;-0.21007;0;-397.517;1139.35;-520.944;1046.2
0.343011;-0.205776;0;-401.118;1147.69;-524.902;1054.15
0.345569;-0.201449;0;-404.717;1156.02;-528.859;1062.09
0.348074;-0.197091;0;-408.314;1164.34;-532.813;1070.03
0.350523;-0.192701;0;-411.909;1172.65;-536.764;1077.97
0.352916;-0.188282;0;-415.5;1180.96;-540.712;1085.9
0.355255;-0.183832;0;-418.548;1188.03;-544.132;1092.76
0.357537;-0.179353;0;-421.057;1193.89;-547.022;1098.57
0.359762;-0.174846;0;-423.567;1199.75;-549.913;1104.38
0.361931;-0.170312;0;-425.946;1205.27;-552.678;1109.93
0.364042;-0.16575;0;-428.298;1210.84;-555.423;1115.44
0.366096;-0.161163;0;-430.65;1216.41;-558.169;1120.95
0.368093;-0.156549;0;-433.003;1221.99;-560.915;1126.47
0.370031;-0.151912;0;-435.355;1227.57;-563.661;1131.98
0.371911;-0.14725;0;-437.706;1233.15;-566.406;1137.5
0.373732;-0.142565;0;-440.056;1238.73;-569.151;1143.01
0.375494;-0.137857;0;-442.404;1244.31;-571.894;1148.52
0.377196;-0.133128;0;-444.751;1249.9;-574.635;1154.02
0.378839;-0.128377;0;-447.077;1255.49;-577.362;1159.5
0.380423;-0.123607;0;-449.088;1260.56;-579.816;1164.43
0.381946;-0.118817;0;-450.278;1264.06;-581.571;1167.95
0.383409;-0.114008;0;-451.469;1267.57;-583.328;1171.48
0.384811;-0.109181;0;-452.659;1271.07;-585.084;1175.01
0.386153;-0.104337;0;-453.767;1274.52;-586.752;1178.36
0.387433;-0.099476;0;-454.728;1277.6;-588.256;1181.38
0.388653;-0.0945996;0;-455.69;1280.68;-589.76;1184.4
0.389811;-0.0897083;0;-456.652;1283.76;-591.264;1187.42
0.390907;-0.0848028;0;-457.614;1286.83;-592.769;1190.44
0.391942;-0.079884;0;-458.577;1289.9;-594.273;1193.46
0.392915;-0.0749525;0;-459.539;1292.97;-595.776;1196.48
0.393826;-0.0700092;0;-460.5;1296.04;-597.279;1199.5
0.394674;-0.0650549;0;-461.461;1299.1;-598.781;1202.52
0.395461;-0.0600902;0;-462.422;1302.16;-600.282;1205.53
0.396185;-0.0551161;0;-462.781;1304.04;-601.19;1207.35
0.396846;-0.0501333;0;-462.881;1305.47;-601.866;1208.71
0.397445;-0.0451426;0;-462.981;1306.89;-602.542;1210.07
0.39798;-0.0401447;0;-462.858;1307.9;-603.018;1211.02
0.398453;-0.0351405;0;-462.514;1308.66;-603.329;1211.65
0.398864;-0.0301307;0;-462.17;1309.41;-603.64;1212.27
0.399211;-0.0251162;0;-461.826;1310.17;-603.95;1212.9
0.399495;-0.0200977;0;-461.482;1310.93;-604.261;1213.52
0.399716;-0.0150761;0;-461.138;1311.69;-604.572;1214.14
0.399874;-0.010052;0;-460.794;1312.44;-604.883;1214.77
0.399968;-0.00502642;0;-460.45;1313.2;-605.194;1215.39
