0.4;0;0;-423.237;1342.76;-605.499;1216.01
0.399968;0.00502642;0;-423.045;1343.67;-605.176;1215.36
0.399874;0.010052;0;-422.848;1344.6;-604.846;1214.69
0.399716;0.0150761;0;-422.652;1345.53;-604.516;1214.03
0.399495;0.0200977;0;-422.456;1346.46;-604.186;1213.37
0.399211;0.0251162;0;-422.26;1347.39;-603.857;1212.71
0.398864;0.0301307;0;-422.065;1348.32;-603.527;1212.05
0.398453;0.0351405;0;-421.869;1349.25;-603.197;1211.38
0.39798;0.0401447;0;-421.674;1350.18;-602.868;1210.72
0.397445;0.0451426;0;-420.933;1349.34;-602.262;1209.51
0.396846;0.0501333;0;-419.807;1347.9;-601.511;1208
0.396185;0.0551161;0;-418.679;1346.48;-600.76;1206.49
0.395461;0.0600902;0;-417.548;1345.05;-600.009;1204.98
0.394674;0.0650549;0;-415.922;1343.26;-598.657;1202.27
0.393826;0.0700092;0;-414.171;1341.36;-597.179;1199.3
0.392915;0.0749525;0;-412.417;1339.46;-595.699;1196.33
0.391942;0.079884;0;-410.66;1337.57;-594.219;1193.35
0.390907;0.0848028;0;-408.899;1335.67;-592.738;1190.38
0.389811;0.0897083;0;-407.136;1333.79;-591.257;1187.4
0.388653;0.0945996;0;-405.37;1331.9;-589.777;1184.43
0.387433;0.099476;0;-403.602;1330.02;-588.296;1181.46
0.386153;0.104337;0;-401.897;1327.87;-586.735;1178.32
0.384811;0.109181;0;-400.842;1324.24;-584.911;1174.66
0.383409;0.114008;0;-399.793;1320.6;-583.087;1171
0.381946;0.118817;0;-398.748;1316.95;-581.263;1167.33
0.380423;0.123607;0;-397.708;1313.3;-579.441;1163.67
0.378839;0.128377;0;-396.225;1308.99;-577.048;1158.87
0.377196;0.133128;0;-394.489;1304.18;-574.287;1153.32
0.375494;0.137857;0;-391.971;1298.42;-571.544;1147.81
0.373732;0.142565;0;-389.451;1292.65;-568.8;1142.3
0.371911;0.14725;0;-386.937;1286.86;-566.055;1136.79
0.370031;0.151912;0;-384.428;1281.07;-563.308;1131.28
0.368093;0.156549;0;-381.925;1275.26;-560.562;1125.76
0.366096;0.161163;0;-379.428;1269.45;-557.815;1120.24
0.364042;0.16575;0;-376.938;1263.64;-555.069;1114.73
0.361931;0.170312;0;-374.456;1257.82;-552.323;1109.21
0.359762;0.174846;0;-371.981;1252;-549.579;1103.7
0.357537;0.179353;0;-369.514;1246.17;-546.836;1098.2
0.355255;0.183832;0;-367.055;1240.34;-544.096;1092.69
0.352916;0.188282;0;-364.169;1233.3;-540.748;1085.97
0.350523;0.192701;0;-360.973;1224.17;-536.805;1078.05
0.348074;0.197091;0;-357.779;1215.03;-532.858;1070.12
0.345569;0.201449;0;-354.588;1205.88;-528.909;1062.19
0.343011;0.205776;0;-351.399;1196.71;-524.957;1054.26
0.340398;0.21007;0;-348.214;1187.54;-521.004;1046.32
0.337731;0.214331;0;-345.032;1178.37;-517.05;1038.38
0.335011;0.218558;0;-341.855;1169.19;-513.095;1030.43
0.332238;0.22275;0;-338.683;1160;-509.14;1022.49
0.329413;0.226908;0;-335.516;1150.82;-505.186;1014.55
0.326536;0.231029;0;-332.355;1141.63;-501.234;1006.61
0.323607;0.235114;0;-329.323;1132.34;-497.279;998.67
0.320627;0.239162;0;-326.16;1123.04;-493.312;990.704
0.317596;0.243172;0;-322.993;1113.76;-489.349;982.745
0.314515;0.247144;0;-319.61;1102.92;-484.765;973.539
0.311385;0.251077;0;-315.938;1091.31;-479.805;963.578
0.308205;0.25497;0;-312.26;1079.7;-474.841;953.61
0.304977;0.258822;0;-308.55;1068.07;-469.873;943.631
0.301701;0.262634;0;-304.787;1056.43;-464.897;933.638
0.298376;0.266405;0;-301.057;1044.76;-459.916;923.635
0.295005;0.270133;0;-297.379;1033.03;-454.929;913.62
0.291587;0.273819;0;-293.706;1021.3;-449.942;903.606
0.288124;0.277461;0;-290.039;1009.57;-444.956;893.593
0.284614;0.28106;0;-286.38;997.845;-439.972;883.583
0.28106;0.284614;0;-282.728;986.118;-434.99;873.578
0.277461;0.288124;0;-278.842;974.412;-429.918;863.391
0.273819;0.291587;0;-274.768;960.826;-424.05;851.608
0.270133;0.295005;0;-270.693;947.225;-418.178;839.814
0.266405;0.298376;0;-266.618;933.614;-412.3;828.011
0.262634;0.301701;0;-262.542;919.993;-406.42;816.2
0.258822;0.304977;0;-258.467;906.365;-400.536;804.385
0.25497;0.308205;0;-254.394;892.732;-394.651;792.566
0.251077;0.311385;0;-250.377;879.065;-388.763;780.742
0.247144;0.314515;0;-246.363;865.392;-382.875;768.916
0.243172;0.317596;0;-242.304;851.698;-376.981;757.08
0.239162;0.320627;0;-238.245;838.009;-371.09;745.249
0.235114;0.323607;0;-234.186;824.326;-365.201;733.423
0.231029;0.326536;0;-230.128;810.651;-359.317;721.605
0.226908;0.329413;0;-226.072;796.987;-353.437;709.797
0.22275;0.332238;0;-222.035;782.413;-347.135;697.141
0.218558;0.335011;0;-217.615;767.118;-340.45;683.717
0.214331;0.337731;0;-213.192;751.81;-333.761;670.282
0.21007;0.340398;0;-208.765;736.491;-327.067;656.839
0.205776;0.343011;0;-204.336;721.165;-320.37;643.39
0.201449;0.345569;0;-199.905;705.833;-313.671;629.937
0.197091;0.348074;0;-195.472;690.498;-306.971;616.482
0.192701;0.350523;0;-191.039;675.163;-300.272;603.027
0.188282;0.352916;0;-186.606;659.829;-293.573;589.574
0.183832;0.355255;0;-182.175;644.499;-286.877;576.126
0.179353;0.357537;0;-177.744;629.176;-280.184;562.685
0.174846;0.359762;0;-173.316;613.861;-273.495;549.252
0.170312;0.361931;0;-169.129;598.392;-266.698;535.602
0.16575;0.364042;0;-164.583;581.556;-259.383;520.911
0.161163;0.366096;0;-159.971;564.619;-252.031;506.147
0.156549;0.368093;0;-155.355;547.664;-244.673;491.369
0.151912;0.370031;0;-150.735;530.695;-237.307;476.577
0.14725;0.371911;0;-146.111;513.714;-229.937;461.776
0.142565;0.373732;0;-141.486;496.723;-222.563;446.966
0.137857;0.375494;0;-136.858;479.727;-215.186;432.151
0.133128;0.377196;0;-132.229;462.727;-207.807;417.333
0.128377;0.378839;0;-127.601;445.725;-200.428;402.514
0.123607;0.380423;0;-122.972;428.726;-193.05;387.696
0.118817;0.381946;0;-118.383;412.333;-185.821;373.18
0.114008;0.383409;0;-113.482;395.345;-178.198;357.871
0.109181;0.384811;0;-108.578;378.35;-170.572;342.555
0.104337;0.386153;0;-103.674;361.35;-162.944;327.236
0.099476;0.387433;0;-98.7687;344.349;-155.315;311.914
0.0945996;0.388653;0;-93.8638;327.347;-147.686;296.593
0.0897083;0.389811;0;-88.9599;310.349;-140.058;281.275
0.0848028;0.390907;0;-84.0577;293.357;-132.434;265.962
0.079884;0.391942;0;-79.158;276.374;-124.813;250.658
0.0749525;0.392915;0;-74.2616;259.402;-117.197;235.363
0.0700092;0.393826;0;-69.3693;242.444;-109.587;220.081
0.0650549;0.394674;0;-64.4818;225.503;-101.985;204.814
0.0600902;0.395461;0;-59.5999;208.581;-94.3921;189.565
0.0551161;0.396185;0;-54.7244;191.681;-86.8088;174.336
0.0501333;0.396846;0;-49.7114;174.091;-78.9727;158.599
0.0451426;0.397445;0;-44.7888;156.382;-71.0909;142.77
0.0401447;0.39798;0;-39.8599;138.654;-63.2001;126.923
0.0351405;0.398453;0;-34.9256;120.908;-55.3015;111.06
0.0301307;0.398864;0;-29.9867;103.148;-47.3964;95.1848
0.0251162;0.399211;0;-25.0439;85.3754;-39.486;79.2987
0.0200977;0.399495;0;-20.0981;67.5944;-31.5717;63.4044
0.0150761;0.399716;0;-15.1499;49.8073;-23.6545;47.5047
0.010052;0.399874;0;-10.2002;32.0169;-15.7358;31.6018
0.00502642;0.399968;0;-5.24973;14.226;-7.81691;15.6985
2.44929e-17;0.4;0;-0.299318;-3.56259;0.101042;-0.202919
-0.00502642;0.399968;0;4.65027;-21.346;8.01676;-16.0998
-0.010052;0.399874;0;9.59825;-39.1215;15.929;-31.9897
-0.0150761;0.399716;0;14.5439;-56.8863;23.8365;-47.8701
-0.0200977;0.399495;0;19.4863;-74.6375;31.738;-63.7385
-0.0251162;0.399211;0;24.4248;-92.3724;39.6323;-79.5924
-0.0301307;0.398864;0;29.3585;-110.088;47.5181;-95.4292
-0.0351405;0.398453;0;34.3394;-127.415;55.3267;-111.111
-0.0401447;0.39798;0;39.3785;-144.557;63.0897;-126.701
-0.0451426;0.397445;0;44.293;-161.967;70.8436;-142.273
-0.0501333;0.396846;0;49.2132;-179.391;78.6037;-157.857
-0.0551161;0.396185;0;54.1383;-196.824;86.3688;-173.452
-0.0600902;0.395461;0;59.0676;-214.266;94.1376;-189.054
-0.0650549;0.394674;0;64.0002;-231.713;101.909;-204.661
-0.0700092;0.393826;0;68.9355;-249.161;109.682;-220.271
-0.0749525;0.392915;0;73.8725;-266.609;117.455;-235.881
-0.079884;0.391942;0;78.8105;-284.054;125.226;-251.489
-0.0848028;0.390907;0;83.7488;-301.493;132.996;-267.092
-0.0897083;0.389811;0;88.6866;-318.923;140.762;-282.687
-0.0945996;0.388653;0;93.623;-336.342;148.523;-298.273
-0.099476;0.387433;0;98.5574;-353.746;156.277;-313.848
-0.104337;0.386153;0;103.464;-370.542;163.914;-329.184
-0.109181;0.384811;0;108.312;-386.714;171.321;-344.059
-0.114008;0.383409;0;113.077;-403.192;178.647;-358.771
-0.118817;0.381946;0;117.847;-419.681;185.978;-373.494
-0.123607;0.380423;0;122.621;-436.179;193.313;-388.225
-0.128377;0.378839;0;127.399;-452.684;200.652;-402.964
-0.133128;0.377196;0;132.18;-469.192;207.993;-417.707
-0.137857;0.375494;0;136.963;-485.701;215.336;-432.452
-0.142565;0.373732;0;141.748;-502.209;222.678;-447.197
-0.14725;0.371911;0;146.533;-518.713;230.019;-461.939
-0.151912;0.370031;0;151.388;-535.063;237.327;-476.617
-0.156549;0.368093;0;156.206;-551.409;244.64;-491.303
-0.161163;0.366096;0;161.02;-567.747;251.949;-505.981
-0.16575;0.364042;0;165.829;-584.074;259.253;-520.649
-0.170312;0.361931;0;170.632;-600.389;266.55;-535.305
-0.174846;0.359762;0;175.39;-616.246;273.533;-549.328
-0.179353;0.357537;0;179.975;-630.992;280.181;-562.68
-0.183832;0.355255;0;184.562;-645.751;286.835;-576.042
-0.188282;0.352916;0;189.15;-660.521;293.493;-589.413
-0.192701;0.350523;0;193.739;-675.298;300.153;-602.789
-0.197091;0.348074;0;198.328;-690.082;306.816;-616.169
-0.201449;0.345569;0;202.915;-704.868;313.479;-629.551
-0.205776;0.343011;0;207.501;-719.656;320.142;-642.933
-0.21007;0.340398;0;212.084;-734.442;326.804;-656.312
-0.214331;0.337731;0;216.664;-749.225;333.464;-669.686
-0.218558;0.335011;0;221.24;-764.002;340.12;-683.054
-0.22275;0.332238;0;225.725;-778.844;346.678;-696.223
-0.226908;0.329413;0;230.027;-794.335;353.109;-709.138
-0.231029;0.326536;0;234.151;-807.264;358.91;-720.789
-0.235114;0.323607;0;238.342;-820.359;364.792;-732.6
-0.239162;0.320627;0;242.535;-833.463;370.677;-744.42
-0.243172;0.317596;0;246.728;-846.575;376.566;-756.246
-0.247144;0.314515;0;250.923;-859.694;382.456;-768.075
-0.251077;0.311385;0;255.117;-872.816;388.348;-779.907
-0.25497;0.308205;0;259.31;-885.939;394.24;-791.74
-0.258822;0.304977;0;263.502;-899.063;400.131;-803.571
-0.262634;0.301701;0;267.691;-912.184;406.02;-815.398
-0.266405;0.298376;0;271.878;-925.301;411.907;-827.221
-0.270133;0.295005;0;276.061;-938.411;417.79;-839.036
-0.273819;0.291587;0;280.24;-951.513;423.669;-850.842
-0.277461;0.288124;0;284.289;-964.133;429.17;-861.89
-0.28106;0.284614;0;288.118;-976.142;434.373;-872.339
-0.284614;0.28106;0;291.752;-987.508;439.386;-882.407
-0.288124;0.277461;0;295.387;-998.882;444.402;-892.479
-0.291587;0.273819;0;299.021;-1010.26;449.419;-902.554
-0.295005;0.270133;0;302.653;-1021.65;454.436;-912.631
-0.298376;0.266405;0;306.284;-1033.03;459.453;-922.707
-0.301701;0.262634;0;309.913;-1044.42;464.47;-932.781
-0.304977;0.258822;0;313.538;-1055.81;469.484;-942.851
-0.308205;0.25497;0;317.16;-1067.19;474.496;-952.917
-0.311385;0.251077;0;320.778;-1078.57;479.505;-962.976
-0.314515;0.247144;0;324.392;-1089.94;484.509;-973.026
-0.317596;0.243172;0;327.632;-1101.02;489.161;-982.368
-0.320627;0.239162;0;330.584;-1110.14;493.136;-990.35
-0.323607;0.235114;0;333.536;-1119.27;497.114;-998.339
-0.326536;0.231029;0;336.488;-1128.41;501.094;-1006.33
-0.329413;0.226908;0;339.441;-1137.56;505.076;-1014.33
-0.332238;0.22275;0;342.393;-1146.71;509.059;-1022.33
-0.335011;0.218558;0;345.343;-1155.86;513.043;-1030.33
-0.337731;0.214331;0;348.263;-1164.86;516.967;-1038.21
-0.340398;0.21007;0;351.302;-1173.63;520.892;-1046.09
-0.343011;0.205776;0;354.343;-1182.4;524.817;-1053.98
-0.345569;0.201449;0;357.384;-1191.16;528.741;-1061.85
-0.348074;0.197091;0;360.426;-1199.91;532.662;-1069.73
-0.350523;0.192701;0;363.469;-1208.66;536.581;-1077.6
-0.352916;0.188282;0;366.511;-1217.39;540.497;-1085.46
-0.355255;0.183832;0;369.549;-1224.62;544.023;-1092.55
-0.357537;0.179353;0;371.754;-1231.21;546.9;-1098.32
-0.359762;0.174846;0;373.961;-1237.85;549.788;-1104.12
-0.361931;0.170312;0;376.173;-1244.48;552.677;-1109.92
-0.364042;0.16575;0;378.39;-1251.1;555.566;-1115.73
-0.366096;0.161163;0;380.612;-1257.71;558.455;-1121.53
-0.368093;0.156549;0;382.837;-1264.32;561.343;-1127.33
-0.370031;0.151912;0;385.066;-1270.91;564.23;-1133.13
-0.371911;0.14725;0;387.298;-1277.49;567.116;-1138.92
-0.373732;0.142565;0;389.534;-1284.05;570;-1144.71
-0.375494;0.137857;0;391.772;-1290.61;572.881;-1150.5
-0.377196;0.133128;0;393.976;-1296.9;575.675;-1156.11
-0.378839;0.128377;0;395.492;-1301.29;577.608;-1159.99
-0.380423;0.123607;0;396.851;-1305.42;579.391;-1163.57
-0.381946;0.118817;0;398.213;-1309.55;581.175;-1167.16
-0.383409;0.114008;0;399.578;-1313.68;582.96;-1170.74
-0.384811;0.109181;0;400.946;-1317.81;584.746;-1174.33
-0.386153;0.104337;0;402.316;-1321.93;586.532;-1177.92
-0.387433;0.099476;0;403.689;-1326.05;588.319;-1181.5
-0.388653;0.0945996;0;405.064;-1330.16;590.105;-1185.09
-0.389811;0.0897083;0;406.441;-1334.27;591.89;-1188.68
-0.390907;0.0848028;0;407.82;-1338.37;593.675;-1192.26
-0.391942;0.079884;0;409.2;-1342.46;595.459;-1195.84
-0.392915;0.0749525;0;410.581;-1346.55;597.242;-1199.42
-0.393826;0.0700092;0;411.964;-1350.63;599.022;-1203
-0.394674;0.0650549;0;413.337;-1354.66;600.787;-1206.54
-0.395461;0.0600902;0;413.884;-1356.24;601.484;-1207.94
-0.396185;0.0551161;0;414.269;-1357.68;602.07;-1209.12
-0.396846;0.0501333;0;414.657;-1359.11;602.656;-1210.3
-0.397445;0.0451426;0;415.05;-1360.54;603.241;-1211.47
-0.39798;0.0401447;0;415.446;-1361.96;603.827;-1212.65
-0.398453;0.0351405;0;415.954;-1363.12;604.398;-1213.8
-0.398864;0.0301307;0;416.425;-1364.28;604.952;-1214.91
-0.399211;0.0251162;0;416.866;-1365.48;605.501;-1216.01
-0.399495;0.0200977;0;417.305;-1366.68;606.05;-1217.11
-0.399716;0.0150761;0;417.741;-1367.89;606.598;-1218.21
-0.399874;0.010052;0;418.174;-1369.1;607.146;-1219.31
-0.399968;0.00502642;0;418.605;-1370.31;607.692;-1220.41
-0.4;4.89859e-17;0;419.032;-1371.53;608.238;-1221.51
-0.399968;-0.00502642;0;418.64;-1370.73;607.86;-1220.75
-0.399874;-0.010052;0;418.117;-1369.46;607.284;-1219.59
-0.399716;-0.0150761;0;417.591;-1368.2;606.708;-1218.43
-0.399495;-0.0200977;0;417.063;-1366.94;606.131;-1217.27
-0.399211;-0.0251162;0;416.531;-1365.68;605.553;-1216.11
-0.398864;-0.0301307;0;415.997;-1364.42;604.975;-1214.95
-0.398453;-0.0351405;0;415.46;-1363.17;604.396;-1213.79
-0.39798;-0.0401447;0;414.921;-1361.92;603.817;-1212.63
-0.397445;-0.0451426;0;414.379;-1360.68;603.238;-1211.47
-0.396846;-0.0501333;0;413.835;-1359.44;602.658;-1210.3
-0.396185;-0.0551161;0;413.289;-1358.2;602.079;-1209.14
-0.395461;-0.0600902;0;412.74;-1356.97;601.499;-1207.97
-0.394674;-0.0650549;0;412.19;-1355.73;600.918;-1206.81
-0.393826;-0.0700092;0;410.845;-1351.74;599.197;-1203.35
-0.392915;-0.0749525;0;409.469;-1347.64;597.433;-1199.81
-0.391942;-0.079884;0;408.091;-1343.53;595.667;-1196.26
-0.390907;-0.0848028;0;406.708;-1339.43;593.899;-1192.71
-0.389811;-0.0897083;0;405.323;-1335.33;592.131;-1189.16
-0.388653;-0.0945996;0;403.935;-1331.24;590.361;-1185.61
-0.387433;-0.099476;0;402.545;-1327.14;588.591;-1182.05
-0.386153;-0.104337;0;401.152;-1323.05;586.821;-1178.5
-0.384811;-0.109181;0;399.758;-1318.96;585.051;-1174.94
-0.383409;-0.114008;0;398.361;-1314.88;583.281;-1171.39
-0.381946;-0.118817;0;396.963;-1310.8;581.512;-1167.83
-0.380423;-0.123607;0;395.563;-1306.73;579.744;-1164.28
-0.378839;-0.128377;0;394.073;-1302.49;577.884;-1160.55
-0.377196;-0.133128;0;391.784;-1296.74;575.215;-1155.19
-0.375494;-0.137857;0;389.492;-1290.99;572.545;-1149.82
-0.373732;-0.142565;0;387.194;-1285.25;569.873;-1144.46
-0.371911;-0.14725;0;384.992;-1278.38;566.938;-1138.56
-0.370031;-0.151912;0;382.874;-1271.21;563.966;-1132.6
-0.368093;-0.156549;0;380.758;-1264.04;560.992;-1126.62
-0.366096;-0.161163;0;378.644;-1256.86;558.018;-1120.65
-0.364042;-0.16575;0;376.534;-1249.67;555.042;-1114.68
-0.361931;-0.170312;0;374.426;-1242.48;552.067;-1108.7
-0.359762;-0.174846;0;372.322;-1235.28;549.092;-1102.72
-0.357537;-0.179353;0;370.222;-1228.07;546.117;-1096.75
-0.355255;-0.183832;0;367.26;-1221.16;542.745;-1089.98
-0.352916;-0.188282;0;364.234;-1214.07;539.294;-1083.05
-0.350523;-0.192701;0;361.259;-1206.34;535.676;-1075.78
-0.348074;-0.197091;0;358.168;-1198.05;531.84;-1068.08
-0.345569;-0.201449;0;355.078;-1189.76;528.001;-1060.37
-0.343011;-0.205776;0;351.989;-1181.46;524.161;-1052.66
-0.340398;-0.21007;0;348.902;-1173.15;520.32;-1044.94
-0.337731;-0.214331;0;345.817;-1164.84;516.48;-1037.23
-0.335011;-0.218558;0;342.735;-1156.53;512.639;-1029.52
-0.332238;-0.22275;0;339.656;-1148.21;508.801;-1021.81
-0.329413;-0.226908;0;336.581;-1139.89;504.963;-1014.1
-0.326536;-0.231029;0;333.861;-1130.52;501.007;-1006.16
-0.323607;-0.235114;0;331.05;-1121.11;496.996;-998.102
-0.320627;-0.239162;0;328.239;-1111.71;492.987;-990.051
-0.317596;-0.243172;0;325.451;-1102.26;488.964;-981.972
-0.314515;-0.247144;0;322.393;-1091.23;484.263;-972.532
-0.311385;-0.251077;0;318.822;-1079.8;479.25;-962.463
-0.308205;-0.25497;0;315.246;-1068.37;474.232;-952.386
-0.304977;-0.258822;0;311.666;-1056.93;469.211;-942.302
-0.301701;-0.262634;0;308.082;-1045.49;464.187;-932.213
-0.298376;-0.266405;0;304.495;-1034.06;459.161;-922.12
-0.295005;-0.270133;0;300.905;-1022.62;454.135;-912.025
-0.291587;-0.273819;0;297.313;-1011.19;449.108;-901.93
-0.288124;-0.277461;0;293.72;-999.757;444.082;-891.837
-0.284614;-0.28106;0;290.126;-988.335;439.057;-881.745
-0.28106;-0.284614;0;286.532;-976.922;434.034;-871.659
-0.277461;-0.288124;0;282.88;-964.991;428.726;-860.998
-0.273819;-0.291587;0;279.15;-952.81;423.293;-850.088
-0.270133;-0.295005;0;275.012;-940.167;417.578;-838.609
-0.266405;-0.298376;0;270.789;-927.192;411.729;-826.864
-0.262634;-0.301701;0;266.563;-914.213;405.878;-815.112
-0.258822;-0.304977;0;262.335;-901.23;400.024;-803.357
-0.25497;-0.308205;0;258.105;-888.247;394.17;-791.599
-0.251077;-0.311385;0;253.875;-875.266;388.315;-779.842
-0.247144;-0.314515;0;249.644;-862.288;382.461;-768.086
-0.243172;-0.317596;0;245.413;-849.315;376.609;-756.333
-0.239162;-0.320627;0;241.184;-836.35;370.759;-744.585
-0.235114;-0.323607;0;236.956;-823.394;364.913;-732.845
-0.231029;-0.326536;0;232.731;-810.45;359.072;-721.114
-0.226908;-0.329413;0;228.851;-796.681;353.057;-709.034
-0.22275;-0.332238;0;225.217;-781.531;346.632;-696.13
-0.218558;-0.335011;0;220.704;-766.798;340.036;-682.884
-0.214331;-0.337731;0;216.124;-751.936;333.375;-669.508
-0.21007;-0.340398;0;211.54;-737.068;326.711;-656.124
-0.205776;-0.343011;0;206.955;-722.199;320.044;-642.736
-0.201449;-0.345569;0;202.367;-707.329;313.377;-629.345
-0.197091;-0.348074;0;197.778;-692.461;306.709;-615.954
-0.192701;-0.350523;0;193.189;-677.597;300.041;-602.564
-0.188282;-0.352916;0;188.6;-662.741;293.376;-589.179
-0.183832;-0.355255;0;184.013;-647.893;286.714;-575.799
-0.179353;-0.357537;0;179.427;-633.057;280.055;-562.427
-0.174846;-0.359762;0;174.844;-618.235;273.402;-549.065
-0.170312;-0.361931;0;170.869;-602.15;266.449;-535.101
-0.16575;-0.364042;0;166.16;-585.943;259.231;-520.605
-0.161163;-0.366096;0;161.34;-569.602;251.936;-505.956
-0.156549;-0.368093;0;156.518;-553.252;244.637;-491.297
-0.151912;-0.370031;0;151.692;-536.895;237.334;-476.631
-0.14725;-0.371911;0;146.865;-520.535;230.029;-461.96
-0.142565;-0.373732;0;142.037;-504.174;222.722;-447.286
-0.137857;-0.375494;0;137.208;-487.814;215.415;-432.612
-0.133128;-0.377196;0;132.38;-471.458;208.11;-417.941
-0.128377;-0.378839;0;127.553;-455.108;200.807;-403.274
-0.123607;-0.380423;0;122.728;-438.768;193.507;-388.614
-0.118817;-0.381946;0;117.906;-422.44;186.211;-373.962
-0.114008;-0.383409;0;113.088;-406.126;178.921;-359.322
-0.109181;-0.384811;0;108.324;-389.795;171.644;-344.708
-0.104337;-0.386153;0;103.579;-372.328;163.958;-329.272
-0.099476;-0.387433;0;98.626;-355.006;156.251;-313.795
-0.0945996;-0.388653;0;93.6709;-337.677;148.54;-298.309
-0.0897083;-0.389811;0;88.7147;-320.344;140.826;-282.817
-0.0848028;-0.390907;0;83.7779;-303.063;133.116;-267.333
-0.079884;-0.391942;0;78.8414;-285.697;125.391;-251.82
-0.0749525;-0.392915;0;73.8996;-268.292;117.662;-236.297
-0.0700092;-0.393826;0;68.9582;-250.887;109.934;-220.777
-0.0650549;-0.394674;0;64.0181;-233.484;102.208;-205.261
-0.0600902;-0.395461;0;59.0801;-216.087;94.4856;-189.753
-0.0551161;-0.396185;0;54.145;-198.698;86.768;-174.254
-0.0501333;-0.396846;0;48.7272;-181.644;78.9546;-158.562
-0.0451426;-0.397445;0;43.7167;-163.877;71.0633;-142.714
-0.0401447;-0.39798;0;38.7017;-146.1;63.1675;-126.857
-0.0351405;-0.398453;0;33.683;-128.315;55.2685;-110.994
-0.0301307;-0.398864;0;28.6297;-110.522;47.3804;-95.1527
-0.0251162;-0.399211;0;23.6136;-92.7019;39.4739;-79.2742
-0.0200977;-0.399495;0;18.5987;-74.8814;31.5668;-63.3947
-0.0150761;-0.399716;0;13.5857;-57.063;23.6605;-47.5166
-0.010052;-0.399874;0;8.57546;-39.2495;15.7561;-31.6425
-0.00502642;-0.399968;0;3.5687;-21.4437;7.85496;-15.7749
-7.34788e-17;-0.4;0;-1.43376;-3.64842;-0.0417188;0.0837827
0.00502642;-0.399968;0;-6.47977;13.9005;-7.87588;15.8169
0.010052;-0.399874;0;-11.7416;31.2687;-15.7403;31.6108
0.0150761;-0.399716;0;-17.0061;48.6508;-23.6113;47.4179
0.0200977;-0.399495;0;-22.2727;66.0442;-31.4876;63.2356
0.0251162;-0.399211;0;-27.5403;83.446;-39.368;79.0615
0.0301307;-0.398864;0;-32.8082;100.853;-47.2512;94.8931
0.0351405;-0.398453;0;-38.0755;118.264;-55.1359;110.728
0.0401447;-0.39798;0;-43.3415;135.674;-63.021;126.563
0.0451426;-0.397445;0;-48.6053;153.083;-70.9051;142.397
0.0501333;-0.396846;0;-53.866;170.485;-78.7871;158.226
0.0551161;-0.396185;0;-58.1084;189.432;-86.6268;173.97
0.0600902;-0.395461;0;-62.3399;208.472;-94.4938;189.769
0.0650549;-0.394674;0;-67.0216;226.092;-102.122;205.089
0.0700092;-0.393826;0;-71.8046;243.95;-109.87;220.649
0.0749525;-0.392915;0;-76.5856;261.811;-117.619;236.211
0.079884;-0.391942;0;-81.3635;279.671;-125.368;251.772
0.0848028;-0.390907;0;-86.1809;296.673;-132.946;266.992
0.0897083;-0.389811;0;-91.3707;313.242;-140.584;282.332
0.0945996;-0.388653;0;-96.5646;329.813;-148.225;297.675
0.099476;-0.387433;0;-101.762;346.384;-155.866;313.02
0.104337;-0.386153;0;-106.961;362.951;-163.506;328.365
0.109181;-0.384811;0;-112.162;379.513;-171.145;343.706
0.114008;-0.383409;0;-117.364;396.067;-178.781;359.041
0.118817;-0.381946;0;-122.208;412.295;-186.036;373.61
0.123607;-0.380423;0;-127.016;428.968;-193.351;388.301
0.128377;-0.378839;0;-131.829;445.648;-200.67;402.999
0.133128;-0.377196;0;-136.645;462.332;-207.991;417.702
0.137857;-0.375494;0;-141.465;479.018;-215.314;432.409
0.142565;-0.373732;0;-146.287;495.704;-222.637;447.116
0.14725;-0.371911;0;-151.11;512.385;-229.96;461.822
0.151912;-0.370031;0;-155.934;529.061;-237.28;476.523
0.156549;-0.368093;0;-160.758;545.728;-244.598;491.219
0.161163;-0.366096;0;-165.581;562.384;-251.911;505.906
0.16575;-0.364042;0;-170.402;579.025;-259.219;520.582
0.170312;-0.361931;0;-175.3;594.237;-266.392;534.987
0.174846;-0.359762;0;-180.248;608.191;-273.338;548.937
0.179353;-0.357537;0;-184.861;623.277;-280.022;562.36
0.183832;-0.355255;0;-189.481;638.369;-286.71;575.792
0.188282;-0.352916;0;-194.107;653.463;-293.402;589.231
0.192701;-0.350523;0;-198.737;668.558;-300.096;602.675
0.197091;-0.348074;0;-203.372;683.65;-306.792;616.121
0.201449;-0.345569;0;-208.011;698.738;-313.487;629.567
0.205776;-0.343011;0;-212.653;713.818;-320.182;643.012
0.21007;-0.340398;0;-217.297;728.889;-326.874;656.452
0.214331;-0.337731;0;-221.942;743.949;-333.564;669.887
0.218558;-0.335011;0;-226.589;758.994;-340.25;683.314
0.22275;-0.332238;0;-231.235;774.023;-346.93;696.73
0.226908;-0.329413;0;-235.457;786.76;-353.303;709.528
0.231029;-0.326536;0;-239.714;799.872;-359.175;721.321
0.235114;-0.323607;0;-243.978;812.99;-365.053;733.125
0.239162;-0.320627;0;-248.246;826.113;-370.934;744.936
0.243172;-0.317596;0;-252.519;839.237;-376.818;756.753
0.247144;-0.314515;0;-256.796;852.362;-382.705;768.575
0.251077;-0.311385;0;-261.076;865.484;-388.592;780.398
0.25497;-0.308205;0;-265.358;878.602;-394.48;792.222
0.258822;-0.304977;0;-269.643;891.714;-400.367;804.045
0.262634;-0.301701;0;-273.928;904.817;-406.252;815.864
0.266405;-0.298376;0;-278.213;917.91;-412.135;827.679
0.270133;-0.295005;0;-282.499;930.991;-418.014;839.486
0.273819;-0.291587;0;-286.783;944.057;-423.889;851.284
0.277461;-0.288124;0;-290.789;956.518;-429.65;862.854
0.28106;-0.284614;0;-294.374;967.365;-434.766;873.128
0.284614;-0.28106;0;-298.102;978.3;-439.738;883.112
0.288124;-0.277461;0;-301.834;989.23;-444.711;893.101
0.291587;-0.273819;0;-305.572;1000.16;-449.687;903.094
0.295005;-0.270133;0;-309.313;1011.07;-454.664;913.088
0.298376;-0.266405;0;-313.058;1021.98;-459.641;923.083
0.301701;-0.262634;0;-316.805;1032.88;-464.617;933.077
0.304977;-0.258822;0;-320.555;1043.77;-469.592;943.069
0.308205;-0.25497;0;-324.307;1054.64;-474.565;953.056
0.311385;-0.251077;0;-328.06;1065.5;-479.535;963.037
0.314515;-0.247144;0;-331.813;1076.34;-484.502;973.011
0.317596;-0.243172;0;-334.978;1086.57;-489.29;982.628
0.320627;-0.239162;0;-337.961;1095.08;-493.24;990.559
0.323607;-0.235114;0;-340.948;1103.59;-497.193;998.498
0.326536;-0.231029;0;-343.938;1112.11;-501.148;1006.44
0.329413;-0.226908;0;-346.932;1120.62;-505.106;1014.39
0.332238;-0.22275;0;-349.929;1129.13;-509.065;1022.34
0.335011;-0.218558;0;-352.927;1137.63;-513.024;1030.29
0.337731;-0.214331;0;-355.927;1146.13;-516.984;1038.24
0.340398;-0.21007;0;-358.929;1154.62;-520.944;1046.2
0.343011;-0.205776;0;-361.931;1163.1;-524.902;1054.15
0.345569;-0.201449;0;-364.934;1171.57;-528.859;1062.09
0.348074;-0.197091;0;-367.936;1180.03;-532.813;1070.03
0.350523;-0.192701;0;-370.938;1188.47;-536.764;1077.97
0.352916;-0.188282;0;-373.938;1196.91;-540.712;1085.9
0.355255;-0.183832;0;-376.318;1204.37;-544.132;1092.76
0.357537;-0.179353;0;-378.332;1210.77;-547.022;1098.57
0.359762;-0.174846;0;-380.349;1217.16;-549.913;1104.38
0.361931;-0.170312;0;-382.46;1222.75;-552.678;1109.93
0.364042;-0.16575;0;-384.564;1228.48;-555.423;1115.44
0.366096;-0.161163;0;-386.668;1234.21;-558.169;1120.95
0.368093;-0.156549;0;-388.772;1239.96;-560.915;1126.47
0.370031;-0.151912;0;-390.875;1245.71;-563.661;1131.98
0.371911;-0.14725;0;-392.977;1251.46;-566.406;1137.5
0.373732;-0.142565;0;-395.078;1257.22;-569.151;1143.01
0.375494;-0.137857;0;-397.178;1262.99;-571.894;1148.52
0.377196;-0.133128;0;-399.276;1268.76;-574.635;1154.02
0.378839;-0.128377;0;-401.289;1274.35;-577.362;1159.5
0.380423;-0.123607;0;-402.905;1279.35;-579.816;1164.43
0.381946;-0.118817;0;-403.758;1283.53;-581.571;1167.95
0.383409;-0.114008;0;-404.612;1287.73;-583.328;1171.48
0.384811;-0.109181;0;-405.466;1291.93;-585.084;1175.01
0.386153;-0.104337;0;-406.382;1296.08;-586.752;1178.36
0.387433;-0.099476;0;-407.664;1299.43;-588.256;1181.38
0.388653;-0.0945996;0;-408.947;1302.78;-589.76;1184.4
0.389811;-0.0897083;0;-410.232;1306.13;-591.264;1187.42
0.390907;-0.0848028;0;-411.519;1309.47;-592.769;1190.44
0.391942;-0.079884;0;-412.807;1312.8;-594.273;1193.46
0.392915;-0.0749525;0;-414.097;1316.13;-595.776;1196.48
0.393826;-0.0700092;0;-415.387;1319.45;-597.279;1199.5
0.394674;-0.0650549;0;-416.679;1322.77;-598.781;1202.52
0.395461;-0.0600902;0;-417.971;1326.07;-600.282;1205.53
0.396185;-0.0551161;0;-419.095;1328.84;-601.19;1207.35
0.396846;-0.0501333;0;-420.193;1331.46;-601.866;1208.71
0.397445;-0.0451426;0;-421.293;1334.07;-602.542;1210.07
0.39798;-0.0401447;0;-421.946;1335.64;-603.018;1211.02
0.398453;-0.0351405;0;-422.107;1336.53;-603.329;1211.65
0.398864;-0.0301307;0;-422.268;1337.42;-603.64;1212.27
0.399211;-0.0251162;0;-422.43;1338.32;-603.95;1212.9
0.399495;-0.0200977;0;-422.591;1339.21;-604.261;1213.52
0.399716;-0.0150761;0;-422.753;1340.1;-604.572;1214.14
0.399874;-0.010052;0;-422.916;1340.99;-604.883;1214.77
0.399968;-0.00502642;0;-423.078;1341.89;-605.194;1215.39
