0.4;0;0;-456.71;1354.34;-605.499;1216.01
0.399968;0.00502642;0;-456.326;1353.74;-605.176;1215.36
0.399874;0.010052;0;-455.934;1353.12;-604.846;1214.69
0.399716;0.0150761;0;-455.543;1352.51;-604.516;1214.03
0.399495;0.0200977;0;-455.151;1351.9;-604.186;1213.37
0.399211;0.0251162;0;-454.76;1351.28;-603.857;1212.71
0.398864;0.0301307;0;-454.368;1350.67;-603.527;1212.05
0.398453;0.0351405;0;-453.977;1350.05;-603.197;1211.38
0.39798;0.0401447;0;-453.586;1349.44;-602.868;1210.72
0.397445;0.0451426;0;-453.114;1347.99;-602.262;1209.51
0.396846;0.0501333;0;-452.564;1346.18;-601.511;1208
0.396185;0.0551161;0;-452.015;1344.37;-600.76;1206.49
0.395461;0.0600902;0;-451.464;1342.56;-600.009;1204.98
0.394674;0.0650549;0;-450.23;1339.61;-598.657;1202.27
0.393826;0.0700092;0;-448.86;1336.41;-597.179;1199.3
0.392915;0.0749525;0;-447.49;1333.21;-595.699;1196.33
0.391942;0.079884;0;-446.118;1330.01;-594.219;1193.35
0.390907;0.0848028;0;-444.746;1326.81;-592.738;1190.38
0.389811;0.0897083;0;-443.373;1323.61;-591.257;1187.4
0.388653;0.0945996;0;-442;1320.41;-589.777;1184.43
0.387433;0.099476;0;-440.627;1317.22;-588.296;1181.46
0.386153;0.104337;0;-439.208;1313.86;-586.735;1178.32
0.384811;0.109181;0;-437.699;1309.72;-584.911;1174.66
0.383409;0.114008;0;-436.191;1305.58;-583.087;1171
0.381946;0.118817;0;-434.683;1301.45;-581.263;1167.33
0.380423;0.123607;0;-433.177;1297.31;-579.441;1163.67
0.378839;0.128377;0;-431.132;1292.03;-577.048;1158.87
0.377196;0.133128;0;-428.749;1286;-574.287;1153.32
0.375494;0.137857;0;-426.389;1279.89;-571.544;1147.81
0.373732;0.142565;0;-424.031;1273.79;-568.8;1142.3
0.371911;0.14725;0;-421.673;1267.67;-566.055;1136.79
0.370031;0.151912;0;-419.315;1261.55;-563.308;1131.28
0.368093;0.156549;0;-416.957;1255.43;-560.562;1125.76
0.366096;0.161163;0;-414.599;1249.31;-557.815;1120.24
0.364042;0.16575;0;-412.243;1243.19;-555.069;1114.73
0.361931;0.170312;0;-409.889;1237.06;-552.323;1109.21
0.359762;0.174846;0;-407.536;1230.94;-549.579;1103.7
0.357537;0.179353;0;-405.186;1224.82;-546.836;1098.2
0.355255;0.183832;0;-402.838;1218.7;-544.096;1092.69
0.352916;0.188282;0;-400.017;1211.26;-540.748;1085.97
0.350523;0.192701;0;-396.773;1202.45;-536.805;1078.05
0.348074;0.197091;0;-393.526;1193.63;-532.858;1070.12
0.345569;0.201449;0;-390.277;1184.81;-528.909;1062.19
0.343011;0.205776;0;-387.027;1175.97;-524.957;1054.26
0.340398;0.21007;0;-383.776;1167.13;-521.004;1046.32
0.337731;0.214331;0;-380.525;1158.29;-517.05;1038.38
0.335011;0.218558;0;-377.274;1149.44;-513.095;1030.43
0.332238;0.22275;0;-374.024;1140.59;-509.14;1022.49
0.329413;0.226908;0;-370.775;1131.75;-505.186;1014.55
0.326536;0.231029;0;-367.528;1122.9;-501.234;1006.61
0.323607;0.235114;0;-364.294;1114.01;-497.279;998.67
0.320627;0.239162;0;-361.043;1105.13;-493.312;990.704
0.317596;0.243172;0;-357.795;1096.26;-489.349;982.745
0.314515;0.247144;0;-354.126;1085.98;-484.765;973.539
0.311385;0.251077;0;-350.191;1074.87;-479.805;963.578
0.308205;0.25497;0;-346.252;1063.76;-474.841;953.61
0.304977;0.258822;0;-342.307;1052.65;-469.873;943.631
0.301701;0.262634;0;-338.354;1041.53;-464.897;933.638
0.298376;0.266405;0;-334.401;1030.39;-459.916;923.635
0.295005;0.270133;0;-330.451;1019.23;-454.929;913.62
0.291587;0.273819;0;-326.502;1008.06;-449.942;903.606
0.288124;0.277461;0;-322.554;996.886;-444.956;893.593
0.284614;0.28106;0;-318.608;985.719;-439.972;883.583
0.28106;0.284614;0;-314.666;974.554;-434.99;873.578
0.277461;0.288124;0;-310.654;963.219;-429.918;863.391
0.273819;0.291587;0;-306.165;950.085;-424.05;851.608
0.270133;0.295005;0;-301.672;936.937;-418.178;839.814
0.266405;0.298376;0;-297.176;923.779;-412.3;828.011
0.262634;0.301701;0;-292.677;910.612;-406.42;816.2
0.258822;0.304977;0;-288.177;897.438;-400.536;804.385
0.25497;0.308205;0;-283.677;884.26;-394.651;792.566
0.251077;0.311385;0;-279.182;871.052;-388.763;780.742
0.247144;0.314515;0;-274.688;857.841;-382.875;768.916
0.243172;0.317596;0;-270.186;844.638;-376.981;757.08
0.239162;0.320627;0;-265.685;831.44;-371.09;745.249
0.235114;0.323607;0;-261.186;818.249;-365.201;733.423
0.231029;0.326536;0;-256.69;805.067;-359.317;721.605
0.226908;0.329413;0;-252.197;791.897;-353.437;709.797
0.22275;0.332238;0;-247.486;777.749;-347.135;697.141
0.218558;0.335011;0;-242.556;762.77;-340.45;683.717
0.214331;0.337731;0;-237.622;747.78;-333.761;670.282
0.21007;0.340398;0;-232.685;732.782;-327.067;656.839
0.205776;0.343011;0;-227.745;717.777;-320.37;643.39
0.201449;0.345569;0;-222.804;702.769;-313.671;629.937
0.197091;0.348074;0;-217.862;687.759;-306.971;616.482
0.192701;0.350523;0;-212.919;672.75;-300.272;603.027
0.188282;0.352916;0;-207.978;657.744;-293.573;589.574
0.183832;0.355255;0;-203.038;642.745;-286.877;576.126
0.179353;0.357537;0;-198.1;627.753;-280.184;562.685
0.174846;0.359762;0;-193.165;612.772;-273.495;549.252
0.170312;0.361931;0;-188.191;597.501;-266.698;535.602
0.16575;0.364042;0;-182.976;581.067;-259.383;520.911
0.161163;0.366096;0;-177.737;564.556;-252.031;506.147
0.156549;0.368093;0;-172.493;548.027;-244.673;491.369
0.151912;0.370031;0;-167.244;531.484;-237.307;476.577
0.14725;0.371911;0;-161.992;514.93;-229.937;461.776
0.142565;0.373732;0;-156.737;498.367;-222.563;446.966
0.137857;0.375494;0;-151.48;481.798;-215.186;432.151
0.133128;0.377196;0;-146.222;465.225;-207.807;417.333
0.128377;0.378839;0;-140.963;448.65;-200.428;402.514
0.123607;0.380423;0;-135.705;432.078;-193.05;387.696
0.118817;0.381946;0;-130.571;415.873;-185.821;373.18
0.114008;0.383409;0;-125.177;398.822;-178.198;357.871
0.109181;0.384811;0;-119.78;381.763;-170.572;342.555
0.104337;0.386153;0;-114.381;364.7;-162.944;327.236
0.099476;0.387433;0;-108.982;347.635;-155.315;311.914
0.0945996;0.388653;0;-103.583;330.57;-147.686;296.593
0.0897083;0.389811;0;-98.1853;313.508;-140.058;281.275
0.0848028;0.390907;0;-92.7893;296.453;-132.434;265.962
0.079884;0.391942;0;-87.3961;279.406;-124.813;250.658
0.0749525;0.392915;0;-82.0064;262.371;-117.197;235.363
0.0700092;0.393826;0;-76.6212;245.35;-109.587;220.081
0.0650549;0.394674;0;-71.2413;228.345;-101.985;204.814
0.0600902;0.395461;0;-65.8676;211.36;-94.3921;189.565
0.0551161;0.396185;0;-60.5008;194.398;-86.8088;174.336
0.0501333;0.396846;0;-55.026;176.875;-78.9727;158.599
0.0451426;0.397445;0;-49.5454;159.201;-71.0909;142.77
0.0401447;0.39798;0;-44.0586;141.506;-63.2001;126.923
0.0351405;0.398453;0;-38.5663;123.795;-55.3015;111.06
0.0301307;0.398864;0;-33.0695;106.068;-47.3964;95.1848
0.0251162;0.399211;0;-27.569;88.3302;-39.486;79.2987
0.0200977;0.399495;0;-22.0658;70.583;-31.5717;63.4044
0.0150761;0.399716;0;-16.5606;52.8297;-23.6545;47.5047
0.010052;0.399874;0;-11.0543;35.0729;-15.7358;31.6018
0.00502642;0.399968;0;-5.54791;17.3155;-7.81691;15.6985
2.44929e-17;0.4;0;-0.0421638;-0.439644;0.101042;-0.202919
-0.00502642;0.399968;0;5.46203;-18.1898;8.01676;-16.0998
-0.010052;0.399874;0;10.9638;-35.9322;15.929;-31.9897
-0.0150761;0.399716;0;16.4623;-53.664;23.8365;-47.8701
-0.0200977;0.399495;0;21.9566;-71.3823;31.738;-63.7385
-0.0251162;0.399211;0;27.4459;-89.0845;39.6323;-79.5924
-0.0301307;0.398864;0;32.9293;-106.768;47.5181;-95.4292
-0.0351405;0.398453;0;38.4174;-124.14;55.3267;-111.111
-0.0401447;0.39798;0;43.9102;-141.37;63.0897;-126.701
-0.0451426;0.397445;0;49.3352;-158.77;70.8436;-142.273
-0.0501333;0.396846;0;54.7647;-176.184;78.6037;-157.857
-0.0551161;0.396185;0;60.1978;-193.609;86.3688;-173.452
-0.0600902;0.395461;0;65.6337;-211.042;94.1376;-189.054
-0.0650549;0.394674;0;71.0715;-228.481;101.909;-204.661
-0.0700092;0.393826;0;76.5103;-245.922;109.682;-220.271
-0.0749525;0.392915;0;81.9493;-263.363;117.455;-235.881
-0.079884;0.391942;0;87.3877;-280.802;125.226;-251.489
-0.0848028;0.390907;0;92.8245;-298.234;132.996;-267.092
-0.0897083;0.389811;0;98.2589;-315.659;140.762;-282.687
-0.0945996;0.388653;0;103.69;-333.072;148.523;-298.273
-0.099476;0.387433;0;109.117;-350.472;156.277;-313.848
-0.104337;0.386153;0;114.536;-367.46;163.914;-329.184
-0.109181;0.384811;0;119.874;-383.878;171.321;-344.059
-0.114008;0.383409;0;125.11;-400.309;178.647;-358.771
-0.118817;0.381946;0;130.351;-416.752;185.978;-373.494
-0.123607;0.380423;0;135.595;-433.205;193.313;-388.225
-0.128377;0.378839;0;140.842;-449.665;200.652;-402.964
-0.133128;0.377196;0;146.09;-466.129;207.993;-417.707
-0.137857;0.375494;0;151.34;-482.595;215.336;-432.452
-0.142565;0.373732;0;156.589;-499.06;222.678;-447.197
-0.14725;0.371911;0;161.838;-515.523;230.019;-461.939
-0.151912;0.370031;0;167.076;-531.884;237.327;-476.617
-0.156549;0.368093;0;172.318;-548.267;244.64;-491.303
-0.161163;0.366096;0;177.557;-564.641;251.949;-505.981
-0.16575;0.364042;0;182.792;-581.004;259.253;-520.649
-0.170312;0.361931;0;188.023;-597.354;266.55;-535.305
-0.174846;0.359762;0;193.068;-613.093;273.533;-549.328
-0.179353;0.357537;0;197.997;-627.944;280.181;-562.68
-0.183832;0.355255;0;202.929;-642.807;286.835;-576.042
-0.188282;0.352916;0;207.865;-657.68;293.493;-589.413
-0.192701;0.350523;0;212.802;-672.56;300.153;-602.789
-0.197091;0.348074;0;217.741;-687.445;306.816;-616.169
-0.201449;0.345569;0;222.68;-702.333;313.479;-629.551
-0.205776;0.343011;0;227.618;-717.221;320.142;-642.933
-0.21007;0.340398;0;232.556;-732.107;326.804;-656.312
-0.214331;0.337731;0;237.492;-746.989;333.464;-669.686
-0.218558;0.335011;0;242.425;-761.864;340.12;-683.054
-0.22275;0.332238;0;247.271;-776.596;346.678;-696.223
-0.226908;0.329413;0;251.978;-791.297;353.109;-709.138
-0.231029;0.326536;0;256.423;-804.262;358.91;-720.789
-0.235114;0.323607;0;260.931;-817.4;364.792;-732.6
-0.239162;0.320627;0;265.441;-830.547;370.677;-744.42
-0.243172;0.317596;0;269.954;-843.702;376.566;-756.246
-0.247144;0.314515;0;274.469;-856.861;382.456;-768.075
-0.251077;0.311385;0;278.984;-870.024;388.348;-779.907
-0.25497;0.308205;0;283.499;-883.188;394.24;-791.74
-0.258822;0.304977;0;288.013;-896.351;400.131;-803.571
-0.262634;0.301701;0;292.526;-909.51;406.02;-815.398
-0.266405;0.298376;0;297.037;-922.664;411.907;-827.221
-0.270133;0.295005;0;301.545;-935.811;417.79;-839.036
-0.273819;0.291587;0;306.049;-948.949;423.669;-850.842
-0.277461;0.288124;0;310.3;-961.339;429.17;-861.89
-0.28106;0.284614;0;314.364;-973.07;434.373;-872.339
-0.284614;0.28106;0;318.324;-984.3;439.386;-882.407
-0.288124;0.277461;0;322.286;-995.537;444.402;-892.479
-0.291587;0.273819;0;326.248;-1006.78;449.419;-902.554
-0.295005;0.270133;0;330.211;-1018.02;454.436;-912.631
-0.298376;0.266405;0;334.174;-1029.27;459.453;-922.707
-0.301701;0.262634;0;338.135;-1040.51;464.47;-932.781
-0.304977;0.258822;0;342.095;-1051.75;469.484;-942.851
-0.308205;0.25497;0;346.052;-1062.99;474.496;-952.917
-0.311385;0.251077;0;350.006;-1074.22;479.505;-962.976
-0.314515;0.247144;0;353.957;-1085.44;484.509;-973.026
-0.317596;0.243172;0;357.623;-1095.99;489.161;-982.368
-0.320627;0.239162;0;360.867;-1104.9;493.136;-990.35
-0.323607;0.235114;0;364.115;-1113.83;497.114;-998.339
-0.326536;0.231029;0;367.363;-1122.76;501.094;-1006.33
-0.329413;0.226908;0;370.613;-1131.7;505.076;-1014.33
-0.332238;0.22275;0;373.864;-1140.64;509.059;-1022.33
-0.335011;0.218558;0;377.115;-1149.58;513.043;-1030.33
-0.337731;0.214331;0;380.328;-1158.4;516.967;-1038.21
-0.340398;0.21007;0;383.57;-1167.17;520.892;-1046.09
-0.343011;0.205776;0;386.812;-1175.93;524.817;-1053.98
-0.345569;0.201449;0;390.053;-1184.69;528.741;-1061.85
-0.348074;0.197091;0;393.293;-1193.44;532.662;-1069.73
-0.350523;0.192701;0;396.531;-1202.18;536.581;-1077.6
-0.352916;0.188282;0;399.768;-1210.92;540.497;-1085.46
-0.355255;0.183832;0;402.783;-1218.66;544.023;-1092.55
-0.357537;0.179353;0;405.21;-1225.11;546.9;-1098.32
-0.359762;0.174846;0;407.645;-1231.59;549.788;-1104.12
-0.361931;0.170312;0;410.081;-1238.07;552.677;-1109.92
-0.364042;0.16575;0;412.519;-1244.54;555.566;-1115.73
-0.366096;0.161163;0;414.957;-1251.02;558.455;-1121.53
-0.368093;0.156549;0;417.397;-1257.48;561.343;-1127.33
-0.370031;0.151912;0;419.836;-1263.95;564.23;-1133.13
-0.371911;0.14725;0;422.275;-1270.41;567.116;-1138.92
-0.373732;0.142565;0;424.714;-1276.86;570;-1144.71
-0.375494;0.137857;0;427.152;-1283.3;572.881;-1150.5
-0.377196;0.133128;0;429.507;-1289.52;575.675;-1156.11
-0.378839;0.128377;0;431.156;-1293.83;577.608;-1159.99
-0.380423;0.123607;0;432.688;-1297.83;579.391;-1163.57
-0.381946;0.118817;0;434.221;-1301.84;581.175;-1167.16
-0.383409;0.114008;0;435.756;-1305.84;582.96;-1170.74
-0.384811;0.109181;0;437.292;-1309.85;584.746;-1174.33
-0.386153;0.104337;0;438.828;-1313.85;586.532;-1177.92
-0.387433;0.099476;0;440.365;-1317.85;588.319;-1181.5
-0.388653;0.0945996;0;441.903;-1321.86;590.105;-1185.09
-0.389811;0.0897083;0;443.441;-1325.85;591.89;-1188.68
-0.390907;0.0848028;0;444.978;-1329.85;593.675;-1192.26
-0.391942;0.079884;0;446.515;-1333.84;595.459;-1195.84
-0.392915;0.0749525;0;448.052;-1337.83;597.242;-1199.42
-0.393826;0.0700092;0;449.587;-1341.81;599.022;-1203
-0.394674;0.0650549;0;451.109;-1345.76;600.787;-1206.54
-0.395461;0.0600902;0;451.719;-1347.32;601.484;-1207.94
-0.396185;0.0551161;0;452.217;-1348.65;602.07;-1209.12
-0.396846;0.0501333;0;452.716;-1349.97;602.656;-1210.3
-0.397445;0.0451426;0;453.216;-1351.3;603.241;-1211.47
-0.39798;0.0401447;0;453.717;-1352.62;603.827;-1212.65
-0.398453;0.0351405;0;454.233;-1353.85;604.398;-1213.8
-0.398864;0.0301307;0;454.733;-1355.06;604.952;-1214.91
-0.399211;0.0251162;0;455.225;-1356.27;605.501;-1216.01
-0.399495;0.0200977;0;455.715;-1357.49;606.05;-1217.11
-0.399716;0.0150761;0;456.206;-1358.7;606.598;-1218.21
-0.399874;0.010052;0;456.695;-1359.92;607.146;-1219.31
-0.399968;0.00502642;0;457.183;-1361.13;607.692;-1220.41
-0.4;4.89859e-17;0;457.67;-1362.34;608.238;-1221.51
-0.399968;-0.00502642;0;457.336;-1361.5;607.86;-1220.75
-0.399874;-0.010052;0;456.827;-1360.22;607.284;-1219.59
-0.399716;-0.0150761;0;456.318;-1358.93;606.708;-1218.43
-0.399495;-0.0200977;0;455.807;-1357.65;606.131;-1217.27
-0.399211;-0.0251162;0;455.296;-1356.36;605.553;-1216.11
-0.398864;-0.0301307;0;454.784;-1355.07;604.975;-1214.95
-0.398453;-0.0351405;0;454.271;-1353.79;604.396;-1213.79
-0.39798;-0.0401447;0;453.757;-1352.51;603.817;-1212.63
-0.397445;-0.0451426;0;453.243;-1351.22;603.238;-1211.47
-0.396846;-0.0501333;0;452.728;-1349.94;602.658;-1210.3
-0.396185;-0.0551161;0;452.213;-1348.66;602.079;-1209.14
-0.395461;-0.0600902;0;451.697;-1347.38;601.499;-1207.97
-0.394674;-0.0650549;0;451.181;-1346.1;600.918;-1206.81
-0.393826;-0.0700092;0;449.71;-1342.22;599.197;-1203.35
-0.392915;-0.0749525;0;448.204;-1338.25;597.433;-1199.81
-0.391942;-0.079884;0;446.696;-1334.27;595.667;-1196.26
-0.390907;-0.0848028;0;445.186;-1330.3;593.899;-1192.71
-0.389811;-0.0897083;0;443.675;-1326.32;592.131;-1189.16
-0.388653;-0.0945996;0;442.163;-1322.34;590.361;-1185.61
-0.387433;-0.099476;0;440.651;-1318.36;588.591;-1182.05
-0.386153;-0.104337;0;439.137;-1314.38;586.821;-1178.5
-0.384811;-0.109181;0;437.624;-1310.4;585.051;-1174.94
-0.383409;-0.114008;0;436.11;-1306.43;583.281;-1171.39
-0.381946;-0.118817;0;434.596;-1302.45;581.512;-1167.83
-0.380423;-0.123607;0;433.083;-1298.48;579.744;-1164.28
-0.378839;-0.128377;0;431.49;-1294.32;577.884;-1160.55
-0.377196;-0.133128;0;429.183;-1288.39;575.215;-1155.19
-0.375494;-0.137857;0;426.874;-1282.45;572.545;-1149.82
-0.373732;-0.142565;0;424.563;-1276.52;569.873;-1144.46
-0.371911;-0.14725;0;422.136;-1269.93;566.938;-1138.56
-0.370031;-0.151912;0;419.7;-1263.2;563.966;-1132.6
-0.368093;-0.156549;0;417.264;-1256.46;560.992;-1126.62
-0.366096;-0.161163;0;414.828;-1249.72;558.018;-1120.65
-0.364042;-0.16575;0;412.391;-1242.98;555.042;-1114.68
-0.361931;-0.170312;0;409.955;-1236.23;552.067;-1108.7
-0.359762;-0.174846;0;407.52;-1229.49;549.092;-1102.72
-0.357537;-0.179353;0;405.086;-1222.74;546.117;-1096.75
-0.355255;-0.183832;0;402.184;-1215.39;542.745;-1089.98
-0.352916;-0.188282;0;399.213;-1207.87;539.294;-1083.05
-0.350523;-0.192701;0;396.161;-1199.87;535.676;-1075.78
-0.348074;-0.197091;0;392.953;-1191.34;531.84;-1068.08
-0.345569;-0.201449;0;389.744;-1182.81;528.001;-1060.37
-0.343011;-0.205776;0;386.534;-1174.28;524.161;-1052.66
-0.340398;-0.21007;0;383.324;-1165.74;520.32;-1044.94
-0.337731;-0.214331;0;380.114;-1157.2;516.48;-1037.23
-0.335011;-0.218558;0;376.906;-1148.66;512.639;-1029.52
-0.332238;-0.22275;0;373.698;-1140.12;508.801;-1021.81
-0.329413;-0.226908;0;370.493;-1131.59;504.963;-1014.1
-0.326536;-0.231029;0;367.306;-1122.61;501.007;-1006.16
-0.323607;-0.235114;0;364.072;-1113.55;496.996;-998.102
-0.320627;-0.239162;0;360.839;-1104.49;492.987;-990.051
-0.317596;-0.243172;0;357.606;-1095.39;488.964;-981.972
-0.314515;-0.247144;0;353.923;-1084.68;484.263;-972.532
-0.311385;-0.251077;0;349.97;-1073.44;479.25;-962.463
-0.308205;-0.25497;0;346.013;-1062.18;474.232;-952.386
-0.304977;-0.258822;0;342.053;-1050.93;469.211;-942.302
-0.301701;-0.262634;0;338.091;-1039.66;464.187;-932.213
-0.298376;-0.266405;0;334.127;-1028.39;459.161;-922.12
-0.295005;-0.270133;0;330.162;-1017.13;454.135;-912.025
-0.291587;-0.273819;0;326.197;-1005.86;449.108;-901.93
-0.288124;-0.277461;0;322.232;-994.593;444.082;-891.837
-0.284614;-0.28106;0;318.268;-983.332;439.057;-881.745
-0.28106;-0.284614;0;314.305;-972.077;434.034;-871.659
-0.277461;-0.288124;0;310.176;-960.102;428.726;-860.998
-0.273819;-0.291587;0;305.955;-947.842;423.293;-850.088
-0.270133;-0.295005;0;301.551;-935.098;417.578;-838.609
-0.266405;-0.298376;0;297.052;-922.055;411.729;-826.864
-0.262634;-0.301701;0;292.549;-909.006;405.878;-815.112
-0.258822;-0.304977;0;288.045;-895.952;400.024;-803.357
-0.25497;-0.308205;0;283.541;-882.897;394.17;-791.599
-0.251077;-0.311385;0;279.035;-869.842;388.315;-779.842
-0.247144;-0.314515;0;274.531;-856.789;382.461;-768.086
-0.243172;-0.317596;0;270.027;-843.74;376.609;-756.333
-0.239162;-0.320627;0;265.526;-830.698;370.759;-744.585
-0.235114;-0.323607;0;261.027;-817.664;364.913;-732.845
-0.231029;-0.326536;0;256.531;-804.64;359.072;-721.114
-0.226908;-0.329413;0;252.009;-791.074;353.057;-709.034
-0.22275;-0.332238;0;247.296;-776.42;346.632;-696.13
-0.218558;-0.335011;0;242.41;-761.673;340.036;-682.884
-0.214331;-0.337731;0;237.476;-746.787;333.375;-669.508
-0.21007;-0.340398;0;232.538;-731.894;326.711;-656.124
-0.205776;-0.343011;0;227.599;-716.996;320.044;-642.736
-0.201449;-0.345569;0;222.659;-702.097;313.377;-629.345
-0.197091;-0.348074;0;217.718;-687.197;306.709;-615.954
-0.192701;-0.350523;0;212.778;-672.3;300.041;-602.564
-0.188282;-0.352916;0;207.839;-657.408;293.376;-589.179
-0.183832;-0.355255;0;202.902;-642.523;286.714;-575.799
-0.179353;-0.357537;0;197.968;-627.648;280.055;-562.427
-0.174846;-0.359762;0;193.038;-612.785;273.402;-549.065
-0.170312;-0.361931;0;188.032;-597.012;266.449;-535.101
-0.16575;-0.364042;0;182.85;-580.84;259.231;-520.605
-0.161163;-0.366096;0;177.614;-564.513;251.936;-505.956
-0.156549;-0.368093;0;172.374;-548.177;244.637;-491.297
-0.151912;-0.370031;0;167.131;-531.833;237.334;-476.631
-0.14725;-0.371911;0;161.887;-515.485;230.029;-461.96
-0.142565;-0.373732;0;156.642;-499.133;222.722;-447.286
-0.137857;-0.375494;0;151.396;-482.782;215.415;-432.612
-0.133128;-0.377196;0;146.151;-466.434;208.11;-417.941
-0.128377;-0.378839;0;140.908;-450.091;200.807;-403.274
-0.123607;-0.380423;0;135.667;-433.755;193.507;-388.614
-0.118817;-0.381946;0;130.429;-417.431;186.211;-373.962
-0.114008;-0.383409;0;125.195;-401.119;178.921;-359.322
-0.109181;-0.384811;0;119.977;-384.823;171.644;-344.708
-0.104337;-0.386153;0;114.587;-367.546;163.958;-329.272
-0.099476;-0.387433;0;109.172;-350.278;156.251;-313.795
-0.0945996;-0.388653;0;103.753;-333;148.54;-298.309
-0.0897083;-0.389811;0;98.3328;-315.716;140.826;-282.817
-0.0848028;-0.390907;0;92.9139;-298.449;133.116;-267.333
-0.079884;-0.391942;0;87.4902;-281.141;125.391;-251.82
-0.0749525;-0.392915;0;82.0646;-263.817;117.662;-236.297
-0.0700092;-0.393826;0;76.64;-246.495;109.934;-220.777
-0.0650549;-0.394674;0;71.2172;-229.177;102.208;-205.261
-0.0600902;-0.395461;0;65.7971;-211.867;94.4856;-189.753
-0.0551161;-0.396185;0;60.3804;-194.567;86.768;-174.254
-0.0501333;-0.396846;0;54.8809;-177.175;78.9546;-158.562
-0.0451426;-0.397445;0;49.3911;-159.484;71.0633;-142.714
-0.0401447;-0.39798;0;43.8983;-141.783;63.1675;-126.857
-0.0351405;-0.398453;0;38.4032;-124.075;55.2685;-110.994
-0.0301307;-0.398864;0;32.9158;-106.388;47.3804;-95.1527
-0.0251162;-0.399211;0;27.4162;-88.6608;39.4739;-79.2742
-0.0200977;-0.399495;0;21.9162;-70.9324;31.5668;-63.3947
-0.0150761;-0.399716;0;16.4168;-53.2057;23.6605;-47.5166
-0.010052;-0.399874;0;10.9187;-35.4833;15.7561;-31.6425
-0.00502642;-0.399968;0;5.42295;-17.7683;7.85496;-15.7749
-7.34788e-17;-0.4;0;-0.0697203;-0.0632521;-0.0417188;0.0837827
0.00502642;-0.399968;0;-5.52658;17.4818;-7.87588;15.8169
0.010052;-0.399874;0;-11.0226;35.0481;-15.7403;31.6108
0.0150761;-0.399716;0;-16.5233;52.629;-23.6113;47.4179
0.0200977;-0.399495;0;-22.0276;70.2218;-31.4876;63.2356
0.0251162;-0.399211;0;-27.5347;87.8235;-39.368;79.0615
0.0301307;-0.398864;0;-33.0438;105.432;-47.2512;94.8931
0.0351405;-0.398453;0;-38.554;123.043;-55.1359;110.728
0.0401447;-0.39798;0;-44.0643;140.655;-63.021;126.563
0.0451426;-0.397445;0;-49.5741;158.265;-70.9051;142.397
0.0501333;-0.396846;0;-55.0823;175.871;-78.7871;158.226
0.0551161;-0.396185;0;-60.4953;193.676;-86.6268;173.97
0.0600902;-0.395461;0;-65.926;211.549;-94.4938;189.769
0.0650549;-0.394674;0;-71.2492;228.738;-102.122;205.089
0.0700092;-0.393826;0;-76.6586;246.19;-109.87;220.649
0.0749525;-0.392915;0;-82.0685;263.644;-117.619;236.211
0.079884;-0.391942;0;-87.4781;281.097;-125.368;251.772
0.0848028;-0.390907;0;-92.8096;298.088;-132.946;266.992
0.0897083;-0.389811;0;-98.2322;315.111;-140.584;282.332
0.0945996;-0.388653;0;-103.656;332.138;-148.225;297.675
0.099476;-0.387433;0;-109.081;349.166;-155.866;313.02
0.104337;-0.386153;0;-114.506;366.192;-163.506;328.365
0.109181;-0.384811;0;-119.93;383.215;-171.145;343.706
0.114008;-0.383409;0;-125.353;400.231;-178.781;359.041
0.118817;-0.381946;0;-130.523;416.483;-186.036;373.61
0.123607;-0.380423;0;-135.747;432.923;-193.351;388.301
0.128377;-0.378839;0;-140.974;449.371;-200.67;402.999
0.133128;-0.377196;0;-146.203;465.825;-207.991;417.702
0.137857;-0.375494;0;-151.433;482.281;-215.314;432.409
0.142565;-0.373732;0;-156.663;498.739;-222.637;447.116
0.14725;-0.371911;0;-161.893;515.194;-229.96;461.822
0.151912;-0.370031;0;-167.122;531.645;-237.28;476.523
0.156549;-0.368093;0;-172.348;548.088;-244.598;491.219
0.161163;-0.366096;0;-177.572;564.521;-251.911;505.906
0.16575;-0.364042;0;-182.792;580.942;-259.219;520.582
0.170312;-0.361931;0;-188.003;596.891;-266.392;534.987
0.174846;-0.359762;0;-193.144;612.217;-273.338;548.937
0.179353;-0.357537;0;-198.065;627.22;-280.022;562.36
0.183832;-0.355255;0;-202.99;642.233;-286.71;575.792
0.188282;-0.352916;0;-207.918;657.252;-293.402;589.231
0.192701;-0.350523;0;-212.848;672.275;-300.096;602.675
0.197091;-0.348074;0;-217.779;687.3;-306.792;616.121
0.201449;-0.345569;0;-222.71;702.325;-313.487;629.567
0.205776;-0.343011;0;-227.642;717.347;-320.182;643.012
0.21007;-0.340398;0;-232.572;732.364;-326.874;656.452
0.214331;-0.337731;0;-237.5;747.373;-333.564;669.887
0.218558;-0.335011;0;-242.426;762.372;-340.25;683.314
0.22275;-0.332238;0;-247.349;777.359;-346.93;696.73
0.226908;-0.329413;0;-252.185;791.405;-353.303;709.528
0.231029;-0.326536;0;-256.667;804.579;-359.175;721.321
0.235114;-0.323607;0;-261.153;817.764;-365.053;733.125
0.239162;-0.320627;0;-265.642;830.956;-370.934;744.936
0.243172;-0.317596;0;-270.134;844.154;-376.818;756.753
0.247144;-0.314515;0;-274.627;857.356;-382.705;768.575
0.251077;-0.311385;0;-279.122;870.559;-388.592;780.398
0.25497;-0.308205;0;-283.618;883.763;-394.48;792.222
0.258822;-0.304977;0;-288.113;896.964;-400.367;804.045
0.262634;-0.301701;0;-292.607;910.16;-406.252;815.864
0.266405;-0.298376;0;-297.1;923.35;-412.135;827.679
0.270133;-0.295005;0;-301.59;936.531;-418.014;839.486
0.273819;-0.291587;0;-306.077;949.701;-423.889;851.284
0.277461;-0.288124;0;-310.526;962.54;-429.65;862.854
0.28106;-0.284614;0;-314.587;973.917;-434.766;873.128
0.284614;-0.28106;0;-318.52;985.067;-439.738;883.112
0.288124;-0.277461;0;-322.456;996.221;-444.711;893.101
0.291587;-0.273819;0;-326.395;1007.38;-449.687;903.094
0.295005;-0.270133;0;-330.334;1018.53;-454.664;913.088
0.298376;-0.266405;0;-334.275;1029.69;-459.641;923.083
0.301701;-0.262634;0;-338.216;1040.84;-464.617;933.077
0.304977;-0.258822;0;-342.156;1051.99;-469.592;943.069
0.308205;-0.25497;0;-346.096;1063.13;-474.565;953.056
0.311385;-0.251077;0;-350.034;1074.27;-479.535;963.037
0.314515;-0.247144;0;-353.97;1085.39;-484.502;973.011
0.317596;-0.243172;0;-357.814;1096;-489.29;982.628
0.320627;-0.239162;0;-361.051;1104.86;-493.24;990.559
0.323607;-0.235114;0;-364.29;1113.72;-497.193;998.498
0.326536;-0.231029;0;-367.532;1122.58;-501.148;1006.44
0.329413;-0.226908;0;-370.776;1131.45;-505.106;1014.39
0.332238;-0.22275;0;-374.022;1140.32;-509.065;1022.34
0.335011;-0.218558;0;-377.269;1149.19;-513.024;1030.29
0.337731;-0.214331;0;-380.517;1158.05;-516.984;1038.24
0.340398;-0.21007;0;-383.765;1166.92;-520.944;1046.2
0.343011;-0.205776;0;-387.013;1175.78;-524.902;1054.15
0.345569;-0.201449;0;-390.26;1184.64;-528.859;1062.09
0.348074;-0.197091;0;-393.505;1193.49;-532.813;1070.03
0.350523;-0.192701;0;-396.748;1202.33;-536.764;1077.97
0.352916;-0.188282;0;-399.99;1211.17;-540.712;1085.9
0.355255;-0.183832;0;-402.852;1218.77;-544.132;1092.76
0.357537;-0.179353;0;-405.269;1225.26;-547.022;1098.57
0.359762;-0.174846;0;-407.689;1231.75;-549.913;1104.38
0.361931;-0.170312;0;-410.079;1237.83;-552.678;1109.93
0.364042;-0.16575;0;-412.451;1243.91;-555.423;1115.44
0.366096;-0.161163;0;-414.823;1249.98;-558.169;1120.95
0.368093;-0.156549;0;-417.195;1256.06;-560.915;1126.47
0.370031;-0.151912;0;-419.566;1262.14;-563.661;1131.98
0.371911;-0.14725;0;-421.937;1268.22;-566.406;1137.5
0.373732;-0.142565;0;-424.307;1274.3;-569.151;1143.01
0.375494;-0.137857;0;-426.675;1280.38;-571.894;1148.52
0.377196;-0.133128;0;-429.041;1286.45;-574.635;1154.02
0.378839;-0.128377;0;-431.346;1292.59;-577.362;1159.5
0.380423;-0.123607;0;-433.348;1298.24;-579.816;1164.43
0.381946;-0.118817;0;-434.798;1302.25;-581.571;1167.95
0.383409;-0.114008;0;-436.249;1306.27;-583.328;1171.48
0.384811;-0.109181;0;-437.701;1310.29;-585.084;1175.01
0.386153;-0.104337;0;-439.093;1314.13;-586.752;1178.36
0.387433;-0.099476;0;-440.466;1317.41;-588.256;1181.38
0.388653;-0.0945996;0;-441.84;1320.69;-589.76;1184.4
0.389811;-0.0897083;0;-443.215;1323.97;-591.264;1187.42
0.390907;-0.0848028;0;-444.591;1327.25;-592.769;1190.44
0.391942;-0.079884;0;-445.967;1330.53;-594.273;1193.46
0.392915;-0.0749525;0;-447.343;1333.8;-595.776;1196.48
0.393826;-0.0700092;0;-448.719;1337.07;-597.279;1199.5
0.394674;-0.0650549;0;-450.095;1340.34;-598.781;1202.52
0.395461;-0.0600902;0;-451.471;1343.6;-600.282;1205.53
0.396185;-0.0551161;0;-452.243;1345.63;-601.19;1207.35
0.396846;-0.0501333;0;-452.774;1347.19;-601.866;1208.71
0.397445;-0.0451426;0;-453.305;1348.73;-602.542;1210.07
0.39798;-0.0401447;0;-453.757;1349.72;-603.018;1211.02
0.398453;-0.0351405;0;-454.126;1350.3;-603.329;1211.65
0.398864;-0.0301307;0;-454.496;1350.88;-603.64;1212.27
0.399211;-0.0251162;0;-454.866;1351.46;-603.95;1212.9
0.399495;-0.0200977;0;-455.236;1352.04;-604.261;1213.52
0.399716;-0.0150761;0;-455.606;1352.62;-604.572;1214.14
0.399874;-0.010052;0;-455.976;1353.19;-604.883;1214.77
0.399968;-0.00502642;0;-456.347;1353.77;-605.194;1215.39
