0.4;0;0;-537.557;1345.09;-605.499;1216.01
0.399968;0.00502642;0;-537.766;1344.3;-605.176;1215.36
0.399874;0.010052;0;-537.978;1343.49;-604.846;1214.69
0.399716;0.0150761;0;-538.191;1342.68;-604.516;1214.03
0.399495;0.0200977;0;-538.404;1341.87;-604.186;1213.37
0.399211;0.0251162;0;-538.617;1341.06;-603.857;1212.71
0.398864;0.0301307;0;-538.83;1340.24;-603.527;1212.05
0.398453;0.0351405;0;-539.043;1339.43;-603.197;1211.38
0.39798;0.0401447;0;-539.256;1338.62;-602.868;1210.72
0.397445;0.0451426;0;-538.551;1337.14;-602.262;1209.51
0.396846;0.0501333;0;-537.358;1335.49;-601.511;1208
0.396185;0.0551161;0;-536.163;1333.85;-600.76;1206.49
0.395461;0.0600902;0;-534.967;1332.2;-600.009;1204.98
0.394674;0.0650549;0;-533.976;1329.18;-598.657;1202.27
0.393826;0.0700092;0;-532.976;1325.86;-597.179;1199.3
0.392915;0.0749525;0;-531.975;1322.54;-595.699;1196.33
0.391942;0.079884;0;-530.971;1319.23;-594.219;1193.35
0.390907;0.0848028;0;-529.965;1315.92;-592.738;1190.38
0.389811;0.0897083;0;-528.957;1312.61;-591.257;1187.4
0.388653;0.0945996;0;-527.948;1309.31;-589.777;1184.43
0.387433;0.099476;0;-526.937;1306.01;-588.296;1181.46
0.386153;0.104337;0;-525.511;1302.77;-586.735;1178.32
0.384811;0.109181;0;-523.225;1298.91;-584.911;1174.66
0.383409;0.114008;0;-520.939;1295.06;-583.087;1171
0.381946;0.118817;0;-518.653;1291.2;-581.263;1167.33
0.380423;0.123607;0;-516.369;1287.33;-579.441;1163.67
0.378839;0.128377;0;-513.75;1282.34;-577.048;1158.87
0.377196;0.133128;0;-510.875;1276.58;-574.287;1153.32
0.375494;0.137857;0;-508.368;1270.47;-571.544;1147.81
0.373732;0.142565;0;-505.866;1264.34;-568.8;1142.3
0.371911;0.14725;0;-503.362;1258.21;-566.055;1136.79
0.370031;0.151912;0;-500.857;1252.08;-563.308;1131.28
0.368093;0.156549;0;-498.352;1245.93;-560.562;1125.76
0.366096;0.161163;0;-495.846;1239.79;-557.815;1120.24
0.364042;0.16575;0;-493.341;1233.64;-555.069;1114.73
0.361931;0.170312;0;-490.836;1227.49;-552.323;1109.21
0.359762;0.174846;0;-488.332;1221.33;-549.579;1103.7
0.357537;0.179353;0;-485.829;1215.18;-546.836;1098.2
0.355255;0.183832;0;-483.329;1209.03;-544.096;1092.69
0.352916;0.188282;0;-480.184;1201.67;-540.748;1085.97
0.350523;0.192701;0;-476.398;1192.97;-536.805;1078.05
0.348074;0.197091;0;-472.608;1184.26;-532.858;1070.12
0.345569;0.201449;0;-468.814;1175.54;-528.909;1062.19
0.343011;0.205776;0;-465.019;1166.81;-524.957;1054.26
0.340398;0.21007;0;-461.222;1158.07;-521.004;1046.32
0.337731;0.214331;0;-457.424;1149.33;-517.05;1038.38
0.335011;0.218558;0;-453.625;1140.58;-513.095;1030.43
0.332238;0.22275;0;-449.826;1131.84;-509.14;1022.49
0.329413;0.226908;0;-446.028;1123.09;-505.186;1014.55
0.326536;0.231029;0;-442.231;1114.34;-501.234;1006.61
0.323607;0.235114;0;-438.429;1105.5;-497.279;998.67
0.320627;0.239162;0;-434.553;1096.76;-493.312;990.704
0.317596;0.243172;0;-430.677;1088.02;-489.349;982.745
0.314515;0.247144;0;-426.337;1077.84;-484.765;973.539
0.311385;0.251077;0;-421.701;1066.85;-479.805;963.578
0.308205;0.25497;0;-417.06;1055.85;-474.841;953.61
0.304977;0.258822;0;-412.399;1044.87;-469.873;943.631
0.301701;0.262634;0;-407.702;1033.93;-464.897;933.638
0.298376;0.266405;0;-402.999;1022.95;-459.916;923.635
0.295005;0.270133;0;-398.287;1011.93;-454.929;913.62
0.291587;0.273819;0;-393.574;1000.9;-449.942;903.606
0.288124;0.277461;0;-388.862;989.864;-444.956;893.593
0.284614;0.28106;0;-384.151;978.832;-439.972;883.583
0.28106;0.284614;0;-379.442;967.801;-434.99;873.578
0.277461;0.288124;0;-374.701;956.614;-429.918;863.391
0.273819;0.291587;0;-369.371;943.616;-424.05;851.608
0.270133;0.295005;0;-364.035;930.605;-418.178;839.814
0.266405;0.298376;0;-358.695;917.582;-412.3;828.011
0.262634;0.301701;0;-353.352;904.549;-406.42;816.2
0.258822;0.304977;0;-348.007;891.508;-400.536;804.385
0.25497;0.308205;0;-342.659;878.462;-394.651;792.566
0.251077;0.311385;0;-337.307;865.361;-388.763;780.742
0.247144;0.314515;0;-331.951;852.258;-382.875;768.916
0.243172;0.317596;0;-326.564;839.199;-376.981;757.08
0.239162;0.320627;0;-321.179;826.146;-371.09;745.249
0.235114;0.323607;0;-315.794;813.102;-365.201;733.423
0.231029;0.326536;0;-310.412;800.069;-359.317;721.605
0.226908;0.329413;0;-305.034;787.048;-353.437;709.797
0.22275;0.332238;0;-299.415;772.992;-347.135;697.141
0.218558;0.335011;0;-293.504;758.151;-340.45;683.717
0.214331;0.337731;0;-287.587;743.301;-333.761;670.282
0.21007;0.340398;0;-281.665;728.444;-327.067;656.839
0.205776;0.343011;0;-275.74;713.582;-320.37;643.39
0.201449;0.345569;0;-269.811;698.718;-313.671;629.937
0.197091;0.348074;0;-263.881;683.855;-306.971;616.482
0.192701;0.350523;0;-257.95;668.993;-300.272;603.027
0.188282;0.352916;0;-252.019;654.137;-293.573;589.574
0.183832;0.355255;0;-246.089;639.288;-286.877;576.126
0.179353;0.357537;0;-240.16;624.448;-280.184;562.685
0.174846;0.359762;0;-234.234;609.62;-273.495;549.252
0.170312;0.361931;0;-228.379;594.387;-266.698;535.602
0.16575;0.364042;0;-221.861;578.162;-259.383;520.911
0.161163;0.366096;0;-215.281;561.881;-252.031;506.147
0.156549;0.368093;0;-208.695;545.583;-244.673;491.369
0.151912;0.370031;0;-202.102;529.271;-237.307;476.577
0.14725;0.371911;0;-195.506;512.948;-229.937;461.776
0.142565;0.373732;0;-188.905;496.616;-222.563;446.966
0.137857;0.375494;0;-182.303;480.278;-215.186;432.151
0.133128;0.377196;0;-175.698;463.936;-207.807;417.333
0.128377;0.378839;0;-169.094;447.593;-200.428;402.514
0.123607;0.380423;0;-162.49;431.252;-193.05;387.696
0.118817;0.381946;0;-156.263;415.193;-185.821;373.18
0.114008;0.383409;0;-149.977;398.207;-178.198;357.871
0.109181;0.384811;0;-143.688;381.214;-170.572;342.555
0.104337;0.386153;0;-137.398;364.216;-162.944;327.236
0.099476;0.387433;0;-131.106;347.216;-155.315;311.914
0.0945996;0.388653;0;-124.815;330.216;-147.686;296.593
0.0897083;0.389811;0;-118.525;313.22;-140.058;281.275
0.0848028;0.390907;0;-112.237;296.23;-132.434;265.962
0.079884;0.391942;0;-105.953;279.249;-124.813;250.658
0.0749525;0.392915;0;-99.6724;262.279;-117.197;235.363
0.0700092;0.393826;0;-93.3972;245.323;-109.587;220.081
0.0650549;0.394674;0;-87.1282;228.384;-101.985;204.814
0.0600902;0.395461;0;-80.8664;211.464;-94.3921;189.565
0.0551161;0.396185;0;-74.6128;194.567;-86.8088;174.336
0.0501333;0.396846;0;-68.0158;177.214;-78.9727;158.599
0.0451426;0.397445;0;-61.3944;159.656;-71.0909;142.77
0.0401447;0.39798;0;-54.7653;142.077;-63.2001;126.923
0.0351405;0.398453;0;-48.1297;124.481;-55.3015;111.06
0.0301307;0.398864;0;-41.4885;106.871;-47.3964;95.1848
0.0251162;0.399211;0;-34.8429;89.2486;-39.486;79.2987
0.0200977;0.399495;0;-28.1939;71.6174;-31.5717;63.4044
0.0150761;0.399716;0;-21.5425;53.98;-23.6545;47.5047
0.010052;0.399874;0;-14.8898;36.3392;-15.7358;31.6018
0.00502642;0.399968;0;-8.23683;18.6977;-7.81691;15.6985
2.44929e-17;0.4;0;-1.58465;1.05837;0.101042;-0.202919
-0.00502642;0.399968;0;5.06569;-16.576;8.01676;-16.0998
-0.010052;0.399874;0;11.7131;-34.2027;15.929;-31.9897
-0.0150761;0.399716;0;18.3567;-51.8189;23.8365;-47.8701
-0.0200977;0.399495;0;24.9952;-69.4218;31.738;-63.7385
-0.0251162;0.399211;0;31.6277;-87.0087;39.6323;-79.5924
-0.0301307;0.398864;0;38.2531;-104.577;47.5181;-95.4292
-0.0351405;0.398453;0;44.8047;-121.696;55.3267;-111.111
-0.0401447;0.39798;0;51.3326;-138.637;63.0897;-126.701
-0.0451426;0.397445;0;57.8797;-155.944;70.8436;-142.273
-0.0501333;0.396846;0;64.4322;-173.265;78.6037;-157.857
-0.0551161;0.396185;0;70.989;-190.596;86.3688;-173.452
-0.0600902;0.395461;0;77.5491;-207.936;94.1376;-189.054
-0.0650549;0.394674;0;84.1114;-225.28;101.909;-204.661
-0.0700092;0.393826;0;90.6749;-242.627;109.682;-220.271
-0.0749525;0.392915;0;97.2386;-259.974;117.455;-235.881
-0.079884;0.391942;0;103.801;-277.318;125.226;-251.489
-0.0848028;0.390907;0;110.362;-294.656;132.996;-267.092
-0.0897083;0.389811;0;116.92;-311.986;140.762;-282.687
-0.0945996;0.388653;0;123.474;-329.304;148.523;-298.273
-0.099476;0.387433;0;130.023;-346.609;156.277;-313.848
-0.104337;0.386153;0;136.502;-363.339;163.914;-329.184
-0.109181;0.384811;0;142.886;-379.419;171.321;-344.059
-0.114008;0.383409;0;149.257;-395.71;178.647;-358.771
-0.118817;0.381946;0;155.633;-412.013;185.978;-373.494
-0.123607;0.380423;0;162.012;-428.325;193.313;-388.225
-0.128377;0.378839;0;168.395;-444.644;200.652;-402.964
-0.133128;0.377196;0;174.78;-460.967;207.993;-417.707
-0.137857;0.375494;0;181.166;-477.291;215.336;-432.452
-0.142565;0.373732;0;187.552;-493.614;222.678;-447.197
-0.14725;0.371911;0;193.936;-509.933;230.019;-461.939
-0.151912;0.370031;0;200.277;-526.139;237.327;-476.617
-0.156549;0.368093;0;206.538;-542.423;244.64;-491.303
-0.161163;0.366096;0;212.796;-558.7;251.949;-505.981
-0.16575;0.364042;0;219.048;-574.967;259.253;-520.649
-0.170312;0.361931;0;225.294;-591.222;266.55;-535.305
-0.174846;0.359762;0;231.137;-607.084;273.533;-549.328
-0.179353;0.357537;0;236.982;-621.798;280.181;-562.68
-0.183832;0.355255;0;242.831;-636.525;286.835;-576.042
-0.188282;0.352916;0;248.682;-651.263;293.493;-589.413
-0.192701;0.350523;0;254.533;-666.01;300.153;-602.789
-0.197091;0.348074;0;260.386;-680.764;306.816;-616.169
-0.201449;0.345569;0;266.237;-695.522;313.479;-629.551
-0.205776;0.343011;0;272.087;-710.282;320.142;-642.933
-0.21007;0.340398;0;277.934;-725.041;326.804;-656.312
-0.214331;0.337731;0;283.778;-739.797;333.464;-669.686
-0.218558;0.335011;0;289.617;-754.549;340.12;-683.054
-0.22275;0.332238;0;295.363;-769.261;346.678;-696.223
-0.226908;0.329413;0;300.961;-784.292;353.109;-709.138
-0.231029;0.326536;0;306.278;-797.107;358.91;-720.789
-0.235114;0.323607;0;311.677;-810.082;364.792;-732.6
-0.239162;0.320627;0;317.08;-823.067;370.677;-744.42
-0.243172;0.317596;0;322.484;-836.06;376.566;-756.246
-0.247144;0.314515;0;327.889;-849.06;382.456;-768.075
-0.251077;0.311385;0;333.294;-862.063;388.348;-779.907
-0.25497;0.308205;0;338.699;-875.069;394.24;-791.74
-0.258822;0.304977;0;344.102;-888.074;400.131;-803.571
-0.262634;0.301701;0;349.502;-901.078;406.02;-815.398
-0.266405;0.298376;0;354.9;-914.077;411.907;-827.221
-0.270133;0.295005;0;360.293;-927.07;417.79;-839.036
-0.273819;0.291587;0;365.681;-940.055;423.669;-850.842
-0.277461;0.288124;0;370.368;-952.628;429.17;-861.89
-0.28106;0.284614;0;374.929;-964.505;434.373;-872.339
-0.284614;0.28106;0;379.799;-975.562;439.386;-882.407
-0.288124;0.277461;0;384.67;-986.627;444.402;-892.479
-0.291587;0.273819;0;389.539;-997.699;449.419;-902.554
-0.295005;0.270133;0;394.407;-1008.78;454.436;-912.631
-0.298376;0.266405;0;399.273;-1019.86;459.453;-922.707
-0.301701;0.262634;0;404.136;-1030.94;464.47;-932.781
-0.304977;0.258822;0;408.995;-1042.02;469.484;-942.851
-0.308205;0.25497;0;413.849;-1053.1;474.496;-952.917
-0.311385;0.251077;0;418.699;-1064.17;479.505;-962.976
-0.314515;0.247144;0;423.542;-1075.24;484.509;-973.026
-0.317596;0.243172;0;427.953;-1085.87;489.161;-982.368
-0.320627;0.239162;0;431.952;-1094.66;493.136;-990.35
-0.323607;0.235114;0;435.953;-1103.46;497.114;-998.339
-0.326536;0.231029;0;439.954;-1112.26;501.094;-1006.33
-0.329413;0.226908;0;443.955;-1121.08;505.076;-1014.33
-0.332238;0.22275;0;447.956;-1129.89;509.059;-1022.33
-0.335011;0.218558;0;451.955;-1138.72;513.043;-1030.33
-0.337731;0.214331;0;455.681;-1147.57;516.967;-1038.21
-0.340398;0.21007;0;459.411;-1156.3;520.892;-1046.09
-0.343011;0.205776;0;463.14;-1165.02;524.817;-1053.98
-0.345569;0.201449;0;466.868;-1173.74;528.741;-1061.85
-0.348074;0.197091;0;470.594;-1182.45;532.662;-1069.73
-0.350523;0.192701;0;474.318;-1191.15;536.581;-1077.6
-0.352916;0.188282;0;478.038;-1199.84;540.497;-1085.46
-0.355255;0.183832;0;481.131;-1207.57;544.023;-1092.55
-0.357537;0.179353;0;484.038;-1213.96;546.9;-1098.32
-0.359762;0.174846;0;486.962;-1220.39;549.788;-1104.12
-0.361931;0.170312;0;489.886;-1226.81;552.677;-1109.92
-0.364042;0.16575;0;492.81;-1233.23;555.566;-1115.73
-0.366096;0.161163;0;495.734;-1239.64;558.455;-1121.53
-0.368093;0.156549;0;498.657;-1246.05;561.343;-1127.33
-0.370031;0.151912;0;501.578;-1252.45;564.23;-1133.13
-0.371911;0.14725;0;504.498;-1258.84;567.116;-1138.92
-0.373732;0.142565;0;507.415;-1265.22;570;-1144.71
-0.375494;0.137857;0;510.329;-1271.6;572.881;-1150.5
-0.377196;0.133128;0;513.316;-1277.63;575.675;-1156.11
-0.378839;0.128377;0;515.437;-1281.81;577.608;-1159.99
-0.380423;0.123607;0;517.307;-1285.77;579.391;-1163.57
-0.381946;0.118817;0;519.179;-1289.73;581.175;-1167.16
-0.383409;0.114008;0;521.051;-1293.7;582.96;-1170.74
-0.384811;0.109181;0;522.925;-1297.66;584.746;-1174.33
-0.386153;0.104337;0;524.798;-1301.62;586.532;-1177.92
-0.387433;0.099476;0;526.672;-1305.58;588.319;-1181.5
-0.388653;0.0945996;0;528.546;-1309.54;590.105;-1185.09
-0.389811;0.0897083;0;530.42;-1313.49;591.89;-1188.68
-0.390907;0.0848028;0;532.292;-1317.44;593.675;-1192.26
-0.391942;0.079884;0;534.164;-1321.38;595.459;-1195.84
-0.392915;0.0749525;0;536.034;-1325.31;597.242;-1199.42
-0.393826;0.0700092;0;537.903;-1329.25;599.022;-1203
-0.394674;0.0650549;0;539.75;-1333.14;600.787;-1206.54
-0.395461;0.0600902;0;540.482;-1334.69;601.484;-1207.94
-0.396185;0.0551161;0;541.164;-1336;602.07;-1209.12
-0.396846;0.0501333;0;541.846;-1337.32;602.656;-1210.3
-0.397445;0.0451426;0;542.528;-1338.62;603.241;-1211.47
-0.39798;0.0401447;0;543.21;-1339.93;603.827;-1212.65
-0.398453;0.0351405;0;543.871;-1341.07;604.398;-1213.8
-0.398864;0.0301307;0;544.437;-1342.26;604.952;-1214.91
-0.399211;0.0251162;0;544.968;-1343.5;605.501;-1216.01
-0.399495;0.0200977;0;545.497;-1344.74;606.05;-1217.11
-0.399716;0.0150761;0;546.022;-1345.98;606.598;-1218.21
-0.399874;0.010052;0;546.545;-1347.23;607.146;-1219.31
-0.399968;0.00502642;0;547.064;-1348.48;607.692;-1220.41
-0.4;4.89859e-17;0;547.58;-1349.73;608.238;-1221.51
-0.399968;-0.00502642;0;547.248;-1348.9;607.86;-1220.75
-0.399874;-0.010052;0;546.716;-1347.63;607.284;-1219.59
-0.399716;-0.0150761;0;546.181;-1346.36;606.708;-1218.43
-0.399495;-0.0200977;0;545.642;-1345.09;606.131;-1217.27
-0.399211;-0.0251162;0;545.101;-1343.83;605.553;-1216.11
-0.398864;-0.0301307;0;544.556;-1342.57;604.975;-1214.95
-0.398453;-0.0351405;0;544.009;-1341.31;604.396;-1213.79
-0.39798;-0.0401447;0;543.459;-1340.06;603.817;-1212.63
-0.397445;-0.0451426;0;542.906;-1338.81;603.238;-1211.47
-0.396846;-0.0501333;0;542.351;-1337.56;602.658;-1210.3
-0.396185;-0.0551161;0;541.793;-1336.32;602.079;-1209.14
-0.395461;-0.0600902;0;541.233;-1335.08;601.499;-1207.97
-0.394674;-0.0650549;0;540.661;-1333.84;600.918;-1206.81
-0.393826;-0.0700092;0;538.852;-1330.05;599.197;-1203.35
-0.392915;-0.0749525;0;536.987;-1326.17;597.433;-1199.81
-0.391942;-0.079884;0;535.119;-1322.29;595.667;-1196.26
-0.390907;-0.0848028;0;533.248;-1318.4;593.899;-1192.71
-0.389811;-0.0897083;0;531.373;-1314.52;592.131;-1189.16
-0.388653;-0.0945996;0;529.496;-1310.64;590.361;-1185.61
-0.387433;-0.099476;0;527.617;-1306.77;588.591;-1182.05
-0.386153;-0.104337;0;525.735;-1302.89;586.821;-1178.5
-0.384811;-0.109181;0;523.852;-1299.02;585.051;-1174.94
-0.383409;-0.114008;0;521.967;-1295.16;583.281;-1171.39
-0.381946;-0.118817;0;520.081;-1291.3;581.512;-1167.83
-0.380423;-0.123607;0;518.195;-1287.44;579.744;-1164.28
-0.378839;-0.128377;0;516.276;-1283.36;577.884;-1160.55
-0.377196;-0.133128;0;513.945;-1277.38;575.215;-1155.19
-0.375494;-0.137857;0;511.609;-1271.4;572.545;-1149.82
-0.373732;-0.142565;0;509.269;-1265.43;569.873;-1144.46
-0.371911;-0.14725;0;505.89;-1259.19;566.938;-1138.56
-0.370031;-0.151912;0;502.47;-1252.77;563.966;-1132.6
-0.368093;-0.156549;0;499.047;-1246.33;560.992;-1126.62
-0.366096;-0.161163;0;495.624;-1239.9;558.018;-1120.65
-0.364042;-0.16575;0;492.199;-1233.45;555.042;-1114.68
-0.361931;-0.170312;0;488.775;-1227;552.067;-1108.7
-0.359762;-0.174846;0;485.35;-1220.55;549.092;-1102.72
-0.357537;-0.179353;0;481.927;-1214.1;546.117;-1096.75
-0.355255;-0.183832;0;478.771;-1206.95;542.745;-1089.98
-0.352916;-0.188282;0;475.565;-1199.61;539.294;-1083.05
-0.350523;-0.192701;0;472.319;-1191.64;535.676;-1075.78
-0.348074;-0.197091;0;468.956;-1183.07;531.84;-1068.08
-0.345569;-0.201449;0;465.591;-1174.49;528.001;-1060.37
-0.343011;-0.205776;0;462.225;-1165.91;524.161;-1052.66
-0.340398;-0.21007;0;458.858;-1157.32;520.32;-1044.94
-0.337731;-0.214331;0;455.491;-1148.74;516.48;-1037.23
-0.335011;-0.218558;0;452.124;-1140.15;512.639;-1029.52
-0.332238;-0.22275;0;448.759;-1131.56;508.801;-1021.81
-0.329413;-0.226908;0;445.395;-1122.97;504.963;-1014.1
-0.326536;-0.231029;0;441.412;-1114.07;501.007;-1006.16
-0.323607;-0.235114;0;437.263;-1105.18;496.996;-998.102
-0.320627;-0.239162;0;433.115;-1096.3;492.987;-990.051
-0.317596;-0.243172;0;429.019;-1087.32;488.964;-981.972
-0.314515;-0.247144;0;424.763;-1076.43;484.263;-972.532
-0.311385;-0.251077;0;419.878;-1065.39;479.25;-962.463
-0.308205;-0.25497;0;414.987;-1054.35;474.232;-952.386
-0.304977;-0.258822;0;410.091;-1043.3;469.211;-942.302
-0.301701;-0.262634;0;405.19;-1032.24;464.187;-932.213
-0.298376;-0.266405;0;400.287;-1021.19;459.161;-922.12
-0.295005;-0.270133;0;395.381;-1010.14;454.135;-912.025
-0.291587;-0.273819;0;390.473;-999.085;449.108;-901.93
-0.288124;-0.277461;0;385.565;-988.04;444.082;-891.837
-0.284614;-0.28106;0;380.656;-977;439.057;-881.745
-0.28106;-0.284614;0;375.747;-965.969;434.034;-871.659
-0.277461;-0.288124;0;371.408;-953.757;428.726;-860.998
-0.273819;-0.291587;0;367.053;-941.213;423.293;-850.088
-0.270133;-0.295005;0;361.897;-928.634;417.578;-838.609
-0.266405;-0.298376;0;356.602;-915.761;411.729;-826.864
-0.262634;-0.301701;0;351.304;-902.884;405.878;-815.112
-0.258822;-0.304977;0;346.004;-890.003;400.024;-803.357
-0.25497;-0.308205;0;340.702;-877.122;394.17;-791.599
-0.251077;-0.311385;0;335.4;-864.241;388.315;-779.842
-0.247144;-0.314515;0;330.097;-851.364;382.461;-768.086
-0.243172;-0.317596;0;324.796;-838.491;376.609;-756.333
-0.239162;-0.320627;0;319.497;-825.626;370.759;-744.585
-0.235114;-0.323607;0;314.2;-812.769;364.913;-732.845
-0.231029;-0.326536;0;308.906;-799.924;359.072;-721.114
-0.226908;-0.329413;0;303.589;-786.32;353.057;-709.034
-0.22275;-0.332238;0;298.039;-771.405;346.632;-696.13
-0.218558;-0.335011;0;292.232;-756.811;340.036;-682.884
-0.214331;-0.337731;0;286.368;-742.09;333.375;-669.508
-0.21007;-0.340398;0;280.499;-727.362;326.711;-656.124
-0.205776;-0.343011;0;274.628;-712.632;320.044;-642.736
-0.201449;-0.345569;0;268.754;-697.901;313.377;-629.345
-0.197091;-0.348074;0;262.88;-683.171;306.709;-615.954
-0.192701;-0.350523;0;257.005;-668.445;300.041;-602.564
-0.188282;-0.352916;0;251.131;-653.725;293.376;-589.179
-0.183832;-0.355255;0;245.259;-639.014;286.714;-575.799
-0.179353;-0.357537;0;239.389;-624.314;280.055;-562.427
-0.174846;-0.359762;0;233.523;-609.626;273.402;-549.065
-0.170312;-0.361931;0;227.886;-593.559;266.449;-535.101
-0.16575;-0.364042;0;221.713;-577.499;259.231;-520.605
-0.161163;-0.366096;0;215.442;-561.323;251.936;-505.956
-0.156549;-0.368093;0;209.167;-545.137;244.637;-491.297
-0.151912;-0.370031;0;202.888;-528.945;237.334;-476.631
-0.14725;-0.371911;0;196.607;-512.749;230.029;-461.96
-0.142565;-0.373732;0;190.325;-496.551;222.722;-447.286
-0.137857;-0.375494;0;184.042;-480.354;215.415;-432.612
-0.133128;-0.377196;0;177.759;-464.16;208.11;-417.941
-0.128377;-0.378839;0;171.478;-447.972;200.807;-403.274
-0.123607;-0.380423;0;165.199;-431.793;193.507;-388.614
-0.118817;-0.381946;0;158.924;-415.625;186.211;-373.962
-0.114008;-0.383409;0;152.653;-399.471;178.921;-359.322
-0.109181;-0.384811;0;146.409;-383.308;171.644;-344.708
-0.104337;-0.386153;0;139.966;-366.064;163.958;-329.272
-0.099476;-0.387433;0;133.452;-348.926;156.251;-313.795
-0.0945996;-0.388653;0;126.934;-331.781;148.54;-298.309
-0.0897083;-0.389811;0;120.412;-314.629;140.826;-282.817
-0.0848028;-0.390907;0;113.884;-297.512;133.116;-267.333
-0.079884;-0.391942;0;107.325;-280.351;125.391;-251.82
-0.0749525;-0.392915;0;100.76;-263.168;117.662;-236.297
-0.0700092;-0.393826;0;94.1955;-245.987;109.934;-220.777
-0.0650549;-0.394674;0;87.6328;-228.809;102.208;-205.261
-0.0600902;-0.395461;0;81.0729;-211.639;94.4856;-189.753
-0.0551161;-0.396185;0;74.5168;-194.478;86.768;-174.254
-0.0501333;-0.396846;0;67.9535;-177.332;78.9546;-158.562
-0.0451426;-0.397445;0;61.3213;-159.766;71.0633;-142.714
-0.0401447;-0.39798;0;54.6852;-142.19;63.1675;-126.857
-0.0351405;-0.398453;0;48.0463;-124.607;55.2685;-110.994
-0.0301307;-0.398864;0;41.413;-107.037;47.3804;-95.1527
-0.0251162;-0.399211;0;34.7683;-89.4286;39.4739;-79.2742
-0.0200977;-0.399495;0;28.1233;-71.8191;31.5668;-63.3947
-0.0150761;-0.399716;0;21.4789;-54.2114;23.6605;-47.5166
-0.010052;-0.399874;0;14.8364;-36.6081;15.7561;-31.6425
-0.00502642;-0.399968;0;8.1967;-19.012;7.85496;-15.7749
-7.34788e-17;-0.4;0;1.56087;-1.42607;-0.0417188;0.0837827
0.00502642;-0.399968;0;-5.03506;15.975;-7.87588;15.8169
0.010052;-0.399874;0;-11.6863;33.3355;-15.7403;31.6108
0.0150761;-0.399716;0;-18.343;50.7104;-23.6113;47.4179
0.0200977;-0.399495;0;-25.004;68.0969;-31.4876;63.2356
0.0251162;-0.399211;0;-31.6683;85.4922;-39.368;79.0615
0.0301307;-0.398864;0;-38.3348;102.894;-47.2512;94.8931
0.0351405;-0.398453;0;-45.0026;120.299;-55.1359;110.728
0.0401447;-0.39798;0;-51.6705;137.704;-63.021;126.563
0.0451426;-0.397445;0;-58.3375;155.107;-70.9051;142.397
0.0501333;-0.396846;0;-65.0025;172.506;-78.7871;158.226
0.0551161;-0.396185;0;-71.1829;190.692;-86.6268;173.97
0.0600902;-0.395461;0;-77.3762;208.956;-94.4938;189.769
0.0650549;-0.394674;0;-83.8763;226.098;-102.122;205.089
0.0700092;-0.393826;0;-90.5017;243.482;-109.87;220.649
0.0749525;-0.392915;0;-97.1271;260.869;-117.619;236.211
0.079884;-0.391942;0;-103.752;278.256;-125.368;251.772
0.0848028;-0.390907;0;-110.144;295.153;-132.946;266.992
0.0897083;-0.389811;0;-116.53;312.019;-140.584;282.332
0.0945996;-0.388653;0;-122.918;328.89;-148.225;297.675
0.099476;-0.387433;0;-129.307;345.76;-155.866;313.02
0.104337;-0.386153;0;-135.695;362.63;-163.506;328.365
0.109181;-0.384811;0;-142.083;379.494;-171.145;343.706
0.114008;-0.383409;0;-148.468;396.352;-178.781;359.041
0.118817;-0.381946;0;-154.695;412.479;-186.036;373.61
0.123607;-0.380423;0;-161.067;428.812;-193.351;388.301
0.128377;-0.378839;0;-167.443;445.153;-200.67;402.999
0.133128;-0.377196;0;-173.821;461.499;-207.991;417.702
0.137857;-0.375494;0;-180.2;477.847;-215.314;432.409
0.142565;-0.373732;0;-186.58;494.196;-222.637;447.116
0.14725;-0.371911;0;-192.96;510.543;-229.96;461.822
0.151912;-0.370031;0;-199.338;526.884;-237.28;476.523
0.156549;-0.368093;0;-205.713;543.218;-244.598;491.219
0.161163;-0.366096;0;-212.085;559.542;-251.911;505.906
0.16575;-0.364042;0;-218.452;575.853;-259.219;520.582
0.170312;-0.361931;0;-224.628;591.561;-266.392;534.987
0.174846;-0.359762;0;-230.596;606.563;-273.338;548.937
0.179353;-0.357537;0;-236.532;621.47;-280.022;562.36
0.183832;-0.355255;0;-242.473;636.384;-286.71;575.792
0.188282;-0.352916;0;-248.417;651.305;-293.402;589.231
0.192701;-0.350523;0;-254.362;666.228;-300.096;602.675
0.197091;-0.348074;0;-260.309;681.153;-306.792;616.121
0.201449;-0.345569;0;-266.256;696.076;-313.487;629.567
0.205776;-0.343011;0;-272.202;710.996;-320.182;643.012
0.21007;-0.340398;0;-278.147;725.91;-326.874;656.452
0.214331;-0.337731;0;-284.089;740.815;-333.564;669.887
0.218558;-0.335011;0;-290.028;755.71;-340.25;683.314
0.22275;-0.332238;0;-295.962;770.592;-346.93;696.73
0.226908;-0.329413;0;-301.762;784.216;-353.303;709.528
0.231029;-0.326536;0;-307.14;797.297;-359.175;721.321
0.235114;-0.323607;0;-312.522;810.388;-365.053;733.125
0.239162;-0.320627;0;-317.908;823.485;-370.934;744.936
0.243172;-0.317596;0;-323.297;836.588;-376.818;756.753
0.247144;-0.314515;0;-328.688;849.693;-382.705;768.575
0.251077;-0.311385;0;-334.08;862.8;-388.592;780.398
0.25497;-0.308205;0;-339.472;875.905;-394.48;792.222
0.258822;-0.304977;0;-344.864;889.007;-400.367;804.045
0.262634;-0.301701;0;-350.254;902.104;-406.252;815.864
0.266405;-0.298376;0;-355.642;915.193;-412.135;827.679
0.270133;-0.295005;0;-361.027;928.273;-418.014;839.486
0.273819;-0.291587;0;-366.408;941.342;-423.889;851.284
0.277461;-0.288124;0;-371.614;954.041;-429.65;862.854
0.28106;-0.284614;0;-376.334;965.273;-434.766;873.128
0.284614;-0.28106;0;-381.056;976.33;-439.738;883.112
0.288124;-0.277461;0;-385.78;987.39;-444.711;893.101
0.291587;-0.273819;0;-390.505;998.451;-449.687;903.094
0.295005;-0.270133;0;-395.232;1009.51;-454.664;913.088
0.298376;-0.266405;0;-399.959;1020.57;-459.641;923.083
0.301701;-0.262634;0;-404.685;1031.62;-464.617;933.077
0.304977;-0.258822;0;-409.41;1042.67;-469.592;943.069
0.308205;-0.25497;0;-414.132;1053.7;-474.565;953.056
0.311385;-0.251077;0;-418.852;1064.73;-479.535;963.037
0.314515;-0.247144;0;-423.568;1075.75;-484.502;973.011
0.317596;-0.243172;0;-428.228;1086.09;-489.29;982.628
0.320627;-0.239162;0;-432.098;1094.87;-493.24;990.559
0.323607;-0.235114;0;-435.971;1103.65;-497.193;998.498
0.326536;-0.231029;0;-439.846;1112.43;-501.148;1006.44
0.329413;-0.226908;0;-443.724;1121.22;-505.106;1014.39
0.332238;-0.22275;0;-447.603;1130.01;-509.065;1022.34
0.335011;-0.218558;0;-451.483;1138.8;-513.024;1030.29
0.337731;-0.214331;0;-455.363;1147.58;-516.984;1038.24
0.340398;-0.21007;0;-459.243;1156.36;-520.944;1046.2
0.343011;-0.205776;0;-463.122;1165.14;-524.902;1054.15
0.345569;-0.201449;0;-466.999;1173.91;-528.859;1062.09
0.348074;-0.197091;0;-470.874;1182.67;-532.813;1070.03
0.350523;-0.192701;0;-474.747;1191.43;-536.764;1077.97
0.352916;-0.188282;0;-478.615;1200.17;-540.712;1085.9
0.355255;-0.183832;0;-481.993;1207.63;-544.132;1092.76
0.357537;-0.179353;0;-485.088;1213.97;-547.022;1098.57
0.359762;-0.174846;0;-488.185;1220.31;-549.913;1104.38
0.361931;-0.170312;0;-490.905;1226.27;-552.678;1109.93
0.364042;-0.16575;0;-493.491;1232.32;-555.423;1115.44
0.366096;-0.161163;0;-496.075;1238.38;-558.169;1120.95
0.368093;-0.156549;0;-498.656;1244.44;-560.915;1126.47
0.370031;-0.151912;0;-501.235;1250.51;-563.661;1131.98
0.371911;-0.14725;0;-503.81;1256.58;-566.406;1137.5
0.373732;-0.142565;0;-506.381;1262.65;-569.151;1143.01
0.375494;-0.137857;0;-508.949;1268.73;-571.894;1148.52
0.377196;-0.133128;0;-511.512;1274.8;-574.635;1154.02
0.378839;-0.128377;0;-514.154;1280.99;-577.362;1159.5
0.380423;-0.123607;0;-516.738;1286.74;-579.816;1164.43
0.381946;-0.118817;0;-518.871;1290.63;-581.571;1167.95
0.383409;-0.114008;0;-521.003;1294.53;-583.328;1171.48
0.384811;-0.109181;0;-523.133;1298.43;-585.084;1175.01
0.386153;-0.104337;0;-524.923;1302.32;-586.752;1178.36
0.387433;-0.099476;0;-526.085;1305.74;-588.256;1181.38
0.388653;-0.0945996;0;-527.248;1309.16;-589.76;1184.4
0.389811;-0.0897083;0;-528.411;1312.59;-591.264;1187.42
0.390907;-0.0848028;0;-529.574;1316;-592.769;1190.44
0.391942;-0.079884;0;-530.738;1319.42;-594.273;1193.46
0.392915;-0.0749525;0;-531.901;1322.83;-595.776;1196.48
0.393826;-0.0700092;0;-533.064;1326.23;-597.279;1199.5
0.394674;-0.0650549;0;-534.226;1329.63;-598.781;1202.52
0.395461;-0.0600902;0;-535.388;1333.02;-600.282;1205.53
0.396185;-0.0551161;0;-536.453;1334.97;-601.19;1207.35
0.396846;-0.0501333;0;-537.52;1336.32;-601.866;1208.71
0.397445;-0.0451426;0;-538.586;1337.68;-602.542;1210.07
0.39798;-0.0401447;0;-539.016;1338.64;-603.018;1211.02
0.398453;-0.0351405;0;-538.833;1339.45;-603.329;1211.65
0.398864;-0.0301307;0;-538.65;1340.26;-603.64;1212.27
0.399211;-0.0251162;0;-538.467;1341.07;-603.95;1212.9
0.399495;-0.0200977;0;-538.285;1341.88;-604.261;1213.52
0.399716;-0.0150761;0;-538.102;1342.68;-604.572;1214.14
0.399874;-0.010052;0;-537.919;1343.49;-604.883;1214.77
0.399968;-0.00502642;0;-537.736;1344.3;-605.194;1215.39
