0.4;0;0;-479.485;1345.83;-605.499;1216.01
0.399968;0.00502642;0;-479.243;1345.01;-605.176;1215.36
0.399874;0.010052;0;-478.996;1344.17;-604.846;1214.69
0.399716;0.0150761;0;-478.748;1343.34;-604.516;1214.03
0.399495;0.0200977;0;-478.501;1342.51;-604.186;1213.37
0.399211;0.0251162;0;-478.253;1341.67;-603.857;1212.71
0.398864;0.0301307;0;-478.006;1340.84;-603.527;1212.05
0.398453;0.0351405;0;-477.758;1340.01;-603.197;1211.38
0.39798;0.0401447;0;-477.511;1339.17;-602.868;1210.72
0.397445;0.0451426;0;-476.93;1337.9;-602.262;1209.51
0.396846;0.0501333;0;-476.191;1336.33;-601.511;1208
0.396185;0.0551161;0;-475.452;1334.76;-600.76;1206.49
0.395461;0.0600902;0;-474.712;1333.19;-600.009;1204.98
0.394674;0.0650549;0;-473.525;1330.14;-598.657;1202.27
0.393826;0.0700092;0;-472.236;1326.79;-597.179;1199.3
0.392915;0.0749525;0;-470.946;1323.43;-595.699;1196.33
0.391942;0.079884;0;-469.656;1320.07;-594.219;1193.35
0.390907;0.0848028;0;-468.366;1316.71;-592.738;1190.38
0.389811;0.0897083;0;-467.076;1313.35;-591.257;1187.4
0.388653;0.0945996;0;-465.786;1309.99;-589.777;1184.43
0.387433;0.099476;0;-464.496;1306.62;-588.296;1181.46
0.386153;0.104337;0;-463.116;1303.08;-586.735;1178.32
0.384811;0.109181;0;-461.42;1299.09;-584.911;1174.66
0.383409;0.114008;0;-459.723;1295.1;-583.087;1171
0.381946;0.118817;0;-458.027;1291.12;-581.263;1167.33
0.380423;0.123607;0;-456.331;1287.13;-579.441;1163.67
0.378839;0.128377;0;-454.198;1281.78;-577.048;1158.87
0.377196;0.133128;0;-451.771;1275.57;-574.287;1153.32
0.375494;0.137857;0;-449.352;1269.47;-571.544;1147.81
0.373732;0.142565;0;-446.932;1263.38;-568.8;1142.3
0.371911;0.14725;0;-444.511;1257.28;-566.055;1136.79
0.370031;0.151912;0;-442.088;1251.18;-563.308;1131.28
0.368093;0.156549;0;-439.665;1245.08;-560.562;1125.76
0.366096;0.161163;0;-437.241;1238.99;-557.815;1120.24
0.364042;0.16575;0;-434.817;1232.89;-555.069;1114.73
0.361931;0.170312;0;-432.393;1226.8;-552.323;1109.21
0.359762;0.174846;0;-429.97;1220.71;-549.579;1103.7
0.357537;0.179353;0;-427.548;1214.63;-546.836;1098.2
0.355255;0.183832;0;-425.128;1208.55;-544.096;1092.69
0.352916;0.188282;0;-422.229;1201.09;-540.748;1085.97
0.350523;0.192701;0;-418.832;1192.35;-536.805;1078.05
0.348074;0.197091;0;-415.433;1183.61;-532.858;1070.12
0.345569;0.201449;0;-412.03;1174.85;-528.909;1062.19
0.343011;0.205776;0;-408.625;1166.09;-524.957;1054.26
0.340398;0.21007;0;-405.219;1157.33;-521.004;1046.32
0.337731;0.214331;0;-401.811;1148.57;-517.05;1038.38
0.335011;0.218558;0;-398.402;1139.81;-513.095;1030.43
0.332238;0.22275;0;-394.994;1131.05;-509.14;1022.49
0.329413;0.226908;0;-391.585;1122.29;-505.186;1014.55
0.326536;0.231029;0;-388.178;1113.53;-501.234;1006.61
0.323607;0.235114;0;-384.76;1104.8;-497.279;998.67
0.320627;0.239162;0;-381.335;1096.02;-493.312;990.704
0.317596;0.243172;0;-377.912;1087.24;-489.349;982.745
0.314515;0.247144;0;-374.042;1077.09;-484.765;973.539
0.311385;0.251077;0;-369.905;1066.1;-479.805;963.578
0.308205;0.25497;0;-365.765;1055.09;-474.841;953.61
0.304977;0.258822;0;-361.621;1044.07;-469.873;943.631
0.301701;0.262634;0;-357.472;1033.02;-464.897;933.638
0.298376;0.266405;0;-353.317;1021.97;-459.916;923.635
0.295005;0.270133;0;-349.153;1010.91;-454.929;913.62
0.291587;0.273819;0;-344.989;999.859;-449.942;903.606
0.288124;0.277461;0;-340.825;988.81;-444.956;893.593
0.284614;0.28106;0;-336.662;977.765;-439.972;883.583
0.28106;0.284614;0;-332.501;966.727;-434.99;873.578
0.277461;0.288124;0;-328.296;955.463;-429.918;863.391
0.273819;0.291587;0;-323.57;942.434;-424.05;851.608
0.270133;0.295005;0;-318.839;929.394;-418.178;839.814
0.266405;0.298376;0;-314.105;916.345;-412.3;828.011
0.262634;0.301701;0;-309.368;903.289;-406.42;816.2
0.258822;0.304977;0;-304.628;890.227;-400.536;804.385
0.25497;0.308205;0;-299.887;877.163;-394.651;792.566
0.251077;0.311385;0;-295.139;864.106;-388.763;780.742
0.247144;0.314515;0;-290.39;851.048;-382.875;768.916
0.243172;0.317596;0;-285.638;837.97;-376.981;757.08
0.239162;0.320627;0;-280.887;824.896;-371.09;745.249
0.235114;0.323607;0;-276.14;811.828;-365.201;733.423
0.231029;0.326536;0;-271.395;798.768;-359.317;721.605
0.226908;0.329413;0;-266.654;785.718;-353.437;709.797
0.22275;0.332238;0;-261.666;771.742;-347.135;697.141
0.218558;0.335011;0;-256.457;756.894;-340.45;683.717
0.214331;0.337731;0;-251.245;742.033;-333.761;670.282
0.21007;0.340398;0;-246.03;727.163;-327.067;656.839
0.205776;0.343011;0;-240.812;712.286;-320.37;643.39
0.201449;0.345569;0;-235.593;697.404;-313.671;629.937
0.197091;0.348074;0;-230.373;682.52;-306.971;616.482
0.192701;0.350523;0;-225.153;667.635;-300.272;603.027
0.188282;0.352916;0;-219.934;652.752;-293.573;589.574
0.183832;0.355255;0;-214.717;637.874;-286.877;576.126
0.179353;0.357537;0;-209.502;623.003;-280.184;562.685
0.174846;0.359762;0;-204.291;608.141;-273.495;549.252
0.170312;0.361931;0;-199.03;593.062;-266.698;535.602
0.16575;0.364042;0;-193.454;576.834;-259.383;520.911
0.161163;0.366096;0;-187.85;560.524;-252.031;506.147
0.156549;0.368093;0;-182.24;544.197;-244.673;491.369
0.151912;0.370031;0;-176.625;527.857;-237.307;476.577
0.14725;0.371911;0;-171.006;511.505;-229.937;461.776
0.142565;0.373732;0;-165.384;495.144;-222.563;446.966
0.137857;0.375494;0;-159.761;478.777;-215.186;432.151
0.133128;0.377196;0;-154.136;462.406;-207.807;417.333
0.128377;0.378839;0;-148.51;446.035;-200.428;402.514
0.123607;0.380423;0;-142.885;429.665;-193.05;387.696
0.118817;0.381946;0;-137.445;413.599;-185.821;373.18
0.114008;0.383409;0;-131.788;396.623;-178.198;357.871
0.109181;0.384811;0;-126.128;379.638;-170.572;342.555
0.104337;0.386153;0;-120.468;362.65;-162.944;327.236
0.099476;0.387433;0;-114.806;345.659;-155.315;311.914
0.0945996;0.388653;0;-109.145;328.668;-147.686;296.593
0.0897083;0.389811;0;-103.484;311.681;-140.058;281.275
0.0848028;0.390907;0;-97.8261;294.7;-132.434;265.962
0.079884;0.391942;0;-92.1707;277.728;-124.813;250.658
0.0749525;0.392915;0;-86.5192;260.767;-117.197;235.363
0.0700092;0.393826;0;-80.8723;243.82;-109.587;220.081
0.0650549;0.394674;0;-75.231;226.89;-101.985;204.814
0.0600902;0.395461;0;-69.5961;209.979;-94.3921;189.565
0.0551161;0.396185;0;-63.9686;193.09;-86.8088;174.336
0.0501333;0.396846;0;-58.1958;175.637;-78.9727;158.599
0.0451426;0.397445;0;-52.3881;158.112;-71.0909;142.77
0.0401447;0.39798;0;-46.5737;140.568;-63.2001;126.923
0.0351405;0.398453;0;-40.7536;123.006;-55.3015;111.06
0.0301307;0.398864;0;-34.9287;105.429;-47.3964;95.1848
0.0251162;0.399211;0;-29.1;87.8409;-39.486;79.2987
0.0200977;0.399495;0;-23.2682;70.2437;-31.5717;63.4044
0.0150761;0.399716;0;-17.4345;52.6405;-23.6545;47.5047
0.010052;0.399874;0;-11.5996;35.0338;-15.7358;31.6018
0.00502642;0.399968;0;-5.76455;17.4266;-7.81691;15.6985
2.44929e-17;0.4;0;0.0697852;-0.1785;0.101042;-0.202919
-0.00502642;0.399968;0;5.90247;-17.7786;8.01676;-16.0998
-0.010052;0.399874;0;11.7326;-35.3709;15.929;-31.9897
-0.0150761;0.399716;0;17.5592;-52.9528;23.8365;-47.8701
-0.0200977;0.399495;0;23.3814;-70.5213;31.738;-63.7385
-0.0251162;0.399211;0;29.1983;-88.0738;39.6323;-79.5924
-0.0301307;0.398864;0;35.009;-105.607;47.5181;-95.4292
-0.0351405;0.398453;0;40.7397;-123.058;55.3267;-111.111
-0.0401447;0.39798;0;46.4478;-140.432;63.0897;-126.701
-0.0451426;0.397445;0;52.2003;-157.663;70.8436;-142.273
-0.0501333;0.396846;0;57.9573;-174.907;78.6037;-157.857
-0.0551161;0.396185;0;63.7179;-192.163;86.3688;-173.452
-0.0600902;0.395461;0;69.4813;-209.428;94.1376;-189.054
-0.0650549;0.394674;0;75.2465;-226.698;101.909;-204.661
-0.0700092;0.393826;0;81.0126;-243.971;109.682;-220.271
-0.0749525;0.392915;0;86.7787;-261.245;117.455;-235.881
-0.079884;0.391942;0;92.5439;-278.517;125.226;-251.489
-0.0848028;0.390907;0;98.3073;-295.783;132.996;-267.092
-0.0897083;0.389811;0;104.068;-313.042;140.762;-282.687
-0.0945996;0.388653;0;109.825;-330.29;148.523;-298.273
-0.099476;0.387433;0;115.578;-347.526;156.277;-313.848
-0.104337;0.386153;0;121.235;-364.59;163.914;-329.184
-0.109181;0.384811;0;126.777;-381.176;171.321;-344.059
-0.114008;0.383409;0;132.33;-397.451;178.647;-358.771
-0.118817;0.381946;0;137.888;-413.739;185.978;-373.494
-0.123607;0.380423;0;143.449;-430.038;193.313;-388.225
-0.128377;0.378839;0;149.012;-446.344;200.652;-402.964
-0.133128;0.377196;0;154.577;-462.655;207.993;-417.707
-0.137857;0.375494;0;160.143;-478.969;215.336;-432.452
-0.142565;0.373732;0;165.709;-495.283;222.678;-447.197
-0.14725;0.371911;0;171.273;-511.594;230.019;-461.939
-0.151912;0.370031;0;176.805;-527.853;237.327;-476.617
-0.156549;0.368093;0;182.334;-544.116;244.64;-491.303
-0.161163;0.366096;0;187.861;-560.369;251.949;-505.981
-0.16575;0.364042;0;193.384;-576.611;259.253;-520.649
-0.170312;0.361931;0;198.902;-592.839;266.55;-535.305
-0.174846;0.359762;0;204.242;-608.306;273.533;-549.328
-0.179353;0.357537;0;209.409;-623.109;280.181;-562.68
-0.183832;0.355255;0;214.579;-637.923;286.835;-576.042
-0.188282;0.352916;0;219.753;-652.745;293.493;-589.413
-0.192701;0.350523;0;224.929;-667.574;300.153;-602.789
-0.197091;0.348074;0;230.106;-682.406;306.816;-616.169
-0.201449;0.345569;0;235.285;-697.24;313.479;-629.551
-0.205776;0.343011;0;240.463;-712.073;320.142;-642.933
-0.21007;0.340398;0;245.64;-726.903;326.804;-656.312
-0.214331;0.337731;0;250.815;-741.727;333.464;-669.686
-0.218558;0.335011;0;255.988;-756.543;340.12;-683.054
-0.22275;0.332238;0;261.114;-771.089;346.678;-696.223
-0.226908;0.329413;0;266.237;-785.186;353.109;-709.138
-0.231029;0.326536;0;270.906;-798.085;358.91;-720.789
-0.235114;0.323607;0;275.638;-811.166;364.792;-732.6
-0.239162;0.320627;0;280.374;-824.255;370.677;-744.42
-0.243172;0.317596;0;285.112;-837.35;376.566;-756.246
-0.247144;0.314515;0;289.852;-850.449;382.456;-768.075
-0.251077;0.311385;0;294.593;-863.551;388.348;-779.907
-0.25497;0.308205;0;299.333;-876.652;394.24;-791.74
-0.258822;0.304977;0;304.074;-889.752;400.131;-803.571
-0.262634;0.301701;0;308.813;-902.848;406.02;-815.398
-0.266405;0.298376;0;313.55;-915.937;411.907;-827.221
-0.270133;0.295005;0;318.284;-929.019;417.79;-839.036
-0.273819;0.291587;0;323.015;-942.09;423.669;-850.842
-0.277461;0.288124;0;327.465;-954.266;429.17;-861.89
-0.28106;0.284614;0;331.739;-965.767;434.373;-872.339
-0.284614;0.28106;0;335.933;-976.879;439.386;-882.407
-0.288124;0.277461;0;340.129;-987.995;444.402;-892.479
-0.291587;0.273819;0;344.326;-999.113;449.419;-902.554
-0.295005;0.270133;0;348.524;-1010.23;454.436;-912.631
-0.298376;0.266405;0;352.722;-1021.35;459.453;-922.707
-0.301701;0.262634;0;356.92;-1032.47;464.47;-932.781
-0.304977;0.258822;0;361.116;-1043.58;469.484;-942.851
-0.308205;0.25497;0;365.309;-1054.68;474.496;-952.917
-0.311385;0.251077;0;369.501;-1065.78;479.505;-962.976
-0.314515;0.247144;0;373.688;-1076.86;484.509;-973.026
-0.317596;0.243172;0;377.631;-1087.09;489.161;-982.368
-0.320627;0.239162;0;381.075;-1095.88;493.136;-990.35
-0.323607;0.235114;0;384.522;-1104.67;497.114;-998.339
-0.326536;0.231029;0;387.971;-1113.47;501.094;-1006.33
-0.329413;0.226908;0;391.422;-1122.28;505.076;-1014.33
-0.332238;0.22275;0;394.874;-1131.08;509.059;-1022.33
-0.335011;0.218558;0;398.326;-1139.89;513.043;-1030.33
-0.337731;0.214331;0;401.714;-1148.55;516.967;-1038.21
-0.340398;0.21007;0;405.09;-1157.27;520.892;-1046.09
-0.343011;0.205776;0;408.465;-1165.98;524.817;-1053.98
-0.345569;0.201449;0;411.839;-1174.69;528.741;-1061.85
-0.348074;0.197091;0;415.21;-1183.4;532.662;-1069.73
-0.350523;0.192701;0;418.58;-1192.1;536.581;-1077.6
-0.352916;0.188282;0;421.946;-1200.79;540.497;-1085.46
-0.355255;0.183832;0;424.947;-1208.71;544.023;-1092.55
-0.357537;0.179353;0;427.507;-1215.07;546.9;-1098.32
-0.359762;0.174846;0;430.078;-1221.44;549.788;-1104.12
-0.361931;0.170312;0;432.65;-1227.83;552.677;-1109.92
-0.364042;0.16575;0;435.221;-1234.21;555.566;-1115.73
-0.366096;0.161163;0;437.792;-1240.59;558.455;-1121.53
-0.368093;0.156549;0;440.362;-1246.98;561.343;-1127.33
-0.370031;0.151912;0;442.93;-1253.37;564.23;-1133.13
-0.371911;0.14725;0;445.497;-1259.75;567.116;-1138.92
-0.373732;0.142565;0;448.061;-1266.13;570;-1144.71
-0.375494;0.137857;0;450.622;-1272.51;572.881;-1150.5
-0.377196;0.133128;0;453.115;-1278.7;575.675;-1156.11
-0.378839;0.128377;0;454.867;-1282.98;577.608;-1159.99
-0.380423;0.123607;0;456.49;-1286.91;579.391;-1163.57
-0.381946;0.118817;0;458.114;-1290.84;581.175;-1167.16
-0.383409;0.114008;0;459.738;-1294.78;582.96;-1170.74
-0.384811;0.109181;0;461.363;-1298.72;584.746;-1174.33
-0.386153;0.104337;0;462.988;-1302.66;586.532;-1177.92
-0.387433;0.099476;0;464.612;-1306.6;588.319;-1181.5
-0.388653;0.0945996;0;466.237;-1310.55;590.105;-1185.09
-0.389811;0.0897083;0;467.86;-1314.49;591.89;-1188.68
-0.390907;0.0848028;0;469.482;-1318.43;593.675;-1192.26
-0.391942;0.079884;0;471.104;-1322.37;595.459;-1195.84
-0.392915;0.0749525;0;472.723;-1326.31;597.242;-1199.42
-0.393826;0.0700092;0;474.341;-1330.25;599.022;-1203
-0.394674;0.0650549;0;475.944;-1334.15;600.787;-1206.54
-0.395461;0.0600902;0;476.581;-1335.69;601.484;-1207.94
-0.396185;0.0551161;0;477.127;-1336.97;602.07;-1209.12
-0.396846;0.0501333;0;477.673;-1338.25;602.656;-1210.3
-0.397445;0.0451426;0;478.218;-1339.53;603.241;-1211.47
-0.39798;0.0401447;0;478.762;-1340.81;603.827;-1212.65
-0.398453;0.0351405;0;479.28;-1342.11;604.398;-1213.8
-0.398864;0.0301307;0;479.781;-1343.35;604.952;-1214.91
-0.399211;0.0251162;0;480.28;-1344.57;605.501;-1216.01
-0.399495;0.0200977;0;480.778;-1345.79;606.05;-1217.11
-0.399716;0.0150761;0;481.276;-1347.01;606.598;-1218.21
-0.399874;0.010052;0;481.773;-1348.23;607.146;-1219.31
-0.399968;0.00502642;0;482.27;-1349.44;607.692;-1220.41
-0.4;4.89859e-17;0;482.766;-1350.65;608.238;-1221.51
-0.399968;-0.00502642;0;482.421;-1349.82;607.86;-1220.75
-0.399874;-0.010052;0;481.896;-1348.54;607.284;-1219.59
-0.399716;-0.0150761;0;481.37;-1347.26;606.708;-1218.43
-0.399495;-0.0200977;0;480.844;-1345.99;606.131;-1217.27
-0.399211;-0.0251162;0;480.317;-1344.7;605.553;-1216.11
-0.398864;-0.0301307;0;479.79;-1343.42;604.975;-1214.95
-0.398453;-0.0351405;0;479.263;-1342.13;604.396;-1213.79
-0.39798;-0.0401447;0;478.735;-1340.85;603.817;-1212.63
-0.397445;-0.0451426;0;478.208;-1339.56;603.238;-1211.47
-0.396846;-0.0501333;0;477.68;-1338.27;602.658;-1210.3
-0.396185;-0.0551161;0;477.152;-1336.98;602.079;-1209.14
-0.395461;-0.0600902;0;476.625;-1335.69;601.499;-1207.97
-0.394674;-0.0650549;0;476.095;-1334.39;600.918;-1206.81
-0.393826;-0.0700092;0;474.523;-1330.6;599.197;-1203.35
-0.392915;-0.0749525;0;472.911;-1326.72;597.433;-1199.81
-0.391942;-0.079884;0;471.297;-1322.84;595.667;-1196.26
-0.390907;-0.0848028;0;469.682;-1318.95;593.899;-1192.71
-0.389811;-0.0897083;0;468.066;-1315.05;592.131;-1189.16
-0.388653;-0.0945996;0;466.45;-1311.16;590.361;-1185.61
-0.387433;-0.099476;0;464.833;-1307.26;588.591;-1182.05
-0.386153;-0.104337;0;463.216;-1303.36;586.821;-1178.5
-0.384811;-0.109181;0;461.6;-1299.46;585.051;-1174.94
-0.383409;-0.114008;0;459.983;-1295.56;583.281;-1171.39
-0.381946;-0.118817;0;458.368;-1291.66;581.512;-1167.83
-0.380423;-0.123607;0;456.753;-1287.76;579.744;-1164.28
-0.378839;-0.128377;0;455.066;-1283.66;577.884;-1160.55
-0.377196;-0.133128;0;452.719;-1277.72;575.215;-1155.19
-0.375494;-0.137857;0;450.371;-1271.78;572.545;-1149.82
-0.373732;-0.142565;0;448.021;-1265.83;569.873;-1144.46
-0.371911;-0.14725;0;445.373;-1259.37;566.938;-1138.56
-0.370031;-0.151912;0;442.682;-1252.86;563.966;-1132.6
-0.368093;-0.156549;0;439.988;-1246.34;560.992;-1126.62
-0.366096;-0.161163;0;437.293;-1239.83;558.018;-1120.65
-0.364042;-0.16575;0;434.597;-1233.32;555.042;-1114.68
-0.361931;-0.170312;0;431.901;-1226.8;552.067;-1108.7
-0.359762;-0.174846;0;429.204;-1220.29;549.092;-1102.72
-0.357537;-0.179353;0;426.508;-1213.78;546.117;-1096.75
-0.355255;-0.183832;0;423.623;-1206.18;542.745;-1089.98
-0.352916;-0.188282;0;420.674;-1198.39;539.294;-1083.05
-0.350523;-0.192701;0;417.58;-1190.31;535.676;-1075.78
-0.348074;-0.197091;0;414.305;-1181.76;531.84;-1068.08
-0.345569;-0.201449;0;411.028;-1173.2;528.001;-1060.37
-0.343011;-0.205776;0;407.749;-1164.65;524.161;-1052.66
-0.340398;-0.21007;0;404.47;-1156.09;520.32;-1044.94
-0.337731;-0.214331;0;401.19;-1147.54;516.48;-1037.23
-0.335011;-0.218558;0;397.911;-1138.99;512.639;-1029.52
-0.332238;-0.22275;0;394.632;-1130.44;508.801;-1021.81
-0.329413;-0.226908;0;391.355;-1121.89;504.963;-1014.1
-0.326536;-0.231029;0;387.901;-1113.21;501.007;-1006.16
-0.323607;-0.235114;0;384.398;-1104.39;496.996;-998.102
-0.320627;-0.239162;0;380.898;-1095.56;492.987;-990.051
-0.317596;-0.243172;0;377.395;-1086.72;488.964;-981.972
-0.314515;-0.247144;0;373.414;-1076.42;484.263;-972.532
-0.311385;-0.251077;0;369.212;-1065.31;479.25;-962.463
-0.308205;-0.25497;0;365.007;-1054.2;474.232;-952.386
-0.304977;-0.258822;0;360.799;-1043.08;469.211;-942.302
-0.301701;-0.262634;0;356.589;-1031.95;464.187;-932.213
-0.298376;-0.266405;0;352.377;-1020.81;459.161;-922.12
-0.295005;-0.270133;0;348.165;-1009.68;454.135;-912.025
-0.291587;-0.273819;0;343.953;-998.541;449.108;-901.93
-0.288124;-0.277461;0;339.741;-987.404;444.082;-891.837
-0.284614;-0.28106;0;335.53;-976.27;439.057;-881.745
-0.28106;-0.284614;0;331.322;-965.14;434.034;-871.659
-0.277461;-0.288124;0;327.006;-953.406;428.726;-860.998
-0.273819;-0.291587;0;322.604;-941.397;423.293;-850.088
-0.270133;-0.295005;0;318.009;-928.668;417.578;-838.609
-0.266405;-0.298376;0;313.308;-915.646;411.729;-826.864
-0.262634;-0.301701;0;308.605;-902.617;405.878;-815.112
-0.258822;-0.304977;0;303.9;-889.583;400.024;-803.357
-0.25497;-0.308205;0;299.194;-876.547;394.17;-791.599
-0.251077;-0.311385;0;294.488;-863.51;388.315;-779.842
-0.247144;-0.314515;0;289.783;-850.475;382.461;-768.086
-0.243172;-0.317596;0;285.08;-837.443;376.609;-756.333
-0.239162;-0.320627;0;280.378;-824.416;370.759;-744.585
-0.235114;-0.323607;0;275.68;-811.398;364.913;-732.845
-0.231029;-0.326536;0;270.985;-798.388;359.072;-721.114
-0.226908;-0.329413;0;266.171;-785.091;353.057;-709.034
-0.22275;-0.332238;0;261.053;-770.986;346.632;-696.13
-0.218558;-0.335011;0;255.918;-756.311;340.036;-682.884
-0.214331;-0.337731;0;250.737;-741.487;333.375;-669.508
-0.21007;-0.340398;0;245.552;-726.655;326.711;-656.124
-0.205776;-0.343011;0;240.366;-711.817;320.044;-642.736
-0.201449;-0.345569;0;235.179;-696.976;313.377;-629.345
-0.197091;-0.348074;0;229.992;-682.134;306.709;-615.954
-0.192701;-0.350523;0;224.806;-667.293;300.041;-602.564
-0.188282;-0.352916;0;219.621;-652.456;293.376;-589.179
-0.183832;-0.355255;0;214.438;-637.625;286.714;-575.799
-0.179353;-0.357537;0;209.259;-622.803;280.055;-562.427
-0.174846;-0.359762;0;204.083;-607.992;273.402;-549.065
-0.170312;-0.361931;0;198.742;-592.656;266.449;-535.101
-0.16575;-0.364042;0;193.274;-576.608;259.231;-520.605
-0.161163;-0.366096;0;187.754;-560.378;251.936;-505.956
-0.156549;-0.368093;0;182.23;-544.137;244.637;-491.297
-0.151912;-0.370031;0;176.703;-527.888;237.334;-476.631
-0.14725;-0.371911;0;171.175;-511.633;230.029;-461.96
-0.142565;-0.373732;0;165.646;-495.376;222.722;-447.286
-0.137857;-0.375494;0;160.117;-479.118;215.415;-432.612
-0.133128;-0.377196;0;154.588;-462.862;208.11;-417.941
-0.128377;-0.378839;0;149.062;-446.611;200.807;-403.274
-0.123607;-0.380423;0;143.537;-430.368;193.507;-388.614
-0.118817;-0.381946;0;138.017;-414.134;186.211;-373.962
-0.114008;-0.383409;0;132.5;-397.912;178.921;-359.322
-0.109181;-0.384811;0;126.994;-381.726;171.644;-344.708
-0.104337;-0.386153;0;121.271;-364.667;163.958;-329.272
-0.099476;-0.387433;0;115.547;-347.526;156.251;-313.795
-0.0945996;-0.388653;0;109.819;-330.376;148.54;-298.309
-0.0897083;-0.389811;0;104.088;-313.218;140.826;-282.817
-0.0848028;-0.390907;0;98.361;-296.065;133.116;-267.333
-0.079884;-0.391942;0;92.6202;-278.886;125.391;-251.82
-0.0749525;-0.392915;0;86.8748;-261.699;117.662;-236.297
-0.0700092;-0.393826;0;81.1301;-244.515;109.934;-220.777
-0.0650549;-0.394674;0;75.387;-227.337;102.208;-205.261
-0.0600902;-0.395461;0;69.6465;-210.166;94.4856;-189.753
-0.0551161;-0.396185;0;63.9094;-193.007;86.768;-174.254
-0.0501333;-0.396846;0;58.168;-175.549;78.9546;-158.562
-0.0451426;-0.397445;0;52.3544;-158.002;71.0633;-142.714
-0.0401447;-0.39798;0;46.5376;-140.444;63.1675;-126.857
-0.0351405;-0.398453;0;40.7185;-122.879;55.2685;-110.994
-0.0301307;-0.398864;0;34.9073;-105.339;47.3804;-95.1527
-0.0251162;-0.399211;0;29.0822;-87.7589;39.4739;-79.2742
-0.0200977;-0.399495;0;23.2566;-70.1774;31.5668;-63.3947
-0.0150761;-0.399716;0;17.4316;-52.5974;23.6605;-47.5166
-0.010052;-0.399874;0;11.608;-35.0219;15.7561;-31.6425
-0.00502642;-0.399968;0;5.78681;-17.4535;7.85496;-15.7749
-7.34788e-17;-0.4;0;-0.0311143;0.104917;-0.0417188;0.0837827
0.00502642;-0.399968;0;-5.80047;17.5376;-7.87588;15.8169
0.010052;-0.399874;0;-11.5862;35.0688;-15.7403;31.6108
0.0150761;-0.399716;0;-17.3768;52.6146;-23.6113;47.4179
0.0200977;-0.399495;0;-23.1712;70.1722;-31.4876;63.2356
0.0251162;-0.399211;0;-28.9687;87.7389;-39.368;79.0615
0.0301307;-0.398864;0;-34.7683;105.312;-47.2512;94.8931
0.0351405;-0.398453;0;-40.569;122.888;-55.1359;110.728
0.0401447;-0.39798;0;-46.37;140.465;-63.021;126.563
0.0451426;-0.397445;0;-52.1703;158.04;-70.9051;142.397
0.0501333;-0.396846;0;-57.969;175.611;-78.7871;158.226
0.0551161;-0.396185;0;-63.7652;192.897;-86.6268;173.97
0.0600902;-0.395461;0;-69.5822;210.241;-94.4938;189.769
0.0650549;-0.394674;0;-75.2759;227.142;-102.122;205.089
0.0700092;-0.393826;0;-81.0615;244.313;-109.87;220.649
0.0749525;-0.392915;0;-86.8477;261.486;-117.619;236.211
0.079884;-0.391942;0;-92.6337;278.657;-125.368;251.772
0.0848028;-0.390907;0;-98.2731;295.506;-132.946;266.992
0.0897083;-0.389811;0;-103.933;312.559;-140.584;282.332
0.0945996;-0.388653;0;-109.594;329.616;-148.225;297.675
0.099476;-0.387433;0;-115.256;346.676;-155.866;313.02
0.104337;-0.386153;0;-120.918;363.735;-163.506;328.365
0.109181;-0.384811;0;-126.578;380.791;-171.145;343.706
0.114008;-0.383409;0;-132.236;397.841;-178.781;359.041
0.118817;-0.381946;0;-137.698;413.976;-186.036;373.61
0.123607;-0.380423;0;-143.256;430.205;-193.351;388.301
0.128377;-0.378839;0;-148.817;446.444;-200.67;402.999
0.133128;-0.377196;0;-154.38;462.689;-207.991;417.702
0.137857;-0.375494;0;-159.945;478.937;-215.314;432.409
0.142565;-0.373732;0;-165.509;495.186;-222.637;447.116
0.14725;-0.371911;0;-171.073;511.434;-229.96;461.822
0.151912;-0.370031;0;-176.635;527.678;-237.28;476.523
0.156549;-0.368093;0;-182.195;543.915;-244.598;491.219
0.161163;-0.366096;0;-187.751;560.143;-251.911;505.906
0.16575;-0.364042;0;-193.303;576.36;-259.219;520.582
0.170312;-0.361931;0;-198.727;592.391;-266.392;534.987
0.174846;-0.359762;0;-203.995;607.996;-273.338;548.937
0.179353;-0.357537;0;-209.208;622.83;-280.022;562.36
0.183832;-0.355255;0;-214.425;637.674;-286.71;575.792
0.188282;-0.352916;0;-219.643;652.527;-293.402;589.231
0.192701;-0.350523;0;-224.864;667.385;-300.096;602.675
0.197091;-0.348074;0;-230.085;682.247;-306.792;616.121
0.201449;-0.345569;0;-235.307;697.11;-313.487;629.567
0.205776;-0.343011;0;-240.527;711.971;-320.182;643.012
0.21007;-0.340398;0;-245.746;726.829;-326.874;656.452
0.214331;-0.337731;0;-250.962;741.681;-333.564;669.887
0.218558;-0.335011;0;-256.175;756.525;-340.25;683.314
0.22275;-0.332238;0;-261.383;771.358;-346.93;696.73
0.226908;-0.329413;0;-266.368;785.665;-353.303;709.528
0.231029;-0.326536;0;-271.105;798.692;-359.175;721.321
0.235114;-0.323607;0;-275.846;811.73;-365.053;733.125
0.239162;-0.320627;0;-280.589;824.777;-370.934;744.936
0.243172;-0.317596;0;-285.335;837.832;-376.818;756.753
0.247144;-0.314515;0;-290.082;850.892;-382.705;768.575
0.251077;-0.311385;0;-294.831;863.955;-388.592;780.398
0.25497;-0.308205;0;-299.579;877.019;-394.48;792.222
0.258822;-0.304977;0;-304.326;890.082;-400.367;804.045
0.262634;-0.301701;0;-309.072;903.142;-406.252;815.864
0.266405;-0.298376;0;-313.815;916.196;-412.135;827.679
0.270133;-0.295005;0;-318.556;929.244;-418.014;839.486
0.273819;-0.291587;0;-323.293;942.282;-423.889;851.284
0.277461;-0.288124;0;-327.928;955.119;-429.65;862.854
0.28106;-0.284614;0;-332.14;966.526;-434.766;873.128
0.284614;-0.28106;0;-336.296;977.542;-439.738;883.112
0.288124;-0.277461;0;-340.453;988.566;-444.711;893.101
0.291587;-0.273819;0;-344.611;999.594;-449.687;903.094
0.295005;-0.270133;0;-348.77;1010.63;-454.664;913.088
0.298376;-0.266405;0;-352.929;1021.66;-459.641;923.083
0.301701;-0.262634;0;-357.086;1032.69;-464.617;933.077
0.304977;-0.258822;0;-361.243;1043.73;-469.592;943.069
0.308205;-0.25497;0;-365.397;1054.75;-474.565;953.056
0.311385;-0.251077;0;-369.549;1065.78;-479.535;963.037
0.314515;-0.247144;0;-373.697;1076.79;-484.502;973.011
0.317596;-0.243172;0;-377.702;1087.48;-489.29;982.628
0.320627;-0.239162;0;-381.116;1096.22;-493.24;990.559
0.323607;-0.235114;0;-384.533;1104.97;-497.193;998.498
0.326536;-0.231029;0;-387.951;1113.73;-501.148;1006.44
0.329413;-0.226908;0;-391.371;1122.5;-505.106;1014.39
0.332238;-0.22275;0;-394.792;1131.26;-509.065;1022.34
0.335011;-0.218558;0;-398.214;1140.03;-513.024;1030.29
0.337731;-0.214331;0;-401.635;1148.81;-516.984;1038.24
0.340398;-0.21007;0;-405.056;1157.58;-520.944;1046.2
0.343011;-0.205776;0;-408.475;1166.35;-524.902;1054.15
0.345569;-0.201449;0;-411.893;1175.12;-528.859;1062.09
0.348074;-0.197091;0;-415.309;1183.88;-532.813;1070.03
0.350523;-0.192701;0;-418.721;1192.64;-536.764;1077.97
0.352916;-0.188282;0;-422.131;1201.39;-540.712;1085.9
0.355255;-0.183832;0;-425.106;1208.99;-544.132;1092.76
0.357537;-0.179353;0;-427.695;1215.37;-547.022;1098.57
0.359762;-0.174846;0;-430.285;1221.75;-549.913;1104.38
0.361931;-0.170312;0;-432.722;1227.93;-552.678;1109.93
0.364042;-0.16575;0;-435.141;1234.05;-555.423;1115.44
0.366096;-0.161163;0;-437.561;1240.17;-558.169;1120.95
0.368093;-0.156549;0;-439.982;1246.3;-560.915;1126.47
0.370031;-0.151912;0;-442.402;1252.42;-563.661;1131.98
0.371911;-0.14725;0;-444.822;1258.53;-566.406;1137.5
0.373732;-0.142565;0;-447.241;1264.65;-569.151;1143.01
0.375494;-0.137857;0;-449.659;1270.76;-571.894;1148.52
0.377196;-0.133128;0;-452.075;1276.87;-574.635;1154.02
0.378839;-0.128377;0;-454.503;1282.89;-577.362;1159.5
0.380423;-0.123607;0;-456.736;1288.22;-579.816;1164.43
0.381946;-0.118817;0;-458.372;1292.03;-581.571;1167.95
0.383409;-0.114008;0;-460.009;1295.85;-583.328;1171.48
0.384811;-0.109181;0;-461.646;1299.66;-585.084;1175.01
0.386153;-0.104337;0;-463.188;1303.28;-586.752;1178.36
0.387433;-0.099476;0;-464.514;1306.66;-588.256;1181.38
0.388653;-0.0945996;0;-465.839;1310.04;-589.76;1184.4
0.389811;-0.0897083;0;-467.165;1313.43;-591.264;1187.42
0.390907;-0.0848028;0;-468.49;1316.81;-592.769;1190.44
0.391942;-0.079884;0;-469.814;1320.2;-594.273;1193.46
0.392915;-0.0749525;0;-471.138;1323.58;-595.776;1196.48
0.393826;-0.0700092;0;-472.461;1326.97;-597.279;1199.5
0.394674;-0.0650549;0;-473.783;1330.35;-598.781;1202.52
0.395461;-0.0600902;0;-475.104;1333.73;-600.282;1205.53
0.396185;-0.0551161;0;-475.936;1335.72;-601.19;1207.35
0.396846;-0.0501333;0;-476.581;1337.17;-601.866;1208.71
0.397445;-0.0451426;0;-477.225;1338.61;-602.542;1210.07
0.39798;-0.0401447;0;-477.64;1339.71;-603.018;1211.02
0.398453;-0.0351405;0;-477.871;1340.47;-603.329;1211.65
0.398864;-0.0301307;0;-478.102;1341.24;-603.64;1212.27
0.399211;-0.0251162;0;-478.333;1342;-603.95;1212.9
0.399495;-0.0200977;0;-478.565;1342.77;-604.261;1213.52
0.399716;-0.0150761;0;-478.796;1343.54;-604.572;1214.14
0.399874;-0.010052;0;-479.027;1344.31;-604.883;1214.77
0.399968;-0.00502642;0;-479.258;1345.07;-605.194;1215.39
