0.4;0;0;-413.025;1354.56;-605.499;1216.01
0.399968;0.00502642;0;-421.708;1350.5;-605.176;1215.36
0.399874;0.010052;0;-430.566;1346.37;-604.846;1214.69
0.399716;0.0150761;0;-439.426;1342.23;-604.516;1214.03
0.399495;0.0200977;0;-448.288;1338.09;-604.186;1213.37
0.399211;0.0251162;0;-457.149;1333.96;-603.857;1212.71
0.398864;0.0301307;0;-466.008;1329.82;-603.527;1212.05
0.398453;0.0351405;0;-474.864;1325.68;-603.197;1211.38
0.39798;0.0401447;0;-483.715;1321.55;-602.868;1210.72
0.397445;0.0451426;0;-489.684;1316.66;-602.262;1209.51
0.396846;0.0501333;0;-494.516;1311.61;-601.511;1208
0.396185;0.0551161;0;-499.344;1306.57;-600.76;1206.49
0.395461;0.0600902;0;-504.167;1301.53;-600.009;1204.98
0.394674;0.0650549;0;-510.438;1294.76;-598.657;1202.27
0.393826;0.0700092;0;-517.118;1287.53;-597.179;1199.3
0.392915;0.0749525;0;-523.798;1280.3;-595.699;1196.33
0.391942;0.079884;0;-530.477;1273.08;-594.219;1193.35
0.390907;0.0848028;0;-537.153;1265.86;-592.738;1190.38
0.389811;0.0897083;0;-543.824;1258.64;-591.257;1187.4
0.388653;0.0945996;0;-550.492;1251.44;-589.777;1184.43
0.387433;0.099476;0;-557.153;1244.24;-588.296;1181.46
0.386153;0.104337;0;-563.49;1237.49;-586.735;1178.32
0.384811;0.109181;0;-569.945;1230.39;-584.911;1174.66
0.383409;0.114008;0;-576.402;1223.28;-583.087;1171
0.381946;0.118817;0;-582.86;1216.17;-581.263;1167.33
0.380423;0.123607;0;-589.318;1209.06;-579.441;1163.67
0.378839;0.128377;0;-594.334;1204.31;-577.048;1158.87
0.377196;0.133128;0;-598.814;1200.55;-574.287;1153.32
0.375494;0.137857;0;-602.146;1194.25;-571.544;1147.81
0.373732;0.142565;0;-605.47;1187.9;-568.8;1142.3
0.371911;0.14725;0;-608.799;1181.55;-566.055;1136.79
0.370031;0.151912;0;-612.133;1175.19;-563.308;1131.28
0.368093;0.156549;0;-615.471;1168.82;-560.562;1125.76
0.366096;0.161163;0;-618.814;1162.45;-557.815;1120.24
0.364042;0.16575;0;-622.16;1156.08;-555.069;1114.73
0.361931;0.170312;0;-625.509;1149.7;-552.323;1109.21
0.359762;0.174846;0;-628.86;1143.32;-549.579;1103.7
0.357537;0.179353;0;-632.214;1136.94;-546.836;1098.2
0.355255;0.183832;0;-635.568;1130.56;-544.096;1092.69
0.352916;0.188282;0;-635.951;1125.9;-540.748;1085.97
0.350523;0.192701;0;-633.389;1121.54;-536.805;1078.05
0.348074;0.197091;0;-630.829;1117.18;-532.858;1070.12
0.345569;0.201449;0;-628.271;1112.81;-528.909;1062.19
0.343011;0.205776;0;-625.716;1108.43;-524.957;1054.26
0.340398;0.21007;0;-623.164;1104.05;-521.004;1046.32
0.337731;0.214331;0;-620.615;1099.67;-517.05;1038.38
0.335011;0.218558;0;-618.071;1095.28;-513.095;1030.43
0.332238;0.22275;0;-615.531;1090.89;-509.14;1022.49
0.329413;0.226908;0;-612.996;1086.5;-505.186;1014.55
0.326536;0.231029;0;-610.466;1082.11;-501.234;1006.61
0.323607;0.235114;0;-608.051;1077.64;-497.279;998.67
0.320627;0.239162;0;-605.295;1073.34;-493.312;990.704
0.317596;0.243172;0;-602.526;1069.05;-489.349;982.745
0.314515;0.247144;0;-596.679;1063.42;-484.765;973.539
0.311385;0.251077;0;-588.889;1057.39;-479.805;963.578
0.308205;0.25497;0;-581.08;1051.37;-474.841;953.61
0.304977;0.258822;0;-573.176;1045.35;-469.873;943.631
0.301701;0.262634;0;-565.103;1039.37;-464.897;933.638
0.298376;0.266405;0;-557.049;1033.38;-459.916;923.635
0.295005;0.270133;0;-549.024;1027.37;-454.929;913.62
0.291587;0.273819;0;-541.003;1021.36;-449.942;903.606
0.288124;0.277461;0;-532.988;1015.35;-444.956;893.593
0.284614;0.28106;0;-524.979;1009.35;-439.972;883.583
0.28106;0.284614;0;-516.978;1003.34;-434.99;873.578
0.277461;0.288124;0;-508.518;996.976;-429.918;863.391
0.273819;0.291587;0;-497.737;986.455;-424.05;851.608
0.270133;0.295005;0;-486.948;975.925;-418.178;839.814
0.266405;0.298376;0;-476.152;965.388;-412.3;828.011
0.262634;0.301701;0;-465.352;954.846;-406.42;816.2
0.258822;0.304977;0;-454.549;944.299;-400.536;804.385
0.25497;0.308205;0;-443.745;933.751;-394.651;792.566
0.251077;0.311385;0;-432.979;923.217;-388.763;780.742
0.247144;0.314515;0;-422.202;912.684;-382.875;768.916
0.243172;0.317596;0;-411.277;902.143;-376.981;757.08
0.239162;0.320627;0;-400.349;891.606;-371.09;745.249
0.235114;0.323607;0;-389.422;881.074;-365.201;733.423
0.231029;0.326536;0;-378.496;870.549;-359.317;721.605
0.226908;0.329413;0;-367.573;860.033;-353.437;709.797
0.22275;0.332238;0;-357.09;846.627;-347.135;697.141
0.218558;0.335011;0;-346.162;831.176;-340.45;683.717
0.214331;0.337731;0;-335.222;815.712;-333.761;670.282
0.21007;0.340398;0;-324.271;800.236;-327.067;656.839
0.205776;0.343011;0;-313.311;784.75;-320.37;643.39
0.201449;0.345569;0;-302.344;769.258;-313.671;629.937
0.197091;0.348074;0;-291.371;753.761;-306.971;616.482
0.192701;0.350523;0;-280.395;738.263;-300.272;603.027
0.188282;0.352916;0;-269.416;722.765;-293.573;589.574
0.183832;0.355255;0;-258.437;707.27;-286.877;576.126
0.179353;0.357537;0;-247.46;691.78;-280.184;562.685
0.174846;0.359762;0;-236.486;676.298;-273.495;549.252
0.170312;0.361931;0;-226.927;660.096;-266.698;535.602
0.16575;0.364042;0;-217.225;641.173;-259.383;520.911
0.161163;0.366096;0;-207.306;622.148;-252.031;506.147
0.156549;0.368093;0;-197.376;603.104;-244.673;491.369
0.151912;0.370031;0;-187.439;584.044;-237.307;476.577
0.14725;0.371911;0;-177.494;564.971;-229.937;461.776
0.142565;0.373732;0;-167.544;545.887;-222.563;446.966
0.137857;0.375494;0;-157.59;526.796;-215.186;432.151
0.133128;0.377196;0;-147.634;507.702;-207.807;417.333
0.128377;0.378839;0;-137.678;488.606;-200.428;402.514
0.123607;0.380423;0;-127.722;469.512;-193.05;387.696
0.118817;0.381946;0;-119.683;451.178;-185.821;373.18
0.114008;0.383409;0;-113.187;432.267;-178.198;357.871
0.109181;0.384811;0;-106.688;413.347;-170.572;342.555
0.104337;0.386153;0;-100.187;394.422;-162.944;327.236
0.099476;0.387433;0;-93.686;375.494;-155.315;311.914
0.0945996;0.388653;0;-87.1849;356.567;-147.686;296.593
0.0897083;0.389811;0;-80.6851;337.644;-140.058;281.275
0.0848028;0.390907;0;-74.1876;318.727;-132.434;265.962
0.079884;0.391942;0;-67.6934;299.82;-124.813;250.658
0.0749525;0.392915;0;-61.2037;280.925;-117.197;235.363
0.0700092;0.393826;0;-54.7193;262.046;-109.587;220.081
0.0650549;0.394674;0;-48.2414;243.186;-101.985;204.814
0.0600902;0.395461;0;-41.7709;224.347;-94.3921;189.565
0.0551161;0.396185;0;-35.3089;205.533;-86.8088;174.336
0.0501333;0.396846;0;-29.5156;187.001;-78.9727;158.599
0.0451426;0.397445;0;-24.0078;168.651;-71.0909;142.77
0.0401447;0.39798;0;-18.4927;150.28;-63.2001;126.923
0.0351405;0.398453;0;-12.9711;131.892;-55.3015;111.06
0.0301307;0.398864;0;-7.44391;113.488;-47.3964;95.1848
0.0251162;0.399211;0;-1.91203;95.072;-39.486;79.2987
0.0200977;0.399495;0;3.62369;76.6469;-31.5717;63.4044
0.0150761;0.399716;0;9.16239;58.2154;-23.6545;47.5047
0.010052;0.399874;0;14.7032;39.7804;-15.7358;31.6018
0.00502642;0.399968;0;20.2452;21.345;-7.81691;15.6985
2.44929e-17;0.4;0;25.7875;2.91191;0.101042;-0.202919
-0.00502642;0.399968;0;31.3293;-15.5159;8.01676;-16.0998
-0.010052;0.399874;0;36.8698;-33.9354;15.929;-31.9897
-0.0150761;0.399716;0;42.4079;-52.3439;23.8365;-47.8701
-0.0200977;0.399495;0;47.9429;-70.7383;31.738;-63.7385
-0.0251162;0.399211;0;53.4738;-89.1158;39.6323;-79.5924
-0.0301307;0.398864;0;58.9999;-107.473;47.5181;-95.4292
-0.0351405;0.398453;0;64.1729;-125.363;55.3267;-111.111
-0.0401447;0.39798;0;69.2865;-142.346;63.0897;-126.701
-0.0451426;0.397445;0;74.7903;-158.968;70.8436;-142.273
-0.0501333;0.396846;0;80.3006;-175.603;78.6037;-157.857
-0.0551161;0.396185;0;85.8167;-192.247;86.3688;-173.452
-0.0600902;0.395461;0;91.3376;-208.9;94.1376;-189.054
-0.0650549;0.394674;0;96.8624;-225.558;101.909;-204.661
-0.0700092;0.393826;0;102.39;-242.218;109.682;-220.271
-0.0749525;0.392915;0;107.92;-258.878;117.455;-235.881
-0.079884;0.391942;0;113.452;-275.535;125.226;-251.489
-0.0848028;0.390907;0;118.984;-292.187;132.996;-267.092
-0.0897083;0.389811;0;124.515;-308.831;140.762;-282.687
-0.0945996;0.388653;0;130.045;-325.464;148.523;-298.273
-0.099476;0.387433;0;135.573;-342.083;156.277;-313.848
-0.104337;0.386153;0;140.839;-358.066;163.914;-329.184
-0.109181;0.384811;0;146.295;-373.203;171.321;-344.059
-0.114008;0.383409;0;152.337;-388.445;178.647;-358.771
-0.118817;0.381946;0;158.385;-403.699;185.978;-373.494
-0.123607;0.380423;0;164.438;-418.961;193.313;-388.225
-0.128377;0.378839;0;170.495;-434.229;200.652;-402.964
-0.133128;0.377196;0;176.555;-449.501;207.993;-417.707
-0.137857;0.375494;0;182.617;-464.774;215.336;-432.452
-0.142565;0.373732;0;188.681;-480.046;222.678;-447.197
-0.14725;0.371911;0;194.744;-495.315;230.019;-461.939
-0.151912;0.370031;0;200.811;-510.482;237.327;-476.617
-0.156549;0.368093;0;206.652;-525.733;244.64;-491.303
-0.161163;0.366096;0;212.487;-540.977;251.949;-505.981
-0.16575;0.364042;0;218.315;-556.211;259.253;-520.649
-0.170312;0.361931;0;224.135;-571.435;266.55;-535.305
-0.174846;0.359762;0;230.148;-586.419;273.533;-549.328
-0.179353;0.357537;0;236.018;-600.275;280.181;-562.68
-0.183832;0.355255;0;241.889;-614.144;286.835;-576.042
-0.188282;0.352916;0;247.76;-628.024;293.493;-589.413
-0.192701;0.350523;0;253.63;-641.913;300.153;-602.789
-0.197091;0.348074;0;259.498;-655.808;306.816;-616.169
-0.201449;0.345569;0;265.364;-669.707;313.479;-629.551
-0.205776;0.343011;0;271.227;-683.609;320.142;-642.933
-0.21007;0.340398;0;277.085;-697.51;326.804;-656.312
-0.214331;0.337731;0;282.937;-711.409;333.464;-669.686
-0.218558;0.335011;0;288.783;-725.303;340.12;-683.054
-0.22275;0.332238;0;294.77;-739.386;346.678;-696.223
-0.226908;0.329413;0;301.336;-754.492;353.109;-709.138
-0.231029;0.326536;0;306.814;-766.846;358.91;-720.789
-0.235114;0.323607;0;312.384;-779.349;364.792;-732.6
-0.239162;0.320627;0;317.955;-791.862;370.677;-744.42
-0.243172;0.317596;0;323.529;-804.384;376.566;-756.246
-0.247144;0.314515;0;329.102;-816.912;382.456;-768.075
-0.251077;0.311385;0;334.675;-829.445;388.348;-779.907
-0.25497;0.308205;0;340.247;-841.98;394.24;-791.74
-0.258822;0.304977;0;345.816;-854.515;400.131;-803.571
-0.262634;0.301701;0;351.383;-867.049;406.02;-815.398
-0.266405;0.298376;0;356.945;-879.58;411.907;-827.221
-0.270133;0.295005;0;362.502;-892.105;417.79;-839.036
-0.273819;0.291587;0;368.054;-904.622;423.669;-850.842
-0.277461;0.288124;0;373.147;-917.406;429.17;-861.89
-0.28106;0.284614;0;378.029;-929.567;434.373;-872.339
-0.284614;0.28106;0;382.964;-940.553;439.386;-882.407
-0.288124;0.277461;0;387.897;-951.548;444.402;-892.479
-0.291587;0.273819;0;392.83;-962.552;449.419;-902.554
-0.295005;0.270133;0;397.76;-973.562;454.436;-912.631
-0.298376;0.266405;0;402.686;-984.576;459.453;-922.707
-0.301701;0.262634;0;407.609;-995.594;464.47;-932.781
-0.304977;0.258822;0;412.527;-1006.61;469.484;-942.851
-0.308205;0.25497;0;417.439;-1017.63;474.496;-952.917
-0.311385;0.251077;0;422.345;-1028.65;479.505;-962.976
-0.314515;0.247144;0;427.244;-1039.66;484.509;-973.026
-0.317596;0.243172;0;431.703;-1050.85;489.161;-982.368
-0.320627;0.239162;0;435.488;-1059.79;493.136;-990.35
-0.323607;0.235114;0;439.274;-1068.74;497.114;-998.339
-0.326536;0.231029;0;443.06;-1077.69;501.094;-1006.33
-0.329413;0.226908;0;446.845;-1086.66;505.076;-1014.33
-0.332238;0.22275;0;450.628;-1095.63;509.059;-1022.33
-0.335011;0.218558;0;454.409;-1104.61;513.043;-1030.33
-0.337731;0.214331;0;457.887;-1113.69;516.967;-1038.21
-0.340398;0.21007;0;461.398;-1122.55;520.892;-1046.09
-0.343011;0.205776;0;464.909;-1131.4;524.817;-1053.98
-0.345569;0.201449;0;468.418;-1140.24;528.741;-1061.85
-0.348074;0.197091;0;471.927;-1149.08;532.662;-1069.73
-0.350523;0.192701;0;475.434;-1157.9;536.581;-1077.6
-0.352916;0.188282;0;478.939;-1166.72;540.497;-1085.46
-0.355255;0.183832;0;481.865;-1174.23;544.023;-1092.55
-0.357537;0.179353;0;484.314;-1180.78;546.9;-1098.32
-0.359762;0.174846;0;486.775;-1187.37;549.788;-1104.12
-0.361931;0.170312;0;489.236;-1193.96;552.677;-1109.92
-0.364042;0.16575;0;491.699;-1200.53;555.566;-1115.73
-0.366096;0.161163;0;494.162;-1207.1;558.455;-1121.53
-0.368093;0.156549;0;496.626;-1213.66;561.343;-1127.33
-0.370031;0.151912;0;499.089;-1220.2;564.23;-1133.13
-0.371911;0.14725;0;501.552;-1226.74;567.116;-1138.92
-0.373732;0.142565;0;504.013;-1233.26;570;-1144.71
-0.375494;0.137857;0;506.474;-1239.77;572.881;-1150.5
-0.377196;0.133128;0;509.12;-1245.77;575.675;-1156.11
-0.378839;0.128377;0;510.754;-1249.89;577.608;-1159.99
-0.380423;0.123607;0;512.023;-1253.91;579.391;-1163.57
-0.381946;0.118817;0;513.294;-1257.93;581.175;-1167.16
-0.383409;0.114008;0;514.567;-1261.94;582.96;-1170.74
-0.384811;0.109181;0;515.841;-1265.95;584.746;-1174.33
-0.386153;0.104337;0;517.116;-1269.96;586.532;-1177.92
-0.387433;0.099476;0;518.391;-1273.96;588.319;-1181.5
-0.388653;0.0945996;0;519.668;-1277.96;590.105;-1185.09
-0.389811;0.0897083;0;520.945;-1281.95;591.89;-1188.68
-0.390907;0.0848028;0;522.222;-1285.93;593.675;-1192.26
-0.391942;0.079884;0;523.499;-1289.91;595.459;-1195.84
-0.392915;0.0749525;0;524.776;-1293.88;597.242;-1199.42
-0.393826;0.0700092;0;526.053;-1297.84;599.022;-1203
-0.394674;0.0650549;0;527.314;-1301.76;600.787;-1206.54
-0.395461;0.0600902;0;527.465;-1303.23;601.484;-1207.94
-0.396185;0.0551161;0;527.497;-1304.48;602.07;-1209.12
-0.396846;0.0501333;0;527.53;-1305.73;602.656;-1210.3
-0.397445;0.0451426;0;527.564;-1306.98;603.241;-1211.47
-0.39798;0.0401447;0;527.598;-1308.21;603.827;-1212.65
-0.398453;0.0351405;0;527.662;-1309.17;604.398;-1213.8
-0.398864;0.0301307;0;527.609;-1310.26;604.952;-1214.91
-0.399211;0.0251162;0;527.506;-1311.43;605.501;-1216.01
-0.399495;0.0200977;0;527.399;-1312.61;606.05;-1217.11
-0.399716;0.0150761;0;527.288;-1313.8;606.598;-1218.21
-0.399874;0.010052;0;527.173;-1314.99;607.146;-1219.31
-0.399968;0.00502642;0;527.054;-1316.19;607.692;-1220.41
-0.4;4.89859e-17;0;526.931;-1317.4;608.238;-1221.51
-0.399968;-0.00502642;0;525.889;-1316.52;607.86;-1220.75
-0.399874;-0.010052;0;524.737;-1315.13;607.284;-1219.59
-0.399716;-0.0150761;0;523.579;-1313.75;606.708;-1218.43
-0.399495;-0.0200977;0;522.416;-1312.38;606.131;-1217.27
-0.399211;-0.0251162;0;521.248;-1311.01;605.553;-1216.11
-0.398864;-0.0301307;0;520.076;-1309.65;604.975;-1214.95
-0.398453;-0.0351405;0;518.899;-1308.29;604.396;-1213.79
-0.39798;-0.0401447;0;517.718;-1306.94;603.817;-1212.63
-0.397445;-0.0451426;0;516.533;-1305.6;603.238;-1211.47
-0.396846;-0.0501333;0;515.344;-1304.27;602.658;-1210.3
-0.396185;-0.0551161;0;514.152;-1302.95;602.079;-1209.14
-0.395461;-0.0600902;0;512.956;-1301.63;601.499;-1207.97
-0.394674;-0.0650549;0;511.746;-1300.32;600.918;-1206.81
-0.393826;-0.0700092;0;509.408;-1296.48;599.197;-1203.35
-0.392915;-0.0749525;0;507.014;-1292.56;597.433;-1199.81
-0.391942;-0.079884;0;504.615;-1288.63;595.667;-1196.26
-0.390907;-0.0848028;0;502.21;-1284.72;593.899;-1192.71
-0.389811;-0.0897083;0;499.8;-1280.8;592.131;-1189.16
-0.388653;-0.0945996;0;497.387;-1276.89;590.361;-1185.61
-0.387433;-0.099476;0;494.969;-1272.99;588.591;-1182.05
-0.386153;-0.104337;0;492.547;-1269.09;586.821;-1178.5
-0.384811;-0.109181;0;490.123;-1265.2;585.051;-1174.94
-0.383409;-0.114008;0;487.695;-1261.32;583.281;-1171.39
-0.381946;-0.118817;0;485.265;-1257.44;581.512;-1167.83
-0.380423;-0.123607;0;482.833;-1253.58;579.744;-1164.28
-0.378839;-0.128377;0;480.373;-1249.49;577.884;-1160.55
-0.377196;-0.133128;0;477.465;-1243.52;575.215;-1155.19
-0.375494;-0.137857;0;474.55;-1237.56;572.545;-1149.82
-0.373732;-0.142565;0;471.628;-1231.6;569.873;-1144.46
-0.371911;-0.14725;0;467.731;-1225.72;566.938;-1138.56
-0.370031;-0.151912;0;463.855;-1219.55;563.966;-1132.6
-0.368093;-0.156549;0;459.979;-1213.37;560.992;-1126.62
-0.366096;-0.161163;0;456.104;-1207.19;558.018;-1120.65
-0.364042;-0.16575;0;452.231;-1200.99;555.042;-1114.68
-0.361931;-0.170312;0;448.358;-1194.79;552.067;-1108.7
-0.359762;-0.174846;0;444.489;-1188.58;549.092;-1102.72
-0.357537;-0.179353;0;440.622;-1182.37;546.117;-1096.75
-0.355255;-0.183832;0;437.208;-1175.59;542.745;-1089.98
-0.352916;-0.188282;0;433.759;-1168.61;539.294;-1083.05
-0.350523;-0.192701;0;430.258;-1160.85;535.676;-1075.78
-0.348074;-0.197091;0;426.577;-1152.46;531.84;-1068.08
-0.345569;-0.201449;0;422.896;-1144.07;528.001;-1060.37
-0.343011;-0.205776;0;419.215;-1135.66;524.161;-1052.66
-0.340398;-0.21007;0;415.535;-1127.25;520.32;-1044.94
-0.337731;-0.214331;0;411.857;-1118.84;516.48;-1037.23
-0.335011;-0.218558;0;408.18;-1110.42;512.639;-1029.52
-0.332238;-0.22275;0;404.507;-1102;508.801;-1021.81
-0.329413;-0.226908;0;400.836;-1093.58;504.963;-1014.1
-0.326536;-0.231029;0;396.713;-1084.88;501.007;-1006.16
-0.323607;-0.235114;0;392.358;-1076.35;496.996;-998.102
-0.320627;-0.239162;0;388.001;-1067.84;492.987;-990.051
-0.317596;-0.243172;0;383.73;-1059.2;488.964;-981.972
-0.314515;-0.247144;0;379.524;-1048.69;484.263;-972.532
-0.311385;-0.251077;0;374.661;-1038.23;479.25;-962.463
-0.308205;-0.25497;0;369.79;-1027.77;474.232;-952.386
-0.304977;-0.258822;0;364.912;-1017.3;469.211;-942.302
-0.301701;-0.262634;0;360.028;-1006.84;464.187;-932.213
-0.298376;-0.266405;0;355.14;-996.384;459.161;-922.12
-0.295005;-0.270133;0;350.247;-985.931;454.135;-912.025
-0.291587;-0.273819;0;345.35;-975.484;449.108;-901.93
-0.288124;-0.277461;0;340.45;-965.045;444.082;-891.837
-0.284614;-0.28106;0;335.549;-954.616;439.057;-881.745
-0.28106;-0.284614;0;330.646;-944.198;434.034;-871.659
-0.277461;-0.288124;0;326.503;-932.395;428.726;-860.998
-0.273819;-0.291587;0;322.361;-920.257;423.293;-850.088
-0.270133;-0.295005;0;317.383;-908.34;417.578;-838.609
-0.266405;-0.298376;0;312.293;-896.112;411.729;-826.864
-0.262634;-0.301701;0;307.199;-883.882;405.878;-815.112
-0.258822;-0.304977;0;302.101;-871.65;400.024;-803.357
-0.25497;-0.308205;0;297.002;-859.419;394.17;-791.599
-0.251077;-0.311385;0;291.9;-847.19;388.315;-779.842
-0.247144;-0.314515;0;286.798;-834.966;382.461;-768.086
-0.243172;-0.317596;0;281.697;-822.749;376.609;-756.333
-0.239162;-0.320627;0;276.596;-810.54;370.759;-744.585
-0.235114;-0.323607;0;271.496;-798.341;364.913;-732.845
-0.231029;-0.326536;0;266.4;-786.155;359.072;-721.114
-0.226908;-0.329413;0;261.727;-773.103;353.057;-709.034
-0.22275;-0.332238;0;257.342;-758.696;346.632;-696.13
-0.218558;-0.335011;0;252.081;-744.716;340.036;-682.884
-0.214331;-0.337731;0;246.75;-730.603;333.375;-669.508
-0.21007;-0.340398;0;241.414;-716.488;326.711;-656.124
-0.205776;-0.343011;0;236.074;-702.374;320.044;-642.736
-0.201449;-0.345569;0;230.732;-688.261;313.377;-629.345
-0.197091;-0.348074;0;225.387;-674.153;306.709;-615.954
-0.192701;-0.350523;0;220.041;-660.052;300.041;-602.564
-0.188282;-0.352916;0;214.694;-645.959;293.376;-589.179
-0.183832;-0.355255;0;209.348;-631.878;286.714;-575.799
-0.179353;-0.357537;0;204.003;-617.81;280.055;-562.427
-0.174846;-0.359762;0;198.66;-603.758;273.402;-549.065
-0.170312;-0.361931;0;194.465;-587.852;266.449;-535.101
-0.16575;-0.364042;0;189.108;-572.15;259.231;-520.605
-0.161163;-0.366096;0;183.594;-556.342;251.936;-505.956
-0.156549;-0.368093;0;178.076;-540.528;244.637;-491.297
-0.151912;-0.370031;0;172.554;-524.708;237.334;-476.631
-0.14725;-0.371911;0;167.03;-508.887;230.029;-461.96
-0.142565;-0.373732;0;161.504;-493.066;222.722;-447.286
-0.137857;-0.375494;0;155.978;-477.248;215.415;-432.612
-0.133128;-0.377196;0;150.451;-461.436;208.11;-417.941
-0.128377;-0.378839;0;144.925;-445.631;200.807;-403.274
-0.123607;-0.380423;0;139.402;-429.837;193.507;-388.614
-0.118817;-0.381946;0;133.88;-414.056;186.211;-373.962
-0.114008;-0.383409;0;128.363;-398.29;178.921;-359.322
-0.109181;-0.384811;0;122.931;-382.477;171.644;-344.708
-0.104337;-0.386153;0;117.502;-365.15;163.958;-329.272
-0.099476;-0.387433;0;111.706;-348.043;156.251;-313.795
-0.0945996;-0.388653;0;105.908;-330.932;148.54;-298.309
-0.0897083;-0.389811;0;100.109;-313.818;140.826;-282.817
-0.0848028;-0.390907;0;94.3279;-296.808;133.116;-267.333
-0.079884;-0.391942;0;88.5502;-279.735;125.391;-251.82
-0.0749525;-0.392915;0;82.7682;-262.616;117.662;-236.297
-0.0700092;-0.393826;0;76.987;-245.495;109.934;-220.777
-0.0650549;-0.394674;0;71.2075;-228.377;102.208;-205.261
-0.0600902;-0.395461;0;65.4306;-211.262;94.4856;-189.753
-0.0551161;-0.396185;0;59.6572;-194.155;86.768;-174.254
-0.0501333;-0.396846;0;53.0934;-177.165;78.9546;-158.562
-0.0451426;-0.397445;0;46.8397;-159.445;71.0633;-142.714
-0.0401447;-0.39798;0;40.5811;-141.713;63.1675;-126.857
-0.0351405;-0.398453;0;34.3183;-123.972;55.2685;-110.994
-0.0301307;-0.398864;0;28.0668;-106.196;47.3804;-95.1527
-0.0251162;-0.399211;0;21.8732;-88.4147;39.4739;-79.2742
-0.0200977;-0.399495;0;15.6812;-70.6338;31.5668;-63.3947
-0.0150761;-0.399716;0;9.49187;-52.8558;23.6605;-47.5166
-0.010052;-0.399874;0;3.30619;-35.0833;15.7561;-31.6425
-0.00502642;-0.399968;0;-2.87487;-17.3193;7.85496;-15.7749
-7.34788e-17;-0.4;0;-9.05034;0.433582;-0.0417188;0.0837827
0.00502642;-0.399968;0;-15.438;17.8519;-7.87588;15.8169
0.010052;-0.399874;0;-22.466;34.8804;-15.7403;31.6108
0.0150761;-0.399716;0;-29.4977;51.9218;-23.6113;47.4179
0.0200977;-0.399495;0;-36.5318;68.9734;-31.4876;63.2356
0.0251162;-0.399211;0;-43.5673;86.0325;-39.368;79.0615
0.0301307;-0.398864;0;-50.6031;103.096;-47.2512;94.8931
0.0351405;-0.398453;0;-57.6379;120.162;-55.1359;110.728
0.0401447;-0.39798;0;-64.6708;137.228;-63.021;126.563
0.0451426;-0.397445;0;-71.7007;154.29;-70.9051;142.397
0.0501333;-0.396846;0;-78.7263;171.346;-78.7871;158.226
0.0551161;-0.396185;0;-83.8239;191.401;-86.6268;173.97
0.0600902;-0.395461;0;-88.8943;211.575;-94.4938;189.769
0.0650549;-0.394674;0;-95.8318;228.397;-102.122;205.089
0.0700092;-0.393826;0;-102.974;245.355;-109.87;220.649
0.0749525;-0.392915;0;-110.112;262.317;-117.619;236.211
0.079884;-0.391942;0;-117.246;279.279;-125.368;251.772
0.0848028;-0.390907;0;-124.115;295.452;-132.946;266.992
0.0897083;-0.389811;0;-131.209;311.206;-140.584;282.332
0.0945996;-0.388653;0;-138.307;326.961;-148.225;297.675
0.099476;-0.387433;0;-145.409;342.715;-155.866;313.02
0.104337;-0.386153;0;-152.515;358.466;-163.506;328.365
0.109181;-0.384811;0;-159.621;374.211;-171.145;343.706
0.114008;-0.383409;0;-166.729;389.948;-178.781;359.041
0.118817;-0.381946;0;-173.437;404.589;-186.036;373.61
0.123607;-0.380423;0;-180.152;419.187;-193.351;388.301
0.128377;-0.378839;0;-186.873;433.79;-200.67;402.999
0.133128;-0.377196;0;-193.599;448.397;-207.991;417.702
0.137857;-0.375494;0;-200.329;463.005;-215.314;432.409
0.142565;-0.373732;0;-207.062;477.613;-222.637;447.116
0.14725;-0.371911;0;-213.796;492.216;-229.96;461.822
0.151912;-0.370031;0;-220.531;506.814;-237.28;476.523
0.156549;-0.368093;0;-227.266;521.404;-244.598;491.219
0.161163;-0.366096;0;-233.999;535.984;-251.911;505.906
0.16575;-0.364042;0;-240.729;550.551;-259.219;520.582
0.170312;-0.361931;0;-247.309;563.34;-266.392;534.987
0.174846;-0.359762;0;-253.429;574.411;-273.338;548.937
0.179353;-0.357537;0;-258.412;586.458;-280.022;562.36
0.183832;-0.355255;0;-263.403;598.508;-286.71;575.792
0.188282;-0.352916;0;-268.4;610.557;-293.402;589.231
0.192701;-0.350523;0;-273.403;622.605;-300.096;602.675
0.197091;-0.348074;0;-278.412;634.649;-306.792;616.121
0.201449;-0.345569;0;-283.424;646.688;-313.487;629.567
0.205776;-0.343011;0;-288.44;658.72;-320.182;643.012
0.21007;-0.340398;0;-293.458;670.742;-326.874;656.452
0.214331;-0.337731;0;-298.478;682.753;-333.564;669.887
0.218558;-0.335011;0;-303.5;694.751;-340.25;683.314
0.22275;-0.332238;0;-308.521;706.734;-346.93;696.73
0.226908;-0.329413;0;-312.029;715.194;-353.303;709.528
0.231029;-0.326536;0;-314.097;725.408;-359.175;721.321
0.235114;-0.323607;0;-316.17;735.625;-365.053;733.125
0.239162;-0.320627;0;-318.246;745.842;-370.934;744.936
0.243172;-0.317596;0;-320.326;756.058;-376.818;756.753
0.247144;-0.314515;0;-322.409;766.272;-382.705;768.575
0.251077;-0.311385;0;-324.495;776.481;-388.592;780.398
0.25497;-0.308205;0;-326.584;786.685;-394.48;792.222
0.258822;-0.304977;0;-328.675;796.881;-400.367;804.045
0.262634;-0.301701;0;-330.768;807.069;-406.252;815.864
0.266405;-0.298376;0;-332.862;817.245;-412.135;827.679
0.270133;-0.295005;0;-334.958;827.409;-418.014;839.486
0.273819;-0.291587;0;-337.055;837.56;-423.889;851.284
0.277461;-0.288124;0;-338.513;847.08;-429.65;862.854
0.28106;-0.284614;0;-337.855;856.318;-434.766;873.128
0.284614;-0.28106;0;-337.03;866.289;-439.738;883.112
0.288124;-0.277461;0;-336.207;876.253;-444.711;893.101
0.291587;-0.273819;0;-335.387;886.208;-449.687;903.094
0.295005;-0.270133;0;-334.569;896.153;-454.664;913.088
0.298376;-0.266405;0;-333.753;906.086;-459.641;923.083
0.301701;-0.262634;0;-332.94;916.006;-464.617;933.077
0.304977;-0.258822;0;-332.129;925.911;-469.592;943.069
0.308205;-0.25497;0;-331.322;935.799;-474.565;953.056
0.311385;-0.251077;0;-330.517;945.669;-479.535;963.037
0.314515;-0.247144;0;-329.716;955.52;-484.502;973.011
0.317596;-0.243172;0;-327.633;964.76;-489.29;982.628
0.320627;-0.239162;0;-325.627;975.645;-493.24;990.559
0.323607;-0.235114;0;-323.619;986.53;-497.193;998.498
0.326536;-0.231029;0;-321.611;997.413;-501.148;1006.44
0.329413;-0.226908;0;-319.601;1008.29;-505.106;1014.39
0.332238;-0.22275;0;-317.591;1019.17;-509.065;1022.34
0.335011;-0.218558;0;-315.581;1030.03;-513.024;1030.29
0.337731;-0.214331;0;-313.57;1040.89;-516.984;1038.24
0.340398;-0.21007;0;-311.56;1051.73;-520.944;1046.2
0.343011;-0.205776;0;-309.551;1062.57;-524.902;1054.15
0.345569;-0.201449;0;-307.543;1073.39;-528.859;1062.09
0.348074;-0.197091;0;-305.536;1084.19;-532.813;1070.03
0.350523;-0.192701;0;-303.531;1094.98;-536.764;1077.97
0.352916;-0.188282;0;-301.528;1105.75;-540.712;1085.9
0.355255;-0.183832;0;-299.638;1116.68;-544.132;1092.76
0.357537;-0.179353;0;-298.975;1127.97;-547.022;1098.57
0.359762;-0.174846;0;-298.31;1139.26;-549.913;1104.38
0.361931;-0.170312;0;-297.847;1149.65;-552.678;1109.93
0.364042;-0.16575;0;-297.52;1160.33;-555.423;1115.44
0.366096;-0.161163;0;-297.197;1171.03;-558.169;1120.95
0.368093;-0.156549;0;-296.876;1181.75;-560.915;1126.47
0.370031;-0.151912;0;-296.56;1192.48;-563.661;1131.98
0.371911;-0.14725;0;-296.247;1203.22;-566.406;1137.5
0.373732;-0.142565;0;-295.937;1213.97;-569.151;1143.01
0.375494;-0.137857;0;-295.632;1224.73;-571.894;1148.52
0.377196;-0.133128;0;-295.33;1235.5;-574.635;1154.02
0.378839;-0.128377;0;-295.295;1245.33;-577.362;1159.5
0.380423;-0.123607;0;-296.281;1253.37;-579.816;1164.43
0.381946;-0.118817;0;-299.223;1261.04;-581.571;1167.95
0.383409;-0.114008;0;-302.17;1268.73;-583.328;1171.48
0.384811;-0.109181;0;-305.121;1276.42;-585.084;1175.01
0.386153;-0.104337;0;-308.288;1284.16;-586.752;1178.36
0.387433;-0.099476;0;-311.81;1291.07;-588.256;1181.38
0.388653;-0.0945996;0;-315.333;1297.97;-589.76;1184.4
0.389811;-0.0897083;0;-318.855;1304.87;-591.264;1187.42
0.390907;-0.0848028;0;-322.377;1311.76;-592.769;1190.44
0.391942;-0.079884;0;-325.898;1318.65;-594.273;1193.46
0.392915;-0.0749525;0;-329.417;1325.52;-595.776;1196.48
0.393826;-0.0700092;0;-332.934;1332.39;-597.279;1199.5
0.394674;-0.0650549;0;-336.448;1339.24;-598.781;1202.52
0.395461;-0.0600902;0;-339.959;1346.09;-600.282;1205.53
0.396185;-0.0551161;0;-346.167;1349.86;-601.19;1207.35
0.396846;-0.0501333;0;-353.857;1352.38;-601.866;1208.71
0.397445;-0.0451426;0;-361.548;1354.89;-602.542;1210.07
0.39798;-0.0401447;0;-368.056;1355.83;-603.018;1211.02
0.398453;-0.0351405;0;-373.685;1355.67;-603.329;1211.65
0.398864;-0.0301307;0;-379.317;1355.52;-603.64;1212.27
0.399211;-0.0251162;0;-384.952;1355.36;-603.95;1212.9
0.399495;-0.0200977;0;-390.588;1355.2;-604.261;1213.52
0.399716;-0.0150761;0;-396.225;1355.04;-604.572;1214.14
0.399874;-0.010052;0;-401.861;1354.88;-604.883;1214.77
0.399968;-0.00502642;0;-407.496;1354.71;-605.194;1215.39
