0.4;0;0;-466.577;1331.75;-605.499;1216.01
0.399968;0.00502642;0;-466.32;1331.02;-605.176;1215.36
0.399874;0.010052;0;-466.058;1330.27;-604.846;1214.69
0.399716;0.0150761;0;-465.796;1329.53;-604.516;1214.03
0.399495;0.0200977;0;-465.533;1328.78;-604.186;1213.37
0.399211;0.0251162;0;-465.271;1328.04;-603.857;1212.71
0.398864;0.0301307;0;-465.009;1327.29;-603.527;1212.05
0.398453;0.0351405;0;-464.746;1326.55;-603.197;1211.38
0.39798;0.0401447;0;-464.484;1325.81;-602.868;1210.72
0.397445;0.0451426;0;-463.95;1324.5;-602.262;1209.51
0.396846;0.0501333;0;-463.279;1322.86;-601.511;1208
0.396185;0.0551161;0;-462.608;1321.22;-600.76;1206.49
0.395461;0.0600902;0;-461.937;1319.58;-600.009;1204.98
0.394674;0.0650549;0;-460.764;1316.61;-598.657;1202.27
0.393826;0.0700092;0;-459.482;1313.37;-597.179;1199.3
0.392915;0.0749525;0;-458.2;1310.11;-595.699;1196.33
0.391942;0.079884;0;-456.916;1306.86;-594.219;1193.35
0.390907;0.0848028;0;-455.633;1303.61;-592.738;1190.38
0.389811;0.0897083;0;-454.35;1300.35;-591.257;1187.4
0.388653;0.0945996;0;-453.066;1297.09;-589.777;1184.43
0.387433;0.099476;0;-451.783;1293.84;-588.296;1181.46
0.386153;0.104337;0;-450.425;1290.37;-586.735;1178.32
0.384811;0.109181;0;-448.809;1286.37;-584.911;1174.66
0.383409;0.114008;0;-447.193;1282.37;-583.087;1171
0.381946;0.118817;0;-445.577;1278.37;-581.263;1167.33
0.380423;0.123607;0;-443.962;1274.37;-579.441;1163.67
0.378839;0.128377;0;-441.89;1269.08;-577.048;1158.87
0.377196;0.133128;0;-439.52;1262.97;-574.287;1153.32
0.375494;0.137857;0;-437.153;1256.96;-571.544;1147.81
0.373732;0.142565;0;-434.786;1250.96;-568.8;1142.3
0.371911;0.14725;0;-432.417;1244.95;-566.055;1136.79
0.370031;0.151912;0;-430.048;1238.94;-563.308;1131.28
0.368093;0.156549;0;-427.678;1232.93;-560.562;1125.76
0.366096;0.161163;0;-425.308;1226.92;-557.815;1120.24
0.364042;0.16575;0;-422.938;1220.91;-555.069;1114.73
0.361931;0.170312;0;-420.568;1214.9;-552.323;1109.21
0.359762;0.174846;0;-418.2;1208.9;-549.579;1103.7
0.357537;0.179353;0;-415.832;1202.9;-546.836;1098.2
0.355255;0.183832;0;-413.467;1196.91;-544.096;1092.69
0.352916;0.188282;0;-410.629;1189.56;-540.748;1085.97
0.350523;0.192701;0;-407.314;1180.91;-536.805;1078.05
0.348074;0.197091;0;-403.995;1172.25;-532.858;1070.12
0.345569;0.201449;0;-400.675;1163.59;-528.909;1062.19
0.343011;0.205776;0;-397.352;1154.92;-524.957;1054.26
0.340398;0.21007;0;-394.027;1146.25;-521.004;1046.32
0.337731;0.214331;0;-390.702;1137.58;-517.05;1038.38
0.335011;0.218558;0;-387.376;1128.9;-513.095;1030.43
0.332238;0.22275;0;-384.05;1120.23;-509.14;1022.49
0.329413;0.226908;0;-380.725;1111.56;-505.186;1014.55
0.326536;0.231029;0;-377.401;1102.9;-501.234;1006.61
0.323607;0.235114;0;-374.071;1094.24;-497.279;998.67
0.320627;0.239162;0;-370.733;1085.54;-493.312;990.704
0.317596;0.243172;0;-367.398;1076.84;-489.349;982.745
0.314515;0.247144;0;-363.626;1066.79;-484.765;973.539
0.311385;0.251077;0;-359.591;1055.89;-479.805;963.578
0.308205;0.25497;0;-355.553;1044.99;-474.841;953.61
0.304977;0.258822;0;-351.511;1034.07;-469.873;943.631
0.301701;0.262634;0;-347.464;1023.13;-464.897;933.638
0.298376;0.266405;0;-343.412;1012.18;-459.916;923.635
0.295005;0.270133;0;-339.353;1001.23;-454.929;913.62
0.291587;0.273819;0;-335.295;990.272;-449.942;903.606
0.288124;0.277461;0;-331.237;979.32;-444.956;893.593
0.284614;0.28106;0;-327.181;968.373;-439.972;883.583
0.28106;0.284614;0;-323.126;957.431;-434.99;873.578
0.277461;0.288124;0;-319.024;946.278;-429.918;863.391
0.273819;0.291587;0;-314.422;933.369;-424.05;851.608
0.270133;0.295005;0;-309.816;920.449;-418.178;839.814
0.266405;0.298376;0;-305.206;907.52;-412.3;828.011
0.262634;0.301701;0;-300.594;894.583;-406.42;816.2
0.258822;0.304977;0;-295.98;881.642;-400.536;804.385
0.25497;0.308205;0;-291.364;868.697;-394.651;792.566
0.251077;0.311385;0;-286.744;855.754;-388.763;780.742
0.247144;0.314515;0;-282.123;842.811;-382.875;768.916
0.243172;0.317596;0;-277.499;829.848;-376.981;757.08
0.239162;0.320627;0;-272.876;816.889;-371.09;745.249
0.235114;0.323607;0;-268.256;803.935;-365.201;733.423
0.231029;0.326536;0;-263.638;790.99;-359.317;721.605
0.226908;0.329413;0;-259.025;778.055;-353.437;709.797
0.22275;0.332238;0;-254.177;764.202;-347.135;697.141
0.218558;0.335011;0;-249.118;749.489;-340.45;683.717
0.214331;0.337731;0;-244.054;734.764;-333.761;670.282
0.21007;0.340398;0;-238.987;720.03;-327.067;656.839
0.205776;0.343011;0;-233.918;705.289;-320.37;643.39
0.201449;0.345569;0;-228.847;690.543;-313.671;629.937
0.197091;0.348074;0;-223.775;675.795;-306.971;616.482
0.192701;0.350523;0;-218.704;661.046;-300.272;603.027
0.188282;0.352916;0;-213.634;646.3;-293.573;589.574
0.183832;0.355255;0;-208.565;631.558;-286.877;576.126
0.179353;0.357537;0;-203.499;616.823;-280.184;562.685
0.174846;0.359762;0;-198.436;602.097;-273.495;549.252
0.170312;0.361931;0;-193.326;587.16;-266.698;535.602
0.16575;0.364042;0;-187.928;571.057;-259.383;520.911
0.161163;0.366096;0;-182.504;554.872;-252.031;506.147
0.156549;0.368093;0;-177.075;538.669;-244.673;491.369
0.151912;0.370031;0;-171.641;522.453;-237.307;476.577
0.14725;0.371911;0;-166.203;506.226;-229.937;461.776
0.142565;0.373732;0;-160.763;489.99;-222.563;446.966
0.137857;0.375494;0;-155.32;473.748;-215.186;432.151
0.133128;0.377196;0;-149.876;457.503;-207.807;417.333
0.128377;0.378839;0;-144.432;441.256;-200.428;402.514
0.123607;0.380423;0;-138.988;425.011;-193.05;387.696
0.118817;0.381946;0;-133.711;409.097;-185.821;373.18
0.114008;0.383409;0;-128.21;392.315;-178.198;357.871
0.109181;0.384811;0;-122.706;375.526;-170.572;342.555
0.104337;0.386153;0;-117.201;358.732;-162.944;327.236
0.099476;0.387433;0;-111.696;341.936;-155.315;311.914
0.0945996;0.388653;0;-106.19;325.141;-147.686;296.593
0.0897083;0.389811;0;-100.686;308.349;-140.058;281.275
0.0848028;0.390907;0;-95.1836;291.562;-132.434;265.962
0.079884;0.391942;0;-89.684;274.785;-124.813;250.658
0.0749525;0.392915;0;-84.1881;258.018;-117.197;235.363
0.0700092;0.393826;0;-78.6968;241.266;-109.587;220.081
0.0650549;0.394674;0;-73.2109;224.53;-101.985;204.814
0.0600902;0.395461;0;-67.7313;207.813;-94.3921;189.565
0.0551161;0.396185;0;-62.2588;191.118;-86.8088;174.336
0.0501333;0.396846;0;-56.6505;173.852;-78.9727;158.599
0.0451426;0.397445;0;-51.0129;156.505;-71.0909;142.77
0.0401447;0.39798;0;-45.3689;139.138;-63.2001;126.923
0.0351405;0.398453;0;-39.7193;121.755;-55.3015;111.06
0.0301307;0.398864;0;-34.0651;104.357;-47.3964;95.1848
0.0251162;0.399211;0;-28.4071;86.947;-39.486;79.2987
0.0200977;0.399495;0;-22.7463;69.5285;-31.5717;63.4044
0.0150761;0.399716;0;-17.0834;52.104;-23.6545;47.5047
0.010052;0.399874;0;-11.4195;34.6761;-15.7358;31.6018
0.00502642;0.399968;0;-5.75542;17.2476;-7.81691;15.6985
2.44929e-17;0.4;0;-0.0920171;-0.178725;0.101042;-0.202919
-0.00502642;0.399968;0;5.56979;-17.6001;8.01676;-16.0998
-0.010052;0.399874;0;11.2291;-35.0138;15.929;-31.9897
-0.0150761;0.399716;0;16.885;-52.4171;23.8365;-47.8701
-0.0200977;0.399495;0;22.5367;-69.8073;31.738;-63.7385
-0.0251162;0.399211;0;28.1831;-87.1815;39.6323;-79.5924
-0.0301307;0.398864;0;33.8235;-104.537;47.5181;-95.4292
-0.0351405;0.398453;0;39.4021;-121.777;55.3267;-111.111
-0.0401447;0.39798;0;44.9665;-138.933;63.0897;-126.701
-0.0451426;0.397445;0;50.5548;-155.992;70.8436;-142.273
-0.0501333;0.396846;0;56.1476;-173.064;78.6037;-157.857
-0.0551161;0.396185;0;61.744;-190.148;86.3688;-173.452
-0.0600902;0.395461;0;67.3431;-207.24;94.1376;-189.054
-0.0650549;0.394674;0;72.9439;-224.337;101.909;-204.661
-0.0700092;0.393826;0;78.5457;-241.438;109.682;-220.271
-0.0749525;0.392915;0;84.1475;-258.539;117.455;-235.881
-0.079884;0.391942;0;89.7485;-275.638;125.226;-251.489
-0.0848028;0.390907;0;95.3478;-292.732;132.996;-267.092
-0.0897083;0.389811;0;100.944;-309.817;140.762;-282.687
-0.0945996;0.388653;0;106.538;-326.893;148.523;-298.273
-0.099476;0.387433;0;112.126;-343.955;156.277;-313.848
-0.104337;0.386153;0;117.639;-360.816;163.914;-329.184
-0.109181;0.384811;0;123.044;-377.196;171.321;-344.059
-0.114008;0.383409;0;128.441;-393.317;178.647;-358.771
-0.118817;0.381946;0;133.842;-409.45;185.978;-373.494
-0.123607;0.380423;0;139.246;-425.594;193.313;-388.225
-0.128377;0.378839;0;144.652;-441.745;200.652;-402.964
-0.133128;0.377196;0;150.061;-457.901;207.993;-417.707
-0.137857;0.375494;0;155.469;-474.06;215.336;-432.452
-0.142565;0.373732;0;160.878;-490.219;222.678;-447.197
-0.14725;0.371911;0;166.286;-506.375;230.019;-461.939
-0.151912;0.370031;0;171.666;-522.47;237.327;-476.617
-0.156549;0.368093;0;177.046;-538.564;244.64;-491.303
-0.161163;0.366096;0;182.424;-554.65;251.949;-505.981
-0.16575;0.364042;0;187.797;-570.724;259.253;-520.649
-0.170312;0.361931;0;193.167;-586.785;266.55;-535.305
-0.174846;0.359762;0;198.363;-602.098;273.533;-549.328
-0.179353;0.357537;0;203.397;-616.742;280.181;-562.68
-0.183832;0.355255;0;208.434;-631.397;286.835;-576.042
-0.188282;0.352916;0;213.475;-646.061;293.493;-589.413
-0.192701;0.350523;0;218.518;-660.731;300.153;-602.789
-0.197091;0.348074;0;223.562;-675.405;306.816;-616.169
-0.201449;0.345569;0;228.607;-690.08;313.479;-629.551
-0.205776;0.343011;0;233.652;-704.754;320.142;-642.933
-0.21007;0.340398;0;238.696;-719.425;326.804;-656.312
-0.214331;0.337731;0;243.738;-734.091;333.464;-669.686
-0.218558;0.335011;0;248.778;-748.749;340.12;-683.054
-0.22275;0.332238;0;253.764;-763.156;346.678;-696.223
-0.226908;0.329413;0;258.72;-777.172;353.109;-709.138
-0.231029;0.326536;0;263.265;-789.944;358.91;-720.789
-0.235114;0.323607;0;267.873;-802.895;364.792;-732.6
-0.239162;0.320627;0;272.483;-815.855;370.677;-744.42
-0.243172;0.317596;0;277.096;-828.821;376.566;-756.246
-0.247144;0.314515;0;281.711;-841.791;382.456;-768.075
-0.251077;0.311385;0;286.327;-854.763;388.348;-779.907
-0.25497;0.308205;0;290.942;-867.736;394.24;-791.74
-0.258822;0.304977;0;295.558;-880.706;400.131;-803.571
-0.262634;0.301701;0;300.171;-893.673;406.02;-815.398
-0.266405;0.298376;0;304.783;-906.634;411.907;-827.221
-0.270133;0.295005;0;309.392;-919.586;417.79;-839.036
-0.273819;0.291587;0;313.998;-932.529;423.669;-850.842
-0.277461;0.288124;0;318.341;-944.57;429.17;-861.89
-0.28106;0.284614;0;322.506;-955.956;434.373;-872.339
-0.284614;0.28106;0;326.579;-966.981;439.386;-882.407
-0.288124;0.277461;0;330.655;-978.01;444.402;-892.479
-0.291587;0.273819;0;334.731;-989.041;449.419;-902.554
-0.295005;0.270133;0;338.809;-1000.07;454.436;-912.631
-0.298376;0.266405;0;342.886;-1011.1;459.453;-922.707
-0.301701;0.262634;0;346.962;-1022.13;464.47;-932.781
-0.304977;0.258822;0;351.037;-1033.16;469.484;-942.851
-0.308205;0.25497;0;355.11;-1044.17;474.496;-952.917
-0.311385;0.251077;0;359.181;-1055.18;479.505;-962.976
-0.314515;0.247144;0;363.248;-1066.18;484.509;-973.026
-0.317596;0.243172;0;367.067;-1076.35;489.161;-982.368
-0.320627;0.239162;0;370.409;-1085.08;493.136;-990.35
-0.323607;0.235114;0;373.754;-1093.81;497.114;-998.339
-0.326536;0.231029;0;377.101;-1102.55;501.094;-1006.33
-0.329413;0.226908;0;380.45;-1111.29;505.076;-1014.33
-0.332238;0.22275;0;383.799;-1120.03;509.059;-1022.33
-0.335011;0.218558;0;387.149;-1128.78;513.043;-1030.33
-0.337731;0.214331;0;390.445;-1137.37;516.967;-1038.21
-0.340398;0.21007;0;393.736;-1145.99;520.892;-1046.09
-0.343011;0.205776;0;397.026;-1154.61;524.817;-1053.98
-0.345569;0.201449;0;400.316;-1163.23;528.741;-1061.85
-0.348074;0.197091;0;403.603;-1171.84;532.662;-1069.73
-0.350523;0.192701;0;406.888;-1180.45;536.581;-1077.6
-0.352916;0.188282;0;410.171;-1189.05;540.497;-1085.46
-0.355255;0.183832;0;413.123;-1196.84;544.023;-1092.55
-0.357537;0.179353;0;415.611;-1203.14;546.9;-1098.32
-0.359762;0.174846;0;418.109;-1209.47;549.788;-1104.12
-0.361931;0.170312;0;420.608;-1215.8;552.677;-1109.92
-0.364042;0.16575;0;423.106;-1222.14;555.566;-1115.73
-0.366096;0.161163;0;425.605;-1228.47;558.455;-1121.53
-0.368093;0.156549;0;428.103;-1234.81;561.343;-1127.33
-0.370031;0.151912;0;430.599;-1241.14;564.23;-1133.13
-0.371911;0.14725;0;433.095;-1247.47;567.116;-1138.92
-0.373732;0.142565;0;435.588;-1253.8;570;-1144.71
-0.375494;0.137857;0;438.079;-1260.12;572.881;-1150.5
-0.377196;0.133128;0;440.499;-1266.27;575.675;-1156.11
-0.378839;0.128377;0;442.199;-1270.51;577.608;-1159.99
-0.380423;0.123607;0;443.773;-1274.42;579.391;-1163.57
-0.381946;0.118817;0;445.349;-1278.33;581.175;-1167.16
-0.383409;0.114008;0;446.925;-1282.24;582.96;-1170.74
-0.384811;0.109181;0;448.502;-1286.15;584.746;-1174.33
-0.386153;0.104337;0;450.079;-1290.06;586.532;-1177.92
-0.387433;0.099476;0;451.655;-1293.98;588.319;-1181.5
-0.388653;0.0945996;0;453.232;-1297.89;590.105;-1185.09
-0.389811;0.0897083;0;454.808;-1301.81;591.89;-1188.68
-0.390907;0.0848028;0;456.383;-1305.72;593.675;-1192.26
-0.391942;0.079884;0;457.957;-1309.63;595.459;-1195.84
-0.392915;0.0749525;0;459.53;-1313.54;597.242;-1199.42
-0.393826;0.0700092;0;461.101;-1317.45;599.022;-1203
-0.394674;0.0650549;0;462.658;-1321.32;600.787;-1206.54
-0.395461;0.0600902;0;463.276;-1322.84;601.484;-1207.94
-0.396185;0.0551161;0;463.801;-1324.12;602.07;-1209.12
-0.396846;0.0501333;0;464.325;-1325.4;602.656;-1210.3
-0.397445;0.0451426;0;464.849;-1326.69;603.241;-1211.47
-0.39798;0.0401447;0;465.373;-1327.97;603.827;-1212.65
-0.398453;0.0351405;0;465.878;-1329.24;604.398;-1213.8
-0.398864;0.0301307;0;466.369;-1330.47;604.952;-1214.91
-0.399211;0.0251162;0;466.856;-1331.67;605.501;-1216.01
-0.399495;0.0200977;0;467.343;-1332.87;606.05;-1217.11
-0.399716;0.0150761;0;467.829;-1334.08;606.598;-1218.21
-0.399874;0.010052;0;468.315;-1335.27;607.146;-1219.31
-0.399968;0.00502642;0;468.8;-1336.47;607.692;-1220.41
-0.4;4.89859e-17;0;469.285;-1337.66;608.238;-1221.51
-0.399968;-0.00502642;0;468.945;-1336.84;607.86;-1220.75
-0.399874;-0.010052;0;468.429;-1335.58;607.284;-1219.59
-0.399716;-0.0150761;0;467.912;-1334.32;606.708;-1218.43
-0.399495;-0.0200977;0;467.395;-1333.06;606.131;-1217.27
-0.399211;-0.0251162;0;466.878;-1331.79;605.553;-1216.11
-0.398864;-0.0301307;0;466.36;-1330.53;604.975;-1214.95
-0.398453;-0.0351405;0;465.842;-1329.26;604.396;-1213.79
-0.39798;-0.0401447;0;465.323;-1327.99;603.817;-1212.63
-0.397445;-0.0451426;0;464.804;-1326.72;603.238;-1211.47
-0.396846;-0.0501333;0;464.285;-1325.45;602.658;-1210.3
-0.396185;-0.0551161;0;463.767;-1324.17;602.079;-1209.14
-0.395461;-0.0600902;0;463.248;-1322.9;601.499;-1207.97
-0.394674;-0.0650549;0;462.727;-1321.62;600.918;-1206.81
-0.393826;-0.0700092;0;461.202;-1317.85;599.197;-1203.35
-0.392915;-0.0749525;0;459.638;-1313.99;597.433;-1199.81
-0.391942;-0.079884;0;458.072;-1310.13;595.667;-1196.26
-0.390907;-0.0848028;0;456.505;-1306.26;593.899;-1192.71
-0.389811;-0.0897083;0;454.938;-1302.39;592.131;-1189.16
-0.388653;-0.0945996;0;453.369;-1298.51;590.361;-1185.61
-0.387433;-0.099476;0;451.8;-1294.64;588.591;-1182.05
-0.386153;-0.104337;0;450.232;-1290.76;586.821;-1178.5
-0.384811;-0.109181;0;448.663;-1286.88;585.051;-1174.94
-0.383409;-0.114008;0;447.094;-1283;583.281;-1171.39
-0.381946;-0.118817;0;445.526;-1279.13;581.512;-1167.83
-0.380423;-0.123607;0;443.959;-1275.25;579.744;-1164.28
-0.378839;-0.128377;0;442.318;-1271.18;577.884;-1160.55
-0.377196;-0.133128;0;440.012;-1265.33;575.215;-1155.19
-0.375494;-0.137857;0;437.705;-1259.49;572.545;-1149.82
-0.373732;-0.142565;0;435.396;-1253.64;569.873;-1144.46
-0.371911;-0.14725;0;432.84;-1247.18;566.938;-1138.56
-0.370031;-0.151912;0;430.248;-1240.67;563.966;-1132.6
-0.368093;-0.156549;0;427.654;-1234.15;560.992;-1126.62
-0.366096;-0.161163;0;425.06;-1227.64;558.018;-1120.65
-0.364042;-0.16575;0;422.464;-1221.12;555.042;-1114.68
-0.361931;-0.170312;0;419.868;-1214.6;552.067;-1108.7
-0.359762;-0.174846;0;417.273;-1208.08;549.092;-1102.72
-0.357537;-0.179353;0;414.677;-1201.57;546.117;-1096.75
-0.355255;-0.183832;0;411.84;-1194.1;542.745;-1089.98
-0.352916;-0.188282;0;408.939;-1186.46;539.294;-1083.05
-0.350523;-0.192701;0;405.905;-1178.5;535.676;-1075.78
-0.348074;-0.197091;0;402.696;-1170.08;531.84;-1068.08
-0.345569;-0.201449;0;399.486;-1161.65;528.001;-1060.37
-0.343011;-0.205776;0;396.274;-1153.23;524.161;-1052.66
-0.340398;-0.21007;0;393.061;-1144.8;520.32;-1044.94
-0.337731;-0.214331;0;389.848;-1136.37;516.48;-1037.23
-0.335011;-0.218558;0;386.636;-1127.95;512.639;-1029.52
-0.332238;-0.22275;0;383.425;-1119.52;508.801;-1021.81
-0.329413;-0.226908;0;380.215;-1111.1;504.963;-1014.1
-0.326536;-0.231029;0;376.876;-1102.46;501.007;-1006.16
-0.323607;-0.235114;0;373.492;-1093.67;496.996;-998.102
-0.320627;-0.239162;0;370.11;-1084.89;492.987;-990.051
-0.317596;-0.243172;0;366.725;-1076.08;488.964;-981.972
-0.314515;-0.247144;0;362.87;-1065.84;484.263;-972.532
-0.311385;-0.251077;0;358.794;-1054.83;479.25;-962.463
-0.308205;-0.25497;0;354.716;-1043.8;474.232;-952.386
-0.304977;-0.258822;0;350.634;-1032.76;469.211;-942.302
-0.301701;-0.262634;0;346.551;-1021.72;464.187;-932.213
-0.298376;-0.266405;0;342.466;-1010.68;459.161;-922.12
-0.295005;-0.270133;0;338.381;-999.628;454.135;-912.025
-0.291587;-0.273819;0;334.295;-988.578;449.108;-901.93
-0.288124;-0.277461;0;330.21;-977.529;444.082;-891.837
-0.284614;-0.28106;0;326.126;-966.483;439.057;-881.745
-0.28106;-0.284614;0;322.044;-955.441;434.034;-871.659
-0.277461;-0.288124;0;317.833;-943.848;428.726;-860.998
-0.273819;-0.291587;0;313.534;-931.988;423.293;-850.088
-0.270133;-0.295005;0;309.059;-919.403;417.578;-838.609
-0.266405;-0.298376;0;304.483;-906.526;411.729;-826.864
-0.262634;-0.301701;0;299.904;-893.642;405.878;-815.112
-0.258822;-0.304977;0;295.324;-880.754;400.024;-803.357
-0.25497;-0.308205;0;290.743;-867.863;394.17;-791.599
-0.251077;-0.311385;0;286.162;-854.971;388.315;-779.842
-0.247144;-0.314515;0;281.582;-842.081;382.461;-768.086
-0.243172;-0.317596;0;277.003;-829.195;376.609;-756.333
-0.239162;-0.320627;0;272.426;-816.314;370.759;-744.585
-0.235114;-0.323607;0;267.852;-803.441;364.913;-732.845
-0.231029;-0.326536;0;263.281;-790.577;359.072;-721.114
-0.226908;-0.329413;0;258.612;-777.396;353.057;-709.034
-0.22275;-0.332238;0;253.668;-763.38;346.632;-696.13
-0.218558;-0.335011;0;248.677;-748.859;340.036;-682.884
-0.214331;-0.337731;0;243.64;-734.191;333.375;-669.508
-0.21007;-0.340398;0;238.601;-719.516;326.711;-656.124
-0.205776;-0.343011;0;233.559;-704.835;320.044;-642.736
-0.201449;-0.345569;0;228.517;-690.151;313.377;-629.345
-0.197091;-0.348074;0;223.474;-675.467;306.709;-615.954
-0.192701;-0.350523;0;218.432;-660.783;300.041;-602.564
-0.188282;-0.352916;0;213.392;-646.104;293.376;-589.179
-0.183832;-0.355255;0;208.354;-631.43;286.714;-575.799
-0.179353;-0.357537;0;203.319;-616.765;280.055;-562.427
-0.174846;-0.359762;0;198.287;-602.111;273.402;-549.065
-0.170312;-0.361931;0;193.107;-586.914;266.449;-535.101
-0.16575;-0.364042;0;187.797;-571.027;259.231;-520.605
-0.161163;-0.366096;0;182.436;-554.961;251.936;-505.956
-0.156549;-0.368093;0;177.072;-538.885;244.637;-491.297
-0.151912;-0.370031;0;171.705;-522.801;237.334;-476.631
-0.14725;-0.371911;0;166.336;-506.712;230.029;-461.96
-0.142565;-0.373732;0;160.966;-490.619;222.722;-447.286
-0.137857;-0.375494;0;155.596;-474.526;215.415;-432.612
-0.133128;-0.377196;0;150.227;-458.436;208.11;-417.941
-0.128377;-0.378839;0;144.86;-442.35;200.807;-403.274
-0.123607;-0.380423;0;139.495;-426.271;193.507;-388.614
-0.118817;-0.381946;0;134.133;-410.202;186.211;-373.962
-0.114008;-0.383409;0;128.776;-394.145;178.921;-359.322
-0.109181;-0.384811;0;123.429;-378.122;171.644;-344.708
-0.104337;-0.386153;0;117.878;-361.221;163.958;-329.272
-0.099476;-0.387433;0;112.321;-344.248;156.251;-313.795
-0.0945996;-0.388653;0;106.76;-327.265;148.54;-298.309
-0.0897083;-0.389811;0;101.198;-310.275;140.826;-282.817
-0.0848028;-0.390907;0;95.6375;-293.29;133.116;-267.333
-0.079884;-0.391942;0;90.0662;-276.276;125.391;-251.82
-0.0749525;-0.392915;0;84.491;-259.252;117.662;-236.297
-0.0700092;-0.393826;0;78.9166;-242.232;109.934;-220.777
-0.0650549;-0.394674;0;73.3438;-225.217;102.208;-205.261
-0.0600902;-0.395461;0;67.7735;-208.21;94.4856;-189.753
-0.0551161;-0.396185;0;62.2067;-191.213;86.768;-174.254
-0.0501333;-0.396846;0;56.6169;-173.955;78.9546;-158.562
-0.0451426;-0.397445;0;50.9728;-156.574;71.0633;-142.714
-0.0401447;-0.39798;0;45.3255;-139.184;63.1675;-126.857
-0.0351405;-0.398453;0;39.6759;-121.786;55.2685;-110.994
-0.0301307;-0.398864;0;34.0342;-104.414;47.3804;-95.1527
-0.0251162;-0.399211;0;28.3791;-87.0003;39.4739;-79.2742
-0.0200977;-0.399495;0;22.7236;-69.5857;31.5668;-63.3947
-0.0150761;-0.399716;0;17.0686;-52.1727;23.6605;-47.5166
-0.010052;-0.399874;0;11.415;-34.7641;15.7561;-31.6425
-0.00502642;-0.399968;0;5.76367;-17.3625;7.85496;-15.7749
-7.34788e-17;-0.4;0;0.115568;0.0292464;-0.0417188;0.0837827
0.00502642;-0.399968;0;-5.48853;17.2921;-7.87588;15.8169
0.010052;-0.399874;0;-11.116;34.6423;-15.7403;31.6108
0.0150761;-0.399716;0;-16.7481;52.007;-23.6113;47.4179
0.0200977;-0.399495;0;-22.3841;69.3834;-31.4876;63.2356
0.0251162;-0.399211;0;-28.0229;86.7688;-39.368;79.0615
0.0301307;-0.398864;0;-33.6638;104.16;-47.2512;94.8931
0.0351405;-0.398453;0;-39.3058;121.556;-55.1359;110.728
0.0401447;-0.39798;0;-44.948;138.951;-63.021;126.563
0.0451426;-0.397445;0;-50.5896;156.345;-70.9051;142.397
0.0501333;-0.396846;0;-56.2297;173.734;-78.7871;158.226
0.0551161;-0.396185;0;-61.8534;190.877;-86.6268;173.97
0.0600902;-0.395461;0;-67.497;208.076;-94.4938;189.769
0.0650549;-0.394674;0;-73.0192;224.84;-102.122;205.089
0.0700092;-0.393826;0;-78.6303;241.871;-109.87;220.649
0.0749525;-0.392915;0;-84.242;258.904;-117.619;236.211
0.079884;-0.391942;0;-89.8535;275.935;-125.368;251.772
0.0848028;-0.390907;0;-95.3361;292.62;-132.946;266.992
0.0897083;-0.389811;0;-100.854;309.473;-140.584;282.332
0.0945996;-0.388653;0;-106.374;326.331;-148.225;297.675
0.099476;-0.387433;0;-111.894;343.191;-155.866;313.02
0.104337;-0.386153;0;-117.414;360.05;-163.506;328.365
0.109181;-0.384811;0;-122.932;376.906;-171.145;343.706
0.114008;-0.383409;0;-128.449;393.756;-178.781;359.041
0.118817;-0.381946;0;-133.761;409.729;-186.036;373.61
0.123607;-0.380423;0;-139.16;425.814;-193.351;388.301
0.128377;-0.378839;0;-144.562;441.907;-200.67;402.999
0.133128;-0.377196;0;-149.965;458.007;-207.991;417.702
0.137857;-0.375494;0;-155.37;474.11;-215.314;432.409
0.142565;-0.373732;0;-160.775;490.214;-222.637;447.116
0.14725;-0.371911;0;-166.179;506.316;-229.96;461.822
0.151912;-0.370031;0;-171.582;522.415;-237.28;476.523
0.156549;-0.368093;0;-176.982;538.506;-244.598;491.219
0.161163;-0.366096;0;-182.379;554.589;-251.911;505.906
0.16575;-0.364042;0;-187.773;570.659;-259.219;520.582
0.170312;-0.361931;0;-193.062;586.497;-266.392;534.987
0.174846;-0.359762;0;-198.215;601.876;-273.338;548.937
0.179353;-0.357537;0;-203.28;616.567;-280.022;562.36
0.183832;-0.355255;0;-208.349;631.269;-286.71;575.792
0.188282;-0.352916;0;-213.421;645.978;-293.402;589.231
0.192701;-0.350523;0;-218.494;660.692;-300.096;602.675
0.197091;-0.348074;0;-223.568;675.41;-306.792;616.121
0.201449;-0.345569;0;-228.642;690.128;-313.487;629.567
0.205776;-0.343011;0;-233.716;704.845;-320.182;643.012
0.21007;-0.340398;0;-238.787;719.558;-326.874;656.452
0.214331;-0.337731;0;-243.857;734.265;-333.564;669.887
0.218558;-0.335011;0;-248.923;748.963;-340.25;683.314
0.22275;-0.332238;0;-253.986;763.651;-346.93;696.73
0.226908;-0.329413;0;-258.85;777.762;-353.303;709.528
0.231029;-0.326536;0;-263.449;790.662;-359.175;721.321
0.235114;-0.323607;0;-268.052;803.573;-365.053;733.125
0.239162;-0.320627;0;-272.657;816.493;-370.934;744.936
0.243172;-0.317596;0;-277.266;829.42;-376.818;756.753
0.247144;-0.314515;0;-281.875;842.352;-382.705;768.575
0.251077;-0.311385;0;-286.486;855.287;-388.592;780.398
0.25497;-0.308205;0;-291.096;868.222;-394.48;792.222
0.258822;-0.304977;0;-295.706;881.156;-400.367;804.045
0.262634;-0.301701;0;-300.315;894.087;-406.252;815.864
0.266405;-0.298376;0;-304.921;907.013;-412.135;827.679
0.270133;-0.295005;0;-309.525;919.931;-418.014;839.486
0.273819;-0.291587;0;-314.125;932.84;-423.889;851.284
0.277461;-0.288124;0;-318.636;945.525;-429.65;862.854
0.28106;-0.284614;0;-322.735;956.796;-434.766;873.128
0.284614;-0.28106;0;-326.764;967.712;-439.738;883.112
0.288124;-0.277461;0;-330.795;978.634;-444.711;893.101
0.291587;-0.273819;0;-334.828;989.561;-449.687;903.094
0.295005;-0.270133;0;-338.861;1000.49;-454.664;913.088
0.298376;-0.266405;0;-342.895;1011.42;-459.641;923.083
0.301701;-0.262634;0;-346.927;1022.35;-464.617;933.077
0.304977;-0.258822;0;-350.959;1033.28;-469.592;943.069
0.308205;-0.25497;0;-354.989;1044.21;-474.565;953.056
0.311385;-0.251077;0;-359.016;1055.12;-479.535;963.037
0.314515;-0.247144;0;-363.04;1066.04;-484.502;973.011
0.317596;-0.243172;0;-366.932;1076.6;-489.29;982.628
0.320627;-0.239162;0;-370.242;1085.28;-493.24;990.559
0.323607;-0.235114;0;-373.555;1093.95;-497.193;998.498
0.326536;-0.231029;0;-376.87;1102.64;-501.148;1006.44
0.329413;-0.226908;0;-380.187;1111.33;-505.106;1014.39
0.332238;-0.22275;0;-383.505;1120.02;-509.065;1022.34
0.335011;-0.218558;0;-386.823;1128.72;-513.024;1030.29
0.337731;-0.214331;0;-390.142;1137.42;-516.984;1038.24
0.340398;-0.21007;0;-393.46;1146.12;-520.944;1046.2
0.343011;-0.205776;0;-396.776;1154.81;-524.902;1054.15
0.345569;-0.201449;0;-400.092;1163.5;-528.859;1062.09
0.348074;-0.197091;0;-403.405;1172.19;-532.813;1070.03
0.350523;-0.192701;0;-406.716;1180.87;-536.764;1077.97
0.352916;-0.188282;0;-410.024;1189.54;-540.712;1085.9
0.355255;-0.183832;0;-412.918;1197.08;-544.132;1092.76
0.357537;-0.179353;0;-415.425;1203.43;-547.022;1098.57
0.359762;-0.174846;0;-417.933;1209.78;-549.913;1104.38
0.361931;-0.170312;0;-420.318;1215.88;-552.678;1109.93
0.364042;-0.16575;0;-422.688;1221.92;-555.423;1115.44
0.366096;-0.161163;0;-425.058;1227.97;-558.169;1120.95
0.368093;-0.156549;0;-427.428;1234.01;-560.915;1126.47
0.370031;-0.151912;0;-429.798;1240.05;-563.661;1131.98
0.371911;-0.14725;0;-432.168;1246.09;-566.406;1137.5
0.373732;-0.142565;0;-434.537;1252.13;-569.151;1143.01
0.375494;-0.137857;0;-436.905;1258.16;-571.894;1148.52
0.377196;-0.133128;0;-439.272;1264.19;-574.635;1154.02
0.378839;-0.128377;0;-441.634;1270.15;-577.362;1159.5
0.380423;-0.123607;0;-443.78;1275.48;-579.816;1164.43
0.381946;-0.118817;0;-445.352;1279.32;-581.571;1167.95
0.383409;-0.114008;0;-446.925;1283.16;-583.328;1171.48
0.384811;-0.109181;0;-448.498;1286.99;-585.084;1175.01
0.386153;-0.104337;0;-449.989;1290.61;-586.752;1178.36
0.387433;-0.099476;0;-451.312;1293.91;-588.256;1181.38
0.388653;-0.0945996;0;-452.636;1297.22;-589.76;1184.4
0.389811;-0.0897083;0;-453.96;1300.52;-591.264;1187.42
0.390907;-0.0848028;0;-455.284;1303.83;-592.769;1190.44
0.391942;-0.079884;0;-456.608;1307.13;-594.273;1193.46
0.392915;-0.0749525;0;-457.931;1310.44;-595.776;1196.48
0.393826;-0.0700092;0;-459.253;1313.74;-597.279;1199.5
0.394674;-0.0650549;0;-460.574;1317.04;-598.781;1202.52
0.395461;-0.0600902;0;-461.895;1320.34;-600.282;1205.53
0.396185;-0.0551161;0;-462.713;1322.33;-601.19;1207.35
0.396846;-0.0501333;0;-463.338;1323.81;-601.866;1208.71
0.397445;-0.0451426;0;-463.963;1325.29;-602.542;1210.07
0.39798;-0.0401447;0;-464.394;1326.34;-603.018;1211.02
0.398453;-0.0351405;0;-464.667;1327.02;-603.329;1211.65
0.398864;-0.0301307;0;-464.941;1327.69;-603.64;1212.27
0.399211;-0.0251162;0;-465.214;1328.37;-603.95;1212.9
0.399495;-0.0200977;0;-465.488;1329.05;-604.261;1213.52
0.399716;-0.0150761;0;-465.762;1329.73;-604.572;1214.14
0.399874;-0.010052;0;-466.035;1330.41;-604.883;1214.77
0.399968;-0.00502642;0;-466.309;1331.08;-605.194;1215.39
