0.4;0;0;2.54075;24.7006;-10.3975;9.47853
0.399968;0.00502642;0;2.53928;24.6859;-10.3915;9.47309
0.399874;0.010052;0;2.53779;24.6709;-10.3854;9.46754
0.399716;0.0150761;0;2.5363;24.6559;-10.3793;9.46199
0.399495;0.0200977;0;2.5348;24.6409;-10.3732;9.45644
0.399211;0.0251162;0;2.53331;24.6259;-10.3671;9.45089
0.398864;0.0301307;0;2.53182;24.6109;-10.361;9.44534
0.398453;0.0351405;0;2.53032;24.596;-10.355;9.43979
0.39798;0.0401447;0;2.52883;24.581;-10.3489;9.43425
0.397445;0.0451426;0;2.5261;24.5539;-10.3377;9.42406
0.396846;0.0501333;0;2.52272;24.5206;-10.3238;9.41143
0.396185;0.0551161;0;2.51933;24.4872;-10.31;9.3988
0.395461;0.0600902;0;2.51595;24.4539;-10.2961;9.38617
0.394674;0.0650549;0;2.50988;24.3938;-10.2713;9.36354
0.393826;0.0700092;0;2.50323;24.328;-10.2442;9.33879
0.392915;0.0749525;0;2.49659;24.2622;-10.217;9.31402
0.391942;0.079884;0;2.48994;24.1963;-10.1898;9.28924
0.390907;0.0848028;0;2.48329;24.1305;-10.1626;9.26445
0.389811;0.0897083;0;2.47663;24.0646;-10.1354;9.23966
0.388653;0.0945996;0;2.46998;23.9987;-10.1082;9.21487
0.387433;0.099476;0;2.46333;23.9328;-10.081;9.19008
0.386153;0.104337;0;2.45632;23.8636;-10.0524;9.16394
0.384811;0.109181;0;2.44813;23.783;-10.0189;9.13341
0.383409;0.114008;0;2.43995;23.7023;-9.98538;9.10287
0.381946;0.118817;0;2.43176;23.6217;-9.95189;9.07235
0.380423;0.123607;0;2.42358;23.5411;-9.91841;9.04183
0.378839;0.128377;0;2.41294;23.4364;-9.87486;9.00212
0.377196;0.133128;0;2.40069;23.316;-9.82477;8.95646
0.375494;0.137857;0;2.3885;23.1959;-9.7749;8.911
0.373732;0.142565;0;2.37631;23.0758;-9.72504;8.86554
0.371911;0.14725;0;2.36412;22.9556;-9.67515;8.82006
0.370031;0.151912;0;2.35192;22.8354;-9.62524;8.77457
0.368093;0.156549;0;2.33971;22.7151;-9.57532;8.72906
0.366096;0.161163;0;2.32751;22.5948;-9.52541;8.68356
0.364042;0.16575;0;2.31531;22.4746;-9.4755;8.63806
0.361931;0.170312;0;2.30311;22.3544;-9.4256;8.59257
0.359762;0.174846;0;2.29092;22.2342;-9.37573;8.5471
0.357537;0.179353;0;2.27873;22.1142;-9.32588;8.50167
0.355255;0.183832;0;2.26656;21.9942;-9.27608;8.45626
0.352916;0.188282;0;2.25183;21.8494;-9.21582;8.40133
0.350523;0.192701;0;2.23459;21.6802;-9.14527;8.33702
0.348074;0.197091;0;2.21733;21.5109;-9.07466;8.27265
0.345569;0.201449;0;2.20006;21.3414;-9.004;8.20823
0.343011;0.205776;0;2.18278;21.1719;-8.93329;8.14377
0.340398;0.21007;0;2.16549;21.0022;-8.86256;8.07929
0.337731;0.214331;0;2.1482;20.8326;-8.7918;8.01479
0.335011;0.218558;0;2.13091;20.6629;-8.72104;7.95028
0.332238;0.22275;0;2.11361;20.4932;-8.65028;7.88577
0.329413;0.226908;0;2.09632;20.3235;-8.57953;7.82128
0.326536;0.231029;0;2.07904;20.1539;-8.50881;7.75681
0.323607;0.235114;0;2.06174;19.9842;-8.43804;7.69229
0.320627;0.239162;0;2.0444;19.814;-8.36706;7.62759
0.317596;0.243172;0;2.02706;19.6439;-8.29614;7.56293
0.314515;0.247144;0;2.00724;19.4499;-8.21503;7.48899
0.311385;0.251077;0;1.98592;19.2414;-8.12775;7.40943
0.308205;0.25497;0;1.96457;19.0328;-8.04041;7.3298
0.304977;0.258822;0;1.94321;18.8239;-7.95297;7.25009
0.301701;0.262634;0;1.92181;18.6148;-7.8654;7.17026
0.298376;0.266405;0;1.90039;18.4054;-7.77775;7.09036
0.295005;0.270133;0;1.87895;18.1958;-7.69;7.01036
0.291587;0.273819;0;1.8575;17.9862;-7.60224;6.93036
0.288124;0.277461;0;1.83606;17.7766;-7.5145;6.85037
0.284614;0.28106;0;1.81463;17.5671;-7.42679;6.77041
0.28106;0.284614;0;1.79321;17.3577;-7.33912;6.69049
0.277461;0.288124;0;1.77145;17.1452;-7.25009;6.60933
0.273819;0.291587;0;1.74666;16.9037;-7.14859;6.5168
0.270133;0.295005;0;1.72183;16.662;-7.047;6.42419
0.266405;0.298376;0;1.697;16.4201;-6.94533;6.3315
0.262634;0.301701;0;1.67214;16.1781;-6.8436;6.23876
0.258822;0.304977;0;1.64728;15.9359;-6.74182;6.14598
0.25497;0.308205;0;1.6224;15.6937;-6.64002;6.05318
0.251077;0.311385;0;1.59752;15.4514;-6.53816;5.96032
0.247144;0.314515;0;1.57263;15.209;-6.43629;5.86745
0.243172;0.317596;0;1.54772;14.9665;-6.33433;5.77451
0.239162;0.320627;0;1.52282;14.724;-6.23241;5.68159
0.235114;0.323607;0;1.49793;14.4816;-6.13054;5.58873
0.231029;0.326536;0;1.47306;14.2394;-6.02873;5.49592
0.226908;0.329413;0;1.4482;13.9974;-5.92701;5.40318
0.22275;0.332238;0;1.42181;13.741;-5.81898;5.30471
0.218558;0.335011;0;1.39402;13.4713;-5.7052;5.20098
0.214331;0.337731;0;1.3662;13.2014;-5.59133;5.09717
0.21007;0.340398;0;1.33837;12.9314;-5.47739;4.9933
0.205776;0.343011;0;1.31053;12.6613;-5.3634;4.88939
0.201449;0.345569;0;1.28267;12.391;-5.24938;4.78544
0.197091;0.348074;0;1.25481;12.1207;-5.13533;4.68148
0.192701;0.350523;0;1.22696;11.8505;-5.02129;4.57751
0.188282;0.352916;0;1.1991;11.5803;-4.90727;4.47357
0.183832;0.355255;0;1.17126;11.3101;-4.79329;4.36966
0.179353;0.357537;0;1.14343;11.0401;-4.67936;4.2658
0.174846;0.359762;0;1.11562;10.7703;-4.56551;4.16201
0.170312;0.361931;0;1.08745;10.4971;-4.45019;4.05688
0.16575;0.364042;0;1.0574;10.2065;-4.32716;3.94472
0.161163;0.366096;0;1.0272;9.91443;-4.20352;3.83202
0.156549;0.368093;0;0.996977;9.62208;-4.07976;3.7192
0.151912;0.370031;0;0.966725;9.32949;-3.9559;3.60628
0.14725;0.371911;0;0.936452;9.03668;-3.83195;3.49329
0.142565;0.373732;0;0.906163;8.74372;-3.70794;3.38023
0.137857;0.375494;0;0.875862;8.45065;-3.58387;3.26713
0.133128;0.377196;0;0.845555;8.15752;-3.45978;3.15401
0.128377;0.378839;0;0.815245;7.86437;-3.33569;3.04088
0.123607;0.380423;0;0.784939;7.57124;-3.2116;2.92776
0.118817;0.381946;0;0.755375;7.28551;-3.09056;2.81741
0.114008;0.383409;0;0.724344;6.98583;-2.9635;2.70159
0.109181;0.384811;0;0.693298;6.68602;-2.83639;2.58571
0.104337;0.386153;0;0.662245;6.38613;-2.70924;2.4698
0.099476;0.387433;0;0.631187;6.0862;-2.58208;2.35388
0.0945996;0.388653;0;0.600131;5.78628;-2.45493;2.23796
0.0897083;0.389811;0;0.56908;5.48642;-2.3278;2.12207
0.0848028;0.390907;0;0.538041;5.18666;-2.20071;2.00621
0.079884;0.391942;0;0.507017;4.88706;-2.07369;1.89042
0.0749525;0.392915;0;0.476015;4.58766;-1.94675;1.7747
0.0700092;0.393826;0;0.445038;4.28851;-1.81992;1.65907
0.0650549;0.394674;0;0.414091;3.98965;-1.69321;1.54357
0.0600902;0.395461;0;0.38318;3.69114;-1.56665;1.42819
0.0551161;0.396185;0;0.352309;3.39301;-1.44025;1.31296
0.0501333;0.396846;0;0.320546;3.08666;-1.31019;1.1944
0.0451426;0.397445;0;0.288617;2.77871;-1.17945;1.07521
0.0401447;0.39798;0;0.25665;2.47042;-1.04856;0.955888
0.0351405;0.398453;0;0.224653;2.16182;-0.917538;0.836446
0.0301307;0.398864;0;0.192629;1.85296;-0.786408;0.716906
0.0251162;0.399211;0;0.160584;1.5439;-0.655192;0.597286
0.0200977;0.399495;0;0.128522;1.23468;-0.523908;0.477606
0.0150761;0.399716;0;0.0964498;0.925356;-0.392579;0.357883
0.010052;0.399874;0;0.064371;0.615972;-0.261225;0.238138
0.00502642;0.399968;0;0.0322911;0.306576;-0.129866;0.118389
2.44929e-17;0.4;0;0.000215152;-0.00278056;0.00147643;-0.00134594
-0.00502642;0.399968;0;-0.0318517;-0.31205;0.132782;-0.121047
-0.010052;0.399874;0;-0.0639045;-0.621183;0.264029;-0.240695
-0.0150761;0.399716;0;-0.0959381;-0.930132;0.395199;-0.360271
-0.0200977;0.399495;0;-0.127947;-1.23885;0.526268;-0.479757
-0.0251162;0.399211;0;-0.159927;-1.54728;0.657218;-0.599134
-0.0301307;0.398864;0;-0.191873;-1.85538;0.788028;-0.718382
-0.0351405;0.398453;0;-0.223513;-2.16048;0.917577;-0.836482
-0.0401447;0.39798;0;-0.255017;-2.46436;1.04657;-0.954072
-0.0451426;0.397445;0;-0.286524;-2.76845;1.17557;-1.07168
-0.0501333;0.396846;0;-0.318055;-3.07278;1.30468;-1.18938
-0.0551161;0.396185;0;-0.349608;-3.37731;1.43388;-1.30715
-0.0600902;0.395461;0;-0.381175;-3.68199;1.56313;-1.42499
-0.0650549;0.394674;0;-0.412753;-3.98677;1.69243;-1.54286
-0.0700092;0.393826;0;-0.444336;-4.2916;1.82175;-1.66075
-0.0749525;0.392915;0;-0.47592;-4.59643;1.95108;-1.77864
-0.079884;0.391942;0;-0.507499;-4.90122;2.08038;-1.89652
-0.0848028;0.390907;0;-0.539068;-5.20592;2.20965;-2.01436
-0.0897083;0.389811;0;-0.570623;-5.51048;2.33885;-2.13214
-0.0945996;0.388653;0;-0.602158;-5.81484;2.46797;-2.24986
-0.099476;0.387433;0;-0.633669;-6.11897;2.597;-2.36748
-0.104337;0.386153;0;-0.664746;-6.41894;2.72424;-2.48347
-0.109181;0.384811;0;-0.695048;-6.71172;2.84829;-2.59656
-0.114008;0.383409;0;-0.725106;-7.00247;2.97136;-2.70875
-0.118817;0.381946;0;-0.755188;-7.29343;3.09452;-2.82103
-0.123607;0.380423;0;-0.785289;-7.58458;3.21776;-2.93338
-0.128377;0.378839;0;-0.815403;-7.87586;3.34106;-3.04578
-0.133128;0.377196;0;-0.845526;-8.16723;3.46439;-3.15821
-0.137857;0.375494;0;-0.875654;-8.45863;3.58774;-3.27066
-0.142565;0.373732;0;-0.905781;-8.75003;3.71109;-3.3831
-0.14725;0.371911;0;-0.935903;-9.04139;3.83441;-3.49553
-0.151912;0.370031;0;-0.965888;-9.3314;3.95718;-3.60744
-0.156549;0.368093;0;-0.995886;-9.62156;4.07999;-3.7194
-0.161163;0.366096;0;-1.02587;-9.91157;4.20274;-3.8313
-0.16575;0.364042;0;-1.05583;-10.2014;4.3254;-3.94312
-0.170312;0.361931;0;-1.08576;-10.4909;4.44796;-4.05485
-0.174846;0.359762;0;-1.11455;-10.7698;4.56581;-4.16228
-0.179353;0.357537;0;-1.14219;-11.0381;4.67898;-4.26545
-0.183832;0.355255;0;-1.16986;-11.3065;4.79223;-4.3687
-0.188282;0.352916;0;-1.19755;-11.5751;4.90556;-4.47201
-0.192701;0.350523;0;-1.22524;-11.8438;5.01893;-4.57536
-0.197091;0.348074;0;-1.25295;-12.1126;5.13234;-4.67875
-0.201449;0.345569;0;-1.28065;-12.3815;5.24576;-4.78214
-0.205776;0.343011;0;-1.30836;-12.6503;5.35918;-4.88554
-0.21007;0.340398;0;-1.33606;-12.9191;5.47258;-4.98891
-0.214331;0.337731;0;-1.36375;-13.1878;5.58594;-5.09225
-0.218558;0.335011;0;-1.39143;-13.4563;5.69924;-5.19554
-0.22275;0.332238;0;-1.41874;-13.7214;5.81103;-5.29745
-0.226908;0.329413;0;-1.44565;-13.9831;5.9212;-5.39789
-0.231029;0.326536;0;-1.47017;-14.2219;6.02155;-5.48937
-0.235114;0.323607;0;-1.49503;-14.4639;6.12329;-5.58211
-0.239162;0.320627;0;-1.5199;-14.7061;6.22509;-5.67492
-0.243172;0.317596;0;-1.54479;-14.9484;6.32695;-5.76778
-0.247144;0.314515;0;-1.56968;-15.1908;6.42884;-5.86066
-0.251077;0.311385;0;-1.59458;-15.4333;6.53075;-5.95357
-0.25497;0.308205;0;-1.61948;-15.6758;6.63267;-6.04648
-0.258822;0.304977;0;-1.64438;-15.9182;6.73457;-6.13937
-0.262634;0.301701;0;-1.66927;-16.1605;6.83644;-6.23224
-0.266405;0.298376;0;-1.69415;-16.4028;6.93827;-6.32507
-0.270133;0.295005;0;-1.71901;-16.6449;7.04004;-6.41784
-0.273819;0.291587;0;-1.74386;-16.8868;7.14173;-6.51054
-0.277461;0.288124;0;-1.76719;-17.1144;7.2372;-6.59758
-0.28106;0.284614;0;-1.7894;-17.3314;7.3281;-6.68044
-0.284614;0.28106;0;-1.81096;-17.5421;7.41633;-6.76088
-0.288124;0.277461;0;-1.83253;-17.7529;7.5046;-6.84135
-0.291587;0.273819;0;-1.8541;-17.9638;7.59289;-6.92184
-0.295005;0.270133;0;-1.87568;-18.1747;7.6812;-7.00234
-0.298376;0.266405;0;-1.89726;-18.3856;7.7695;-7.08284
-0.301701;0.262634;0;-1.91883;-18.5965;7.85779;-7.16332
-0.304977;0.258822;0;-1.9404;-18.8073;7.94605;-7.24378
-0.308205;0.25497;0;-1.96195;-19.018;8.03426;-7.32419
-0.311385;0.251077;0;-1.98349;-19.2285;8.12241;-7.40456
-0.314515;0.247144;0;-2.00502;-19.4389;8.21049;-7.48485
-0.317596;0.243172;0;-2.02511;-19.6356;8.2927;-7.5598
-0.320627;0.239162;0;-2.04249;-19.8062;8.36385;-7.62466
-0.323607;0.235114;0;-2.05989;-19.9769;8.43505;-7.68957
-0.326536;0.231029;0;-2.07731;-20.1477;8.5063;-7.75452
-0.329413;0.226908;0;-2.09473;-20.3186;8.57758;-7.8195
-0.332238;0.22275;0;-2.11215;-20.4896;8.64888;-7.8845
-0.335011;0.218558;0;-2.12958;-20.6606;8.72019;-7.9495
-0.337731;0.214331;0;-2.14674;-20.8291;8.7904;-8.01351
-0.340398;0.21007;0;-2.16391;-20.9976;8.86063;-8.07754
-0.343011;0.205776;0;-2.18107;-21.166;8.93086;-8.14155
-0.345569;0.201449;0;-2.19823;-21.3344;9.00106;-8.20555
-0.348074;0.197091;0;-2.21538;-21.5027;9.07122;-8.26951
-0.350523;0.192701;0;-2.23251;-21.6709;9.14134;-8.33343
-0.352916;0.188282;0;-2.24964;-21.839;9.21139;-8.3973
-0.355255;0.183832;0;-2.2651;-21.9909;9.27464;-8.45495
-0.357537;0.179353;0;-2.27787;-22.1167;9.32689;-8.50258
-0.359762;0.174846;0;-2.29069;-22.2429;9.37934;-8.5504
-0.361931;0.170312;0;-2.30352;-22.3692;9.43181;-8.59823
-0.364042;0.16575;0;-2.31634;-22.4955;9.48428;-8.64607
-0.366096;0.161163;0;-2.32917;-22.6218;9.53676;-8.6939
-0.368093;0.156549;0;-2.34199;-22.748;9.58922;-8.74173
-0.370031;0.151912;0;-2.35481;-22.8742;9.64166;-8.78953
-0.371911;0.14725;0;-2.36763;-23.0004;9.69408;-8.83732
-0.373732;0.142565;0;-2.38043;-23.1264;9.74646;-8.88507
-0.375494;0.137857;0;-2.39322;-23.2524;9.7988;-8.93278
-0.377196;0.133128;0;-2.40563;-23.3745;9.84958;-8.97907
-0.378839;0.128377;0;-2.41429;-23.4598;9.88497;-9.01134
-0.380423;0.123607;0;-2.42229;-23.5387;9.9177;-9.04118
-0.381946;0.118817;0;-2.4303;-23.6177;9.95046;-9.07104
-0.383409;0.114008;0;-2.43831;-23.6968;9.98323;-9.10092
-0.384811;0.109181;0;-2.44632;-23.7759;10.016;-9.1308
-0.386153;0.104337;0;-2.45434;-23.855;10.0488;-9.1607
-0.387433;0.099476;0;-2.46235;-23.9341;10.0816;-9.19059
-0.388653;0.0945996;0;-2.47037;-24.0132;10.1144;-9.22048
-0.389811;0.0897083;0;-2.47838;-24.0923;10.1472;-9.25036
-0.390907;0.0848028;0;-2.48639;-24.1713;10.1799;-9.28023
-0.391942;0.079884;0;-2.4944;-24.2503;10.2127;-9.31008
-0.392915;0.0749525;0;-2.5024;-24.3292;10.2454;-9.33991
-0.393826;0.0700092;0;-2.51039;-24.4081;10.2781;-9.36971
-0.394674;0.0650549;0;-2.51831;-24.4862;10.3105;-9.39924
-0.395461;0.0600902;0;-2.52145;-24.5172;10.3233;-9.41096
-0.396185;0.0551161;0;-2.52409;-24.5434;10.3342;-9.42082
-0.396846;0.0501333;0;-2.52674;-24.5695;10.345;-9.43069
-0.397445;0.0451426;0;-2.52939;-24.5956;10.3558;-9.44056
-0.39798;0.0401447;0;-2.53203;-24.6217;10.3666;-9.45042
-0.398453;0.0351405;0;-2.53461;-24.6472;10.3772;-9.46004
-0.398864;0.0301307;0;-2.53711;-24.6719;10.3874;-9.46937
-0.399211;0.0251162;0;-2.53959;-24.6965;10.3975;-9.47862
-0.399495;0.0200977;0;-2.54207;-24.721;10.4077;-9.48786
-0.399716;0.0150761;0;-2.54455;-24.7455;10.4178;-9.49709
-0.399874;0.010052;0;-2.54702;-24.7699;10.4279;-9.50631
-0.399968;0.00502642;0;-2.54949;-24.7944;10.438;-9.51551
-0.4;4.89859e-17;0;-2.55196;-24.8188;10.4481;-9.52471
-0.399968;-0.00502642;0;-2.55025;-24.8019;10.4411;-9.51833
-0.399874;-0.010052;0;-2.54765;-24.7762;10.4305;-9.50864
-0.399716;-0.0150761;0;-2.54505;-24.7504;10.4198;-9.49894
-0.399495;-0.0200977;0;-2.54244;-24.7246;10.4092;-9.48922
-0.399211;-0.0251162;0;-2.53983;-24.6988;10.3985;-9.47949
-0.398864;-0.0301307;0;-2.53722;-24.673;10.3878;-9.46975
-0.398453;-0.0351405;0;-2.53461;-24.6472;10.3771;-9.46001
-0.39798;-0.0401447;0;-2.53199;-24.6213;10.3664;-9.45026
-0.397445;-0.0451426;0;-2.52937;-24.5955;10.3557;-9.4405
-0.396846;-0.0501333;0;-2.52676;-24.5696;10.345;-9.43074
-0.396185;-0.0551161;0;-2.52414;-24.5437;10.3343;-9.42098
-0.395461;-0.0600902;0;-2.52152;-24.5179;10.3236;-9.41122
-0.394674;-0.0650549;0;-2.51889;-24.4919;10.3129;-9.40142
-0.393826;-0.0700092;0;-2.51117;-24.4157;10.2813;-9.37262
-0.392915;-0.0749525;0;-2.50325;-24.3375;10.2489;-9.34308
-0.391942;-0.079884;0;-2.49532;-24.2593;10.2164;-9.31351
-0.390907;-0.0848028;0;-2.48739;-24.1811;10.184;-9.28392
-0.389811;-0.0897083;0;-2.47945;-24.1027;10.1515;-9.25432
-0.388653;-0.0945996;0;-2.47151;-24.0244;10.119;-9.2247
-0.387433;-0.099476;0;-2.46356;-23.946;10.0865;-9.19507
-0.386153;-0.104337;0;-2.45562;-23.8676;10.054;-9.16543
-0.384811;-0.109181;0;-2.44767;-23.7892;10.0215;-9.1358
-0.383409;-0.114008;0;-2.43973;-23.7108;9.98899;-9.10617
-0.381946;-0.118817;0;-2.43179;-23.6325;9.9565;-9.07655
-0.380423;-0.123607;0;-2.42385;-23.5542;9.92402;-9.04694
-0.378839;-0.128377;0;-2.41552;-23.472;9.88994;-9.01587
-0.377196;-0.133128;0;-2.40366;-23.3551;9.84144;-8.97166
-0.375494;-0.137857;0;-2.39179;-23.2381;9.7929;-8.92741
-0.373732;-0.142565;0;-2.37992;-23.1211;9.74434;-8.88314
-0.371911;-0.14725;0;-2.36688;-22.9929;9.69098;-8.8345
-0.370031;-0.151912;0;-2.35368;-22.863;9.63696;-8.78525
-0.368093;-0.156549;0;-2.34047;-22.7331;9.58291;-8.73598
-0.366096;-0.161163;0;-2.32726;-22.6032;9.52883;-8.68668
-0.364042;-0.16575;0;-2.31404;-22.4732;9.47475;-8.63737
-0.361931;-0.170312;0;-2.30082;-22.3432;9.42066;-8.58806
-0.359762;-0.174846;0;-2.2876;-22.2132;9.36657;-8.53876
-0.357537;-0.179353;0;-2.27439;-22.0832;9.3125;-8.48946
-0.355255;-0.183832;0;-2.25957;-21.9377;9.25188;-8.4342
-0.352916;-0.188282;0;-2.24441;-21.7888;9.18985;-8.37766
-0.350523;-0.192701;0;-2.22856;-21.6331;9.12502;-8.31855
-0.348074;-0.197091;0;-2.21178;-21.4684;9.05638;-8.25598
-0.345569;-0.201449;0;-2.195;-21.3036;8.98771;-8.19338
-0.343011;-0.205776;0;-2.17821;-21.1387;8.91902;-8.13076
-0.340398;-0.21007;0;-2.16141;-20.9737;8.85032;-8.06813
-0.337731;-0.214331;0;-2.14462;-20.8088;8.78161;-8.0055
-0.335011;-0.218558;0;-2.12783;-20.6439;8.71292;-7.94287
-0.332238;-0.22275;0;-2.11104;-20.4791;8.64424;-7.88027
-0.329413;-0.226908;0;-2.09426;-20.3143;8.5756;-7.81769
-0.326536;-0.231029;0;-2.07695;-20.1444;8.50475;-7.75311
-0.323607;-0.235114;0;-2.05939;-19.9722;8.43292;-7.68762
-0.320627;-0.239162;0;-2.04185;-19.8001;8.36112;-7.62217
-0.317596;-0.243172;0;-2.02427;-19.6276;8.28917;-7.55658
-0.314515;-0.247144;0;-2.00399;-19.429;8.20618;-7.48092
-0.311385;-0.251077;0;-1.98242;-19.2182;8.11792;-7.40046
-0.308205;-0.25497;0;-1.96084;-19.0073;8.02959;-7.31993
-0.304977;-0.258822;0;-1.93924;-18.7962;7.9412;-7.23936
-0.301701;-0.262634;0;-1.91763;-18.585;7.85276;-7.15874
-0.298376;-0.266405;0;-1.89601;-18.3737;7.76429;-7.07809
-0.295005;-0.270133;0;-1.87439;-18.1624;7.67581;-6.99742
-0.291587;-0.273819;0;-1.85277;-17.9511;7.58732;-6.91676
-0.288124;-0.277461;0;-1.83115;-17.7398;7.49884;-6.8361
-0.284614;-0.28106;0;-1.80954;-17.5286;7.41039;-6.75546
-0.28106;-0.284614;0;-1.78793;-17.3174;7.32197;-6.67486
-0.277461;-0.288124;0;-1.76536;-17.097;7.2296;-6.59065
-0.273819;-0.291587;0;-1.74229;-16.8716;7.13517;-6.50456
-0.270133;-0.295005;0;-1.71812;-16.6363;7.03625;-6.41439
-0.266405;-0.298376;0;-1.69339;-16.3955;6.93506;-6.32214
-0.262634;-0.301701;0;-1.66866;-16.1546;6.83382;-6.22985
-0.258822;-0.304977;0;-1.64391;-15.9136;6.73254;-6.13752
-0.25497;-0.308205;0;-1.61916;-15.6726;6.63125;-6.04518
-0.251077;-0.311385;0;-1.59441;-15.4316;6.52995;-5.95283
-0.247144;-0.314515;0;-1.56967;-15.1906;6.42866;-5.8605
-0.243172;-0.317596;0;-1.54493;-14.9497;6.32741;-5.7682
-0.239162;-0.320627;0;-1.5202;-14.7089;6.2262;-5.67593
-0.235114;-0.323607;0;-1.49549;-14.4683;6.12505;-5.58372
-0.231029;-0.326536;0;-1.47079;-14.2278;6.02398;-5.49159
-0.226908;-0.329413;0;-1.44549;-13.9815;5.92041;-5.39717
-0.22275;-0.332238;0;-1.4186;-13.72;5.81033;-5.29682
-0.218558;-0.335011;0;-1.39116;-13.4538;5.69802;-5.19443
-0.214331;-0.337731;0;-1.36346;-13.185;5.58462;-5.09105
-0.21007;-0.340398;0;-1.33574;-12.9161;5.47116;-4.98762
-0.205776;-0.343011;0;-1.30802;-12.6471;5.35766;-4.88415
-0.201449;-0.345569;0;-1.28029;-12.3781;5.24414;-4.78067
-0.197091;-0.348074;0;-1.25255;-12.109;5.13062;-4.67718
-0.192701;-0.350523;0;-1.22483;-11.84;5.01711;-4.5737
-0.188282;-0.352916;0;-1.1971;-11.571;4.90363;-4.47025
-0.183832;-0.355255;0;-1.1694;-11.3022;4.7902;-4.36684
-0.179353;-0.357537;0;-1.1417;-11.0335;4.67684;-4.2635
-0.174846;-0.359762;0;-1.11403;-10.765;4.56356;-4.16024
-0.170312;-0.361931;0;-1.08534;-10.4869;4.44612;-4.05317
-0.16575;-0.364042;0;-1.05571;-10.2002;4.3248;-3.94258
-0.161163;-0.366096;0;-1.02578;-9.91064;4.20225;-3.83085
-0.156549;-0.368093;0;-0.995824;-9.62089;4.07961;-3.71905
-0.151912;-0.370031;0;-0.965855;-9.331;3.95691;-3.6072
-0.14725;-0.371911;0;-0.935876;-9.04102;3.83417;-3.49531
-0.142565;-0.373732;0;-0.905892;-8.75099;3.71141;-3.3834
-0.137857;-0.375494;0;-0.875907;-8.46095;3.58865;-3.27149
-0.133128;-0.377196;0;-0.845927;-8.17096;3.46591;-3.1596
-0.128377;-0.378839;0;-0.815956;-7.88105;3.34321;-3.04773
-0.123607;-0.380423;0;-0.785999;-7.59128;3.22056;-2.93592
-0.118817;-0.381946;0;-0.75606;-7.30168;3.09798;-2.82418
-0.114008;-0.383409;0;-0.726145;-7.01231;2.9755;-2.71253
-0.109181;-0.384811;0;-0.696287;-6.72351;2.85326;-2.60109
-0.104337;-0.386153;0;-0.665009;-6.42148;2.72519;-2.48434
-0.099476;-0.387433;0;-0.633662;-6.11886;2.59684;-2.36733
-0.0945996;-0.388653;0;-0.602298;-5.81608;2.46842;-2.25026
-0.0897083;-0.389811;0;-0.570921;-5.51319;2.33994;-2.13314
-0.0848028;-0.390907;0;-0.539559;-5.21044;2.21153;-2.01608
-0.079884;-0.391942;0;-0.508139;-4.90714;2.08288;-1.8988
-0.0749525;-0.392915;0;-0.476698;-4.60363;1.95415;-1.78144
-0.0700092;-0.393826;0;-0.445263;-4.30018;1.82543;-1.6641
-0.0650549;-0.394674;0;-0.413836;-3.99681;1.69675;-1.54679
-0.0600902;-0.395461;0;-0.382424;-3.69358;1.56813;-1.42954
-0.0551161;-0.396185;0;-0.351032;-3.39054;1.4396;-1.31237
-0.0501333;-0.396846;0;-0.319346;-3.08493;1.30986;-1.19409
-0.0451426;-0.397445;0;-0.287375;-2.77659;1.17895;-1.07475
-0.0401447;-0.39798;0;-0.255386;-2.46806;1.04796;-0.955343
-0.0351405;-0.398453;0;-0.223384;-2.15941;0.916923;-0.835886
-0.0301307;-0.398864;0;-0.191427;-1.85119;0.786065;-0.716593
-0.0251162;-0.399211;0;-0.159394;-1.54225;0.654901;-0.597021
-0.0200977;-0.399495;0;-0.127359;-1.23328;0.523728;-0.477441
-0.0150761;-0.399716;0;-0.0953276;-0.924341;0.392567;-0.357872
-0.010052;-0.399874;0;-0.0633038;-0.615479;0.261438;-0.238333
-0.00502642;-0.399968;0;-0.031293;-0.306743;0.130363;-0.118842
-7.34788e-17;-0.4;0;0.0006996;0.00181778;-0.000637397;0.000581064
0.00502642;-0.399968;0;0.0324414;0.307949;-0.13061;0.119067
0.010052;-0.399874;0;0.0643117;0.615295;-0.261107;0.238031
0.0150761;-0.399716;0;0.0962086;0.922897;-0.391713;0.357093
0.0200977;-0.399495;0;0.128127;1.23071;-0.522406;0.476236
0.0251162;-0.399211;0;0.160062;1.53867;-0.653168;0.595441
0.0301307;-0.398864;0;0.192008;1.84675;-0.783975;0.714688
0.0351405;-0.398453;0;0.223961;2.15489;-0.914809;0.833959
0.0401447;-0.39798;0;0.255915;2.46305;-1.04565;0.953235
0.0451426;-0.397445;0;0.287865;2.77116;-1.17647;1.0725
0.0501333;-0.396846;0;0.319806;3.0792;-1.30726;1.19173
0.0551161;-0.396185;0;0.351577;3.38597;-1.43736;1.31032
0.0600902;-0.395461;0;0.383459;3.69383;-1.56791;1.42934
0.0650549;-0.394674;0;0.414502;3.99356;-1.69502;1.54521
0.0700092;-0.393826;0;0.446038;4.29807;-1.82415;1.66293
0.0749525;-0.392915;0;0.477577;4.6026;-1.95329;1.78066
0.079884;-0.391942;0;0.509115;4.90712;-2.08242;1.89838
0.0848028;-0.390907;0;0.539965;5.20501;-2.20874;2.01353
0.0897083;-0.389811;0;0.57106;5.50523;-2.33605;2.12959
0.0945996;-0.388653;0;0.602163;5.80554;-2.4634;2.24568
0.099476;-0.387433;0;0.63327;6.10588;-2.59076;2.36179
0.104337;-0.386153;0;0.664375;6.40621;-2.71811;2.47789
0.109181;-0.384811;0;0.695474;6.70647;-2.84544;2.59396
0.114008;-0.383409;0;0.726561;7.00662;-2.97272;2.70999
0.118817;-0.381946;0;0.756255;7.29369;-3.09429;2.82082
0.123607;-0.380423;0;0.78629;7.58427;-3.21726;2.93292
0.128377;-0.378839;0;0.816341;7.875;-3.3403;3.04508
0.133128;-0.377196;0;0.846403;8.16584;-3.46338;3.15729
0.137857;-0.375494;0;0.876471;8.45674;-3.58648;3.26951
0.142565;-0.373732;0;0.90654;8.74765;-3.7096;3.38174
0.14725;-0.371911;0;0.936607;9.03853;-3.83269;3.49396
0.151912;-0.370031;0;0.966665;9.32934;-3.95576;3.60615
0.156549;-0.368093;0;0.996711;9.62002;-4.07877;3.71829
0.161163;-0.366096;0;1.02674;9.91053;-4.20172;3.83037
0.16575;-0.364042;0;1.05675;10.2008;-4.32457;3.94237
0.170312;-0.361931;0;1.08622;10.486;-4.44525;4.05238
0.174846;-0.359762;0;1.11488;10.7634;-4.56254;4.15931
0.179353;-0.357537;0;1.14268;11.0332;-4.67634;4.26305
0.183832;-0.355255;0;1.17049;11.3031;-4.79021;4.36685
0.188282;-0.352916;0;1.19832;11.5731;-4.90414;4.47071
0.192701;-0.350523;0;1.22616;11.8433;-5.01811;4.57461
0.197091;-0.348074;0;1.25401;12.1135;-5.13209;4.67852
0.201449;-0.345569;0;1.28185;12.3837;-5.24609;4.78244
0.205776;-0.343011;0;1.3097;12.6538;-5.36006;4.88634
0.21007;-0.340398;0;1.33753;12.9239;-5.47401;4.99022
0.214331;-0.337731;0;1.36535;13.1939;-5.5879;5.09404
0.218558;-0.335011;0;1.39316;13.4637;-5.70172;5.19781
0.22275;-0.332238;0;1.42094;13.7333;-5.81546;5.30149
0.226908;-0.329413;0;1.44758;13.9919;-5.92449;5.40089
0.231029;-0.326536;0;1.4724;14.2337;-6.0261;5.49351
0.235114;-0.323607;0;1.49725;14.4756;-6.12778;5.58621
0.239162;-0.320627;0;1.52211;14.7178;-6.22954;5.67897
0.243172;-0.317596;0;1.54698;14.96;-6.33135;5.77178
0.247144;-0.314515;0;1.57187;15.2024;-6.43319;5.86463
0.251077;-0.311385;0;1.59675;15.4448;-6.53505;5.95749
0.25497;-0.308205;0;1.62164;15.6872;-6.63692;6.05035
0.258822;-0.304977;0;1.64653;15.9295;-6.73877;6.1432
0.262634;-0.301701;0;1.67141;16.1718;-6.84059;6.23603
0.266405;-0.298376;0;1.69627;16.414;-6.94237;6.32881
0.270133;-0.295005;0;1.72113;16.6561;-7.04409;6.42154
0.273819;-0.291587;0;1.74596;16.898;-7.14574;6.5142
0.277461;-0.288124;0;1.77033;17.1354;-7.24549;6.60513
0.28106;-0.284614;0;1.79224;17.3493;-7.33512;6.68684
0.284614;-0.28106;0;1.81362;17.5584;-7.42262;6.76661
0.288124;-0.277461;0;1.83501;17.7675;-7.51016;6.84641
0.291587;-0.273819;0;1.85641;17.9768;-7.59773;6.92625
0.295005;-0.270133;0;1.87781;18.186;-7.68533;7.0061
0.298376;-0.266405;0;1.89922;18.3953;-7.77292;7.08595
0.301701;-0.262634;0;1.92062;18.6046;-7.86051;7.1658
0.304977;-0.258822;0;1.94202;18.8138;-7.94807;7.24563
0.308205;-0.25497;0;1.96341;19.0229;-8.0356;7.32542
0.311385;-0.251077;0;1.98479;19.2319;-8.12307;7.40516
0.314515;-0.247144;0;2.00615;19.4408;-8.21048;7.48485
0.317596;-0.243172;0;2.02679;19.6426;-8.29495;7.56184
0.320627;-0.239162;0;2.04406;19.8121;-8.36563;7.62628
0.323607;-0.235114;0;2.06135;19.9818;-8.43637;7.69077
0.326536;-0.231029;0;2.07865;20.1516;-8.50716;7.7553
0.329413;-0.226908;0;2.09596;20.3215;-8.57798;7.81986
0.332238;-0.22275;0;2.11328;20.4915;-8.64883;7.88445
0.335011;-0.218558;0;2.1306;20.6615;-8.71969;7.94905
0.337731;-0.214331;0;2.14792;20.8314;-8.79056;8.01365
0.340398;-0.21007;0;2.16524;21.0014;-8.86142;8.07825
0.343011;-0.205776;0;2.18255;21.1713;-8.93225;8.14282
0.345569;-0.201449;0;2.19986;21.3412;-9.00306;8.20737
0.348074;-0.197091;0;2.21715;21.5109;-9.07383;8.27189
0.350523;-0.192701;0;2.23443;21.6805;-9.14454;8.33635
0.352916;-0.188282;0;2.2517;21.85;-9.21519;8.40075
0.355255;-0.183832;0;2.26674;21.9978;-9.27672;8.45685
0.357537;-0.179353;0;2.27958;22.1241;-9.32924;8.50472
0.359762;-0.174846;0;2.29242;22.2505;-9.38178;8.55262
0.361931;-0.170312;0;2.3047;22.3714;-9.43202;8.59842
0.364042;-0.16575;0;2.3169;22.4916;-9.4819;8.6439
0.366096;-0.161163;0;2.3291;22.6118;-9.53181;8.68939
0.368093;-0.156549;0;2.3413;22.732;-9.58171;8.73489
0.370031;-0.151912;0;2.3535;22.8522;-9.63162;8.78038
0.371911;-0.14725;0;2.3657;22.9724;-9.68151;8.82587
0.373732;-0.142565;0;2.37789;23.0926;-9.73139;8.87133
0.375494;-0.137857;0;2.39008;23.2126;-9.78124;8.91678
0.377196;-0.133128;0;2.40226;23.3327;-9.83106;8.96219
0.378839;-0.128377;0;2.41437;23.452;-9.88061;9.00737
0.380423;-0.123607;0;2.42528;23.5595;-9.92526;9.04807
0.381946;-0.118817;0;2.43317;23.6371;-9.95751;9.07747
0.383409;-0.114008;0;2.44105;23.7148;-9.98978;9.10689
0.384811;-0.109181;0;2.44894;23.7926;-10.0221;9.13631
0.386153;-0.104337;0;2.45643;23.8665;-10.0527;9.16424
0.387433;-0.099476;0;2.46318;23.9333;-10.0803;9.18942
0.388653;-0.0945996;0;2.46994;24.0001;-10.1079;9.2146
0.389811;-0.0897083;0;2.47669;24.0669;-10.1356;9.23979
0.390907;-0.0848028;0;2.48345;24.1337;-10.1632;9.26498
0.391942;-0.079884;0;2.49021;24.2005;-10.1908;9.29017
0.392915;-0.0749525;0;2.49696;24.2673;-10.2184;9.31534
0.393826;-0.0700092;0;2.50371;24.3341;-10.2461;9.34051
0.394674;-0.0650549;0;2.51046;24.4008;-10.2736;9.36566
0.395461;-0.0600902;0;2.5172;24.4674;-10.3012;9.3908
0.396185;-0.0551161;0;2.52129;24.5077;-10.3179;9.40603
0.396846;-0.0501333;0;2.52433;24.5376;-10.3304;9.41739
0.397445;-0.0451426;0;2.52738;24.5675;-10.3429;9.42876
0.39798;-0.0401447;0;2.52953;24.5887;-10.3516;9.43677
0.398453;-0.0351405;0;2.53093;24.6027;-10.3574;9.442
0.398864;-0.0301307;0;2.53234;24.6167;-10.3631;9.44723
0.399211;-0.0251162;0;2.53374;24.6307;-10.3689;9.45246
0.399495;-0.0200977;0;2.53515;24.6448;-10.3746;9.45769
0.399716;-0.0150761;0;2.53656;24.6588;-10.3803;9.46293
0.399874;-0.010052;0;2.53796;24.6728;-10.3861;9.46816
0.399968;-0.00502642;0;2.53937;24.6868;-10.3918;9.47339
