0.4;0;0;2.53806;24.6586;-10.3975;9.47853
0.399968;0.00502642;0;2.53659;24.6433;-10.3915;9.47309
0.399874;0.010052;0;2.53508;24.6276;-10.3854;9.46754
0.399716;0.0150761;0;2.53358;24.612;-10.3793;9.46199
0.399495;0.0200977;0;2.53208;24.5963;-10.3732;9.45644
0.399211;0.0251162;0;2.53058;24.5807;-10.3671;9.45089
0.398864;0.0301307;0;2.52907;24.565;-10.361;9.44534
0.398453;0.0351405;0;2.52757;24.5494;-10.355;9.43979
0.39798;0.0401447;0;2.52607;24.5338;-10.3489;9.43425
0.397445;0.0451426;0;2.52335;24.507;-10.3377;9.42406
0.396846;0.0501333;0;2.51998;24.4744;-10.3238;9.41143
0.396185;0.0551161;0;2.51661;24.4418;-10.31;9.3988
0.395461;0.0600902;0;2.51325;24.4092;-10.2961;9.38617
0.394674;0.0650549;0;2.50718;24.3488;-10.2713;9.36354
0.393826;0.0700092;0;2.50054;24.2826;-10.2442;9.33879
0.392915;0.0749525;0;2.4939;24.2164;-10.217;9.31402
0.391942;0.079884;0;2.48725;24.1501;-10.1898;9.28924
0.390907;0.0848028;0;2.4806;24.0838;-10.1626;9.26445
0.389811;0.0897083;0;2.47395;24.0175;-10.1354;9.23966
0.388653;0.0945996;0;2.4673;23.9511;-10.1082;9.21487
0.387433;0.099476;0;2.46066;23.8849;-10.081;9.19008
0.386153;0.104337;0;2.45365;23.8155;-10.0524;9.16394
0.384811;0.109181;0;2.44549;23.7356;-10.0189;9.13341
0.383409;0.114008;0;2.43733;23.6557;-9.98538;9.10287
0.381946;0.118817;0;2.42917;23.5758;-9.95189;9.07235
0.380423;0.123607;0;2.42102;23.4959;-9.91841;9.04183
0.378839;0.128377;0;2.41039;23.3915;-9.87486;9.00212
0.377196;0.133128;0;2.39817;23.2714;-9.82477;8.95646
0.375494;0.137857;0;2.386;23.1512;-9.7749;8.911
0.373732;0.142565;0;2.37383;23.0311;-9.72504;8.86554
0.371911;0.14725;0;2.36165;22.9109;-9.67515;8.82006
0.370031;0.151912;0;2.34947;22.7907;-9.62524;8.77457
0.368093;0.156549;0;2.33729;22.6705;-9.57532;8.72906
0.366096;0.161163;0;2.32511;22.5502;-9.52541;8.68356
0.364042;0.16575;0;2.31293;22.43;-9.4755;8.63806
0.361931;0.170312;0;2.30075;22.3098;-9.4256;8.59257
0.359762;0.174846;0;2.28858;22.1897;-9.37573;8.5471
0.357537;0.179353;0;2.27641;22.0696;-9.32588;8.50167
0.355255;0.183832;0;2.26426;21.9496;-9.27608;8.45626
0.352916;0.188282;0;2.24956;21.805;-9.21582;8.40133
0.350523;0.192701;0;2.23235;21.6362;-9.14527;8.33702
0.348074;0.197091;0;2.21512;21.4671;-9.07466;8.27265
0.345569;0.201449;0;2.19789;21.298;-9.004;8.20823
0.343011;0.205776;0;2.18064;21.1287;-8.93329;8.14377
0.340398;0.21007;0;2.16339;20.9594;-8.86256;8.07929
0.337731;0.214331;0;2.14613;20.7901;-8.7918;8.01479
0.335011;0.218558;0;2.12887;20.6207;-8.72104;7.95028
0.332238;0.22275;0;2.11161;20.4513;-8.65028;7.88577
0.329413;0.226908;0;2.09435;20.282;-8.57953;7.82128
0.326536;0.231029;0;2.0771;20.1127;-8.50881;7.75681
0.323607;0.235114;0;2.05984;19.9433;-8.43804;7.69229
0.320627;0.239162;0;2.04253;19.7735;-8.36706;7.62759
0.317596;0.243172;0;2.02523;19.6038;-8.29614;7.56293
0.314515;0.247144;0;2.00546;19.4102;-8.21503;7.48899
0.311385;0.251077;0;1.98417;19.2021;-8.12775;7.40943
0.308205;0.25497;0;1.96287;18.9939;-8.04041;7.3298
0.304977;0.258822;0;1.94155;18.7855;-7.95297;7.25009
0.301701;0.262634;0;1.92019;18.5768;-7.8654;7.17026
0.298376;0.266405;0;1.89882;18.3679;-7.77775;7.09036
0.295005;0.270133;0;1.87742;18.1587;-7.69;7.01036
0.291587;0.273819;0;1.85602;17.9496;-7.60224;6.93036
0.288124;0.277461;0;1.83462;17.7405;-7.5145;6.85037
0.284614;0.28106;0;1.81323;17.5314;-7.42679;6.77041
0.28106;0.284614;0;1.79186;17.3225;-7.33912;6.69049
0.277461;0.288124;0;1.77014;17.1104;-7.25009;6.60933
0.273819;0.291587;0;1.7454;16.8694;-7.14859;6.5168
0.270133;0.295005;0;1.72062;16.6282;-7.047;6.42419
0.266405;0.298376;0;1.69584;16.3868;-6.94533;6.3315
0.262634;0.301701;0;1.67103;16.1453;-6.8436;6.23876
0.258822;0.304977;0;1.64622;15.9036;-6.74182;6.14598
0.25497;0.308205;0;1.62139;15.6619;-6.64002;6.05318
0.251077;0.311385;0;1.59656;15.4201;-6.53816;5.96032
0.247144;0.314515;0;1.57172;15.1782;-6.43629;5.86745
0.243172;0.317596;0;1.54686;14.9362;-6.33433;5.77451
0.239162;0.320627;0;1.52201;14.6942;-6.23241;5.68159
0.235114;0.323607;0;1.49718;14.4524;-6.13054;5.58873
0.231029;0.326536;0;1.47235;14.2107;-6.02873;5.49592
0.226908;0.329413;0;1.44755;13.9693;-5.92701;5.40318
0.22275;0.332238;0;1.42122;13.7133;-5.81898;5.30471
0.218558;0.335011;0;1.39348;13.4442;-5.7052;5.20098
0.214331;0.337731;0;1.36572;13.175;-5.59133;5.09717
0.21007;0.340398;0;1.33795;12.9055;-5.47739;4.9933
0.205776;0.343011;0;1.31016;12.6359;-5.3634;4.88939
0.201449;0.345569;0;1.28236;12.3663;-5.24938;4.78544
0.197091;0.348074;0;1.25456;12.0966;-5.13533;4.68148
0.192701;0.350523;0;1.22676;11.8269;-5.02129;4.57751
0.188282;0.352916;0;1.19896;11.5573;-4.90727;4.47357
0.183832;0.355255;0;1.17118;11.2877;-4.79329;4.36966
0.179353;0.357537;0;1.14341;11.0183;-4.67936;4.2658
0.174846;0.359762;0;1.11565;10.7491;-4.56551;4.16201
0.170312;0.361931;0;1.08754;10.4764;-4.45019;4.05688
0.16575;0.364042;0;1.05756;10.1866;-4.32716;3.94472
0.161163;0.366096;0;1.02743;9.89546;-4.20352;3.83202
0.156549;0.368093;0;0.997268;9.60402;-4.07976;3.7192
0.151912;0.370031;0;0.967084;9.31234;-3.9559;3.60628
0.14725;0.371911;0;0.936878;9.02045;-3.83195;3.49329
0.142565;0.373732;0;0.906656;8.72841;-3.70794;3.38023
0.137857;0.375494;0;0.876423;8.43626;-3.58387;3.26713
0.133128;0.377196;0;0.846183;8.14404;-3.45978;3.15401
0.128377;0.378839;0;0.815942;7.85181;-3.33569;3.04088
0.123607;0.380423;0;0.785703;7.5596;-3.2116;2.92776
0.118817;0.381946;0;0.756201;7.27451;-3.09056;2.81741
0.114008;0.383409;0;0.72523;6.97523;-2.9635;2.70159
0.109181;0.384811;0;0.694245;6.67582;-2.83639;2.58571
0.104337;0.386153;0;0.663251;6.37632;-2.70924;2.4698
0.099476;0.387433;0;0.632254;6.07679;-2.58208;2.35388
0.0945996;0.388653;0;0.601258;5.77727;-2.45493;2.23796
0.0897083;0.389811;0;0.570268;5.47781;-2.3278;2.12207
0.0848028;0.390907;0;0.539289;5.17846;-2.20071;2.00621
0.079884;0.391942;0;0.508326;4.87925;-2.07369;1.89042
0.0749525;0.392915;0;0.477383;4.58025;-1.94675;1.7747
0.0700092;0.393826;0;0.446466;4.2815;-1.81992;1.65907
0.0650549;0.394674;0;0.41558;3.98304;-1.69321;1.54357
0.0600902;0.395461;0;0.384729;3.68492;-1.56665;1.42819
0.0551161;0.396185;0;0.353918;3.38719;-1.44025;1.31296
0.0501333;0.396846;0;0.32222;3.08146;-1.31019;1.1944
0.0451426;0.397445;0;0.290357;2.77417;-1.17945;1.07521
0.0401447;0.39798;0;0.258457;2.46652;-1.04856;0.955888
0.0351405;0.398453;0;0.226527;2.15857;-0.917538;0.836446
0.0301307;0.398864;0;0.19457;1.85037;-0.786408;0.716906
0.0251162;0.399211;0;0.162591;1.54196;-0.655192;0.597286
0.0200977;0.399495;0;0.130596;1.23339;-0.523908;0.477606
0.0150761;0.399716;0;0.0985905;0.924721;-0.392579;0.357883
0.010052;0.399874;0;0.0665785;0.615988;-0.261225;0.238138
0.00502642;0.399968;0;0.0345654;0.307245;-0.129866;0.118389
2.44929e-17;0.4;0;0.00255626;-0.00146042;0.00147643;-0.00134594
-0.00502642;0.399968;0;-0.0294438;-0.310078;0.132782;-0.121047
-0.010052;0.399874;0;-0.0614298;-0.618561;0.264029;-0.240695
-0.0150761;0.399716;0;-0.0933967;-0.926859;0.395199;-0.360271
-0.0200977;0.399495;0;-0.125339;-1.23492;0.526268;-0.479757
-0.0251162;0.399211;0;-0.157253;-1.54271;0.657218;-0.599134
-0.0301307;0.398864;0;-0.189132;-1.85016;0.788028;-0.718382
-0.0351405;0.398453;0;-0.220709;-2.15467;0.917577;-0.836482
-0.0401447;0.39798;0;-0.252151;-2.458;1.04657;-0.954072
-0.0451426;0.397445;0;-0.283592;-2.76145;1.17557;-1.07168
-0.0501333;0.396846;0;-0.315057;-3.06514;1.30468;-1.18938
-0.0551161;0.396185;0;-0.346543;-3.36903;1.43388;-1.30715
-0.0600902;0.395461;0;-0.378045;-3.67307;1.56313;-1.42499
-0.0650549;0.394674;0;-0.409556;-3.97721;1.69243;-1.54286
-0.0700092;0.393826;0;-0.441073;-4.2814;1.82175;-1.66075
-0.0749525;0.392915;0;-0.472591;-4.58559;1.95108;-1.77864
-0.079884;0.391942;0;-0.504104;-4.88974;2.08038;-1.89652
-0.0848028;0.390907;0;-0.535607;-5.1938;2.20965;-2.01436
-0.0897083;0.389811;0;-0.567096;-5.49772;2.33885;-2.13214
-0.0945996;0.388653;0;-0.598566;-5.80145;2.46797;-2.24986
-0.099476;0.387433;0;-0.63001;-6.10494;2.597;-2.36748
-0.104337;0.386153;0;-0.661025;-6.40432;2.72424;-2.48347
-0.109181;0.384811;0;-0.691267;-6.69652;2.84829;-2.59656
-0.114008;0.383409;0;-0.721261;-6.98658;2.97136;-2.70875
-0.118817;0.381946;0;-0.751279;-7.27687;3.09452;-2.82103
-0.123607;0.380423;0;-0.781316;-7.56733;3.21776;-2.93338
-0.128377;0.378839;0;-0.811366;-7.85793;3.34106;-3.04578
-0.133128;0.377196;0;-0.841425;-8.14861;3.46439;-3.15821
-0.137857;0.375494;0;-0.871488;-8.43933;3.58774;-3.27066
-0.142565;0.373732;0;-0.901551;-8.73005;3.71109;-3.3831
-0.14725;0.371911;0;-0.931609;-9.02072;3.83441;-3.49553
-0.151912;0.370031;0;-0.961532;-9.3101;3.95718;-3.60744
-0.156549;0.368093;0;-0.991467;-9.59969;4.07999;-3.7194
-0.161163;0.366096;0;-1.02139;-9.88913;4.20274;-3.8313
-0.16575;0.364042;0;-1.05129;-10.1784;4.3254;-3.94312
-0.170312;0.361931;0;-1.08116;-10.4674;4.44796;-4.05485
-0.174846;0.359762;0;-1.10989;-10.7459;4.56581;-4.16228
-0.179353;0.357537;0;-1.13748;-11.0136;4.67898;-4.26545
-0.183832;0.355255;0;-1.16509;-11.2816;4.79223;-4.3687
-0.188282;0.352916;0;-1.19271;-11.5496;4.90556;-4.47201
-0.192701;0.350523;0;-1.22035;-11.8179;5.01893;-4.57536
-0.197091;0.348074;0;-1.248;-12.0861;5.13234;-4.67875
-0.201449;0.345569;0;-1.27565;-12.3545;5.24576;-4.78214
-0.205776;0.343011;0;-1.3033;-12.6228;5.35918;-4.88554
-0.21007;0.340398;0;-1.33095;-12.8911;5.47258;-4.98891
-0.214331;0.337731;0;-1.35858;-13.1592;5.58594;-5.09225
-0.218558;0.335011;0;-1.38621;-13.4273;5.69924;-5.19554
-0.22275;0.332238;0;-1.41346;-13.6919;5.81103;-5.29745
-0.226908;0.329413;0;-1.44031;-13.9532;5.9212;-5.39789
-0.231029;0.326536;0;-1.46478;-14.1914;6.02155;-5.48937
-0.235114;0.323607;0;-1.48958;-14.4329;6.12329;-5.58211
-0.239162;0.320627;0;-1.5144;-14.6746;6.22509;-5.67492
-0.243172;0.317596;0;-1.53924;-14.9164;6.32695;-5.76778
-0.247144;0.314515;0;-1.56408;-15.1582;6.42884;-5.86066
-0.251077;0.311385;0;-1.58893;-15.4001;6.53075;-5.95357
-0.25497;0.308205;0;-1.61378;-15.642;6.63267;-6.04648
-0.258822;0.304977;0;-1.63862;-15.8839;6.73457;-6.13937
-0.262634;0.301701;0;-1.66346;-16.1257;6.83644;-6.23224
-0.266405;0.298376;0;-1.68829;-16.3675;6.93827;-6.32507
-0.270133;0.295005;0;-1.7131;-16.609;7.04004;-6.41784
-0.273819;0.291587;0;-1.73789;-16.8504;7.14173;-6.51054
-0.277461;0.288124;0;-1.76118;-17.0779;7.2372;-6.59758
-0.28106;0.284614;0;-1.78334;-17.2946;7.3281;-6.68044
-0.284614;0.28106;0;-1.80486;-17.5047;7.41633;-6.76088
-0.288124;0.277461;0;-1.82638;-17.7149;7.5046;-6.84135
-0.291587;0.273819;0;-1.8479;-17.9252;7.59289;-6.92184
-0.295005;0.270133;0;-1.86943;-18.1355;7.6812;-7.00234
-0.298376;0.266405;0;-1.89096;-18.3457;7.7695;-7.08284
-0.301701;0.262634;0;-1.91249;-18.556;7.85779;-7.16332
-0.304977;0.258822;0;-1.93401;-18.7662;7.94605;-7.24378
-0.308205;0.25497;0;-1.95551;-18.9762;8.03426;-7.32419
-0.311385;0.251077;0;-1.97701;-19.1862;8.12241;-7.40456
-0.314515;0.247144;0;-1.99848;-19.3959;8.21049;-7.48485
-0.317596;0.243172;0;-2.01853;-19.5922;8.2927;-7.5598
-0.320627;0.239162;0;-2.03588;-19.7622;8.36385;-7.62466
-0.323607;0.235114;0;-2.05324;-19.9324;8.43505;-7.68957
-0.326536;0.231029;0;-2.07061;-20.1027;8.5063;-7.75452
-0.329413;0.226908;0;-2.08799;-20.2731;8.57758;-7.8195
-0.332238;0.22275;0;-2.10538;-20.4435;8.64888;-7.8845
-0.335011;0.218558;0;-2.12276;-20.614;8.72019;-7.9495
-0.337731;0.214331;0;-2.13989;-20.7821;8.7904;-8.01351
-0.340398;0.21007;0;-2.15702;-20.9504;8.86063;-8.07754
-0.343011;0.205776;0;-2.17415;-21.1186;8.93086;-8.14155
-0.345569;0.201449;0;-2.19127;-21.2867;9.00106;-8.20555
-0.348074;0.197091;0;-2.20839;-21.4548;9.07122;-8.26951
-0.350523;0.192701;0;-2.22549;-21.6227;9.14134;-8.33343
-0.352916;0.188282;0;-2.24258;-21.7905;9.21139;-8.3973
-0.355255;0.183832;0;-2.25801;-21.9424;9.27464;-8.45495
-0.357537;0.179353;0;-2.27076;-22.0678;9.32689;-8.50258
-0.359762;0.174846;0;-2.28355;-22.1937;9.37934;-8.5504
-0.361931;0.170312;0;-2.29635;-22.3197;9.43181;-8.59823
-0.364042;0.16575;0;-2.30915;-22.4456;9.48428;-8.64607
-0.366096;0.161163;0;-2.32194;-22.5716;9.53676;-8.6939
-0.368093;0.156549;0;-2.33474;-22.6975;9.58922;-8.74173
-0.370031;0.151912;0;-2.34753;-22.8234;9.64166;-8.78953
-0.371911;0.14725;0;-2.36031;-22.9492;9.69408;-8.83732
-0.373732;0.142565;0;-2.37309;-23.075;9.74646;-8.88507
-0.375494;0.137857;0;-2.38586;-23.2006;9.7988;-8.93278
-0.377196;0.133128;0;-2.39824;-23.3223;9.84958;-8.97907
-0.378839;0.128377;0;-2.40687;-23.4073;9.88497;-9.01134
-0.380423;0.123607;0;-2.41485;-23.486;9.9177;-9.04118
-0.381946;0.118817;0;-2.42284;-23.5648;9.95046;-9.07104
-0.383409;0.114008;0;-2.43084;-23.6436;9.98323;-9.10092
-0.384811;0.109181;0;-2.43883;-23.7224;10.016;-9.1308
-0.386153;0.104337;0;-2.44683;-23.8013;10.0488;-9.1607
-0.387433;0.099476;0;-2.45483;-23.8802;10.0816;-9.19059
-0.388653;0.0945996;0;-2.46282;-23.959;10.1144;-9.22048
-0.389811;0.0897083;0;-2.47082;-24.0379;10.1472;-9.25036
-0.390907;0.0848028;0;-2.47881;-24.1167;10.1799;-9.28023
-0.391942;0.079884;0;-2.4868;-24.1954;10.2127;-9.31008
-0.392915;0.0749525;0;-2.49478;-24.2741;10.2454;-9.33991
-0.393826;0.0700092;0;-2.50275;-24.3527;10.2781;-9.36971
-0.394674;0.0650549;0;-2.51065;-24.4306;10.3105;-9.39924
-0.395461;0.0600902;0;-2.51378;-24.4616;10.3233;-9.41096
-0.396185;0.0551161;0;-2.51642;-24.4875;10.3342;-9.42082
-0.396846;0.0501333;0;-2.51906;-24.5135;10.345;-9.43069
-0.397445;0.0451426;0;-2.5217;-24.5395;10.3558;-9.44056
-0.39798;0.0401447;0;-2.52433;-24.5655;10.3666;-9.45042
-0.398453;0.0351405;0;-2.52691;-24.5908;10.3772;-9.46004
-0.398864;0.0301307;0;-2.5294;-24.6155;10.3874;-9.46937
-0.399211;0.0251162;0;-2.53188;-24.6401;10.3975;-9.47862
-0.399495;0.0200977;0;-2.53435;-24.6646;10.4077;-9.48786
-0.399716;0.0150761;0;-2.53683;-24.6891;10.4178;-9.49709
-0.399874;0.010052;0;-2.53929;-24.7136;10.4279;-9.50631
-0.399968;0.00502642;0;-2.54176;-24.738;10.438;-9.51551
-0.4;4.89859e-17;0;-2.54422;-24.7624;10.4481;-9.52471
-0.399968;-0.00502642;0;-2.54251;-24.7455;10.4411;-9.51833
-0.399874;-0.010052;0;-2.53992;-24.7198;10.4305;-9.50864
-0.399716;-0.0150761;0;-2.53732;-24.6941;10.4198;-9.49894
-0.399495;-0.0200977;0;-2.53471;-24.6683;10.4092;-9.48922
-0.399211;-0.0251162;0;-2.53211;-24.6425;10.3985;-9.47949
-0.398864;-0.0301307;0;-2.5295;-24.6167;10.3878;-9.46975
-0.398453;-0.0351405;0;-2.52689;-24.5909;10.3771;-9.46001
-0.39798;-0.0401447;0;-2.52428;-24.565;10.3664;-9.45026
-0.397445;-0.0451426;0;-2.52167;-24.5392;10.3557;-9.4405
-0.396846;-0.0501333;0;-2.51905;-24.5133;10.345;-9.43074
-0.396185;-0.0551161;0;-2.51644;-24.4875;10.3343;-9.42098
-0.395461;-0.0600902;0;-2.51383;-24.4616;10.3236;-9.41122
-0.394674;-0.0650549;0;-2.5112;-24.4357;10.3129;-9.40142
-0.393826;-0.0700092;0;-2.50349;-24.3597;10.2813;-9.37262
-0.392915;-0.0749525;0;-2.49559;-24.2819;10.2489;-9.34308
-0.391942;-0.079884;0;-2.48768;-24.2039;10.2164;-9.31351
-0.390907;-0.0848028;0;-2.47977;-24.126;10.184;-9.28392
-0.389811;-0.0897083;0;-2.47184;-24.0479;10.1515;-9.25432
-0.388653;-0.0945996;0;-2.46392;-23.9699;10.119;-9.2247
-0.387433;-0.099476;0;-2.45599;-23.8918;10.0865;-9.19507
-0.386153;-0.104337;0;-2.44806;-23.8137;10.054;-9.16543
-0.384811;-0.109181;0;-2.44014;-23.7356;10.0215;-9.1358
-0.383409;-0.114008;0;-2.43221;-23.6575;9.98899;-9.10617
-0.381946;-0.118817;0;-2.42428;-23.5795;9.9565;-9.07655
-0.380423;-0.123607;0;-2.41636;-23.5015;9.92402;-9.04694
-0.378839;-0.128377;0;-2.40805;-23.4195;9.88994;-9.01587
-0.377196;-0.133128;0;-2.39621;-23.3025;9.84144;-8.97166
-0.375494;-0.137857;0;-2.38436;-23.1854;9.7929;-8.92741
-0.373732;-0.142565;0;-2.37251;-23.0683;9.74434;-8.88314
-0.371911;-0.14725;0;-2.3595;-22.9409;9.69098;-8.8345
-0.370031;-0.151912;0;-2.34633;-22.8119;9.63696;-8.78525
-0.368093;-0.156549;0;-2.33316;-22.6828;9.58291;-8.73598
-0.366096;-0.161163;0;-2.31998;-22.5537;9.52883;-8.68668
-0.364042;-0.16575;0;-2.3068;-22.4246;9.47475;-8.63737
-0.361931;-0.170312;0;-2.29362;-22.2954;9.42066;-8.58806
-0.359762;-0.174846;0;-2.28044;-22.1663;9.36657;-8.53876
-0.357537;-0.179353;0;-2.26726;-22.0372;9.3125;-8.48946
-0.355255;-0.183832;0;-2.25246;-21.8917;9.25188;-8.4342
-0.352916;-0.188282;0;-2.23732;-21.7428;9.18985;-8.37766
-0.350523;-0.192701;0;-2.2215;-21.5872;9.12502;-8.31855
-0.348074;-0.197091;0;-2.20475;-21.4223;9.05638;-8.25598
-0.345569;-0.201449;0;-2.18799;-21.2574;8.98771;-8.19338
-0.343011;-0.205776;0;-2.17123;-21.0925;8.91902;-8.13076
-0.340398;-0.21007;0;-2.15446;-20.9275;8.85032;-8.06813
-0.337731;-0.214331;0;-2.1377;-20.7625;8.78161;-8.0055
-0.335011;-0.218558;0;-2.12093;-20.5976;8.71292;-7.94287
-0.332238;-0.22275;0;-2.10417;-20.4327;8.64424;-7.88027
-0.329413;-0.226908;0;-2.08742;-20.2678;8.5756;-7.81769
-0.326536;-0.231029;0;-2.07015;-20.0985;8.50475;-7.75311
-0.323607;-0.235114;0;-2.05263;-19.927;8.43292;-7.68762
-0.320627;-0.239162;0;-2.03513;-19.7557;8.36112;-7.62217
-0.317596;-0.243172;0;-2.01759;-19.5839;8.28917;-7.55658
-0.314515;-0.247144;0;-1.99735;-19.3856;8.20618;-7.48092
-0.311385;-0.251077;0;-1.97583;-19.1755;8.11792;-7.40046
-0.308205;-0.25497;0;-1.9543;-18.9652;8.02959;-7.31993
-0.304977;-0.258822;0;-1.93275;-18.7548;7.9412;-7.23936
-0.301701;-0.262634;0;-1.91118;-18.5442;7.85276;-7.15874
-0.298376;-0.266405;0;-1.88961;-18.3336;7.76429;-7.07809
-0.295005;-0.270133;0;-1.86804;-18.123;7.67581;-6.99742
-0.291587;-0.273819;0;-1.84647;-17.9123;7.58732;-6.91676
-0.288124;-0.277461;0;-1.82489;-17.7017;7.49884;-6.8361
-0.284614;-0.28106;0;-1.80333;-17.4912;7.41039;-6.75546
-0.28106;-0.284614;0;-1.78177;-17.2807;7.32197;-6.67486
-0.277461;-0.288124;0;-1.75924;-17.0602;7.2296;-6.59065
-0.273819;-0.291587;0;-1.73621;-16.8349;7.13517;-6.50456
-0.270133;-0.295005;0;-1.71208;-16.5999;7.03625;-6.41439
-0.266405;-0.298376;0;-1.68741;-16.3596;6.93506;-6.32214
-0.262634;-0.301701;0;-1.66272;-16.1191;6.83382;-6.22985
-0.258822;-0.304977;0;-1.63803;-15.8786;6.73254;-6.13752
-0.25497;-0.308205;0;-1.61332;-15.638;6.63125;-6.04518
-0.251077;-0.311385;0;-1.58862;-15.3975;6.52995;-5.95283
-0.247144;-0.314515;0;-1.56393;-15.1569;6.42866;-5.8605
-0.243172;-0.317596;0;-1.53924;-14.9165;6.32741;-5.7682
-0.239162;-0.320627;0;-1.51456;-14.6761;6.2262;-5.67593
-0.235114;-0.323607;0;-1.48989;-14.4359;6.12505;-5.58372
-0.231029;-0.326536;0;-1.46525;-14.1959;6.02398;-5.49159
-0.226908;-0.329413;0;-1.43999;-13.9501;5.92041;-5.39717
-0.22275;-0.332238;0;-1.41316;-13.689;5.81033;-5.29682
-0.218558;-0.335011;0;-1.38578;-13.4233;5.69802;-5.19443
-0.214331;-0.337731;0;-1.35814;-13.1551;5.58462;-5.09105
-0.21007;-0.340398;0;-1.33047;-12.8867;5.47116;-4.98762
-0.205776;-0.343011;0;-1.3028;-12.6182;5.35766;-4.88415
-0.201449;-0.345569;0;-1.27513;-12.3497;5.24414;-4.78067
-0.197091;-0.348074;0;-1.24745;-12.0811;5.13062;-4.67718
-0.192701;-0.350523;0;-1.21978;-11.8126;5.01711;-4.5737
-0.188282;-0.352916;0;-1.19211;-11.5442;4.90363;-4.47025
-0.183832;-0.355255;0;-1.16446;-11.2759;4.7902;-4.36684
-0.179353;-0.357537;0;-1.13682;-11.0078;4.67684;-4.2635
-0.174846;-0.359762;0;-1.10921;-10.7398;4.56356;-4.16024
-0.170312;-0.361931;0;-1.08058;-10.462;4.44612;-4.05317
-0.16575;-0.364042;0;-1.05101;-10.1758;4.3248;-3.94258
-0.161163;-0.366096;0;-1.02113;-9.88686;4.20225;-3.83085
-0.156549;-0.368093;0;-0.991241;-9.5977;4.07961;-3.71905
-0.151912;-0.370031;0;-0.961333;-9.3084;3.95691;-3.6072
-0.14725;-0.371911;0;-0.931416;-9.01901;3.83417;-3.49531
-0.142565;-0.373732;0;-0.901493;-8.72957;3.71141;-3.3834
-0.137857;-0.375494;0;-0.87157;-8.44012;3.58865;-3.27149
-0.133128;-0.377196;0;-0.841651;-8.15072;3.46591;-3.1596
-0.128377;-0.378839;0;-0.811741;-7.86141;3.34321;-3.04773
-0.123607;-0.380423;0;-0.781845;-7.57223;3.22056;-2.93592
-0.118817;-0.381946;0;-0.751968;-7.28323;3.09798;-2.82418
-0.114008;-0.383409;0;-0.722113;-6.99445;2.9755;-2.71253
-0.109181;-0.384811;0;-0.692317;-6.70623;2.85326;-2.60109
-0.104337;-0.386153;0;-0.661104;-6.40477;2.72519;-2.48434
-0.099476;-0.387433;0;-0.629821;-6.10278;2.59684;-2.36733
-0.0945996;-0.388653;0;-0.598522;-5.80063;2.46842;-2.25026
-0.0897083;-0.389811;0;-0.56721;-5.49836;2.33994;-2.13314
-0.0848028;-0.390907;0;-0.535912;-5.19626;2.21153;-2.01608
-0.079884;-0.391942;0;-0.504558;-4.89362;2.08288;-1.8988
-0.0749525;-0.392915;0;-0.473183;-4.59078;1.95415;-1.78144
-0.0700092;-0.393826;0;-0.441813;-4.28798;1.82543;-1.6641
-0.0650549;-0.394674;0;-0.410452;-3.98528;1.69675;-1.54679
-0.0600902;-0.395461;0;-0.379105;-3.68271;1.56813;-1.42954
-0.0551161;-0.396185;0;-0.347778;-3.38034;1.4396;-1.31237
-0.0501333;-0.396846;0;-0.316156;-3.07531;1.30986;-1.19409
-0.0451426;-0.397445;0;-0.284251;-2.76762;1.17895;-1.07475
-0.0401447;-0.39798;0;-0.252329;-2.45975;1.04796;-0.955343
-0.0351405;-0.398453;0;-0.220394;-2.15175;0.916923;-0.835886
-0.0301307;-0.398864;0;-0.188503;-1.84418;0.786065;-0.716593
-0.0251162;-0.399211;0;-0.156537;-1.53589;0.654901;-0.597021
-0.0200977;-0.399495;0;-0.124569;-1.22757;0.523728;-0.477441
-0.0150761;-0.399716;0;-0.0926039;-0.91929;0.392567;-0.357872
-0.010052;-0.399874;0;-0.0606469;-0.611084;0.261438;-0.238333
-0.00502642;-0.399968;0;-0.0287028;-0.303003;0.130363;-0.118842
-7.34788e-17;-0.4;0;0.00322314;0.00490322;-0.000637397;0.000581064
0.00502642;-0.399968;0;0.034899;0.310383;-0.13061;0.119067
0.010052;-0.399874;0;0.0667035;0.617068;-0.261107;0.238031
0.0150761;-0.399716;0;0.0985346;0.924009;-0.391713;0.357093
0.0200977;-0.399495;0;0.130387;1.23116;-0.522406;0.476236
0.0251162;-0.399211;0;0.162256;1.53846;-0.653168;0.595441
0.0301307;-0.398864;0;0.194136;1.84588;-0.783975;0.714688
0.0351405;-0.398453;0;0.226023;2.15335;-0.914809;0.833959
0.0401447;-0.39798;0;0.257911;2.46084;-1.04565;0.953235
0.0451426;-0.397445;0;0.289795;2.7683;-1.17647;1.0725
0.0501333;-0.396846;0;0.321671;3.07566;-1.30726;1.19173
0.0551161;-0.396185;0;0.353378;3.38215;-1.43736;1.31032
0.0600902;-0.395461;0;0.385195;3.68972;-1.56791;1.42934
0.0650549;-0.394674;0;0.416171;3.98875;-1.69502;1.54521
0.0700092;-0.393826;0;0.447638;4.29252;-1.82415;1.66293
0.0749525;-0.392915;0;0.479109;4.59631;-1.95329;1.78066
0.079884;-0.391942;0;0.510578;4.90009;-2.08242;1.89838
0.0848028;-0.390907;0;0.541364;5.19736;-2.20874;2.01353
0.0897083;-0.389811;0;0.572398;5.4971;-2.33605;2.12959
0.0945996;-0.388653;0;0.60344;5.79692;-2.4634;2.24568
0.099476;-0.387433;0;0.634485;6.09677;-2.59076;2.36179
0.104337;-0.386153;0;0.665529;6.39661;-2.71811;2.47789
0.109181;-0.384811;0;0.696566;6.69638;-2.84544;2.59396
0.114008;-0.383409;0;0.727593;6.99604;-2.97272;2.70999
0.118817;-0.381946;0;0.757225;7.2825;-3.09429;2.82082
0.123607;-0.380423;0;0.787195;7.57237;-3.21726;2.93292
0.128377;-0.378839;0;0.81718;7.86239;-3.3403;3.04508
0.133128;-0.377196;0;0.847177;8.15252;-3.46338;3.15729
0.137857;-0.375494;0;0.87718;8.44271;-3.58648;3.26951
0.142565;-0.373732;0;0.907185;8.73291;-3.7096;3.38174
0.14725;-0.371911;0;0.937187;9.02309;-3.83269;3.49396
0.151912;-0.370031;0;0.96718;9.31318;-3.95576;3.60615
0.156549;-0.368093;0;0.997161;9.60315;-4.07877;3.71829
0.161163;-0.366096;0;1.02712;9.89296;-4.20172;3.83037
0.16575;-0.364042;0;1.05707;10.1826;-4.32457;3.94237
0.170312;-0.361931;0;1.08648;10.4672;-4.44525;4.05238
0.174846;-0.359762;0;1.11508;10.7442;-4.56254;4.15931
0.179353;-0.357537;0;1.14282;11.0133;-4.67634;4.26305
0.183832;-0.355255;0;1.17058;11.2826;-4.79021;4.36685
0.188282;-0.352916;0;1.19835;11.552;-4.90414;4.47071
0.192701;-0.350523;0;1.22613;11.8215;-5.01811;4.57461
0.197091;-0.348074;0;1.25392;12.0911;-5.13209;4.67852
0.201449;-0.345569;0;1.28171;12.3607;-5.24609;4.78244
0.205776;-0.343011;0;1.30949;12.6302;-5.36006;4.88634
0.21007;-0.340398;0;1.33726;12.8997;-5.47401;4.99022
0.214331;-0.337731;0;1.36503;13.169;-5.5879;5.09404
0.218558;-0.335011;0;1.39277;13.4382;-5.70172;5.19781
0.22275;-0.332238;0;1.4205;13.7072;-5.81546;5.30149
0.226908;-0.329413;0;1.44708;13.9652;-5.92449;5.40089
0.231029;-0.326536;0;1.47185;14.2065;-6.0261;5.49351
0.235114;-0.323607;0;1.49665;14.4479;-6.12778;5.58621
0.239162;-0.320627;0;1.52145;14.6894;-6.22954;5.67897
0.243172;-0.317596;0;1.54627;14.9311;-6.33135;5.77178
0.247144;-0.314515;0;1.5711;15.1729;-6.43319;5.86463
0.251077;-0.311385;0;1.59594;15.4147;-6.53505;5.95749
0.25497;-0.308205;0;1.62077;15.6566;-6.63692;6.05035
0.258822;-0.304977;0;1.6456;15.8984;-6.73877;6.1432
0.262634;-0.301701;0;1.67043;16.1401;-6.84059;6.23603
0.266405;-0.298376;0;1.69524;16.3817;-6.94237;6.32881
0.270133;-0.295005;0;1.72004;16.6232;-7.04409;6.42154
0.273819;-0.291587;0;1.74482;16.8645;-7.14574;6.5142
0.277461;-0.288124;0;1.76915;17.1015;-7.24549;6.60513
0.28106;-0.284614;0;1.79101;17.315;-7.33512;6.68684
0.284614;-0.28106;0;1.81234;17.5235;-7.42262;6.76661
0.288124;-0.277461;0;1.83369;17.7322;-7.51016;6.84641
0.291587;-0.273819;0;1.85504;17.9409;-7.59773;6.92625
0.295005;-0.270133;0;1.8764;18.1497;-7.68533;7.0061
0.298376;-0.266405;0;1.89776;18.3584;-7.77292;7.08595
0.301701;-0.262634;0;1.91912;18.5672;-7.86051;7.1658
0.304977;-0.258822;0;1.94047;18.7759;-7.94807;7.24563
0.308205;-0.25497;0;1.96181;18.9845;-8.0356;7.32542
0.311385;-0.251077;0;1.98314;19.193;-8.12307;7.40516
0.314515;-0.247144;0;2.00445;19.4013;-8.21048;7.48485
0.317596;-0.243172;0;2.02505;19.6026;-8.29495;7.56184
0.320627;-0.239162;0;2.04229;19.7717;-8.36563;7.62628
0.323607;-0.235114;0;2.05954;19.9409;-8.43637;7.69077
0.326536;-0.231029;0;2.0768;20.1103;-8.50716;7.7553
0.329413;-0.226908;0;2.09408;20.2798;-8.57798;7.81986
0.332238;-0.22275;0;2.11135;20.4493;-8.64883;7.88445
0.335011;-0.218558;0;2.12864;20.6188;-8.71969;7.94905
0.337731;-0.214331;0;2.14592;20.7884;-8.79056;8.01365
0.340398;-0.21007;0;2.1632;20.9579;-8.86142;8.07825
0.343011;-0.205776;0;2.18047;21.1274;-8.93225;8.14282
0.345569;-0.201449;0;2.19774;21.2968;-9.00306;8.20737
0.348074;-0.197091;0;2.215;21.4661;-9.07383;8.27189
0.350523;-0.192701;0;2.23225;21.6353;-9.14454;8.33635
0.352916;-0.188282;0;2.24948;21.8044;-9.21519;8.40075
0.355255;-0.183832;0;2.26449;21.9517;-9.27672;8.45685
0.357537;-0.179353;0;2.27729;22.0776;-9.32924;8.50472
0.359762;-0.174846;0;2.2901;22.2034;-9.38178;8.55262
0.361931;-0.170312;0;2.30236;22.3242;-9.43202;8.59842
0.364042;-0.16575;0;2.31453;22.4443;-9.4819;8.6439
0.366096;-0.161163;0;2.32671;22.5644;-9.53181;8.68939
0.368093;-0.156549;0;2.33889;22.6846;-9.58171;8.73489
0.370031;-0.151912;0;2.35107;22.8047;-9.63162;8.78038
0.371911;-0.14725;0;2.36324;22.9249;-9.68151;8.82587
0.373732;-0.142565;0;2.37542;23.045;-9.73139;8.87133
0.375494;-0.137857;0;2.38758;23.165;-9.78124;8.91678
0.377196;-0.133128;0;2.39974;23.285;-9.83106;8.96219
0.378839;-0.128377;0;2.41183;23.4042;-9.88061;9.00737
0.380423;-0.123607;0;2.42271;23.5113;-9.92526;9.04807
0.381946;-0.118817;0;2.43057;23.5884;-9.95751;9.07747
0.383409;-0.114008;0;2.43843;23.6655;-9.98978;9.10689
0.384811;-0.109181;0;2.44629;23.7427;-10.0221;9.13631
0.386153;-0.104337;0;2.45376;23.8163;-10.0527;9.16424
0.387433;-0.099476;0;2.46051;23.8834;-10.0803;9.18942
0.388653;-0.0945996;0;2.46726;23.9506;-10.1079;9.2146
0.389811;-0.0897083;0;2.47401;24.0177;-10.1356;9.23979
0.390907;-0.0848028;0;2.48076;24.0849;-10.1632;9.26498
0.391942;-0.079884;0;2.48751;24.1521;-10.1908;9.29017
0.392915;-0.0749525;0;2.49426;24.2192;-10.2184;9.31534
0.393826;-0.0700092;0;2.501;24.2863;-10.2461;9.34051
0.394674;-0.0650549;0;2.50775;24.3534;-10.2736;9.36566
0.395461;-0.0600902;0;2.51448;24.4204;-10.3012;9.3908
0.396185;-0.0551161;0;2.51855;24.4604;-10.3179;9.40603
0.396846;-0.0501333;0;2.52158;24.4898;-10.3304;9.41739
0.397445;-0.0451426;0;2.52462;24.5193;-10.3429;9.42876
0.39798;-0.0401447;0;2.52676;24.5406;-10.3516;9.43677
0.398453;-0.0351405;0;2.52818;24.5554;-10.3574;9.442
0.398864;-0.0301307;0;2.52959;24.5702;-10.3631;9.44723
0.399211;-0.0251162;0;2.53101;24.5849;-10.3689;9.45246
0.399495;-0.0200977;0;2.53242;24.5997;-10.3746;9.45769
0.399716;-0.0150761;0;2.53384;24.6145;-10.3803;9.46293
0.399874;-0.010052;0;2.53526;24.6293;-10.3861;9.46816
0.399968;-0.00502642;0;2.53667;24.6441;-10.3918;9.47339
