0.4;0;0;2.53985;24.6469;-10.3975;9.47853
0.399968;0.00502642;0;2.53838;24.6317;-10.3915;9.47309
0.399874;0.010052;0;2.53688;24.6162;-10.3854;9.46754
0.399716;0.0150761;0;2.53537;24.6006;-10.3793;9.46199
0.399495;0.0200977;0;2.53387;24.5851;-10.3732;9.45644
0.399211;0.0251162;0;2.53237;24.5695;-10.3671;9.45089
0.398864;0.0301307;0;2.53087;24.554;-10.361;9.44534
0.398453;0.0351405;0;2.52937;24.5384;-10.355;9.43979
0.39798;0.0401447;0;2.52786;24.5229;-10.3489;9.43425
0.397445;0.0451426;0;2.52514;24.4961;-10.3377;9.42406
0.396846;0.0501333;0;2.52177;24.4635;-10.3238;9.41143
0.396185;0.0551161;0;2.5184;24.4309;-10.31;9.3988
0.395461;0.0600902;0;2.51503;24.3983;-10.2961;9.38617
0.394674;0.0650549;0;2.50896;24.338;-10.2713;9.36354
0.393826;0.0700092;0;2.50231;24.2719;-10.2442;9.33879
0.392915;0.0749525;0;2.49566;24.2057;-10.217;9.31402
0.391942;0.079884;0;2.48901;24.1395;-10.1898;9.28924
0.390907;0.0848028;0;2.48236;24.0732;-10.1626;9.26445
0.389811;0.0897083;0;2.4757;24.007;-10.1354;9.23966
0.388653;0.0945996;0;2.46905;23.9408;-10.1082;9.21487
0.387433;0.099476;0;2.46239;23.8746;-10.081;9.19008
0.386153;0.104337;0;2.45538;23.8053;-10.0524;9.16394
0.384811;0.109181;0;2.44721;23.7253;-10.0189;9.13341
0.383409;0.114008;0;2.43904;23.6454;-9.98538;9.10287
0.381946;0.118817;0;2.43087;23.5655;-9.95189;9.07235
0.380423;0.123607;0;2.42271;23.4855;-9.91841;9.04183
0.378839;0.128377;0;2.41207;23.3812;-9.87486;9.00212
0.377196;0.133128;0;2.39984;23.2611;-9.82477;8.95646
0.375494;0.137857;0;2.38765;23.1411;-9.7749;8.911
0.373732;0.142565;0;2.37547;23.021;-9.72504;8.86554
0.371911;0.14725;0;2.36328;22.9009;-9.67515;8.82006
0.370031;0.151912;0;2.35109;22.7808;-9.62524;8.77457
0.368093;0.156549;0;2.3389;22.6606;-9.57532;8.72906
0.366096;0.161163;0;2.3267;22.5405;-9.52541;8.68356
0.364042;0.16575;0;2.31451;22.4203;-9.4755;8.63806
0.361931;0.170312;0;2.30232;22.3002;-9.4256;8.59257
0.359762;0.174846;0;2.29013;22.1802;-9.37573;8.5471
0.357537;0.179353;0;2.27796;22.0602;-9.32588;8.50167
0.355255;0.183832;0;2.26579;21.9403;-9.27608;8.45626
0.352916;0.188282;0;2.25107;21.7957;-9.21582;8.40133
0.350523;0.192701;0;2.23385;21.627;-9.14527;8.33702
0.348074;0.197091;0;2.21661;21.458;-9.07466;8.27265
0.345569;0.201449;0;2.19935;21.2889;-9.004;8.20823
0.343011;0.205776;0;2.18209;21.1198;-8.93329;8.14377
0.340398;0.21007;0;2.16482;20.9505;-8.86256;8.07929
0.337731;0.214331;0;2.14754;20.7812;-8.7918;8.01479
0.335011;0.218558;0;2.13026;20.6119;-8.72104;7.95028
0.332238;0.22275;0;2.11298;20.4426;-8.65028;7.88577
0.329413;0.226908;0;2.09571;20.2734;-8.57953;7.82128
0.326536;0.231029;0;2.07844;20.1042;-8.50881;7.75681
0.323607;0.235114;0;2.06116;19.9348;-8.43804;7.69229
0.320627;0.239162;0;2.04383;19.7651;-8.36706;7.62759
0.317596;0.243172;0;2.02652;19.5955;-8.29614;7.56293
0.314515;0.247144;0;2.00672;19.402;-8.21503;7.48899
0.311385;0.251077;0;1.98541;19.194;-8.12775;7.40943
0.308205;0.25497;0;1.96409;18.9859;-8.04041;7.3298
0.304977;0.258822;0;1.94274;18.7775;-7.95297;7.25009
0.301701;0.262634;0;1.92136;18.5689;-7.8654;7.17026
0.298376;0.266405;0;1.89997;18.3601;-7.77775;7.09036
0.295005;0.270133;0;1.87854;18.151;-7.69;7.01036
0.291587;0.273819;0;1.85712;17.942;-7.60224;6.93036
0.288124;0.277461;0;1.8357;17.7329;-7.5145;6.85037
0.284614;0.28106;0;1.81429;17.524;-7.42679;6.77041
0.28106;0.284614;0;1.79289;17.3151;-7.33912;6.69049
0.277461;0.288124;0;1.77116;17.1031;-7.25009;6.60933
0.273819;0.291587;0;1.74638;16.8622;-7.14859;6.5168
0.270133;0.295005;0;1.72159;16.6211;-7.047;6.42419
0.266405;0.298376;0;1.69677;16.3798;-6.94533;6.3315
0.262634;0.301701;0;1.67194;16.1384;-6.8436;6.23876
0.258822;0.304977;0;1.6471;15.8968;-6.74182;6.14598
0.25497;0.308205;0;1.62225;15.6552;-6.64002;6.05318
0.251077;0.311385;0;1.59739;15.4135;-6.53816;5.96032
0.247144;0.314515;0;1.57252;15.1717;-6.43629;5.86745
0.243172;0.317596;0;1.54764;14.9298;-6.33433;5.77451
0.239162;0.320627;0;1.52276;14.6879;-6.23241;5.68159
0.235114;0.323607;0;1.4979;14.4462;-6.13054;5.58873
0.231029;0.326536;0;1.47305;14.2046;-6.02873;5.49592
0.226908;0.329413;0;1.44822;13.9633;-5.92701;5.40318
0.22275;0.332238;0;1.42186;13.7074;-5.81898;5.30471
0.218558;0.335011;0;1.39409;13.4385;-5.7052;5.20098
0.214331;0.337731;0;1.36631;13.1693;-5.59133;5.09717
0.21007;0.340398;0;1.3385;12.8999;-5.47739;4.9933
0.205776;0.343011;0;1.31068;12.6305;-5.3634;4.88939
0.201449;0.345569;0;1.28286;12.3609;-5.24938;4.78544
0.197091;0.348074;0;1.25503;12.0913;-5.13533;4.68148
0.192701;0.350523;0;1.2272;11.8217;-5.02129;4.57751
0.188282;0.352916;0;1.19937;11.5522;-4.90727;4.47357
0.183832;0.355255;0;1.17156;11.2828;-4.79329;4.36966
0.179353;0.357537;0;1.14375;11.0135;-4.67936;4.2658
0.174846;0.359762;0;1.11597;10.7443;-4.56551;4.16201
0.170312;0.361931;0;1.08783;10.4718;-4.45019;4.05688
0.16575;0.364042;0;1.05781;10.1821;-4.32716;3.94472
0.161163;0.366096;0;1.02765;9.891;-4.20352;3.83202
0.156549;0.368093;0;0.997459;9.59965;-4.07976;3.7192
0.151912;0.370031;0;0.967242;9.30804;-3.9559;3.60628
0.14725;0.371911;0;0.937003;9.01624;-3.83195;3.49329
0.142565;0.373732;0;0.906749;8.72427;-3.70794;3.38023
0.137857;0.375494;0;0.876483;8.4322;-3.58387;3.26713
0.133128;0.377196;0;0.84621;8.14006;-3.45978;3.15401
0.128377;0.378839;0;0.815936;7.84791;-3.33569;3.04088
0.123607;0.380423;0;0.785664;7.55578;-3.2116;2.92776
0.118817;0.381946;0;0.75613;7.2708;-3.09056;2.81741
0.114008;0.383409;0;0.725127;6.97166;-2.9635;2.70159
0.109181;0.384811;0;0.694109;6.67239;-2.83639;2.58571
0.104337;0.386153;0;0.663084;6.37304;-2.70924;2.4698
0.099476;0.387433;0;0.632054;6.07365;-2.58208;2.35388
0.0945996;0.388653;0;0.601026;5.77427;-2.45493;2.23796
0.0897083;0.389811;0;0.570003;5.47495;-2.3278;2.12207
0.0848028;0.390907;0;0.538992;5.17573;-2.20071;2.00621
0.079884;0.391942;0;0.507996;4.87667;-2.07369;1.89042
0.0749525;0.392915;0;0.477021;4.57781;-1.94675;1.7747
0.0700092;0.393826;0;0.446072;4.27919;-1.81992;1.65907
0.0650549;0.394674;0;0.415153;3.98087;-1.69321;1.54357
0.0600902;0.395461;0;0.38427;3.6829;-1.56665;1.42819
0.0551161;0.396185;0;0.353427;3.38531;-1.44025;1.31296
0.0501333;0.396846;0;0.321695;3.0797;-1.31019;1.1944
0.0451426;0.397445;0;0.289798;2.77252;-1.17945;1.07521
0.0401447;0.39798;0;0.257865;2.46499;-1.04856;0.955888
0.0351405;0.398453;0;0.2259;2.15716;-0.917538;0.836446
0.0301307;0.398864;0;0.193909;1.84908;-0.786408;0.716906
0.0251162;0.399211;0;0.161896;1.54079;-0.655192;0.597286
0.0200977;0.399495;0;0.129867;1.23234;-0.523908;0.477606
0.0150761;0.399716;0;0.0978274;0.923786;-0.392579;0.357883
0.010052;0.399874;0;0.0657812;0.615172;-0.261225;0.238138
0.00502642;0.399968;0;0.033734;0.306548;-0.129866;0.118389
2.44929e-17;0.4;0;0.00169082;-0.00203726;0.00147643;-0.00134594
-0.00502642;0.399968;0;-0.0303434;-0.310536;0.132782;-0.121047
-0.010052;0.399874;0;-0.0623634;-0.618899;0.264029;-0.240695
-0.0150761;0.399716;0;-0.0943644;-0.927077;0.395199;-0.360271
-0.0200977;0.399495;0;-0.126341;-1.23502;0.526268;-0.479757
-0.0251162;0.399211;0;-0.158289;-1.54269;0.657218;-0.599134
-0.0301307;0.398864;0;-0.190202;-1.85002;0.788028;-0.718382
-0.0351405;0.398453;0;-0.221812;-2.15443;0.917577;-0.836482
-0.0401447;0.39798;0;-0.253288;-2.45766;1.04657;-0.954072
-0.0451426;0.397445;0;-0.284762;-2.76099;1.17557;-1.07168
-0.0501333;0.396846;0;-0.316261;-3.06456;1.30468;-1.18938
-0.0551161;0.396185;0;-0.347781;-3.36833;1.43388;-1.30715
-0.0600902;0.395461;0;-0.379316;-3.67225;1.56313;-1.42499
-0.0650549;0.394674;0;-0.410861;-3.97627;1.69243;-1.54286
-0.0700092;0.393826;0;-0.442412;-4.28034;1.82175;-1.66075
-0.0749525;0.392915;0;-0.473963;-4.58441;1.95108;-1.77864
-0.079884;0.391942;0;-0.505509;-4.88844;2.08038;-1.89652
-0.0848028;0.390907;0;-0.537046;-5.19238;2.20965;-2.01436
-0.0897083;0.389811;0;-0.568569;-5.49617;2.33885;-2.13214
-0.0945996;0.388653;0;-0.600072;-5.79978;2.46797;-2.24986
-0.099476;0.387433;0;-0.63155;-6.10316;2.597;-2.36748
-0.104337;0.386153;0;-0.662598;-6.40244;2.72424;-2.48347
-0.109181;0.384811;0;-0.692872;-6.69455;2.84829;-2.59656
-0.114008;0.383409;0;-0.722899;-6.98451;2.97136;-2.70875
-0.118817;0.381946;0;-0.752949;-7.27468;3.09452;-2.82103
-0.123607;0.380423;0;-0.783018;-7.56504;3.21776;-2.93338
-0.128377;0.378839;0;-0.8131;-7.85553;3.34106;-3.04578
-0.133128;0.377196;0;-0.843192;-8.14611;3.46439;-3.15821
-0.137857;0.375494;0;-0.873287;-8.43673;3.58774;-3.27066
-0.142565;0.373732;0;-0.903383;-8.72734;3.71109;-3.3831
-0.14725;0.371911;0;-0.933473;-9.0179;3.83441;-3.49553
-0.151912;0.370031;0;-0.963428;-9.30718;3.95718;-3.60744
-0.156549;0.368093;0;-0.993395;-9.59665;4.07999;-3.7194
-0.161163;0.366096;0;-1.02335;-9.88598;4.20274;-3.8313
-0.16575;0.364042;0;-1.05328;-10.1751;4.3254;-3.94312
-0.170312;0.361931;0;-1.08318;-10.464;4.44796;-4.05485
-0.174846;0.359762;0;-1.11194;-10.7424;4.56581;-4.16228
-0.179353;0.357537;0;-1.13956;-11.01;4.67898;-4.26545
-0.183832;0.355255;0;-1.1672;-11.2778;4.79223;-4.3687
-0.188282;0.352916;0;-1.19486;-11.5458;4.90556;-4.47201
-0.192701;0.350523;0;-1.22253;-11.8139;5.01893;-4.57536
-0.197091;0.348074;0;-1.2502;-12.0821;5.13234;-4.67875
-0.201449;0.345569;0;-1.27788;-12.3503;5.24576;-4.78214
-0.205776;0.343011;0;-1.30556;-12.6185;5.35918;-4.88554
-0.21007;0.340398;0;-1.33324;-12.8867;5.47258;-4.98891
-0.214331;0.337731;0;-1.3609;-13.1548;5.58594;-5.09225
-0.218558;0.335011;0;-1.38855;-13.4227;5.69924;-5.19554
-0.22275;0.332238;0;-1.41584;-13.6872;5.81103;-5.29745
-0.226908;0.329413;0;-1.44272;-13.9483;5.9212;-5.39789
-0.231029;0.326536;0;-1.46721;-14.1865;6.02155;-5.48937
-0.235114;0.323607;0;-1.49204;-14.4279;6.12329;-5.58211
-0.239162;0.320627;0;-1.51689;-14.6694;6.22509;-5.67492
-0.243172;0.317596;0;-1.54175;-14.9111;6.32695;-5.76778
-0.247144;0.314515;0;-1.56662;-15.1529;6.42884;-5.86066
-0.251077;0.311385;0;-1.59149;-15.3947;6.53075;-5.95357
-0.25497;0.308205;0;-1.61637;-15.6365;6.63267;-6.04648
-0.258822;0.304977;0;-1.64124;-15.8783;6.73457;-6.13937
-0.262634;0.301701;0;-1.66611;-16.1201;6.83644;-6.23224
-0.266405;0.298376;0;-1.69096;-16.3617;6.93827;-6.32507
-0.270133;0.295005;0;-1.7158;-16.6032;7.04004;-6.41784
-0.273819;0.291587;0;-1.74062;-16.8445;7.14173;-6.51054
-0.277461;0.288124;0;-1.76393;-17.0718;7.2372;-6.59758
-0.28106;0.284614;0;-1.78612;-17.2885;7.3281;-6.68044
-0.284614;0.28106;0;-1.80765;-17.4985;7.41633;-6.76088
-0.288124;0.277461;0;-1.8292;-17.7086;7.5046;-6.84135
-0.291587;0.273819;0;-1.85075;-17.9188;7.59289;-6.92184
-0.295005;0.270133;0;-1.8723;-18.129;7.6812;-7.00234
-0.298376;0.266405;0;-1.89385;-18.3392;7.7695;-7.08284
-0.301701;0.262634;0;-1.9154;-18.5494;7.85779;-7.16332
-0.304977;0.258822;0;-1.93694;-18.7595;7.94605;-7.24378
-0.308205;0.25497;0;-1.95847;-18.9695;8.03426;-7.32419
-0.311385;0.251077;0;-1.97999;-19.1793;8.12241;-7.40456
-0.314515;0.247144;0;-2.00149;-19.389;8.21049;-7.48485
-0.317596;0.243172;0;-2.02155;-19.5852;8.2927;-7.5598
-0.320627;0.239162;0;-2.03892;-19.7552;8.36385;-7.62466
-0.323607;0.235114;0;-2.0563;-19.9253;8.43505;-7.68957
-0.326536;0.231029;0;-2.0737;-20.0955;8.5063;-7.75452
-0.329413;0.226908;0;-2.0911;-20.2659;8.57758;-7.8195
-0.332238;0.22275;0;-2.1085;-20.4362;8.64888;-7.8845
-0.335011;0.218558;0;-2.12591;-20.6066;8.72019;-7.9495
-0.337731;0.214331;0;-2.14305;-20.7747;8.7904;-8.01351
-0.340398;0.21007;0;-2.1602;-20.9429;8.86063;-8.07754
-0.343011;0.205776;0;-2.17735;-21.111;8.93086;-8.14155
-0.345569;0.201449;0;-2.19449;-21.279;9.00106;-8.20555
-0.348074;0.197091;0;-2.21162;-21.447;9.07122;-8.26951
-0.350523;0.192701;0;-2.22874;-21.6149;9.14134;-8.33343
-0.352916;0.188282;0;-2.24585;-21.7826;9.21139;-8.3973
-0.355255;0.183832;0;-2.2613;-21.9344;9.27464;-8.45495
-0.357537;0.179353;0;-2.27406;-22.0598;9.32689;-8.50258
-0.359762;0.174846;0;-2.28686;-22.1856;9.37934;-8.5504
-0.361931;0.170312;0;-2.29967;-22.3115;9.43181;-8.59823
-0.364042;0.16575;0;-2.31249;-22.4374;9.48428;-8.64607
-0.366096;0.161163;0;-2.3253;-22.5634;9.53676;-8.6939
-0.368093;0.156549;0;-2.33811;-22.6892;9.58922;-8.74173
-0.370031;0.151912;0;-2.35091;-22.8151;9.64166;-8.78953
-0.371911;0.14725;0;-2.36371;-22.9409;9.69408;-8.83732
-0.373732;0.142565;0;-2.3765;-23.0666;9.74646;-8.88507
-0.375494;0.137857;0;-2.38928;-23.1922;9.7988;-8.93278
-0.377196;0.133128;0;-2.40168;-23.3138;9.84958;-8.97907
-0.378839;0.128377;0;-2.41032;-23.3987;9.88497;-9.01134
-0.380423;0.123607;0;-2.41831;-23.4774;9.9177;-9.04118
-0.381946;0.118817;0;-2.42631;-23.5562;9.95046;-9.07104
-0.383409;0.114008;0;-2.43431;-23.635;9.98323;-9.10092
-0.384811;0.109181;0;-2.44231;-23.7138;10.016;-9.1308
-0.386153;0.104337;0;-2.45032;-23.7926;10.0488;-9.1607
-0.387433;0.099476;0;-2.45833;-23.8715;10.0816;-9.19059
-0.388653;0.0945996;0;-2.46633;-23.9503;10.1144;-9.22048
-0.389811;0.0897083;0;-2.47434;-24.0291;10.1472;-9.25036
-0.390907;0.0848028;0;-2.48234;-24.1079;10.1799;-9.28023
-0.391942;0.079884;0;-2.49033;-24.1866;10.2127;-9.31008
-0.392915;0.0749525;0;-2.49832;-24.2653;10.2454;-9.33991
-0.393826;0.0700092;0;-2.5063;-24.3439;10.2781;-9.36971
-0.394674;0.0650549;0;-2.51421;-24.4218;10.3105;-9.39924
-0.395461;0.0600902;0;-2.51735;-24.4527;10.3233;-9.41096
-0.396185;0.0551161;0;-2.51999;-24.4787;10.3342;-9.42082
-0.396846;0.0501333;0;-2.52263;-24.5046;10.345;-9.43069
-0.397445;0.0451426;0;-2.52527;-24.5306;10.3558;-9.44056
-0.39798;0.0401447;0;-2.52791;-24.5566;10.3666;-9.45042
-0.398453;0.0351405;0;-2.53049;-24.5819;10.3772;-9.46004
-0.398864;0.0301307;0;-2.53299;-24.6066;10.3874;-9.46937
-0.399211;0.0251162;0;-2.53547;-24.6312;10.3975;-9.47862
-0.399495;0.0200977;0;-2.53795;-24.6557;10.4077;-9.48786
-0.399716;0.0150761;0;-2.54042;-24.6802;10.4178;-9.49709
-0.399874;0.010052;0;-2.54289;-24.7046;10.4279;-9.50631
-0.399968;0.00502642;0;-2.54536;-24.7291;10.438;-9.51551
-0.4;4.89859e-17;0;-2.54782;-24.7534;10.4481;-9.52471
-0.399968;-0.00502642;0;-2.54611;-24.7366;10.4411;-9.51833
-0.399874;-0.010052;0;-2.54352;-24.7109;10.4305;-9.50864
-0.399716;-0.0150761;0;-2.54091;-24.6851;10.4198;-9.49894
-0.399495;-0.0200977;0;-2.53831;-24.6594;10.4092;-9.48922
-0.399211;-0.0251162;0;-2.5357;-24.6336;10.3985;-9.47949
-0.398864;-0.0301307;0;-2.53309;-24.6078;10.3878;-9.46975
-0.398453;-0.0351405;0;-2.53048;-24.582;10.3771;-9.46001
-0.39798;-0.0401447;0;-2.52786;-24.5562;10.3664;-9.45026
-0.397445;-0.0451426;0;-2.52525;-24.5303;10.3557;-9.4405
-0.396846;-0.0501333;0;-2.52263;-24.5045;10.345;-9.43074
-0.396185;-0.0551161;0;-2.52002;-24.4787;10.3343;-9.42098
-0.395461;-0.0600902;0;-2.5174;-24.4528;10.3236;-9.41122
-0.394674;-0.0650549;0;-2.51477;-24.4269;10.3129;-9.40142
-0.393826;-0.0700092;0;-2.50706;-24.351;10.2813;-9.37262
-0.392915;-0.0749525;0;-2.49915;-24.2732;10.2489;-9.34308
-0.391942;-0.079884;0;-2.49123;-24.1953;10.2164;-9.31351
-0.390907;-0.0848028;0;-2.4833;-24.1173;10.184;-9.28392
-0.389811;-0.0897083;0;-2.47537;-24.0393;10.1515;-9.25432
-0.388653;-0.0945996;0;-2.46744;-23.9613;10.119;-9.2247
-0.387433;-0.099476;0;-2.45951;-23.8832;10.0865;-9.19507
-0.386153;-0.104337;0;-2.45157;-23.8051;10.054;-9.16543
-0.384811;-0.109181;0;-2.44363;-23.7271;10.0215;-9.1358
-0.383409;-0.114008;0;-2.4357;-23.649;9.98899;-9.10617
-0.381946;-0.118817;0;-2.42776;-23.571;9.9565;-9.07655
-0.380423;-0.123607;0;-2.41983;-23.493;9.92402;-9.04694
-0.378839;-0.128377;0;-2.41151;-23.4111;9.88994;-9.01587
-0.377196;-0.133128;0;-2.39966;-23.2942;9.84144;-8.97166
-0.375494;-0.137857;0;-2.3878;-23.1772;9.7929;-8.92741
-0.373732;-0.142565;0;-2.37593;-23.0601;9.74434;-8.88314
-0.371911;-0.14725;0;-2.36291;-22.9327;9.69098;-8.8345
-0.370031;-0.151912;0;-2.34973;-22.8037;9.63696;-8.78525
-0.368093;-0.156549;0;-2.33654;-22.6746;9.58291;-8.73598
-0.366096;-0.161163;0;-2.32335;-22.5455;9.52883;-8.68668
-0.364042;-0.16575;0;-2.31015;-22.4164;9.47475;-8.63737
-0.361931;-0.170312;0;-2.29696;-22.2872;9.42066;-8.58806
-0.359762;-0.174846;0;-2.28376;-22.1581;9.36657;-8.53876
-0.357537;-0.179353;0;-2.27057;-22.029;9.3125;-8.48946
-0.355255;-0.183832;0;-2.25576;-21.8835;9.25188;-8.4342
-0.352916;-0.188282;0;-2.2406;-21.7347;9.18985;-8.37766
-0.350523;-0.192701;0;-2.22476;-21.5791;9.12502;-8.31855
-0.348074;-0.197091;0;-2.20799;-21.4144;9.05638;-8.25598
-0.345569;-0.201449;0;-2.19122;-21.2497;8.98771;-8.19338
-0.343011;-0.205776;0;-2.17444;-21.0848;8.91902;-8.13076
-0.340398;-0.21007;0;-2.15766;-20.92;8.85032;-8.06813
-0.337731;-0.214331;0;-2.14087;-20.7551;8.78161;-8.0055
-0.335011;-0.218558;0;-2.12409;-20.5903;8.71292;-7.94287
-0.332238;-0.22275;0;-2.10732;-20.4255;8.64424;-7.88027
-0.329413;-0.226908;0;-2.09055;-20.2608;8.5756;-7.81769
-0.326536;-0.231029;0;-2.07326;-20.0916;8.50475;-7.75311
-0.323607;-0.235114;0;-2.05573;-19.9201;8.43292;-7.68762
-0.320627;-0.239162;0;-2.0382;-19.7488;8.36112;-7.62217
-0.317596;-0.243172;0;-2.02064;-19.5771;8.28917;-7.55658
-0.314515;-0.247144;0;-2.00038;-19.3789;8.20618;-7.48092
-0.311385;-0.251077;0;-1.97884;-19.1689;8.11792;-7.40046
-0.308205;-0.25497;0;-1.95728;-18.9587;8.02959;-7.31993
-0.304977;-0.258822;0;-1.93571;-18.7483;7.9412;-7.23936
-0.301701;-0.262634;0;-1.91412;-18.5378;7.85276;-7.15874
-0.298376;-0.266405;0;-1.89253;-18.3273;7.76429;-7.07809
-0.295005;-0.270133;0;-1.87093;-18.1167;7.67581;-6.99742
-0.291587;-0.273819;0;-1.84934;-17.9061;7.58732;-6.91676
-0.288124;-0.277461;0;-1.82774;-17.6956;7.49884;-6.8361
-0.284614;-0.28106;0;-1.80615;-17.4851;7.41039;-6.75546
-0.28106;-0.284614;0;-1.78457;-17.2747;7.32197;-6.67486
-0.277461;-0.288124;0;-1.76202;-17.0544;7.2296;-6.59065
-0.273819;-0.291587;0;-1.73896;-16.8291;7.13517;-6.50456
-0.270133;-0.295005;0;-1.71481;-16.5943;7.03625;-6.41439
-0.266405;-0.298376;0;-1.69011;-16.354;6.93506;-6.32214
-0.262634;-0.301701;0;-1.6654;-16.1137;6.83382;-6.22985
-0.258822;-0.304977;0;-1.64068;-15.8733;6.73254;-6.13752
-0.25497;-0.308205;0;-1.61595;-15.6328;6.63125;-6.04518
-0.251077;-0.311385;0;-1.59122;-15.3923;6.52995;-5.95283
-0.247144;-0.314515;0;-1.5665;-15.1519;6.42866;-5.8605
-0.243172;-0.317596;0;-1.54178;-14.9115;6.32741;-5.7682
-0.239162;-0.320627;0;-1.51708;-14.6713;6.2262;-5.67593
-0.235114;-0.323607;0;-1.49239;-14.4311;6.12505;-5.58372
-0.231029;-0.326536;0;-1.46771;-14.1912;6.02398;-5.49159
-0.226908;-0.329413;0;-1.44244;-13.9455;5.92041;-5.39717
-0.22275;-0.332238;0;-1.41558;-13.6847;5.81033;-5.29682
-0.218558;-0.335011;0;-1.38817;-13.4191;5.69802;-5.19443
-0.214331;-0.337731;0;-1.36049;-13.1509;5.58462;-5.09105
-0.21007;-0.340398;0;-1.3328;-12.8827;5.47116;-4.98762
-0.205776;-0.343011;0;-1.3051;-12.6143;5.35766;-4.88415
-0.201449;-0.345569;0;-1.2774;-12.3459;5.24414;-4.78067
-0.197091;-0.348074;0;-1.24969;-12.0774;5.13062;-4.67718
-0.192701;-0.350523;0;-1.22199;-11.809;5.01711;-4.5737
-0.188282;-0.352916;0;-1.19429;-11.5407;4.90363;-4.47025
-0.183832;-0.355255;0;-1.16661;-11.2725;4.7902;-4.36684
-0.179353;-0.357537;0;-1.13895;-11.0045;4.67684;-4.2635
-0.174846;-0.359762;0;-1.1113;-10.7366;4.56356;-4.16024
-0.170312;-0.361931;0;-1.08264;-10.4589;4.44612;-4.05317
-0.16575;-0.364042;0;-1.05304;-10.1729;4.3248;-3.94258
-0.161163;-0.366096;0;-1.02313;-9.88407;4.20225;-3.83085
-0.156549;-0.368093;0;-0.993209;-9.59502;4.07961;-3.71905
-0.151912;-0.370031;0;-0.963269;-9.30584;3.95691;-3.6072
-0.14725;-0.371911;0;-0.93332;-9.01656;3.83417;-3.49531
-0.142565;-0.373732;0;-0.903365;-8.72723;3.71141;-3.3834
-0.137857;-0.375494;0;-0.873411;-8.43789;3.58865;-3.27149
-0.133128;-0.377196;0;-0.84346;-8.1486;3.46591;-3.1596
-0.128377;-0.378839;0;-0.813518;-7.8594;3.34321;-3.04773
-0.123607;-0.380423;0;-0.783591;-7.57033;3.22056;-2.93592
-0.118817;-0.381946;0;-0.753681;-7.28144;3.09798;-2.82418
-0.114008;-0.383409;0;-0.723795;-6.99278;2.9755;-2.71253
-0.109181;-0.384811;0;-0.693967;-6.70467;2.85326;-2.60109
-0.104337;-0.386153;0;-0.662721;-6.40334;2.72519;-2.48434
-0.099476;-0.387433;0;-0.631405;-6.10147;2.59684;-2.36733
-0.0945996;-0.388653;0;-0.600072;-5.79944;2.46842;-2.25026
-0.0897083;-0.389811;0;-0.568727;-5.49728;2.33994;-2.13314
-0.0848028;-0.390907;0;-0.537396;-5.19529;2.21153;-2.01608
-0.079884;-0.391942;0;-0.506008;-4.89277;2.08288;-1.8988
-0.0749525;-0.392915;0;-0.4746;-4.59004;1.95415;-1.78144
-0.0700092;-0.393826;0;-0.443197;-4.28736;1.82543;-1.6641
-0.0650549;-0.394674;0;-0.411802;-3.98477;1.69675;-1.54679
-0.0600902;-0.395461;0;-0.380423;-3.68232;1.56813;-1.42954
-0.0551161;-0.396185;0;-0.349062;-3.38006;1.4396;-1.31237
-0.0501333;-0.396846;0;-0.317406;-3.07513;1.30986;-1.19409
-0.0451426;-0.397445;0;-0.285467;-2.76756;1.17895;-1.07475
-0.0401447;-0.39798;0;-0.253511;-2.45981;1.04796;-0.955343
-0.0351405;-0.398453;0;-0.221542;-2.15193;0.916923;-0.835886
-0.0301307;-0.398864;0;-0.189617;-1.84448;0.786065;-0.716593
-0.0251162;-0.399211;0;-0.157617;-1.5363;0.654901;-0.597021
-0.0200977;-0.399495;0;-0.125615;-1.22811;0.523728;-0.477441
-0.0150761;-0.399716;0;-0.0936157;-0.919947;0.392567;-0.357872
-0.010052;-0.399874;0;-0.0616246;-0.611859;0.261438;-0.238333
-0.00502642;-0.399968;0;-0.0296465;-0.303897;0.130363;-0.118842
-7.34788e-17;-0.4;0;0.00231344;0.00389013;-0.000637397;0.000581064
0.00502642;-0.399968;0;0.0340231;0.309256;-0.13061;0.119067
0.010052;-0.399874;0;0.0658617;0.615836;-0.261107;0.238031
0.0150761;-0.399716;0;0.0977268;0.922671;-0.391713;0.357093
0.0200977;-0.399495;0;0.129613;1.22971;-0.522406;0.476236
0.0251162;-0.399211;0;0.161517;1.53691;-0.653168;0.595441
0.0301307;-0.398864;0;0.193431;1.84422;-0.783975;0.714688
0.0351405;-0.398453;0;0.225352;2.1516;-0.914809;0.833959
0.0401447;-0.39798;0;0.257274;2.45898;-1.04565;0.953235
0.0451426;-0.397445;0;0.289192;2.76633;-1.17647;1.0725
0.0501333;-0.396846;0;0.321102;3.07359;-1.30726;1.19173
0.0551161;-0.396185;0;0.352842;3.37988;-1.43736;1.31032
0.0600902;-0.395461;0;0.384692;3.68725;-1.56791;1.42934
0.0650549;-0.394674;0;0.4157;3.98616;-1.69502;1.54521
0.0700092;-0.393826;0;0.447201;4.28979;-1.82415;1.66293
0.0749525;-0.392915;0;0.478706;4.59346;-1.95329;1.78066
0.079884;-0.391942;0;0.510208;4.89712;-2.08242;1.89838
0.0848028;-0.390907;0;0.541027;5.19427;-2.20874;2.01353
0.0897083;-0.389811;0;0.572093;5.49389;-2.33605;2.12959
0.0945996;-0.388653;0;0.603168;5.79359;-2.4634;2.24568
0.099476;-0.387433;0;0.634247;6.09332;-2.59076;2.36179
0.104337;-0.386153;0;0.665323;6.39303;-2.71811;2.47789
0.109181;-0.384811;0;0.696394;6.69269;-2.84544;2.59396
0.114008;-0.383409;0;0.727453;6.99223;-2.97272;2.70999
0.118817;-0.381946;0;0.757116;7.27858;-3.09429;2.82082
0.123607;-0.380423;0;0.787119;7.56834;-3.21726;2.93292
0.128377;-0.378839;0;0.817137;7.85825;-3.3403;3.04508
0.133128;-0.377196;0;0.847166;8.14827;-3.46338;3.15729
0.137857;-0.375494;0;0.877201;8.43835;-3.58648;3.26951
0.142565;-0.373732;0;0.907238;8.72845;-3.7096;3.38174
0.14725;-0.371911;0;0.937272;9.01851;-3.83269;3.49396
0.151912;-0.370031;0;0.967297;9.3085;-3.95576;3.60615
0.156549;-0.368093;0;0.99731;9.59836;-4.07877;3.71829
0.161163;-0.366096;0;1.02731;9.88806;-4.20172;3.83037
0.16575;-0.364042;0;1.05728;10.1775;-4.32457;3.94237
0.170312;-0.361931;0;1.08673;10.4621;-4.44525;4.05238
0.174846;-0.359762;0;1.11536;10.739;-4.56254;4.15931
0.179353;-0.357537;0;1.14313;11.008;-4.67634;4.26305
0.183832;-0.355255;0;1.17092;11.2772;-4.79021;4.36685
0.188282;-0.352916;0;1.19872;11.5465;-4.90414;4.47071
0.192701;-0.350523;0;1.22653;11.8159;-5.01811;4.57461
0.197091;-0.348074;0;1.25434;12.0854;-5.13209;4.67852
0.201449;-0.345569;0;1.28216;12.3549;-5.24609;4.78244
0.205776;-0.343011;0;1.30997;12.6243;-5.36006;4.88634
0.21007;-0.340398;0;1.33778;12.8937;-5.47401;4.99022
0.214331;-0.337731;0;1.36557;13.1629;-5.5879;5.09404
0.218558;-0.335011;0;1.39335;13.432;-5.70172;5.19781
0.22275;-0.332238;0;1.4211;13.7009;-5.81546;5.30149
0.226908;-0.329413;0;1.44771;13.9588;-5.92449;5.40089
0.231029;-0.326536;0;1.47251;14.1999;-6.0261;5.49351
0.235114;-0.323607;0;1.49733;14.4413;-6.12778;5.58621
0.239162;-0.320627;0;1.52216;14.6827;-6.22954;5.67897
0.243172;-0.317596;0;1.54701;14.9243;-6.33135;5.77178
0.247144;-0.314515;0;1.57187;15.166;-6.43319;5.86463
0.251077;-0.311385;0;1.59673;15.4077;-6.53505;5.95749
0.25497;-0.308205;0;1.62159;15.6495;-6.63692;6.05035
0.258822;-0.304977;0;1.64645;15.8912;-6.73877;6.1432
0.262634;-0.301701;0;1.6713;16.1328;-6.84059;6.23603
0.266405;-0.298376;0;1.69614;16.3744;-6.94237;6.32881
0.270133;-0.295005;0;1.72097;16.6157;-7.04409;6.42154
0.273819;-0.291587;0;1.74578;16.857;-7.14574;6.5142
0.277461;-0.288124;0;1.77012;17.0938;-7.24549;6.60513
0.28106;-0.284614;0;1.79201;17.3073;-7.33512;6.68684
0.284614;-0.28106;0;1.81337;17.5157;-7.42262;6.76661
0.288124;-0.277461;0;1.83473;17.7243;-7.51016;6.84641
0.291587;-0.273819;0;1.85611;17.9329;-7.59773;6.92625
0.295005;-0.270133;0;1.87749;18.1416;-7.68533;7.0061
0.298376;-0.266405;0;1.89887;18.3503;-7.77292;7.08595
0.301701;-0.262634;0;1.92025;18.5589;-7.86051;7.1658
0.304977;-0.258822;0;1.94163;18.7676;-7.94807;7.24563
0.308205;-0.25497;0;1.96299;18.9761;-8.0356;7.32542
0.311385;-0.251077;0;1.98435;19.1845;-8.12307;7.40516
0.314515;-0.247144;0;2.00568;19.3927;-8.21048;7.48485
0.317596;-0.243172;0;2.02631;19.594;-8.29495;7.56184
0.320627;-0.239162;0;2.04356;19.763;-8.36563;7.62628
0.323607;-0.235114;0;2.06083;19.9322;-8.43637;7.69077
0.326536;-0.231029;0;2.07811;20.1015;-8.50716;7.7553
0.329413;-0.226908;0;2.0954;20.2709;-8.57798;7.81986
0.332238;-0.22275;0;2.1127;20.4403;-8.64883;7.88445
0.335011;-0.218558;0;2.13;20.6098;-8.71969;7.94905
0.337731;-0.214331;0;2.1473;20.7793;-8.79056;8.01365
0.340398;-0.21007;0;2.1646;20.9488;-8.86142;8.07825
0.343011;-0.205776;0;2.1819;21.1182;-8.93225;8.14282
0.345569;-0.201449;0;2.19918;21.2875;-9.00306;8.20737
0.348074;-0.197091;0;2.21646;21.4568;-9.07383;8.27189
0.350523;-0.192701;0;2.23372;21.6259;-9.14454;8.33635
0.352916;-0.188282;0;2.25097;21.7949;-9.21519;8.40075
0.355255;-0.183832;0;2.266;21.9422;-9.27672;8.45685
0.357537;-0.179353;0;2.27882;22.068;-9.32924;8.50472
0.359762;-0.174846;0;2.29164;22.1938;-9.38178;8.55262
0.361931;-0.170312;0;2.30391;22.3145;-9.43202;8.59842
0.364042;-0.16575;0;2.3161;22.4346;-9.4819;8.6439
0.366096;-0.161163;0;2.32829;22.5547;-9.53181;8.68939
0.368093;-0.156549;0;2.34048;22.6748;-9.58171;8.73489
0.370031;-0.151912;0;2.35267;22.7949;-9.63162;8.78038
0.371911;-0.14725;0;2.36486;22.9149;-9.68151;8.82587
0.373732;-0.142565;0;2.37705;23.035;-9.73139;8.87133
0.375494;-0.137857;0;2.38923;23.1549;-9.78124;8.91678
0.377196;-0.133128;0;2.40139;23.2748;-9.83106;8.96219
0.378839;-0.128377;0;2.4135;23.394;-9.88061;9.00737
0.380423;-0.123607;0;2.42439;23.5011;-9.92526;9.04807
0.381946;-0.118817;0;2.43226;23.5781;-9.95751;9.07747
0.383409;-0.114008;0;2.44013;23.6552;-9.98978;9.10689
0.384811;-0.109181;0;2.448;23.7324;-10.0221;9.13631
0.386153;-0.104337;0;2.45548;23.806;-10.0527;9.16424
0.387433;-0.099476;0;2.46223;23.873;-10.0803;9.18942
0.388653;-0.0945996;0;2.46899;23.9401;-10.1079;9.2146
0.389811;-0.0897083;0;2.47574;24.0072;-10.1356;9.23979
0.390907;-0.0848028;0;2.4825;24.0743;-10.1632;9.26498
0.391942;-0.079884;0;2.48926;24.1413;-10.1908;9.29017
0.392915;-0.0749525;0;2.49601;24.2084;-10.2184;9.31534
0.393826;-0.0700092;0;2.50277;24.2754;-10.2461;9.34051
0.394674;-0.0650549;0;2.50951;24.3424;-10.2736;9.36566
0.395461;-0.0600902;0;2.51625;24.4093;-10.3012;9.3908
0.396185;-0.0551161;0;2.52033;24.4494;-10.3179;9.40603
0.396846;-0.0501333;0;2.52337;24.4788;-10.3304;9.41739
0.397445;-0.0451426;0;2.5264;24.5083;-10.3429;9.42876
0.39798;-0.0401447;0;2.52855;24.5296;-10.3516;9.43677
0.398453;-0.0351405;0;2.52997;24.5443;-10.3574;9.442
0.398864;-0.0301307;0;2.53138;24.559;-10.3631;9.44723
0.399211;-0.0251162;0;2.5328;24.5737;-10.3689;9.45246
0.399495;-0.0200977;0;2.53421;24.5884;-10.3746;9.45769
0.399716;-0.0150761;0;2.53563;24.6031;-10.3803;9.46293
0.399874;-0.010052;0;2.53705;24.6178;-10.3861;9.46816
0.399968;-0.00502642;0;2.53846;24.6325;-10.3918;9.47339
