0.4;0;0;2.48282;24.226;-10.3975;9.47853
0.399968;0.00502642;0;2.48224;24.2561;-10.3915;9.47309
0.399874;0.010052;0;2.48166;24.2868;-10.3854;9.46754
0.399716;0.0150761;0;2.48107;24.3176;-10.3793;9.46199
0.399495;0.0200977;0;2.48049;24.3483;-10.3732;9.45644
0.399211;0.0251162;0;2.4799;24.379;-10.3671;9.45089
0.398864;0.0301307;0;2.47932;24.4098;-10.361;9.44534
0.398453;0.0351405;0;2.47873;24.4405;-10.355;9.43979
0.39798;0.0401447;0;2.47815;24.4712;-10.3489;9.43425
0.397445;0.0451426;0;2.4761;24.4754;-10.3377;9.42406
0.396846;0.0501333;0;2.47332;24.4686;-10.3238;9.41143
0.396185;0.0551161;0;2.47054;24.4618;-10.31;9.3988
0.395461;0.0600902;0;2.46777;24.455;-10.2961;9.38617
0.394674;0.0650549;0;2.46259;24.4341;-10.2713;9.36354
0.393826;0.0700092;0;2.4569;24.4107;-10.2442;9.33879
0.392915;0.0749525;0;2.45121;24.3872;-10.217;9.31402
0.391942;0.079884;0;2.44552;24.3638;-10.1898;9.28924
0.390907;0.0848028;0;2.43983;24.3403;-10.1626;9.26445
0.389811;0.0897083;0;2.43413;24.3168;-10.1354;9.23966
0.388653;0.0945996;0;2.42844;24.2933;-10.1082;9.21487
0.387433;0.099476;0;2.42275;24.2698;-10.081;9.19008
0.386153;0.104337;0;2.41666;24.2415;-10.0524;9.16394
0.384811;0.109181;0;2.40941;24.2003;-10.0189;9.13341
0.383409;0.114008;0;2.40215;24.1591;-9.98538;9.10287
0.381946;0.118817;0;2.3949;24.1179;-9.95189;9.07235
0.380423;0.123607;0;2.38765;24.0767;-9.91841;9.04183
0.378839;0.128377;0;2.37781;24.0024;-9.87486;9.00212
0.377196;0.133128;0;2.36634;23.9088;-9.82477;8.95646
0.375494;0.137857;0;2.35483;23.809;-9.7749;8.911
0.373732;0.142565;0;2.34332;23.7091;-9.72504;8.86554
0.371911;0.14725;0;2.3318;23.6092;-9.67515;8.82006
0.370031;0.151912;0;2.32027;23.5092;-9.62524;8.77457
0.368093;0.156549;0;2.30875;23.4092;-9.57532;8.72906
0.366096;0.161163;0;2.29722;23.3092;-9.52541;8.68356
0.364042;0.16575;0;2.2857;23.2092;-9.4755;8.63806
0.361931;0.170312;0;2.27418;23.1092;-9.4256;8.59257
0.359762;0.174846;0;2.26266;23.0092;-9.37573;8.5471
0.357537;0.179353;0;2.25115;22.9093;-9.32588;8.50167
0.355255;0.183832;0;2.23965;22.8094;-9.27608;8.45626
0.352916;0.188282;0;2.22544;22.6733;-9.21582;8.40133
0.350523;0.192701;0;2.20853;22.4994;-9.14527;8.33702
0.348074;0.197091;0;2.1916;22.3255;-9.07466;8.27265
0.345569;0.201449;0;2.17466;22.1514;-9.004;8.20823
0.343011;0.205776;0;2.15771;21.9772;-8.93329;8.14377
0.340398;0.21007;0;2.14076;21.8029;-8.86256;8.07929
0.337731;0.214331;0;2.1238;21.6286;-8.7918;8.01479
0.335011;0.218558;0;2.10683;21.4542;-8.72104;7.95028
0.332238;0.22275;0;2.08987;21.2799;-8.65028;7.88577
0.329413;0.226908;0;2.07292;21.1056;-8.57953;7.82128
0.326536;0.231029;0;2.05597;20.9313;-8.50881;7.75681
0.323607;0.235114;0;2.03901;20.757;-8.43804;7.69229
0.320627;0.239162;0;2.02198;20.5812;-8.36706;7.62759
0.317596;0.243172;0;2.00496;20.4055;-8.29614;7.56293
0.314515;0.247144;0;1.98541;20.2005;-8.21503;7.48899
0.311385;0.251077;0;1.96432;19.9777;-8.12775;7.40943
0.308205;0.25497;0;1.94321;19.7547;-8.04041;7.3298
0.304977;0.258822;0;1.92208;19.5311;-7.95297;7.25009
0.301701;0.262634;0;1.9009;19.3069;-7.8654;7.17026
0.298376;0.266405;0;1.8797;19.0824;-7.77775;7.09036
0.295005;0.270133;0;1.85849;18.8576;-7.69;7.01036
0.291587;0.273819;0;1.83727;18.6329;-7.60224;6.93036
0.288124;0.277461;0;1.81605;18.4082;-7.5145;6.85037
0.284614;0.28106;0;1.79485;18.1836;-7.42679;6.77041
0.28106;0.284614;0;1.77365;17.9591;-7.33912;6.69049
0.277461;0.288124;0;1.75214;17.7321;-7.25009;6.60933
0.273819;0.291587;0;1.72763;17.476;-7.14859;6.5168
0.270133;0.295005;0;1.70311;17.2197;-7.047;6.42419
0.266405;0.298376;0;1.67857;16.9633;-6.94533;6.3315
0.262634;0.301701;0;1.65401;16.7066;-6.8436;6.23876
0.258822;0.304977;0;1.62945;16.4499;-6.74182;6.14598
0.25497;0.308205;0;1.60487;16.1931;-6.64002;6.05318
0.251077;0.311385;0;1.58029;15.9363;-6.53816;5.96032
0.247144;0.314515;0;1.5557;15.6794;-6.43629;5.86745
0.243172;0.317596;0;1.53109;15.4218;-6.33433;5.77451
0.239162;0.320627;0;1.50648;15.1643;-6.23241;5.68159
0.235114;0.323607;0;1.48188;14.9069;-6.13054;5.58873
0.231029;0.326536;0;1.45729;14.6496;-6.02873;5.49592
0.226908;0.329413;0;1.43273;14.3925;-5.92701;5.40318
0.22275;0.332238;0;1.40671;14.1235;-5.81898;5.30471
0.218558;0.335011;0;1.37932;13.8424;-5.7052;5.20098
0.214331;0.337731;0;1.35191;13.5611;-5.59133;5.09717
0.21007;0.340398;0;1.32448;13.2796;-5.47739;4.9933
0.205776;0.343011;0;1.29705;12.998;-5.3634;4.88939
0.201449;0.345569;0;1.2696;12.7162;-5.24938;4.78544
0.197091;0.348074;0;1.24215;12.4344;-5.13533;4.68148
0.192701;0.350523;0;1.21469;12.1525;-5.02129;4.57751
0.188282;0.352916;0;1.18725;11.8707;-4.90727;4.47357
0.183832;0.355255;0;1.15981;11.589;-4.79329;4.36966
0.179353;0.357537;0;1.13238;11.3074;-4.67936;4.2658
0.174846;0.359762;0;1.10497;11.0259;-4.56551;4.16201
0.170312;0.361931;0;1.07726;10.7433;-4.45019;4.05688
0.16575;0.364042;0;1.04767;10.4423;-4.32716;3.94472
0.161163;0.366096;0;1.01793;10.1395;-4.20352;3.83202
0.156549;0.368093;0;0.988161;9.83649;-4.07976;3.7192
0.151912;0.370031;0;0.958367;9.53318;-3.9559;3.60628
0.14725;0.371911;0;0.928552;9.22965;-3.83195;3.49329
0.142565;0.373732;0;0.898721;8.92597;-3.70794;3.38023
0.137857;0.375494;0;0.868878;8.62216;-3.58387;3.26713
0.133128;0.377196;0;0.83903;8.3183;-3.45978;3.15401
0.128377;0.378839;0;0.809179;8.01441;-3.33569;3.04088
0.123607;0.380423;0;0.779331;7.71055;-3.2116;2.92776
0.118817;0.381946;0;0.750274;7.41771;-3.09056;2.81741
0.114008;0.383409;0;0.719843;7.11444;-2.9635;2.70159
0.109181;0.384811;0;0.689399;6.81103;-2.83639;2.58571
0.104337;0.386153;0;0.658946;6.50754;-2.70924;2.4698
0.099476;0.387433;0;0.628489;6.20401;-2.58208;2.35388
0.0945996;0.388653;0;0.598034;5.90049;-2.45493;2.23796
0.0897083;0.389811;0;0.567584;5.59703;-2.3278;2.12207
0.0848028;0.390907;0;0.537145;5.29368;-2.20071;2.00621
0.079884;0.391942;0;0.506722;4.99048;-2.07369;1.89042
0.0749525;0.392915;0;0.476319;4.68749;-1.94675;1.7747
0.0700092;0.393826;0;0.445941;4.38474;-1.81992;1.65907
0.0650549;0.394674;0;0.415593;4.0823;-1.69321;1.54357
0.0600902;0.395461;0;0.38528;3.7802;-1.56665;1.42819
0.0551161;0.396185;0;0.355006;3.47849;-1.44025;1.31296
0.0501333;0.396846;0;0.323842;3.1686;-1.31019;1.1944
0.0451426;0.397445;0;0.292522;2.85733;-1.17945;1.07521
0.0401447;0.39798;0;0.261165;2.5457;-1.04856;0.955888
0.0351405;0.398453;0;0.229778;2.23376;-0.917538;0.836446
0.0301307;0.398864;0;0.198366;1.92158;-0.786408;0.716906
0.0251162;0.399211;0;0.166932;1.60918;-0.655192;0.597286
0.0200977;0.399495;0;0.135482;1.29663;-0.523908;0.477606
0.0150761;0.399716;0;0.104022;0.983979;-0.392579;0.357883
0.010052;0.399874;0;0.0725553;0.671266;-0.261225;0.238138
0.00502642;0.399968;0;0.0410878;0.358545;-0.129866;0.118389
2.44929e-17;0.4;0;0.00962417;0.045866;0.00147643;-0.00134594
-0.00502642;0.399968;0;-0.0218305;-0.266722;0.132782;-0.121047
-0.010052;0.399874;0;-0.0532713;-0.57917;0.264029;-0.240695
-0.0150761;0.399716;0;-0.0846932;-0.891428;0.395199;-0.360271
-0.0200977;0.399495;0;-0.116091;-1.20345;0.526268;-0.479757
-0.0251162;0.399211;0;-0.147461;-1.51518;0.657218;-0.599134
-0.0301307;0.398864;0;-0.178796;-1.82657;0.788028;-0.718382
-0.0351405;0.398453;0;-0.209834;-2.13412;0.917577;-0.836482
-0.0401447;0.39798;0;-0.240731;-2.43942;1.04657;-0.954072
-0.0451426;0.397445;0;-0.271623;-2.74549;1.17557;-1.07168
-0.0501333;0.396846;0;-0.30254;-3.0518;1.30468;-1.18938
-0.0551161;0.396185;0;-0.333476;-3.3583;1.43388;-1.30715
-0.0600902;0.395461;0;-0.364428;-3.66493;1.56313;-1.42499
-0.0650549;0.394674;0;-0.395389;-3.97166;1.69243;-1.54286
-0.0700092;0.393826;0;-0.426356;-4.27843;1.82175;-1.66075
-0.0749525;0.392915;0;-0.457323;-4.5852;1.95108;-1.77864
-0.079884;0.391942;0;-0.488286;-4.89191;2.08038;-1.89652
-0.0848028;0.390907;0;-0.519238;-5.19852;2.20965;-2.01436
-0.0897083;0.389811;0;-0.550177;-5.50498;2.33885;-2.13214
-0.0945996;0.388653;0;-0.581096;-5.81124;2.46797;-2.24986
-0.099476;0.387433;0;-0.611991;-6.11725;2.597;-2.36748
-0.104337;0.386153;0;-0.642466;-6.41841;2.72424;-2.48347
-0.109181;0.384811;0;-0.672184;-6.71188;2.84829;-2.59656
-0.114008;0.383409;0;-0.701662;-7.00419;2.97136;-2.70875
-0.118817;0.381946;0;-0.731164;-7.29671;3.09452;-2.82103
-0.123607;0.380423;0;-0.760683;-7.5894;3.21776;-2.93338
-0.128377;0.378839;0;-0.790216;-7.88222;3.34106;-3.04578
-0.133128;0.377196;0;-0.819758;-8.17512;3.46439;-3.15821
-0.137857;0.375494;0;-0.849304;-8.46805;3.58774;-3.27066
-0.142565;0.373732;0;-0.878849;-8.76097;3.71109;-3.3831
-0.14725;0.371911;0;-0.908389;-9.05383;3.83441;-3.49553
-0.151912;0.370031;0;-0.937788;-9.34479;3.95718;-3.60744
-0.156549;0.368093;0;-0.967195;-9.63586;4.07999;-3.7194
-0.161163;0.366096;0;-0.996587;-9.92678;4.20274;-3.8313
-0.16575;0.364042;0;-1.02596;-10.2175;4.3254;-3.94312
-0.170312;0.361931;0;-1.0553;-10.508;4.44796;-4.05485
-0.174846;0.359762;0;-1.08349;-10.7868;4.56581;-4.16228
-0.179353;0.357537;0;-1.1106;-11.0552;4.67898;-4.26545
-0.183832;0.355255;0;-1.13773;-11.3239;4.79223;-4.3687
-0.188282;0.352916;0;-1.16487;-11.5928;4.90556;-4.47201
-0.192701;0.350523;0;-1.19202;-11.8618;5.01893;-4.57536
-0.197091;0.348074;0;-1.21918;-12.1308;5.13234;-4.67875
-0.201449;0.345569;0;-1.24635;-12.3999;5.24576;-4.78214
-0.205776;0.343011;0;-1.27352;-12.669;5.35918;-4.88554
-0.21007;0.340398;0;-1.30067;-12.9381;5.47258;-4.98891
-0.214331;0.337731;0;-1.32782;-13.2071;5.58594;-5.09225
-0.218558;0.335011;0;-1.35496;-13.4759;5.69924;-5.19554
-0.22275;0.332238;0;-1.38173;-13.7414;5.81103;-5.29745
-0.226908;0.329413;0;-1.40809;-14.004;5.9212;-5.39789
-0.231029;0.326536;0;-1.43214;-14.2432;6.02155;-5.48937
-0.235114;0.323607;0;-1.45653;-14.4857;6.12329;-5.58211
-0.239162;0.320627;0;-1.48093;-14.7283;6.22509;-5.67492
-0.243172;0.317596;0;-1.50534;-14.971;6.32695;-5.76778
-0.247144;0.314515;0;-1.52976;-15.2139;6.42884;-5.86066
-0.251077;0.311385;0;-1.55419;-15.4568;6.53075;-5.95357
-0.25497;0.308205;0;-1.57862;-15.6997;6.63267;-6.04648
-0.258822;0.304977;0;-1.60304;-15.9426;6.73457;-6.13937
-0.262634;0.301701;0;-1.62746;-16.1854;6.83644;-6.23224
-0.266405;0.298376;0;-1.65187;-16.4281;6.93827;-6.32507
-0.270133;0.295005;0;-1.67626;-16.6706;7.04004;-6.41784
-0.273819;0.291587;0;-1.70063;-16.913;7.14173;-6.51054
-0.277461;0.288124;0;-1.72346;-17.1387;7.2372;-6.59758
-0.28106;0.284614;0;-1.74521;-17.3545;7.3281;-6.68044
-0.284614;0.28106;0;-1.76638;-17.5664;7.41633;-6.76088
-0.288124;0.277461;0;-1.78756;-17.7783;7.5046;-6.84135
-0.291587;0.273819;0;-1.80875;-17.9903;7.59289;-6.92184
-0.295005;0.270133;0;-1.82994;-18.2024;7.6812;-7.00234
-0.298376;0.266405;0;-1.85113;-18.4144;7.7695;-7.08284
-0.301701;0.262634;0;-1.87231;-18.6264;7.85779;-7.16332
-0.304977;0.258822;0;-1.89349;-18.8384;7.94605;-7.24378
-0.308205;0.25497;0;-1.91466;-19.0502;8.03426;-7.32419
-0.311385;0.251077;0;-1.93581;-19.2619;8.12241;-7.40456
-0.314515;0.247144;0;-1.95695;-19.4734;8.21049;-7.48485
-0.317596;0.243172;0;-1.97665;-19.6707;8.2927;-7.5598
-0.320627;0.239162;0;-1.99374;-19.8422;8.36385;-7.62466
-0.323607;0.235114;0;-2.01084;-20.0139;8.43505;-7.68957
-0.326536;0.231029;0;-2.02795;-20.1856;8.5063;-7.75452
-0.329413;0.226908;0;-2.04506;-20.3575;8.57758;-7.8195
-0.332238;0.22275;0;-2.06219;-20.5293;8.64888;-7.8845
-0.335011;0.218558;0;-2.07931;-20.7012;8.72019;-7.9495
-0.337731;0.214331;0;-2.09615;-20.8698;8.7904;-8.01351
-0.340398;0.21007;0;-2.11299;-21.0377;8.86063;-8.07754
-0.343011;0.205776;0;-2.12983;-21.2055;8.93086;-8.14155
-0.345569;0.201449;0;-2.14666;-21.3733;9.00106;-8.20555
-0.348074;0.197091;0;-2.16349;-21.541;9.07122;-8.26951
-0.350523;0.192701;0;-2.1803;-21.7086;9.14134;-8.33343
-0.352916;0.188282;0;-2.1971;-21.876;9.21139;-8.3973
-0.355255;0.183832;0;-2.21225;-22.0254;9.27464;-8.45495
-0.357537;0.179353;0;-2.2248;-22.1515;9.32689;-8.50258
-0.359762;0.174846;0;-2.2374;-22.278;9.37934;-8.5504
-0.361931;0.170312;0;-2.25001;-22.4046;9.43181;-8.59823
-0.364042;0.16575;0;-2.26262;-22.5312;9.48428;-8.64607
-0.366096;0.161163;0;-2.27523;-22.6577;9.53676;-8.6939
-0.368093;0.156549;0;-2.28783;-22.7842;9.58922;-8.74173
-0.370031;0.151912;0;-2.30043;-22.9106;9.64166;-8.78953
-0.371911;0.14725;0;-2.31303;-23.0369;9.69408;-8.83732
-0.373732;0.142565;0;-2.32561;-23.1631;9.74646;-8.88507
-0.375494;0.137857;0;-2.33819;-23.2892;9.7988;-8.93278
-0.377196;0.133128;0;-2.35041;-23.4125;9.84958;-8.97907
-0.378839;0.128377;0;-2.35895;-23.4987;9.88497;-9.01134
-0.380423;0.123607;0;-2.36683;-23.5779;9.9177;-9.04118
-0.381946;0.118817;0;-2.37473;-23.6572;9.95046;-9.07104
-0.383409;0.114008;0;-2.38262;-23.7366;9.98323;-9.10092
-0.384811;0.109181;0;-2.39052;-23.8159;10.016;-9.1308
-0.386153;0.104337;0;-2.39842;-23.8953;10.0488;-9.1607
-0.387433;0.099476;0;-2.40632;-23.9746;10.0816;-9.19059
-0.388653;0.0945996;0;-2.41422;-24.0539;10.1144;-9.22048
-0.389811;0.0897083;0;-2.42211;-24.1332;10.1472;-9.25036
-0.390907;0.0848028;0;-2.43001;-24.2125;10.1799;-9.28023
-0.391942;0.079884;0;-2.4379;-24.2917;10.2127;-9.31008
-0.392915;0.0749525;0;-2.44578;-24.3708;10.2454;-9.33991
-0.393826;0.0700092;0;-2.45365;-24.4498;10.2781;-9.36971
-0.394674;0.0650549;0;-2.46146;-24.5281;10.3105;-9.39924
-0.395461;0.0600902;0;-2.46458;-24.5593;10.3233;-9.41096
-0.396185;0.0551161;0;-2.46723;-24.586;10.3342;-9.42082
-0.396846;0.0501333;0;-2.46987;-24.6126;10.345;-9.43069
-0.397445;0.0451426;0;-2.47252;-24.6392;10.3558;-9.44056
-0.39798;0.0401447;0;-2.47516;-24.6658;10.3666;-9.45042
-0.398453;0.0351405;0;-2.47774;-24.6911;10.3772;-9.46004
-0.398864;0.0301307;0;-2.48023;-24.7155;10.3874;-9.46937
-0.399211;0.0251162;0;-2.4827;-24.7397;10.3975;-9.47862
-0.399495;0.0200977;0;-2.48517;-24.7638;10.4077;-9.48786
-0.399716;0.0150761;0;-2.48763;-24.7879;10.4178;-9.49709
-0.399874;0.010052;0;-2.49009;-24.812;10.4279;-9.50631
-0.399968;0.00502642;0;-2.49255;-24.8361;10.438;-9.51551
-0.4;4.89859e-17;0;-2.495;-24.8601;10.4481;-9.52471
-0.399968;-0.00502642;0;-2.49337;-24.8431;10.4411;-9.51833
-0.399874;-0.010052;0;-2.49088;-24.8175;10.4305;-9.50864
-0.399716;-0.0150761;0;-2.48838;-24.7919;10.4198;-9.49894
-0.399495;-0.0200977;0;-2.48587;-24.7663;10.4092;-9.48922
-0.399211;-0.0251162;0;-2.48337;-24.7407;10.3985;-9.47949
-0.398864;-0.0301307;0;-2.48086;-24.7151;10.3878;-9.46975
-0.398453;-0.0351405;0;-2.47835;-24.6894;10.3771;-9.46001
-0.39798;-0.0401447;0;-2.47584;-24.6637;10.3664;-9.45026
-0.397445;-0.0451426;0;-2.47332;-24.638;10.3557;-9.4405
-0.396846;-0.0501333;0;-2.47081;-24.6123;10.345;-9.43074
-0.396185;-0.0551161;0;-2.46829;-24.5866;10.3343;-9.42098
-0.395461;-0.0600902;0;-2.46578;-24.5608;10.3236;-9.41122
-0.394674;-0.0650549;0;-2.46325;-24.535;10.3129;-9.40142
-0.393826;-0.0700092;0;-2.45572;-24.4581;10.2813;-9.37262
-0.392915;-0.0749525;0;-2.448;-24.3793;10.2489;-9.34308
-0.391942;-0.079884;0;-2.44027;-24.3003;10.2164;-9.31351
-0.390907;-0.0848028;0;-2.43253;-24.2214;10.184;-9.28392
-0.389811;-0.0897083;0;-2.42479;-24.1423;10.1515;-9.25432
-0.388653;-0.0945996;0;-2.41704;-24.0632;10.119;-9.2247
-0.387433;-0.099476;0;-2.40929;-23.9841;10.0865;-9.19507
-0.386153;-0.104337;0;-2.40154;-23.905;10.054;-9.16543
-0.384811;-0.109181;0;-2.39379;-23.8259;10.0215;-9.1358
-0.383409;-0.114008;0;-2.38605;-23.7468;9.98899;-9.10617
-0.381946;-0.118817;0;-2.3783;-23.6677;9.9565;-9.07655
-0.380423;-0.123607;0;-2.37056;-23.5887;9.92402;-9.04694
-0.378839;-0.128377;0;-2.36243;-23.5061;9.88994;-9.01587
-0.377196;-0.133128;0;-2.3509;-23.3907;9.84144;-8.97166
-0.375494;-0.137857;0;-2.33936;-23.2753;9.7929;-8.92741
-0.373732;-0.142565;0;-2.32781;-23.1598;9.74434;-8.88314
-0.371911;-0.14725;0;-2.31502;-23.0285;9.69098;-8.8345
-0.370031;-0.151912;0;-2.30207;-22.8953;9.63696;-8.78525
-0.368093;-0.156549;0;-2.28912;-22.7619;9.58291;-8.73598
-0.366096;-0.161163;0;-2.27616;-22.6285;9.52883;-8.68668
-0.364042;-0.16575;0;-2.2632;-22.4951;9.47475;-8.63737
-0.361931;-0.170312;0;-2.25024;-22.3616;9.42066;-8.58806
-0.359762;-0.174846;0;-2.23727;-22.2281;9.36657;-8.53876
-0.357537;-0.179353;0;-2.22431;-22.0947;9.3125;-8.48946
-0.355255;-0.183832;0;-2.20988;-21.9523;9.25188;-8.4342
-0.352916;-0.188282;0;-2.19512;-21.8068;9.18985;-8.37766
-0.350523;-0.192701;0;-2.17968;-21.6536;9.12502;-8.31855
-0.348074;-0.197091;0;-2.16334;-21.4909;9.05638;-8.25598
-0.345569;-0.201449;0;-2.14698;-21.3281;8.98771;-8.19338
-0.343011;-0.205776;0;-2.13062;-21.1653;8.91902;-8.13076
-0.340398;-0.21007;0;-2.11426;-21.0025;8.85032;-8.06813
-0.337731;-0.214331;0;-2.0979;-20.8396;8.78161;-8.0055
-0.335011;-0.218558;0;-2.08154;-20.6768;8.71292;-7.94287
-0.332238;-0.22275;0;-2.06518;-20.514;8.64424;-7.88027
-0.329413;-0.226908;0;-2.04883;-20.3512;8.5756;-7.81769
-0.326536;-0.231029;0;-2.03189;-20.1794;8.50475;-7.75311
-0.323607;-0.235114;0;-2.01471;-20.0048;8.43292;-7.68762
-0.320627;-0.239162;0;-1.99753;-19.8304;8.36112;-7.62217
-0.317596;-0.243172;0;-1.98031;-19.6557;8.28917;-7.55658
-0.314515;-0.247144;0;-1.96049;-19.4554;8.20618;-7.48092
-0.311385;-0.251077;0;-1.93939;-19.2434;8.11792;-7.40046
-0.308205;-0.25497;0;-1.91827;-19.0312;8.02959;-7.31993
-0.304977;-0.258822;0;-1.89713;-18.8188;7.9412;-7.23936
-0.301701;-0.262634;0;-1.87599;-18.6064;7.85276;-7.15874
-0.298376;-0.266405;0;-1.85483;-18.3938;7.76429;-7.07809
-0.295005;-0.270133;0;-1.83368;-18.1812;7.67581;-6.99742
-0.291587;-0.273819;0;-1.81252;-17.9686;7.58732;-6.91676
-0.288124;-0.277461;0;-1.79136;-17.7561;7.49884;-6.8361
-0.284614;-0.28106;0;-1.77021;-17.5436;7.41039;-6.75546
-0.28106;-0.284614;0;-1.74907;-17.3311;7.32197;-6.67486
-0.277461;-0.288124;0;-1.72705;-17.1117;7.2296;-6.59065
-0.273819;-0.291587;0;-1.70454;-16.8876;7.13517;-6.50456
-0.270133;-0.295005;0;-1.68092;-16.6526;7.03625;-6.41439
-0.266405;-0.298376;0;-1.65675;-16.4122;6.93506;-6.32214
-0.262634;-0.301701;0;-1.63257;-16.1716;6.83382;-6.22985
-0.258822;-0.304977;0;-1.60838;-15.931;6.73254;-6.13752
-0.25497;-0.308205;0;-1.58418;-15.6903;6.63125;-6.04518
-0.251077;-0.311385;0;-1.55999;-15.4497;6.52995;-5.95283
-0.247144;-0.314515;0;-1.5358;-15.209;6.42866;-5.8605
-0.243172;-0.317596;0;-1.51161;-14.9684;6.32741;-5.7682
-0.239162;-0.320627;0;-1.48744;-14.728;6.2262;-5.67593
-0.235114;-0.323607;0;-1.46328;-14.4876;6.12505;-5.58372
-0.231029;-0.326536;0;-1.43914;-14.2475;6.02398;-5.49159
-0.226908;-0.329413;0;-1.41439;-14.0005;5.92041;-5.39717
-0.22275;-0.332238;0;-1.38809;-13.7368;5.81033;-5.29682
-0.218558;-0.335011;0;-1.36126;-13.4704;5.69802;-5.19443
-0.214331;-0.337731;0;-1.33416;-13.2016;5.58462;-5.09105
-0.21007;-0.340398;0;-1.30705;-12.9326;5.47116;-4.98762
-0.205776;-0.343011;0;-1.27994;-12.6636;5.35766;-4.88415
-0.201449;-0.345569;0;-1.25281;-12.3944;5.24414;-4.78067
-0.197091;-0.348074;0;-1.22569;-12.1253;5.13062;-4.67718
-0.192701;-0.350523;0;-1.19857;-11.8562;5.01711;-4.5737
-0.188282;-0.352916;0;-1.17146;-11.5872;4.90363;-4.47025
-0.183832;-0.355255;0;-1.14436;-11.3183;4.7902;-4.36684
-0.179353;-0.357537;0;-1.11727;-11.0495;4.67684;-4.2635
-0.174846;-0.359762;0;-1.0902;-10.7809;4.56356;-4.16024
-0.170312;-0.361931;0;-1.06217;-10.5022;4.44612;-4.05317
-0.16575;-0.364042;0;-1.03318;-10.2152;4.3248;-3.94258
-0.161163;-0.366096;0;-1.00389;-9.92542;4.20225;-3.83085
-0.156549;-0.368093;0;-0.97459;-9.63542;4.07961;-3.71905
-0.151912;-0.370031;0;-0.94527;-9.34527;3.95691;-3.6072
-0.14725;-0.371911;0;-0.915941;-9.05503;3.83417;-3.49531
-0.142565;-0.373732;0;-0.886607;-8.76473;3.71141;-3.3834
-0.137857;-0.375494;0;-0.857272;-8.47442;3.58865;-3.27149
-0.133128;-0.377196;0;-0.827941;-8.18415;3.46591;-3.1596
-0.128377;-0.378839;0;-0.798619;-7.89397;3.34321;-3.04773
-0.123607;-0.380423;0;-0.76931;-7.60391;3.22056;-2.93592
-0.118817;-0.381946;0;-0.740019;-7.31404;3.09798;-2.82418
-0.114008;-0.383409;0;-0.710751;-7.02438;2.9755;-2.71253
-0.109181;-0.384811;0;-0.68154;-6.73524;2.85326;-2.60109
-0.104337;-0.386153;0;-0.650937;-6.4326;2.72519;-2.48434
-0.099476;-0.387433;0;-0.620263;-6.12963;2.59684;-2.36733
-0.0945996;-0.388653;0;-0.589572;-5.82649;2.46842;-2.25026
-0.0897083;-0.389811;0;-0.558869;-5.52322;2.33994;-2.13314
-0.0848028;-0.390907;0;-0.528175;-5.2199;2.21153;-2.01608
-0.079884;-0.391942;0;-0.497424;-4.91596;2.08288;-1.8988
-0.0749525;-0.392915;0;-0.466654;-4.61187;1.95415;-1.78144
-0.0700092;-0.393826;0;-0.435889;-4.30783;1.82543;-1.6641
-0.0650549;-0.394674;0;-0.405133;-4.00388;1.69675;-1.54679
-0.0600902;-0.395461;0;-0.374391;-3.70007;1.56813;-1.42954
-0.0551161;-0.396185;0;-0.343668;-3.39645;1.4396;-1.31237
-0.0501333;-0.396846;0;-0.312671;-3.09182;1.30986;-1.19409
-0.0451426;-0.397445;0;-0.281382;-2.78318;1.17895;-1.07475
-0.0401447;-0.39798;0;-0.250076;-2.47436;1.04796;-0.955343
-0.0351405;-0.398453;0;-0.218758;-2.16543;0.916923;-0.835886
-0.0301307;-0.398864;0;-0.187486;-1.85715;0.786065;-0.716593
-0.0251162;-0.399211;0;-0.156137;-1.54792;0.654901;-0.597021
-0.0200977;-0.399495;0;-0.124785;-1.23865;0.523728;-0.477441
-0.0150761;-0.399716;0;-0.0934367;-0.929413;0.392567;-0.357872
-0.010052;-0.399874;0;-0.0620957;-0.620243;0.261438;-0.238333
-0.00502642;-0.399968;0;-0.0307673;-0.311193;0.130363;-0.118842
-7.34788e-17;-0.4;0;0.00054343;-0.00231004;-0.000637397;0.000581064
0.00502642;-0.399968;0;0.0316077;0.303837;-0.13061;0.119067
0.010052;-0.399874;0;0.0627953;0.610484;-0.261107;0.238031
0.0150761;-0.399716;0;0.094009;0.917393;-0.391713;0.357093
0.0200977;-0.399495;0;0.125244;1.22452;-0.522406;0.476236
0.0251162;-0.399211;0;0.156495;1.53181;-0.653168;0.595441
0.0301307;-0.398864;0;0.187757;1.83921;-0.783975;0.714688
0.0351405;-0.398453;0;0.219026;2.14669;-0.914809;0.833959
0.0401447;-0.39798;0;0.250296;2.45418;-1.04565;0.953235
0.0451426;-0.397445;0;0.281563;2.76165;-1.17647;1.0725
0.0501333;-0.396846;0;0.312822;3.06904;-1.30726;1.19173
0.0551161;-0.396185;0;0.343892;3.37624;-1.43736;1.31032
0.0600902;-0.395461;0;0.375071;3.68457;-1.56791;1.42934
0.0650549;-0.394674;0;0.405455;3.98458;-1.69502;1.54521
0.0700092;-0.393826;0;0.436323;4.28933;-1.82415;1.66293
0.0749525;-0.392915;0;0.467194;4.59413;-1.95329;1.78066
0.079884;-0.391942;0;0.498063;4.89892;-2.08242;1.89838
0.0848028;-0.390907;0;0.528251;5.19614;-2.20874;2.01353
0.0897083;-0.389811;0;0.558661;5.49409;-2.33605;2.12959
0.0945996;-0.388653;0;0.58908;5.79211;-2.4634;2.24568
0.099476;-0.387433;0;0.619501;6.09016;-2.59076;2.36179
0.104337;-0.386153;0;0.64992;6.38817;-2.71811;2.47789
0.109181;-0.384811;0;0.680333;6.68612;-2.84544;2.59396
0.114008;-0.383409;0;0.710735;6.98394;-2.97272;2.70999
0.118817;-0.381946;0;0.739781;7.26928;-3.09429;2.82082
0.123607;-0.380423;0;0.769164;7.55847;-3.21726;2.93292
0.128377;-0.378839;0;0.798563;7.8478;-3.3403;3.04508
0.133128;-0.377196;0;0.827972;8.13723;-3.46338;3.15729
0.137857;-0.375494;0;0.857388;8.42671;-3.58648;3.26951
0.142565;-0.373732;0;0.886804;8.7162;-3.7096;3.38174
0.14725;-0.371911;0;0.916218;9.00565;-3.83269;3.49396
0.151912;-0.370031;0;0.945624;9.29501;-3.95576;3.60615
0.156549;-0.368093;0;0.975017;9.58425;-4.07877;3.71829
0.161163;-0.366096;0;1.00439;9.8733;-4.20172;3.83037
0.16575;-0.364042;0;1.03375;10.1621;-4.32457;3.94237
0.170312;-0.361931;0;1.06256;10.4436;-4.44525;4.05238
0.174846;-0.359762;0;1.09054;10.7151;-4.56254;4.15931
0.179353;-0.357537;0;1.11771;10.9813;-4.67634;4.26305
0.183832;-0.355255;0;1.1449;11.2476;-4.79021;4.36685
0.188282;-0.352916;0;1.17209;11.5141;-4.90414;4.47071
0.192701;-0.350523;0;1.1993;11.7806;-5.01811;4.57461
0.197091;-0.348074;0;1.22651;12.0471;-5.13209;4.67852
0.201449;-0.345569;0;1.25372;12.3136;-5.24609;4.78244
0.205776;-0.343011;0;1.28093;12.5801;-5.36006;4.88634
0.21007;-0.340398;0;1.30813;12.8465;-5.47401;4.99022
0.214331;-0.337731;0;1.33532;13.1128;-5.5879;5.09404
0.218558;-0.335011;0;1.36249;13.3788;-5.70172;5.19781
0.22275;-0.332238;0;1.38964;13.6447;-5.81546;5.30149
0.226908;-0.329413;0;1.41563;13.8957;-5.92449;5.40089
0.231029;-0.326536;0;1.43984;14.1308;-6.0261;5.49351
0.235114;-0.323607;0;1.46407;14.3662;-6.12778;5.58621
0.239162;-0.320627;0;1.48832;14.6016;-6.22954;5.67897
0.243172;-0.317596;0;1.51258;14.8372;-6.33135;5.77178
0.247144;-0.314515;0;1.53685;15.0729;-6.43319;5.86463
0.251077;-0.311385;0;1.56112;15.3085;-6.53505;5.95749
0.25497;-0.308205;0;1.58539;15.5442;-6.63692;6.05035
0.258822;-0.304977;0;1.60966;15.7798;-6.73877;6.1432
0.262634;-0.301701;0;1.63393;16.0154;-6.84059;6.23603
0.266405;-0.298376;0;1.65818;16.2508;-6.94237;6.32881
0.270133;-0.295005;0;1.68242;16.4861;-7.04409;6.42154
0.273819;-0.291587;0;1.70663;16.7212;-7.14574;6.5142
0.277461;-0.288124;0;1.73039;16.9504;-7.24549;6.60513
0.28106;-0.284614;0;1.75168;17.1535;-7.33512;6.68684
0.284614;-0.28106;0;1.77247;17.3523;-7.42262;6.76661
0.288124;-0.277461;0;1.79326;17.5512;-7.51016;6.84641
0.291587;-0.273819;0;1.81407;17.7501;-7.59773;6.92625
0.295005;-0.270133;0;1.83487;17.949;-7.68533;7.0061
0.298376;-0.266405;0;1.85568;18.1479;-7.77292;7.08595
0.301701;-0.262634;0;1.87649;18.3468;-7.86051;7.1658
0.304977;-0.258822;0;1.89729;18.5455;-7.94807;7.24563
0.308205;-0.25497;0;1.91808;18.7442;-8.0356;7.32542
0.311385;-0.251077;0;1.93886;18.9427;-8.12307;7.40516
0.314515;-0.247144;0;1.95962;19.141;-8.21048;7.48485
0.317596;-0.243172;0;1.97966;19.3303;-8.29495;7.56184
0.320627;-0.239162;0;1.99637;19.486;-8.36563;7.62628
0.323607;-0.235114;0;2.0131;19.6418;-8.43637;7.69077
0.326536;-0.231029;0;2.02983;19.7977;-8.50716;7.7553
0.329413;-0.226908;0;2.04658;19.9537;-8.57798;7.81986
0.332238;-0.22275;0;2.06333;20.1097;-8.64883;7.88445
0.335011;-0.218558;0;2.08008;20.2657;-8.71969;7.94905
0.337731;-0.214331;0;2.09683;20.4216;-8.79056;8.01365
0.340398;-0.21007;0;2.11359;20.5776;-8.86142;8.07825
0.343011;-0.205776;0;2.13033;20.7335;-8.93225;8.14282
0.345569;-0.201449;0;2.14707;20.8893;-9.00306;8.20737
0.348074;-0.197091;0;2.1638;21.0449;-9.07383;8.27189
0.350523;-0.192701;0;2.18052;21.2005;-9.14454;8.33635
0.352916;-0.188282;0;2.19722;21.3558;-9.21519;8.40075
0.355255;-0.183832;0;2.21174;21.4891;-9.27672;8.45685
0.357537;-0.179353;0;2.22412;21.6018;-9.32924;8.50472
0.359762;-0.174846;0;2.23651;21.7145;-9.38178;8.55262
0.361931;-0.170312;0;2.24833;21.8205;-9.43202;8.59842
0.364042;-0.16575;0;2.26007;21.9264;-9.4819;8.6439
0.366096;-0.161163;0;2.27182;22.0324;-9.53181;8.68939
0.368093;-0.156549;0;2.28357;22.1385;-9.58171;8.73489
0.370031;-0.151912;0;2.29531;22.2445;-9.63162;8.78038
0.371911;-0.14725;0;2.30706;22.3506;-9.68151;8.82587
0.373732;-0.142565;0;2.3188;22.4567;-9.73139;8.87133
0.375494;-0.137857;0;2.33054;22.5627;-9.78124;8.91678
0.377196;-0.133128;0;2.34227;22.6687;-9.83106;8.96219
0.378839;-0.128377;0;2.35397;22.7762;-9.88061;9.00737
0.380423;-0.123607;0;2.36457;22.8769;-9.92526;9.04807
0.381946;-0.118817;0;2.3723;22.952;-9.95751;9.07747
0.383409;-0.114008;0;2.38003;23.0271;-9.98978;9.10689
0.384811;-0.109181;0;2.38777;23.1023;-10.0221;9.13631
0.386153;-0.104337;0;2.39513;23.175;-10.0527;9.16424
0.387433;-0.099476;0;2.40177;23.2404;-10.0803;9.18942
0.388653;-0.0945996;0;2.40842;23.3057;-10.1079;9.2146
0.389811;-0.0897083;0;2.41507;23.3711;-10.1356;9.23979
0.390907;-0.0848028;0;2.42172;23.4365;-10.1632;9.26498
0.391942;-0.079884;0;2.42837;23.5018;-10.1908;9.29017
0.392915;-0.0749525;0;2.43502;23.5671;-10.2184;9.31534
0.393826;-0.0700092;0;2.44166;23.6323;-10.2461;9.34051
0.394674;-0.0650549;0;2.4483;23.6975;-10.2736;9.36566
0.395461;-0.0600902;0;2.45493;23.7626;-10.3012;9.3908
0.396185;-0.0551161;0;2.45928;23.8192;-10.3179;9.40603
0.396846;-0.0501333;0;2.46277;23.8741;-10.3304;9.41739
0.397445;-0.0451426;0;2.46626;23.9291;-10.3429;9.42876
0.39798;-0.0401447;0;2.4688;23.9709;-10.3516;9.43677
0.398453;-0.0351405;0;2.47056;24.0028;-10.3574;9.442
0.398864;-0.0301307;0;2.47231;24.0348;-10.3631;9.44723
0.399211;-0.0251162;0;2.47407;24.0667;-10.3689;9.45246
0.399495;-0.0200977;0;2.47582;24.0987;-10.3746;9.45769
0.399716;-0.0150761;0;2.47758;24.1307;-10.3803;9.46293
0.399874;-0.010052;0;2.47934;24.1627;-10.3861;9.46816
0.399968;-0.00502642;0;2.48109;24.1946;-10.3918;9.47339
