0.4;0;0;2.49738;24.3144;-10.3975;9.47853
0.399968;0.00502642;0;2.49595;24.3005;-10.3915;9.47309
0.399874;0.010052;0;2.49449;24.2864;-10.3854;9.46754
0.399716;0.0150761;0;2.49304;24.2722;-10.3793;9.46199
0.399495;0.0200977;0;2.49158;24.2581;-10.3732;9.45644
0.399211;0.0251162;0;2.49012;24.2439;-10.3671;9.45089
0.398864;0.0301307;0;2.48867;24.2298;-10.361;9.44534
0.398453;0.0351405;0;2.48721;24.2156;-10.355;9.43979
0.39798;0.0401447;0;2.48575;24.2015;-10.3489;9.43425
0.397445;0.0451426;0;2.48307;24.1753;-10.3377;9.42406
0.396846;0.0501333;0;2.47975;24.1429;-10.3238;9.41143
0.396185;0.0551161;0;2.47643;24.1104;-10.31;9.3988
0.395461;0.0600902;0;2.47311;24.078;-10.2961;9.38617
0.394674;0.0650549;0;2.46715;24.0192;-10.2713;9.36354
0.393826;0.0700092;0;2.46062;23.9548;-10.2442;9.33879
0.392915;0.0749525;0;2.45409;23.8903;-10.217;9.31402
0.391942;0.079884;0;2.44756;23.8259;-10.1898;9.28924
0.390907;0.0848028;0;2.44103;23.7614;-10.1626;9.26445
0.389811;0.0897083;0;2.43449;23.6969;-10.1354;9.23966
0.388653;0.0945996;0;2.42796;23.6324;-10.1082;9.21487
0.387433;0.099476;0;2.42143;23.5679;-10.081;9.19008
0.386153;0.104337;0;2.41454;23.4999;-10.0524;9.16394
0.384811;0.109181;0;2.40649;23.4205;-10.0189;9.13341
0.383409;0.114008;0;2.39845;23.3412;-9.98538;9.10287
0.381946;0.118817;0;2.3904;23.2619;-9.95189;9.07235
0.380423;0.123607;0;2.38236;23.1826;-9.91841;9.04183
0.378839;0.128377;0;2.3719;23.0793;-9.87486;9.00212
0.377196;0.133128;0;2.35986;22.9605;-9.82477;8.95646
0.375494;0.137857;0;2.34787;22.8423;-9.7749;8.911
0.373732;0.142565;0;2.33589;22.724;-9.72504;8.86554
0.371911;0.14725;0;2.3239;22.6056;-9.67515;8.82006
0.370031;0.151912;0;2.3119;22.4872;-9.62524;8.77457
0.368093;0.156549;0;2.2999;22.3688;-9.57532;8.72906
0.366096;0.161163;0;2.2879;22.2504;-9.52541;8.68356
0.364042;0.16575;0;2.27591;22.132;-9.4755;8.63806
0.361931;0.170312;0;2.26391;22.0137;-9.4256;8.59257
0.359762;0.174846;0;2.25193;21.8954;-9.37573;8.5471
0.357537;0.179353;0;2.23995;21.7772;-9.32588;8.50167
0.355255;0.183832;0;2.22797;21.659;-9.27608;8.45626
0.352916;0.188282;0;2.21349;21.5164;-9.21582;8.40133
0.350523;0.192701;0;2.19654;21.3496;-9.14527;8.33702
0.348074;0.197091;0;2.17957;21.1827;-9.07466;8.27265
0.345569;0.201449;0;2.16259;21.0157;-9.004;8.20823
0.343011;0.205776;0;2.14559;20.8486;-8.93329;8.14377
0.340398;0.21007;0;2.12859;20.6814;-8.86256;8.07929
0.337731;0.214331;0;2.11159;20.5141;-8.7918;8.01479
0.335011;0.218558;0;2.09458;20.3469;-8.72104;7.95028
0.332238;0.22275;0;2.07758;20.1796;-8.65028;7.88577
0.329413;0.226908;0;2.06058;20.0124;-8.57953;7.82128
0.326536;0.231029;0;2.04358;19.8453;-8.50881;7.75681
0.323607;0.235114;0;2.02657;19.678;-8.43804;7.69229
0.320627;0.239162;0;2.00951;19.5102;-8.36706;7.62759
0.317596;0.243172;0;1.99247;19.3426;-8.29614;7.56293
0.314515;0.247144;0;1.97298;19.1515;-8.21503;7.48899
0.311385;0.251077;0;1.95201;18.946;-8.12775;7.40943
0.308205;0.25497;0;1.93102;18.7405;-8.04041;7.3298
0.304977;0.258822;0;1.91001;18.5347;-7.95297;7.25009
0.301701;0.262634;0;1.88897;18.3286;-7.8654;7.17026
0.298376;0.266405;0;1.86791;18.1223;-7.77775;7.09036
0.295005;0.270133;0;1.84683;17.9157;-7.69;7.01036
0.291587;0.273819;0;1.82574;17.7092;-7.60224;6.93036
0.288124;0.277461;0;1.80466;17.5027;-7.5145;6.85037
0.284614;0.28106;0;1.78359;17.2962;-7.42679;6.77041
0.28106;0.284614;0;1.76252;17.0899;-7.33912;6.69049
0.277461;0.288124;0;1.74113;16.8805;-7.25009;6.60933
0.273819;0.291587;0;1.71675;16.6426;-7.14859;6.5168
0.270133;0.295005;0;1.69234;16.4046;-7.047;6.42419
0.266405;0.298376;0;1.66792;16.1663;-6.94533;6.3315
0.262634;0.301701;0;1.64348;15.9279;-6.8436;6.23876
0.258822;0.304977;0;1.61903;15.6894;-6.74182;6.14598
0.25497;0.308205;0;1.59458;15.4509;-6.64002;6.05318
0.251077;0.311385;0;1.57011;15.2122;-6.53816;5.96032
0.247144;0.314515;0;1.54564;14.9735;-6.43629;5.86745
0.243172;0.317596;0;1.52115;14.7345;-6.33433;5.77451
0.239162;0.320627;0;1.49666;14.4957;-6.23241;5.68159
0.235114;0.323607;0;1.47219;14.257;-6.13054;5.58873
0.231029;0.326536;0;1.44774;14.0184;-6.02873;5.49592
0.226908;0.329413;0;1.4233;13.78;-5.92701;5.40318
0.22275;0.332238;0;1.39735;13.5275;-5.81898;5.30471
0.218558;0.335011;0;1.37003;13.2619;-5.7052;5.20098
0.214331;0.337731;0;1.34268;12.9962;-5.59133;5.09717
0.21007;0.340398;0;1.31531;12.7303;-5.47739;4.9933
0.205776;0.343011;0;1.28793;12.4642;-5.3634;4.88939
0.201449;0.345569;0;1.26055;12.1981;-5.24938;4.78544
0.197091;0.348074;0;1.23316;11.9319;-5.13533;4.68148
0.192701;0.350523;0;1.20577;11.6658;-5.02129;4.57751
0.188282;0.352916;0;1.17838;11.3997;-4.90727;4.47357
0.183832;0.355255;0;1.15101;11.1337;-4.79329;4.36966
0.179353;0.357537;0;1.12365;10.8678;-4.67936;4.2658
0.174846;0.359762;0;1.0963;10.6021;-4.56551;4.16201
0.170312;0.361931;0;1.0686;10.3332;-4.45019;4.05688
0.16575;0.364042;0;1.03906;10.0469;-4.32716;3.94472
0.161163;0.366096;0;1.00937;9.75929;-4.20352;3.83202
0.156549;0.368093;0;0.979652;9.47136;-4.07976;3.7192
0.151912;0.370031;0;0.949909;9.18319;-3.9559;3.60628
0.14725;0.371911;0;0.920144;8.89482;-3.83195;3.49329
0.142565;0.373732;0;0.890363;8.6063;-3.70794;3.38023
0.137857;0.375494;0;0.860572;8.31767;-3.58387;3.26713
0.133128;0.377196;0;0.830773;8.02897;-3.45978;3.15401
0.128377;0.378839;0;0.800973;7.74025;-3.33569;3.04088
0.123607;0.380423;0;0.771176;7.45157;-3.2116;2.92776
0.118817;0.381946;0;0.74211;7.17023;-3.09056;2.81741
0.114008;0.383409;0;0.711601;6.87523;-2.9635;2.70159
0.109181;0.384811;0;0.681079;6.58011;-2.83639;2.58571
0.104337;0.386153;0;0.650549;6.28491;-2.70924;2.4698
0.099476;0.387433;0;0.620015;5.98967;-2.58208;2.35388
0.0945996;0.388653;0;0.589482;5.69445;-2.45493;2.23796
0.0897083;0.389811;0;0.558955;5.39928;-2.3278;2.12207
0.0848028;0.390907;0;0.528439;5.10421;-2.20071;2.00621
0.079884;0.391942;0;0.497938;4.8093;-2.07369;1.89042
0.0749525;0.392915;0;0.467458;4.51458;-1.94675;1.7747
0.0700092;0.393826;0;0.437003;4.2201;-1.81992;1.65907
0.0650549;0.394674;0;0.406578;3.92592;-1.69321;1.54357
0.0600902;0.395461;0;0.376188;3.63207;-1.56665;1.42819
0.0551161;0.396185;0;0.345838;3.33861;-1.44025;1.31296
0.0501333;0.396846;0;0.31461;3.03698;-1.31019;1.1944
0.0451426;0.397445;0;0.283219;2.73382;-1.17945;1.07521
0.0401447;0.39798;0;0.251791;2.43032;-1.04856;0.955888
0.0351405;0.398453;0;0.220332;2.12652;-0.917538;0.836446
0.0301307;0.398864;0;0.188848;1.82247;-0.786408;0.716906
0.0251162;0.399211;0;0.157342;1.51822;-0.655192;0.597286
0.0200977;0.399495;0;0.125821;1.21381;-0.523908;0.477606
0.0150761;0.399716;0;0.094288;0.909293;-0.392579;0.357883
0.010052;0.399874;0;0.0627494;0.60472;-0.261225;0.238138
0.00502642;0.399968;0;0.0312097;0.300137;-0.129866;0.118389
2.44929e-17;0.4;0;-0.000326047;-0.00440898;0.00147643;-0.00134594
-0.00502642;0.399968;0;-0.0318529;-0.308869;0.132782;-0.121047
-0.010052;0.399874;0;-0.0633659;-0.613194;0.264029;-0.240695
-0.0150761;0.399716;0;-0.09486;-0.917338;0.395199;-0.360271
-0.0200977;0.399495;0;-0.12633;-1.22125;0.526268;-0.479757
-0.0251162;0.399211;0;-0.157772;-1.52489;0.657218;-0.599134
-0.0301307;0.398864;0;-0.18918;-1.8282;0.788028;-0.718382
-0.0351405;0.398453;0;-0.220284;-2.12865;0.917577;-0.836482
-0.0401447;0.39798;0;-0.251254;-2.42793;1.04657;-0.954072
-0.0451426;0.397445;0;-0.28223;-2.72727;1.17557;-1.07168
-0.0501333;0.396846;0;-0.313231;-3.02685;1.30468;-1.18938
-0.0551161;0.396185;0;-0.344252;-3.32662;1.43388;-1.30715
-0.0600902;0.395461;0;-0.375288;-3.62654;1.56313;-1.42499
-0.0650549;0.394674;0;-0.406334;-3.92656;1.69243;-1.54286
-0.0700092;0.393826;0;-0.437385;-4.22662;1.82175;-1.66075
-0.0749525;0.392915;0;-0.468437;-4.52669;1.95108;-1.77864
-0.079884;0.391942;0;-0.499484;-4.82672;2.08038;-1.89652
-0.0848028;0.390907;0;-0.530522;-5.12666;2.20965;-2.01436
-0.0897083;0.389811;0;-0.561545;-5.42646;2.33885;-2.13214
-0.0945996;0.388653;0;-0.592549;-5.72607;2.46797;-2.24986
-0.099476;0.387433;0;-0.623529;-6.02545;2.597;-2.36748
-0.104337;0.386153;0;-0.65408;-6.32085;2.72424;-2.48347
-0.109181;0.384811;0;-0.683868;-6.60924;2.84829;-2.59656
-0.114008;0.383409;0;-0.71342;-6.89547;2.97136;-2.70875
-0.118817;0.381946;0;-0.742996;-7.18192;3.09452;-2.82103
-0.123607;0.380423;0;-0.772589;-7.46855;3.21776;-2.93338
-0.128377;0.378839;0;-0.802196;-7.75531;3.34106;-3.04578
-0.133128;0.377196;0;-0.831812;-8.04215;3.46439;-3.15821
-0.137857;0.375494;0;-0.861432;-8.32903;3.58774;-3.27066
-0.142565;0.373732;0;-0.891051;-8.61591;3.71109;-3.3831
-0.14725;0.371911;0;-0.920665;-8.90274;3.83441;-3.49553
-0.151912;0.370031;0;-0.950146;-9.18828;3.95718;-3.60744
-0.156549;0.368093;0;-0.979637;-9.4739;4.07999;-3.7194
-0.161163;0.366096;0;-1.00911;-9.75938;4.20274;-3.8313
-0.16575;0.364042;0;-1.03857;-10.0447;4.3254;-3.94312
-0.170312;0.361931;0;-1.068;-10.3297;4.44796;-4.05485
-0.174846;0.359762;0;-1.0963;-10.6041;4.56581;-4.16228
-0.179353;0.357537;0;-1.12348;-10.8681;4.67898;-4.26545
-0.183832;0.355255;0;-1.15068;-11.1324;4.79223;-4.3687
-0.188282;0.352916;0;-1.1779;-11.3968;4.90556;-4.47201
-0.192701;0.350523;0;-1.20512;-11.6614;5.01893;-4.57536
-0.197091;0.348074;0;-1.23236;-11.926;5.13234;-4.67875
-0.201449;0.345569;0;-1.2596;-12.1907;5.24576;-4.78214
-0.205776;0.343011;0;-1.28684;-12.4553;5.35918;-4.88554
-0.21007;0.340398;0;-1.31407;-12.7199;5.47258;-4.98891
-0.214331;0.337731;0;-1.3413;-12.9844;5.58594;-5.09225
-0.218558;0.335011;0;-1.36851;-13.2488;5.69924;-5.19554
-0.22275;0.332238;0;-1.39536;-13.5097;5.81103;-5.29745
-0.226908;0.329413;0;-1.42182;-13.7671;5.9212;-5.39789
-0.231029;0.326536;0;-1.44592;-14.0022;6.02155;-5.48937
-0.235114;0.323607;0;-1.47036;-14.2405;6.12329;-5.58211
-0.239162;0.320627;0;-1.49481;-14.4789;6.22509;-5.67492
-0.243172;0.317596;0;-1.51928;-14.7175;6.32695;-5.76778
-0.247144;0.314515;0;-1.54375;-14.9562;6.42884;-5.86066
-0.251077;0.311385;0;-1.56823;-15.1949;6.53075;-5.95357
-0.25497;0.308205;0;-1.59271;-15.4336;6.63267;-6.04648
-0.258822;0.304977;0;-1.61719;-15.6723;6.73457;-6.13937
-0.262634;0.301701;0;-1.64166;-15.9109;6.83644;-6.23224
-0.266405;0.298376;0;-1.66612;-16.1495;6.93827;-6.32507
-0.270133;0.295005;0;-1.69056;-16.3878;7.04004;-6.41784
-0.273819;0.291587;0;-1.71499;-16.626;7.14173;-6.51054
-0.277461;0.288124;0;-1.73792;-16.8498;7.2372;-6.59758
-0.28106;0.284614;0;-1.75976;-17.0632;7.3281;-6.68044
-0.284614;0.28106;0;-1.78096;-17.2707;7.41633;-6.76088
-0.288124;0.277461;0;-1.80216;-17.4783;7.5046;-6.84135
-0.291587;0.273819;0;-1.82338;-17.686;7.59289;-6.92184
-0.295005;0.270133;0;-1.84459;-17.8937;7.6812;-7.00234
-0.298376;0.266405;0;-1.8658;-18.1013;7.7695;-7.08284
-0.301701;0.262634;0;-1.88701;-18.309;7.85779;-7.16332
-0.304977;0.258822;0;-1.90822;-18.5165;7.94605;-7.24378
-0.308205;0.25497;0;-1.92941;-18.724;8.03426;-7.32419
-0.311385;0.251077;0;-1.95059;-18.9313;8.12241;-7.40456
-0.314515;0.247144;0;-1.97175;-19.1384;8.21049;-7.48485
-0.317596;0.243172;0;-1.9915;-19.3319;8.2927;-7.5598
-0.320627;0.239162;0;-2.00859;-19.4999;8.36385;-7.62466
-0.323607;0.235114;0;-2.0257;-19.668;8.43505;-7.68957
-0.326536;0.231029;0;-2.04282;-19.8363;8.5063;-7.75452
-0.329413;0.226908;0;-2.05995;-20.0046;8.57758;-7.8195
-0.332238;0.22275;0;-2.07708;-20.1729;8.64888;-7.8845
-0.335011;0.218558;0;-2.09421;-20.3413;8.72019;-7.9495
-0.337731;0.214331;0;-2.11108;-20.507;8.7904;-8.01351
-0.340398;0.21007;0;-2.12796;-20.6729;8.86063;-8.07754
-0.343011;0.205776;0;-2.14483;-20.8387;8.93086;-8.14155
-0.345569;0.201449;0;-2.1617;-21.0044;9.00106;-8.20555
-0.348074;0.197091;0;-2.17856;-21.1701;9.07122;-8.26951
-0.350523;0.192701;0;-2.19541;-21.3357;9.14134;-8.33343
-0.352916;0.188282;0;-2.21224;-21.5011;9.21139;-8.3973
-0.355255;0.183832;0;-2.22744;-21.6506;9.27464;-8.45495
-0.357537;0.179353;0;-2.23999;-21.7744;9.32689;-8.50258
-0.359762;0.174846;0;-2.2526;-21.8987;9.37934;-8.5504
-0.361931;0.170312;0;-2.26521;-22.023;9.43181;-8.59823
-0.364042;0.16575;0;-2.27782;-22.1473;9.48428;-8.64607
-0.366096;0.161163;0;-2.29043;-22.2716;9.53676;-8.6939
-0.368093;0.156549;0;-2.30303;-22.3959;9.58922;-8.74173
-0.370031;0.151912;0;-2.31564;-22.5201;9.64166;-8.78953
-0.371911;0.14725;0;-2.32823;-22.6443;9.69408;-8.83732
-0.373732;0.142565;0;-2.34082;-22.7684;9.74646;-8.88507
-0.375494;0.137857;0;-2.3534;-22.8924;9.7988;-8.93278
-0.377196;0.133128;0;-2.3656;-23.0128;9.84958;-8.97907
-0.378839;0.128377;0;-2.37411;-23.0968;9.88497;-9.01134
-0.380423;0.123607;0;-2.38197;-23.1745;9.9177;-9.04118
-0.381946;0.118817;0;-2.38984;-23.2523;9.95046;-9.07104
-0.383409;0.114008;0;-2.39772;-23.3301;9.98323;-9.10092
-0.384811;0.109181;0;-2.4056;-23.408;10.016;-9.1308
-0.386153;0.104337;0;-2.41348;-23.4858;10.0488;-9.1607
-0.387433;0.099476;0;-2.42136;-23.5637;10.0816;-9.19059
-0.388653;0.0945996;0;-2.42924;-23.6416;10.1144;-9.22048
-0.389811;0.0897083;0;-2.43712;-23.7194;10.1472;-9.25036
-0.390907;0.0848028;0;-2.44499;-23.7972;10.1799;-9.28023
-0.391942;0.079884;0;-2.45286;-23.875;10.2127;-9.31008
-0.392915;0.0749525;0;-2.46073;-23.9527;10.2454;-9.33991
-0.393826;0.0700092;0;-2.46858;-24.0303;10.2781;-9.36971
-0.394674;0.0650549;0;-2.47637;-24.1073;10.3105;-9.39924
-0.395461;0.0600902;0;-2.47945;-24.1378;10.3233;-9.41096
-0.396185;0.0551161;0;-2.48206;-24.1635;10.3342;-9.42082
-0.396846;0.0501333;0;-2.48466;-24.1893;10.345;-9.43069
-0.397445;0.0451426;0;-2.48726;-24.215;10.3558;-9.44056
-0.39798;0.0401447;0;-2.48986;-24.2407;10.3666;-9.45042
-0.398453;0.0351405;0;-2.49239;-24.2658;10.3772;-9.46004
-0.398864;0.0301307;0;-2.49485;-24.2902;10.3874;-9.46937
-0.399211;0.0251162;0;-2.49729;-24.3143;10.3975;-9.47862
-0.399495;0.0200977;0;-2.49973;-24.3384;10.4077;-9.48786
-0.399716;0.0150761;0;-2.50216;-24.3625;10.4178;-9.49709
-0.399874;0.010052;0;-2.50459;-24.3865;10.4279;-9.50631
-0.399968;0.00502642;0;-2.50702;-24.4106;10.438;-9.51551
-0.4;4.89859e-17;0;-2.50944;-24.4345;10.4481;-9.52471
-0.399968;-0.00502642;0;-2.50776;-24.4179;10.4411;-9.51833
-0.399874;-0.010052;0;-2.5052;-24.3926;10.4305;-9.50864
-0.399716;-0.0150761;0;-2.50264;-24.3672;10.4198;-9.49894
-0.399495;-0.0200977;0;-2.50008;-24.3419;10.4092;-9.48922
-0.399211;-0.0251162;0;-2.49752;-24.3165;10.3985;-9.47949
-0.398864;-0.0301307;0;-2.49495;-24.291;10.3878;-9.46975
-0.398453;-0.0351405;0;-2.49238;-24.2656;10.3771;-9.46001
-0.39798;-0.0401447;0;-2.48981;-24.2401;10.3664;-9.45026
-0.397445;-0.0451426;0;-2.48723;-24.2147;10.3557;-9.4405
-0.396846;-0.0501333;0;-2.48466;-24.1892;10.345;-9.43074
-0.396185;-0.0551161;0;-2.48209;-24.1637;10.3343;-9.42098
-0.395461;-0.0600902;0;-2.47951;-24.1382;10.3236;-9.41122
-0.394674;-0.0650549;0;-2.47693;-24.1126;10.3129;-9.40142
-0.393826;-0.0700092;0;-2.46933;-24.0376;10.2813;-9.37262
-0.392915;-0.0749525;0;-2.46155;-23.9606;10.2489;-9.34308
-0.391942;-0.079884;0;-2.45375;-23.8836;10.2164;-9.31351
-0.390907;-0.0848028;0;-2.44595;-23.8065;10.184;-9.28392
-0.389811;-0.0897083;0;-2.43814;-23.7293;10.1515;-9.25432
-0.388653;-0.0945996;0;-2.43033;-23.6521;10.119;-9.2247
-0.387433;-0.099476;0;-2.42252;-23.5749;10.0865;-9.19507
-0.386153;-0.104337;0;-2.41471;-23.4977;10.054;-9.16543
-0.384811;-0.109181;0;-2.4069;-23.4205;10.0215;-9.1358
-0.383409;-0.114008;0;-2.39908;-23.3433;9.98899;-9.10617
-0.381946;-0.118817;0;-2.39128;-23.2661;9.9565;-9.07655
-0.380423;-0.123607;0;-2.38347;-23.1889;9.92402;-9.04694
-0.378839;-0.128377;0;-2.37528;-23.108;9.88994;-9.01587
-0.377196;-0.133128;0;-2.36362;-22.993;9.84144;-8.97166
-0.375494;-0.137857;0;-2.35196;-22.8779;9.7929;-8.92741
-0.373732;-0.142565;0;-2.34028;-22.7628;9.74434;-8.88314
-0.371911;-0.14725;0;-2.32746;-22.6364;9.69098;-8.8345
-0.370031;-0.151912;0;-2.31448;-22.5084;9.63696;-8.78525
-0.368093;-0.156549;0;-2.30149;-22.3804;9.58291;-8.73598
-0.366096;-0.161163;0;-2.2885;-22.2523;9.52883;-8.68668
-0.364042;-0.16575;0;-2.2755;-22.1242;9.47475;-8.63737
-0.361931;-0.170312;0;-2.2625;-21.996;9.42066;-8.58806
-0.359762;-0.174846;0;-2.2495;-21.8679;9.36657;-8.53876
-0.357537;-0.179353;0;-2.23651;-21.7398;9.3125;-8.48946
-0.355255;-0.183832;0;-2.22194;-21.5964;9.25188;-8.4342
-0.352916;-0.188282;0;-2.20704;-21.4497;9.18985;-8.37766
-0.350523;-0.192701;0;-2.19146;-21.2965;9.12502;-8.31855
-0.348074;-0.197091;0;-2.17497;-21.1343;9.05638;-8.25598
-0.345569;-0.201449;0;-2.15847;-20.9722;8.98771;-8.19338
-0.343011;-0.205776;0;-2.14196;-20.8099;8.91902;-8.13076
-0.340398;-0.21007;0;-2.12545;-20.6476;8.85032;-8.06813
-0.337731;-0.214331;0;-2.10894;-20.4854;8.78161;-8.0055
-0.335011;-0.218558;0;-2.09243;-20.3231;8.71292;-7.94287
-0.332238;-0.22275;0;-2.07593;-20.1609;8.64424;-7.88027
-0.329413;-0.226908;0;-2.05943;-19.9988;8.5756;-7.81769
-0.326536;-0.231029;0;-2.04241;-19.8315;8.50475;-7.75311
-0.323607;-0.235114;0;-2.02515;-19.6619;8.43292;-7.68762
-0.320627;-0.239162;0;-2.0079;-19.4923;8.36112;-7.62217
-0.317596;-0.243172;0;-1.99061;-19.3225;8.28917;-7.55658
-0.314515;-0.247144;0;-1.97067;-19.1272;8.20618;-7.48092
-0.311385;-0.251077;0;-1.94946;-18.9196;8.11792;-7.40046
-0.308205;-0.25497;0;-1.92824;-18.7118;8.02959;-7.31993
-0.304977;-0.258822;0;-1.90701;-18.5039;7.9412;-7.23936
-0.301701;-0.262634;0;-1.88576;-18.2959;7.85276;-7.15874
-0.298376;-0.266405;0;-1.86451;-18.0878;7.76429;-7.07809
-0.295005;-0.270133;0;-1.84325;-17.8797;7.67581;-6.99742
-0.291587;-0.273819;0;-1.82199;-17.6716;7.58732;-6.91676
-0.288124;-0.277461;0;-1.80074;-17.4635;7.49884;-6.8361
-0.284614;-0.28106;0;-1.77949;-17.2554;7.41039;-6.75546
-0.28106;-0.284614;0;-1.75825;-17.0474;7.32197;-6.67486
-0.277461;-0.288124;0;-1.73605;-16.8308;7.2296;-6.59065
-0.273819;-0.291587;0;-1.71337;-16.6093;7.13517;-6.50456
-0.270133;-0.295005;0;-1.68961;-16.3775;7.03625;-6.41439
-0.266405;-0.298376;0;-1.6653;-16.1405;6.93506;-6.32214
-0.262634;-0.301701;0;-1.64098;-15.9033;6.83382;-6.22985
-0.258822;-0.304977;0;-1.61665;-15.666;6.73254;-6.13752
-0.25497;-0.308205;0;-1.59232;-15.4287;6.63125;-6.04518
-0.251077;-0.311385;0;-1.56799;-15.1914;6.52995;-5.95283
-0.247144;-0.314515;0;-1.54366;-14.9541;6.42866;-5.8605
-0.243172;-0.317596;0;-1.51934;-14.7168;6.32741;-5.7682
-0.239162;-0.320627;0;-1.49503;-14.4797;6.2262;-5.67593
-0.235114;-0.323607;0;-1.47073;-14.2427;6.12505;-5.58372
-0.231029;-0.326536;0;-1.44646;-14.0059;6.02398;-5.49159
-0.226908;-0.329413;0;-1.42158;-13.7636;5.92041;-5.39717
-0.22275;-0.332238;0;-1.39514;-13.5065;5.81033;-5.29682
-0.218558;-0.335011;0;-1.36816;-13.2443;5.69802;-5.19443
-0.214331;-0.337731;0;-1.34093;-12.9797;5.58462;-5.09105
-0.21007;-0.340398;0;-1.31368;-12.7149;5.47116;-4.98762
-0.205776;-0.343011;0;-1.28642;-12.4501;5.35766;-4.88415
-0.201449;-0.345569;0;-1.25916;-12.1851;5.24414;-4.78067
-0.197091;-0.348074;0;-1.23189;-11.9202;5.13062;-4.67718
-0.192701;-0.350523;0;-1.20463;-11.6553;5.01711;-4.5737
-0.188282;-0.352916;0;-1.17738;-11.3905;4.90363;-4.47025
-0.183832;-0.355255;0;-1.15014;-11.1258;4.7902;-4.36684
-0.179353;-0.357537;0;-1.12291;-10.8612;4.67684;-4.2635
-0.174846;-0.359762;0;-1.09571;-10.5969;4.56356;-4.16024
-0.170312;-0.361931;0;-1.0675;-10.3234;4.44612;-4.05317
-0.16575;-0.364042;0;-1.03837;-10.0412;4.3248;-3.94258
-0.161163;-0.366096;0;-1.00894;-9.75611;4.20225;-3.83085
-0.156549;-0.368093;0;-0.979489;-9.47084;4.07961;-3.71905
-0.151912;-0.370031;0;-0.950026;-9.18543;3.95691;-3.6072
-0.14725;-0.371911;0;-0.920553;-8.89993;3.83417;-3.49531
-0.142565;-0.373732;0;-0.891074;-8.61438;3.71141;-3.3834
-0.137857;-0.375494;0;-0.861596;-8.32882;3.58865;-3.27149
-0.133128;-0.377196;0;-0.832121;-8.04331;3.46591;-3.1596
-0.128377;-0.378839;0;-0.802656;-7.75788;3.34321;-3.04773
-0.123607;-0.380423;0;-0.773204;-7.47258;3.22056;-2.93592
-0.118817;-0.381946;0;-0.74377;-7.18746;3.09798;-2.82418
-0.114008;-0.383409;0;-0.714359;-6.90256;2.9755;-2.71253
-0.109181;-0.384811;0;-0.685005;-6.61823;2.85326;-2.60109
-0.104337;-0.386153;0;-0.654253;-6.32095;2.72519;-2.48434
-0.099476;-0.387433;0;-0.623434;-6.02304;2.59684;-2.36733
-0.0945996;-0.388653;0;-0.592599;-5.72496;2.46842;-2.25026
-0.0897083;-0.389811;0;-0.561751;-5.42677;2.33994;-2.13314
-0.0848028;-0.390907;0;-0.530917;-5.12871;2.21153;-2.01608
-0.079884;-0.391942;0;-0.500027;-4.8301;2.08288;-1.8988
-0.0749525;-0.392915;0;-0.469117;-4.5313;1.95415;-1.78144
-0.0700092;-0.393826;0;-0.438211;-4.23254;1.82543;-1.6641
-0.0650549;-0.394674;0;-0.407314;-3.93388;1.69675;-1.54679
-0.0600902;-0.395461;0;-0.376432;-3.63535;1.56813;-1.42954
-0.0551161;-0.396185;0;-0.345568;-3.337;1.4396;-1.31237
-0.0501333;-0.396846;0;-0.314419;-3.03605;1.30986;-1.19409
-0.0451426;-0.397445;0;-0.282987;-2.73249;1.17895;-1.07475
-0.0401447;-0.39798;0;-0.251537;-2.42877;1.04796;-0.955343
-0.0351405;-0.398453;0;-0.220075;-2.12492;0.916923;-0.835886
-0.0301307;-0.398864;0;-0.188656;-1.82149;0.786065;-0.716593
-0.0251162;-0.399211;0;-0.157163;-1.51735;0.654901;-0.597021
-0.0200977;-0.399495;0;-0.125668;-1.21319;0.523728;-0.477441
-0.0150761;-0.399716;0;-0.0941764;-0.909053;0.392567;-0.357872
-0.010052;-0.399874;0;-0.0626924;-0.604996;0.261438;-0.238333
-0.00502642;-0.399968;0;-0.0312212;-0.301063;0.130363;-0.118842
-7.34788e-17;-0.4;0;0.000232125;0.00269765;-0.000637397;0.000581064
0.00502642;-0.399968;0;0.0314385;0.304086;-0.13061;0.119067
0.010052;-0.399874;0;0.0627703;0.606715;-0.261107;0.238031
0.0150761;-0.399716;0;0.0941282;0.909596;-0.391713;0.357093
0.0200977;-0.399495;0;0.125507;1.21268;-0.522406;0.476236
0.0251162;-0.399211;0;0.156902;1.51592;-0.653168;0.595441
0.0301307;-0.398864;0;0.188309;1.81927;-0.783975;0.714688
0.0351405;-0.398453;0;0.219722;2.12268;-0.914809;0.833959
0.0401447;-0.39798;0;0.251136;2.4261;-1.04565;0.953235
0.0451426;-0.397445;0;0.282546;2.72949;-1.17647;1.0725
0.0501333;-0.396846;0;0.313948;3.0328;-1.30726;1.19173
0.0551161;-0.396185;0;0.345187;3.33441;-1.43736;1.31032
0.0600902;-0.395461;0;0.376535;3.63707;-1.56791;1.42934
0.0650549;-0.394674;0;0.407055;3.93208;-1.69502;1.54521
0.0700092;-0.393826;0;0.438061;4.23179;-1.82415;1.66293
0.0749525;-0.392915;0;0.46907;4.53153;-1.95329;1.78066
0.079884;-0.391942;0;0.500077;4.83126;-2.08242;1.89838
0.0848028;-0.390907;0;0.530406;5.12447;-2.20874;2.01353
0.0897083;-0.389811;0;0.560975;5.42005;-2.33605;2.12959
0.0945996;-0.388653;0;0.591552;5.71572;-2.4634;2.24568
0.099476;-0.387433;0;0.622132;6.01141;-2.59076;2.36179
0.104337;-0.386153;0;0.652711;6.30709;-2.71811;2.47789
0.109181;-0.384811;0;0.683283;6.60271;-2.84544;2.59396
0.114008;-0.383409;0;0.713844;6.89822;-2.97272;2.70999
0.118817;-0.381946;0;0.743037;7.1808;-3.09429;2.82082
0.123607;-0.380423;0;0.772565;7.46682;-3.21726;2.93292
0.128377;-0.378839;0;0.80211;7.75298;-3.3403;3.04508
0.133128;-0.377196;0;0.831665;8.03925;-3.46338;3.15729
0.137857;-0.375494;0;0.861226;8.32558;-3.58648;3.26951
0.142565;-0.373732;0;0.890789;8.61192;-3.7096;3.38174
0.14725;-0.371911;0;0.920348;8.89824;-3.83269;3.49396
0.151912;-0.370031;0;0.9499;9.18448;-3.95576;3.60615
0.156549;-0.368093;0;0.979439;9.47059;-4.07877;3.71829
0.161163;-0.366096;0;1.00896;9.75654;-4.20172;3.83037
0.16575;-0.364042;0;1.03846;10.0423;-4.32457;3.94237
0.170312;-0.361931;0;1.06744;10.3231;-4.44525;4.05238
0.174846;-0.359762;0;1.09561;10.5963;-4.56254;4.15931
0.179353;-0.357537;0;1.12293;10.8618;-4.67634;4.26305
0.183832;-0.355255;0;1.15028;11.1274;-4.79021;4.36685
0.188282;-0.352916;0;1.17764;11.3932;-4.90414;4.47071
0.192701;-0.350523;0;1.20501;11.6591;-5.01811;4.57461
0.197091;-0.348074;0;1.23239;11.925;-5.13209;4.67852
0.201449;-0.345569;0;1.25976;12.1909;-5.24609;4.78244
0.205776;-0.343011;0;1.28713;12.4568;-5.36006;4.88634
0.21007;-0.340398;0;1.3145;12.7227;-5.47401;4.99022
0.214331;-0.337731;0;1.34185;12.9884;-5.5879;5.09404
0.218558;-0.335011;0;1.36919;13.2539;-5.70172;5.19781
0.22275;-0.332238;0;1.3965;13.5192;-5.81546;5.30149
0.226908;-0.329413;0;1.42269;13.774;-5.92449;5.40089
0.231029;-0.326536;0;1.44709;14.0119;-6.0261;5.49351
0.235114;-0.323607;0;1.47151;14.25;-6.12778;5.58621
0.239162;-0.320627;0;1.49595;14.4883;-6.22954;5.67897
0.243172;-0.317596;0;1.52041;14.7266;-6.33135;5.77178
0.247144;-0.314515;0;1.54487;14.9651;-6.43319;5.86463
0.251077;-0.311385;0;1.56933;15.2036;-6.53505;5.95749
0.25497;-0.308205;0;1.5938;15.4421;-6.63692;6.05035
0.258822;-0.304977;0;1.61826;15.6806;-6.73877;6.1432
0.262634;-0.301701;0;1.64272;15.9191;-6.84059;6.23603
0.266405;-0.298376;0;1.66717;16.1574;-6.94237;6.32881
0.270133;-0.295005;0;1.6916;16.3956;-7.04409;6.42154
0.273819;-0.291587;0;1.71601;16.6336;-7.14574;6.5142
0.277461;-0.288124;0;1.73997;16.8672;-7.24549;6.60513
0.28106;-0.284614;0;1.7615;17.0777;-7.33512;6.68684
0.284614;-0.28106;0;1.78252;17.2834;-7.42262;6.76661
0.288124;-0.277461;0;1.80355;17.4891;-7.51016;6.84641
0.291587;-0.273819;0;1.82459;17.6949;-7.59773;6.92625
0.295005;-0.270133;0;1.84563;17.9008;-7.68533;7.0061
0.298376;-0.266405;0;1.86667;18.1067;-7.77292;7.08595
0.301701;-0.262634;0;1.88771;18.3126;-7.86051;7.1658
0.304977;-0.258822;0;1.90874;18.5184;-7.94807;7.24563
0.308205;-0.25497;0;1.92977;18.7241;-8.0356;7.32542
0.311385;-0.251077;0;1.95078;18.9297;-8.12307;7.40516
0.314515;-0.247144;0;1.97178;19.1352;-8.21048;7.48485
0.317596;-0.243172;0;1.99207;19.3338;-8.29495;7.56184
0.320627;-0.239162;0;2.00905;19.5005;-8.36563;7.62628
0.323607;-0.235114;0;2.02604;19.6674;-8.43637;7.69077
0.326536;-0.231029;0;2.04305;19.8344;-8.50716;7.7553
0.329413;-0.226908;0;2.06006;20.0014;-8.57798;7.81986
0.332238;-0.22275;0;2.07708;20.1686;-8.64883;7.88445
0.335011;-0.218558;0;2.09411;20.3357;-8.71969;7.94905
0.337731;-0.214331;0;2.11113;20.5029;-8.79056;8.01365
0.340398;-0.21007;0;2.12816;20.67;-8.86142;8.07825
0.343011;-0.205776;0;2.14518;20.8371;-8.93225;8.14282
0.345569;-0.201449;0;2.16219;21.0041;-9.00306;8.20737
0.348074;-0.197091;0;2.17919;21.1711;-9.07383;8.27189
0.350523;-0.192701;0;2.19617;21.3379;-9.14454;8.33635
0.352916;-0.188282;0;2.21315;21.5045;-9.21519;8.40075
0.355255;-0.183832;0;2.22793;21.6499;-9.27672;8.45685
0.357537;-0.179353;0;2.24055;21.7742;-9.32924;8.50472
0.359762;-0.174846;0;2.25317;21.8985;-9.38178;8.55262
0.361931;-0.170312;0;2.26524;22.0175;-9.43202;8.59842
0.364042;-0.16575;0;2.27723;22.1356;-9.4819;8.6439
0.366096;-0.161163;0;2.28922;22.2538;-9.53181;8.68939
0.368093;-0.156549;0;2.30121;22.372;-9.58171;8.73489
0.370031;-0.151912;0;2.31321;22.4902;-9.63162;8.78038
0.371911;-0.14725;0;2.32519;22.6083;-9.68151;8.82587
0.373732;-0.142565;0;2.33718;22.7264;-9.73139;8.87133
0.375494;-0.137857;0;2.34916;22.8445;-9.78124;8.91678
0.377196;-0.133128;0;2.36113;22.9624;-9.83106;8.96219
0.378839;-0.128377;0;2.37304;23.0798;-9.88061;9.00737
0.380423;-0.123607;0;2.38377;23.1855;-9.92526;9.04807
0.381946;-0.118817;0;2.39152;23.2622;-9.95751;9.07747
0.383409;-0.114008;0;2.39927;23.3389;-9.98978;9.10689
0.384811;-0.109181;0;2.40703;23.4156;-10.0221;9.13631
0.386153;-0.104337;0;2.4144;23.4885;-10.0527;9.16424
0.387433;-0.099476;0;2.42104;23.5543;-10.0803;9.18942
0.388653;-0.0945996;0;2.42768;23.6201;-10.1079;9.2146
0.389811;-0.0897083;0;2.43433;23.6859;-10.1356;9.23979
0.390907;-0.0848028;0;2.44097;23.7517;-10.1632;9.26498
0.391942;-0.079884;0;2.44761;23.8175;-10.1908;9.29017
0.392915;-0.0749525;0;2.45426;23.8833;-10.2184;9.31534
0.393826;-0.0700092;0;2.46089;23.9491;-10.2461;9.34051
0.394674;-0.0650549;0;2.46753;24.0148;-10.2736;9.36566
0.395461;-0.0600902;0;2.47416;24.0804;-10.3012;9.3908
0.396185;-0.0551161;0;2.47818;24.1204;-10.3179;9.40603
0.396846;-0.0501333;0;2.48118;24.1504;-10.3304;9.41739
0.397445;-0.0451426;0;2.48418;24.1803;-10.3429;9.42876
0.39798;-0.0401447;0;2.4863;24.2017;-10.3516;9.43677
0.398453;-0.0351405;0;2.48769;24.2158;-10.3574;9.442
0.398864;-0.0301307;0;2.48908;24.2299;-10.3631;9.44723
0.399211;-0.0251162;0;2.49046;24.244;-10.3689;9.45246
0.399495;-0.0200977;0;2.49185;24.2581;-10.3746;9.45769
0.399716;-0.0150761;0;2.49324;24.2723;-10.3803;9.46293
0.399874;-0.010052;0;2.49463;24.2864;-10.3861;9.46816
0.399968;-0.00502642;0;2.49602;24.3005;-10.3918;9.47339
