0.4;0;0;2.48784;24.2262;-10.3975;9.47853
0.399968;0.00502642;0;2.48641;24.2122;-10.3915;9.47309
0.399874;0.010052;0;2.48496;24.1979;-10.3854;9.46754
0.399716;0.0150761;0;2.4835;24.1836;-10.3793;9.46199
0.399495;0.0200977;0;2.48204;24.1692;-10.3732;9.45644
0.399211;0.0251162;0;2.48059;24.1549;-10.3671;9.45089
0.398864;0.0301307;0;2.47913;24.1406;-10.361;9.44534
0.398453;0.0351405;0;2.47768;24.1263;-10.355;9.43979
0.39798;0.0401447;0;2.47622;24.112;-10.3489;9.43425
0.397445;0.0451426;0;2.47355;24.0856;-10.3377;9.42406
0.396846;0.0501333;0;2.47023;24.0529;-10.3238;9.41143
0.396185;0.0551161;0;2.46692;24.0201;-10.31;9.3988
0.395461;0.0600902;0;2.4636;23.9874;-10.2961;9.38617
0.394674;0.0650549;0;2.45766;23.9287;-10.2713;9.36354
0.393826;0.0700092;0;2.45116;23.8645;-10.2442;9.33879
0.392915;0.0749525;0;2.44466;23.8002;-10.217;9.31402
0.391942;0.079884;0;2.43815;23.7359;-10.1898;9.28924
0.390907;0.0848028;0;2.43164;23.6716;-10.1626;9.26445
0.389811;0.0897083;0;2.42513;23.6073;-10.1354;9.23966
0.388653;0.0945996;0;2.41862;23.543;-10.1082;9.21487
0.387433;0.099476;0;2.41211;23.4787;-10.081;9.19008
0.386153;0.104337;0;2.40524;23.4109;-10.0524;9.16394
0.384811;0.109181;0;2.39722;23.3316;-10.0189;9.13341
0.383409;0.114008;0;2.38921;23.2524;-9.98538;9.10287
0.381946;0.118817;0;2.38119;23.1732;-9.95189;9.07235
0.380423;0.123607;0;2.37317;23.094;-9.91841;9.04183
0.378839;0.128377;0;2.36275;22.9911;-9.87486;9.00212
0.377196;0.133128;0;2.35075;22.8729;-9.82477;8.95646
0.375494;0.137857;0;2.33882;22.7551;-9.7749;8.911
0.373732;0.142565;0;2.32688;22.6374;-9.72504;8.86554
0.371911;0.14725;0;2.31493;22.5195;-9.67515;8.82006
0.370031;0.151912;0;2.30298;22.4017;-9.62524;8.77457
0.368093;0.156549;0;2.29103;22.2838;-9.57532;8.72906
0.366096;0.161163;0;2.27908;22.1659;-9.52541;8.68356
0.364042;0.16575;0;2.26714;22.048;-9.4755;8.63806
0.361931;0.170312;0;2.25519;21.9302;-9.4256;8.59257
0.359762;0.174846;0;2.24325;21.8124;-9.37573;8.5471
0.357537;0.179353;0;2.23132;21.6947;-9.32588;8.50167
0.355255;0.183832;0;2.21939;21.5771;-9.27608;8.45626
0.352916;0.188282;0;2.20497;21.4351;-9.21582;8.40133
0.350523;0.192701;0;2.18808;21.2691;-9.14527;8.33702
0.348074;0.197091;0;2.17118;21.1029;-9.07466;8.27265
0.345569;0.201449;0;2.15426;20.9366;-9.004;8.20823
0.343011;0.205776;0;2.13734;20.7702;-8.93329;8.14377
0.340398;0.21007;0;2.1204;20.6038;-8.86256;8.07929
0.337731;0.214331;0;2.10347;20.4373;-8.7918;8.01479
0.335011;0.218558;0;2.08653;20.2707;-8.72104;7.95028
0.332238;0.22275;0;2.06959;20.1042;-8.65028;7.88577
0.329413;0.226908;0;2.05266;19.9377;-8.57953;7.82128
0.326536;0.231029;0;2.03573;19.7713;-8.50881;7.75681
0.323607;0.235114;0;2.01879;19.6047;-8.43804;7.69229
0.320627;0.239162;0;2.00179;19.4377;-8.36706;7.62759
0.317596;0.243172;0;1.98482;19.2708;-8.29614;7.56293
0.314515;0.247144;0;1.9654;19.0804;-8.21503;7.48899
0.311385;0.251077;0;1.94452;18.8759;-8.12775;7.40943
0.308205;0.25497;0;1.92361;18.6711;-8.04041;7.3298
0.304977;0.258822;0;1.90268;18.4662;-7.95297;7.25009
0.301701;0.262634;0;1.88173;18.2609;-7.8654;7.17026
0.298376;0.266405;0;1.86075;18.0555;-7.77775;7.09036
0.295005;0.270133;0;1.83974;17.8498;-7.69;7.01036
0.291587;0.273819;0;1.81874;17.6441;-7.60224;6.93036
0.288124;0.277461;0;1.79774;17.4385;-7.5145;6.85037
0.284614;0.28106;0;1.77675;17.2329;-7.42679;6.77041
0.28106;0.284614;0;1.75577;17.0274;-7.33912;6.69049
0.277461;0.288124;0;1.73446;16.8188;-7.25009;6.60933
0.273819;0.291587;0;1.71017;16.5819;-7.14859;6.5168
0.270133;0.295005;0;1.68586;16.3447;-7.047;6.42419
0.266405;0.298376;0;1.66153;16.1074;-6.94533;6.3315
0.262634;0.301701;0;1.63719;15.87;-6.8436;6.23876
0.258822;0.304977;0;1.61283;15.6324;-6.74182;6.14598
0.25497;0.308205;0;1.58847;15.3948;-6.64002;6.05318
0.251077;0.311385;0;1.5641;15.157;-6.53816;5.96032
0.247144;0.314515;0;1.53972;14.9192;-6.43629;5.86745
0.243172;0.317596;0;1.51532;14.6812;-6.33433;5.77451
0.239162;0.320627;0;1.49093;14.4433;-6.23241;5.68159
0.235114;0.323607;0;1.46656;14.2055;-6.13054;5.58873
0.231029;0.326536;0;1.4422;13.9678;-6.02873;5.49592
0.226908;0.329413;0;1.41785;13.7304;-5.92701;5.40318
0.22275;0.332238;0;1.39201;13.4788;-5.81898;5.30471
0.218558;0.335011;0;1.36478;13.2142;-5.7052;5.20098
0.214331;0.337731;0;1.33754;12.9495;-5.59133;5.09717
0.21007;0.340398;0;1.31028;12.6845;-5.47739;4.9933
0.205776;0.343011;0;1.28301;12.4195;-5.3634;4.88939
0.201449;0.345569;0;1.25573;12.1544;-5.24938;4.78544
0.197091;0.348074;0;1.22844;11.8892;-5.13533;4.68148
0.192701;0.350523;0;1.20116;11.6241;-5.02129;4.57751
0.188282;0.352916;0;1.17388;11.3589;-4.90727;4.47357
0.183832;0.355255;0;1.14661;11.0939;-4.79329;4.36966
0.179353;0.357537;0;1.11935;10.829;-4.67936;4.2658
0.174846;0.359762;0;1.09211;10.5643;-4.56551;4.16201
0.170312;0.361931;0;1.06452;10.2964;-4.45019;4.05688
0.16575;0.364042;0;1.03509;10.0112;-4.32716;3.94472
0.161163;0.366096;0;1.00551;9.72455;-4.20352;3.83202
0.156549;0.368093;0;0.975905;9.43765;-4.07976;3.7192
0.151912;0.370031;0;0.946274;9.1505;-3.9559;3.60628
0.14725;0.371911;0;0.916623;8.86315;-3.83195;3.49329
0.142565;0.373732;0;0.886955;8.57565;-3.70794;3.38023
0.137857;0.375494;0;0.857277;8.28805;-3.58387;3.26713
0.133128;0.377196;0;0.827591;8.00037;-3.45978;3.15401
0.128377;0.378839;0;0.797904;7.71269;-3.33569;3.04088
0.123607;0.380423;0;0.76822;7.42502;-3.2116;2.92776
0.118817;0.381946;0;0.739265;7.1447;-3.09056;2.81741
0.114008;0.383409;0;0.708873;6.85081;-2.9635;2.70159
0.109181;0.384811;0;0.678469;6.55679;-2.83639;2.58571
0.104337;0.386153;0;0.648055;6.26268;-2.70924;2.4698
0.099476;0.387433;0;0.617638;5.96854;-2.58208;2.35388
0.0945996;0.388653;0;0.587223;5.67441;-2.45493;2.23796
0.0897083;0.389811;0;0.556813;5.38034;-2.3278;2.12207
0.0848028;0.390907;0;0.526414;5.08637;-2.20071;2.00621
0.079884;0.391942;0;0.49603;4.79255;-2.07369;1.89042
0.0749525;0.392915;0;0.465667;4.49893;-1.94675;1.7747
0.0700092;0.393826;0;0.435329;4.20555;-1.81992;1.65907
0.0650549;0.394674;0;0.405021;3.91246;-1.69321;1.54357
0.0600902;0.395461;0;0.374747;3.61971;-1.56665;1.42819
0.0551161;0.396185;0;0.344513;3.32734;-1.44025;1.31296
0.0501333;0.396846;0;0.313405;3.02681;-1.31019;1.1944
0.0451426;0.397445;0;0.282133;2.72474;-1.17945;1.07521
0.0401447;0.39798;0;0.250825;2.42233;-1.04856;0.955888
0.0351405;0.398453;0;0.219486;2.11961;-0.917538;0.836446
0.0301307;0.398864;0;0.188122;1.81665;-0.786408;0.716906
0.0251162;0.399211;0;0.156737;1.51349;-0.655192;0.597286
0.0200977;0.399495;0;0.125335;1.21017;-0.523908;0.477606
0.0150761;0.399716;0;0.0939231;0.906742;-0.392579;0.357883
0.010052;0.399874;0;0.0625049;0.60326;-0.261225;0.238138
0.00502642;0.399968;0;0.0310856;0.299767;-0.129866;0.118389
2.44929e-17;0.4;0;-0.000329741;-0.00368867;0.00147643;-0.00134594
-0.00502642;0.399968;0;-0.0317363;-0.307058;0.132782;-0.121047
-0.010052;0.399874;0;-0.0631289;-0.610295;0.264029;-0.240695
-0.0150761;0.399716;0;-0.0945029;-0.913349;0.395199;-0.360271
-0.0200977;0.399495;0;-0.125853;-1.21617;0.526268;-0.479757
-0.0251162;0.399211;0;-0.157175;-1.51872;0.657218;-0.599134
-0.0301307;0.398864;0;-0.188462;-1.82095;0.788028;-0.718382
-0.0351405;0.398453;0;-0.21945;-2.12025;0.917577;-0.836482
-0.0401447;0.39798;0;-0.250305;-2.41836;1.04657;-0.954072
-0.0451426;0.397445;0;-0.281162;-2.71664;1.17557;-1.07168
-0.0501333;0.396846;0;-0.312044;-3.01515;1.30468;-1.18938
-0.0551161;0.396185;0;-0.342947;-3.31386;1.43388;-1.30715
-0.0600902;0.395461;0;-0.373864;-3.61272;1.56313;-1.42499
-0.0650549;0.394674;0;-0.404791;-3.91167;1.69243;-1.54286
-0.0700092;0.393826;0;-0.435724;-4.21067;1.82175;-1.66075
-0.0749525;0.392915;0;-0.466657;-4.50968;1.95108;-1.77864
-0.079884;0.391942;0;-0.497585;-4.80864;2.08038;-1.89652
-0.0848028;0.390907;0;-0.528504;-5.10752;2.20965;-2.01436
-0.0897083;0.389811;0;-0.559409;-5.40625;2.33885;-2.13214
-0.0945996;0.388653;0;-0.590295;-5.7048;2.46797;-2.24986
-0.099476;0.387433;0;-0.621157;-6.00312;2.597;-2.36748
-0.104337;0.386153;0;-0.651593;-6.29739;2.72424;-2.48347
-0.109181;0.384811;0;-0.68127;-6.58465;2.84829;-2.59656
-0.114008;0.383409;0;-0.71071;-6.86986;2.97136;-2.70875
-0.118817;0.381946;0;-0.740173;-7.1553;3.09452;-2.82103
-0.123607;0.380423;0;-0.769653;-7.44091;3.21776;-2.93338
-0.128377;0.378839;0;-0.799148;-7.72665;3.34106;-3.04578
-0.133128;0.377196;0;-0.828651;-8.01248;3.46439;-3.15821
-0.137857;0.375494;0;-0.858158;-8.29835;3.58774;-3.27066
-0.142565;0.373732;0;-0.887665;-8.58421;3.71109;-3.3831
-0.14725;0.371911;0;-0.917166;-8.87002;3.83441;-3.49553
-0.151912;0.370031;0;-0.946534;-9.15453;3.95718;-3.60744
-0.156549;0.368093;0;-0.975913;-9.43913;4.07999;-3.7194
-0.161163;0.366096;0;-1.00528;-9.72358;4.20274;-3.8313
-0.16575;0.364042;0;-1.03462;-10.0078;4.3254;-3.94312
-0.170312;0.361931;0;-1.06394;-10.2918;4.44796;-4.05485
-0.174846;0.359762;0;-1.09213;-10.5653;4.56581;-4.16228
-0.179353;0.357537;0;-1.1192;-10.8284;4.67898;-4.26545
-0.183832;0.355255;0;-1.1463;-11.0917;4.79223;-4.3687
-0.188282;0.352916;0;-1.17341;-11.3552;4.90556;-4.47201
-0.192701;0.350523;0;-1.20054;-11.6187;5.01893;-4.57536
-0.197091;0.348074;0;-1.22767;-11.8824;5.13234;-4.67875
-0.201449;0.345569;0;-1.25481;-12.1461;5.24576;-4.78214
-0.205776;0.343011;0;-1.28194;-12.4098;5.35918;-4.88554
-0.21007;0.340398;0;-1.30907;-12.6734;5.47258;-4.98891
-0.214331;0.337731;0;-1.3362;-12.9369;5.58594;-5.09225
-0.218558;0.335011;0;-1.3633;-13.2003;5.69924;-5.19554
-0.22275;0.332238;0;-1.39005;-13.4604;5.81103;-5.29745
-0.226908;0.329413;0;-1.41641;-13.7169;5.9212;-5.39789
-0.231029;0.326536;0;-1.44042;-13.9511;6.02155;-5.48937
-0.235114;0.323607;0;-1.46476;-14.1886;6.12329;-5.58211
-0.239162;0.320627;0;-1.48912;-14.4262;6.22509;-5.67492
-0.243172;0.317596;0;-1.5135;-14.6639;6.32695;-5.76778
-0.247144;0.314515;0;-1.53788;-14.9017;6.42884;-5.86066
-0.251077;0.311385;0;-1.56227;-15.1395;6.53075;-5.95357
-0.25497;0.308205;0;-1.58665;-15.3774;6.63267;-6.04648
-0.258822;0.304977;0;-1.61104;-15.6152;6.73457;-6.13937
-0.262634;0.301701;0;-1.63541;-15.853;6.83644;-6.23224
-0.266405;0.298376;0;-1.65978;-16.0906;6.93827;-6.32507
-0.270133;0.295005;0;-1.68413;-16.3281;7.04004;-6.41784
-0.273819;0.291587;0;-1.70847;-16.5655;7.14173;-6.51054
-0.277461;0.288124;0;-1.73131;-16.7885;7.2372;-6.59758
-0.28106;0.284614;0;-1.75306;-17.0012;7.3281;-6.68044
-0.284614;0.28106;0;-1.77418;-17.2079;7.41633;-6.76088
-0.288124;0.277461;0;-1.7953;-17.4148;7.5046;-6.84135
-0.291587;0.273819;0;-1.81644;-17.6217;7.59289;-6.92184
-0.295005;0.270133;0;-1.83757;-17.8287;7.6812;-7.00234
-0.298376;0.266405;0;-1.8587;-18.0356;7.7695;-7.08284
-0.301701;0.262634;0;-1.87983;-18.2425;7.85779;-7.16332
-0.304977;0.258822;0;-1.90096;-18.4493;7.94605;-7.24378
-0.308205;0.25497;0;-1.92207;-18.6561;8.03426;-7.32419
-0.311385;0.251077;0;-1.94317;-18.8627;8.12241;-7.40456
-0.314515;0.247144;0;-1.96425;-19.0691;8.21049;-7.48485
-0.317596;0.243172;0;-1.98392;-19.262;8.2927;-7.5598
-0.320627;0.239162;0;-2.00095;-19.4294;8.36385;-7.62466
-0.323607;0.235114;0;-2.01799;-19.5969;8.43505;-7.68957
-0.326536;0.231029;0;-2.03505;-19.7645;8.5063;-7.75452
-0.329413;0.226908;0;-2.05211;-19.9322;8.57758;-7.8195
-0.332238;0.22275;0;-2.06918;-20.1;8.64888;-7.8845
-0.335011;0.218558;0;-2.08625;-20.2678;8.72019;-7.9495
-0.337731;0.214331;0;-2.10305;-20.433;8.7904;-8.01351
-0.340398;0.21007;0;-2.11986;-20.5982;8.86063;-8.07754
-0.343011;0.205776;0;-2.13667;-20.7634;8.93086;-8.14155
-0.345569;0.201449;0;-2.15348;-20.9286;9.00106;-8.20555
-0.348074;0.197091;0;-2.17027;-21.0936;9.07122;-8.26951
-0.350523;0.192701;0;-2.18705;-21.2586;9.14134;-8.33343
-0.352916;0.188282;0;-2.20382;-21.4234;9.21139;-8.3973
-0.355255;0.183832;0;-2.21896;-21.5723;9.27464;-8.45495
-0.357537;0.179353;0;-2.23147;-21.6956;9.32689;-8.50258
-0.359762;0.174846;0;-2.24403;-21.8195;9.37934;-8.5504
-0.361931;0.170312;0;-2.25659;-21.9433;9.43181;-8.59823
-0.364042;0.16575;0;-2.26915;-22.0672;9.48428;-8.64607
-0.366096;0.161163;0;-2.28171;-22.1911;9.53676;-8.6939
-0.368093;0.156549;0;-2.29427;-22.315;9.58922;-8.74173
-0.370031;0.151912;0;-2.30683;-22.4388;9.64166;-8.78953
-0.371911;0.14725;0;-2.31938;-22.5625;9.69408;-8.83732
-0.373732;0.142565;0;-2.33192;-22.6862;9.74646;-8.88507
-0.375494;0.137857;0;-2.34445;-22.8098;9.7988;-8.93278
-0.377196;0.133128;0;-2.3566;-22.9297;9.84958;-8.97907
-0.378839;0.128377;0;-2.36508;-23.0134;9.88497;-9.01134
-0.380423;0.123607;0;-2.37291;-23.0909;9.9177;-9.04118
-0.381946;0.118817;0;-2.38076;-23.1684;9.95046;-9.07104
-0.383409;0.114008;0;-2.3886;-23.2459;9.98323;-9.10092
-0.384811;0.109181;0;-2.39645;-23.3235;10.016;-9.1308
-0.386153;0.104337;0;-2.4043;-23.4011;10.0488;-9.1607
-0.387433;0.099476;0;-2.41215;-23.4788;10.0816;-9.19059
-0.388653;0.0945996;0;-2.42;-23.5563;10.1144;-9.22048
-0.389811;0.0897083;0;-2.42785;-23.6339;10.1472;-9.25036
-0.390907;0.0848028;0;-2.4357;-23.7115;10.1799;-9.28023
-0.391942;0.079884;0;-2.44353;-23.789;10.2127;-9.31008
-0.392915;0.0749525;0;-2.45137;-23.8664;10.2454;-9.33991
-0.393826;0.0700092;0;-2.4592;-23.9438;10.2781;-9.36971
-0.394674;0.0650549;0;-2.46695;-24.0204;10.3105;-9.39924
-0.395461;0.0600902;0;-2.47003;-24.0509;10.3233;-9.41096
-0.396185;0.0551161;0;-2.47262;-24.0765;10.3342;-9.42082
-0.396846;0.0501333;0;-2.47521;-24.1022;10.345;-9.43069
-0.397445;0.0451426;0;-2.4778;-24.1278;10.3558;-9.44056
-0.39798;0.0401447;0;-2.48039;-24.1535;10.3666;-9.45042
-0.398453;0.0351405;0;-2.48292;-24.1785;10.3772;-9.46004
-0.398864;0.0301307;0;-2.48537;-24.2027;10.3874;-9.46937
-0.399211;0.0251162;0;-2.4878;-24.2268;10.3975;-9.47862
-0.399495;0.0200977;0;-2.49023;-24.2508;10.4077;-9.48786
-0.399716;0.0150761;0;-2.49265;-24.2748;10.4178;-9.49709
-0.399874;0.010052;0;-2.49507;-24.2987;10.4279;-9.50631
-0.399968;0.00502642;0;-2.49749;-24.3227;10.438;-9.51551
-0.4;4.89859e-17;0;-2.4999;-24.3466;10.4481;-9.52471
-0.399968;-0.00502642;0;-2.49823;-24.33;10.4411;-9.51833
-0.399874;-0.010052;0;-2.49568;-24.3048;10.4305;-9.50864
-0.399716;-0.0150761;0;-2.49313;-24.2796;10.4198;-9.49894
-0.399495;-0.0200977;0;-2.49058;-24.2543;10.4092;-9.48922
-0.399211;-0.0251162;0;-2.48803;-24.229;10.3985;-9.47949
-0.398864;-0.0301307;0;-2.48547;-24.2037;10.3878;-9.46975
-0.398453;-0.0351405;0;-2.48291;-24.1783;10.3771;-9.46001
-0.39798;-0.0401447;0;-2.48035;-24.153;10.3664;-9.45026
-0.397445;-0.0451426;0;-2.47778;-24.1276;10.3557;-9.4405
-0.396846;-0.0501333;0;-2.47522;-24.1022;10.345;-9.43074
-0.396185;-0.0551161;0;-2.47266;-24.0768;10.3343;-9.42098
-0.395461;-0.0600902;0;-2.47009;-24.0515;10.3236;-9.41122
-0.394674;-0.0650549;0;-2.46752;-24.026;10.3129;-9.40142
-0.393826;-0.0700092;0;-2.45995;-23.9512;10.2813;-9.37262
-0.392915;-0.0749525;0;-2.4522;-23.8745;10.2489;-9.34308
-0.391942;-0.079884;0;-2.44443;-23.7977;10.2164;-9.31351
-0.390907;-0.0848028;0;-2.43666;-23.7209;10.184;-9.28392
-0.389811;-0.0897083;0;-2.42888;-23.644;10.1515;-9.25432
-0.388653;-0.0945996;0;-2.4211;-23.5671;10.119;-9.2247
-0.387433;-0.099476;0;-2.41332;-23.4901;10.0865;-9.19507
-0.386153;-0.104337;0;-2.40554;-23.4132;10.054;-9.16543
-0.384811;-0.109181;0;-2.39775;-23.3362;10.0215;-9.1358
-0.383409;-0.114008;0;-2.38997;-23.2593;9.98899;-9.10617
-0.381946;-0.118817;0;-2.38219;-23.1824;9.9565;-9.07655
-0.380423;-0.123607;0;-2.37442;-23.1055;9.92402;-9.04694
-0.378839;-0.128377;0;-2.36626;-23.0248;9.88994;-9.01587
-0.377196;-0.133128;0;-2.35464;-22.9103;9.84144;-8.97166
-0.375494;-0.137857;0;-2.34302;-22.7957;9.7929;-8.92741
-0.373732;-0.142565;0;-2.3314;-22.681;9.74434;-8.88314
-0.371911;-0.14725;0;-2.31862;-22.555;9.69098;-8.8345
-0.370031;-0.151912;0;-2.30569;-22.4274;9.63696;-8.78525
-0.368093;-0.156549;0;-2.29275;-22.2998;9.58291;-8.73598
-0.366096;-0.161163;0;-2.2798;-22.1721;9.52883;-8.68668
-0.364042;-0.16575;0;-2.26686;-22.0443;9.47475;-8.63737
-0.361931;-0.170312;0;-2.25391;-21.9166;9.42066;-8.58806
-0.359762;-0.174846;0;-2.24096;-21.7889;9.36657;-8.53876
-0.357537;-0.179353;0;-2.22801;-21.6612;9.3125;-8.48946
-0.355255;-0.183832;0;-2.2135;-21.5184;9.25188;-8.4342
-0.352916;-0.188282;0;-2.19865;-21.3723;9.18985;-8.37766
-0.350523;-0.192701;0;-2.18313;-21.2198;9.12502;-8.31855
-0.348074;-0.197091;0;-2.1667;-21.0583;9.05638;-8.25598
-0.345569;-0.201449;0;-2.15026;-20.8967;8.98771;-8.19338
-0.343011;-0.205776;0;-2.13382;-20.7351;8.91902;-8.13076
-0.340398;-0.21007;0;-2.11738;-20.5735;8.85032;-8.06813
-0.337731;-0.214331;0;-2.10093;-20.4119;8.78161;-8.0055
-0.335011;-0.218558;0;-2.08449;-20.2502;8.71292;-7.94287
-0.332238;-0.22275;0;-2.06805;-20.0887;8.64424;-7.88027
-0.329413;-0.226908;0;-2.05162;-19.9272;8.5756;-7.81769
-0.326536;-0.231029;0;-2.03466;-19.7604;8.50475;-7.75311
-0.323607;-0.235114;0;-2.01746;-19.5914;8.43292;-7.68762
-0.320627;-0.239162;0;-2.00028;-19.4224;8.36112;-7.62217
-0.317596;-0.243172;0;-1.98306;-19.2532;8.28917;-7.55658
-0.314515;-0.247144;0;-1.96319;-19.0585;8.20618;-7.48092
-0.311385;-0.251077;0;-1.94207;-18.8516;8.11792;-7.40046
-0.308205;-0.25497;0;-1.92093;-18.6446;8.02959;-7.31993
-0.304977;-0.258822;0;-1.89978;-18.4374;7.9412;-7.23936
-0.301701;-0.262634;0;-1.87861;-18.2301;7.85276;-7.15874
-0.298376;-0.266405;0;-1.85744;-18.0228;7.76429;-7.07809
-0.295005;-0.270133;0;-1.83626;-17.8154;7.67581;-6.99742
-0.291587;-0.273819;0;-1.81508;-17.608;7.58732;-6.91676
-0.288124;-0.277461;0;-1.79391;-17.4007;7.49884;-6.8361
-0.284614;-0.28106;0;-1.77274;-17.1933;7.41039;-6.75546
-0.28106;-0.284614;0;-1.75157;-16.9861;7.32197;-6.67486
-0.277461;-0.288124;0;-1.72947;-16.7702;7.2296;-6.59065
-0.273819;-0.291587;0;-1.70688;-16.5495;7.13517;-6.50456
-0.270133;-0.295005;0;-1.6832;-16.3186;7.03625;-6.41439
-0.266405;-0.298376;0;-1.65899;-16.0824;6.93506;-6.32214
-0.262634;-0.301701;0;-1.63476;-15.8461;6.83382;-6.22985
-0.258822;-0.304977;0;-1.61053;-15.6097;6.73254;-6.13752
-0.25497;-0.308205;0;-1.58629;-15.3733;6.63125;-6.04518
-0.251077;-0.311385;0;-1.56205;-15.1369;6.52995;-5.95283
-0.247144;-0.314515;0;-1.53781;-14.9005;6.42866;-5.8605
-0.243172;-0.317596;0;-1.51358;-14.6642;6.32741;-5.7682
-0.239162;-0.320627;0;-1.48937;-14.4279;6.2262;-5.67593
-0.235114;-0.323607;0;-1.46516;-14.1918;6.12505;-5.58372
-0.231029;-0.326536;0;-1.44098;-13.9559;6.02398;-5.49159
-0.226908;-0.329413;0;-1.41619;-13.7145;5.92041;-5.39717
-0.22275;-0.332238;0;-1.38986;-13.4581;5.81033;-5.29682
-0.218558;-0.335011;0;-1.36299;-13.1969;5.69802;-5.19443
-0.214331;-0.337731;0;-1.33586;-12.9333;5.58462;-5.09105
-0.21007;-0.340398;0;-1.30871;-12.6695;5.47116;-4.98762
-0.205776;-0.343011;0;-1.28156;-12.4056;5.35766;-4.88415
-0.201449;-0.345569;0;-1.2544;-12.1417;5.24414;-4.78067
-0.197091;-0.348074;0;-1.22723;-11.8777;5.13062;-4.67718
-0.192701;-0.350523;0;-1.20008;-11.6138;5.01711;-4.5737
-0.188282;-0.352916;0;-1.17293;-11.35;4.90363;-4.47025
-0.183832;-0.355255;0;-1.14579;-11.0862;4.7902;-4.36684
-0.179353;-0.357537;0;-1.11867;-10.8227;4.67684;-4.2635
-0.174846;-0.359762;0;-1.09157;-10.5593;4.56356;-4.16024
-0.170312;-0.361931;0;-1.06347;-10.2867;4.44612;-4.05317
-0.16575;-0.364042;0;-1.03445;-10.0055;4.3248;-3.94258
-0.161163;-0.366096;0;-1.00513;-9.72149;4.20225;-3.83085
-0.156549;-0.368093;0;-0.975795;-9.43727;4.07961;-3.71905
-0.151912;-0.370031;0;-0.946444;-9.15291;3.95691;-3.6072
-0.14725;-0.371911;0;-0.917083;-8.86845;3.83417;-3.49531
-0.142565;-0.373732;0;-0.887716;-8.58395;3.71141;-3.3834
-0.137857;-0.375494;0;-0.85835;-8.29944;3.58865;-3.27149
-0.133128;-0.377196;0;-0.828987;-8.01497;3.46591;-3.1596
-0.128377;-0.378839;0;-0.799634;-7.73059;3.34321;-3.04773
-0.123607;-0.380423;0;-0.770293;-7.44634;3.22056;-2.93592
-0.118817;-0.381946;0;-0.740971;-7.16226;3.09798;-2.82418
-0.114008;-0.383409;0;-0.711672;-6.8784;2.9755;-2.71253
-0.109181;-0.384811;0;-0.68243;-6.59511;2.85326;-2.60109
-0.104337;-0.386153;0;-0.651797;-6.29889;2.72519;-2.48434
-0.099476;-0.387433;0;-0.621095;-6.00205;2.59684;-2.36733
-0.0945996;-0.388653;0;-0.590377;-5.70505;2.46842;-2.25026
-0.0897083;-0.389811;0;-0.559647;-5.40794;2.33994;-2.13314
-0.0848028;-0.390907;0;-0.52893;-5.11096;2.21153;-2.01608
-0.079884;-0.391942;0;-0.498158;-4.81344;2.08288;-1.8988
-0.0749525;-0.392915;0;-0.467365;-4.51572;1.95415;-1.78144
-0.0700092;-0.393826;0;-0.436576;-4.21804;1.82543;-1.6641
-0.0650549;-0.394674;0;-0.405797;-3.92045;1.69675;-1.54679
-0.0600902;-0.395461;0;-0.375032;-3.62299;1.56813;-1.42954
-0.0551161;-0.396185;0;-0.344286;-3.32572;1.4396;-1.31237
-0.0501333;-0.396846;0;-0.313254;-3.02593;1.30986;-1.19409
-0.0451426;-0.397445;0;-0.281941;-2.72347;1.17895;-1.07475
-0.0401447;-0.39798;0;-0.250612;-2.42083;1.04796;-0.955343
-0.0351405;-0.398453;0;-0.219269;-2.11808;0.916923;-0.835886
-0.0301307;-0.398864;0;-0.18797;-1.81574;0.786065;-0.716593
-0.0251162;-0.399211;0;-0.156597;-1.51269;0.654901;-0.597021
-0.0200977;-0.399495;0;-0.125222;-1.20962;0.523728;-0.477441
-0.0150761;-0.399716;0;-0.0938504;-0.906584;0.392567;-0.357872
-0.010052;-0.399874;0;-0.0624864;-0.60362;0.261438;-0.238333
-0.00502642;-0.399968;0;-0.0311351;-0.30078;0.130363;-0.118842
-7.34788e-17;-0.4;0;0.000198405;0.00188889;-0.000637397;0.000581064
0.00502642;-0.399968;0;0.0312863;0.302184;-0.13061;0.119067
0.010052;-0.399874;0;0.0624999;0.603692;-0.261107;0.238031
0.0150761;-0.399716;0;0.0937396;0.905452;-0.391713;0.357093
0.0200977;-0.399495;0;0.125;1.20741;-0.522406;0.476236
0.0251162;-0.399211;0;0.156277;1.50953;-0.653168;0.595441
0.0301307;-0.398864;0;0.187565;1.81176;-0.783975;0.714688
0.0351405;-0.398453;0;0.218859;2.11405;-0.914809;0.833959
0.0401447;-0.39798;0;0.250155;2.41635;-1.04565;0.953235
0.0451426;-0.397445;0;0.281447;2.71861;-1.17647;1.0725
0.0501333;-0.396846;0;0.31273;3.02079;-1.30726;1.19173
0.0551161;-0.396185;0;0.343845;3.32144;-1.43736;1.31032
0.0600902;-0.395461;0;0.375068;3.62314;-1.56791;1.42934
0.0650549;-0.394674;0;0.405471;3.91714;-1.69502;1.54521
0.0700092;-0.393826;0;0.436358;4.21583;-1.82415;1.66293
0.0749525;-0.392915;0;0.467248;4.51455;-1.95329;1.78066
0.079884;-0.391942;0;0.498136;4.81325;-2.08242;1.89838
0.0848028;-0.390907;0;0.528349;5.10542;-2.20874;2.01353
0.0897083;-0.389811;0;0.558803;5.39988;-2.33605;2.12959
0.0945996;-0.388653;0;0.589264;5.69443;-2.4634;2.24568
0.099476;-0.387433;0;0.619729;5.989;-2.59076;2.36179
0.104337;-0.386153;0;0.650192;6.28357;-2.71811;2.47789
0.109181;-0.384811;0;0.680649;6.57807;-2.84544;2.59396
0.114008;-0.383409;0;0.711095;6.87246;-2.97272;2.70999
0.118817;-0.381946;0;0.740177;7.15404;-3.09429;2.82082
0.123607;-0.380423;0;0.769593;7.43907;-3.21726;2.93292
0.128377;-0.378839;0;0.799025;7.72425;-3.3403;3.04508
0.133128;-0.377196;0;0.828467;8.00954;-3.46338;3.15729
0.137857;-0.375494;0;0.857916;8.29488;-3.58648;3.26951
0.142565;-0.373732;0;0.887366;8.58024;-3.7096;3.38174
0.14725;-0.371911;0;0.916813;8.86557;-3.83269;3.49396
0.151912;-0.370031;0;0.946252;9.15082;-3.95576;3.60615
0.156549;-0.368093;0;0.975679;9.43596;-4.07877;3.71829
0.161163;-0.366096;0;1.00509;9.72092;-4.20172;3.83037
0.16575;-0.364042;0;1.03448;10.0057;-4.32457;3.94237
0.170312;-0.361931;0;1.06335;10.2854;-4.44525;4.05238
0.174846;-0.359762;0;1.09141;10.5576;-4.56254;4.15931
0.179353;-0.357537;0;1.11863;10.8221;-4.67634;4.26305
0.183832;-0.355255;0;1.14588;11.0869;-4.79021;4.36685
0.188282;-0.352916;0;1.17313;11.3517;-4.90414;4.47071
0.192701;-0.350523;0;1.2004;11.6167;-5.01811;4.57461
0.197091;-0.348074;0;1.22767;11.8817;-5.13209;4.67852
0.201449;-0.345569;0;1.25494;12.1467;-5.24609;4.78244
0.205776;-0.343011;0;1.28221;12.4117;-5.36006;4.88634
0.21007;-0.340398;0;1.30947;12.6766;-5.47401;4.99022
0.214331;-0.337731;0;1.33672;12.9414;-5.5879;5.09404
0.218558;-0.335011;0;1.36395;13.2061;-5.70172;5.19781
0.22275;-0.332238;0;1.39116;13.4705;-5.81546;5.30149
0.226908;-0.329413;0;1.41725;13.7242;-5.92449;5.40089
0.231029;-0.326536;0;1.44156;13.9614;-6.0261;5.49351
0.235114;-0.323607;0;1.4659;14.1987;-6.12778;5.58621
0.239162;-0.320627;0;1.49024;14.4362;-6.22954;5.67897
0.243172;-0.317596;0;1.5146;14.6738;-6.33135;5.77178
0.247144;-0.314515;0;1.53897;14.9114;-6.43319;5.86463
0.251077;-0.311385;0;1.56335;15.1492;-6.53505;5.95749
0.25497;-0.308205;0;1.58772;15.3869;-6.63692;6.05035
0.258822;-0.304977;0;1.61209;15.6246;-6.73877;6.1432
0.262634;-0.301701;0;1.63646;15.8622;-6.84059;6.23603
0.266405;-0.298376;0;1.66081;16.0998;-6.94237;6.32881
0.270133;-0.295005;0;1.68515;16.3372;-7.04409;6.42154
0.273819;-0.291587;0;1.70947;16.5744;-7.14574;6.5142
0.277461;-0.288124;0;1.73334;16.8072;-7.24549;6.60513
0.28106;-0.284614;0;1.75479;17.017;-7.33512;6.68684
0.284614;-0.28106;0;1.77573;17.222;-7.42262;6.76661
0.288124;-0.277461;0;1.79668;17.4272;-7.51016;6.84641
0.291587;-0.273819;0;1.81764;17.6324;-7.59773;6.92625
0.295005;-0.270133;0;1.8386;17.8376;-7.68533;7.0061
0.298376;-0.266405;0;1.85957;18.0429;-7.77292;7.08595
0.301701;-0.262634;0;1.88053;18.2481;-7.86051;7.1658
0.304977;-0.258822;0;1.90149;18.4533;-7.94807;7.24563
0.308205;-0.25497;0;1.92243;18.6584;-8.0356;7.32542
0.311385;-0.251077;0;1.94337;18.8633;-8.12307;7.40516
0.314515;-0.247144;0;1.96429;19.0682;-8.21048;7.48485
0.317596;-0.243172;0;1.9845;19.2661;-8.29495;7.56184
0.320627;-0.239162;0;2.00142;19.4324;-8.36563;7.62628
0.323607;-0.235114;0;2.01835;19.5988;-8.43637;7.69077
0.326536;-0.231029;0;2.03529;19.7653;-8.50716;7.7553
0.329413;-0.226908;0;2.05225;19.9319;-8.57798;7.81986
0.332238;-0.22275;0;2.0692;20.0986;-8.64883;7.88445
0.335011;-0.218558;0;2.08617;20.2653;-8.71969;7.94905
0.337731;-0.214331;0;2.10313;20.432;-8.79056;8.01365
0.340398;-0.21007;0;2.12009;20.5986;-8.86142;8.07825
0.343011;-0.205776;0;2.13704;20.7653;-8.93225;8.14282
0.345569;-0.201449;0;2.15399;20.9318;-9.00306;8.20737
0.348074;-0.197091;0;2.17093;21.0983;-9.07383;8.27189
0.350523;-0.192701;0;2.18786;21.2646;-9.14454;8.33635
0.352916;-0.188282;0;2.20477;21.4308;-9.21519;8.40075
0.355255;-0.183832;0;2.2195;21.5757;-9.27672;8.45685
0.357537;-0.179353;0;2.23207;21.6997;-9.32924;8.50472
0.359762;-0.174846;0;2.24465;21.8237;-9.38178;8.55262
0.361931;-0.170312;0;2.25667;21.9423;-9.43202;8.59842
0.364042;-0.16575;0;2.26862;22.0601;-9.4819;8.6439
0.366096;-0.161163;0;2.28056;22.1779;-9.53181;8.68939
0.368093;-0.156549;0;2.29251;22.2957;-9.58171;8.73489
0.370031;-0.151912;0;2.30446;22.4135;-9.63162;8.78038
0.371911;-0.14725;0;2.3164;22.5313;-9.68151;8.82587
0.373732;-0.142565;0;2.32834;22.649;-9.73139;8.87133
0.375494;-0.137857;0;2.34028;22.7667;-9.78124;8.91678
0.377196;-0.133128;0;2.3522;22.8843;-9.83106;8.96219
0.378839;-0.128377;0;2.36407;23.0013;-9.88061;9.00737
0.380423;-0.123607;0;2.37475;23.1068;-9.92526;9.04807
0.381946;-0.118817;0;2.38248;23.1832;-9.95751;9.07747
0.383409;-0.114008;0;2.3902;23.2596;-9.98978;9.10689
0.384811;-0.109181;0;2.39793;23.3361;-10.0221;9.13631
0.386153;-0.104337;0;2.40527;23.4086;-10.0527;9.16424
0.387433;-0.099476;0;2.41188;23.474;-10.0803;9.18942
0.388653;-0.0945996;0;2.41849;23.5395;-10.1079;9.2146
0.389811;-0.0897083;0;2.42511;23.6049;-10.1356;9.23979
0.390907;-0.0848028;0;2.43173;23.6703;-10.1632;9.26498
0.391942;-0.079884;0;2.43834;23.7358;-10.1908;9.29017
0.392915;-0.0749525;0;2.44496;23.8012;-10.2184;9.31534
0.393826;-0.0700092;0;2.45157;23.8665;-10.2461;9.34051
0.394674;-0.0650549;0;2.45817;23.9319;-10.2736;9.36566
0.395461;-0.0600902;0;2.46477;23.9971;-10.3012;9.3908
0.396185;-0.0551161;0;2.46878;24.0368;-10.3179;9.40603
0.396846;-0.0501333;0;2.47176;24.0664;-10.3304;9.41739
0.397445;-0.0451426;0;2.47475;24.0961;-10.3429;9.42876
0.39798;-0.0401447;0;2.47686;24.117;-10.3516;9.43677
0.398453;-0.0351405;0;2.47823;24.1306;-10.3574;9.442
0.398864;-0.0301307;0;2.47961;24.1443;-10.3631;9.44723
0.399211;-0.0251162;0;2.48098;24.158;-10.3689;9.45246
0.399495;-0.0200977;0;2.48236;24.1717;-10.3746;9.45769
0.399716;-0.0150761;0;2.48374;24.1854;-10.3803;9.46293
0.399874;-0.010052;0;2.48511;24.1991;-10.3861;9.46816
0.399968;-0.00502642;0;2.48649;24.2128;-10.3918;9.47339
