0.4;0;0;2.54721;24.8383;-10.3975;9.47853
0.399968;0.00502642;0;2.54575;24.8239;-10.3915;9.47309
0.399874;0.010052;0;2.54426;24.8092;-10.3854;9.46754
0.399716;0.0150761;0;2.54277;24.7945;-10.3793;9.46199
0.399495;0.0200977;0;2.54127;24.7798;-10.3732;9.45644
0.399211;0.0251162;0;2.53978;24.7651;-10.3671;9.45089
0.398864;0.0301307;0;2.53829;24.7504;-10.361;9.44534
0.398453;0.0351405;0;2.5368;24.7357;-10.355;9.43979
0.39798;0.0401447;0;2.53531;24.721;-10.3489;9.43425
0.397445;0.0451426;0;2.53257;24.6937;-10.3377;9.42406
0.396846;0.0501333;0;2.52917;24.6599;-10.3238;9.41143
0.396185;0.0551161;0;2.52577;24.6261;-10.31;9.3988
0.395461;0.0600902;0;2.52237;24.5923;-10.2961;9.38617
0.394674;0.0650549;0;2.51629;24.5321;-10.2713;9.36354
0.393826;0.0700092;0;2.50963;24.4663;-10.2442;9.33879
0.392915;0.0749525;0;2.50297;24.4004;-10.217;9.31402
0.391942;0.079884;0;2.49631;24.3346;-10.1898;9.28924
0.390907;0.0848028;0;2.48965;24.2687;-10.1626;9.26445
0.389811;0.0897083;0;2.48298;24.2028;-10.1354;9.23966
0.388653;0.0945996;0;2.47632;24.1369;-10.1082;9.21487
0.387433;0.099476;0;2.46966;24.071;-10.081;9.19008
0.386153;0.104337;0;2.46263;24.0016;-10.0524;9.16394
0.384811;0.109181;0;2.45441;23.9203;-10.0189;9.13341
0.383409;0.114008;0;2.4462;23.8389;-9.98538;9.10287
0.381946;0.118817;0;2.43799;23.7576;-9.95189;9.07235
0.380423;0.123607;0;2.42978;23.6763;-9.91841;9.04183
0.378839;0.128377;0;2.41911;23.5709;-9.87486;9.00212
0.377196;0.133128;0;2.40683;23.4499;-9.82477;8.95646
0.375494;0.137857;0;2.3946;23.3292;-9.7749;8.911
0.373732;0.142565;0;2.38238;23.2084;-9.72504;8.86554
0.371911;0.14725;0;2.37015;23.0877;-9.67515;8.82006
0.370031;0.151912;0;2.35792;22.9668;-9.62524;8.77457
0.368093;0.156549;0;2.34568;22.846;-9.57532;8.72906
0.366096;0.161163;0;2.33345;22.7251;-9.52541;8.68356
0.364042;0.16575;0;2.32121;22.6043;-9.4755;8.63806
0.361931;0.170312;0;2.30898;22.4834;-9.4256;8.59257
0.359762;0.174846;0;2.29676;22.3627;-9.37573;8.5471
0.357537;0.179353;0;2.28454;22.242;-9.32588;8.50167
0.355255;0.183832;0;2.27233;22.1214;-9.27608;8.45626
0.352916;0.188282;0;2.25756;21.9759;-9.21582;8.40133
0.350523;0.192701;0;2.24027;21.8057;-9.14527;8.33702
0.348074;0.197091;0;2.22297;21.6354;-9.07466;8.27265
0.345569;0.201449;0;2.20565;21.4649;-9.004;8.20823
0.343011;0.205776;0;2.18832;21.2943;-8.93329;8.14377
0.340398;0.21007;0;2.17098;21.1237;-8.86256;8.07929
0.337731;0.214331;0;2.15364;20.953;-8.7918;8.01479
0.335011;0.218558;0;2.1363;20.7823;-8.72104;7.95028
0.332238;0.22275;0;2.11896;20.6116;-8.65028;7.88577
0.329413;0.226908;0;2.10162;20.4409;-8.57953;7.82128
0.326536;0.231029;0;2.08428;20.2703;-8.50881;7.75681
0.323607;0.235114;0;2.06694;20.0995;-8.43804;7.69229
0.320627;0.239162;0;2.04954;19.9283;-8.36706;7.62759
0.317596;0.243172;0;2.03216;19.7572;-8.29614;7.56293
0.314515;0.247144;0;2.01228;19.562;-8.21503;7.48899
0.311385;0.251077;0;1.9909;19.3523;-8.12775;7.40943
0.308205;0.25497;0;1.96949;19.1424;-8.04041;7.3298
0.304977;0.258822;0;1.94807;18.9323;-7.95297;7.25009
0.301701;0.262634;0;1.92661;18.7219;-7.8654;7.17026
0.298376;0.266405;0;1.90513;18.5113;-7.77775;7.09036
0.295005;0.270133;0;1.88362;18.3005;-7.69;7.01036
0.291587;0.273819;0;1.86212;18.0896;-7.60224;6.93036
0.288124;0.277461;0;1.84062;17.8788;-7.5145;6.85037
0.284614;0.28106;0;1.81913;17.668;-7.42679;6.77041
0.28106;0.284614;0;1.79764;17.4573;-7.33912;6.69049
0.277461;0.288124;0;1.77583;17.2435;-7.25009;6.60933
0.273819;0.291587;0;1.75096;17.0006;-7.14859;6.5168
0.270133;0.295005;0;1.72607;16.7575;-7.047;6.42419
0.266405;0.298376;0;1.70116;16.5142;-6.94533;6.3315
0.262634;0.301701;0;1.67623;16.2708;-6.8436;6.23876
0.258822;0.304977;0;1.6513;16.0272;-6.74182;6.14598
0.25497;0.308205;0;1.62636;15.7836;-6.64002;6.05318
0.251077;0.311385;0;1.6014;15.5398;-6.53816;5.96032
0.247144;0.314515;0;1.57644;15.296;-6.43629;5.86745
0.243172;0.317596;0;1.55146;15.052;-6.33433;5.77451
0.239162;0.320627;0;1.52649;14.8081;-6.23241;5.68159
0.235114;0.323607;0;1.50153;14.5643;-6.13054;5.58873
0.231029;0.326536;0;1.47659;14.3207;-6.02873;5.49592
0.226908;0.329413;0;1.45166;14.0772;-5.92701;5.40318
0.22275;0.332238;0;1.4252;13.8192;-5.81898;5.30471
0.218558;0.335011;0;1.39733;13.548;-5.7052;5.20098
0.214331;0.337731;0;1.36943;13.2766;-5.59133;5.09717
0.21007;0.340398;0;1.34152;13.005;-5.47739;4.9933
0.205776;0.343011;0;1.3136;12.7332;-5.3634;4.88939
0.201449;0.345569;0;1.28566;12.4614;-5.24938;4.78544
0.197091;0.348074;0;1.25773;12.1896;-5.13533;4.68148
0.192701;0.350523;0;1.22979;11.9177;-5.02129;4.57751
0.188282;0.352916;0;1.20186;11.6459;-4.90727;4.47357
0.183832;0.355255;0;1.17394;11.3742;-4.79329;4.36966
0.179353;0.357537;0;1.14603;11.1027;-4.67936;4.2658
0.174846;0.359762;0;1.11814;10.8313;-4.56551;4.16201
0.170312;0.361931;0;1.08989;10.5565;-4.45019;4.05688
0.16575;0.364042;0;1.05976;10.2641;-4.32716;3.94472
0.161163;0.366096;0;1.02947;9.9702;-4.20352;3.83202
0.156549;0.368093;0;0.99916;9.67603;-4.07976;3.7192
0.151912;0.370031;0;0.96882;9.38161;-3.9559;3.60628
0.14725;0.371911;0;0.93846;9.08698;-3.83195;3.49329
0.142565;0.373732;0;0.908083;8.7922;-3.70794;3.38023
0.137857;0.375494;0;0.877695;8.4973;-3.58387;3.26713
0.133128;0.377196;0;0.8473;8.20234;-3.45978;3.15401
0.128377;0.378839;0;0.816904;7.90737;-3.33569;3.04088
0.123607;0.380423;0;0.78651;7.61242;-3.2116;2.92776
0.118817;0.381946;0;0.756863;7.32502;-3.09056;2.81741
0.114008;0.383409;0;0.725746;7.02372;-2.9635;2.70159
0.109181;0.384811;0;0.694616;6.72229;-2.83639;2.58571
0.104337;0.386153;0;0.663477;6.42078;-2.70924;2.4698
0.099476;0.387433;0;0.632334;6.11923;-2.58208;2.35388
0.0945996;0.388653;0;0.601192;5.81769;-2.45493;2.23796
0.0897083;0.389811;0;0.570057;5.51621;-2.3278;2.12207
0.0848028;0.390907;0;0.538932;5.21484;-2.20071;2.00621
0.079884;0.391942;0;0.507824;4.91362;-2.07369;1.89042
0.0749525;0.392915;0;0.476736;4.6126;-1.94675;1.7747
0.0700092;0.393826;0;0.445674;4.31184;-1.81992;1.65907
0.0650549;0.394674;0;0.414642;4.01137;-1.69321;1.54357
0.0600902;0.395461;0;0.383646;3.71124;-1.56665;1.42819
0.0551161;0.396185;0;0.352691;3.4115;-1.44025;1.31296
0.0501333;0.396846;0;0.320839;3.10343;-1.31019;1.1944
0.0451426;0.397445;0;0.28882;2.79371;-1.17945;1.07521
0.0401447;0.39798;0;0.256765;2.48365;-1.04856;0.955888
0.0351405;0.398453;0;0.224677;2.17327;-0.917538;0.836446
0.0301307;0.398864;0;0.192564;1.86264;-0.786408;0.716906
0.0251162;0.399211;0;0.160429;1.55181;-0.655192;0.597286
0.0200977;0.399495;0;0.128278;1.24081;-0.523908;0.477606
0.0150761;0.399716;0;0.0961152;0.92971;-0.392579;0.357883
0.010052;0.399874;0;0.0639466;0.618547;-0.261225;0.238138
0.00502642;0.399968;0;0.0317768;0.307374;-0.129866;0.118389
2.44929e-17;0.4;0;-0.000388905;-0.00376085;0.00147643;-0.00134594
-0.00502642;0.399968;0;-0.0325456;-0.314808;0.132782;-0.121047
-0.010052;0.399874;0;-0.0646881;-0.625718;0.264029;-0.240695
-0.0150761;0.399716;0;-0.0968114;-0.936442;0.395199;-0.360271
-0.0200977;0.399495;0;-0.12891;-1.24693;0.526268;-0.479757
-0.0251162;0.399211;0;-0.16098;-1.55714;0.657218;-0.599134
-0.0301307;0.398864;0;-0.193015;-1.86701;0.788028;-0.718382
-0.0351405;0.398453;0;-0.224742;-2.17373;0.917577;-0.836482
-0.0401447;0.39798;0;-0.256333;-2.47919;1.04657;-0.954072
-0.0451426;0.397445;0;-0.287927;-2.78503;1.17557;-1.07168
-0.0501333;0.396846;0;-0.319547;-3.09112;1.30468;-1.18938
-0.0551161;0.396185;0;-0.351188;-3.39741;1.43388;-1.30715
-0.0600902;0.395461;0;-0.382843;-3.70384;1.56313;-1.42499
-0.0650549;0.394674;0;-0.414509;-4.01038;1.69243;-1.54286
-0.0700092;0.393826;0;-0.446181;-4.31697;1.82175;-1.66075
-0.0749525;0.392915;0;-0.477853;-4.62356;1.95108;-1.77864
-0.079884;0.391942;0;-0.50952;-4.93011;2.08038;-1.89652
-0.0848028;0.390907;0;-0.541178;-5.23656;2.20965;-2.01436
-0.0897083;0.389811;0;-0.572821;-5.54287;2.33885;-2.13214
-0.0945996;0.388653;0;-0.604444;-5.84899;2.46797;-2.24986
-0.099476;0.387433;0;-0.636043;-6.15487;2.597;-2.36748
-0.104337;0.386153;0;-0.667206;-6.45644;2.72424;-2.48347
-0.109181;0.384811;0;-0.697591;-6.75075;2.84829;-2.59656
-0.114008;0.383409;0;-0.727734;-7.0432;2.97136;-2.70875
-0.118817;0.381946;0;-0.7579;-7.33586;3.09452;-2.82103
-0.123607;0.380423;0;-0.788085;-7.62871;3.21776;-2.93338
-0.128377;0.378839;0;-0.818284;-7.92169;3.34106;-3.04578
-0.133128;0.377196;0;-0.848492;-8.21476;3.46439;-3.15821
-0.137857;0.375494;0;-0.878704;-8.50787;3.58774;-3.27066
-0.142565;0.373732;0;-0.908915;-8.80097;3.71109;-3.3831
-0.14725;0.371911;0;-0.939122;-9.09402;3.83441;-3.49553
-0.151912;0.370031;0;-0.969191;-9.38571;3.95718;-3.60744
-0.156549;0.368093;0;-0.999272;-9.6775;4.07999;-3.7194
-0.161163;0.366096;0;-1.02934;-9.96914;4.20274;-3.8313
-0.16575;0.364042;0;-1.05938;-10.2606;4.3254;-3.94312
-0.170312;0.361931;0;-1.0894;-10.5518;4.44796;-4.05485
-0.174846;0.359762;0;-1.11826;-10.8323;4.56581;-4.16228
-0.179353;0.357537;0;-1.14598;-11.102;4.67898;-4.26545
-0.183832;0.355255;0;-1.17373;-11.3719;4.79223;-4.3687
-0.188282;0.352916;0;-1.20149;-11.642;4.90556;-4.47201
-0.192701;0.350523;0;-1.22926;-11.9122;5.01893;-4.57536
-0.197091;0.348074;0;-1.25704;-12.1824;5.13234;-4.67875
-0.201449;0.345569;0;-1.28482;-12.4528;5.24576;-4.78214
-0.205776;0.343011;0;-1.31261;-12.7231;5.35918;-4.88554
-0.21007;0.340398;0;-1.34039;-12.9933;5.47258;-4.98891
-0.214331;0.337731;0;-1.36815;-13.2635;5.58594;-5.09225
-0.218558;0.335011;0;-1.39591;-13.5335;5.69924;-5.19554
-0.22275;0.332238;0;-1.42329;-13.8002;5.81103;-5.29745
-0.226908;0.329413;0;-1.45028;-14.0636;5.9212;-5.39789
-0.231029;0.326536;0;-1.47487;-14.3037;6.02155;-5.48937
-0.235114;0.323607;0;-1.49979;-14.5471;6.12329;-5.58211
-0.239162;0.320627;0;-1.52474;-14.7907;6.22509;-5.67492
-0.243172;0.317596;0;-1.54969;-15.0344;6.32695;-5.76778
-0.247144;0.314515;0;-1.57465;-15.2782;6.42884;-5.86066
-0.251077;0.311385;0;-1.59962;-15.522;6.53075;-5.95357
-0.25497;0.308205;0;-1.62459;-15.7659;6.63267;-6.04648
-0.258822;0.304977;0;-1.64956;-16.0097;6.73457;-6.13937
-0.262634;0.301701;0;-1.67452;-16.2534;6.83644;-6.23224
-0.266405;0.298376;0;-1.69947;-16.497;6.93827;-6.32507
-0.270133;0.295005;0;-1.7244;-16.7405;7.04004;-6.41784
-0.273819;0.291587;0;-1.74931;-16.9838;7.14173;-6.51054
-0.277461;0.288124;0;-1.7727;-17.2126;7.2372;-6.59758
-0.28106;0.284614;0;-1.79497;-17.4307;7.3281;-6.68044
-0.284614;0.28106;0;-1.81659;-17.6427;7.41633;-6.76088
-0.288124;0.277461;0;-1.83823;-17.8549;7.5046;-6.84135
-0.291587;0.273819;0;-1.85986;-18.067;7.59289;-6.92184
-0.295005;0.270133;0;-1.8815;-18.2792;7.6812;-7.00234
-0.298376;0.266405;0;-1.90314;-18.4914;7.7695;-7.08284
-0.301701;0.262634;0;-1.92477;-18.7036;7.85779;-7.16332
-0.304977;0.258822;0;-1.9464;-18.9157;7.94605;-7.24378
-0.308205;0.25497;0;-1.96802;-19.1276;8.03426;-7.32419
-0.311385;0.251077;0;-1.98962;-19.3395;8.12241;-7.40456
-0.314515;0.247144;0;-2.0112;-19.5511;8.21049;-7.48485
-0.317596;0.243172;0;-2.03135;-19.7491;8.2927;-7.5598
-0.320627;0.239162;0;-2.04879;-19.9208;8.36385;-7.62466
-0.323607;0.235114;0;-2.06624;-20.0926;8.43505;-7.68957
-0.326536;0.231029;0;-2.0837;-20.2645;8.5063;-7.75452
-0.329413;0.226908;0;-2.10117;-20.4365;8.57758;-7.8195
-0.332238;0.22275;0;-2.11865;-20.6085;8.64888;-7.8845
-0.335011;0.218558;0;-2.13612;-20.7806;8.72019;-7.9495
-0.337731;0.214331;0;-2.15333;-20.95;8.7904;-8.01351
-0.340398;0.21007;0;-2.17054;-21.1194;8.86063;-8.07754
-0.343011;0.205776;0;-2.18775;-21.2888;8.93086;-8.14155
-0.345569;0.201449;0;-2.20496;-21.4581;9.00106;-8.20555
-0.348074;0.197091;0;-2.22215;-21.6274;9.07122;-8.26951
-0.350523;0.192701;0;-2.23934;-21.7965;9.14134;-8.33343
-0.352916;0.188282;0;-2.25651;-21.9655;9.21139;-8.3973
-0.355255;0.183832;0;-2.272;-22.1179;9.27464;-8.45495
-0.357537;0.179353;0;-2.28481;-22.2445;9.32689;-8.50258
-0.359762;0.174846;0;-2.29767;-22.3715;9.37934;-8.5504
-0.361931;0.170312;0;-2.31053;-22.4985;9.43181;-8.59823
-0.364042;0.16575;0;-2.32339;-22.6255;9.48428;-8.64607
-0.366096;0.161163;0;-2.33625;-22.7526;9.53676;-8.6939
-0.368093;0.156549;0;-2.34911;-22.8796;9.58922;-8.74173
-0.370031;0.151912;0;-2.36197;-23.0066;9.64166;-8.78953
-0.371911;0.14725;0;-2.37482;-23.1335;9.69408;-8.83732
-0.373732;0.142565;0;-2.38765;-23.2603;9.74646;-8.88507
-0.375494;0.137857;0;-2.40048;-23.387;9.7988;-8.93278
-0.377196;0.133128;0;-2.41293;-23.5099;9.84958;-8.97907
-0.378839;0.128377;0;-2.42161;-23.5957;9.88497;-9.01134
-0.380423;0.123607;0;-2.42963;-23.6751;9.9177;-9.04118
-0.381946;0.118817;0;-2.43766;-23.7546;9.95046;-9.07104
-0.383409;0.114008;0;-2.44569;-23.8342;9.98323;-9.10092
-0.384811;0.109181;0;-2.45373;-23.9138;10.016;-9.1308
-0.386153;0.104337;0;-2.46177;-23.9933;10.0488;-9.1607
-0.387433;0.099476;0;-2.46981;-24.0729;10.0816;-9.19059
-0.388653;0.0945996;0;-2.47785;-24.1525;10.1144;-9.22048
-0.389811;0.0897083;0;-2.48588;-24.2321;10.1472;-9.25036
-0.390907;0.0848028;0;-2.49391;-24.3116;10.1799;-9.28023
-0.391942;0.079884;0;-2.50194;-24.3911;10.2127;-9.31008
-0.392915;0.0749525;0;-2.50996;-24.4705;10.2454;-9.33991
-0.393826;0.0700092;0;-2.51797;-24.5498;10.2781;-9.36971
-0.394674;0.0650549;0;-2.52592;-24.6284;10.3105;-9.39924
-0.395461;0.0600902;0;-2.52907;-24.6596;10.3233;-9.41096
-0.396185;0.0551161;0;-2.53172;-24.6859;10.3342;-9.42082
-0.396846;0.0501333;0;-2.53437;-24.7123;10.345;-9.43069
-0.397445;0.0451426;0;-2.53703;-24.7386;10.3558;-9.44056
-0.39798;0.0401447;0;-2.53968;-24.7649;10.3666;-9.45042
-0.398453;0.0351405;0;-2.54226;-24.7904;10.3772;-9.46004
-0.398864;0.0301307;0;-2.54477;-24.8153;10.3874;-9.46937
-0.399211;0.0251162;0;-2.54726;-24.8399;10.3975;-9.47862
-0.399495;0.0200977;0;-2.54974;-24.8645;10.4077;-9.48786
-0.399716;0.0150761;0;-2.55223;-24.8891;10.4178;-9.49709
-0.399874;0.010052;0;-2.5547;-24.9137;10.4279;-9.50631
-0.399968;0.00502642;0;-2.55718;-24.9382;10.438;-9.51551
-0.4;4.89859e-17;0;-2.55965;-24.9627;10.4481;-9.52471
-0.399968;-0.00502642;0;-2.55794;-24.9457;10.4411;-9.51833
-0.399874;-0.010052;0;-2.55533;-24.9199;10.4305;-9.50864
-0.399716;-0.0150761;0;-2.55272;-24.894;10.4198;-9.49894
-0.399495;-0.0200977;0;-2.55011;-24.8681;10.4092;-9.48922
-0.399211;-0.0251162;0;-2.54749;-24.8422;10.3985;-9.47949
-0.398864;-0.0301307;0;-2.54487;-24.8162;10.3878;-9.46975
-0.398453;-0.0351405;0;-2.54225;-24.7902;10.3771;-9.46001
-0.39798;-0.0401447;0;-2.53963;-24.7643;10.3664;-9.45026
-0.397445;-0.0451426;0;-2.537;-24.7383;10.3557;-9.4405
-0.396846;-0.0501333;0;-2.53438;-24.7122;10.345;-9.43074
-0.396185;-0.0551161;0;-2.53175;-24.6862;10.3343;-9.42098
-0.395461;-0.0600902;0;-2.52913;-24.6602;10.3236;-9.41122
-0.394674;-0.0650549;0;-2.52649;-24.6341;10.3129;-9.40142
-0.393826;-0.0700092;0;-2.51875;-24.5574;10.2813;-9.37262
-0.392915;-0.0749525;0;-2.5108;-24.4787;10.2489;-9.34308
-0.391942;-0.079884;0;-2.50285;-24.4;10.2164;-9.31351
-0.390907;-0.0848028;0;-2.49489;-24.3212;10.184;-9.28392
-0.389811;-0.0897083;0;-2.48693;-24.2423;10.1515;-9.25432
-0.388653;-0.0945996;0;-2.47897;-24.1634;10.119;-9.2247
-0.387433;-0.099476;0;-2.471;-24.0845;10.0865;-9.19507
-0.386153;-0.104337;0;-2.46303;-24.0056;10.054;-9.16543
-0.384811;-0.109181;0;-2.45506;-23.9267;10.0215;-9.1358
-0.383409;-0.114008;0;-2.44709;-23.8478;9.98899;-9.10617
-0.381946;-0.118817;0;-2.43912;-23.7689;9.9565;-9.07655
-0.380423;-0.123607;0;-2.43116;-23.69;9.92402;-9.04694
-0.378839;-0.128377;0;-2.4228;-23.6073;9.88994;-9.01587
-0.377196;-0.133128;0;-2.41092;-23.4899;9.84144;-8.97166
-0.375494;-0.137857;0;-2.39902;-23.3724;9.7929;-8.92741
-0.373732;-0.142565;0;-2.38712;-23.2549;9.74434;-8.88314
-0.371911;-0.14725;0;-2.37404;-23.1257;9.69098;-8.8345
-0.370031;-0.151912;0;-2.36079;-22.9948;9.63696;-8.78525
-0.368093;-0.156549;0;-2.34754;-22.8639;9.58291;-8.73598
-0.366096;-0.161163;0;-2.33429;-22.7329;9.52883;-8.68668
-0.364042;-0.16575;0;-2.32103;-22.6019;9.47475;-8.63737
-0.361931;-0.170312;0;-2.30777;-22.4708;9.42066;-8.58806
-0.359762;-0.174846;0;-2.29451;-22.3398;9.36657;-8.53876
-0.357537;-0.179353;0;-2.28125;-22.2088;9.3125;-8.48946
-0.355255;-0.183832;0;-2.26639;-22.0626;9.25188;-8.4342
-0.352916;-0.188282;0;-2.25119;-21.9131;9.18985;-8.37766
-0.350523;-0.192701;0;-2.2353;-21.7567;9.12502;-8.31855
-0.348074;-0.197091;0;-2.21848;-21.5912;9.05638;-8.25598
-0.345569;-0.201449;0;-2.20165;-21.4256;8.98771;-8.19338
-0.343011;-0.205776;0;-2.18482;-21.2599;8.91902;-8.13076
-0.340398;-0.21007;0;-2.16798;-21.0942;8.85032;-8.06813
-0.337731;-0.214331;0;-2.15114;-20.9285;8.78161;-8.0055
-0.335011;-0.218558;0;-2.1343;-20.7628;8.71292;-7.94287
-0.332238;-0.22275;0;-2.11747;-20.5972;8.64424;-7.88027
-0.329413;-0.226908;0;-2.10065;-20.4316;8.5756;-7.81769
-0.326536;-0.231029;0;-2.08329;-20.2605;8.50475;-7.75311
-0.323607;-0.235114;0;-2.06568;-20.0871;8.43292;-7.68762
-0.320627;-0.239162;0;-2.04808;-19.9137;8.36112;-7.62217
-0.317596;-0.243172;0;-2.03045;-19.7401;8.28917;-7.55658
-0.314515;-0.247144;0;-2.01011;-19.5402;8.20618;-7.48092
-0.311385;-0.251077;0;-1.98848;-19.3281;8.11792;-7.40046
-0.308205;-0.25497;0;-1.96683;-19.1158;8.02959;-7.31993
-0.304977;-0.258822;0;-1.94517;-18.9034;7.9412;-7.23936
-0.301701;-0.262634;0;-1.9235;-18.6908;7.85276;-7.15874
-0.298376;-0.266405;0;-1.90182;-18.4782;7.76429;-7.07809
-0.295005;-0.270133;0;-1.88014;-18.2656;7.67581;-6.99742
-0.291587;-0.273819;0;-1.85845;-18.0529;7.58732;-6.91676
-0.288124;-0.277461;0;-1.83677;-17.8403;7.49884;-6.8361
-0.284614;-0.28106;0;-1.81509;-17.6278;7.41039;-6.75546
-0.28106;-0.284614;0;-1.79343;-17.4153;7.32197;-6.67486
-0.277461;-0.288124;0;-1.7708;-17.1938;7.2296;-6.59065
-0.273819;-0.291587;0;-1.74766;-16.9674;7.13517;-6.50456
-0.270133;-0.295005;0;-1.72343;-16.7307;7.03625;-6.41439
-0.266405;-0.298376;0;-1.69864;-16.4886;6.93506;-6.32214
-0.262634;-0.301701;0;-1.67383;-16.2464;6.83382;-6.22985
-0.258822;-0.304977;0;-1.64902;-16.0041;6.73254;-6.13752
-0.25497;-0.308205;0;-1.6242;-15.7618;6.63125;-6.04518
-0.251077;-0.311385;0;-1.59938;-15.5194;6.52995;-5.95283
-0.247144;-0.314515;0;-1.57457;-15.2771;6.42866;-5.8605
-0.243172;-0.317596;0;-1.54976;-15.0348;6.32741;-5.7682
-0.239162;-0.320627;0;-1.52496;-14.7927;6.2262;-5.67593
-0.235114;-0.323607;0;-1.50018;-14.5507;6.12505;-5.58372
-0.231029;-0.326536;0;-1.47542;-14.3089;6.02398;-5.49159
-0.226908;-0.329413;0;-1.45004;-14.0612;5.92041;-5.39717
-0.22275;-0.332238;0;-1.42308;-13.798;5.81033;-5.29682
-0.218558;-0.335011;0;-1.39556;-13.5303;5.69802;-5.19443
-0.214331;-0.337731;0;-1.36778;-13.26;5.58462;-5.09105
-0.21007;-0.340398;0;-1.33999;-12.9896;5.47116;-4.98762
-0.205776;-0.343011;0;-1.31219;-12.7191;5.35766;-4.88415
-0.201449;-0.345569;0;-1.28438;-12.4485;5.24414;-4.78067
-0.197091;-0.348074;0;-1.25657;-12.1779;5.13062;-4.67718
-0.192701;-0.350523;0;-1.22876;-11.9074;5.01711;-4.5737
-0.188282;-0.352916;0;-1.20096;-11.6369;4.90363;-4.47025
-0.183832;-0.355255;0;-1.17318;-11.3666;4.7902;-4.36684
-0.179353;-0.357537;0;-1.14541;-11.0964;4.67684;-4.2635
-0.174846;-0.359762;0;-1.11766;-10.8264;4.56356;-4.16024
-0.170312;-0.361931;0;-1.08889;-10.5467;4.44612;-4.05317
-0.16575;-0.364042;0;-1.05918;-10.2584;4.3248;-3.94258
-0.161163;-0.366096;0;-1.02916;-9.96718;4.20225;-3.83085
-0.156549;-0.368093;0;-0.999124;-9.6758;4.07961;-3.71905
-0.151912;-0.370031;0;-0.969071;-9.38427;3.95691;-3.6072
-0.14725;-0.371911;0;-0.939009;-9.09264;3.83417;-3.49531
-0.142565;-0.373732;0;-0.908941;-8.80097;3.71141;-3.3834
-0.137857;-0.375494;0;-0.878873;-8.50929;3.58865;-3.27149
-0.133128;-0.377196;0;-0.848809;-8.21766;3.46591;-3.1596
-0.128377;-0.378839;0;-0.818755;-7.92611;3.34321;-3.04773
-0.123607;-0.380423;0;-0.788714;-7.6347;3.22056;-2.93592
-0.118817;-0.381946;0;-0.758691;-7.34347;3.09798;-2.82418
-0.114008;-0.383409;0;-0.728692;-7.05246;2.9755;-2.71253
-0.109181;-0.384811;0;-0.698752;-6.76202;2.85326;-2.60109
-0.104337;-0.386153;0;-0.667386;-6.45824;2.72519;-2.48434
-0.099476;-0.387433;0;-0.635952;-6.1539;2.59684;-2.36733
-0.0945996;-0.388653;0;-0.604499;-5.8494;2.46842;-2.25026
-0.0897083;-0.389811;0;-0.573035;-5.54478;2.33994;-2.13314
-0.0848028;-0.390907;0;-0.541585;-5.24031;2.21153;-2.01608
-0.079884;-0.391942;0;-0.510077;-4.93527;2.08288;-1.8988
-0.0749525;-0.392915;0;-0.478549;-4.63002;1.95415;-1.78144
-0.0700092;-0.393826;0;-0.447025;-4.32482;1.82543;-1.6641
-0.0650549;-0.394674;0;-0.41551;-4.01971;1.69675;-1.54679
-0.0600902;-0.395461;0;-0.38401;-3.71473;1.56813;-1.42954
-0.0551161;-0.396185;0;-0.35253;-3.40994;1.4396;-1.31237
-0.0501333;-0.396846;0;-0.320756;-3.1027;1.30986;-1.19409
-0.0451426;-0.397445;0;-0.288696;-2.79259;1.17895;-1.07475
-0.0401447;-0.39798;0;-0.256618;-2.4823;1.04796;-0.955343
-0.0351405;-0.398453;0;-0.224526;-2.17188;0.916923;-0.835886
-0.0301307;-0.398864;0;-0.192479;-1.86189;0.786065;-0.716593
-0.0251162;-0.399211;0;-0.160357;-1.55118;0.654901;-0.597021
-0.0200977;-0.399495;0;-0.128233;-1.24044;0.523728;-0.477441
-0.0150761;-0.399716;0;-0.0961113;-0.929731;0.392567;-0.357872
-0.010052;-0.399874;0;-0.063998;-0.619101;0.261438;-0.238333
-0.00502642;-0.399968;0;-0.0318977;-0.308597;0.130363;-0.118842
-7.34788e-17;-0.4;0;0.000184431;0.00173136;-0.000637397;0.000581064
0.00502642;-0.399968;0;0.0320149;0.309603;-0.13061;0.119067
0.010052;-0.399874;0;0.063974;0.618665;-0.261107;0.238031
0.0150761;-0.399716;0;0.0959596;0.927985;-0.391713;0.357093
0.0200977;-0.399495;0;0.127967;1.23751;-0.522406;0.476236
0.0251162;-0.399211;0;0.159991;1.5472;-0.653168;0.595441
0.0301307;-0.398864;0;0.192026;1.857;-0.783975;0.714688
0.0351405;-0.398453;0;0.224067;2.16686;-0.914809;0.833959
0.0401447;-0.39798;0;0.25611;2.47673;-1.04565;0.953235
0.0451426;-0.397445;0;0.288149;2.78657;-1.17647;1.0725
0.0501333;-0.396846;0;0.32018;3.09632;-1.30726;1.19173
0.0551161;-0.396185;0;0.352038;3.40486;-1.43736;1.31032
0.0600902;-0.395461;0;0.384007;3.71448;-1.56791;1.42934
0.0650549;-0.394674;0;0.415138;4.01603;-1.69502;1.54521
0.0700092;-0.393826;0;0.446763;4.32238;-1.82415;1.66293
0.0749525;-0.392915;0;0.478392;4.62876;-1.95329;1.78066
0.079884;-0.391942;0;0.510019;4.93512;-2.08242;1.89838
0.0848028;-0.390907;0;0.540954;5.23469;-2.20874;2.01353
0.0897083;-0.389811;0;0.572134;5.53651;-2.33605;2.12959
0.0945996;-0.388653;0;0.603323;5.83841;-2.4634;2.24568
0.099476;-0.387433;0;0.634515;6.14034;-2.59076;2.36179
0.104337;-0.386153;0;0.665705;6.44226;-2.71811;2.47789
0.109181;-0.384811;0;0.696889;6.74411;-2.84544;2.59396
0.114008;-0.383409;0;0.728061;7.04585;-2.97272;2.70999
0.118817;-0.381946;0;0.757838;7.33455;-3.09429;2.82082
0.123607;-0.380423;0;0.787957;7.62685;-3.21726;2.93292
0.128377;-0.378839;0;0.818093;7.9193;-3.3403;3.04508
0.133128;-0.377196;0;0.848239;8.21186;-3.46338;3.15729
0.137857;-0.375494;0;0.878392;8.50448;-3.58648;3.26951
0.142565;-0.373732;0;0.908546;8.79712;-3.7096;3.38174
0.14725;-0.371911;0;0.938697;9.08972;-3.83269;3.49396
0.151912;-0.370031;0;0.968839;9.38225;-3.95576;3.60615
0.156549;-0.368093;0;0.99897;9.67465;-4.07877;3.71829
0.161163;-0.366096;0;1.02908;9.96688;-4.20172;3.83037
0.16575;-0.364042;0;1.05917;10.2589;-4.32457;3.94237
0.170312;-0.361931;0;1.08873;10.5456;-4.44525;4.05238
0.174846;-0.359762;0;1.11746;10.8243;-4.56254;4.15931
0.179353;-0.357537;0;1.14534;11.0956;-4.67634;4.26305
0.183832;-0.355255;0;1.17323;11.3671;-4.79021;4.36685
0.188282;-0.352916;0;1.20114;11.6388;-4.90414;4.47071
0.192701;-0.350523;0;1.22906;11.9105;-5.01811;4.57461
0.197091;-0.348074;0;1.25698;12.1822;-5.13209;4.67852
0.201449;-0.345569;0;1.28491;12.454;-5.24609;4.78244
0.205776;-0.343011;0;1.31283;12.7257;-5.36006;4.88634
0.21007;-0.340398;0;1.34074;12.9974;-5.47401;4.99022
0.214331;-0.337731;0;1.36864;13.2689;-5.5879;5.09404
0.218558;-0.335011;0;1.39652;13.5403;-5.70172;5.19781
0.22275;-0.332238;0;1.42438;13.8115;-5.81546;5.30149
0.226908;-0.329413;0;1.45109;14.0714;-5.92449;5.40089
0.231029;-0.326536;0;1.47598;14.3145;-6.0261;5.49351
0.235114;-0.323607;0;1.5009;14.5579;-6.12778;5.58621
0.239162;-0.320627;0;1.52583;14.8015;-6.22954;5.67897
0.243172;-0.317596;0;1.55077;15.0451;-6.33135;5.77178
0.247144;-0.314515;0;1.57572;15.2889;-6.43319;5.86463
0.251077;-0.311385;0;1.60068;15.5327;-6.53505;5.95749
0.25497;-0.308205;0;1.62564;15.7765;-6.63692;6.05035
0.258822;-0.304977;0;1.65059;16.0202;-6.73877;6.1432
0.262634;-0.301701;0;1.67554;16.2639;-6.84059;6.23603
0.266405;-0.298376;0;1.70047;16.5075;-6.94237;6.32881
0.270133;-0.295005;0;1.7254;16.751;-7.04409;6.42154
0.273819;-0.291587;0;1.7503;16.9942;-7.14574;6.5142
0.277461;-0.288124;0;1.77474;17.2329;-7.24549;6.60513
0.28106;-0.284614;0;1.7967;17.4479;-7.33512;6.68684
0.284614;-0.28106;0;1.81814;17.6582;-7.42262;6.76661
0.288124;-0.277461;0;1.83959;17.8686;-7.51016;6.84641
0.291587;-0.273819;0;1.86105;18.0791;-7.59773;6.92625
0.295005;-0.270133;0;1.88252;18.2896;-7.68533;7.0061
0.298376;-0.266405;0;1.90398;18.5001;-7.77292;7.08595
0.301701;-0.262634;0;1.92544;18.7106;-7.86051;7.1658
0.304977;-0.258822;0;1.9469;18.921;-7.94807;7.24563
0.308205;-0.25497;0;1.96835;19.1313;-8.0356;7.32542
0.311385;-0.251077;0;1.98978;19.3415;-8.12307;7.40516
0.314515;-0.247144;0;2.0112;19.5516;-8.21048;7.48485
0.317596;-0.243172;0;2.0319;19.7545;-8.29495;7.56184
0.320627;-0.239162;0;2.04922;19.925;-8.36563;7.62628
0.323607;-0.235114;0;2.06656;20.0957;-8.43637;7.69077
0.326536;-0.231029;0;2.08391;20.2665;-8.50716;7.7553
0.329413;-0.226908;0;2.10127;20.4373;-8.57798;7.81986
0.332238;-0.22275;0;2.11863;20.6083;-8.64883;7.88445
0.335011;-0.218558;0;2.136;20.7792;-8.71969;7.94905
0.337731;-0.214331;0;2.15337;20.9502;-8.79056;8.01365
0.340398;-0.21007;0;2.17073;21.1211;-8.86142;8.07825
0.343011;-0.205776;0;2.18809;21.292;-8.93225;8.14282
0.345569;-0.201449;0;2.20545;21.4629;-9.00306;8.20737
0.348074;-0.197091;0;2.22279;21.6336;-9.07383;8.27189
0.350523;-0.192701;0;2.24012;21.8042;-9.14454;8.33635
0.352916;-0.188282;0;2.25744;21.9746;-9.21519;8.40075
0.355255;-0.183832;0;2.27252;22.1232;-9.27672;8.45685
0.357537;-0.179353;0;2.28539;22.2503;-9.32924;8.50472
0.359762;-0.174846;0;2.29827;22.3776;-9.38178;8.55262
0.361931;-0.170312;0;2.31058;22.4991;-9.43202;8.59842
0.364042;-0.16575;0;2.32281;22.6198;-9.4819;8.6439
0.366096;-0.161163;0;2.33504;22.7405;-9.53181;8.68939
0.368093;-0.156549;0;2.34727;22.8613;-9.58171;8.73489
0.370031;-0.151912;0;2.35951;22.982;-9.63162;8.78038
0.371911;-0.14725;0;2.37173;23.1027;-9.68151;8.82587
0.373732;-0.142565;0;2.38396;23.2234;-9.73139;8.87133
0.375494;-0.137857;0;2.39618;23.3441;-9.78124;8.91678
0.377196;-0.133128;0;2.40839;23.4646;-9.83106;8.96219
0.378839;-0.128377;0;2.42053;23.5847;-9.88061;9.00737
0.380423;-0.123607;0;2.43148;23.693;-9.92526;9.04807
0.381946;-0.118817;0;2.43939;23.7714;-9.95751;9.07747
0.383409;-0.114008;0;2.4473;23.8499;-9.98978;9.10689
0.384811;-0.109181;0;2.45521;23.9283;-10.0221;9.13631
0.386153;-0.104337;0;2.46272;24.0028;-10.0527;9.16424
0.387433;-0.099476;0;2.46949;24.0698;-10.0803;9.18942
0.388653;-0.0945996;0;2.47626;24.1368;-10.1079;9.2146
0.389811;-0.0897083;0;2.48303;24.2038;-10.1356;9.23979
0.390907;-0.0848028;0;2.48981;24.2708;-10.1632;9.26498
0.391942;-0.079884;0;2.49658;24.3378;-10.1908;9.29017
0.392915;-0.0749525;0;2.50335;24.4047;-10.2184;9.31534
0.393826;-0.0700092;0;2.51011;24.4717;-10.2461;9.34051
0.394674;-0.0650549;0;2.51688;24.5385;-10.2736;9.36566
0.395461;-0.0600902;0;2.52363;24.6054;-10.3012;9.3908
0.396185;-0.0551161;0;2.52773;24.6459;-10.3179;9.40603
0.396846;-0.0501333;0;2.53079;24.6762;-10.3304;9.41739
0.397445;-0.0451426;0;2.53384;24.7065;-10.3429;9.42876
0.39798;-0.0401447;0;2.536;24.7278;-10.3516;9.43677
0.398453;-0.0351405;0;2.5374;24.7416;-10.3574;9.442
0.398864;-0.0301307;0;2.5388;24.7555;-10.3631;9.44723
0.399211;-0.0251162;0;2.54021;24.7693;-10.3689;9.45246
0.399495;-0.0200977;0;2.54162;24.7832;-10.3746;9.45769
0.399716;-0.0150761;0;2.54302;24.797;-10.3803;9.46293
0.399874;-0.010052;0;2.54443;24.8109;-10.3861;9.46816
0.399968;-0.00502642;0;2.54583;24.8247;-10.3918;9.47339
