0.4;0;0;2.35274;22.9192;-10.3975;9.47853
0.399968;0.00502642;0;2.35139;22.9062;-10.3915;9.47309
0.399874;0.010052;0;2.35002;22.8929;-10.3854;9.46754
0.399716;0.0150761;0;2.34865;22.8796;-10.3793;9.46199
0.399495;0.0200977;0;2.34728;22.8663;-10.3732;9.45644
0.399211;0.0251162;0;2.3459;22.8531;-10.3671;9.45089
0.398864;0.0301307;0;2.34453;22.8398;-10.361;9.44534
0.398453;0.0351405;0;2.34316;22.8265;-10.355;9.43979
0.39798;0.0401447;0;2.34179;22.8133;-10.3489;9.43425
0.397445;0.0451426;0;2.33926;22.7886;-10.3377;9.42406
0.396846;0.0501333;0;2.33613;22.7579;-10.3238;9.41143
0.396185;0.0551161;0;2.333;22.7272;-10.31;9.3988
0.395461;0.0600902;0;2.32986;22.6965;-10.2961;9.38617
0.394674;0.0650549;0;2.32425;22.6411;-10.2713;9.36354
0.393826;0.0700092;0;2.3181;22.5805;-10.2442;9.33879
0.392915;0.0749525;0;2.31195;22.5198;-10.217;9.31402
0.391942;0.079884;0;2.3058;22.4591;-10.1898;9.28924
0.390907;0.0848028;0;2.29965;22.3984;-10.1626;9.26445
0.389811;0.0897083;0;2.29349;22.3377;-10.1354;9.23966
0.388653;0.0945996;0;2.28734;22.277;-10.1082;9.21487
0.387433;0.099476;0;2.28118;22.2163;-10.081;9.19008
0.386153;0.104337;0;2.27469;22.1522;-10.0524;9.16394
0.384811;0.109181;0;2.26711;22.0773;-10.0189;9.13341
0.383409;0.114008;0;2.25953;22.0024;-9.98538;9.10287
0.381946;0.118817;0;2.25195;21.9276;-9.95189;9.07235
0.380423;0.123607;0;2.24437;21.8527;-9.91841;9.04183
0.378839;0.128377;0;2.23451;21.7554;-9.87486;9.00212
0.377196;0.133128;0;2.22317;21.6434;-9.82477;8.95646
0.375494;0.137857;0;2.21188;21.532;-9.7749;8.911
0.373732;0.142565;0;2.20059;21.4205;-9.72504;8.86554
0.371911;0.14725;0;2.18929;21.309;-9.67515;8.82006
0.370031;0.151912;0;2.17799;21.1975;-9.62524;8.77457
0.368093;0.156549;0;2.16669;21.0859;-9.57532;8.72906
0.366096;0.161163;0;2.15539;20.9743;-9.52541;8.68356
0.364042;0.16575;0;2.14409;20.8628;-9.4755;8.63806
0.361931;0.170312;0;2.13279;20.7513;-9.4256;8.59257
0.359762;0.174846;0;2.1215;20.6398;-9.37573;8.5471
0.357537;0.179353;0;2.11021;20.5284;-9.32588;8.50167
0.355255;0.183832;0;2.09893;20.4171;-9.27608;8.45626
0.352916;0.188282;0;2.08529;20.2827;-9.21582;8.40133
0.350523;0.192701;0;2.06932;20.1255;-9.14527;8.33702
0.348074;0.197091;0;2.05333;19.9682;-9.07466;8.27265
0.345569;0.201449;0;2.03733;19.8107;-9.004;8.20823
0.343011;0.205776;0;2.02132;19.6532;-8.93329;8.14377
0.340398;0.21007;0;2.00531;19.4956;-8.86256;8.07929
0.337731;0.214331;0;1.98929;19.338;-8.7918;8.01479
0.335011;0.218558;0;1.97327;19.1803;-8.72104;7.95028
0.332238;0.22275;0;1.95725;19.0227;-8.65028;7.88577
0.329413;0.226908;0;1.94123;18.8651;-8.57953;7.82128
0.326536;0.231029;0;1.92522;18.7075;-8.50881;7.75681
0.323607;0.235114;0;1.9092;18.5498;-8.43804;7.69229
0.320627;0.239162;0;1.89313;18.3917;-8.36706;7.62759
0.317596;0.243172;0;1.87707;18.2337;-8.29614;7.56293
0.314515;0.247144;0;1.85871;18.0535;-8.21503;7.48899
0.311385;0.251077;0;1.83895;17.8598;-8.12775;7.40943
0.308205;0.25497;0;1.81918;17.6661;-8.04041;7.3298
0.304977;0.258822;0;1.79939;17.4721;-7.95297;7.25009
0.301701;0.262634;0;1.77957;17.2778;-7.8654;7.17026
0.298376;0.266405;0;1.75973;17.0833;-7.77775;7.09036
0.295005;0.270133;0;1.73986;16.8886;-7.69;7.01036
0.291587;0.273819;0;1.72;16.6939;-7.60224;6.93036
0.288124;0.277461;0;1.70014;16.4992;-7.5145;6.85037
0.284614;0.28106;0;1.68028;16.3046;-7.42679;6.77041
0.28106;0.284614;0;1.66044;16.1101;-7.33912;6.69049
0.277461;0.288124;0;1.64029;15.9127;-7.25009;6.60933
0.273819;0.291587;0;1.61732;15.6885;-7.14859;6.5168
0.270133;0.295005;0;1.59432;15.4641;-7.047;6.42419
0.266405;0.298376;0;1.57132;15.2395;-6.94533;6.3315
0.262634;0.301701;0;1.54829;15.0148;-6.8436;6.23876
0.258822;0.304977;0;1.52526;14.7899;-6.74182;6.14598
0.25497;0.308205;0;1.50222;14.5651;-6.64002;6.05318
0.251077;0.311385;0;1.47917;14.3401;-6.53816;5.96032
0.247144;0.314515;0;1.45611;14.115;-6.43629;5.86745
0.243172;0.317596;0;1.43304;13.8898;-6.33433;5.77451
0.239162;0.320627;0;1.40997;13.6646;-6.23241;5.68159
0.235114;0.323607;0;1.38692;13.4396;-6.13054;5.58873
0.231029;0.326536;0;1.36388;13.2147;-6.02873;5.49592
0.226908;0.329413;0;1.34086;12.99;-5.92701;5.40318
0.22275;0.332238;0;1.31641;12.7519;-5.81898;5.30471
0.218558;0.335011;0;1.29067;12.5016;-5.7052;5.20098
0.214331;0.337731;0;1.2649;12.2511;-5.59133;5.09717
0.21007;0.340398;0;1.23912;12.0004;-5.47739;4.9933
0.205776;0.343011;0;1.21333;11.7496;-5.3634;4.88939
0.201449;0.345569;0;1.18753;11.4987;-5.24938;4.78544
0.197091;0.348074;0;1.16173;11.2478;-5.13533;4.68148
0.192701;0.350523;0;1.13592;10.9969;-5.02129;4.57751
0.188282;0.352916;0;1.11012;10.7461;-4.90727;4.47357
0.183832;0.355255;0;1.08433;10.4953;-4.79329;4.36966
0.179353;0.357537;0;1.05855;10.2447;-4.67936;4.2658
0.174846;0.359762;0;1.03279;9.99418;-4.56551;4.16201
0.170312;0.361931;0;1.0067;9.74069;-4.45019;4.05688
0.16575;0.364042;0;0.978864;9.47082;-4.32716;3.94472
0.161163;0.366096;0;0.950894;9.19963;-4.20352;3.83202
0.156549;0.368093;0;0.922895;8.92817;-4.07976;3.7192
0.151912;0.370031;0;0.894873;8.65648;-3.9559;3.60628
0.14725;0.371911;0;0.866831;8.3846;-3.83195;3.49329
0.142565;0.373732;0;0.838774;8.11257;-3.70794;3.38023
0.137857;0.375494;0;0.810706;7.84044;-3.58387;3.26713
0.133128;0.377196;0;0.782633;7.56825;-3.45978;3.15401
0.128377;0.378839;0;0.754557;7.29604;-3.33569;3.04088
0.123607;0.380423;0;0.726484;7.02386;-3.2116;2.92776
0.118817;0.381946;0;0.6991;6.75864;-3.09056;2.81741
0.114008;0.383409;0;0.670359;6.48059;-2.9635;2.70159
0.109181;0.384811;0;0.641605;6.20242;-2.83639;2.58571
0.104337;0.386153;0;0.612843;5.92417;-2.70924;2.4698
0.099476;0.387433;0;0.584077;5.64589;-2.58208;2.35388
0.0945996;0.388653;0;0.555312;5.36762;-2.45493;2.23796
0.0897083;0.389811;0;0.526553;5.0894;-2.3278;2.12207
0.0848028;0.390907;0;0.497805;4.81128;-2.20071;2.00621
0.079884;0.391942;0;0.46907;4.53331;-2.07369;1.89042
0.0749525;0.392915;0;0.440356;4.25551;-1.94675;1.7747
0.0700092;0.393826;0;0.411664;3.97795;-1.81992;1.65907
0.0650549;0.394674;0;0.383002;3.70067;-1.69321;1.54357
0.0600902;0.395461;0;0.354372;3.4237;-1.56665;1.42819
0.0551161;0.396185;0;0.325779;3.14709;-1.44025;1.31296
0.0501333;0.396846;0;0.296359;2.86275;-1.31019;1.1944
0.0451426;0.397445;0;0.266785;2.57697;-1.17945;1.07521
0.0401447;0.39798;0;0.237177;2.29087;-1.04856;0.955888
0.0351405;0.398453;0;0.20754;2.00448;-0.917538;0.836446
0.0301307;0.398864;0;0.177878;1.71786;-0.786408;0.716906
0.0251162;0.399211;0;0.148197;1.43105;-0.655192;0.597286
0.0200977;0.399495;0;0.1185;1.14409;-0.523908;0.477606
0.0150761;0.399716;0;0.0887931;0.857032;-0.392579;0.357883
0.010052;0.399874;0;0.0590805;0.569918;-0.261225;0.238138
0.00502642;0.399968;0;0.0293669;0.282795;-0.129866;0.118389
2.44929e-17;0.4;0;-0.000343078;-0.0042927;0.00147643;-0.00134594
-0.00502642;0.399968;0;-0.0300446;-0.291299;0.132782;-0.121047
-0.010052;0.399874;0;-0.0597331;-0.57818;0.264029;-0.240695
-0.0150761;0.399716;0;-0.0894038;-0.864888;0.395199;-0.360271
-0.0200977;0.399495;0;-0.119052;-1.15138;0.526268;-0.479757
-0.0251162;0.399211;0;-0.148673;-1.43761;0.657218;-0.599134
-0.0301307;0.398864;0;-0.178263;-1.72353;0.788028;-0.718382
-0.0351405;0.398453;0;-0.207566;-2.00674;0.917577;-0.836482
-0.0401447;0.39798;0;-0.236743;-2.28885;1.04657;-0.954072
-0.0451426;0.397445;0;-0.265925;-2.57102;1.17557;-1.07168
-0.0501333;0.396846;0;-0.295131;-2.85343;1.30468;-1.18938
-0.0551161;0.396185;0;-0.324356;-3.13602;1.43388;-1.30715
-0.0600902;0.395461;0;-0.353595;-3.41874;1.56313;-1.42499
-0.0650549;0.394674;0;-0.382843;-3.70156;1.69243;-1.54286
-0.0700092;0.393826;0;-0.412097;-3.98442;1.82175;-1.66075
-0.0749525;0.392915;0;-0.441351;-4.26729;1.95108;-1.77864
-0.079884;0.391942;0;-0.4706;-4.55012;2.08038;-1.89652
-0.0848028;0.390907;0;-0.499841;-4.83286;2.20965;-2.01436
-0.0897083;0.389811;0;-0.529068;-5.11547;2.33885;-2.13214
-0.0945996;0.388653;0;-0.558277;-5.39791;2.46797;-2.24986
-0.099476;0.387433;0;-0.587464;-5.68012;2.597;-2.36748
-0.104337;0.386153;0;-0.616246;-5.95857;2.72424;-2.48347
-0.109181;0.384811;0;-0.644309;-6.23042;2.84829;-2.59656
-0.114008;0.383409;0;-0.67215;-6.50025;2.97136;-2.70875
-0.118817;0.381946;0;-0.700013;-6.77028;3.09452;-2.82103
-0.123607;0.380423;0;-0.727893;-7.04049;3.21776;-2.93338
-0.128377;0.378839;0;-0.755786;-7.31081;3.34106;-3.04578
-0.133128;0.377196;0;-0.783687;-7.58122;3.46439;-3.15821
-0.137857;0.375494;0;-0.811593;-7.85167;3.58774;-3.27066
-0.142565;0.373732;0;-0.839497;-8.12211;3.71109;-3.3831
-0.14725;0.371911;0;-0.867397;-8.3925;3.83441;-3.49553
-0.151912;0.370031;0;-0.89517;-8.66167;3.95718;-3.60744
-0.156549;0.368093;0;-0.922954;-8.93092;4.07999;-3.7194
-0.161163;0.366096;0;-0.950723;-9.20002;4.20274;-3.8313
-0.16575;0.364042;0;-0.978473;-9.46893;4.3254;-3.94312
-0.170312;0.361931;0;-1.0062;-9.73762;4.44796;-4.05485
-0.174846;0.359762;0;-1.03286;-9.99624;4.56581;-4.16228
-0.179353;0.357537;0;-1.05847;-10.2452;4.67898;-4.26545
-0.183832;0.355255;0;-1.08409;-10.4943;4.79223;-4.3687
-0.188282;0.352916;0;-1.10973;-10.7435;4.90556;-4.47201
-0.192701;0.350523;0;-1.13538;-10.9929;5.01893;-4.57536
-0.197091;0.348074;0;-1.16104;-11.2423;5.13234;-4.67875
-0.201449;0.345569;0;-1.18671;-11.4918;5.24576;-4.78214
-0.205776;0.343011;0;-1.21237;-11.7413;5.35918;-4.88554
-0.21007;0.340398;0;-1.23802;-11.9907;5.47258;-4.98891
-0.214331;0.337731;0;-1.26367;-12.24;5.58594;-5.09225
-0.218558;0.335011;0;-1.28931;-12.4892;5.69924;-5.19554
-0.22275;0.332238;0;-1.3146;-12.7352;5.81103;-5.29745
-0.226908;0.329413;0;-1.33953;-12.9778;5.9212;-5.39789
-0.231029;0.326536;0;-1.36224;-13.1994;6.02155;-5.48937
-0.235114;0.323607;0;-1.38526;-13.424;6.12329;-5.58211
-0.239162;0.320627;0;-1.4083;-13.6488;6.22509;-5.67492
-0.243172;0.317596;0;-1.43135;-13.8737;6.32695;-5.76778
-0.247144;0.314515;0;-1.45441;-14.0987;6.42884;-5.86066
-0.251077;0.311385;0;-1.47747;-14.3237;6.53075;-5.95357
-0.25497;0.308205;0;-1.50053;-14.5488;6.63267;-6.04648
-0.258822;0.304977;0;-1.52359;-14.7738;6.73457;-6.13937
-0.262634;0.301701;0;-1.54664;-14.9987;6.83644;-6.23224
-0.266405;0.298376;0;-1.56969;-15.2236;6.93827;-6.32507
-0.270133;0.295005;0;-1.59271;-15.4483;7.04004;-6.41784
-0.273819;0.291587;0;-1.61573;-15.6728;7.14173;-6.51054
-0.277461;0.288124;0;-1.63733;-15.8837;7.2372;-6.59758
-0.28106;0.284614;0;-1.65791;-16.0848;7.3281;-6.68044
-0.284614;0.28106;0;-1.67787;-16.2805;7.41633;-6.76088
-0.288124;0.277461;0;-1.69785;-16.4762;7.5046;-6.84135
-0.291587;0.273819;0;-1.71784;-16.672;7.59289;-6.92184
-0.295005;0.270133;0;-1.73782;-16.8677;7.6812;-7.00234
-0.298376;0.266405;0;-1.75781;-17.0635;7.7695;-7.08284
-0.301701;0.262634;0;-1.77779;-17.2593;7.85779;-7.16332
-0.304977;0.258822;0;-1.79777;-17.455;7.94605;-7.24378
-0.308205;0.25497;0;-1.81773;-17.6505;8.03426;-7.32419
-0.311385;0.251077;0;-1.83768;-17.846;8.12241;-7.40456
-0.314515;0.247144;0;-1.85762;-18.0413;8.21049;-7.48485
-0.317596;0.243172;0;-1.87623;-18.2237;8.2927;-7.5598
-0.320627;0.239162;0;-1.89233;-18.3821;8.36385;-7.62466
-0.323607;0.235114;0;-1.90845;-18.5405;8.43505;-7.68957
-0.326536;0.231029;0;-1.92458;-18.6991;8.5063;-7.75452
-0.329413;0.226908;0;-1.94071;-18.8578;8.57758;-7.8195
-0.332238;0.22275;0;-1.95685;-19.0165;8.64888;-7.8845
-0.335011;0.218558;0;-1.973;-19.1752;8.72019;-7.9495
-0.337731;0.214331;0;-1.98889;-19.3315;8.7904;-8.01351
-0.340398;0.21007;0;-2.00479;-19.4878;8.86063;-8.07754
-0.343011;0.205776;0;-2.02068;-19.6441;8.93086;-8.14155
-0.345569;0.201449;0;-2.03657;-19.8003;9.00106;-8.20555
-0.348074;0.197091;0;-2.05246;-19.9565;9.07122;-8.26951
-0.350523;0.192701;0;-2.06833;-20.1125;9.14134;-8.33343
-0.352916;0.188282;0;-2.08419;-20.2685;9.21139;-8.3973
-0.355255;0.183832;0;-2.0985;-20.4093;9.27464;-8.45495
-0.357537;0.179353;0;-2.11033;-20.526;9.32689;-8.50258
-0.359762;0.174846;0;-2.12221;-20.6431;9.37934;-8.5504
-0.361931;0.170312;0;-2.13409;-20.7603;9.43181;-8.59823
-0.364042;0.16575;0;-2.14597;-20.8775;9.48428;-8.64607
-0.366096;0.161163;0;-2.15784;-20.9947;9.53676;-8.6939
-0.368093;0.156549;0;-2.16972;-21.1119;9.58922;-8.74173
-0.370031;0.151912;0;-2.1816;-21.229;9.64166;-8.78953
-0.371911;0.14725;0;-2.19346;-21.3461;9.69408;-8.83732
-0.373732;0.142565;0;-2.20532;-21.4631;9.74646;-8.88507
-0.375494;0.137857;0;-2.21717;-21.58;9.7988;-8.93278
-0.377196;0.133128;0;-2.22867;-21.6934;9.84958;-8.97907
-0.378839;0.128377;0;-2.23668;-21.7726;9.88497;-9.01134
-0.380423;0.123607;0;-2.24409;-21.8459;9.9177;-9.04118
-0.381946;0.118817;0;-2.25151;-21.9193;9.95046;-9.07104
-0.383409;0.114008;0;-2.25893;-21.9926;9.98323;-9.10092
-0.384811;0.109181;0;-2.26635;-22.066;10.016;-9.1308
-0.386153;0.104337;0;-2.27377;-22.1394;10.0488;-9.1607
-0.387433;0.099476;0;-2.2812;-22.2129;10.0816;-9.19059
-0.388653;0.0945996;0;-2.28862;-22.2863;10.1144;-9.22048
-0.389811;0.0897083;0;-2.29604;-22.3596;10.1472;-9.25036
-0.390907;0.0848028;0;-2.30346;-22.433;10.1799;-9.28023
-0.391942;0.079884;0;-2.31088;-22.5063;10.2127;-9.31008
-0.392915;0.0749525;0;-2.31828;-22.5796;10.2454;-9.33991
-0.393826;0.0700092;0;-2.32569;-22.6528;10.2781;-9.36971
-0.394674;0.0650549;0;-2.33302;-22.7253;10.3105;-9.39924
-0.395461;0.0600902;0;-2.33593;-22.7541;10.3233;-9.41096
-0.396185;0.0551161;0;-2.33838;-22.7783;10.3342;-9.42082
-0.396846;0.0501333;0;-2.34083;-22.8026;10.345;-9.43069
-0.397445;0.0451426;0;-2.34328;-22.8269;10.3558;-9.44056
-0.39798;0.0401447;0;-2.34573;-22.8511;10.3666;-9.45042
-0.398453;0.0351405;0;-2.34812;-22.8748;10.3772;-9.46004
-0.398864;0.0301307;0;-2.35043;-22.8977;10.3874;-9.46937
-0.399211;0.0251162;0;-2.35273;-22.9205;10.3975;-9.47862
-0.399495;0.0200977;0;-2.35503;-22.9432;10.4077;-9.48786
-0.399716;0.0150761;0;-2.35732;-22.9659;10.4178;-9.49709
-0.399874;0.010052;0;-2.35961;-22.9885;10.4279;-9.50631
-0.399968;0.00502642;0;-2.36189;-23.0112;10.438;-9.51551
-0.4;4.89859e-17;0;-2.36418;-23.0337;10.4481;-9.52471
-0.399968;-0.00502642;0;-2.36259;-23.0181;10.4411;-9.51833
-0.399874;-0.010052;0;-2.36019;-22.9942;10.4305;-9.50864
-0.399716;-0.0150761;0;-2.35777;-22.9703;10.4198;-9.49894
-0.399495;-0.0200977;0;-2.35536;-22.9464;10.4092;-9.48922
-0.399211;-0.0251162;0;-2.35294;-22.9225;10.3985;-9.47949
-0.398864;-0.0301307;0;-2.35052;-22.8985;10.3878;-9.46975
-0.398453;-0.0351405;0;-2.3481;-22.8745;10.3771;-9.46001
-0.39798;-0.0401447;0;-2.34568;-22.8505;10.3664;-9.45026
-0.397445;-0.0451426;0;-2.34326;-22.8265;10.3557;-9.4405
-0.396846;-0.0501333;0;-2.34083;-22.8025;10.345;-9.43074
-0.396185;-0.0551161;0;-2.33841;-22.7785;10.3343;-9.42098
-0.395461;-0.0600902;0;-2.33598;-22.7545;10.3236;-9.41122
-0.394674;-0.0650549;0;-2.33355;-22.7303;10.3129;-9.40142
-0.393826;-0.0700092;0;-2.32639;-22.6596;10.2813;-9.37262
-0.392915;-0.0749525;0;-2.31905;-22.587;10.2489;-9.34308
-0.391942;-0.079884;0;-2.31171;-22.5143;10.2164;-9.31351
-0.390907;-0.0848028;0;-2.30436;-22.4416;10.184;-9.28392
-0.389811;-0.0897083;0;-2.29701;-22.3689;10.1515;-9.25432
-0.388653;-0.0945996;0;-2.28965;-22.2961;10.119;-9.2247
-0.387433;-0.099476;0;-2.28229;-22.2233;10.0865;-9.19507
-0.386153;-0.104337;0;-2.27493;-22.1505;10.054;-9.16543
-0.384811;-0.109181;0;-2.26757;-22.0777;10.0215;-9.1358
-0.383409;-0.114008;0;-2.26021;-22.0049;9.98899;-9.10617
-0.381946;-0.118817;0;-2.25285;-21.9321;9.9565;-9.07655
-0.380423;-0.123607;0;-2.24549;-21.8594;9.92402;-9.04694
-0.378839;-0.128377;0;-2.23778;-21.7831;9.88994;-9.01587
-0.377196;-0.133128;0;-2.2268;-21.6747;9.84144;-8.97166
-0.375494;-0.137857;0;-2.21581;-21.5663;9.7929;-8.92741
-0.373732;-0.142565;0;-2.20481;-21.4578;9.74434;-8.88314
-0.371911;-0.14725;0;-2.19273;-21.3386;9.69098;-8.8345
-0.370031;-0.151912;0;-2.1805;-21.2178;9.63696;-8.78525
-0.368093;-0.156549;0;-2.16826;-21.097;9.58291;-8.73598
-0.366096;-0.161163;0;-2.15602;-20.9762;9.52883;-8.68668
-0.364042;-0.16575;0;-2.14377;-20.8553;9.47475;-8.63737
-0.361931;-0.170312;0;-2.13152;-20.7345;9.42066;-8.58806
-0.359762;-0.174846;0;-2.11928;-20.6136;9.36657;-8.53876
-0.357537;-0.179353;0;-2.10703;-20.4927;9.3125;-8.48946
-0.355255;-0.183832;0;-2.09331;-20.3576;9.25188;-8.4342
-0.352916;-0.188282;0;-2.07927;-20.2194;9.18985;-8.37766
-0.350523;-0.192701;0;-2.06459;-20.075;9.12502;-8.31855
-0.348074;-0.197091;0;-2.04906;-19.9222;9.05638;-8.25598
-0.345569;-0.201449;0;-2.03351;-19.7694;8.98771;-8.19338
-0.343011;-0.205776;0;-2.01796;-19.6165;8.91902;-8.13076
-0.340398;-0.21007;0;-2.00241;-19.4636;8.85032;-8.06813
-0.337731;-0.214331;0;-1.98686;-19.3107;8.78161;-8.0055
-0.335011;-0.218558;0;-1.9713;-19.1578;8.71292;-7.94287
-0.332238;-0.22275;0;-1.95576;-19.005;8.64424;-7.88027
-0.329413;-0.226908;0;-1.94022;-18.8522;8.5756;-7.81769
-0.326536;-0.231029;0;-1.92418;-18.6945;8.50475;-7.75311
-0.323607;-0.235114;0;-1.90792;-18.5345;8.43292;-7.68762
-0.320627;-0.239162;0;-1.89166;-18.3747;8.36112;-7.62217
-0.317596;-0.243172;0;-1.87538;-18.2145;8.28917;-7.55658
-0.314515;-0.247144;0;-1.85659;-18.0304;8.20618;-7.48092
-0.311385;-0.251077;0;-1.83661;-17.8347;8.11792;-7.40046
-0.308205;-0.25497;0;-1.81662;-17.6388;8.02959;-7.31993
-0.304977;-0.258822;0;-1.79661;-17.4428;7.9412;-7.23936
-0.301701;-0.262634;0;-1.7766;-17.2467;7.85276;-7.15874
-0.298376;-0.266405;0;-1.75657;-17.0505;7.76429;-7.07809
-0.295005;-0.270133;0;-1.73655;-16.8543;7.67581;-6.99742
-0.291587;-0.273819;0;-1.71652;-16.658;7.58732;-6.91676
-0.288124;-0.277461;0;-1.69649;-16.4618;7.49884;-6.8361
-0.284614;-0.28106;0;-1.67647;-16.2657;7.41039;-6.75546
-0.28106;-0.284614;0;-1.65646;-16.0696;7.32197;-6.67486
-0.277461;-0.288124;0;-1.63555;-15.8654;7.2296;-6.59065
-0.273819;-0.291587;0;-1.61418;-15.6567;7.13517;-6.50456
-0.270133;-0.295005;0;-1.5918;-15.4383;7.03625;-6.41439
-0.266405;-0.298376;0;-1.5689;-15.2148;6.93506;-6.32214
-0.262634;-0.301701;0;-1.54599;-14.9912;6.83382;-6.22985
-0.258822;-0.304977;0;-1.52307;-14.7675;6.73254;-6.13752
-0.25497;-0.308205;0;-1.50015;-14.5438;6.63125;-6.04518
-0.251077;-0.311385;0;-1.47722;-14.3201;6.52995;-5.95283
-0.247144;-0.314515;0;-1.4543;-14.0964;6.42866;-5.8605
-0.243172;-0.317596;0;-1.43139;-13.8728;6.32741;-5.7682
-0.239162;-0.320627;0;-1.40849;-13.6493;6.2262;-5.67593
-0.235114;-0.323607;0;-1.3856;-13.4259;6.12505;-5.58372
-0.231029;-0.326536;0;-1.36273;-13.2027;6.02398;-5.49159
-0.226908;-0.329413;0;-1.33929;-12.9743;5.92041;-5.39717
-0.22275;-0.332238;0;-1.31438;-12.7319;5.81033;-5.29682
-0.218558;-0.335011;0;-1.28897;-12.4848;5.69802;-5.19443
-0.214331;-0.337731;0;-1.26331;-12.2353;5.58462;-5.09105
-0.21007;-0.340398;0;-1.23764;-11.9858;5.47116;-4.98762
-0.205776;-0.343011;0;-1.21196;-11.7361;5.35766;-4.88415
-0.201449;-0.345569;0;-1.18627;-11.4863;5.24414;-4.78067
-0.197091;-0.348074;0;-1.16059;-11.2366;5.13062;-4.67718
-0.192701;-0.350523;0;-1.1349;-10.9869;5.01711;-4.5737
-0.188282;-0.352916;0;-1.10923;-10.7373;4.90363;-4.47025
-0.183832;-0.355255;0;-1.08356;-10.4877;4.7902;-4.36684
-0.179353;-0.357537;0;-1.05792;-10.2384;4.67684;-4.2635
-0.174846;-0.359762;0;-1.03229;-9.98917;4.56356;-4.16024
-0.170312;-0.361931;0;-1.00571;-9.73142;4.44612;-4.05317
-0.16575;-0.364042;0;-0.978268;-9.46539;4.3248;-3.94258
-0.161163;-0.366096;0;-0.950542;-9.19666;4.20225;-3.83085
-0.156549;-0.368093;0;-0.922798;-8.92775;4.07961;-3.71905
-0.151912;-0.370031;0;-0.89504;-8.6587;3.95691;-3.6072
-0.14725;-0.371911;0;-0.867273;-8.38957;3.83417;-3.49531
-0.142565;-0.373732;0;-0.839502;-8.1204;3.71141;-3.3834
-0.137857;-0.375494;0;-0.81173;-7.85121;3.58865;-3.27149
-0.133128;-0.377196;0;-0.783962;-7.58207;3.46591;-3.1596
-0.128377;-0.378839;0;-0.756202;-7.31301;3.34321;-3.04773
-0.123607;-0.380423;0;-0.728456;-7.04407;3.22056;-2.93592
-0.118817;-0.381946;0;-0.700726;-6.7753;3.09798;-2.82418
-0.114008;-0.383409;0;-0.673018;-6.50673;2.9755;-2.71253
-0.109181;-0.384811;0;-0.645363;-6.23871;2.85326;-2.60109
-0.104337;-0.386153;0;-0.616392;-5.95848;2.72519;-2.48434
-0.099476;-0.387433;0;-0.587358;-5.67765;2.59684;-2.36733
-0.0945996;-0.388653;0;-0.558308;-5.39666;2.46842;-2.25026
-0.0897083;-0.389811;0;-0.529246;-5.11557;2.33994;-2.13314
-0.0848028;-0.390907;0;-0.500198;-4.83459;2.21153;-2.01608
-0.079884;-0.391942;0;-0.471096;-4.5531;2.08288;-1.8988
-0.0749525;-0.392915;0;-0.441975;-4.27143;1.95415;-1.78144
-0.0700092;-0.393826;0;-0.412858;-3.9898;1.82543;-1.6641
-0.0650549;-0.394674;0;-0.38375;-3.70825;1.69675;-1.54679
-0.0600902;-0.395461;0;-0.354656;-3.42683;1.56813;-1.42954
-0.0551161;-0.396185;0;-0.325579;-3.14559;1.4396;-1.31237
-0.0501333;-0.396846;0;-0.296233;-2.8619;1.30986;-1.19409
-0.0451426;-0.397445;0;-0.266621;-2.57575;1.17895;-1.07475
-0.0401447;-0.39798;0;-0.236992;-2.28944;1.04796;-0.955343
-0.0351405;-0.398453;0;-0.207352;-2.00301;0.916923;-0.835886
-0.0301307;-0.398864;0;-0.177752;-1.71697;0.786065;-0.716593
-0.0251162;-0.399211;0;-0.148082;-1.43027;0.654901;-0.597021
-0.0200977;-0.399495;0;-0.118411;-1.14355;0.523728;-0.477441
-0.0150761;-0.399716;0;-0.0887425;-0.85685;0.392567;-0.357872
-0.010052;-0.399874;0;-0.0590814;-0.570225;0.261438;-0.238333
-0.00502642;-0.399968;0;-0.0294324;-0.283716;0.130363;-0.118842
-7.34788e-17;-0.4;0;0.000199894;0.00263042;-0.000637397;0.000581064
0.00502642;-0.399968;0;0.0295995;0.28674;-0.13061;0.119067
0.010052;-0.399874;0;0.0591173;0.572018;-0.261107;0.238031
0.0150761;-0.399716;0;0.0886596;0.857533;-0.391713;0.357093
0.0200977;-0.399495;0;0.118222;1.14324;-0.522406;0.476236
0.0251162;-0.399211;0;0.147799;1.4291;-0.653168;0.595441
0.0301307;-0.398864;0;0.177388;1.71505;-0.783975;0.714688
0.0351405;-0.398453;0;0.206982;2.00107;-0.914809;0.833959
0.0401447;-0.39798;0;0.236577;2.2871;-1.04565;0.953235
0.0451426;-0.397445;0;0.266169;2.57309;-1.17647;1.0725
0.0501333;-0.396846;0;0.295752;2.859;-1.30726;1.19173
0.0551161;-0.396185;0;0.325182;3.14328;-1.43736;1.31032
0.0600902;-0.395461;0;0.354714;3.42854;-1.56791;1.42934
0.0650549;-0.394674;0;0.383467;3.70665;-1.69502;1.54521
0.0700092;-0.393826;0;0.412678;3.98919;-1.82415;1.66293
0.0749525;-0.392915;0;0.441892;4.27176;-1.95329;1.78066
0.079884;-0.391942;0;0.471104;4.55431;-2.08242;1.89838
0.0848028;-0.390907;0;0.499677;4.83071;-2.20874;2.01353
0.0897083;-0.389811;0;0.528475;5.10932;-2.33605;2.12959
0.0945996;-0.388653;0;0.557281;5.38801;-2.4634;2.24568
0.099476;-0.387433;0;0.586091;5.66672;-2.59076;2.36179
0.104337;-0.386153;0;0.614898;5.94542;-2.71811;2.47789
0.109181;-0.384811;0;0.6437;6.22407;-2.84544;2.59396
0.114008;-0.383409;0;0.672492;6.50261;-2.97272;2.70999
0.118817;-0.381946;0;0.699994;6.76899;-3.09429;2.82082
0.123607;-0.380423;0;0.727813;7.03861;-3.21726;2.93292
0.128377;-0.378839;0;0.755647;7.30838;-3.3403;3.04508
0.133128;-0.377196;0;0.783491;7.57825;-3.46338;3.15729
0.137857;-0.375494;0;0.811341;7.84818;-3.58648;3.26951
0.142565;-0.373732;0;0.839192;8.11811;-3.7096;3.38174
0.14725;-0.371911;0;0.867041;8.38802;-3.83269;3.49396
0.151912;-0.370031;0;0.894882;8.65786;-3.95576;3.60615
0.156549;-0.368093;0;0.922711;8.92758;-4.07877;3.71829
0.161163;-0.366096;0;0.950524;9.19715;-4.20172;3.83037
0.16575;-0.364042;0;0.978316;9.46652;-4.32457;3.94237
0.170312;-0.361931;0;1.00562;9.73122;-4.44525;4.05238
0.174846;-0.359762;0;1.03215;9.98874;-4.56254;4.15931
0.179353;-0.357537;0;1.0579;10.239;-4.67634;4.26305
0.183832;-0.355255;0;1.08366;10.4894;-4.79021;4.36685
0.188282;-0.352916;0;1.10944;10.74;-4.90414;4.47071
0.192701;-0.350523;0;1.13522;10.9906;-5.01811;4.57461
0.197091;-0.348074;0;1.16101;11.2413;-5.13209;4.67852
0.201449;-0.345569;0;1.1868;11.492;-5.24609;4.78244
0.205776;-0.343011;0;1.21259;11.7426;-5.36006;4.88634
0.21007;-0.340398;0;1.23837;11.9932;-5.47401;4.99022
0.214331;-0.337731;0;1.26414;12.2437;-5.5879;5.09404
0.218558;-0.335011;0;1.28989;12.494;-5.70172;5.19781
0.22275;-0.332238;0;1.31563;12.7441;-5.81546;5.30149
0.226908;-0.329413;0;1.34029;12.9842;-5.92449;5.40089
0.231029;-0.326536;0;1.36329;13.2085;-6.0261;5.49351
0.235114;-0.323607;0;1.3863;13.433;-6.12778;5.58621
0.239162;-0.320627;0;1.40932;13.6576;-6.22954;5.67897
0.243172;-0.317596;0;1.43236;13.8823;-6.33135;5.77178
0.247144;-0.314515;0;1.4554;14.1071;-6.43319;5.86463
0.251077;-0.311385;0;1.47845;14.3319;-6.53505;5.95749
0.25497;-0.308205;0;1.5015;14.5568;-6.63692;6.05035
0.258822;-0.304977;0;1.52455;14.7816;-6.73877;6.1432
0.262634;-0.301701;0;1.54759;15.0063;-6.84059;6.23603
0.266405;-0.298376;0;1.57062;15.231;-6.94237;6.32881
0.270133;-0.295005;0;1.59364;15.4555;-7.04409;6.42154
0.273819;-0.291587;0;1.61664;15.6799;-7.14574;6.5142
0.277461;-0.288124;0;1.63921;15.9001;-7.24549;6.60513
0.28106;-0.284614;0;1.65949;16.0985;-7.33512;6.68684
0.284614;-0.28106;0;1.6793;16.2924;-7.42262;6.76661
0.288124;-0.277461;0;1.69911;16.4864;-7.51016;6.84641
0.291587;-0.273819;0;1.71893;16.6804;-7.59773;6.92625
0.295005;-0.270133;0;1.73875;16.8745;-7.68533;7.0061
0.298376;-0.266405;0;1.75858;17.0686;-7.77292;7.08595
0.301701;-0.262634;0;1.7784;17.2626;-7.86051;7.1658
0.304977;-0.258822;0;1.79821;17.4566;-7.94807;7.24563
0.308205;-0.25497;0;1.81802;17.6506;-8.0356;7.32542
0.311385;-0.251077;0;1.83782;17.8444;-8.12307;7.40516
0.314515;-0.247144;0;1.8576;18.0381;-8.21048;7.48485
0.317596;-0.243172;0;1.87672;18.2254;-8.29495;7.56184
0.320627;-0.239162;0;1.89271;18.3825;-8.36563;7.62628
0.323607;-0.235114;0;1.90872;18.5399;-8.43637;7.69077
0.326536;-0.231029;0;1.92475;18.6973;-8.50716;7.7553
0.329413;-0.226908;0;1.94078;18.8548;-8.57798;7.81986
0.332238;-0.22275;0;1.95681;19.0123;-8.64883;7.88445
0.335011;-0.218558;0;1.97285;19.1699;-8.71969;7.94905
0.337731;-0.214331;0;1.98889;19.3275;-8.79056;8.01365
0.340398;-0.21007;0;2.00493;19.4851;-8.86142;8.07825
0.343011;-0.205776;0;2.02096;19.6426;-8.93225;8.14282
0.345569;-0.201449;0;2.03699;19.8;-9.00306;8.20737
0.348074;-0.197091;0;2.05301;19.9574;-9.07383;8.27189
0.350523;-0.192701;0;2.06901;20.1147;-9.14454;8.33635
0.352916;-0.188282;0;2.085;20.2718;-9.21519;8.40075
0.355255;-0.183832;0;2.09893;20.4088;-9.27672;8.45685
0.357537;-0.179353;0;2.11082;20.526;-9.32924;8.50472
0.359762;-0.174846;0;2.12271;20.6433;-9.38178;8.55262
0.361931;-0.170312;0;2.13408;20.7555;-9.43202;8.59842
0.364042;-0.16575;0;2.14538;20.8668;-9.4819;8.6439
0.366096;-0.161163;0;2.15667;20.9782;-9.53181;8.68939
0.368093;-0.156549;0;2.16797;21.0896;-9.58171;8.73489
0.370031;-0.151912;0;2.17927;21.201;-9.63162;8.78038
0.371911;-0.14725;0;2.19056;21.3123;-9.68151;8.82587
0.373732;-0.142565;0;2.20185;21.4236;-9.73139;8.87133
0.375494;-0.137857;0;2.21314;21.5349;-9.78124;8.91678
0.377196;-0.133128;0;2.22441;21.6461;-9.83106;8.96219
0.378839;-0.128377;0;2.23563;21.7567;-9.88061;9.00737
0.380423;-0.123607;0;2.24574;21.8564;-9.92526;9.04807
0.381946;-0.118817;0;2.25305;21.9287;-9.95751;9.07747
0.383409;-0.114008;0;2.26035;22.0011;-9.98978;9.10689
0.384811;-0.109181;0;2.26766;22.0735;-10.0221;9.13631
0.386153;-0.104337;0;2.2746;22.1422;-10.0527;9.16424
0.387433;-0.099476;0;2.28086;22.2041;-10.0803;9.18942
0.388653;-0.0945996;0;2.28712;22.2661;-10.1079;9.2146
0.389811;-0.0897083;0;2.29337;22.3281;-10.1356;9.23979
0.390907;-0.0848028;0;2.29963;22.39;-10.1632;9.26498
0.391942;-0.079884;0;2.30589;22.452;-10.1908;9.29017
0.392915;-0.0749525;0;2.31214;22.5139;-10.2184;9.31534
0.393826;-0.0700092;0;2.3184;22.5759;-10.2461;9.34051
0.394674;-0.0650549;0;2.32464;22.6377;-10.2736;9.36566
0.395461;-0.0600902;0;2.33089;22.6996;-10.3012;9.3908
0.396185;-0.0551161;0;2.33467;22.7372;-10.3179;9.40603
0.396846;-0.0501333;0;2.3375;22.7655;-10.3304;9.41739
0.397445;-0.0451426;0;2.34033;22.7938;-10.3429;9.42876
0.39798;-0.0401447;0;2.34233;22.8139;-10.3516;9.43677
0.398453;-0.0351405;0;2.34363;22.827;-10.3574;9.442
0.398864;-0.0301307;0;2.34493;22.8402;-10.3631;9.44723
0.399211;-0.0251162;0;2.34624;22.8534;-10.3689;9.45246
0.399495;-0.0200977;0;2.34754;22.8666;-10.3746;9.45769
0.399716;-0.0150761;0;2.34885;22.8798;-10.3803;9.46293
0.399874;-0.010052;0;2.35015;22.893;-10.3861;9.46816
0.399968;-0.00502642;0;2.35146;22.9062;-10.3918;9.47339
