0.4;0;0;2.24829;22.2498;-10.3975;9.47853
0.399968;0.00502642;0;2.24724;22.2534;-10.3915;9.47309
0.399874;0.010052;0;2.24616;22.257;-10.3854;9.46754
0.399716;0.0150761;0;2.24508;22.2605;-10.3793;9.46199
0.399495;0.0200977;0;2.24401;22.2641;-10.3732;9.45644
0.399211;0.0251162;0;2.24293;22.2677;-10.3671;9.45089
0.398864;0.0301307;0;2.24185;22.2713;-10.361;9.44534
0.398453;0.0351405;0;2.24077;22.2749;-10.355;9.43979
0.39798;0.0401447;0;2.2397;22.2785;-10.3489;9.43425
0.397445;0.0451426;0;2.23747;22.2694;-10.3377;9.42406
0.396846;0.0501333;0;2.23464;22.2534;-10.3238;9.41143
0.396185;0.0551161;0;2.23181;22.2375;-10.31;9.3988
0.395461;0.0600902;0;2.22898;22.2215;-10.2961;9.38617
0.394674;0.0650549;0;2.22369;22.1789;-10.2713;9.36354
0.393826;0.0700092;0;2.21788;22.1311;-10.2442;9.33879
0.392915;0.0749525;0;2.21207;22.0833;-10.217;9.31402
0.391942;0.079884;0;2.20625;22.0355;-10.1898;9.28924
0.390907;0.0848028;0;2.20044;21.9877;-10.1626;9.26445
0.389811;0.0897083;0;2.19462;21.9398;-10.1354;9.23966
0.388653;0.0945996;0;2.1888;21.8919;-10.1082;9.21487
0.387433;0.099476;0;2.18298;21.844;-10.081;9.19008
0.386153;0.104337;0;2.17682;21.7916;-10.0524;9.16394
0.384811;0.109181;0;2.16959;21.7287;-10.0189;9.13341
0.383409;0.114008;0;2.16235;21.6658;-9.98538;9.10287
0.381946;0.118817;0;2.15513;21.603;-9.95189;9.07235
0.380423;0.123607;0;2.1479;21.5402;-9.91841;9.04183
0.378839;0.128377;0;2.13835;21.4491;-9.87486;9.00212
0.377196;0.133128;0;2.12731;21.3408;-9.82477;8.95646
0.375494;0.137857;0;2.11634;21.2341;-9.7749;8.911
0.373732;0.142565;0;2.10538;21.1275;-9.72504;8.86554
0.371911;0.14725;0;2.0944;21.0207;-9.67515;8.82006
0.370031;0.151912;0;2.08343;20.914;-9.62524;8.77457
0.368093;0.156549;0;2.07245;20.8073;-9.57532;8.72906
0.366096;0.161163;0;2.06148;20.7006;-9.52541;8.68356
0.364042;0.16575;0;2.0505;20.5939;-9.4755;8.63806
0.361931;0.170312;0;2.03953;20.4872;-9.4256;8.59257
0.359762;0.174846;0;2.02856;20.3806;-9.37573;8.5471
0.357537;0.179353;0;2.01761;20.2741;-9.32588;8.50167
0.355255;0.183832;0;2.00666;20.1677;-9.27608;8.45626
0.352916;0.188282;0;1.99333;20.0346;-9.21582;8.40133
0.350523;0.192701;0;1.97769;19.8762;-9.14527;8.33702
0.348074;0.197091;0;1.96204;19.7177;-9.07466;8.27265
0.345569;0.201449;0;1.94638;19.5591;-9.004;8.20823
0.343011;0.205776;0;1.93071;19.4003;-8.93329;8.14377
0.340398;0.21007;0;1.91503;19.2416;-8.86256;8.07929
0.337731;0.214331;0;1.89934;19.0828;-8.7918;8.01479
0.335011;0.218558;0;1.88366;18.924;-8.72104;7.95028
0.332238;0.22275;0;1.86797;18.7652;-8.65028;7.88577
0.329413;0.226908;0;1.85229;18.6064;-8.57953;7.82128
0.326536;0.231029;0;1.83662;18.4478;-8.50881;7.75681
0.323607;0.235114;0;1.82094;18.2893;-8.43804;7.69229
0.320627;0.239162;0;1.8052;18.1298;-8.36706;7.62759
0.317596;0.243172;0;1.78948;17.9705;-8.29614;7.56293
0.314515;0.247144;0;1.77151;17.7892;-8.21503;7.48899
0.311385;0.251077;0;1.75217;17.5941;-8.12775;7.40943
0.308205;0.25497;0;1.73281;17.3989;-8.04041;7.3298
0.304977;0.258822;0;1.71343;17.2033;-7.95297;7.25009
0.301701;0.262634;0;1.69402;17.0073;-7.8654;7.17026
0.298376;0.266405;0;1.67459;16.8112;-7.77775;7.09036
0.295005;0.270133;0;1.65514;16.6149;-7.69;7.01036
0.291587;0.273819;0;1.63569;16.4187;-7.60224;6.93036
0.288124;0.277461;0;1.61625;16.2225;-7.5145;6.85037
0.284614;0.28106;0;1.59681;16.0264;-7.42679;6.77041
0.28106;0.284614;0;1.57738;15.8304;-7.33912;6.69049
0.277461;0.288124;0;1.55765;15.6316;-7.25009;6.60933
0.273819;0.291587;0;1.53519;15.4078;-7.14859;6.5168
0.270133;0.295005;0;1.51272;15.1837;-7.047;6.42419
0.266405;0.298376;0;1.49022;14.9596;-6.94533;6.3315
0.262634;0.301701;0;1.46772;14.7352;-6.8436;6.23876
0.258822;0.304977;0;1.4452;14.5108;-6.74182;6.14598
0.25497;0.308205;0;1.42268;14.2864;-6.64002;6.05318
0.251077;0.311385;0;1.40014;14.0619;-6.53816;5.96032
0.247144;0.314515;0;1.37761;13.8375;-6.43629;5.86745
0.243172;0.317596;0;1.35505;13.6127;-6.33433;5.77451
0.239162;0.320627;0;1.3325;13.3879;-6.23241;5.68159
0.235114;0.323607;0;1.30996;13.1632;-6.13054;5.58873
0.231029;0.326536;0;1.28744;12.9386;-6.02873;5.49592
0.226908;0.329413;0;1.26493;12.7142;-5.92701;5.40318
0.22275;0.332238;0;1.24105;12.4779;-5.81898;5.30471
0.218558;0.335011;0;1.21592;12.23;-5.7052;5.20098
0.214331;0.337731;0;1.19076;11.982;-5.59133;5.09717
0.21007;0.340398;0;1.16559;11.7337;-5.47739;4.9933
0.205776;0.343011;0;1.1404;11.4853;-5.3634;4.88939
0.201449;0.345569;0;1.11521;11.2369;-5.24938;4.78544
0.197091;0.348074;0;1.09001;10.9884;-5.13533;4.68148
0.192701;0.350523;0;1.06482;10.7398;-5.02129;4.57751
0.188282;0.352916;0;1.03963;10.4914;-4.90727;4.47357
0.183832;0.355255;0;1.01444;10.243;-4.79329;4.36966
0.179353;0.357537;0;0.989273;9.99466;-4.67936;4.2658
0.174846;0.359762;0;0.964118;9.74651;-4.56551;4.16201
0.170312;0.361931;0;0.938656;9.49628;-4.45019;4.05688
0.16575;0.364042;0;0.911492;9.22996;-4.32716;3.94472
0.161163;0.366096;0;0.884194;8.96226;-4.20352;3.83202
0.156549;0.368093;0;0.856869;8.69429;-4.07976;3.7192
0.151912;0.370031;0;0.82952;8.42609;-3.9559;3.60628
0.14725;0.371911;0;0.802152;8.1577;-3.83195;3.49329
0.142565;0.373732;0;0.77477;7.88917;-3.70794;3.38023
0.137857;0.375494;0;0.747377;7.62054;-3.58387;3.26713
0.133128;0.377196;0;0.719978;7.35185;-3.45978;3.15401
0.128377;0.378839;0;0.692577;7.08315;-3.33569;3.04088
0.123607;0.380423;0;0.665179;6.81447;-3.2116;2.92776
0.118817;0.381946;0;0.638465;6.55333;-3.09056;2.81741
0.114008;0.383409;0;0.61044;6.28032;-2.9635;2.70159
0.109181;0.384811;0;0.582402;6.00719;-2.83639;2.58571
0.104337;0.386153;0;0.554357;5.73399;-2.70924;2.4698
0.099476;0.387433;0;0.526308;5.46075;-2.58208;2.35388
0.0945996;0.388653;0;0.49826;5.18752;-2.45493;2.23796
0.0897083;0.389811;0;0.470217;4.91435;-2.3278;2.12207
0.0848028;0.390907;0;0.442185;4.64127;-2.20071;2.00621
0.079884;0.391942;0;0.414167;4.36833;-2.07369;1.89042
0.0749525;0.392915;0;0.386167;4.09557;-1.94675;1.7747
0.0700092;0.393826;0;0.358191;3.82304;-1.81992;1.65907
0.0650549;0.394674;0;0.330242;3.55078;-1.69321;1.54357
0.0600902;0.395461;0;0.302326;3.27883;-1.56665;1.42819
0.0551161;0.396185;0;0.274445;3.00723;-1.44025;1.31296
0.0501333;0.396846;0;0.245756;2.72799;-1.31019;1.1944
0.0451426;0.397445;0;0.216924;2.44777;-1.17945;1.07521
0.0401447;0.39798;0;0.188059;2.16722;-1.04856;0.955888
0.0351405;0.398453;0;0.159166;1.8864;-0.917538;0.836446
0.0301307;0.398864;0;0.130249;1.60535;-0.786408;0.716906
0.0251162;0.399211;0;0.101313;1.32411;-0.655192;0.597286
0.0200977;0.399495;0;0.0723618;1.04273;-0.523908;0.477606
0.0150761;0.399716;0;0.0434008;0.761257;-0.392579;0.357883
0.010052;0.399874;0;0.0144342;0.479725;-0.261225;0.238138
0.00502642;0.399968;0;-0.0145334;0.198184;-0.129866;0.118389
2.44929e-17;0.4;0;-0.0434973;-0.0833211;0.00147643;-0.00134594
-0.00502642;0.399968;0;-0.0724531;-0.364747;0.132782;-0.121047
-0.010052;0.399874;0;-0.101396;-0.646048;0.264029;-0.240695
-0.0150761;0.399716;0;-0.130322;-0.927181;0.395199;-0.360271
-0.0200977;0.399495;0;-0.159226;-1.2081;0.526268;-0.479757
-0.0251162;0.399211;0;-0.188103;-1.48876;0.657218;-0.599134
-0.0301307;0.398864;0;-0.216949;-1.76912;0.788028;-0.718382
-0.0351405;0.398453;0;-0.245535;-2.04764;0.917577;-0.836482
-0.0401447;0.39798;0;-0.274;-2.32512;1.04657;-0.954072
-0.0451426;0.397445;0;-0.302441;-2.60138;1.17557;-1.07168
-0.0501333;0.396846;0;-0.330906;-2.87786;1.30468;-1.18938
-0.0551161;0.396185;0;-0.359389;-3.15452;1.43388;-1.30715
-0.0600902;0.395461;0;-0.387886;-3.43131;1.56313;-1.42499
-0.0650549;0.394674;0;-0.416392;-3.7082;1.69243;-1.54286
-0.0700092;0.393826;0;-0.444904;-3.98514;1.82175;-1.66075
-0.0749525;0.392915;0;-0.473415;-4.26208;1.95108;-1.77864
-0.079884;0.391942;0;-0.501923;-4.53898;2.08038;-1.89652
-0.0848028;0.390907;0;-0.530421;-4.81579;2.20965;-2.01436
-0.0897083;0.389811;0;-0.558907;-5.09248;2.33885;-2.13214
-0.0945996;0.388653;0;-0.587375;-5.369;2.46797;-2.24986
-0.099476;0.387433;0;-0.615821;-5.64531;2.597;-2.36748
-0.104337;0.386153;0;-0.643895;-5.91894;2.72424;-2.48347
-0.109181;0.384811;0;-0.671276;-6.18652;2.84829;-2.59656
-0.114008;0.383409;0;-0.698413;-6.45081;2.97136;-2.70875
-0.118817;0.381946;0;-0.725571;-6.7153;3.09452;-2.82103
-0.123607;0.380423;0;-0.752746;-6.97996;3.21776;-2.93338
-0.128377;0.378839;0;-0.779933;-7.24474;3.34106;-3.04578
-0.133128;0.377196;0;-0.807129;-7.50961;3.46439;-3.15821
-0.137857;0.375494;0;-0.834328;-7.77451;3.58774;-3.27066
-0.142565;0.373732;0;-0.861527;-8.03941;3.71109;-3.3831
-0.14725;0.371911;0;-0.888721;-8.30427;3.83441;-3.49553
-0.151912;0.370031;0;-0.915795;-8.56802;3.95718;-3.60744
-0.156549;0.368093;0;-0.942873;-8.83161;4.07999;-3.7194
-0.161163;0.366096;0;-0.969937;-9.09504;4.20274;-3.8313
-0.16575;0.364042;0;-0.996982;-9.3583;4.3254;-3.94312
-0.170312;0.361931;0;-1.024;-9.62132;4.44796;-4.05485
-0.174846;0.359762;0;-1.04996;-9.87332;4.56581;-4.16228
-0.179353;0.357537;0;-1.07492;-10.1172;4.67898;-4.26545
-0.183832;0.355255;0;-1.0999;-10.3613;4.79223;-4.3687
-0.188282;0.352916;0;-1.12489;-10.6055;4.90556;-4.47201
-0.192701;0.350523;0;-1.1499;-10.8498;5.01893;-4.57536
-0.197091;0.348074;0;-1.17491;-11.0941;5.13234;-4.67875
-0.201449;0.345569;0;-1.19992;-11.3385;5.24576;-4.78214
-0.205776;0.343011;0;-1.22493;-11.5829;5.35918;-4.88554
-0.21007;0.340398;0;-1.24994;-11.8272;5.47258;-4.98891
-0.214331;0.337731;0;-1.27494;-12.0715;5.58594;-5.09225
-0.218558;0.335011;0;-1.29993;-12.3156;5.69924;-5.19554
-0.22275;0.332238;0;-1.32457;-12.5557;5.81103;-5.29745
-0.226908;0.329413;0;-1.3488;-12.79;5.9212;-5.39789
-0.231029;0.326536;0;-1.37093;-13.007;6.02155;-5.48937
-0.235114;0.323607;0;-1.39337;-13.2271;6.12329;-5.58211
-0.239162;0.320627;0;-1.41583;-13.4474;6.22509;-5.67492
-0.243172;0.317596;0;-1.43829;-13.6677;6.32695;-5.76778
-0.247144;0.314515;0;-1.46077;-13.8881;6.42884;-5.86066
-0.251077;0.311385;0;-1.48325;-14.1086;6.53075;-5.95357
-0.25497;0.308205;0;-1.50572;-14.329;6.63267;-6.04648
-0.258822;0.304977;0;-1.5282;-14.5495;6.73457;-6.13937
-0.262634;0.301701;0;-1.55067;-14.7698;6.83644;-6.23224
-0.266405;0.298376;0;-1.57313;-14.9901;6.93827;-6.32507
-0.270133;0.295005;0;-1.59557;-15.2102;7.04004;-6.41784
-0.273819;0.291587;0;-1.618;-15.4301;7.14173;-6.51054
-0.277461;0.288124;0;-1.63903;-15.6353;7.2372;-6.59758
-0.28106;0.284614;0;-1.65905;-15.8309;7.3281;-6.68044
-0.284614;0.28106;0;-1.67851;-16.0224;7.41633;-6.76088
-0.288124;0.277461;0;-1.69798;-16.214;7.5046;-6.84135
-0.291587;0.273819;0;-1.71746;-16.4056;7.59289;-6.92184
-0.295005;0.270133;0;-1.73693;-16.5972;7.6812;-7.00234
-0.298376;0.266405;0;-1.75641;-16.7888;7.7695;-7.08284
-0.301701;0.262634;0;-1.77588;-16.9804;7.85779;-7.16332
-0.304977;0.258822;0;-1.79534;-17.1718;7.94605;-7.24378
-0.308205;0.25497;0;-1.8148;-17.3632;8.03426;-7.32419
-0.311385;0.251077;0;-1.83424;-17.5544;8.12241;-7.40456
-0.314515;0.247144;0;-1.85366;-17.7455;8.21049;-7.48485
-0.317596;0.243172;0;-1.87176;-17.9224;8.2927;-7.5598
-0.320627;0.239162;0;-1.88745;-18.0772;8.36385;-7.62466
-0.323607;0.235114;0;-1.90315;-18.2321;8.43505;-7.68957
-0.326536;0.231029;0;-1.91886;-18.3871;8.5063;-7.75452
-0.329413;0.226908;0;-1.93458;-18.5421;8.57758;-7.8195
-0.332238;0.22275;0;-1.9503;-18.6972;8.64888;-7.8845
-0.335011;0.218558;0;-1.96602;-18.8523;8.72019;-7.9495
-0.337731;0.214331;0;-1.98149;-19.0042;8.7904;-8.01351
-0.340398;0.21007;0;-1.99697;-19.1567;8.86063;-8.07754
-0.343011;0.205776;0;-2.01245;-19.3091;8.93086;-8.14155
-0.345569;0.201449;0;-2.02792;-19.4615;9.00106;-8.20555
-0.348074;0.197091;0;-2.04339;-19.6139;9.07122;-8.26951
-0.350523;0.192701;0;-2.05884;-19.7661;9.14134;-8.33343
-0.352916;0.188282;0;-2.07429;-19.9182;9.21139;-8.3973
-0.355255;0.183832;0;-2.08822;-20.0551;9.27464;-8.45495
-0.357537;0.179353;0;-2.09973;-20.169;9.32689;-8.50258
-0.359762;0.174846;0;-2.1113;-20.2833;9.37934;-8.5504
-0.361931;0.170312;0;-2.12286;-20.3976;9.43181;-8.59823
-0.364042;0.16575;0;-2.13443;-20.512;9.48428;-8.64607
-0.366096;0.161163;0;-2.14599;-20.6263;9.53676;-8.6939
-0.368093;0.156549;0;-2.15756;-20.7407;9.58922;-8.74173
-0.370031;0.151912;0;-2.16912;-20.855;9.64166;-8.78953
-0.371911;0.14725;0;-2.18067;-20.9693;9.69408;-8.83732
-0.373732;0.142565;0;-2.19222;-21.0836;9.74646;-8.88507
-0.375494;0.137857;0;-2.20376;-21.1977;9.7988;-8.93278
-0.377196;0.133128;0;-2.21497;-21.3095;9.84958;-8.97907
-0.378839;0.128377;0;-2.22278;-21.3875;9.88497;-9.01134
-0.380423;0.123607;0;-2.22999;-21.4589;9.9177;-9.04118
-0.381946;0.118817;0;-2.2372;-21.5304;9.95046;-9.07104
-0.383409;0.114008;0;-2.24442;-21.6018;9.98323;-9.10092
-0.384811;0.109181;0;-2.25164;-21.6734;10.016;-9.1308
-0.386153;0.104337;0;-2.25887;-21.7449;10.0488;-9.1607
-0.387433;0.099476;0;-2.26609;-21.8165;10.0816;-9.19059
-0.388653;0.0945996;0;-2.27331;-21.8881;10.1144;-9.22048
-0.389811;0.0897083;0;-2.28053;-21.9596;10.1472;-9.25036
-0.390907;0.0848028;0;-2.28775;-22.0311;10.1799;-9.28023
-0.391942;0.079884;0;-2.29497;-22.1026;10.2127;-9.31008
-0.392915;0.0749525;0;-2.30217;-22.1741;10.2454;-9.33991
-0.393826;0.0700092;0;-2.30938;-22.2455;10.2781;-9.36971
-0.394674;0.0650549;0;-2.31651;-22.3162;10.3105;-9.39924
-0.395461;0.0600902;0;-2.31933;-22.344;10.3233;-9.41096
-0.396185;0.0551161;0;-2.32171;-22.3675;10.3342;-9.42082
-0.396846;0.0501333;0;-2.32409;-22.391;10.345;-9.43069
-0.397445;0.0451426;0;-2.32646;-22.4145;10.3558;-9.44056
-0.39798;0.0401447;0;-2.32884;-22.4379;10.3666;-9.45042
-0.398453;0.0351405;0;-2.33116;-22.4613;10.3772;-9.46004
-0.398864;0.0301307;0;-2.33341;-22.4835;10.3874;-9.46937
-0.399211;0.0251162;0;-2.33563;-22.5054;10.3975;-9.47862
-0.399495;0.0200977;0;-2.33785;-22.5272;10.4077;-9.48786
-0.399716;0.0150761;0;-2.34007;-22.549;10.4178;-9.49709
-0.399874;0.010052;0;-2.34229;-22.5707;10.4279;-9.50631
-0.399968;0.00502642;0;-2.3445;-22.5924;10.438;-9.51551
-0.4;4.89859e-17;0;-2.34671;-22.6141;10.4481;-9.52471
-0.399968;-0.00502642;0;-2.34515;-22.5983;10.4411;-9.51833
-0.399874;-0.010052;0;-2.34279;-22.5746;10.4305;-9.50864
-0.399716;-0.0150761;0;-2.34042;-22.5508;10.4198;-9.49894
-0.399495;-0.0200977;0;-2.33806;-22.527;10.4092;-9.48922
-0.399211;-0.0251162;0;-2.33569;-22.5032;10.3985;-9.47949
-0.398864;-0.0301307;0;-2.33331;-22.4793;10.3878;-9.46975
-0.398453;-0.0351405;0;-2.33094;-22.4554;10.3771;-9.46001
-0.39798;-0.0401447;0;-2.32856;-22.4315;10.3664;-9.45026
-0.397445;-0.0451426;0;-2.32618;-22.4075;10.3557;-9.4405
-0.396846;-0.0501333;0;-2.32381;-22.3835;10.345;-9.43074
-0.396185;-0.0551161;0;-2.32143;-22.3595;10.3343;-9.42098
-0.395461;-0.0600902;0;-2.31905;-22.3355;10.3236;-9.41122
-0.394674;-0.0650549;0;-2.31666;-22.3114;10.3129;-9.40142
-0.393826;-0.0700092;0;-2.30967;-22.2417;10.2813;-9.37262
-0.392915;-0.0749525;0;-2.3025;-22.1703;10.2489;-9.34308
-0.391942;-0.079884;0;-2.29533;-22.0987;10.2164;-9.31351
-0.390907;-0.0848028;0;-2.28815;-22.0271;10.184;-9.28392
-0.389811;-0.0897083;0;-2.28097;-21.9555;10.1515;-9.25432
-0.388653;-0.0945996;0;-2.27378;-21.8838;10.119;-9.2247
-0.387433;-0.099476;0;-2.26659;-21.812;10.0865;-9.19507
-0.386153;-0.104337;0;-2.2594;-21.7403;10.054;-9.16543
-0.384811;-0.109181;0;-2.25221;-21.6685;10.0215;-9.1358
-0.383409;-0.114008;0;-2.24502;-21.5967;9.98899;-9.10617
-0.381946;-0.118817;0;-2.23784;-21.5249;9.9565;-9.07655
-0.380423;-0.123607;0;-2.23065;-21.4532;9.92402;-9.04694
-0.378839;-0.128377;0;-2.22312;-21.378;9.88994;-9.01587
-0.377196;-0.133128;0;-2.21241;-21.2717;9.84144;-8.97166
-0.375494;-0.137857;0;-2.20169;-21.1654;9.7929;-8.92741
-0.373732;-0.142565;0;-2.19096;-21.0589;9.74434;-8.88314
-0.371911;-0.14725;0;-2.17915;-20.9401;9.69098;-8.8345
-0.370031;-0.151912;0;-2.16719;-20.8201;9.63696;-8.78525
-0.368093;-0.156549;0;-2.15523;-20.7001;9.58291;-8.73598
-0.366096;-0.161163;0;-2.14326;-20.5801;9.52883;-8.68668
-0.364042;-0.16575;0;-2.13129;-20.4601;9.47475;-8.63737
-0.361931;-0.170312;0;-2.11932;-20.34;9.42066;-8.58806
-0.359762;-0.174846;0;-2.10735;-20.22;9.36657;-8.53876
-0.357537;-0.179353;0;-2.09538;-20.1;9.3125;-8.48946
-0.355255;-0.183832;0;-2.08198;-19.9668;9.25188;-8.4342
-0.352916;-0.188282;0;-2.06827;-19.8307;9.18985;-8.37766
-0.350523;-0.192701;0;-2.05396;-19.6893;9.12502;-8.31855
-0.348074;-0.197091;0;-2.03882;-19.5402;9.05638;-8.25598
-0.345569;-0.201449;0;-2.02368;-19.391;8.98771;-8.19338
-0.343011;-0.205776;0;-2.00853;-19.2418;8.91902;-8.13076
-0.340398;-0.21007;0;-1.99337;-19.0925;8.85032;-8.06813
-0.337731;-0.214331;0;-1.97822;-18.9433;8.78161;-8.0055
-0.335011;-0.218558;0;-1.96307;-18.794;8.71292;-7.94287
-0.332238;-0.22275;0;-1.94792;-18.6449;8.64424;-7.88027
-0.329413;-0.226908;0;-1.93278;-18.4958;8.5756;-7.81769
-0.326536;-0.231029;0;-1.91715;-18.3417;8.50475;-7.75311
-0.323607;-0.235114;0;-1.90129;-18.1848;8.43292;-7.68762
-0.320627;-0.239162;0;-1.88544;-18.028;8.36112;-7.62217
-0.317596;-0.243172;0;-1.86956;-17.8712;8.28917;-7.55658
-0.314515;-0.247144;0;-1.85128;-17.6923;8.20618;-7.48092
-0.311385;-0.251077;0;-1.8318;-17.4999;8.11792;-7.40046
-0.308205;-0.25497;0;-1.8123;-17.3074;8.02959;-7.31993
-0.304977;-0.258822;0;-1.79279;-17.1147;7.9412;-7.23936
-0.301701;-0.262634;0;-1.77326;-16.9219;7.85276;-7.15874
-0.298376;-0.266405;0;-1.75373;-16.729;7.76429;-7.07809
-0.295005;-0.270133;0;-1.7342;-16.5361;7.67581;-6.99742
-0.291587;-0.273819;0;-1.71466;-16.3432;7.58732;-6.91676
-0.288124;-0.277461;0;-1.69513;-16.1502;7.49884;-6.8361
-0.284614;-0.28106;0;-1.6756;-15.9574;7.41039;-6.75546
-0.28106;-0.284614;0;-1.65608;-15.7645;7.32197;-6.67486
-0.277461;-0.288124;0;-1.63573;-15.5654;7.2296;-6.59065
-0.273819;-0.291587;0;-1.61492;-15.362;7.13517;-6.50456
-0.270133;-0.295005;0;-1.59309;-15.1472;7.03625;-6.41439
-0.266405;-0.298376;0;-1.57076;-14.9275;6.93506;-6.32214
-0.262634;-0.301701;0;-1.54842;-14.7077;6.83382;-6.22985
-0.258822;-0.304977;0;-1.52606;-14.4878;6.73254;-6.13752
-0.25497;-0.308205;0;-1.50371;-14.2678;6.63125;-6.04518
-0.251077;-0.311385;0;-1.48135;-14.0479;6.52995;-5.95283
-0.247144;-0.314515;0;-1.459;-13.828;6.42866;-5.8605
-0.243172;-0.317596;0;-1.43665;-13.6081;6.32741;-5.7682
-0.239162;-0.320627;0;-1.41432;-13.3883;6.2262;-5.67593
-0.235114;-0.323607;0;-1.39199;-13.1687;6.12505;-5.58372
-0.231029;-0.326536;0;-1.36969;-12.9492;6.02398;-5.49159
-0.226908;-0.329413;0;-1.34686;-12.726;5.92041;-5.39717
-0.22275;-0.332238;0;-1.32263;-12.4906;5.81033;-5.29682
-0.218558;-0.335011;0;-1.29785;-12.248;5.69802;-5.19443
-0.214331;-0.337731;0;-1.27284;-12.0029;5.58462;-5.09105
-0.21007;-0.340398;0;-1.24781;-11.7577;5.47116;-4.98762
-0.205776;-0.343011;0;-1.22277;-11.5123;5.35766;-4.88415
-0.201449;-0.345569;0;-1.19773;-11.267;5.24414;-4.78067
-0.197091;-0.348074;0;-1.17268;-11.0216;5.13062;-4.67718
-0.192701;-0.350523;0;-1.14764;-10.7762;5.01711;-4.5737
-0.188282;-0.352916;0;-1.12261;-10.5309;4.90363;-4.47025
-0.183832;-0.355255;0;-1.09758;-10.2857;4.7902;-4.36684
-0.179353;-0.357537;0;-1.07257;-10.0406;4.67684;-4.2635
-0.174846;-0.359762;0;-1.04758;-9.79575;4.56356;-4.16024
-0.170312;-0.361931;0;-1.02173;-9.54498;4.44612;-4.05317
-0.16575;-0.364042;0;-0.994982;-9.28399;4.3248;-3.94258
-0.161163;-0.366096;0;-0.967956;-9.02016;4.20225;-3.83085
-0.156549;-0.368093;0;-0.940912;-8.75614;4.07961;-3.71905
-0.151912;-0.370031;0;-0.913854;-8.492;3.95691;-3.6072
-0.14725;-0.371911;0;-0.886788;-8.22776;3.83417;-3.49531
-0.142565;-0.373732;0;-0.859717;-7.96347;3.71141;-3.3834
-0.137857;-0.375494;0;-0.832645;-7.69917;3.58865;-3.27149
-0.133128;-0.377196;0;-0.805577;-7.43491;3.46591;-3.1596
-0.128377;-0.378839;0;-0.778518;-7.17072;3.34321;-3.04773
-0.123607;-0.380423;0;-0.75147;-6.90665;3.22056;-2.93592
-0.118817;-0.381946;0;-0.72444;-6.64274;3.09798;-2.82418
-0.114008;-0.383409;0;-0.69743;-6.37903;2.9755;-2.71253
-0.109181;-0.384811;0;-0.670475;-6.11598;2.85326;-2.60109
-0.104337;-0.386153;0;-0.642253;-5.84164;2.72519;-2.48434
-0.099476;-0.387433;0;-0.613957;-5.56614;2.59684;-2.36733
-0.0945996;-0.388653;0;-0.585645;-5.29048;2.46842;-2.25026
-0.0897083;-0.389811;0;-0.557323;-5.01471;2.33994;-2.13314
-0.0848028;-0.390907;0;-0.529011;-4.73894;2.21153;-2.01608
-0.079884;-0.391942;0;-0.500648;-4.4627;2.08288;-1.8988
-0.0749525;-0.392915;0;-0.472267;-4.18632;1.95415;-1.78144
-0.0700092;-0.393826;0;-0.44389;-3.90999;1.82543;-1.6641
-0.0650549;-0.394674;0;-0.415522;-3.63374;1.69675;-1.54679
-0.0600902;-0.395461;0;-0.387166;-3.35763;1.56813;-1.42954
-0.0551161;-0.396185;0;-0.358829;-3.08169;1.4396;-1.31237
-0.0501333;-0.396846;0;-0.330216;-2.8028;1.30986;-1.19409
-0.0451426;-0.397445;0;-0.301361;-2.52225;1.17895;-1.07475
-0.0401447;-0.39798;0;-0.27249;-2.24154;1.04796;-0.955343
-0.0351405;-0.398453;0;-0.243607;-1.96072;0.916923;-0.835886
-0.0301307;-0.398864;0;-0.214765;-1.68035;0.786065;-0.716593
-0.0251162;-0.399211;0;-0.185855;-1.39928;0.654901;-0.597021
-0.0200977;-0.399495;0;-0.156943;-1.1182;0.523728;-0.477441
-0.0150761;-0.399716;0;-0.128034;-0.837144;0.392567;-0.357872
-0.010052;-0.399874;0;-0.0991314;-0.556155;0.261438;-0.238333
-0.00502642;-0.399968;0;-0.070241;-0.27528;0.130363;-0.118842
-7.34788e-17;-0.4;0;-0.041367;0.00543752;-0.000637397;0.000581064
0.00502642;-0.399968;0;-0.0127171;0.284069;-0.13061;0.119067
0.010052;-0.399874;0;0.0160539;0.564099;-0.261107;0.238031
0.0150761;-0.399716;0;0.0448488;0.844364;-0.391713;0.357093
0.0200977;-0.399495;0;0.0736632;1.12482;-0.522406;0.476236
0.0251162;-0.399211;0;0.102492;1.40542;-0.653168;0.595441
0.0301307;-0.398864;0;0.131332;1.68612;-0.783975;0.714688
0.0351405;-0.398453;0;0.160177;1.96688;-0.914809;0.833959
0.0401447;-0.39798;0;0.189024;2.24765;-1.04565;0.953235
0.0451426;-0.397445;0;0.217867;2.52839;-1.17647;1.0725
0.0501333;-0.396846;0;0.246702;2.80906;-1.30726;1.19173
0.0551161;-0.396185;0;0.27532;3.08493;-1.43736;1.31032
0.0600902;-0.395461;0;0.304037;3.36171;-1.56791;1.42934
0.0650549;-0.394674;0;0.332034;3.63321;-1.69502;1.54521
0.0700092;-0.393826;0;0.360478;3.90911;-1.82415;1.66293
0.0749525;-0.392915;0;0.388924;4.18504;-1.95329;1.78066
0.079884;-0.391942;0;0.417369;4.46095;-2.08242;1.89838
0.0848028;-0.390907;0;0.4452;4.7312;-2.20874;2.01353
0.0897083;-0.389811;0;0.473261;5.00411;-2.33605;2.12959
0.0945996;-0.388653;0;0.501329;5.27709;-2.4634;2.24568
0.099476;-0.387433;0;0.529401;5.5501;-2.59076;2.36179
0.104337;-0.386153;0;0.557471;5.8231;-2.71811;2.47789
0.109181;-0.384811;0;0.585536;6.09604;-2.84544;2.59396
0.114008;-0.383409;0;0.61359;6.36889;-2.97272;2.70999
0.118817;-0.381946;0;0.640378;6.62926;-3.09429;2.82082
0.123607;-0.380423;0;0.667469;6.89246;-3.21726;2.93292
0.128377;-0.378839;0;0.694573;7.1558;-3.3403;3.04508
0.133128;-0.377196;0;0.721687;7.41923;-3.46338;3.15729
0.137857;-0.375494;0;0.748807;7.68272;-3.58648;3.26951
0.142565;-0.373732;0;0.775929;7.94623;-3.7096;3.38174
0.14725;-0.371911;0;0.803048;8.20971;-3.83269;3.49396
0.151912;-0.370031;0;0.830159;8.47313;-3.95576;3.60615
0.156549;-0.368093;0;0.857259;8.73643;-4.07877;3.71829
0.161163;-0.366096;0;0.884344;8.99958;-4.20172;3.83037
0.16575;-0.364042;0;0.911408;9.26255;-4.32457;3.94237
0.170312;-0.361931;0;0.938011;9.52167;-4.44525;4.05238
0.174846;-0.359762;0;0.963876;9.77404;-4.56254;4.15931
0.179353;-0.357537;0;0.988936;10.0174;-4.67634;4.26305
0.183832;-0.355255;0;1.01401;10.261;-4.79021;4.36685
0.188282;-0.352916;0;1.0391;10.5047;-4.90414;4.47071
0.192701;-0.350523;0;1.0642;10.7485;-5.01811;4.57461
0.197091;-0.348074;0;1.08931;10.9924;-5.13209;4.67852
0.201449;-0.345569;0;1.11441;11.2362;-5.24609;4.78244
0.205776;-0.343011;0;1.13951;11.48;-5.36006;4.88634
0.21007;-0.340398;0;1.1646;11.7238;-5.47401;4.99022
0.214331;-0.337731;0;1.18969;11.9674;-5.5879;5.09404
0.218558;-0.335011;0;1.21475;12.211;-5.70172;5.19781
0.22275;-0.332238;0;1.2398;12.4543;-5.81546;5.30149
0.226908;-0.329413;0;1.26385;12.6895;-5.92449;5.40089
0.231029;-0.326536;0;1.28621;12.9062;-6.0261;5.49351
0.235114;-0.323607;0;1.30859;13.1231;-6.12778;5.58621
0.239162;-0.320627;0;1.33098;13.3402;-6.22954;5.67897
0.243172;-0.317596;0;1.35339;13.5574;-6.33135;5.77178
0.247144;-0.314515;0;1.3758;13.7746;-6.43319;5.86463
0.251077;-0.311385;0;1.39822;13.9919;-6.53505;5.95749
0.25497;-0.308205;0;1.42064;14.2092;-6.63692;6.05035
0.258822;-0.304977;0;1.44305;14.4265;-6.73877;6.1432
0.262634;-0.301701;0;1.46546;14.6437;-6.84059;6.23603
0.266405;-0.298376;0;1.48786;14.8609;-6.94237;6.32881
0.270133;-0.295005;0;1.51024;15.0779;-7.04409;6.42154
0.273819;-0.291587;0;1.53261;15.2947;-7.14574;6.5142
0.277461;-0.288124;0;1.55457;15.5076;-7.24549;6.60513
0.28106;-0.284614;0;1.57428;15.6981;-7.33512;6.68684
0.284614;-0.28106;0;1.59351;15.8835;-7.42262;6.76661
0.288124;-0.277461;0;1.61275;16.069;-7.51016;6.84641
0.291587;-0.273819;0;1.632;16.2546;-7.59773;6.92625
0.295005;-0.270133;0;1.65125;16.4402;-7.68533;7.0061
0.298376;-0.266405;0;1.67051;16.6258;-7.77292;7.08595
0.301701;-0.262634;0;1.68976;16.8114;-7.86051;7.1658
0.304977;-0.258822;0;1.70901;16.997;-7.94807;7.24563
0.308205;-0.25497;0;1.72825;17.1826;-8.0356;7.32542
0.311385;-0.251077;0;1.74747;17.368;-8.12307;7.40516
0.314515;-0.247144;0;1.76669;17.5533;-8.21048;7.48485
0.317596;-0.243172;0;1.78527;17.7332;-8.29495;7.56184
0.320627;-0.239162;0;1.80077;17.881;-8.36563;7.62628
0.323607;-0.235114;0;1.81629;18.029;-8.43637;7.69077
0.326536;-0.231029;0;1.83181;18.1771;-8.50716;7.7553
0.329413;-0.226908;0;1.84735;18.3253;-8.57798;7.81986
0.332238;-0.22275;0;1.86289;18.4735;-8.64883;7.88445
0.335011;-0.218558;0;1.87843;18.6218;-8.71969;7.94905
0.337731;-0.214331;0;1.89398;18.7701;-8.79056;8.01365
0.340398;-0.21007;0;1.90952;18.9184;-8.86142;8.07825
0.343011;-0.205776;0;1.92506;19.0666;-8.93225;8.14282
0.345569;-0.201449;0;1.94059;19.2148;-9.00306;8.20737
0.348074;-0.197091;0;1.95611;19.3629;-9.07383;8.27189
0.350523;-0.192701;0;1.97162;19.5109;-9.14454;8.33635
0.352916;-0.188282;0;1.98712;19.6588;-9.21519;8.40075
0.355255;-0.183832;0;2.00062;19.7872;-9.27672;8.45685
0.357537;-0.179353;0;2.01213;19.8965;-9.32924;8.50472
0.359762;-0.174846;0;2.02364;20.0059;-9.38178;8.55262
0.361931;-0.170312;0;2.03465;20.1103;-9.43202;8.59842
0.364042;-0.16575;0;2.04558;20.2135;-9.4819;8.6439
0.366096;-0.161163;0;2.0565;20.3168;-9.53181;8.68939
0.368093;-0.156549;0;2.06743;20.42;-9.58171;8.73489
0.370031;-0.151912;0;2.07836;20.5232;-9.63162;8.78038
0.371911;-0.14725;0;2.08928;20.6263;-9.68151;8.82587
0.373732;-0.142565;0;2.1002;20.7294;-9.73139;8.87133
0.375494;-0.137857;0;2.11111;20.8324;-9.78124;8.91678
0.377196;-0.133128;0;2.12202;20.9354;-9.83106;8.96219
0.378839;-0.128377;0;2.13286;21.0375;-9.88061;9.00737
0.380423;-0.123607;0;2.14264;21.1298;-9.92526;9.04807
0.381946;-0.118817;0;2.14975;21.1996;-9.95751;9.07747
0.383409;-0.114008;0;2.15686;21.2693;-9.98978;9.10689
0.384811;-0.109181;0;2.16398;21.3391;-10.0221;9.13631
0.386153;-0.104337;0;2.17072;21.4046;-10.0527;9.16424
0.387433;-0.099476;0;2.1768;21.4636;-10.0803;9.18942
0.388653;-0.0945996;0;2.18288;21.5226;-10.1079;9.2146
0.389811;-0.0897083;0;2.18896;21.5816;-10.1356;9.23979
0.390907;-0.0848028;0;2.19503;21.6406;-10.1632;9.26498
0.391942;-0.079884;0;2.20111;21.6997;-10.1908;9.29017
0.392915;-0.0749525;0;2.20719;21.7587;-10.2184;9.31534
0.393826;-0.0700092;0;2.21327;21.8177;-10.2461;9.34051
0.394674;-0.0650549;0;2.21934;21.8766;-10.2736;9.36566
0.395461;-0.0600902;0;2.2254;21.9356;-10.3012;9.3908
0.396185;-0.0551161;0;2.2292;21.9789;-10.3179;9.40603
0.396846;-0.0501333;0;2.23212;22.0168;-10.3304;9.41739
0.397445;-0.0451426;0;2.23504;22.0548;-10.3429;9.42876
0.39798;-0.0401447;0;2.23714;22.0836;-10.3516;9.43677
0.398453;-0.0351405;0;2.23853;22.1044;-10.3574;9.442
0.398864;-0.0301307;0;2.23993;22.1252;-10.3631;9.44723
0.399211;-0.0251162;0;2.24133;22.146;-10.3689;9.45246
0.399495;-0.0200977;0;2.24273;22.1669;-10.3746;9.45769
0.399716;-0.0150761;0;2.24413;22.1877;-10.3803;9.46293
0.399874;-0.010052;0;2.24552;22.2086;-10.3861;9.46816
0.399968;-0.00502642;0;2.24692;22.2294;-10.3918;9.47339
