0.4;0;0;2.54144;24.7696;-10.3975;9.47853
0.399968;0.00502642;0;2.53999;24.7555;-10.3915;9.47309
0.399874;0.010052;0;2.53851;24.7411;-10.3854;9.46754
0.399716;0.0150761;0;2.53702;24.7267;-10.3793;9.46199
0.399495;0.0200977;0;2.53554;24.7123;-10.3732;9.45644
0.399211;0.0251162;0;2.53406;24.6979;-10.3671;9.45089
0.398864;0.0301307;0;2.53257;24.6835;-10.361;9.44534
0.398453;0.0351405;0;2.53109;24.6691;-10.355;9.43979
0.39798;0.0401447;0;2.52961;24.6547;-10.3489;9.43425
0.397445;0.0451426;0;2.52688;24.6276;-10.3377;9.42406
0.396846;0.0501333;0;2.52348;24.5939;-10.3238;9.41143
0.396185;0.0551161;0;2.52009;24.5601;-10.31;9.3988
0.395461;0.0600902;0;2.5167;24.5264;-10.2961;9.38617
0.394674;0.0650549;0;2.51063;24.4665;-10.2713;9.36354
0.393826;0.0700092;0;2.504;24.4011;-10.2442;9.33879
0.392915;0.0749525;0;2.49736;24.3356;-10.217;9.31402
0.391942;0.079884;0;2.49071;24.2702;-10.1898;9.28924
0.390907;0.0848028;0;2.48407;24.2046;-10.1626;9.26445
0.389811;0.0897083;0;2.47742;24.1391;-10.1354;9.23966
0.388653;0.0945996;0;2.47077;24.0736;-10.1082;9.21487
0.387433;0.099476;0;2.46413;24.0081;-10.081;9.19008
0.386153;0.104337;0;2.45712;23.9387;-10.0524;9.16394
0.384811;0.109181;0;2.44892;23.8573;-10.0189;9.13341
0.383409;0.114008;0;2.44072;23.7759;-9.98538;9.10287
0.381946;0.118817;0;2.43253;23.6946;-9.95189;9.07235
0.380423;0.123607;0;2.42434;23.6133;-9.91841;9.04183
0.378839;0.128377;0;2.41368;23.5078;-9.87486;9.00212
0.377196;0.133128;0;2.40143;23.3867;-9.82477;8.95646
0.375494;0.137857;0;2.38924;23.2664;-9.7749;8.911
0.373732;0.142565;0;2.37704;23.1462;-9.72504;8.86554
0.371911;0.14725;0;2.36484;23.0258;-9.67515;8.82006
0.370031;0.151912;0;2.35264;22.9055;-9.62524;8.77457
0.368093;0.156549;0;2.34043;22.7851;-9.57532;8.72906
0.366096;0.161163;0;2.32823;22.6647;-9.52541;8.68356
0.364042;0.16575;0;2.31602;22.5443;-9.4755;8.63806
0.361931;0.170312;0;2.30382;22.424;-9.4256;8.59257
0.359762;0.174846;0;2.29163;22.3037;-9.37573;8.5471
0.357537;0.179353;0;2.27944;22.1835;-9.32588;8.50167
0.355255;0.183832;0;2.26726;22.0634;-9.27608;8.45626
0.352916;0.188282;0;2.25253;21.9183;-9.21582;8.40133
0.350523;0.192701;0;2.23527;21.7485;-9.14527;8.33702
0.348074;0.197091;0;2.21801;21.5786;-9.07466;8.27265
0.345569;0.201449;0;2.20073;21.4086;-9.004;8.20823
0.343011;0.205776;0;2.18344;21.2385;-8.93329;8.14377
0.340398;0.21007;0;2.16614;21.0683;-8.86256;8.07929
0.337731;0.214331;0;2.14884;20.8981;-8.7918;8.01479
0.335011;0.218558;0;2.13154;20.7279;-8.72104;7.95028
0.332238;0.22275;0;2.11423;20.5576;-8.65028;7.88577
0.329413;0.226908;0;2.09693;20.3874;-8.57953;7.82128
0.326536;0.231029;0;2.07964;20.2173;-8.50881;7.75681
0.323607;0.235114;0;2.06233;20.047;-8.43804;7.69229
0.320627;0.239162;0;2.04498;19.8762;-8.36706;7.62759
0.317596;0.243172;0;2.02763;19.7055;-8.29614;7.56293
0.314515;0.247144;0;2.0078;19.5109;-8.21503;7.48899
0.311385;0.251077;0;1.98646;19.3018;-8.12775;7.40943
0.308205;0.25497;0;1.96511;19.0924;-8.04041;7.3298
0.304977;0.258822;0;1.94373;18.8829;-7.95297;7.25009
0.301701;0.262634;0;1.92232;18.673;-7.8654;7.17026
0.298376;0.266405;0;1.90089;18.4629;-7.77775;7.09036
0.295005;0.270133;0;1.87943;18.2526;-7.69;7.01036
0.291587;0.273819;0;1.85798;18.0423;-7.60224;6.93036
0.288124;0.277461;0;1.83652;17.832;-7.5145;6.85037
0.284614;0.28106;0;1.81508;17.6217;-7.42679;6.77041
0.28106;0.284614;0;1.79364;17.4116;-7.33912;6.69049
0.277461;0.288124;0;1.77188;17.1984;-7.25009;6.60933
0.273819;0.291587;0;1.74706;16.9561;-7.14859;6.5168
0.270133;0.295005;0;1.72223;16.7136;-7.047;6.42419
0.266405;0.298376;0;1.69738;16.471;-6.94533;6.3315
0.262634;0.301701;0;1.67251;16.2282;-6.8436;6.23876
0.258822;0.304977;0;1.64763;15.9853;-6.74182;6.14598
0.25497;0.308205;0;1.62274;15.7423;-6.64002;6.05318
0.251077;0.311385;0;1.59784;15.4992;-6.53816;5.96032
0.247144;0.314515;0;1.57294;15.2561;-6.43629;5.86745
0.243172;0.317596;0;1.54802;15.0127;-6.33433;5.77451
0.239162;0.320627;0;1.5231;14.7694;-6.23241;5.68159
0.235114;0.323607;0;1.4982;14.5263;-6.13054;5.58873
0.231029;0.326536;0;1.47331;14.2833;-6.02873;5.49592
0.226908;0.329413;0;1.44844;14.0405;-5.92701;5.40318
0.22275;0.332238;0;1.42204;13.7832;-5.81898;5.30471
0.218558;0.335011;0;1.39423;13.5127;-5.7052;5.20098
0.214331;0.337731;0;1.3664;13.242;-5.59133;5.09717
0.21007;0.340398;0;1.33855;12.9711;-5.47739;4.9933
0.205776;0.343011;0;1.31069;12.7001;-5.3634;4.88939
0.201449;0.345569;0;1.28282;12.429;-5.24938;4.78544
0.197091;0.348074;0;1.25495;12.1578;-5.13533;4.68148
0.192701;0.350523;0;1.22707;11.8867;-5.02129;4.57751
0.188282;0.352916;0;1.1992;11.6156;-4.90727;4.47357
0.183832;0.355255;0;1.17135;11.3446;-4.79329;4.36966
0.179353;0.357537;0;1.1435;11.0737;-4.67936;4.2658
0.174846;0.359762;0;1.11567;10.8031;-4.56551;4.16201
0.170312;0.361931;0;1.08749;10.5292;-4.45019;4.05688
0.16575;0.364042;0;1.05742;10.2374;-4.32716;3.94472
0.161163;0.366096;0;1.0272;9.94419;-4.20352;3.83202
0.156549;0.368093;0;0.996956;9.65067;-4.07976;3.7192
0.151912;0.370031;0;0.966683;9.3569;-3.9559;3.60628
0.14725;0.371911;0;0.93639;9.06293;-3.83195;3.49329
0.142565;0.373732;0;0.90608;8.7688;-3.70794;3.38023
0.137857;0.375494;0;0.875759;8.47456;-3.58387;3.26713
0.133128;0.377196;0;0.845431;8.18026;-3.45978;3.15401
0.128377;0.378839;0;0.815101;7.88594;-3.33569;3.04088
0.123607;0.380423;0;0.784774;7.59164;-3.2116;2.92776
0.118817;0.381946;0;0.755194;7.30498;-3.09056;2.81741
0.114008;0.383409;0;0.724148;7.00457;-2.9635;2.70159
0.109181;0.384811;0;0.693089;6.70403;-2.83639;2.58571
0.104337;0.386153;0;0.662021;6.4034;-2.70924;2.4698
0.099476;0.387433;0;0.630949;6.10274;-2.58208;2.35388
0.0945996;0.388653;0;0.599879;5.80209;-2.45493;2.23796
0.0897083;0.389811;0;0.568814;5.5015;-2.3278;2.12207
0.0848028;0.390907;0;0.537761;5.20102;-2.20071;2.00621
0.079884;0.391942;0;0.506723;4.90069;-2.07369;1.89042
0.0749525;0.392915;0;0.475707;4.60056;-1.94675;1.7747
0.0700092;0.393826;0;0.444715;4.30068;-1.81992;1.65907
0.0650549;0.394674;0;0.413755;4.00109;-1.69321;1.54357
0.0600902;0.395461;0;0.38283;3.70185;-1.56665;1.42819
0.0551161;0.396185;0;0.351945;3.403;-1.44025;1.31296
0.0501333;0.396846;0;0.320165;3.09567;-1.31019;1.1944
0.0451426;0.397445;0;0.288218;2.78679;-1.17945;1.07521
0.0401447;0.39798;0;0.256234;2.47756;-1.04856;0.955888
0.0351405;0.398453;0;0.224219;2.16802;-0.917538;0.836446
0.0301307;0.398864;0;0.192178;1.85823;-0.786408;0.716906
0.0251162;0.399211;0;0.160115;1.54824;-0.655192;0.597286
0.0200977;0.399495;0;0.128035;1.23809;-0.523908;0.477606
0.0150761;0.399716;0;0.0959449;0.927824;-0.392579;0.357883
0.010052;0.399874;0;0.0638483;0.617503;-0.261225;0.238138
0.00502642;0.399968;0;0.0317506;0.307171;-0.129866;0.118389
2.44929e-17;0.4;0;-0.000343057;-0.00312253;0.00147643;-0.00134594
-0.00502642;0.399968;0;-0.0324277;-0.313328;0.132782;-0.121047
-0.010052;0.399874;0;-0.0644982;-0.623398;0.264029;-0.240695
-0.0150761;0.399716;0;-0.0965495;-0.933281;0.395199;-0.360271
-0.0200977;0.399495;0;-0.128577;-1.24293;0.526268;-0.479757
-0.0251162;0.399211;0;-0.160574;-1.5523;0.657218;-0.599134
-0.0301307;0.398864;0;-0.192538;-1.86133;0.788028;-0.718382
-0.0351405;0.398453;0;-0.224192;-2.16746;0.917577;-0.836482
-0.0401447;0.39798;0;-0.255709;-2.47239;1.04657;-0.954072
-0.0451426;0.397445;0;-0.287233;-2.77738;1.17557;-1.07168
-0.0501333;0.396846;0;-0.318782;-3.08261;1.30468;-1.18938
-0.0551161;0.396185;0;-0.350352;-3.38804;1.43388;-1.30715
-0.0600902;0.395461;0;-0.381937;-3.69361;1.56313;-1.42499
-0.0650549;0.394674;0;-0.413533;-3.99929;1.69243;-1.54286
-0.0700092;0.393826;0;-0.445133;-4.30502;1.82175;-1.66075
-0.0749525;0.392915;0;-0.476735;-4.61076;1.95108;-1.77864
-0.079884;0.391942;0;-0.508331;-4.91645;2.08038;-1.89652
-0.0848028;0.390907;0;-0.539918;-5.22204;2.20965;-2.01436
-0.0897083;0.389811;0;-0.571491;-5.5275;2.33885;-2.13214
-0.0945996;0.388653;0;-0.603044;-5.83277;2.46797;-2.24986
-0.099476;0.387433;0;-0.634572;-6.1378;2.597;-2.36748
-0.104337;0.386153;0;-0.665663;-6.43879;2.72424;-2.48347
-0.109181;0.384811;0;-0.695977;-6.73267;2.84829;-2.59656
-0.114008;0.383409;0;-0.726053;-7.02436;2.97136;-2.70875
-0.118817;0.381946;0;-0.756153;-7.31627;3.09452;-2.82103
-0.123607;0.380423;0;-0.786271;-7.60836;3.21776;-2.93338
-0.128377;0.378839;0;-0.816402;-7.90058;3.34106;-3.04578
-0.133128;0.377196;0;-0.846543;-8.1929;3.46439;-3.15821
-0.137857;0.375494;0;-0.876688;-8.48525;3.58774;-3.27066
-0.142565;0.373732;0;-0.906832;-8.7776;3.71109;-3.3831
-0.14725;0.371911;0;-0.936971;-9.06989;3.83441;-3.49553
-0.151912;0.370031;0;-0.966974;-9.36086;3.95718;-3.60744
-0.156549;0.368093;0;-0.996987;-9.65186;4.07999;-3.7194
-0.161163;0.366096;0;-1.02698;-9.94271;4.20274;-3.8313
-0.16575;0.364042;0;-1.05696;-10.2334;4.3254;-3.94312
-0.170312;0.361931;0;-1.08691;-10.5238;4.44796;-4.05485
-0.174846;0.359762;0;-1.11571;-10.8031;4.56581;-4.16228
-0.179353;0.357537;0;-1.14337;-11.0722;4.67898;-4.26545
-0.183832;0.355255;0;-1.17105;-11.3414;4.79223;-4.3687
-0.188282;0.352916;0;-1.19875;-11.6109;4.90556;-4.47201
-0.192701;0.350523;0;-1.22646;-11.8804;5.01893;-4.57536
-0.197091;0.348074;0;-1.25418;-12.15;5.13234;-4.67875
-0.201449;0.345569;0;-1.2819;-12.4196;5.24576;-4.78214
-0.205776;0.343011;0;-1.30962;-12.6893;5.35918;-4.88554
-0.21007;0.340398;0;-1.33733;-12.9589;5.47258;-4.98891
-0.214331;0.337731;0;-1.36504;-13.2283;5.58594;-5.09225
-0.218558;0.335011;0;-1.39273;-13.4977;5.69924;-5.19554
-0.22275;0.332238;0;-1.42006;-13.7635;5.81103;-5.29745
-0.226908;0.329413;0;-1.44699;-14.0255;5.9212;-5.39789
-0.231029;0.326536;0;-1.47152;-14.2651;6.02155;-5.48937
-0.235114;0.323607;0;-1.49639;-14.5079;6.12329;-5.58211
-0.239162;0.320627;0;-1.52127;-14.7509;6.22509;-5.67492
-0.243172;0.317596;0;-1.54617;-14.9941;6.32695;-5.76778
-0.247144;0.314515;0;-1.57108;-15.2373;6.42884;-5.86066
-0.251077;0.311385;0;-1.59599;-15.4805;6.53075;-5.95357
-0.25497;0.308205;0;-1.62091;-15.7238;6.63267;-6.04648
-0.258822;0.304977;0;-1.64582;-15.967;6.73457;-6.13937
-0.262634;0.301701;0;-1.67072;-16.2102;6.83644;-6.23224
-0.266405;0.298376;0;-1.69561;-16.4533;6.93827;-6.32507
-0.270133;0.295005;0;-1.72049;-16.6962;7.04004;-6.41784
-0.273819;0.291587;0;-1.74535;-16.9389;7.14173;-6.51054
-0.277461;0.288124;0;-1.76869;-17.1667;7.2372;-6.59758
-0.28106;0.284614;0;-1.79091;-17.3839;7.3281;-6.68044
-0.284614;0.28106;0;-1.81248;-17.5955;7.41633;-6.76088
-0.288124;0.277461;0;-1.83406;-17.8071;7.5046;-6.84135
-0.291587;0.273819;0;-1.85565;-18.0188;7.59289;-6.92184
-0.295005;0.270133;0;-1.87725;-18.2305;7.6812;-7.00234
-0.298376;0.266405;0;-1.89884;-18.4422;7.7695;-7.08284
-0.301701;0.262634;0;-1.92042;-18.6539;7.85779;-7.16332
-0.304977;0.258822;0;-1.942;-18.8655;7.94605;-7.24378
-0.308205;0.25497;0;-1.96357;-19.0769;8.03426;-7.32419
-0.311385;0.251077;0;-1.98512;-19.2883;8.12241;-7.40456
-0.314515;0.247144;0;-2.00666;-19.4994;8.21049;-7.48485
-0.317596;0.243172;0;-2.02676;-19.6966;8.2927;-7.5598
-0.320627;0.239162;0;-2.04416;-19.8678;8.36385;-7.62466
-0.323607;0.235114;0;-2.06158;-20.0392;8.43505;-7.68957
-0.326536;0.231029;0;-2.079;-20.2107;8.5063;-7.75452
-0.329413;0.226908;0;-2.09643;-20.3823;8.57758;-7.8195
-0.332238;0.22275;0;-2.11387;-20.554;8.64888;-7.8845
-0.335011;0.218558;0;-2.13131;-20.7256;8.72019;-7.9495
-0.337731;0.214331;0;-2.14848;-20.8944;8.7904;-8.01351
-0.340398;0.21007;0;-2.16565;-21.0633;8.86063;-8.07754
-0.343011;0.205776;0;-2.18282;-21.2322;8.93086;-8.14155
-0.345569;0.201449;0;-2.19999;-21.4011;9.00106;-8.20555
-0.348074;0.197091;0;-2.21714;-21.5698;9.07122;-8.26951
-0.350523;0.192701;0;-2.23429;-21.7385;9.14134;-8.33343
-0.352916;0.188282;0;-2.25142;-21.907;9.21139;-8.3973
-0.355255;0.183832;0;-2.26688;-22.059;9.27464;-8.45495
-0.357537;0.179353;0;-2.27966;-22.1852;9.32689;-8.50258
-0.359762;0.174846;0;-2.29249;-22.3118;9.37934;-8.5504
-0.361931;0.170312;0;-2.30532;-22.4385;9.43181;-8.59823
-0.364042;0.16575;0;-2.31816;-22.5652;9.48428;-8.64607
-0.366096;0.161163;0;-2.33099;-22.6919;9.53676;-8.6939
-0.368093;0.156549;0;-2.34382;-22.8186;9.58922;-8.74173
-0.370031;0.151912;0;-2.35665;-22.9453;9.64166;-8.78953
-0.371911;0.14725;0;-2.36947;-23.0718;9.69408;-8.83732
-0.373732;0.142565;0;-2.38228;-23.1983;9.74646;-8.88507
-0.375494;0.137857;0;-2.39508;-23.3247;9.7988;-8.93278
-0.377196;0.133128;0;-2.4075;-23.4475;9.84958;-8.97907
-0.378839;0.128377;0;-2.41616;-23.5332;9.88497;-9.01134
-0.380423;0.123607;0;-2.42416;-23.6124;9.9177;-9.04118
-0.381946;0.118817;0;-2.43218;-23.6917;9.95046;-9.07104
-0.383409;0.114008;0;-2.44019;-23.7711;9.98323;-9.10092
-0.384811;0.109181;0;-2.44821;-23.8505;10.016;-9.1308
-0.386153;0.104337;0;-2.45623;-23.9299;10.0488;-9.1607
-0.387433;0.099476;0;-2.46426;-24.0092;10.0816;-9.19059
-0.388653;0.0945996;0;-2.47228;-24.0886;10.1144;-9.22048
-0.389811;0.0897083;0;-2.48029;-24.168;10.1472;-9.25036
-0.390907;0.0848028;0;-2.48831;-24.2473;10.1799;-9.28023
-0.391942;0.079884;0;-2.49632;-24.3266;10.2127;-9.31008
-0.392915;0.0749525;0;-2.50432;-24.4058;10.2454;-9.33991
-0.393826;0.0700092;0;-2.51232;-24.485;10.2781;-9.36971
-0.394674;0.0650549;0;-2.52024;-24.5634;10.3105;-9.39924
-0.395461;0.0600902;0;-2.52339;-24.5946;10.3233;-9.41096
-0.396185;0.0551161;0;-2.52604;-24.6208;10.3342;-9.42082
-0.396846;0.0501333;0;-2.52868;-24.6471;10.345;-9.43069
-0.397445;0.0451426;0;-2.53133;-24.6734;10.3558;-9.44056
-0.39798;0.0401447;0;-2.53398;-24.6997;10.3666;-9.45042
-0.398453;0.0351405;0;-2.53656;-24.7253;10.3772;-9.46004
-0.398864;0.0301307;0;-2.53906;-24.7501;10.3874;-9.46937
-0.399211;0.0251162;0;-2.54155;-24.7747;10.3975;-9.47862
-0.399495;0.0200977;0;-2.54402;-24.7992;10.4077;-9.48786
-0.399716;0.0150761;0;-2.5465;-24.8237;10.4178;-9.49709
-0.399874;0.010052;0;-2.54897;-24.8482;10.4279;-9.50631
-0.399968;0.00502642;0;-2.55144;-24.8726;10.438;-9.51551
-0.4;4.89859e-17;0;-2.55391;-24.897;10.4481;-9.52471
-0.399968;-0.00502642;0;-2.5522;-24.8801;10.4411;-9.51833
-0.399874;-0.010052;0;-2.5496;-24.8544;10.4305;-9.50864
-0.399716;-0.0150761;0;-2.547;-24.8286;10.4198;-9.49894
-0.399495;-0.0200977;0;-2.54439;-24.8028;10.4092;-9.48922
-0.399211;-0.0251162;0;-2.54178;-24.777;10.3985;-9.47949
-0.398864;-0.0301307;0;-2.53917;-24.7511;10.3878;-9.46975
-0.398453;-0.0351405;0;-2.53655;-24.7252;10.3771;-9.46001
-0.39798;-0.0401447;0;-2.53394;-24.6993;10.3664;-9.45026
-0.397445;-0.0451426;0;-2.53132;-24.6734;10.3557;-9.4405
-0.396846;-0.0501333;0;-2.5287;-24.6474;10.345;-9.43074
-0.396185;-0.0551161;0;-2.52608;-24.6215;10.3343;-9.42098
-0.395461;-0.0600902;0;-2.52347;-24.5955;10.3236;-9.41122
-0.394674;-0.0650549;0;-2.52084;-24.5695;10.3129;-9.40142
-0.393826;-0.0700092;0;-2.51311;-24.4929;10.2813;-9.37262
-0.392915;-0.0749525;0;-2.50518;-24.4145;10.2489;-9.34308
-0.391942;-0.079884;0;-2.49725;-24.3359;10.2164;-9.31351
-0.390907;-0.0848028;0;-2.48931;-24.2573;10.184;-9.28392
-0.389811;-0.0897083;0;-2.48136;-24.1786;10.1515;-9.25432
-0.388653;-0.0945996;0;-2.47342;-24.0999;10.119;-9.2247
-0.387433;-0.099476;0;-2.46547;-24.0212;10.0865;-9.19507
-0.386153;-0.104337;0;-2.45751;-23.9424;10.054;-9.16543
-0.384811;-0.109181;0;-2.44956;-23.8637;10.0215;-9.1358
-0.383409;-0.114008;0;-2.44161;-23.785;9.98899;-9.10617
-0.381946;-0.118817;0;-2.43366;-23.7062;9.9565;-9.07655
-0.380423;-0.123607;0;-2.42572;-23.6276;9.92402;-9.04694
-0.378839;-0.128377;0;-2.41738;-23.5451;9.88994;-9.01587
-0.377196;-0.133128;0;-2.40552;-23.4282;9.84144;-8.97166
-0.375494;-0.137857;0;-2.39366;-23.3112;9.7929;-8.92741
-0.373732;-0.142565;0;-2.38178;-23.1941;9.74434;-8.88314
-0.371911;-0.14725;0;-2.36873;-23.0649;9.69098;-8.8345
-0.370031;-0.151912;0;-2.35551;-22.9342;9.63696;-8.78525
-0.368093;-0.156549;0;-2.34229;-22.8033;9.58291;-8.73598
-0.366096;-0.161163;0;-2.32906;-22.6724;9.52883;-8.68668
-0.364042;-0.16575;0;-2.31582;-22.5415;9.47475;-8.63737
-0.361931;-0.170312;0;-2.30259;-22.4106;9.42066;-8.58806
-0.359762;-0.174846;0;-2.28936;-22.2797;9.36657;-8.53876
-0.357537;-0.179353;0;-2.27613;-22.1488;9.3125;-8.48946
-0.355255;-0.183832;0;-2.26131;-22.0028;9.25188;-8.4342
-0.352916;-0.188282;0;-2.24614;-21.8534;9.18985;-8.37766
-0.350523;-0.192701;0;-2.23029;-21.6975;9.12502;-8.31855
-0.348074;-0.197091;0;-2.21351;-21.5326;9.05638;-8.25598
-0.345569;-0.201449;0;-2.19672;-21.3677;8.98771;-8.19338
-0.343011;-0.205776;0;-2.17993;-21.2026;8.91902;-8.13076
-0.340398;-0.21007;0;-2.16313;-21.0376;8.85032;-8.06813
-0.337731;-0.214331;0;-2.14634;-20.8725;8.78161;-8.0055
-0.335011;-0.218558;0;-2.12954;-20.7075;8.71292;-7.94287
-0.332238;-0.22275;0;-2.11275;-20.5425;8.64424;-7.88027
-0.329413;-0.226908;0;-2.09597;-20.3776;8.5756;-7.81769
-0.326536;-0.231029;0;-2.07864;-20.2071;8.50475;-7.75311
-0.323607;-0.235114;0;-2.06107;-20.0341;8.43292;-7.68762
-0.320627;-0.239162;0;-2.04351;-19.8611;8.36112;-7.62217
-0.317596;-0.243172;0;-2.02592;-19.688;8.28917;-7.55658
-0.314515;-0.247144;0;-2.00562;-19.4891;8.20618;-7.48092
-0.311385;-0.251077;0;-1.98404;-19.2775;8.11792;-7.40046
-0.308205;-0.25497;0;-1.96245;-19.0657;8.02959;-7.31993
-0.304977;-0.258822;0;-1.94083;-18.8537;7.9412;-7.23936
-0.301701;-0.262634;0;-1.91921;-18.6417;7.85276;-7.15874
-0.298376;-0.266405;0;-1.89758;-18.4295;7.76429;-7.07809
-0.295005;-0.270133;0;-1.87594;-18.2173;7.67581;-6.99742
-0.291587;-0.273819;0;-1.85431;-18.0051;7.58732;-6.91676
-0.288124;-0.277461;0;-1.83267;-17.793;7.49884;-6.8361
-0.284614;-0.28106;0;-1.81105;-17.5808;7.41039;-6.75546
-0.28106;-0.284614;0;-1.78943;-17.3688;7.32197;-6.67486
-0.277461;-0.288124;0;-1.76685;-17.1484;7.2296;-6.59065
-0.273819;-0.291587;0;-1.74377;-16.9232;7.13517;-6.50456
-0.270133;-0.295005;0;-1.71959;-16.6871;7.03625;-6.41439
-0.266405;-0.298376;0;-1.69485;-16.4456;6.93506;-6.32214
-0.262634;-0.301701;0;-1.6701;-16.2039;6.83382;-6.22985
-0.258822;-0.304977;0;-1.64535;-15.9622;6.73254;-6.13752
-0.25497;-0.308205;0;-1.62058;-15.7204;6.63125;-6.04518
-0.251077;-0.311385;0;-1.59582;-15.4786;6.52995;-5.95283
-0.247144;-0.314515;0;-1.57106;-15.2369;6.42866;-5.8605
-0.243172;-0.317596;0;-1.54631;-14.9952;6.32741;-5.7682
-0.239162;-0.320627;0;-1.52157;-14.7536;6.2262;-5.67593
-0.235114;-0.323607;0;-1.49685;-14.5122;6.12505;-5.58372
-0.231029;-0.326536;0;-1.47214;-14.2709;6.02398;-5.49159
-0.226908;-0.329413;0;-1.44682;-14.0242;5.92041;-5.39717
-0.22275;-0.332238;0;-1.41992;-13.7623;5.81033;-5.29682
-0.218558;-0.335011;0;-1.39247;-13.4953;5.69802;-5.19443
-0.214331;-0.337731;0;-1.36475;-13.2257;5.58462;-5.09105
-0.21007;-0.340398;0;-1.33702;-12.9559;5.47116;-4.98762
-0.205776;-0.343011;0;-1.30928;-12.686;5.35766;-4.88415
-0.201449;-0.345569;0;-1.28153;-12.4161;5.24414;-4.78067
-0.197091;-0.348074;0;-1.25379;-12.1462;5.13062;-4.67718
-0.192701;-0.350523;0;-1.22604;-11.8763;5.01711;-4.5737
-0.188282;-0.352916;0;-1.19831;-11.6065;4.90363;-4.47025
-0.183832;-0.355255;0;-1.17059;-11.3368;4.7902;-4.36684
-0.179353;-0.357537;0;-1.14288;-11.0673;4.67684;-4.2635
-0.174846;-0.359762;0;-1.11519;-10.7979;4.56356;-4.16024
-0.170312;-0.361931;0;-1.08649;-10.5196;4.44612;-4.05317
-0.16575;-0.364042;0;-1.05685;-10.2321;4.3248;-3.94258
-0.161163;-0.366096;0;-1.02689;-9.94165;4.20225;-3.83085
-0.156549;-0.368093;0;-0.996925;-9.65101;4.07961;-3.71905
-0.151912;-0.370031;0;-0.96694;-9.36022;3.95691;-3.6072
-0.14725;-0.371911;0;-0.936945;-9.06934;3.83417;-3.49531
-0.142565;-0.373732;0;-0.906946;-8.7784;3.71141;-3.3834
-0.137857;-0.375494;0;-0.876945;-8.48746;3.58865;-3.27149
-0.133128;-0.377196;0;-0.84695;-8.19656;3.46591;-3.1596
-0.128377;-0.378839;0;-0.816963;-7.90575;3.34321;-3.04773
-0.123607;-0.380423;0;-0.78699;-7.61507;3.22056;-2.93592
-0.118817;-0.381946;0;-0.757035;-7.32458;3.09798;-2.82418
-0.114008;-0.383409;0;-0.727104;-7.0343;2.9755;-2.71253
-0.109181;-0.384811;0;-0.697231;-6.74462;2.85326;-2.60109
-0.104337;-0.386153;0;-0.665936;-6.4418;2.72519;-2.48434
-0.099476;-0.387433;0;-0.634571;-6.13827;2.59684;-2.36733
-0.0945996;-0.388653;0;-0.60319;-5.83457;2.46842;-2.25026
-0.0897083;-0.389811;0;-0.571796;-5.53076;2.33994;-2.13314
-0.0848028;-0.390907;0;-0.540417;-5.22707;2.21153;-2.01608
-0.079884;-0.391942;0;-0.50898;-4.92281;2.08288;-1.8988
-0.0749525;-0.392915;0;-0.477522;-4.61836;1.95415;-1.78144
-0.0700092;-0.393826;0;-0.446069;-4.31394;1.82543;-1.6641
-0.0650549;-0.394674;0;-0.414625;-4.00962;1.69675;-1.54679
-0.0600902;-0.395461;0;-0.383196;-3.70544;1.56813;-1.42954
-0.0551161;-0.396185;0;-0.351786;-3.40145;1.4396;-1.31237
-0.0501333;-0.396846;0;-0.320085;-3.09482;1.30986;-1.19409
-0.0451426;-0.397445;0;-0.288097;-2.78553;1.17895;-1.07475
-0.0401447;-0.39798;0;-0.25609;-2.47607;1.04796;-0.955343
-0.0351405;-0.398453;0;-0.224071;-2.16648;0.916923;-0.835886
-0.0301307;-0.398864;0;-0.192096;-1.85732;0.786065;-0.716593
-0.0251162;-0.399211;0;-0.160045;-1.54744;0.654901;-0.597021
-0.0200977;-0.399495;0;-0.127993;-1.23753;0.523728;-0.477441
-0.0150761;-0.399716;0;-0.0959435;-0.927658;0.392567;-0.357872
-0.010052;-0.399874;0;-0.063902;-0.61786;0.261438;-0.238333
-0.00502642;-0.399968;0;-0.0318737;-0.308189;0.130363;-0.118842
-7.34788e-17;-0.4;0;0.000136582;0.00130781;-0.000637397;0.000581064
0.00502642;-0.399968;0;0.0318956;0.308399;-0.13061;0.119067
0.010052;-0.399874;0;0.0637824;0.616783;-0.261107;0.238031
0.0150761;-0.399716;0;0.0956958;0.925424;-0.391713;0.357093
0.0200977;-0.399495;0;0.127631;1.23427;-0.522406;0.476236
0.0251162;-0.399211;0;0.159582;1.54328;-0.653168;0.595441
0.0301307;-0.398864;0;0.191545;1.8524;-0.783975;0.714688
0.0351405;-0.398453;0;0.223514;2.16158;-0.914809;0.833959
0.0401447;-0.39798;0;0.255484;2.47077;-1.04565;0.953235
0.0451426;-0.397445;0;0.287451;2.77993;-1.17647;1.0725
0.0501333;-0.396846;0;0.319409;3.089;-1.30726;1.19173
0.0551161;-0.396185;0;0.351198;3.39598;-1.43736;1.31032
0.0600902;-0.395461;0;0.383098;3.70402;-1.56791;1.42934
0.0650549;-0.394674;0;0.41416;4.00463;-1.69502;1.54521
0.0700092;-0.393826;0;0.445715;4.31004;-1.82415;1.66293
0.0749525;-0.392915;0;0.477274;4.61548;-1.95329;1.78066
0.079884;-0.391942;0;0.508832;4.9209;-2.08242;1.89838
0.0848028;-0.390907;0;0.539698;5.21964;-2.20874;2.01353
0.0897083;-0.389811;0;0.570806;5.52075;-2.33605;2.12959
0.0945996;-0.388653;0;0.601923;5.82194;-2.4634;2.24568
0.099476;-0.387433;0;0.633043;6.12317;-2.59076;2.36179
0.104337;-0.386153;0;0.664162;6.42438;-2.71811;2.47789
0.109181;-0.384811;0;0.695274;6.72553;-2.84544;2.59396
0.114008;-0.383409;0;0.726375;7.02657;-2.97272;2.70999
0.118817;-0.381946;0;0.756085;7.31452;-3.09429;2.82082
0.123607;-0.380423;0;0.786138;7.60601;-3.21726;2.93292
0.128377;-0.378839;0;0.816207;7.89765;-3.3403;3.04508
0.133128;-0.377196;0;0.846287;8.1894;-3.46338;3.15729
0.137857;-0.375494;0;0.876373;8.4812;-3.58648;3.26951
0.142565;-0.373732;0;0.906461;8.77303;-3.7096;3.38174
0.14725;-0.371911;0;0.936545;9.06482;-3.83269;3.49396
0.151912;-0.370031;0;0.966621;9.35654;-3.95576;3.60615
0.156549;-0.368093;0;0.996685;9.64813;-4.07877;3.71829
0.161163;-0.366096;0;1.02673;9.93955;-4.20172;3.83037
0.16575;-0.364042;0;1.05676;10.2308;-4.32457;3.94237
0.170312;-0.361931;0;1.08625;10.5169;-4.44525;4.05238
0.174846;-0.359762;0;1.11491;10.7953;-4.56254;4.15931
0.179353;-0.357537;0;1.14272;11.0659;-4.67634;4.26305
0.183832;-0.355255;0;1.17056;11.3366;-4.79021;4.36685
0.188282;-0.352916;0;1.1984;11.6075;-4.90414;4.47071
0.192701;-0.350523;0;1.22626;11.8784;-5.01811;4.57461
0.197091;-0.348074;0;1.25412;12.1494;-5.13209;4.67852
0.201449;-0.345569;0;1.28198;12.4205;-5.24609;4.78244
0.205776;-0.343011;0;1.30984;12.6914;-5.36006;4.88634
0.21007;-0.340398;0;1.33769;12.9624;-5.47401;4.99022
0.214331;-0.337731;0;1.36553;13.2331;-5.5879;5.09404
0.218558;-0.335011;0;1.39335;13.5038;-5.70172;5.19781
0.22275;-0.332238;0;1.42115;13.7742;-5.81546;5.30149
0.226908;-0.329413;0;1.4478;14.0339;-5.92449;5.40089
0.231029;-0.326536;0;1.47263;14.2764;-6.0261;5.49351
0.235114;-0.323607;0;1.49749;14.5191;-6.12778;5.58621
0.239162;-0.320627;0;1.52237;14.762;-6.22954;5.67897
0.243172;-0.317596;0;1.54725;15.005;-6.33135;5.77178
0.247144;-0.314515;0;1.57215;15.2481;-6.43319;5.86463
0.251077;-0.311385;0;1.59705;15.4912;-6.53505;5.95749
0.25497;-0.308205;0;1.62195;15.7343;-6.63692;6.05035
0.258822;-0.304977;0;1.64685;15.9774;-6.73877;6.1432
0.262634;-0.301701;0;1.67174;16.2204;-6.84059;6.23603
0.266405;-0.298376;0;1.69663;16.4634;-6.94237;6.32881
0.270133;-0.295005;0;1.72149;16.7062;-7.04409;6.42154
0.273819;-0.291587;0;1.74634;16.9488;-7.14574;6.5142
0.277461;-0.288124;0;1.77072;17.1869;-7.24549;6.60513
0.28106;-0.284614;0;1.79263;17.4014;-7.33512;6.68684
0.284614;-0.28106;0;1.81403;17.6111;-7.42262;6.76661
0.288124;-0.277461;0;1.83543;17.8209;-7.51016;6.84641
0.291587;-0.273819;0;1.85684;18.0308;-7.59773;6.92625
0.295005;-0.270133;0;1.87826;18.2408;-7.68533;7.0061
0.298376;-0.266405;0;1.89968;18.4507;-7.77292;7.08595
0.301701;-0.262634;0;1.92109;18.6606;-7.86051;7.1658
0.304977;-0.258822;0;1.9425;18.8705;-7.94807;7.24563
0.308205;-0.25497;0;1.9639;19.0803;-8.0356;7.32542
0.311385;-0.251077;0;1.98529;19.2899;-8.12307;7.40516
0.314515;-0.247144;0;2.00666;19.4994;-8.21048;7.48485
0.317596;-0.243172;0;2.02731;19.7021;-8.29495;7.56184
0.320627;-0.239162;0;2.0446;19.8721;-8.36563;7.62628
0.323607;-0.235114;0;2.0619;20.0423;-8.43637;7.69077
0.326536;-0.231029;0;2.07921;20.2126;-8.50716;7.7553
0.329413;-0.226908;0;2.09653;20.383;-8.57798;7.81986
0.332238;-0.22275;0;2.11385;20.5535;-8.64883;7.88445
0.335011;-0.218558;0;2.13118;20.724;-8.71969;7.94905
0.337731;-0.214331;0;2.14851;20.8945;-8.79056;8.01365
0.340398;-0.21007;0;2.16584;21.065;-8.86142;8.07825
0.343011;-0.205776;0;2.18316;21.2354;-8.93225;8.14282
0.345569;-0.201449;0;2.20047;21.4058;-9.00306;8.20737
0.348074;-0.197091;0;2.21778;21.5761;-9.07383;8.27189
0.350523;-0.192701;0;2.23507;21.7462;-9.14454;8.33635
0.352916;-0.188282;0;2.25235;21.9162;-9.21519;8.40075
0.355255;-0.183832;0;2.26739;22.0644;-9.27672;8.45685
0.357537;-0.179353;0;2.28024;22.1914;-9.32924;8.50472
0.359762;-0.174846;0;2.29309;22.3183;-9.38178;8.55262
0.361931;-0.170312;0;2.30538;22.4397;-9.43202;8.59842
0.364042;-0.16575;0;2.31758;22.56;-9.4819;8.6439
0.366096;-0.161163;0;2.32978;22.6804;-9.53181;8.68939
0.368093;-0.156549;0;2.34198;22.8008;-9.58171;8.73489
0.370031;-0.151912;0;2.35419;22.9212;-9.63162;8.78038
0.371911;-0.14725;0;2.36639;23.0416;-9.68151;8.82587
0.373732;-0.142565;0;2.37858;23.1619;-9.73139;8.87133
0.375494;-0.137857;0;2.39077;23.2822;-9.78124;8.91678
0.377196;-0.133128;0;2.40296;23.4024;-9.83106;8.96219
0.378839;-0.128377;0;2.41508;23.5219;-9.88061;9.00737
0.380423;-0.123607;0;2.426;23.6298;-9.92526;9.04807
0.381946;-0.118817;0;2.43389;23.708;-9.95751;9.07747
0.383409;-0.114008;0;2.44179;23.7863;-9.98978;9.10689
0.384811;-0.109181;0;2.44968;23.8646;-10.0221;9.13631
0.386153;-0.104337;0;2.45718;23.9388;-10.0527;9.16424
0.387433;-0.099476;0;2.46393;24.0054;-10.0803;9.18942
0.388653;-0.0945996;0;2.47068;24.072;-10.1079;9.2146
0.389811;-0.0897083;0;2.47744;24.1387;-10.1356;9.23979
0.390907;-0.0848028;0;2.48419;24.2053;-10.1632;9.26498
0.391942;-0.079884;0;2.49095;24.272;-10.1908;9.29017
0.392915;-0.0749525;0;2.4977;24.3386;-10.2184;9.31534
0.393826;-0.0700092;0;2.50445;24.4052;-10.2461;9.34051
0.394674;-0.0650549;0;2.51119;24.4717;-10.2736;9.36566
0.395461;-0.0600902;0;2.51793;24.5382;-10.3012;9.3908
0.396185;-0.0551161;0;2.52202;24.5787;-10.3179;9.40603
0.396846;-0.0501333;0;2.52507;24.6092;-10.3304;9.41739
0.397445;-0.0451426;0;2.52813;24.6396;-10.3429;9.42876
0.39798;-0.0401447;0;2.53027;24.6609;-10.3516;9.43677
0.398453;-0.0351405;0;2.53167;24.6745;-10.3574;9.442
0.398864;-0.0301307;0;2.53307;24.6881;-10.3631;9.44723
0.399211;-0.0251162;0;2.53447;24.7017;-10.3689;9.45246
0.399495;-0.0200977;0;2.53587;24.7153;-10.3746;9.45769
0.399716;-0.0150761;0;2.53727;24.729;-10.3803;9.46293
0.399874;-0.010052;0;2.53867;24.7426;-10.3861;9.46816
0.399968;-0.00502642;0;2.54007;24.7562;-10.3918;9.47339
