0.4;0;0;2.53794;25.0229;-10.3975;9.47853
0.399968;0.00502642;0;2.53651;25.0104;-10.3915;9.47309
0.399874;0.010052;0;2.53505;24.9977;-10.3854;9.46754
0.399716;0.0150761;0;2.53359;24.9849;-10.3793;9.46199
0.399495;0.0200977;0;2.53213;24.9721;-10.3732;9.45644
0.399211;0.0251162;0;2.53067;24.9594;-10.3671;9.45089
0.398864;0.0301307;0;2.5292;24.9466;-10.361;9.44534
0.398453;0.0351405;0;2.52774;24.9339;-10.355;9.43979
0.39798;0.0401447;0;2.52628;24.9211;-10.3489;9.43425
0.397445;0.0451426;0;2.52353;24.8928;-10.3377;9.42406
0.396846;0.0501333;0;2.5201;24.8568;-10.3238;9.41143
0.396185;0.0551161;0;2.51667;24.8208;-10.31;9.3988
0.395461;0.0600902;0;2.51324;24.7848;-10.2961;9.38617
0.394674;0.0650549;0;2.50719;24.7254;-10.2713;9.36354
0.393826;0.0700092;0;2.50058;24.6609;-10.2442;9.33879
0.392915;0.0749525;0;2.49396;24.5964;-10.217;9.31402
0.391942;0.079884;0;2.48734;24.5318;-10.1898;9.28924
0.390907;0.0848028;0;2.48073;24.4672;-10.1626;9.26445
0.389811;0.0897083;0;2.4741;24.4026;-10.1354;9.23966
0.388653;0.0945996;0;2.46748;24.338;-10.1082;9.21487
0.387433;0.099476;0;2.46086;24.2734;-10.081;9.19008
0.386153;0.104337;0;2.45386;24.2042;-10.0524;9.16394
0.384811;0.109181;0;2.44563;24.1204;-10.0189;9.13341
0.383409;0.114008;0;2.43741;24.0365;-9.98538;9.10287
0.381946;0.118817;0;2.42918;23.9527;-9.95189;9.07235
0.380423;0.123607;0;2.42096;23.869;-9.91841;9.04183
0.378839;0.128377;0;2.4103;23.7621;-9.87486;9.00212
0.377196;0.133128;0;2.39804;23.6399;-9.82477;8.95646
0.375494;0.137857;0;2.38586;23.5189;-9.7749;8.911
0.373732;0.142565;0;2.37369;23.3979;-9.72504;8.86554
0.371911;0.14725;0;2.3615;23.2768;-9.67515;8.82006
0.370031;0.151912;0;2.34931;23.1556;-9.62524;8.77457
0.368093;0.156549;0;2.33712;23.0345;-9.57532;8.72906
0.366096;0.161163;0;2.32493;22.9133;-9.52541;8.68356
0.364042;0.16575;0;2.31274;22.7921;-9.4755;8.63806
0.361931;0.170312;0;2.30056;22.6709;-9.4256;8.59257
0.359762;0.174846;0;2.28838;22.5498;-9.37573;8.5471
0.357537;0.179353;0;2.27621;22.4288;-9.32588;8.50167
0.355255;0.183832;0;2.26404;22.3078;-9.27608;8.45626
0.352916;0.188282;0;2.24932;22.1616;-9.21582;8.40133
0.350523;0.192701;0;2.23209;21.99;-9.14527;8.33702
0.348074;0.197091;0;2.21483;21.8183;-9.07466;8.27265
0.345569;0.201449;0;2.19756;21.6464;-9.004;8.20823
0.343011;0.205776;0;2.18028;21.4744;-8.93329;8.14377
0.340398;0.21007;0;2.163;21.3024;-8.86256;8.07929
0.337731;0.214331;0;2.14571;21.1302;-8.7918;8.01479
0.335011;0.218558;0;2.12842;20.9581;-8.72104;7.95028
0.332238;0.22275;0;2.11112;20.7859;-8.65028;7.88577
0.329413;0.226908;0;2.09384;20.6138;-8.57953;7.82128
0.326536;0.231029;0;2.07655;20.4418;-8.50881;7.75681
0.323607;0.235114;0;2.05926;20.2694;-8.43804;7.69229
0.320627;0.239162;0;2.04191;20.0964;-8.36706;7.62759
0.317596;0.243172;0;2.02457;19.9237;-8.29614;7.56293
0.314515;0.247144;0;2.00476;19.7267;-8.21503;7.48899
0.311385;0.251077;0;1.98343;19.5152;-8.12775;7.40943
0.308205;0.25497;0;1.9621;19.3035;-8.04041;7.3298
0.304977;0.258822;0;1.94074;19.0916;-7.95297;7.25009
0.301701;0.262634;0;1.91934;18.8794;-7.8654;7.17026
0.298376;0.266405;0;1.89793;18.6669;-7.77775;7.09036
0.295005;0.270133;0;1.87648;18.454;-7.69;7.01036
0.291587;0.273819;0;1.85504;18.2411;-7.60224;6.93036
0.288124;0.277461;0;1.8336;18.0283;-7.5145;6.85037
0.284614;0.28106;0;1.81217;17.8155;-7.42679;6.77041
0.28106;0.284614;0;1.79075;17.6029;-7.33912;6.69049
0.277461;0.288124;0;1.769;17.3873;-7.25009;6.60933
0.273819;0.291587;0;1.74421;17.1423;-7.14859;6.5168
0.270133;0.295005;0;1.7194;16.8971;-7.047;6.42419
0.266405;0.298376;0;1.69457;16.6517;-6.94533;6.3315
0.262634;0.301701;0;1.66972;16.4062;-6.8436;6.23876
0.258822;0.304977;0;1.64487;16.1605;-6.74182;6.14598
0.25497;0.308205;0;1.62;15.9148;-6.64002;6.05318
0.251077;0.311385;0;1.59512;15.6688;-6.53816;5.96032
0.247144;0.314515;0;1.57024;15.4228;-6.43629;5.86745
0.243172;0.317596;0;1.54534;15.1765;-6.33433;5.77451
0.239162;0.320627;0;1.52045;14.9304;-6.23241;5.68159
0.235114;0.323607;0;1.49556;14.6844;-6.13054;5.58873
0.231029;0.326536;0;1.4707;14.4385;-6.02873;5.49592
0.226908;0.329413;0;1.44585;14.1928;-5.92701;5.40318
0.22275;0.332238;0;1.41947;13.9326;-5.81898;5.30471
0.218558;0.335011;0;1.39169;13.6589;-5.7052;5.20098
0.214331;0.337731;0;1.36388;13.3851;-5.59133;5.09717
0.21007;0.340398;0;1.33606;13.111;-5.47739;4.9933
0.205776;0.343011;0;1.30822;12.8369;-5.3634;4.88939
0.201449;0.345569;0;1.28038;12.5627;-5.24938;4.78544
0.197091;0.348074;0;1.25253;12.2884;-5.13533;4.68148
0.192701;0.350523;0;1.22469;12.0141;-5.02129;4.57751
0.188282;0.352916;0;1.19684;11.7399;-4.90727;4.47357
0.183832;0.355255;0;1.16901;11.4658;-4.79329;4.36966
0.179353;0.357537;0;1.14119;11.1918;-4.67936;4.2658
0.174846;0.359762;0;1.11339;10.918;-4.56551;4.16201
0.170312;0.361931;0;1.08524;10.6411;-4.45019;4.05688
0.16575;0.364042;0;1.05519;10.3453;-4.32716;3.94472
0.161163;0.366096;0;1.02499;10.048;-4.20352;3.83202
0.156549;0.368093;0;0.994758;9.75036;-4.07976;3.7192
0.151912;0.370031;0;0.964503;9.45249;-3.9559;3.60628
0.14725;0.371911;0;0.934227;9.15442;-3.83195;3.49329
0.142565;0.373732;0;0.903934;8.85618;-3.70794;3.38023
0.137857;0.375494;0;0.873631;8.55783;-3.58387;3.26713
0.133128;0.377196;0;0.84332;8.25942;-3.45978;3.15401
0.128377;0.378839;0;0.813008;7.96099;-3.33569;3.04088
0.123607;0.380423;0;0.782698;7.66259;-3.2116;2.92776
0.118817;0.381946;0;0.753146;7.37254;-3.09056;2.81741
0.114008;0.383409;0;0.722146;7.06932;-2.9635;2.70159
0.109181;0.384811;0;0.691131;6.76597;-2.83639;2.58571
0.104337;0.386153;0;0.660108;6.46253;-2.70924;2.4698
0.099476;0.387433;0;0.629082;6.15905;-2.58208;2.35388
0.0945996;0.388653;0;0.598056;5.85559;-2.45493;2.23796
0.0897083;0.389811;0;0.567037;5.55219;-2.3278;2.12207
0.0848028;0.390907;0;0.536028;5.24889;-2.20071;2.00621
0.079884;0.391942;0;0.505035;4.94575;-2.07369;1.89042
0.0749525;0.392915;0;0.474064;4.64281;-1.94675;1.7747
0.0700092;0.393826;0;0.443117;4.34012;-1.81992;1.65907
0.0650549;0.394674;0;0.412201;4.03773;-1.69321;1.54357
0.0600902;0.395461;0;0.381321;3.73569;-1.56665;1.42819
0.0551161;0.396185;0;0.350481;3.43404;-1.44025;1.31296
0.0501333;0.396846;0;0.318738;3.12343;-1.31019;1.1944
0.0451426;0.397445;0;0.286829;2.81104;-1.17945;1.07521
0.0401447;0.39798;0;0.254884;2.49828;-1.04856;0.955888
0.0351405;0.398453;0;0.222907;2.18522;-0.917538;0.836446
0.0301307;0.398864;0;0.190903;1.8719;-0.786408;0.716906
0.0251162;0.399211;0;0.158878;1.55837;-0.655192;0.597286
0.0200977;0.399495;0;0.126837;1.24468;-0.523908;0.477606
0.0150761;0.399716;0;0.094785;0.930878;-0.392579;0.357883
0.010052;0.399874;0;0.0627266;0.617018;-0.261225;0.238138
0.00502642;0.399968;0;0.0306671;0.303146;-0.129866;0.118389
2.44929e-17;0.4;0;-0.00138834;-0.0106859;0.00147643;-0.00134594
-0.00502642;0.399968;0;-0.0334348;-0.32443;0.132782;-0.121047
-0.010052;0.399874;0;-0.0654671;-0.638036;0.264029;-0.240695
-0.0150761;0.399716;0;-0.0974803;-0.951455;0.395199;-0.360271
-0.0200977;0.399495;0;-0.129469;-1.26464;0.526268;-0.479757
-0.0251162;0.399211;0;-0.161429;-1.57753;0.657218;-0.599134
-0.0301307;0.398864;0;-0.193354;-1.89009;0.788028;-0.718382
-0.0351405;0.398453;0;-0.224969;-2.19896;0.917577;-0.836482
-0.0401447;0.39798;0;-0.256445;-2.50638;1.04657;-0.954072
-0.0451426;0.397445;0;-0.287928;-2.81487;1.17557;-1.07168
-0.0501333;0.396846;0;-0.319437;-3.12361;1.30468;-1.18938
-0.0551161;0.396185;0;-0.350966;-3.43255;1.43388;-1.30715
-0.0600902;0.395461;0;-0.38251;-3.74163;1.56313;-1.42499
-0.0650549;0.394674;0;-0.414065;-4.05082;1.69243;-1.54286
-0.0700092;0.393826;0;-0.445624;-4.36005;1.82175;-1.66075
-0.0749525;0.392915;0;-0.477185;-4.66929;1.95108;-1.77864
-0.079884;0.391942;0;-0.508741;-4.97849;2.08038;-1.89652
-0.0848028;0.390907;0;-0.540287;-5.28759;2.20965;-2.01436
-0.0897083;0.389811;0;-0.571818;-5.59655;2.33885;-2.13214
-0.0945996;0.388653;0;-0.60333;-5.90531;2.46797;-2.24986
-0.099476;0.387433;0;-0.634818;-6.21383;2.597;-2.36748
-0.104337;0.386153;0;-0.665868;-6.51753;2.72424;-2.48347
-0.109181;0.384811;0;-0.696144;-6.81381;2.84829;-2.59656
-0.114008;0.383409;0;-0.726182;-7.10894;2.97136;-2.70875
-0.118817;0.381946;0;-0.756244;-7.4043;3.09452;-2.82103
-0.123607;0.380423;0;-0.786324;-7.69983;3.21776;-2.93338
-0.128377;0.378839;0;-0.816418;-7.9955;3.34106;-3.04578
-0.133128;0.377196;0;-0.846521;-8.29126;3.46439;-3.15821
-0.137857;0.375494;0;-0.876628;-8.58705;3.58774;-3.27066
-0.142565;0.373732;0;-0.906735;-8.88284;3.71109;-3.3831
-0.14725;0.371911;0;-0.936836;-9.17857;3.83441;-3.49553
-0.151912;0.370031;0;-0.966799;-9.4728;3.95718;-3.60744
-0.156549;0.368093;0;-0.996769;-9.76691;4.07999;-3.7194
-0.161163;0.366096;0;-1.02672;-10.0609;4.20274;-3.8313
-0.16575;0.364042;0;-1.05665;-10.3546;4.3254;-3.94312
-0.170312;0.361931;0;-1.08656;-10.6481;4.44796;-4.05485
-0.174846;0.359762;0;-1.11531;-10.9305;4.56581;-4.16228
-0.179353;0.357537;0;-1.14292;-11.2022;4.67898;-4.26545
-0.183832;0.355255;0;-1.17056;-11.4741;4.79223;-4.3687
-0.188282;0.352916;0;-1.19822;-11.7462;4.90556;-4.47201
-0.192701;0.350523;0;-1.22588;-12.0183;5.01893;-4.57536
-0.197091;0.348074;0;-1.25356;-12.2906;5.13234;-4.67875
-0.201449;0.345569;0;-1.28123;-12.5629;5.24576;-4.78214
-0.205776;0.343011;0;-1.30891;-12.8351;5.35918;-4.88554
-0.21007;0.340398;0;-1.33658;-13.1074;5.47258;-4.98891
-0.214331;0.337731;0;-1.36424;-13.3795;5.58594;-5.09225
-0.218558;0.335011;0;-1.39189;-13.6515;5.69924;-5.19554
-0.22275;0.332238;0;-1.41917;-13.9203;5.81103;-5.29745
-0.226908;0.329413;0;-1.44605;-14.1864;5.9212;-5.39789
-0.231029;0.326536;0;-1.47055;-14.4285;6.02155;-5.48937
-0.235114;0.323607;0;-1.49538;-14.6739;6.12329;-5.58211
-0.239162;0.320627;0;-1.52023;-14.9194;6.22509;-5.67492
-0.243172;0.317596;0;-1.54509;-15.1651;6.32695;-5.76778
-0.247144;0.314515;0;-1.56996;-15.4108;6.42884;-5.86066
-0.251077;0.311385;0;-1.59484;-15.6566;6.53075;-5.95357
-0.25497;0.308205;0;-1.61971;-15.9024;6.63267;-6.04648
-0.258822;0.304977;0;-1.64459;-16.1482;6.73457;-6.13937
-0.262634;0.301701;0;-1.66945;-16.3939;6.83644;-6.23224
-0.266405;0.298376;0;-1.69431;-16.6395;6.93827;-6.32507
-0.270133;0.295005;0;-1.71915;-16.885;7.04004;-6.41784
-0.273819;0.291587;0;-1.74397;-17.1303;7.14173;-6.51054
-0.277461;0.288124;0;-1.76724;-17.36;7.2372;-6.59758
-0.28106;0.284614;0;-1.78941;-17.5794;7.3281;-6.68044
-0.284614;0.28106;0;-1.81096;-17.7936;7.41633;-6.76088
-0.288124;0.277461;0;-1.83251;-18.0079;7.5046;-6.84135
-0.291587;0.273819;0;-1.85407;-18.2222;7.59289;-6.92184
-0.295005;0.270133;0;-1.87564;-18.4366;7.6812;-7.00234
-0.298376;0.266405;0;-1.8972;-18.651;7.7695;-7.08284
-0.301701;0.262634;0;-1.91876;-18.8653;7.85779;-7.16332
-0.304977;0.258822;0;-1.94031;-19.0796;7.94605;-7.24378
-0.308205;0.25497;0;-1.96185;-19.2937;8.03426;-7.32419
-0.311385;0.251077;0;-1.98337;-19.5077;8.12241;-7.40456
-0.314515;0.247144;0;-2.00488;-19.7215;8.21049;-7.48485
-0.317596;0.243172;0;-2.02495;-19.9215;8.2927;-7.5598
-0.320627;0.239162;0;-2.04232;-20.0951;8.36385;-7.62466
-0.323607;0.235114;0;-2.05971;-20.2687;8.43505;-7.68957
-0.326536;0.231029;0;-2.07711;-20.4425;8.5063;-7.75452
-0.329413;0.226908;0;-2.09452;-20.6164;8.57758;-7.8195
-0.332238;0.22275;0;-2.11193;-20.7903;8.64888;-7.8845
-0.335011;0.218558;0;-2.12934;-20.9642;8.72019;-7.9495
-0.337731;0.214331;0;-2.14647;-21.1348;8.7904;-8.01351
-0.340398;0.21007;0;-2.16361;-21.3052;8.86063;-8.07754
-0.343011;0.205776;0;-2.18074;-21.4756;8.93086;-8.14155
-0.345569;0.201449;0;-2.19787;-21.6459;9.00106;-8.20555
-0.348074;0.197091;0;-2.21499;-21.8161;9.07122;-8.26951
-0.350523;0.192701;0;-2.2321;-21.9862;9.14134;-8.33343
-0.352916;0.188282;0;-2.24919;-22.1561;9.21139;-8.3973
-0.355255;0.183832;0;-2.2646;-22.308;9.27464;-8.45495
-0.357537;0.179353;0;-2.27735;-22.4356;9.32689;-8.50258
-0.359762;0.174846;0;-2.29015;-22.5638;9.37934;-8.5504
-0.361931;0.170312;0;-2.30296;-22.692;9.43181;-8.59823
-0.364042;0.16575;0;-2.31577;-22.8202;9.48428;-8.64607
-0.366096;0.161163;0;-2.32858;-22.9483;9.53676;-8.6939
-0.368093;0.156549;0;-2.34138;-23.0765;9.58922;-8.74173
-0.370031;0.151912;0;-2.35418;-23.2045;9.64166;-8.78953
-0.371911;0.14725;0;-2.36697;-23.3325;9.69408;-8.83732
-0.373732;0.142565;0;-2.37976;-23.4604;9.74646;-8.88507
-0.375494;0.137857;0;-2.39253;-23.5882;9.7988;-8.93278
-0.377196;0.133128;0;-2.40494;-23.7126;9.84958;-8.97907
-0.378839;0.128377;0;-2.41358;-23.7994;9.88497;-9.01134
-0.380423;0.123607;0;-2.42156;-23.8797;9.9177;-9.04118
-0.381946;0.118817;0;-2.42956;-23.96;9.95046;-9.07104
-0.383409;0.114008;0;-2.43755;-24.0403;9.98323;-9.10092
-0.384811;0.109181;0;-2.44555;-24.1206;10.016;-9.1308
-0.386153;0.104337;0;-2.45355;-24.201;10.0488;-9.1607
-0.387433;0.099476;0;-2.46155;-24.2813;10.0816;-9.19059
-0.388653;0.0945996;0;-2.46955;-24.3616;10.1144;-9.22048
-0.389811;0.0897083;0;-2.47755;-24.4419;10.1472;-9.25036
-0.390907;0.0848028;0;-2.48555;-24.5222;10.1799;-9.28023
-0.391942;0.079884;0;-2.49354;-24.6024;10.2127;-9.31008
-0.392915;0.0749525;0;-2.50152;-24.6826;10.2454;-9.33991
-0.393826;0.0700092;0;-2.5095;-24.7626;10.2781;-9.36971
-0.394674;0.0650549;0;-2.5174;-24.8419;10.3105;-9.39924
-0.395461;0.0600902;0;-2.52053;-24.8733;10.3233;-9.41096
-0.396185;0.0551161;0;-2.52316;-24.9;10.3342;-9.42082
-0.396846;0.0501333;0;-2.5258;-24.9267;10.345;-9.43069
-0.397445;0.0451426;0;-2.52843;-24.9535;10.3558;-9.44056
-0.39798;0.0401447;0;-2.53107;-24.9801;10.3666;-9.45042
-0.398453;0.0351405;0;-2.53363;-25.0058;10.3772;-9.46004
-0.398864;0.0301307;0;-2.53612;-25.0306;10.3874;-9.46937
-0.399211;0.0251162;0;-2.53858;-25.0552;10.3975;-9.47862
-0.399495;0.0200977;0;-2.54104;-25.0797;10.4077;-9.48786
-0.399716;0.0150761;0;-2.5435;-25.1042;10.4178;-9.49709
-0.399874;0.010052;0;-2.54595;-25.1287;10.4279;-9.50631
-0.399968;0.00502642;0;-2.5484;-25.1531;10.438;-9.51551
-0.4;4.89859e-17;0;-2.55085;-25.1775;10.4481;-9.52471
-0.399968;-0.00502642;0;-2.54913;-25.1604;10.4411;-9.51833
-0.399874;-0.010052;0;-2.54652;-25.1344;10.4305;-9.50864
-0.399716;-0.0150761;0;-2.54391;-25.1083;10.4198;-9.49894
-0.399495;-0.0200977;0;-2.5413;-25.0823;10.4092;-9.48922
-0.399211;-0.0251162;0;-2.53868;-25.0561;10.3985;-9.47949
-0.398864;-0.0301307;0;-2.53606;-25.03;10.3878;-9.46975
-0.398453;-0.0351405;0;-2.53343;-25.0038;10.3771;-9.46001
-0.39798;-0.0401447;0;-2.53081;-24.9776;10.3664;-9.45026
-0.397445;-0.0451426;0;-2.52818;-24.9514;10.3557;-9.4405
-0.396846;-0.0501333;0;-2.52556;-24.9252;10.345;-9.43074
-0.396185;-0.0551161;0;-2.52293;-24.899;10.3343;-9.42098
-0.395461;-0.0600902;0;-2.5203;-24.8728;10.3236;-9.41122
-0.394674;-0.0650549;0;-2.51767;-24.8465;10.3129;-9.40142
-0.393826;-0.0700092;0;-2.50993;-24.7687;10.2813;-9.37262
-0.392915;-0.0749525;0;-2.50199;-24.6888;10.2489;-9.34308
-0.391942;-0.079884;0;-2.49405;-24.6089;10.2164;-9.31351
-0.390907;-0.0848028;0;-2.4861;-24.529;10.184;-9.28392
-0.389811;-0.0897083;0;-2.47815;-24.449;10.1515;-9.25432
-0.388653;-0.0945996;0;-2.47019;-24.3689;10.119;-9.2247
-0.387433;-0.099476;0;-2.46223;-24.2889;10.0865;-9.19507
-0.386153;-0.104337;0;-2.45427;-24.2088;10.054;-9.16543
-0.384811;-0.109181;0;-2.44631;-24.1287;10.0215;-9.1358
-0.383409;-0.114008;0;-2.43835;-24.0487;9.98899;-9.10617
-0.381946;-0.118817;0;-2.43039;-23.9686;9.9565;-9.07655
-0.380423;-0.123607;0;-2.42243;-23.8886;9.92402;-9.04694
-0.378839;-0.128377;0;-2.41409;-23.8049;9.88994;-9.01587
-0.377196;-0.133128;0;-2.40226;-23.6876;9.84144;-8.97166
-0.375494;-0.137857;0;-2.39041;-23.5702;9.7929;-8.92741
-0.373732;-0.142565;0;-2.37856;-23.4527;9.74434;-8.88314
-0.371911;-0.14725;0;-2.36548;-23.3207;9.69098;-8.8345
-0.370031;-0.151912;0;-2.35224;-23.1868;9.63696;-8.78525
-0.368093;-0.156549;0;-2.33899;-23.0528;9.58291;-8.73598
-0.366096;-0.161163;0;-2.32574;-22.9187;9.52883;-8.68668
-0.364042;-0.16575;0;-2.31248;-22.7847;9.47475;-8.63737
-0.361931;-0.170312;0;-2.29922;-22.6506;9.42066;-8.58806
-0.359762;-0.174846;0;-2.28596;-22.5164;9.36657;-8.53876
-0.357537;-0.179353;0;-2.27271;-22.3824;9.3125;-8.48946
-0.355255;-0.183832;0;-2.2579;-22.236;9.25188;-8.4342
-0.352916;-0.188282;0;-2.24276;-22.0863;9.18985;-8.37766
-0.350523;-0.192701;0;-2.22693;-21.9297;9.12502;-8.31855
-0.348074;-0.197091;0;-2.21018;-21.7641;9.05638;-8.25598
-0.345569;-0.201449;0;-2.19342;-21.5983;8.98771;-8.19338
-0.343011;-0.205776;0;-2.17666;-21.4325;8.91902;-8.13076
-0.340398;-0.21007;0;-2.15989;-21.2666;8.85032;-8.06813
-0.337731;-0.214331;0;-2.14313;-21.1007;8.78161;-8.0055
-0.335011;-0.218558;0;-2.12636;-20.9349;8.71292;-7.94287
-0.332238;-0.22275;0;-2.1096;-20.769;8.64424;-7.88027
-0.329413;-0.226908;0;-2.09285;-20.6033;8.5756;-7.81769
-0.326536;-0.231029;0;-2.07552;-20.4297;8.50475;-7.75311
-0.323607;-0.235114;0;-2.05795;-20.2536;8.43292;-7.68762
-0.320627;-0.239162;0;-2.04038;-20.0776;8.36112;-7.62217
-0.317596;-0.243172;0;-2.02278;-19.9014;8.28917;-7.55658
-0.314515;-0.247144;0;-2.00251;-19.6997;8.20618;-7.48092
-0.311385;-0.251077;0;-1.98093;-19.4851;8.11792;-7.40046
-0.308205;-0.25497;0;-1.95934;-19.2703;8.02959;-7.31993
-0.304977;-0.258822;0;-1.93774;-19.0553;7.9412;-7.23936
-0.301701;-0.262634;0;-1.91612;-18.8403;7.85276;-7.15874
-0.298376;-0.266405;0;-1.89449;-18.6252;7.76429;-7.07809
-0.295005;-0.270133;0;-1.87286;-18.41;7.67581;-6.99742
-0.291587;-0.273819;0;-1.85123;-18.1948;7.58732;-6.91676
-0.288124;-0.277461;0;-1.8296;-17.9797;7.49884;-6.8361
-0.284614;-0.28106;0;-1.80798;-17.7646;7.41039;-6.75546
-0.28106;-0.284614;0;-1.78636;-17.5496;7.32197;-6.67486
-0.277461;-0.288124;0;-1.76383;-17.3276;7.2296;-6.59065
-0.273819;-0.291587;0;-1.74081;-17.1009;7.13517;-6.50456
-0.270133;-0.295005;0;-1.71665;-16.8625;7.03625;-6.41439
-0.266405;-0.298376;0;-1.69194;-16.6185;6.93506;-6.32214
-0.262634;-0.301701;0;-1.66722;-16.3745;6.83382;-6.22985
-0.258822;-0.304977;0;-1.64249;-16.1303;6.73254;-6.13752
-0.25497;-0.308205;0;-1.61775;-15.8861;6.63125;-6.04518
-0.251077;-0.311385;0;-1.59301;-15.6419;6.52995;-5.95283
-0.247144;-0.314515;0;-1.56828;-15.3978;6.42866;-5.8605
-0.243172;-0.317596;0;-1.54355;-15.1537;6.32741;-5.7682
-0.239162;-0.320627;0;-1.51883;-14.9097;6.2262;-5.67593
-0.235114;-0.323607;0;-1.49413;-14.6659;6.12505;-5.58372
-0.231029;-0.326536;0;-1.46945;-14.4222;6.02398;-5.49159
-0.226908;-0.329413;0;-1.44416;-14.1724;5.92041;-5.39717
-0.22275;-0.332238;0;-1.41729;-13.9066;5.81033;-5.29682
-0.218558;-0.335011;0;-1.38986;-13.6367;5.69802;-5.19443
-0.214331;-0.337731;0;-1.36218;-13.3643;5.58462;-5.09105
-0.21007;-0.340398;0;-1.33447;-13.0917;5.47116;-4.98762
-0.205776;-0.343011;0;-1.30676;-12.819;5.35766;-4.88415
-0.201449;-0.345569;0;-1.27904;-12.5462;5.24414;-4.78067
-0.197091;-0.348074;0;-1.25132;-12.2735;5.13062;-4.67718
-0.192701;-0.350523;0;-1.22361;-12.0007;5.01711;-4.5737
-0.188282;-0.352916;0;-1.1959;-11.7281;4.90363;-4.47025
-0.183832;-0.355255;0;-1.16821;-11.4556;4.7902;-4.36684
-0.179353;-0.357537;0;-1.14053;-11.1832;4.67684;-4.2635
-0.174846;-0.359762;0;-1.11287;-10.911;4.56356;-4.16024
-0.170312;-0.361931;0;-1.08422;-10.6295;4.44612;-4.05317
-0.16575;-0.364042;0;-1.05461;-10.3389;4.3248;-3.94258
-0.161163;-0.366096;0;-1.02469;-10.0453;4.20225;-3.83085
-0.156549;-0.368093;0;-0.994752;-9.75146;4.07961;-3.71905
-0.151912;-0.370031;0;-0.964799;-9.45751;3.95691;-3.6072
-0.14725;-0.371911;0;-0.934837;-9.16346;3.83417;-3.49531
-0.142565;-0.373732;0;-0.904869;-8.86935;3.71141;-3.3834
-0.137857;-0.375494;0;-0.874901;-8.57525;3.58865;-3.27149
-0.133128;-0.377196;0;-0.844937;-8.28118;3.46591;-3.1596
-0.128377;-0.378839;0;-0.814982;-7.98721;3.34321;-3.04773
-0.123607;-0.380423;0;-0.785041;-7.69337;3.22056;-2.93592
-0.118817;-0.381946;0;-0.755118;-7.39971;3.09798;-2.82418
-0.114008;-0.383409;0;-0.725219;-7.10629;2.9755;-2.71253
-0.109181;-0.384811;0;-0.695378;-6.81342;2.85326;-2.60109
-0.104337;-0.386153;0;-0.664122;-6.50707;2.72519;-2.48434
-0.099476;-0.387433;0;-0.632793;-6.20015;2.59684;-2.36733
-0.0945996;-0.388653;0;-0.601447;-5.89306;2.46842;-2.25026
-0.0897083;-0.389811;0;-0.570089;-5.58586;2.33994;-2.13314
-0.0848028;-0.390907;0;-0.538745;-5.27881;2.21153;-2.01608
-0.079884;-0.391942;0;-0.507342;-4.97109;2.08288;-1.8988
-0.0749525;-0.392915;0;-0.475918;-4.66313;1.95415;-1.78144
-0.0700092;-0.393826;0;-0.444498;-4.35522;1.82543;-1.6641
-0.0650549;-0.394674;0;-0.413088;-4.04739;1.69675;-1.54679
-0.0600902;-0.395461;0;-0.381693;-3.7397;1.56813;-1.42954
-0.0551161;-0.396185;0;-0.350316;-3.4322;1.4396;-1.31237
-0.0501333;-0.396846;0;-0.318654;-3.12277;1.30986;-1.19409
-0.0451426;-0.397445;0;-0.286703;-2.80998;1.17895;-1.07475
-0.0401447;-0.39798;0;-0.254734;-2.49701;1.04796;-0.955343
-0.0351405;-0.398453;0;-0.222752;-2.18391;0.916923;-0.835886
-0.0301307;-0.398864;0;-0.190814;-1.8712;0.786065;-0.716593
-0.0251162;-0.399211;0;-0.158801;-1.55779;0.654901;-0.597021
-0.0200977;-0.399495;0;-0.126787;-1.24436;0.523728;-0.477441
-0.0150761;-0.399716;0;-0.0947748;-0.930964;0.392567;-0.357872
-0.010052;-0.399874;0;-0.062771;-0.617643;0.261438;-0.238333
-0.00502642;-0.399968;0;-0.0307803;-0.30445;0.130363;-0.118842
-7.34788e-17;-0.4;0;0.0011923;0.00856526;-0.000637397;0.000581064
0.00502642;-0.399968;0;0.0329139;0.319067;-0.13061;0.119067
0.010052;-0.399874;0;0.0647631;0.630685;-0.261107;0.238031
0.0150761;-0.399716;0;0.0966389;0.942561;-0.391713;0.357093
0.0200977;-0.399495;0;0.128536;1.25465;-0.522406;0.476236
0.0251162;-0.399211;0;0.16045;1.56689;-0.653168;0.595441
0.0301307;-0.398864;0;0.192375;1.87925;-0.783975;0.714688
0.0351405;-0.398453;0;0.224306;2.19167;-0.914809;0.833959
0.0401447;-0.39798;0;0.256239;2.5041;-1.04565;0.953235
0.0451426;-0.397445;0;0.288168;2.81649;-1.17647;1.0725
0.0501333;-0.396846;0;0.320088;3.1288;-1.30726;1.19173
0.0551161;-0.396185;0;0.351813;3.43946;-1.43736;1.31032
0.0600902;-0.395461;0;0.383647;3.7512;-1.56791;1.42934
0.0650549;-0.394674;0;0.414672;4.05573;-1.69502;1.54521
0.0700092;-0.393826;0;0.446191;4.36514;-1.82415;1.66293
0.0749525;-0.392915;0;0.477713;4.67458;-1.95329;1.78066
0.079884;-0.391942;0;0.509234;4.98401;-2.08242;1.89838
0.0848028;-0.390907;0;0.540058;5.286;-2.20874;2.01353
0.0897083;-0.389811;0;0.571119;5.58974;-2.33605;2.12959
0.0945996;-0.388653;0;0.602189;5.89356;-2.4634;2.24568
0.099476;-0.387433;0;0.633263;6.19741;-2.59076;2.36179
0.104337;-0.386153;0;0.664335;6.50125;-2.71811;2.47789
0.109181;-0.384811;0;0.6954;6.80502;-2.84544;2.59396
0.114008;-0.383409;0;0.726454;7.10867;-2.97272;2.70999
0.118817;-0.381946;0;0.756124;7.3998;-3.09429;2.82082
0.123607;-0.380423;0;0.78614;7.6949;-3.21726;2.93292
0.128377;-0.378839;0;0.816171;7.99016;-3.3403;3.04508
0.133128;-0.377196;0;0.846213;8.28553;-3.46338;3.15729
0.137857;-0.375494;0;0.876262;8.58096;-3.58648;3.26951
0.142565;-0.373732;0;0.906312;8.8764;-3.7096;3.38174
0.14725;-0.371911;0;0.936359;9.17181;-3.83269;3.49396
0.151912;-0.370031;0;0.966398;9.46714;-3.95576;3.60615
0.156549;-0.368093;0;0.996424;9.76234;-4.07877;3.71829
0.161163;-0.366096;0;1.02643;10.0574;-4.20172;3.83037
0.16575;-0.364042;0;1.05642;10.3522;-4.32457;3.94237
0.170312;-0.361931;0;1.08587;10.6408;-4.44525;4.05238
0.174846;-0.359762;0;1.11448;10.9207;-4.56254;4.15931
0.179353;-0.357537;0;1.14226;11.1945;-4.67634;4.26305
0.183832;-0.355255;0;1.17005;11.4684;-4.79021;4.36685
0.188282;-0.352916;0;1.19786;11.7424;-4.90414;4.47071
0.192701;-0.350523;0;1.22568;12.0165;-5.01811;4.57461
0.197091;-0.348074;0;1.2535;12.2907;-5.13209;4.67852
0.201449;-0.345569;0;1.28132;12.5649;-5.24609;4.78244
0.205776;-0.343011;0;1.30914;12.8391;-5.36006;4.88634
0.21007;-0.340398;0;1.33695;13.1131;-5.47401;4.99022
0.214331;-0.337731;0;1.36475;13.3871;-5.5879;5.09404
0.218558;-0.335011;0;1.39253;13.6608;-5.70172;5.19781
0.22275;-0.332238;0;1.42029;13.9344;-5.81546;5.30149
0.226908;-0.329413;0;1.4469;14.196;-5.92449;5.40089
0.231029;-0.326536;0;1.4717;14.4413;-6.0261;5.49351
0.235114;-0.323607;0;1.49652;14.6868;-6.12778;5.58621
0.239162;-0.320627;0;1.52136;14.9324;-6.22954;5.67897
0.243172;-0.317596;0;1.54621;15.1782;-6.33135;5.77178
0.247144;-0.314515;0;1.57107;15.4241;-6.43319;5.86463
0.251077;-0.311385;0;1.59593;15.67;-6.53505;5.95749
0.25497;-0.308205;0;1.6208;15.9159;-6.63692;6.05035
0.258822;-0.304977;0;1.64566;16.1618;-6.73877;6.1432
0.262634;-0.301701;0;1.67051;16.4076;-6.84059;6.23603
0.266405;-0.298376;0;1.69535;16.6533;-6.94237;6.32881
0.270133;-0.295005;0;1.72018;16.8989;-7.04409;6.42154
0.273819;-0.291587;0;1.74499;17.1442;-7.14574;6.5142
0.277461;-0.288124;0;1.76933;17.3844;-7.24549;6.60513
0.28106;-0.284614;0;1.7912;17.6007;-7.33512;6.68684
0.284614;-0.28106;0;1.81256;17.8128;-7.42262;6.76661
0.288124;-0.277461;0;1.83393;18.0251;-7.51016;6.84641
0.291587;-0.273819;0;1.85531;18.2374;-7.59773;6.92625
0.295005;-0.270133;0;1.87669;18.4498;-7.68533;7.0061
0.298376;-0.266405;0;1.89808;18.6622;-7.77292;7.08595
0.301701;-0.262634;0;1.91946;18.8745;-7.86051;7.1658
0.304977;-0.258822;0;1.94083;19.0868;-7.94807;7.24563
0.308205;-0.25497;0;1.9622;19.2989;-8.0356;7.32542
0.311385;-0.251077;0;1.98355;19.511;-8.12307;7.40516
0.314515;-0.247144;0;2.00489;19.7229;-8.21048;7.48485
0.317596;-0.243172;0;2.02551;19.9274;-8.29495;7.56184
0.320627;-0.239162;0;2.04276;20.0994;-8.36563;7.62628
0.323607;-0.235114;0;2.06003;20.2716;-8.43637;7.69077
0.326536;-0.231029;0;2.07731;20.4439;-8.50716;7.7553
0.329413;-0.226908;0;2.0946;20.6162;-8.57798;7.81986
0.332238;-0.22275;0;2.11189;20.7886;-8.64883;7.88445
0.335011;-0.218558;0;2.12919;20.9611;-8.71969;7.94905
0.337731;-0.214331;0;2.14649;21.1335;-8.79056;8.01365
0.340398;-0.21007;0;2.16379;21.3059;-8.86142;8.07825
0.343011;-0.205776;0;2.18108;21.4783;-8.93225;8.14282
0.345569;-0.201449;0;2.19836;21.6506;-9.00306;8.20737
0.348074;-0.197091;0;2.21563;21.8228;-9.07383;8.27189
0.350523;-0.192701;0;2.2329;21.9948;-9.14454;8.33635
0.352916;-0.188282;0;2.25014;22.1667;-9.21519;8.40075
0.355255;-0.183832;0;2.26516;22.3162;-9.27672;8.45685
0.357537;-0.179353;0;2.27799;22.4451;-9.32924;8.50472
0.359762;-0.174846;0;2.29082;22.5741;-9.38178;8.55262
0.361931;-0.170312;0;2.30308;22.696;-9.43202;8.59842
0.364042;-0.16575;0;2.31524;22.8169;-9.4819;8.6439
0.366096;-0.161163;0;2.3274;22.9378;-9.53181;8.68939
0.368093;-0.156549;0;2.33957;23.0587;-9.58171;8.73489
0.370031;-0.151912;0;2.35173;23.1796;-9.63162;8.78038
0.371911;-0.14725;0;2.36389;23.3004;-9.68151;8.82587
0.373732;-0.142565;0;2.37605;23.4213;-9.73139;8.87133
0.375494;-0.137857;0;2.3882;23.5421;-9.78124;8.91678
0.377196;-0.133128;0;2.40034;23.6627;-9.83106;8.96219
0.378839;-0.128377;0;2.41243;23.7835;-9.88061;9.00737
0.380423;-0.123607;0;2.42334;23.8937;-9.92526;9.04807
0.381946;-0.118817;0;2.43123;23.9741;-9.95751;9.07747
0.383409;-0.114008;0;2.43912;24.0545;-9.98978;9.10689
0.384811;-0.109181;0;2.44702;24.1349;-10.0221;9.13631
0.386153;-0.104337;0;2.4545;24.2106;-10.0527;9.16424
0.387433;-0.099476;0;2.4612;24.2765;-10.0803;9.18942
0.388653;-0.0945996;0;2.46791;24.3424;-10.1079;9.2146
0.389811;-0.0897083;0;2.47462;24.4083;-10.1356;9.23979
0.390907;-0.0848028;0;2.48133;24.4742;-10.1632;9.26498
0.391942;-0.079884;0;2.48804;24.5401;-10.1908;9.29017
0.392915;-0.0749525;0;2.49475;24.606;-10.2184;9.31534
0.393826;-0.0700092;0;2.50145;24.6718;-10.2461;9.34051
0.394674;-0.0650549;0;2.50815;24.7376;-10.2736;9.36566
0.395461;-0.0600902;0;2.51485;24.8033;-10.3012;9.3908
0.396185;-0.0551161;0;2.51892;24.8445;-10.3179;9.40603
0.396846;-0.0501333;0;2.52198;24.8762;-10.3304;9.41739
0.397445;-0.0451426;0;2.52504;24.9079;-10.3429;9.42876
0.39798;-0.0401447;0;2.52716;24.9288;-10.3516;9.43677
0.398453;-0.0351405;0;2.52851;24.9406;-10.3574;9.442
0.398864;-0.0301307;0;2.52986;24.9523;-10.3631;9.44723
0.399211;-0.0251162;0;2.53122;24.9641;-10.3689;9.45246
0.399495;-0.0200977;0;2.53257;24.976;-10.3746;9.45769
0.399716;-0.0150761;0;2.53392;24.9878;-10.3803;9.46293
0.399874;-0.010052;0;2.53527;24.9996;-10.3861;9.46816
0.399968;-0.00502642;0;2.53662;25.0114;-10.3918;9.47339
