0.4;0;0;2.54125;24.7429;-10.3975;9.47853
0.399968;0.00502642;0;2.5398;24.7288;-10.3915;9.47309
0.399874;0.010052;0;2.53832;24.7143;-10.3854;9.46754
0.399716;0.0150761;0;2.53683;24.6999;-10.3793;9.46199
0.399495;0.0200977;0;2.53535;24.6855;-10.3732;9.45644
0.399211;0.0251162;0;2.53387;24.6711;-10.3671;9.45089
0.398864;0.0301307;0;2.53238;24.6566;-10.361;9.44534
0.398453;0.0351405;0;2.5309;24.6422;-10.355;9.43979
0.39798;0.0401447;0;2.52942;24.6278;-10.3489;9.43425
0.397445;0.0451426;0;2.52669;24.6007;-10.3377;9.42406
0.396846;0.0501333;0;2.5233;24.567;-10.3238;9.41143
0.396185;0.0551161;0;2.5199;24.5332;-10.31;9.3988
0.395461;0.0600902;0;2.51651;24.4995;-10.2961;9.38617
0.394674;0.0650549;0;2.51045;24.4398;-10.2713;9.36354
0.393826;0.0700092;0;2.50382;24.3745;-10.2442;9.33879
0.392915;0.0749525;0;2.49718;24.3091;-10.217;9.31402
0.391942;0.079884;0;2.49054;24.2437;-10.1898;9.28924
0.390907;0.0848028;0;2.4839;24.1783;-10.1626;9.26445
0.389811;0.0897083;0;2.47726;24.1129;-10.1354;9.23966
0.388653;0.0945996;0;2.47062;24.0475;-10.1082;9.21487
0.387433;0.099476;0;2.46397;23.9821;-10.081;9.19008
0.386153;0.104337;0;2.45697;23.9129;-10.0524;9.16394
0.384811;0.109181;0;2.44878;23.8316;-10.0189;9.13341
0.383409;0.114008;0;2.44059;23.7504;-9.98538;9.10287
0.381946;0.118817;0;2.4324;23.6691;-9.95189;9.07235
0.380423;0.123607;0;2.42421;23.5879;-9.91841;9.04183
0.378839;0.128377;0;2.41356;23.4827;-9.87486;9.00212
0.377196;0.133128;0;2.40132;23.3618;-9.82477;8.95646
0.375494;0.137857;0;2.38913;23.2416;-9.7749;8.911
0.373732;0.142565;0;2.37695;23.1215;-9.72504;8.86554
0.371911;0.14725;0;2.36475;23.0013;-9.67515;8.82006
0.370031;0.151912;0;2.35255;22.881;-9.62524;8.77457
0.368093;0.156549;0;2.34035;22.7607;-9.57532;8.72906
0.366096;0.161163;0;2.32815;22.6404;-9.52541;8.68356
0.364042;0.16575;0;2.31595;22.5202;-9.4755;8.63806
0.361931;0.170312;0;2.30376;22.3999;-9.4256;8.59257
0.359762;0.174846;0;2.29157;22.2798;-9.37573;8.5471
0.357537;0.179353;0;2.27939;22.1597;-9.32588;8.50167
0.355255;0.183832;0;2.26721;22.0397;-9.27608;8.45626
0.352916;0.188282;0;2.25249;21.8947;-9.21582;8.40133
0.350523;0.192701;0;2.23525;21.7252;-9.14527;8.33702
0.348074;0.197091;0;2.21799;21.5555;-9.07466;8.27265
0.345569;0.201449;0;2.20072;21.3857;-9.004;8.20823
0.343011;0.205776;0;2.18344;21.2158;-8.93329;8.14377
0.340398;0.21007;0;2.16615;21.0458;-8.86256;8.07929
0.337731;0.214331;0;2.14886;20.8757;-8.7918;8.01479
0.335011;0.218558;0;2.13156;20.7057;-8.72104;7.95028
0.332238;0.22275;0;2.11427;20.5357;-8.65028;7.88577
0.329413;0.226908;0;2.09698;20.3656;-8.57953;7.82128
0.326536;0.231029;0;2.07969;20.1957;-8.50881;7.75681
0.323607;0.235114;0;2.0624;20.0256;-8.43804;7.69229
0.320627;0.239162;0;2.04505;19.855;-8.36706;7.62759
0.317596;0.243172;0;2.02771;19.6845;-8.29614;7.56293
0.314515;0.247144;0;2.00789;19.4901;-8.21503;7.48899
0.311385;0.251077;0;1.98657;19.2812;-8.12775;7.40943
0.308205;0.25497;0;1.96522;19.0722;-8.04041;7.3298
0.304977;0.258822;0;1.94386;18.8629;-7.95297;7.25009
0.301701;0.262634;0;1.92246;18.6532;-7.8654;7.17026
0.298376;0.266405;0;1.90104;18.4434;-7.77775;7.09036
0.295005;0.270133;0;1.8796;18.2333;-7.69;7.01036
0.291587;0.273819;0;1.85815;18.0232;-7.60224;6.93036
0.288124;0.277461;0;1.83671;17.8132;-7.5145;6.85037
0.284614;0.28106;0;1.81528;17.6032;-7.42679;6.77041
0.28106;0.284614;0;1.79385;17.3933;-7.33912;6.69049
0.277461;0.288124;0;1.7721;17.1803;-7.25009;6.60933
0.273819;0.291587;0;1.7473;16.9384;-7.14859;6.5168
0.270133;0.295005;0;1.72248;16.6962;-7.047;6.42419
0.266405;0.298376;0;1.69764;16.4538;-6.94533;6.3315
0.262634;0.301701;0;1.67278;16.2113;-6.8436;6.23876
0.258822;0.304977;0;1.64792;15.9687;-6.74182;6.14598
0.25497;0.308205;0;1.62305;15.726;-6.64002;6.05318
0.251077;0.311385;0;1.59816;15.4831;-6.53816;5.96032
0.247144;0.314515;0;1.57327;15.2403;-6.43629;5.86745
0.243172;0.317596;0;1.54836;14.9972;-6.33433;5.77451
0.239162;0.320627;0;1.52346;14.7542;-6.23241;5.68159
0.235114;0.323607;0;1.49857;14.5113;-6.13054;5.58873
0.231029;0.326536;0;1.47369;14.2686;-6.02873;5.49592
0.226908;0.329413;0;1.44884;14.0261;-5.92701;5.40318
0.22275;0.332238;0;1.42245;13.7691;-5.81898;5.30471
0.218558;0.335011;0;1.39465;13.4989;-5.7052;5.20098
0.214331;0.337731;0;1.36684;13.2285;-5.59133;5.09717
0.21007;0.340398;0;1.339;12.9579;-5.47739;4.9933
0.205776;0.343011;0;1.31116;12.6872;-5.3634;4.88939
0.201449;0.345569;0;1.2833;12.4164;-5.24938;4.78544
0.197091;0.348074;0;1.25544;12.1456;-5.13533;4.68148
0.192701;0.350523;0;1.22759;11.8747;-5.02129;4.57751
0.188282;0.352916;0;1.19973;11.6039;-4.90727;4.47357
0.183832;0.355255;0;1.17189;11.3333;-4.79329;4.36966
0.179353;0.357537;0;1.14406;11.0627;-4.67936;4.2658
0.174846;0.359762;0;1.11624;10.7923;-4.56551;4.16201
0.170312;0.361931;0;1.08807;10.5187;-4.45019;4.05688
0.16575;0.364042;0;1.05802;10.2273;-4.32716;3.94472
0.161163;0.366096;0;1.02782;9.93438;-4.20352;3.83202
0.156549;0.368093;0;0.997591;9.6412;-4.07976;3.7192
0.151912;0.370031;0;0.967335;9.34776;-3.9559;3.60628
0.14725;0.371911;0;0.937057;9.05412;-3.83195;3.49329
0.142565;0.373732;0;0.906764;8.76032;-3.70794;3.38023
0.137857;0.375494;0;0.876459;8.46642;-3.58387;3.26713
0.133128;0.377196;0;0.846147;8.17244;-3.45978;3.15401
0.128377;0.378839;0;0.815834;7.87845;-3.33569;3.04088
0.123607;0.380423;0;0.785523;7.58449;-3.2116;2.92776
0.118817;0.381946;0;0.755958;7.29814;-3.09056;2.81741
0.114008;0.383409;0;0.724929;6.99806;-2.9635;2.70159
0.109181;0.384811;0;0.693886;6.69785;-2.83639;2.58571
0.104337;0.386153;0;0.662835;6.39755;-2.70924;2.4698
0.099476;0.387433;0;0.63178;6.09722;-2.58208;2.35388
0.0945996;0.388653;0;0.600726;5.7969;-2.45493;2.23796
0.0897083;0.389811;0;0.569678;5.49664;-2.3278;2.12207
0.0848028;0.390907;0;0.538641;5.19648;-2.20071;2.00621
0.079884;0.391942;0;0.50762;4.89648;-2.07369;1.89042
0.0749525;0.392915;0;0.476619;4.59668;-1.94675;1.7747
0.0700092;0.393826;0;0.445645;4.29712;-1.81992;1.65907
0.0650549;0.394674;0;0.4147;3.99787;-1.69321;1.54357
0.0600902;0.395461;0;0.383792;3.69895;-1.56665;1.42819
0.0551161;0.396185;0;0.352923;3.40042;-1.44025;1.31296
0.0501333;0.396846;0;0.321161;3.09344;-1.31019;1.1944
0.0451426;0.397445;0;0.289231;2.7849;-1.17945;1.07521
0.0401447;0.39798;0;0.257264;2.476;-1.04856;0.955888
0.0351405;0.398453;0;0.225265;2.1668;-0.917538;0.836446
0.0301307;0.398864;0;0.19324;1.85735;-0.786408;0.716906
0.0251162;0.399211;0;0.161194;1.54769;-0.655192;0.597286
0.0200977;0.399495;0;0.129132;1.23787;-0.523908;0.477606
0.0150761;0.399716;0;0.0970585;0.927941;-0.392579;0.357883
0.010052;0.399874;0;0.0649787;0.617954;-0.261225;0.238138
0.00502642;0.399968;0;0.0328979;0.307957;-0.129866;0.118389
2.44929e-17;0.4;0;0.000821112;-0.00200193;0.00147643;-0.00134594
-0.00502642;0.399968;0;-0.0312467;-0.311873;0.132782;-0.121047
-0.010052;0.399874;0;-0.0633003;-0.621608;0.264029;-0.240695
-0.0150761;0.399716;0;-0.0953348;-0.931158;0.395199;-0.360271
-0.0200977;0.399495;0;-0.127345;-1.24047;0.526268;-0.479757
-0.0251162;0.399211;0;-0.159326;-1.54951;0.657218;-0.599134
-0.0301307;0.398864;0;-0.191273;-1.85821;0.788028;-0.718382
-0.0351405;0.398453;0;-0.222908;-2.16396;0.917577;-0.836482
-0.0401447;0.39798;0;-0.254407;-2.46851;1.04657;-0.954072
-0.0451426;0.397445;0;-0.285915;-2.77317;1.17557;-1.07168
-0.0501333;0.396846;0;-0.317448;-3.07808;1.30468;-1.18938
-0.0551161;0.396185;0;-0.349001;-3.38318;1.43388;-1.30715
-0.0600902;0.395461;0;-0.38057;-3.68844;1.56313;-1.42499
-0.0650549;0.394674;0;-0.412149;-3.99379;1.69243;-1.54286
-0.0700092;0.393826;0;-0.443734;-4.2992;1.82175;-1.66075
-0.0749525;0.392915;0;-0.475318;-4.60461;1.95108;-1.77864
-0.079884;0.391942;0;-0.506899;-4.90997;2.08038;-1.89652
-0.0848028;0.390907;0;-0.538469;-5.21525;2.20965;-2.01436
-0.0897083;0.389811;0;-0.570025;-5.52038;2.33885;-2.13214
-0.0945996;0.388653;0;-0.601562;-5.82532;2.46797;-2.24986
-0.099476;0.387433;0;-0.633074;-6.13003;2.597;-2.36748
-0.104337;0.386153;0;-0.664147;-6.43065;2.72424;-2.48347
-0.109181;0.384811;0;-0.694443;-6.72414;2.84829;-2.59656
-0.114008;0.383409;0;-0.724503;-7.01551;2.97136;-2.70875
-0.118817;0.381946;0;-0.754587;-7.30709;3.09452;-2.82103
-0.123607;0.380423;0;-0.784689;-7.59886;3.21776;-2.93338
-0.128377;0.378839;0;-0.814805;-7.89076;3.34106;-3.04578
-0.133128;0.377196;0;-0.84493;-8.18275;3.46439;-3.15821
-0.137857;0.375494;0;-0.875059;-8.47478;3.58774;-3.27066
-0.142565;0.373732;0;-0.905187;-8.7668;3.71109;-3.3831
-0.14725;0.371911;0;-0.93531;-9.05878;3.83441;-3.49553
-0.151912;0.370031;0;-0.965296;-9.34942;3.95718;-3.60744
-0.156549;0.368093;0;-0.995294;-9.6401;4.07999;-3.7194
-0.161163;0.366096;0;-1.02527;-9.93062;4.20274;-3.8313
-0.16575;0.364042;0;-1.05524;-10.2209;4.3254;-3.94312
-0.170312;0.361931;0;-1.08517;-10.511;4.44796;-4.05485
-0.174846;0.359762;0;-1.11396;-10.7902;4.56581;-4.16228
-0.179353;0.357537;0;-1.1416;-11.0589;4.67898;-4.26545
-0.183832;0.355255;0;-1.16927;-11.3278;4.79223;-4.3687
-0.188282;0.352916;0;-1.19695;-11.5969;4.90556;-4.47201
-0.192701;0.350523;0;-1.22465;-11.8661;5.01893;-4.57536
-0.197091;0.348074;0;-1.25235;-12.1354;5.13234;-4.67875
-0.201449;0.345569;0;-1.28005;-12.4048;5.24576;-4.78214
-0.205776;0.343011;0;-1.30776;-12.6741;5.35918;-4.88554
-0.21007;0.340398;0;-1.33546;-12.9433;5.47258;-4.98891
-0.214331;0.337731;0;-1.36315;-13.2125;5.58594;-5.09225
-0.218558;0.335011;0;-1.39083;-13.4816;5.69924;-5.19554
-0.22275;0.332238;0;-1.41814;-13.7471;5.81103;-5.29745
-0.226908;0.329413;0;-1.44506;-14.009;5.9212;-5.39789
-0.231029;0.326536;0;-1.46958;-14.2482;6.02155;-5.48937
-0.235114;0.323607;0;-1.49443;-14.4908;6.12329;-5.58211
-0.239162;0.320627;0;-1.51931;-14.7335;6.22509;-5.67492
-0.243172;0.317596;0;-1.54419;-14.9763;6.32695;-5.76778
-0.247144;0.314515;0;-1.56909;-15.2193;6.42884;-5.86066
-0.251077;0.311385;0;-1.59398;-15.4622;6.53075;-5.95357
-0.25497;0.308205;0;-1.61888;-15.7052;6.63267;-6.04648
-0.258822;0.304977;0;-1.64378;-15.9482;6.73457;-6.13937
-0.262634;0.301701;0;-1.66867;-16.1911;6.83644;-6.23224
-0.266405;0.298376;0;-1.69355;-16.4338;6.93827;-6.32507
-0.270133;0.295005;0;-1.71841;-16.6765;7.04004;-6.41784
-0.273819;0.291587;0;-1.74326;-16.9189;7.14173;-6.51054
-0.277461;0.288124;0;-1.76659;-17.1465;7.2372;-6.59758
-0.28106;0.284614;0;-1.7888;-17.3635;7.3281;-6.68044
-0.284614;0.28106;0;-1.81036;-17.5748;7.41633;-6.76088
-0.288124;0.277461;0;-1.83193;-17.7862;7.5046;-6.84135
-0.291587;0.273819;0;-1.85351;-17.9977;7.59289;-6.92184
-0.295005;0.270133;0;-1.87509;-18.2091;7.6812;-7.00234
-0.298376;0.266405;0;-1.89667;-18.4206;7.7695;-7.08284
-0.301701;0.262634;0;-1.91824;-18.632;7.85779;-7.16332
-0.304977;0.258822;0;-1.93981;-18.8434;7.94605;-7.24378
-0.308205;0.25497;0;-1.96137;-19.0546;8.03426;-7.32419
-0.311385;0.251077;0;-1.98291;-19.2657;8.12241;-7.40456
-0.314515;0.247144;0;-2.00444;-19.4766;8.21049;-7.48485
-0.317596;0.243172;0;-2.02453;-19.6736;8.2927;-7.5598
-0.320627;0.239162;0;-2.04192;-19.8447;8.36385;-7.62466
-0.323607;0.235114;0;-2.05933;-20.0159;8.43505;-7.68957
-0.326536;0.231029;0;-2.07674;-20.1872;8.5063;-7.75452
-0.329413;0.226908;0;-2.09416;-20.3586;8.57758;-7.8195
-0.332238;0.22275;0;-2.11159;-20.53;8.64888;-7.8845
-0.335011;0.218558;0;-2.12902;-20.7015;8.72019;-7.9495
-0.337731;0.214331;0;-2.14618;-20.8702;8.7904;-8.01351
-0.340398;0.21007;0;-2.16335;-21.0389;8.86063;-8.07754
-0.343011;0.205776;0;-2.18051;-21.2076;8.93086;-8.14155
-0.345569;0.201449;0;-2.19767;-21.3763;9.00106;-8.20555
-0.348074;0.197091;0;-2.21481;-21.5448;9.07122;-8.26951
-0.350523;0.192701;0;-2.23195;-21.7133;9.14134;-8.33343
-0.352916;0.188282;0;-2.24907;-21.8816;9.21139;-8.3973
-0.355255;0.183832;0;-2.26452;-22.0336;9.27464;-8.45495
-0.357537;0.179353;0;-2.2773;-22.1596;9.32689;-8.50258
-0.359762;0.174846;0;-2.29012;-22.2861;9.37934;-8.5504
-0.361931;0.170312;0;-2.30295;-22.4126;9.43181;-8.59823
-0.364042;0.16575;0;-2.31577;-22.5392;9.48428;-8.64607
-0.366096;0.161163;0;-2.3286;-22.6658;9.53676;-8.6939
-0.368093;0.156549;0;-2.34143;-22.7923;9.58922;-8.74173
-0.370031;0.151912;0;-2.35425;-22.9188;9.64166;-8.78953
-0.371911;0.14725;0;-2.36706;-23.0452;9.69408;-8.83732
-0.373732;0.142565;0;-2.37986;-23.1716;9.74646;-8.88507
-0.375494;0.137857;0;-2.39266;-23.2978;9.7988;-8.93278
-0.377196;0.133128;0;-2.40507;-23.4203;9.84958;-8.97907
-0.378839;0.128377;0;-2.41372;-23.5059;9.88497;-9.01134
-0.380423;0.123607;0;-2.42173;-23.5851;9.9177;-9.04118
-0.381946;0.118817;0;-2.42974;-23.6643;9.95046;-9.07104
-0.383409;0.114008;0;-2.43775;-23.7435;9.98323;-9.10092
-0.384811;0.109181;0;-2.44576;-23.8228;10.016;-9.1308
-0.386153;0.104337;0;-2.45378;-23.9021;10.0488;-9.1607
-0.387433;0.099476;0;-2.4618;-23.9814;10.0816;-9.19059
-0.388653;0.0945996;0;-2.46981;-24.0607;10.1144;-9.22048
-0.389811;0.0897083;0;-2.47783;-24.14;10.1472;-9.25036
-0.390907;0.0848028;0;-2.48584;-24.2192;10.1799;-9.28023
-0.391942;0.079884;0;-2.49384;-24.2984;10.2127;-9.31008
-0.392915;0.0749525;0;-2.50184;-24.3775;10.2454;-9.33991
-0.393826;0.0700092;0;-2.50984;-24.4566;10.2781;-9.36971
-0.394674;0.0650549;0;-2.51776;-24.5349;10.3105;-9.39924
-0.395461;0.0600902;0;-2.5209;-24.5661;10.3233;-9.41096
-0.396185;0.0551161;0;-2.52355;-24.5923;10.3342;-9.42082
-0.396846;0.0501333;0;-2.52619;-24.6185;10.345;-9.43069
-0.397445;0.0451426;0;-2.52884;-24.6448;10.3558;-9.44056
-0.39798;0.0401447;0;-2.53149;-24.671;10.3666;-9.45042
-0.398453;0.0351405;0;-2.53406;-24.6966;10.3772;-9.46004
-0.398864;0.0301307;0;-2.53657;-24.7213;10.3874;-9.46937
-0.399211;0.0251162;0;-2.53905;-24.7459;10.3975;-9.47862
-0.399495;0.0200977;0;-2.54152;-24.7704;10.4077;-9.48786
-0.399716;0.0150761;0;-2.544;-24.7949;10.4178;-9.49709
-0.399874;0.010052;0;-2.54647;-24.8193;10.4279;-9.50631
-0.399968;0.00502642;0;-2.54894;-24.8437;10.438;-9.51551
-0.4;4.89859e-17;0;-2.55141;-24.8681;10.4481;-9.52471
-0.399968;-0.00502642;0;-2.5497;-24.8512;10.4411;-9.51833
-0.399874;-0.010052;0;-2.5471;-24.8255;10.4305;-9.50864
-0.399716;-0.0150761;0;-2.5445;-24.7998;10.4198;-9.49894
-0.399495;-0.0200977;0;-2.54189;-24.774;10.4092;-9.48922
-0.399211;-0.0251162;0;-2.53928;-24.7482;10.3985;-9.47949
-0.398864;-0.0301307;0;-2.53667;-24.7223;10.3878;-9.46975
-0.398453;-0.0351405;0;-2.53406;-24.6965;10.3771;-9.46001
-0.39798;-0.0401447;0;-2.53145;-24.6706;10.3664;-9.45026
-0.397445;-0.0451426;0;-2.52883;-24.6447;10.3557;-9.4405
-0.396846;-0.0501333;0;-2.52621;-24.6188;10.345;-9.43074
-0.396185;-0.0551161;0;-2.5236;-24.5929;10.3343;-9.42098
-0.395461;-0.0600902;0;-2.52098;-24.567;10.3236;-9.41122
-0.394674;-0.0650549;0;-2.51835;-24.541;10.3129;-9.40142
-0.393826;-0.0700092;0;-2.51063;-24.4645;10.2813;-9.37262
-0.392915;-0.0749525;0;-2.50271;-24.3861;10.2489;-9.34308
-0.391942;-0.079884;0;-2.49478;-24.3077;10.2164;-9.31351
-0.390907;-0.0848028;0;-2.48684;-24.2291;10.184;-9.28392
-0.389811;-0.0897083;0;-2.4789;-24.1506;10.1515;-9.25432
-0.388653;-0.0945996;0;-2.47096;-24.0719;10.119;-9.2247
-0.387433;-0.099476;0;-2.46301;-23.9933;10.0865;-9.19507
-0.386153;-0.104337;0;-2.45506;-23.9146;10.054;-9.16543
-0.384811;-0.109181;0;-2.44711;-23.836;10.0215;-9.1358
-0.383409;-0.114008;0;-2.43917;-23.7573;9.98899;-9.10617
-0.381946;-0.118817;0;-2.43122;-23.6787;9.9565;-9.07655
-0.380423;-0.123607;0;-2.42328;-23.6001;9.92402;-9.04694
-0.378839;-0.128377;0;-2.41495;-23.5177;9.88994;-9.01587
-0.377196;-0.133128;0;-2.4031;-23.4009;9.84144;-8.97166
-0.375494;-0.137857;0;-2.39124;-23.2841;9.7929;-8.92741
-0.373732;-0.142565;0;-2.37937;-23.1672;9.74434;-8.88314
-0.371911;-0.14725;0;-2.36633;-23.0382;9.69098;-8.8345
-0.370031;-0.151912;0;-2.35312;-22.9077;9.63696;-8.78525
-0.368093;-0.156549;0;-2.3399;-22.777;9.58291;-8.73598
-0.366096;-0.161163;0;-2.32668;-22.6464;9.52883;-8.68668
-0.364042;-0.16575;0;-2.31345;-22.5156;9.47475;-8.63737
-0.361931;-0.170312;0;-2.30023;-22.3849;9.42066;-8.58806
-0.359762;-0.174846;0;-2.287;-22.2542;9.36657;-8.53876
-0.357537;-0.179353;0;-2.27378;-22.1235;9.3125;-8.48946
-0.355255;-0.183832;0;-2.25897;-21.9777;9.25188;-8.4342
-0.352916;-0.188282;0;-2.24381;-21.8285;9.18985;-8.37766
-0.350523;-0.192701;0;-2.22797;-21.6728;9.12502;-8.31855
-0.348074;-0.197091;0;-2.2112;-21.508;9.05638;-8.25598
-0.345569;-0.201449;0;-2.19442;-21.3432;8.98771;-8.19338
-0.343011;-0.205776;0;-2.17763;-21.1783;8.91902;-8.13076
-0.340398;-0.21007;0;-2.16085;-21.0134;8.85032;-8.06813
-0.337731;-0.214331;0;-2.14406;-20.8485;8.78161;-8.0055
-0.335011;-0.218558;0;-2.12727;-20.6837;8.71292;-7.94287
-0.332238;-0.22275;0;-2.11049;-20.5188;8.64424;-7.88027
-0.329413;-0.226908;0;-2.09372;-20.3541;8.5756;-7.81769
-0.326536;-0.231029;0;-2.0764;-20.1837;8.50475;-7.75311
-0.323607;-0.235114;0;-2.05884;-20.0109;8.43292;-7.68762
-0.320627;-0.239162;0;-2.04129;-19.8381;8.36112;-7.62217
-0.317596;-0.243172;0;-2.0237;-19.6651;8.28917;-7.55658
-0.314515;-0.247144;0;-2.00341;-19.4664;8.20618;-7.48092
-0.311385;-0.251077;0;-1.98185;-19.255;8.11792;-7.40046
-0.308205;-0.25497;0;-1.96026;-19.0435;8.02959;-7.31993
-0.304977;-0.258822;0;-1.93866;-18.8317;7.9412;-7.23936
-0.301701;-0.262634;0;-1.91705;-18.6199;7.85276;-7.15874
-0.298376;-0.266405;0;-1.89543;-18.408;7.76429;-7.07809
-0.295005;-0.270133;0;-1.8738;-18.1961;7.67581;-6.99742
-0.291587;-0.273819;0;-1.85218;-17.9841;7.58732;-6.91676
-0.288124;-0.277461;0;-1.83056;-17.7722;7.49884;-6.8361
-0.284614;-0.28106;0;-1.80894;-17.5603;7.41039;-6.75546
-0.28106;-0.284614;0;-1.78733;-17.3485;7.32197;-6.67486
-0.277461;-0.288124;0;-1.76476;-17.1283;7.2296;-6.59065
-0.273819;-0.291587;0;-1.74169;-16.9034;7.13517;-6.50456
-0.270133;-0.295005;0;-1.71752;-16.6675;7.03625;-6.41439
-0.266405;-0.298376;0;-1.6928;-16.4263;6.93506;-6.32214
-0.262634;-0.301701;0;-1.66807;-16.1849;6.83382;-6.22985
-0.258822;-0.304977;0;-1.64333;-15.9435;6.73254;-6.13752
-0.25497;-0.308205;0;-1.61858;-15.702;6.63125;-6.04518
-0.251077;-0.311385;0;-1.59383;-15.4605;6.52995;-5.95283
-0.247144;-0.314515;0;-1.56909;-15.2191;6.42866;-5.8605
-0.243172;-0.317596;0;-1.54435;-14.9777;6.32741;-5.7682
-0.239162;-0.320627;0;-1.51962;-14.7364;6.2262;-5.67593
-0.235114;-0.323607;0;-1.49491;-14.4952;6.12505;-5.58372
-0.231029;-0.326536;0;-1.47022;-14.2543;6.02398;-5.49159
-0.226908;-0.329413;0;-1.44491;-14.0077;5.92041;-5.39717
-0.22275;-0.332238;0;-1.41802;-13.7461;5.81033;-5.29682
-0.218558;-0.335011;0;-1.39058;-13.4794;5.69802;-5.19443
-0.214331;-0.337731;0;-1.36288;-13.21;5.58462;-5.09105
-0.21007;-0.340398;0;-1.33517;-12.9406;5.47116;-4.98762
-0.205776;-0.343011;0;-1.30744;-12.671;5.35766;-4.88415
-0.201449;-0.345569;0;-1.27971;-12.4015;5.24414;-4.78067
-0.197091;-0.348074;0;-1.25198;-12.1318;5.13062;-4.67718
-0.192701;-0.350523;0;-1.22425;-11.8623;5.01711;-4.5737
-0.188282;-0.352916;0;-1.19653;-11.5928;4.90363;-4.47025
-0.183832;-0.355255;0;-1.16882;-11.3234;4.7902;-4.36684
-0.179353;-0.357537;0;-1.14113;-11.0542;4.67684;-4.2635
-0.174846;-0.359762;0;-1.11346;-10.7852;4.56356;-4.16024
-0.170312;-0.361931;0;-1.08477;-10.5071;4.44612;-4.05317
-0.16575;-0.364042;0;-1.05514;-10.2199;4.3248;-3.94258
-0.161163;-0.366096;0;-1.02521;-9.92975;4.20225;-3.83085
-0.156549;-0.368093;0;-0.995253;-9.63943;4.07961;-3.71905
-0.151912;-0.370031;0;-0.965284;-9.34897;3.95691;-3.6072
-0.14725;-0.371911;0;-0.935306;-9.05842;3.83417;-3.49531
-0.142565;-0.373732;0;-0.905322;-8.76781;3.71141;-3.3834
-0.137857;-0.375494;0;-0.875338;-8.4772;3.58865;-3.27149
-0.133128;-0.377196;0;-0.845359;-8.18663;3.46591;-3.1596
-0.128377;-0.378839;0;-0.815388;-7.89615;3.34321;-3.04773
-0.123607;-0.380423;0;-0.785431;-7.6058;3.22056;-2.93592
-0.118817;-0.381946;0;-0.755493;-7.31563;3.09798;-2.82418
-0.114008;-0.383409;0;-0.725578;-7.02569;2.9755;-2.71253
-0.109181;-0.384811;0;-0.69572;-6.73633;2.85326;-2.60109
-0.104337;-0.386153;0;-0.664441;-6.43382;2.72519;-2.48434
-0.099476;-0.387433;0;-0.633093;-6.13062;2.59684;-2.36733
-0.0945996;-0.388653;0;-0.601729;-5.82726;2.46842;-2.25026
-0.0897083;-0.389811;0;-0.570352;-5.52377;2.33994;-2.13314
-0.0848028;-0.390907;0;-0.538989;-5.22042;2.21153;-2.01608
-0.079884;-0.391942;0;-0.507569;-4.9165;2.08288;-1.8988
-0.0749525;-0.392915;0;-0.476128;-4.61238;1.95415;-1.78144
-0.0700092;-0.393826;0;-0.444691;-4.30831;1.82543;-1.6641
-0.0650549;-0.394674;0;-0.413264;-4.00432;1.69675;-1.54679
-0.0600902;-0.395461;0;-0.381851;-3.70048;1.56813;-1.42954
-0.0551161;-0.396185;0;-0.350458;-3.39682;1.4396;-1.31237
-0.0501333;-0.396846;0;-0.318775;-3.09055;1.30986;-1.19409
-0.0451426;-0.397445;0;-0.286804;-2.7816;1.17895;-1.07475
-0.0401447;-0.39798;0;-0.254814;-2.47247;1.04796;-0.955343
-0.0351405;-0.398453;0;-0.222812;-2.16322;0.916923;-0.835886
-0.0301307;-0.398864;0;-0.190853;-1.85439;0.786065;-0.716593
-0.0251162;-0.399211;0;-0.15882;-1.54484;0.654901;-0.597021
-0.0200977;-0.399495;0;-0.126784;-1.23527;0.523728;-0.477441
-0.0150761;-0.399716;0;-0.0947516;-0.92573;0.392567;-0.357872
-0.010052;-0.399874;0;-0.062727;-0.616267;0.261438;-0.238333
-0.00502642;-0.399968;0;-0.0307155;-0.306929;0.130363;-0.118842
-7.34788e-17;-0.4;0;0.00127794;0.00223285;-0.000637397;0.000581064
0.00502642;-0.399968;0;0.03302;0.308985;-0.13061;0.119067
0.010052;-0.399874;0;0.0648893;0.617009;-0.261107;0.238031
0.0150761;-0.399716;0;0.0967851;0.92529;-0.391713;0.357093
0.0200977;-0.399495;0;0.128702;1.23378;-0.522406;0.476236
0.0251162;-0.399211;0;0.160636;1.54243;-0.653168;0.595441
0.0301307;-0.398864;0;0.192581;1.85118;-0.783975;0.714688
0.0351405;-0.398453;0;0.224533;2.16;-0.914809;0.833959
0.0401447;-0.39798;0;0.256486;2.46884;-1.04565;0.953235
0.0451426;-0.397445;0;0.288435;2.77763;-1.17647;1.0725
0.0501333;-0.396846;0;0.320375;3.08634;-1.30726;1.19173
0.0551161;-0.396185;0;0.352151;3.3931;-1.43736;1.31032
0.0600902;-0.395461;0;0.384037;3.70091;-1.56791;1.42934
0.0650549;-0.394674;0;0.415083;4.00123;-1.69502;1.54521
0.0700092;-0.393826;0;0.446623;4.30634;-1.82415;1.66293
0.0749525;-0.392915;0;0.478167;4.61148;-1.95329;1.78066
0.079884;-0.391942;0;0.509708;4.91661;-2.08242;1.89838
0.0848028;-0.390907;0;0.540558;5.21503;-2.20874;2.01353
0.0897083;-0.389811;0;0.57165;5.51579;-2.33605;2.12959
0.0945996;-0.388653;0;0.60275;5.81664;-2.4634;2.24568
0.099476;-0.387433;0;0.633853;6.11752;-2.59076;2.36179
0.104337;-0.386153;0;0.664955;6.41839;-2.71811;2.47789
0.109181;-0.384811;0;0.69605;6.7192;-2.84544;2.59396
0.114008;-0.383409;0;0.727134;7.01989;-2.97272;2.70999
0.118817;-0.381946;0;0.756828;7.30753;-3.09429;2.82082
0.123607;-0.380423;0;0.786866;7.59871;-3.21726;2.93292
0.128377;-0.378839;0;0.816919;7.89004;-3.3403;3.04508
0.133128;-0.377196;0;0.846983;8.18148;-3.46338;3.15729
0.137857;-0.375494;0;0.877054;8.47298;-3.58648;3.26951
0.142565;-0.373732;0;0.907126;8.76449;-3.7096;3.38174
0.14725;-0.371911;0;0.937195;9.05598;-3.83269;3.49396
0.151912;-0.370031;0;0.967256;9.34739;-3.95576;3.60615
0.156549;-0.368093;0;0.997304;9.63867;-4.07877;3.71829
0.161163;-0.366096;0;1.02733;9.92979;-4.20172;3.83037
0.16575;-0.364042;0;1.05734;10.2207;-4.32457;3.94237
0.170312;-0.361931;0;1.08682;10.5065;-4.44525;4.05238
0.174846;-0.359762;0;1.11546;10.7845;-4.56254;4.15931
0.179353;-0.357537;0;1.14326;11.0548;-4.67634;4.26305
0.183832;-0.355255;0;1.17108;11.3252;-4.79021;4.36685
0.188282;-0.352916;0;1.19891;11.5958;-4.90414;4.47071
0.192701;-0.350523;0;1.22676;11.8665;-5.01811;4.57461
0.197091;-0.348074;0;1.2546;12.1372;-5.13209;4.67852
0.201449;-0.345569;0;1.28245;12.4079;-5.24609;4.78244
0.205776;-0.343011;0;1.31029;12.6786;-5.36006;4.88634
0.21007;-0.340398;0;1.33813;12.9493;-5.47401;4.99022
0.214331;-0.337731;0;1.36595;13.2198;-5.5879;5.09404
0.218558;-0.335011;0;1.39376;13.4901;-5.70172;5.19781
0.22275;-0.332238;0;1.42154;13.7602;-5.81546;5.30149
0.226908;-0.329413;0;1.44818;14.0196;-5.92449;5.40089
0.231029;-0.326536;0;1.473;14.2618;-6.0261;5.49351
0.235114;-0.323607;0;1.49785;14.5043;-6.12778;5.58621
0.239162;-0.320627;0;1.52271;14.7469;-6.22954;5.67897
0.243172;-0.317596;0;1.54758;14.9896;-6.33135;5.77178
0.247144;-0.314515;0;1.57247;15.2324;-6.43319;5.86463
0.251077;-0.311385;0;1.59736;15.4753;-6.53505;5.95749
0.25497;-0.308205;0;1.62224;15.7181;-6.63692;6.05035
0.258822;-0.304977;0;1.64713;15.961;-6.73877;6.1432
0.262634;-0.301701;0;1.67201;16.2038;-6.84059;6.23603
0.266405;-0.298376;0;1.69688;16.4464;-6.94237;6.32881
0.270133;-0.295005;0;1.72173;16.6889;-7.04409;6.42154
0.273819;-0.291587;0;1.74657;16.9313;-7.14574;6.5142
0.277461;-0.288124;0;1.77094;17.1691;-7.24549;6.60513
0.28106;-0.284614;0;1.79284;17.3835;-7.33512;6.68684
0.284614;-0.28106;0;1.81422;17.5929;-7.42262;6.76661
0.288124;-0.277461;0;1.83561;17.8025;-7.51016;6.84641
0.291587;-0.273819;0;1.85701;18.0122;-7.59773;6.92625
0.295005;-0.270133;0;1.87842;18.2219;-7.68533;7.0061
0.298376;-0.266405;0;1.89983;18.4316;-7.77292;7.08595
0.301701;-0.262634;0;1.92123;18.6413;-7.86051;7.1658
0.304977;-0.258822;0;1.94263;18.8509;-7.94807;7.24563
0.308205;-0.25497;0;1.96402;19.0605;-8.0356;7.32542
0.311385;-0.251077;0;1.98539;19.2699;-8.12307;7.40516
0.314515;-0.247144;0;2.00675;19.4791;-8.21048;7.48485
0.317596;-0.243172;0;2.02739;19.6815;-8.29495;7.56184
0.320627;-0.239162;0;2.04467;19.8514;-8.36563;7.62628
0.323607;-0.235114;0;2.06196;20.0214;-8.43637;7.69077
0.326536;-0.231029;0;2.07926;20.1915;-8.50716;7.7553
0.329413;-0.226908;0;2.09657;20.3617;-8.57798;7.81986
0.332238;-0.22275;0;2.11389;20.532;-8.64883;7.88445
0.335011;-0.218558;0;2.13121;20.7023;-8.71969;7.94905
0.337731;-0.214331;0;2.14853;20.8726;-8.79056;8.01365
0.340398;-0.21007;0;2.16585;21.0429;-8.86142;8.07825
0.343011;-0.205776;0;2.18316;21.2132;-8.93225;8.14282
0.345569;-0.201449;0;2.20047;21.3834;-9.00306;8.20737
0.348074;-0.197091;0;2.21776;21.5534;-9.07383;8.27189
0.350523;-0.192701;0;2.23504;21.7234;-9.14454;8.33635
0.352916;-0.188282;0;2.25231;21.8932;-9.21519;8.40075
0.355255;-0.183832;0;2.26735;22.0413;-9.27672;8.45685
0.357537;-0.179353;0;2.28019;22.168;-9.32924;8.50472
0.359762;-0.174846;0;2.29303;22.2948;-9.38178;8.55262
0.361931;-0.170312;0;2.30531;22.416;-9.43202;8.59842
0.364042;-0.16575;0;2.3175;22.5362;-9.4819;8.6439
0.366096;-0.161163;0;2.3297;22.6564;-9.53181;8.68939
0.368093;-0.156549;0;2.3419;22.7767;-9.58171;8.73489
0.370031;-0.151912;0;2.35409;22.8969;-9.63162;8.78038
0.371911;-0.14725;0;2.36629;23.0171;-9.68151;8.82587
0.373732;-0.142565;0;2.37848;23.1373;-9.73139;8.87133
0.375494;-0.137857;0;2.39066;23.2574;-9.78124;8.91678
0.377196;-0.133128;0;2.40284;23.3774;-9.83106;8.96219
0.378839;-0.128377;0;2.41495;23.4969;-9.88061;9.00737
0.380423;-0.123607;0;2.42587;23.6046;-9.92526;9.04807
0.381946;-0.118817;0;2.43376;23.6828;-9.95751;9.07747
0.383409;-0.114008;0;2.44165;23.761;-9.98978;9.10689
0.384811;-0.109181;0;2.44954;23.8393;-10.0221;9.13631
0.386153;-0.104337;0;2.45704;23.9134;-10.0527;9.16424
0.387433;-0.099476;0;2.46379;23.98;-10.0803;9.18942
0.388653;-0.0945996;0;2.47054;24.0465;-10.1079;9.2146
0.389811;-0.0897083;0;2.47729;24.1131;-10.1356;9.23979
0.390907;-0.0848028;0;2.48404;24.1797;-10.1632;9.26498
0.391942;-0.079884;0;2.49079;24.2463;-10.1908;9.29017
0.392915;-0.0749525;0;2.49754;24.3128;-10.2184;9.31534
0.393826;-0.0700092;0;2.50428;24.3794;-10.2461;9.34051
0.394674;-0.0650549;0;2.51102;24.4458;-10.2736;9.36566
0.395461;-0.0600902;0;2.51776;24.5123;-10.3012;9.3908
0.396185;-0.0551161;0;2.52184;24.5527;-10.3179;9.40603
0.396846;-0.0501333;0;2.52489;24.583;-10.3304;9.41739
0.397445;-0.0451426;0;2.52794;24.6132;-10.3429;9.42876
0.39798;-0.0401447;0;2.53009;24.6344;-10.3516;9.43677
0.398453;-0.0351405;0;2.53149;24.648;-10.3574;9.442
0.398864;-0.0301307;0;2.53288;24.6616;-10.3631;9.44723
0.399211;-0.0251162;0;2.53428;24.6752;-10.3689;9.45246
0.399495;-0.0200977;0;2.53568;24.6888;-10.3746;9.45769
0.399716;-0.0150761;0;2.53708;24.7024;-10.3803;9.46293
0.399874;-0.010052;0;2.53848;24.716;-10.3861;9.46816
0.399968;-0.00502642;0;2.53988;24.7296;-10.3918;9.47339
