0.4;0;0;2.49439;24.2903;-10.3975;9.47853
0.399968;0.00502642;0;2.49297;24.2767;-10.3915;9.47309
0.399874;0.010052;0;2.49152;24.2628;-10.3854;9.46754
0.399716;0.0150761;0;2.49007;24.2489;-10.3793;9.46199
0.399495;0.0200977;0;2.48862;24.235;-10.3732;9.45644
0.399211;0.0251162;0;2.48717;24.2212;-10.3671;9.45089
0.398864;0.0301307;0;2.48572;24.2073;-10.361;9.44534
0.398453;0.0351405;0;2.48427;24.1934;-10.355;9.43979
0.39798;0.0401447;0;2.48282;24.1796;-10.3489;9.43425
0.397445;0.0451426;0;2.48014;24.1536;-10.3377;9.42406
0.396846;0.0501333;0;2.47683;24.1213;-10.3238;9.41143
0.396185;0.0551161;0;2.47351;24.0889;-10.31;9.3988
0.395461;0.0600902;0;2.47019;24.0566;-10.2961;9.38617
0.394674;0.0650549;0;2.46424;23.9979;-10.2713;9.36354
0.393826;0.0700092;0;2.45773;23.9337;-10.2442;9.33879
0.392915;0.0749525;0;2.45121;23.8695;-10.217;9.31402
0.391942;0.079884;0;2.44469;23.8052;-10.1898;9.28924
0.390907;0.0848028;0;2.43817;23.7409;-10.1626;9.26445
0.389811;0.0897083;0;2.43164;23.6766;-10.1354;9.23966
0.388653;0.0945996;0;2.42512;23.6123;-10.1082;9.21487
0.387433;0.099476;0;2.4186;23.548;-10.081;9.19008
0.386153;0.104337;0;2.41172;23.4801;-10.0524;9.16394
0.384811;0.109181;0;2.40368;23.4007;-10.0189;9.13341
0.383409;0.114008;0;2.39564;23.3213;-9.98538;9.10287
0.381946;0.118817;0;2.3876;23.242;-9.95189;9.07235
0.380423;0.123607;0;2.37957;23.1626;-9.91841;9.04183
0.378839;0.128377;0;2.36912;23.0593;-9.87486;9.00212
0.377196;0.133128;0;2.35709;22.9405;-9.82477;8.95646
0.375494;0.137857;0;2.34512;22.8224;-9.7749;8.911
0.373732;0.142565;0;2.33315;22.7043;-9.72504;8.86554
0.371911;0.14725;0;2.32117;22.5861;-9.67515;8.82006
0.370031;0.151912;0;2.30919;22.4679;-9.62524;8.77457
0.368093;0.156549;0;2.29721;22.3497;-9.57532;8.72906
0.366096;0.161163;0;2.28523;22.2315;-9.52541;8.68356
0.364042;0.16575;0;2.27325;22.1133;-9.4755;8.63806
0.361931;0.170312;0;2.26127;21.9951;-9.4256;8.59257
0.359762;0.174846;0;2.2493;21.877;-9.37573;8.5471
0.357537;0.179353;0;2.23733;21.7589;-9.32588;8.50167
0.355255;0.183832;0;2.22538;21.641;-9.27608;8.45626
0.352916;0.188282;0;2.21091;21.4985;-9.21582;8.40133
0.350523;0.192701;0;2.19398;21.3318;-9.14527;8.33702
0.348074;0.197091;0;2.17703;21.1651;-9.07466;8.27265
0.345569;0.201449;0;2.16007;20.9982;-9.004;8.20823
0.343011;0.205776;0;2.14309;20.8312;-8.93329;8.14377
0.340398;0.21007;0;2.12611;20.6641;-8.86256;8.07929
0.337731;0.214331;0;2.10913;20.497;-8.7918;8.01479
0.335011;0.218558;0;2.09214;20.3298;-8.72104;7.95028
0.332238;0.22275;0;2.07516;20.1627;-8.65028;7.88577
0.329413;0.226908;0;2.05818;19.9956;-8.57953;7.82128
0.326536;0.231029;0;2.0412;19.8286;-8.50881;7.75681
0.323607;0.235114;0;2.02421;19.6615;-8.43804;7.69229
0.320627;0.239162;0;2.00717;19.4938;-8.36706;7.62759
0.317596;0.243172;0;1.99015;19.3263;-8.29614;7.56293
0.314515;0.247144;0;1.97068;19.1353;-8.21503;7.48899
0.311385;0.251077;0;1.94974;18.93;-8.12775;7.40943
0.308205;0.25497;0;1.92877;18.7246;-8.04041;7.3298
0.304977;0.258822;0;1.90779;18.519;-7.95297;7.25009
0.301701;0.262634;0;1.88677;18.313;-7.8654;7.17026
0.298376;0.266405;0;1.86574;18.1068;-7.77775;7.09036
0.295005;0.270133;0;1.84468;17.9004;-7.69;7.01036
0.291587;0.273819;0;1.82362;17.694;-7.60224;6.93036
0.288124;0.277461;0;1.80256;17.4876;-7.5145;6.85037
0.284614;0.28106;0;1.78151;17.2814;-7.42679;6.77041
0.28106;0.284614;0;1.76047;17.0752;-7.33912;6.69049
0.277461;0.288124;0;1.7391;16.8659;-7.25009;6.60933
0.273819;0.291587;0;1.71475;16.6282;-7.14859;6.5168
0.270133;0.295005;0;1.69037;16.3903;-7.047;6.42419
0.266405;0.298376;0;1.66598;16.1523;-6.94533;6.3315
0.262634;0.301701;0;1.64157;15.9141;-6.8436;6.23876
0.258822;0.304977;0;1.61715;15.6758;-6.74182;6.14598
0.25497;0.308205;0;1.59272;15.4374;-6.64002;6.05318
0.251077;0.311385;0;1.56828;15.1989;-6.53816;5.96032
0.247144;0.314515;0;1.54384;14.9604;-6.43629;5.86745
0.243172;0.317596;0;1.51938;14.7217;-6.33433;5.77451
0.239162;0.320627;0;1.49492;14.483;-6.23241;5.68159
0.235114;0.323607;0;1.47048;14.2445;-6.13054;5.58873
0.231029;0.326536;0;1.44605;14.0061;-6.02873;5.49592
0.226908;0.329413;0;1.42165;13.7679;-5.92701;5.40318
0.22275;0.332238;0;1.39573;13.5156;-5.81898;5.30471
0.218558;0.335011;0;1.36843;13.2502;-5.7052;5.20098
0.214331;0.337731;0;1.34112;12.9847;-5.59133;5.09717
0.21007;0.340398;0;1.31379;12.719;-5.47739;4.9933
0.205776;0.343011;0;1.28644;12.4532;-5.3634;4.88939
0.201449;0.345569;0;1.25909;12.1873;-5.24938;4.78544
0.197091;0.348074;0;1.23173;11.9214;-5.13533;4.68148
0.192701;0.350523;0;1.20437;11.6554;-5.02129;4.57751
0.188282;0.352916;0;1.17702;11.3895;-4.90727;4.47357
0.183832;0.355255;0;1.14968;11.1237;-4.79329;4.36966
0.179353;0.357537;0;1.12235;10.858;-4.67936;4.2658
0.174846;0.359762;0;1.09503;10.5925;-4.56551;4.16201
0.170312;0.361931;0;1.06737;10.3239;-4.45019;4.05688
0.16575;0.364042;0;1.03786;10.0379;-4.32716;3.94472
0.161163;0.366096;0;1.00821;9.7504;-4.20352;3.83202
0.156549;0.368093;0;0.978521;9.46266;-4.07976;3.7192
0.151912;0.370031;0;0.948811;9.17466;-3.9559;3.60628
0.14725;0.371911;0;0.919081;8.88647;-3.83195;3.49329
0.142565;0.373732;0;0.889335;8.59812;-3.70794;3.38023
0.137857;0.375494;0;0.859577;8.30967;-3.58387;3.26713
0.133128;0.377196;0;0.829813;8.02115;-3.45978;3.15401
0.128377;0.378839;0;0.800047;7.73261;-3.33569;3.04088
0.123607;0.380423;0;0.770284;7.4441;-3.2116;2.92776
0.118817;0.381946;0;0.741252;7.16299;-3.09056;2.81741
0.114008;0.383409;0;0.710781;6.86831;-2.9635;2.70159
0.109181;0.384811;0;0.680296;6.57349;-2.83639;2.58571
0.104337;0.386153;0;0.649803;6.2786;-2.70924;2.4698
0.099476;0.387433;0;0.619307;5.98366;-2.58208;2.35388
0.0945996;0.388653;0;0.588811;5.68874;-2.45493;2.23796
0.0897083;0.389811;0;0.558322;5.39388;-2.3278;2.12207
0.0848028;0.390907;0;0.527843;5.09912;-2.20071;2.00621
0.079884;0.391942;0;0.49738;4.80451;-2.07369;1.89042
0.0749525;0.392915;0;0.466937;4.5101;-1.94675;1.7747
0.0700092;0.393826;0;0.43652;4.21593;-1.81992;1.65907
0.0650549;0.394674;0;0.406132;3.92205;-1.69321;1.54357
0.0600902;0.395461;0;0.375779;3.62851;-1.56665;1.42819
0.0551161;0.396185;0;0.345466;3.33535;-1.44025;1.31296
0.0501333;0.396846;0;0.314276;3.03396;-1.31019;1.1944
0.0451426;0.397445;0;0.282922;2.73107;-1.17945;1.07521
0.0401447;0.39798;0;0.251532;2.42784;-1.04856;0.955888
0.0351405;0.398453;0;0.220111;2.12432;-0.917538;0.836446
0.0301307;0.398864;0;0.188664;1.82054;-0.786408;0.716906
0.0251162;0.399211;0;0.157196;1.51656;-0.655192;0.597286
0.0200977;0.399495;0;0.125713;1.21242;-0.523908;0.477606
0.0150761;0.399716;0;0.0942178;0.908181;-0.392579;0.357883
0.010052;0.399874;0;0.062717;0.603881;-0.261225;0.238138
0.00502642;0.399968;0;0.0312152;0.299571;-0.129866;0.118389
2.44929e-17;0.4;0;-0.000282758;-0.00470119;0.00147643;-0.00134594
-0.00502642;0.399968;0;-0.0317718;-0.308888;0.132782;-0.121047
-0.010052;0.399874;0;-0.063247;-0.61294;0.264029;-0.240695
-0.0150761;0.399716;0;-0.0947033;-0.916811;0.395199;-0.360271
-0.0200977;0.399495;0;-0.126136;-1.22045;0.526268;-0.479757
-0.0251162;0.399211;0;-0.15754;-1.52382;0.657218;-0.599134
-0.0301307;0.398864;0;-0.18891;-1.82685;0.788028;-0.718382
-0.0351405;0.398453;0;-0.219978;-2.1271;0.917577;-0.836482
-0.0401447;0.39798;0;-0.250912;-2.42619;1.04657;-0.954072
-0.0451426;0.397445;0;-0.281851;-2.72524;1.17557;-1.07168
-0.0501333;0.396846;0;-0.312814;-3.02454;1.30468;-1.18938
-0.0551161;0.396185;0;-0.343797;-3.32403;1.43388;-1.30715
-0.0600902;0.395461;0;-0.374796;-3.62367;1.56313;-1.42499
-0.0650549;0.394674;0;-0.405804;-3.9234;1.69243;-1.54286
-0.0700092;0.393826;0;-0.436818;-4.22318;1.82175;-1.66075
-0.0749525;0.392915;0;-0.467832;-4.52297;1.95108;-1.77864
-0.079884;0.391942;0;-0.498842;-4.82272;2.08038;-1.89652
-0.0848028;0.390907;0;-0.529842;-5.12238;2.20965;-2.01436
-0.0897083;0.389811;0;-0.560828;-5.42189;2.33885;-2.13214
-0.0945996;0.388653;0;-0.591795;-5.72122;2.46797;-2.24986
-0.099476;0.387433;0;-0.622738;-6.02032;2.597;-2.36748
-0.104337;0.386153;0;-0.653253;-6.31552;2.72424;-2.48347
-0.109181;0.384811;0;-0.683007;-6.60376;2.84829;-2.59656
-0.114008;0.383409;0;-0.712524;-6.88974;2.97136;-2.70875
-0.118817;0.381946;0;-0.742064;-7.17595;3.09452;-2.82103
-0.123607;0.380423;0;-0.771622;-7.46233;3.21776;-2.93338
-0.128377;0.378839;0;-0.801194;-7.74885;3.34106;-3.04578
-0.133128;0.377196;0;-0.830775;-8.03545;3.46439;-3.15821
-0.137857;0.375494;0;-0.860359;-8.32209;3.58774;-3.27066
-0.142565;0.373732;0;-0.889944;-8.60873;3.71109;-3.3831
-0.14725;0.371911;0;-0.919523;-8.89531;3.83441;-3.49553
-0.151912;0.370031;0;-0.948968;-9.18062;3.95718;-3.60744
-0.156549;0.368093;0;-0.978424;-9.46598;4.07999;-3.7194
-0.161163;0.366096;0;-1.00786;-9.75119;4.20274;-3.8313
-0.16575;0.364042;0;-1.03728;-10.0362;4.3254;-3.94312
-0.170312;0.361931;0;-1.06668;-10.321;4.44796;-4.05485
-0.174846;0.359762;0;-1.09494;-10.595;4.56581;-4.16228
-0.179353;0.357537;0;-1.12209;-10.8588;4.67898;-4.26545
-0.183832;0.355255;0;-1.14926;-11.1229;4.79223;-4.3687
-0.188282;0.352916;0;-1.17644;-11.3871;4.90556;-4.47201
-0.192701;0.350523;0;-1.20364;-11.6514;5.01893;-4.57536
-0.197091;0.348074;0;-1.23084;-11.9158;5.13234;-4.67875
-0.201449;0.345569;0;-1.25805;-12.1802;5.24576;-4.78214
-0.205776;0.343011;0;-1.28525;-12.4446;5.35918;-4.88554
-0.21007;0.340398;0;-1.31246;-12.709;5.47258;-4.98891
-0.214331;0.337731;0;-1.33965;-12.9733;5.58594;-5.09225
-0.218558;0.335011;0;-1.36683;-13.2374;5.69924;-5.19554
-0.22275;0.332238;0;-1.39364;-13.4981;5.81103;-5.29745
-0.226908;0.329413;0;-1.42007;-13.7549;5.9212;-5.39789
-0.231029;0.326536;0;-1.44414;-13.9898;6.02155;-5.48937
-0.235114;0.323607;0;-1.46855;-14.2279;6.12329;-5.58211
-0.239162;0.320627;0;-1.49298;-14.4662;6.22509;-5.67492
-0.243172;0.317596;0;-1.51741;-14.7046;6.32695;-5.76778
-0.247144;0.314515;0;-1.54186;-14.9431;6.42884;-5.86066
-0.251077;0.311385;0;-1.56631;-15.1816;6.53075;-5.95357
-0.25497;0.308205;0;-1.59076;-15.4201;6.63267;-6.04648
-0.258822;0.304977;0;-1.61521;-15.6586;6.73457;-6.13937
-0.262634;0.301701;0;-1.63965;-15.897;6.83644;-6.23224
-0.266405;0.298376;0;-1.66408;-16.1353;6.93827;-6.32507
-0.270133;0.295005;0;-1.68849;-16.3735;7.04004;-6.41784
-0.273819;0.291587;0;-1.71289;-16.6115;7.14173;-6.51054
-0.277461;0.288124;0;-1.7358;-16.835;7.2372;-6.59758
-0.28106;0.284614;0;-1.75761;-17.0481;7.3281;-6.68044
-0.284614;0.28106;0;-1.77878;-17.2554;7.41633;-6.76088
-0.288124;0.277461;0;-1.79996;-17.4629;7.5046;-6.84135
-0.291587;0.273819;0;-1.82114;-17.6703;7.59289;-6.92184
-0.295005;0.270133;0;-1.84233;-17.8779;7.6812;-7.00234
-0.298376;0.266405;0;-1.86352;-18.0854;7.7695;-7.08284
-0.301701;0.262634;0;-1.88471;-18.2928;7.85779;-7.16332
-0.304977;0.258822;0;-1.90589;-18.5002;7.94605;-7.24378
-0.308205;0.25497;0;-1.92705;-18.7075;8.03426;-7.32419
-0.311385;0.251077;0;-1.9482;-18.9147;8.12241;-7.40456
-0.314515;0.247144;0;-1.96934;-19.1216;8.21049;-7.48485
-0.317596;0.243172;0;-1.98907;-19.3149;8.2927;-7.5598
-0.320627;0.239162;0;-2.00614;-19.4827;8.36385;-7.62466
-0.323607;0.235114;0;-2.02323;-19.6507;8.43505;-7.68957
-0.326536;0.231029;0;-2.04033;-19.8188;8.5063;-7.75452
-0.329413;0.226908;0;-2.05743;-19.9869;8.57758;-7.8195
-0.332238;0.22275;0;-2.07455;-20.1551;8.64888;-7.8845
-0.335011;0.218558;0;-2.09166;-20.3233;8.72019;-7.9495
-0.337731;0.214331;0;-2.10851;-20.4889;8.7904;-8.01351
-0.340398;0.21007;0;-2.12536;-20.6545;8.86063;-8.07754
-0.343011;0.205776;0;-2.14222;-20.8202;8.93086;-8.14155
-0.345569;0.201449;0;-2.15906;-20.9857;9.00106;-8.20555
-0.348074;0.197091;0;-2.1759;-21.1512;9.07122;-8.26951
-0.350523;0.192701;0;-2.19273;-21.3166;9.14134;-8.33343
-0.352916;0.188282;0;-2.20954;-21.4818;9.21139;-8.3973
-0.355255;0.183832;0;-2.22472;-21.6311;9.27464;-8.45495
-0.357537;0.179353;0;-2.23726;-21.7547;9.32689;-8.50258
-0.359762;0.174846;0;-2.24985;-21.8789;9.37934;-8.5504
-0.361931;0.170312;0;-2.26244;-22.0031;9.43181;-8.59823
-0.364042;0.16575;0;-2.27504;-22.1273;9.48428;-8.64607
-0.366096;0.161163;0;-2.28763;-22.2515;9.53676;-8.6939
-0.368093;0.156549;0;-2.30022;-22.3757;9.58922;-8.74173
-0.370031;0.151912;0;-2.31281;-22.4998;9.64166;-8.78953
-0.371911;0.14725;0;-2.32539;-22.6239;9.69408;-8.83732
-0.373732;0.142565;0;-2.33796;-22.7479;9.74646;-8.88507
-0.375494;0.137857;0;-2.35053;-22.8718;9.7988;-8.93278
-0.377196;0.133128;0;-2.36271;-22.9921;9.84958;-8.97907
-0.378839;0.128377;0;-2.37121;-23.0761;9.88497;-9.01134
-0.380423;0.123607;0;-2.37907;-23.1537;9.9177;-9.04118
-0.381946;0.118817;0;-2.38693;-23.2314;9.95046;-9.07104
-0.383409;0.114008;0;-2.3948;-23.3092;9.98323;-9.10092
-0.384811;0.109181;0;-2.40267;-23.387;10.016;-9.1308
-0.386153;0.104337;0;-2.41054;-23.4648;10.0488;-9.1607
-0.387433;0.099476;0;-2.41841;-23.5426;10.0816;-9.19059
-0.388653;0.0945996;0;-2.42628;-23.6204;10.1144;-9.22048
-0.389811;0.0897083;0;-2.43415;-23.6982;10.1472;-9.25036
-0.390907;0.0848028;0;-2.44201;-23.7759;10.1799;-9.28023
-0.391942;0.079884;0;-2.44987;-23.8536;10.2127;-9.31008
-0.392915;0.0749525;0;-2.45773;-23.9313;10.2454;-9.33991
-0.393826;0.0700092;0;-2.46558;-24.0089;10.2781;-9.36971
-0.394674;0.0650549;0;-2.47335;-24.0857;10.3105;-9.39924
-0.395461;0.0600902;0;-2.47644;-24.1162;10.3233;-9.41096
-0.396185;0.0551161;0;-2.47903;-24.1419;10.3342;-9.42082
-0.396846;0.0501333;0;-2.48163;-24.1677;10.345;-9.43069
-0.397445;0.0451426;0;-2.48423;-24.1934;10.3558;-9.44056
-0.39798;0.0401447;0;-2.48683;-24.2191;10.3666;-9.45042
-0.398453;0.0351405;0;-2.48936;-24.2442;10.3772;-9.46004
-0.398864;0.0301307;0;-2.49182;-24.2685;10.3874;-9.46937
-0.399211;0.0251162;0;-2.49425;-24.2926;10.3975;-9.47862
-0.399495;0.0200977;0;-2.49668;-24.3167;10.4077;-9.48786
-0.399716;0.0150761;0;-2.49911;-24.3407;10.4178;-9.49709
-0.399874;0.010052;0;-2.50154;-24.3648;10.4279;-9.50631
-0.399968;0.00502642;0;-2.50396;-24.3887;10.438;-9.51551
-0.4;4.89859e-17;0;-2.50638;-24.4127;10.4481;-9.52471
-0.399968;-0.00502642;0;-2.50471;-24.3961;10.4411;-9.51833
-0.399874;-0.010052;0;-2.50215;-24.3708;10.4305;-9.50864
-0.399716;-0.0150761;0;-2.4996;-24.3455;10.4198;-9.49894
-0.399495;-0.0200977;0;-2.49704;-24.3201;10.4092;-9.48922
-0.399211;-0.0251162;0;-2.49447;-24.2948;10.3985;-9.47949
-0.398864;-0.0301307;0;-2.49191;-24.2694;10.3878;-9.46975
-0.398453;-0.0351405;0;-2.48934;-24.2439;10.3771;-9.46001
-0.39798;-0.0401447;0;-2.48677;-24.2185;10.3664;-9.45026
-0.397445;-0.0451426;0;-2.4842;-24.193;10.3557;-9.4405
-0.396846;-0.0501333;0;-2.48163;-24.1676;10.345;-9.43074
-0.396185;-0.0551161;0;-2.47906;-24.1421;10.3343;-9.42098
-0.395461;-0.0600902;0;-2.47649;-24.1166;10.3236;-9.41122
-0.394674;-0.0650549;0;-2.47391;-24.0911;10.3129;-9.40142
-0.393826;-0.0700092;0;-2.46633;-24.0161;10.2813;-9.37262
-0.392915;-0.0749525;0;-2.45855;-23.9392;10.2489;-9.34308
-0.391942;-0.079884;0;-2.45076;-23.8622;10.2164;-9.31351
-0.390907;-0.0848028;0;-2.44297;-23.7851;10.184;-9.28392
-0.389811;-0.0897083;0;-2.43517;-23.708;10.1515;-9.25432
-0.388653;-0.0945996;0;-2.42737;-23.6309;10.119;-9.2247
-0.387433;-0.099476;0;-2.41957;-23.5537;10.0865;-9.19507
-0.386153;-0.104337;0;-2.41176;-23.4766;10.054;-9.16543
-0.384811;-0.109181;0;-2.40396;-23.3994;10.0215;-9.1358
-0.383409;-0.114008;0;-2.39616;-23.3222;9.98899;-9.10617
-0.381946;-0.118817;0;-2.38836;-23.2451;9.9565;-9.07655
-0.380423;-0.123607;0;-2.38056;-23.168;9.92402;-9.04694
-0.378839;-0.128377;0;-2.37238;-23.0871;9.88994;-9.01587
-0.377196;-0.133128;0;-2.36073;-22.9723;9.84144;-8.97166
-0.375494;-0.137857;0;-2.34908;-22.8574;9.7929;-8.92741
-0.373732;-0.142565;0;-2.33743;-22.7425;9.74434;-8.88314
-0.371911;-0.14725;0;-2.32462;-22.616;9.69098;-8.8345
-0.370031;-0.151912;0;-2.31165;-22.488;9.63696;-8.78525
-0.368093;-0.156549;0;-2.29867;-22.3599;9.58291;-8.73598
-0.366096;-0.161163;0;-2.28569;-22.2317;9.52883;-8.68668
-0.364042;-0.16575;0;-2.27271;-22.1036;9.47475;-8.63737
-0.361931;-0.170312;0;-2.25972;-21.9754;9.42066;-8.58806
-0.359762;-0.174846;0;-2.24673;-21.8472;9.36657;-8.53876
-0.357537;-0.179353;0;-2.23375;-21.7191;9.3125;-8.48946
-0.355255;-0.183832;0;-2.2192;-21.5758;9.25188;-8.4342
-0.352916;-0.188282;0;-2.20432;-21.4292;9.18985;-8.37766
-0.350523;-0.192701;0;-2.18876;-21.2762;9.12502;-8.31855
-0.348074;-0.197091;0;-2.17229;-21.1143;9.05638;-8.25598
-0.345569;-0.201449;0;-2.15581;-20.9524;8.98771;-8.19338
-0.343011;-0.205776;0;-2.13932;-20.7904;8.91902;-8.13076
-0.340398;-0.21007;0;-2.12284;-20.6284;8.85032;-8.06813
-0.337731;-0.214331;0;-2.10635;-20.4664;8.78161;-8.0055
-0.335011;-0.218558;0;-2.08986;-20.3044;8.71292;-7.94287
-0.332238;-0.22275;0;-2.07338;-20.1425;8.64424;-7.88027
-0.329413;-0.226908;0;-2.05691;-19.9806;8.5756;-7.81769
-0.326536;-0.231029;0;-2.03991;-19.8135;8.50475;-7.75311
-0.323607;-0.235114;0;-2.02266;-19.644;8.43292;-7.68762
-0.320627;-0.239162;0;-2.00543;-19.4746;8.36112;-7.62217
-0.317596;-0.243172;0;-1.98817;-19.305;8.28917;-7.55658
-0.314515;-0.247144;0;-1.96825;-19.11;8.20618;-7.48092
-0.311385;-0.251077;0;-1.94707;-18.9026;8.11792;-7.40046
-0.308205;-0.25497;0;-1.92587;-18.6949;8.02959;-7.31993
-0.304977;-0.258822;0;-1.90466;-18.4872;7.9412;-7.23936
-0.301701;-0.262634;0;-1.88344;-18.2793;7.85276;-7.15874
-0.298376;-0.266405;0;-1.86221;-18.0713;7.76429;-7.07809
-0.295005;-0.270133;0;-1.84098;-17.8634;7.67581;-6.99742
-0.291587;-0.273819;0;-1.81975;-17.6554;7.58732;-6.91676
-0.288124;-0.277461;0;-1.79852;-17.4474;7.49884;-6.8361
-0.284614;-0.28106;0;-1.77729;-17.2395;7.41039;-6.75546
-0.28106;-0.284614;0;-1.75607;-17.0316;7.32197;-6.67486
-0.277461;-0.288124;0;-1.73391;-16.8153;7.2296;-6.59065
-0.273819;-0.291587;0;-1.71125;-16.5943;7.13517;-6.50456
-0.270133;-0.295005;0;-1.68752;-16.3627;7.03625;-6.41439
-0.266405;-0.298376;0;-1.66324;-16.1258;6.93506;-6.32214
-0.262634;-0.301701;0;-1.63895;-15.8888;6.83382;-6.22985
-0.258822;-0.304977;0;-1.61466;-15.6517;6.73254;-6.13752
-0.25497;-0.308205;0;-1.59035;-15.4146;6.63125;-6.04518
-0.251077;-0.311385;0;-1.56605;-15.1775;6.52995;-5.95283
-0.247144;-0.314515;0;-1.54175;-14.9404;6.42866;-5.8605
-0.243172;-0.317596;0;-1.51746;-14.7033;6.32741;-5.7682
-0.239162;-0.320627;0;-1.49318;-14.4664;6.2262;-5.67593
-0.235114;-0.323607;0;-1.46891;-14.2296;6.12505;-5.58372
-0.231029;-0.326536;0;-1.44466;-13.993;6.02398;-5.49159
-0.226908;-0.329413;0;-1.41981;-13.751;5.92041;-5.39717
-0.22275;-0.332238;0;-1.39341;-13.4943;5.81033;-5.29682
-0.218558;-0.335011;0;-1.36647;-13.2324;5.69802;-5.19443
-0.214331;-0.337731;0;-1.33926;-12.9679;5.58462;-5.09105
-0.21007;-0.340398;0;-1.31205;-12.7034;5.47116;-4.98762
-0.205776;-0.343011;0;-1.28482;-12.4387;5.35766;-4.88415
-0.201449;-0.345569;0;-1.25759;-12.174;5.24414;-4.78067
-0.197091;-0.348074;0;-1.23036;-11.9093;5.13062;-4.67718
-0.192701;-0.350523;0;-1.20313;-11.6446;5.01711;-4.5737
-0.188282;-0.352916;0;-1.17591;-11.38;4.90363;-4.47025
-0.183832;-0.355255;0;-1.1487;-11.1155;4.7902;-4.36684
-0.179353;-0.357537;0;-1.12151;-10.8512;4.67684;-4.2635
-0.174846;-0.359762;0;-1.09433;-10.587;4.56356;-4.16024
-0.170312;-0.361931;0;-1.06617;-10.314;4.44612;-4.05317
-0.16575;-0.364042;0;-1.03707;-10.0321;4.3248;-3.94258
-0.161163;-0.366096;0;-1.00767;-9.74724;4.20225;-3.83085
-0.156549;-0.368093;0;-0.978259;-9.46221;4.07961;-3.71905
-0.151912;-0.370031;0;-0.948831;-9.17705;3.95691;-3.6072
-0.14725;-0.371911;0;-0.919393;-8.89178;3.83417;-3.49531
-0.142565;-0.373732;0;-0.88995;-8.60647;3.71141;-3.3834
-0.137857;-0.375494;0;-0.860506;-8.32116;3.58865;-3.27149
-0.133128;-0.377196;0;-0.831067;-8.03588;3.46591;-3.1596
-0.128377;-0.378839;0;-0.801636;-7.75069;3.34321;-3.04773
-0.123607;-0.380423;0;-0.77222;-7.46563;3.22056;-2.93592
-0.118817;-0.381946;0;-0.742821;-7.18075;3.09798;-2.82418
-0.114008;-0.383409;0;-0.713445;-6.89608;2.9755;-2.71253
-0.109181;-0.384811;0;-0.684126;-6.612;2.85326;-2.60109
-0.104337;-0.386153;0;-0.653412;-6.31504;2.72519;-2.48434
-0.099476;-0.387433;0;-0.62263;-6.01739;2.59684;-2.36733
-0.0945996;-0.388653;0;-0.591832;-5.71957;2.46842;-2.25026
-0.0897083;-0.389811;0;-0.561021;-5.42163;2.33994;-2.13314
-0.0848028;-0.390907;0;-0.530224;-5.12383;2.21153;-2.01608
-0.079884;-0.391942;0;-0.499371;-4.82547;2.08288;-1.8988
-0.0749525;-0.392915;0;-0.468497;-4.52692;1.95415;-1.78144
-0.0700092;-0.393826;0;-0.437628;-4.22842;1.82543;-1.6641
-0.0650549;-0.394674;0;-0.406769;-3.93001;1.69675;-1.54679
-0.0600902;-0.395461;0;-0.375923;-3.63173;1.56813;-1.42954
-0.0551161;-0.396185;0;-0.345096;-3.33364;1.4396;-1.31237
-0.0501333;-0.396846;0;-0.313983;-3.0329;1.30986;-1.19409
-0.0451426;-0.397445;0;-0.282589;-2.72961;1.17895;-1.07475
-0.0401447;-0.39798;0;-0.251177;-2.42615;1.04796;-0.955343
-0.0351405;-0.398453;0;-0.219753;-2.12257;0.916923;-0.835886
-0.0301307;-0.398864;0;-0.188371;-1.81941;0.786065;-0.716593
-0.0251162;-0.399211;0;-0.156917;-1.51554;0.654901;-0.597021
-0.0200977;-0.399495;0;-0.12546;-1.21165;0.523728;-0.477441
-0.0150761;-0.399716;0;-0.0940057;-0.907785;0.392567;-0.357872
-0.010052;-0.399874;0;-0.0625596;-0.603998;0.261438;-0.238333
-0.00502642;-0.399968;0;-0.0311263;-0.300335;0.130363;-0.118842
-7.34788e-17;-0.4;0;0.000289267;0.0031571;-0.000637397;0.000581064
0.00502642;-0.399968;0;0.0314584;0.304292;-0.13061;0.119067
0.010052;-0.399874;0;0.0627533;0.606698;-0.261107;0.238031
0.0150761;-0.399716;0;0.0940743;0.909356;-0.391713;0.357093
0.0200977;-0.399495;0;0.125416;1.21222;-0.522406;0.476236
0.0251162;-0.399211;0;0.156775;1.51524;-0.653168;0.595441
0.0301307;-0.398864;0;0.188144;1.81836;-0.783975;0.714688
0.0351405;-0.398453;0;0.21952;2.12155;-0.914809;0.833959
0.0401447;-0.39798;0;0.250897;2.42475;-1.04565;0.953235
0.0451426;-0.397445;0;0.28227;2.72791;-1.17647;1.0725
0.0501333;-0.396846;0;0.313635;3.03099;-1.30726;1.19173
0.0551161;-0.396185;0;0.344832;3.33209;-1.43736;1.31032
0.0600902;-0.395461;0;0.376138;3.63423;-1.56791;1.42934
0.0650549;-0.394674;0;0.406621;3.92892;-1.69502;1.54521
0.0700092;-0.393826;0;0.437589;4.22833;-1.82415;1.66293
0.0749525;-0.392915;0;0.46856;4.52776;-1.95329;1.78066
0.079884;-0.391942;0;0.499529;4.82718;-2.08242;1.89838
0.0848028;-0.390907;0;0.529821;5.12011;-2.20874;2.01353
0.0897083;-0.389811;0;0.560353;5.41543;-2.33605;2.12959
0.0945996;-0.388653;0;0.590893;5.71083;-2.4634;2.24568
0.099476;-0.387433;0;0.621436;6.00627;-2.59076;2.36179
0.104337;-0.386153;0;0.651978;6.30169;-2.71811;2.47789
0.109181;-0.384811;0;0.682514;6.59705;-2.84544;2.59396
0.114008;-0.383409;0;0.713038;6.8923;-2.97272;2.70999
0.118817;-0.381946;0;0.742196;7.17463;-3.09429;2.82082
0.123607;-0.380423;0;0.771689;7.46038;-3.21726;2.93292
0.128377;-0.378839;0;0.801197;7.74628;-3.3403;3.04508
0.133128;-0.377196;0;0.830717;8.03229;-3.46338;3.15729
0.137857;-0.375494;0;0.860242;8.31835;-3.58648;3.26951
0.142565;-0.373732;0;0.88977;8.60443;-3.7096;3.38174
0.14725;-0.371911;0;0.919294;8.89048;-3.83269;3.49396
0.151912;-0.370031;0;0.94881;9.17646;-3.95576;3.60615
0.156549;-0.368093;0;0.978313;9.46231;-4.07877;3.71829
0.161163;-0.366096;0;1.0078;9.748;-4.20172;3.83037
0.16575;-0.364042;0;1.03726;10.0335;-4.32457;3.94237
0.170312;-0.361931;0;1.06621;10.3141;-4.44525;4.05238
0.174846;-0.359762;0;1.09434;10.5871;-4.56254;4.15931
0.179353;-0.357537;0;1.12164;10.8523;-4.67634;4.26305
0.183832;-0.355255;0;1.14895;11.1177;-4.79021;4.36685
0.188282;-0.352916;0;1.17628;11.3832;-4.90414;4.47071
0.192701;-0.350523;0;1.20361;11.6489;-5.01811;4.57461
0.197091;-0.348074;0;1.23096;11.9145;-5.13209;4.67852
0.201449;-0.345569;0;1.2583;12.1802;-5.24609;4.78244
0.205776;-0.343011;0;1.28564;12.4458;-5.36006;4.88634
0.21007;-0.340398;0;1.31297;12.7114;-5.47401;4.99022
0.214331;-0.337731;0;1.34029;12.9768;-5.5879;5.09404
0.218558;-0.335011;0;1.36759;13.2421;-5.70172;5.19781
0.22275;-0.332238;0;1.39487;13.5072;-5.81546;5.30149
0.226908;-0.329413;0;1.42103;13.7618;-5.92449;5.40089
0.231029;-0.326536;0;1.4454;13.9995;-6.0261;5.49351
0.235114;-0.323607;0;1.4698;14.2374;-6.12778;5.58621
0.239162;-0.320627;0;1.49421;14.4754;-6.22954;5.67897
0.243172;-0.317596;0;1.51863;14.7135;-6.33135;5.77178
0.247144;-0.314515;0;1.54306;14.9517;-6.43319;5.86463
0.251077;-0.311385;0;1.5675;15.19;-6.53505;5.95749
0.25497;-0.308205;0;1.59193;15.4283;-6.63692;6.05035
0.258822;-0.304977;0;1.61637;15.6665;-6.73877;6.1432
0.262634;-0.301701;0;1.64079;15.9047;-6.84059;6.23603
0.266405;-0.298376;0;1.66521;16.1428;-6.94237;6.32881
0.270133;-0.295005;0;1.68961;16.3807;-7.04409;6.42154
0.273819;-0.291587;0;1.714;16.6185;-7.14574;6.5142
0.277461;-0.288124;0;1.73793;16.8519;-7.24549;6.60513
0.28106;-0.284614;0;1.75943;17.0622;-7.33512;6.68684
0.284614;-0.28106;0;1.78042;17.2676;-7.42262;6.76661
0.288124;-0.277461;0;1.80143;17.4731;-7.51016;6.84641
0.291587;-0.273819;0;1.82244;17.6787;-7.59773;6.92625
0.295005;-0.270133;0;1.84345;17.8844;-7.68533;7.0061
0.298376;-0.266405;0;1.86447;18.09;-7.77292;7.08595
0.301701;-0.262634;0;1.88548;18.2957;-7.86051;7.1658
0.304977;-0.258822;0;1.90649;18.5013;-7.94807;7.24563
0.308205;-0.25497;0;1.92749;18.7068;-8.0356;7.32542
0.311385;-0.251077;0;1.94848;18.9122;-8.12307;7.40516
0.314515;-0.247144;0;1.96945;19.1174;-8.21048;7.48485
0.317596;-0.243172;0;1.98971;19.3159;-8.29495;7.56184
0.320627;-0.239162;0;2.00667;19.4825;-8.36563;7.62628
0.323607;-0.235114;0;2.02365;19.6491;-8.43637;7.69077
0.326536;-0.231029;0;2.04063;19.8159;-8.50716;7.7553
0.329413;-0.226908;0;2.05763;19.9828;-8.57798;7.81986
0.332238;-0.22275;0;2.07463;20.1497;-8.64883;7.88445
0.335011;-0.218558;0;2.09163;20.3166;-8.71969;7.94905
0.337731;-0.214331;0;2.10863;20.4836;-8.79056;8.01365
0.340398;-0.21007;0;2.12563;20.6505;-8.86142;8.07825
0.343011;-0.205776;0;2.14263;20.8174;-8.93225;8.14282
0.345569;-0.201449;0;2.15962;20.9843;-9.00306;8.20737
0.348074;-0.197091;0;2.1766;21.151;-9.07383;8.27189
0.350523;-0.192701;0;2.19357;21.3176;-9.14454;8.33635
0.352916;-0.188282;0;2.21052;21.4841;-9.21519;8.40075
0.355255;-0.183832;0;2.22529;21.6293;-9.27672;8.45685
0.357537;-0.179353;0;2.23789;21.7535;-9.32924;8.50472
0.359762;-0.174846;0;2.2505;21.8778;-9.38178;8.55262
0.361931;-0.170312;0;2.26255;21.9967;-9.43202;8.59842
0.364042;-0.16575;0;2.27453;22.1146;-9.4819;8.6439
0.366096;-0.161163;0;2.2865;22.2326;-9.53181;8.68939
0.368093;-0.156549;0;2.29848;22.3507;-9.58171;8.73489
0.370031;-0.151912;0;2.31045;22.4687;-9.63162;8.78038
0.371911;-0.14725;0;2.32243;22.5867;-9.68151;8.82587
0.373732;-0.142565;0;2.3344;22.7046;-9.73139;8.87133
0.375494;-0.137857;0;2.34636;22.8225;-9.78124;8.91678
0.377196;-0.133128;0;2.35832;22.9403;-9.83106;8.96219
0.378839;-0.128377;0;2.37021;23.0574;-9.88061;9.00737
0.380423;-0.123607;0;2.38092;23.1629;-9.92526;9.04807
0.381946;-0.118817;0;2.38867;23.2396;-9.95751;9.07747
0.383409;-0.114008;0;2.39642;23.3163;-9.98978;9.10689
0.384811;-0.109181;0;2.40417;23.393;-10.0221;9.13631
0.386153;-0.104337;0;2.41152;23.4658;-10.0527;9.16424
0.387433;-0.099476;0;2.41815;23.5314;-10.0803;9.18942
0.388653;-0.0945996;0;2.42479;23.597;-10.1079;9.2146
0.389811;-0.0897083;0;2.43142;23.6626;-10.1356;9.23979
0.390907;-0.0848028;0;2.43806;23.7283;-10.1632;9.26498
0.391942;-0.079884;0;2.44469;23.7939;-10.1908;9.29017
0.392915;-0.0749525;0;2.45132;23.8596;-10.2184;9.31534
0.393826;-0.0700092;0;2.45795;23.9251;-10.2461;9.34051
0.394674;-0.0650549;0;2.46457;23.9907;-10.2736;9.36566
0.395461;-0.0600902;0;2.47119;24.0562;-10.3012;9.3908
0.396185;-0.0551161;0;2.47521;24.0963;-10.3179;9.40603
0.396846;-0.0501333;0;2.47821;24.1264;-10.3304;9.41739
0.397445;-0.0451426;0;2.48121;24.1566;-10.3429;9.42876
0.39798;-0.0401447;0;2.48333;24.178;-10.3516;9.43677
0.398453;-0.0351405;0;2.48472;24.1921;-10.3574;9.442
0.398864;-0.0301307;0;2.4861;24.2061;-10.3631;9.44723
0.399211;-0.0251162;0;2.48749;24.2202;-10.3689;9.45246
0.399495;-0.0200977;0;2.48887;24.2343;-10.3746;9.45769
0.399716;-0.0150761;0;2.49026;24.2483;-10.3803;9.46293
0.399874;-0.010052;0;2.49164;24.2624;-10.3861;9.46816
0.399968;-0.00502642;0;2.49303;24.2765;-10.3918;9.47339
