0.4;0;0;2.36598;23.0437;-10.3975;9.47853
0.399968;0.00502642;0;2.36462;23.0304;-10.3915;9.47309
0.399874;0.010052;0;2.36324;23.0169;-10.3854;9.46754
0.399716;0.0150761;0;2.36186;23.0033;-10.3793;9.46199
0.399495;0.0200977;0;2.36048;22.9898;-10.3732;9.45644
0.399211;0.0251162;0;2.35909;22.9763;-10.3671;9.45089
0.398864;0.0301307;0;2.35771;22.9628;-10.361;9.44534
0.398453;0.0351405;0;2.35633;22.9492;-10.355;9.43979
0.39798;0.0401447;0;2.35494;22.9357;-10.3489;9.43425
0.397445;0.0451426;0;2.3524;22.9107;-10.3377;9.42406
0.396846;0.0501333;0;2.34925;22.8796;-10.3238;9.41143
0.396185;0.0551161;0;2.3461;22.8485;-10.31;9.3988
0.395461;0.0600902;0;2.34294;22.8174;-10.2961;9.38617
0.394674;0.0650549;0;2.33729;22.7616;-10.2713;9.36354
0.393826;0.0700092;0;2.33111;22.7006;-10.2442;9.33879
0.392915;0.0749525;0;2.32493;22.6395;-10.217;9.31402
0.391942;0.079884;0;2.31874;22.5784;-10.1898;9.28924
0.390907;0.0848028;0;2.31255;22.5173;-10.1626;9.26445
0.389811;0.0897083;0;2.30636;22.4562;-10.1354;9.23966
0.388653;0.0945996;0;2.30017;22.395;-10.1082;9.21487
0.387433;0.099476;0;2.29398;22.3339;-10.081;9.19008
0.386153;0.104337;0;2.28745;22.2694;-10.0524;9.16394
0.384811;0.109181;0;2.27983;22.194;-10.0189;9.13341
0.383409;0.114008;0;2.2722;22.1186;-9.98538;9.10287
0.381946;0.118817;0;2.26458;22.0433;-9.95189;9.07235
0.380423;0.123607;0;2.25696;21.9679;-9.91841;9.04183
0.378839;0.128377;0;2.24704;21.8701;-9.87486;9.00212
0.377196;0.133128;0;2.23564;21.7575;-9.82477;8.95646
0.375494;0.137857;0;2.22429;21.6455;-9.7749;8.911
0.373732;0.142565;0;2.21293;21.5335;-9.72504;8.86554
0.371911;0.14725;0;2.20157;21.4214;-9.67515;8.82006
0.370031;0.151912;0;2.19021;21.3093;-9.62524;8.77457
0.368093;0.156549;0;2.17885;21.1972;-9.57532;8.72906
0.366096;0.161163;0;2.16748;21.085;-9.52541;8.68356
0.364042;0.16575;0;2.15612;20.9729;-9.4755;8.63806
0.361931;0.170312;0;2.14476;20.8608;-9.4256;8.59257
0.359762;0.174846;0;2.1334;20.7488;-9.37573;8.5471
0.357537;0.179353;0;2.12206;20.6368;-9.32588;8.50167
0.355255;0.183832;0;2.11072;20.5249;-9.27608;8.45626
0.352916;0.188282;0;2.097;20.3898;-9.21582;8.40133
0.350523;0.192701;0;2.08094;20.2319;-9.14527;8.33702
0.348074;0.197091;0;2.06487;20.0738;-9.07466;8.27265
0.345569;0.201449;0;2.04878;19.9156;-9.004;8.20823
0.343011;0.205776;0;2.03268;19.7573;-8.93329;8.14377
0.340398;0.21007;0;2.01658;19.5989;-8.86256;8.07929
0.337731;0.214331;0;2.00047;19.4405;-8.7918;8.01479
0.335011;0.218558;0;1.98436;19.2821;-8.72104;7.95028
0.332238;0.22275;0;1.96826;19.1237;-8.65028;7.88577
0.329413;0.226908;0;1.95215;18.9653;-8.57953;7.82128
0.326536;0.231029;0;1.93605;18.8069;-8.50881;7.75681
0.323607;0.235114;0;1.91994;18.6485;-8.43804;7.69229
0.320627;0.239162;0;1.90378;18.4896;-8.36706;7.62759
0.317596;0.243172;0;1.88764;18.3308;-8.29614;7.56293
0.314515;0.247144;0;1.86918;18.1497;-8.21503;7.48899
0.311385;0.251077;0;1.84931;17.9551;-8.12775;7.40943
0.308205;0.25497;0;1.82943;17.7603;-8.04041;7.3298
0.304977;0.258822;0;1.80953;17.5653;-7.95297;7.25009
0.301701;0.262634;0;1.7896;17.3701;-7.8654;7.17026
0.298376;0.266405;0;1.76965;17.1746;-7.77775;7.09036
0.295005;0.270133;0;1.74968;16.9789;-7.69;7.01036
0.291587;0.273819;0;1.7297;16.7832;-7.60224;6.93036
0.288124;0.277461;0;1.70973;16.5876;-7.5145;6.85037
0.284614;0.28106;0;1.68977;16.392;-7.42679;6.77041
0.28106;0.284614;0;1.66982;16.1965;-7.33912;6.69049
0.277461;0.288124;0;1.64955;15.9981;-7.25009;6.60933
0.273819;0.291587;0;1.62645;15.7727;-7.14859;6.5168
0.270133;0.295005;0;1.60334;15.5471;-7.047;6.42419
0.266405;0.298376;0;1.5802;15.3214;-6.94533;6.3315
0.262634;0.301701;0;1.55705;15.0955;-6.8436;6.23876
0.258822;0.304977;0;1.53389;14.8695;-6.74182;6.14598
0.25497;0.308205;0;1.51072;14.6434;-6.64002;6.05318
0.251077;0.311385;0;1.48754;14.4173;-6.53816;5.96032
0.247144;0.314515;0;1.46436;14.1911;-6.43629;5.86745
0.243172;0.317596;0;1.44116;13.9647;-6.33433;5.77451
0.239162;0.320627;0;1.41797;13.7383;-6.23241;5.68159
0.235114;0.323607;0;1.39479;13.5121;-6.13054;5.58873
0.231029;0.326536;0;1.37162;13.2861;-6.02873;5.49592
0.226908;0.329413;0;1.34847;13.0602;-5.92701;5.40318
0.22275;0.332238;0;1.32389;12.8208;-5.81898;5.30471
0.218558;0.335011;0;1.298;12.5692;-5.7052;5.20098
0.214331;0.337731;0;1.27209;12.3174;-5.59133;5.09717
0.21007;0.340398;0;1.24617;12.0654;-5.47739;4.9933
0.205776;0.343011;0;1.22023;11.8132;-5.3634;4.88939
0.201449;0.345569;0;1.19429;11.5611;-5.24938;4.78544
0.197091;0.348074;0;1.16834;11.3088;-5.13533;4.68148
0.192701;0.350523;0;1.1424;11.0566;-5.02129;4.57751
0.188282;0.352916;0;1.11645;10.8044;-4.90727;4.47357
0.183832;0.355255;0;1.09052;10.5523;-4.79329;4.36966
0.179353;0.357537;0;1.0646;10.3003;-4.67936;4.2658
0.174846;0.359762;0;1.0387;10.0485;-4.56551;4.16201
0.170312;0.361931;0;1.01246;9.79369;-4.45019;4.05688
0.16575;0.364042;0;0.98447;9.52238;-4.32716;3.94472
0.161163;0.366096;0;0.956344;9.24974;-4.20352;3.83202
0.156549;0.368093;0;0.92819;8.97683;-4.07976;3.7192
0.151912;0.370031;0;0.900012;8.70368;-3.9559;3.60628
0.14725;0.371911;0;0.871814;8.43034;-3.83195;3.49329
0.142565;0.373732;0;0.843601;8.15686;-3.70794;3.38023
0.137857;0.375494;0;0.815378;7.88327;-3.58387;3.26713
0.133128;0.377196;0;0.787148;7.60962;-3.45978;3.15401
0.128377;0.378839;0;0.758917;7.33596;-3.33569;3.04088
0.123607;0.380423;0;0.730688;7.06232;-3.2116;2.92776
0.118817;0.381946;0;0.703152;6.79568;-3.09056;2.81741
0.114008;0.383409;0;0.674251;6.51614;-2.9635;2.70159
0.109181;0.384811;0;0.645337;6.23648;-2.83639;2.58571
0.104337;0.386153;0;0.616415;5.95674;-2.70924;2.4698
0.099476;0.387433;0;0.58749;5.67696;-2.58208;2.35388
0.0945996;0.388653;0;0.558566;5.3972;-2.45493;2.23796
0.0897083;0.389811;0;0.529647;5.11749;-2.3278;2.12207
0.0848028;0.390907;0;0.500738;4.83788;-2.20071;2.00621
0.079884;0.391942;0;0.471845;4.55841;-2.07369;1.89042
0.0749525;0.392915;0;0.44297;4.27913;-1.94675;1.7747
0.0700092;0.393826;0;0.41412;4.00008;-1.81992;1.65907
0.0650549;0.394674;0;0.385298;3.7213;-1.69321;1.54357
0.0600902;0.395461;0;0.356509;3.44285;-1.56665;1.42819
0.0551161;0.396185;0;0.327758;3.16476;-1.44025;1.31296
0.0501333;0.396846;0;0.298174;2.87889;-1.31019;1.1944
0.0451426;0.397445;0;0.268436;2.59157;-1.17945;1.07521
0.0401447;0.39798;0;0.238663;2.30392;-1.04856;0.955888
0.0351405;0.398453;0;0.208861;2.01599;-0.917538;0.836446
0.0301307;0.398864;0;0.179034;1.72782;-0.786408;0.716906
0.0251162;0.399211;0;0.149188;1.43946;-0.655192;0.597286
0.0200977;0.399495;0;0.119326;1.15095;-0.523908;0.477606
0.0150761;0.399716;0;0.0894543;0.862341;-0.392579;0.357883
0.010052;0.399874;0;0.0595766;0.573676;-0.261225;0.238138
0.00502642;0.399968;0;0.0296978;0.285002;-0.129866;0.118389
2.44929e-17;0.4;0;-0.000177294;-0.00363636;0.00147643;-0.00134594
-0.00502642;0.399968;0;-0.0300439;-0.292193;0.132782;-0.121047
-0.010052;0.399874;0;-0.0598974;-0.580623;0.264029;-0.240695
-0.0150761;0.399716;0;-0.0897331;-0.868881;0.395199;-0.360271
-0.0200977;0.399495;0;-0.119546;-1.15692;0.526268;-0.479757
-0.0251162;0.399211;0;-0.149332;-1.4447;0.657218;-0.599134
-0.0301307;0.398864;0;-0.179086;-1.73216;0.788028;-0.718382
-0.0351405;0.398453;0;-0.208553;-2.01688;0.917577;-0.836482
-0.0401447;0.39798;0;-0.237893;-2.30048;1.04657;-0.954072
-0.0451426;0.397445;0;-0.267237;-2.58419;1.17557;-1.07168
-0.0501333;0.396846;0;-0.296605;-2.86812;1.30468;-1.18938
-0.0551161;0.396185;0;-0.325993;-3.15224;1.43388;-1.30715
-0.0600902;0.395461;0;-0.355394;-3.4365;1.56313;-1.42499
-0.0650549;0.394674;0;-0.384805;-3.72085;1.69243;-1.54286
-0.0700092;0.393826;0;-0.414221;-4.00525;1.82175;-1.66075
-0.0749525;0.392915;0;-0.443638;-4.28965;1.95108;-1.77864
-0.079884;0.391942;0;-0.47305;-4.57402;2.08038;-1.89652
-0.0848028;0.390907;0;-0.502453;-4.85829;2.20965;-2.01436
-0.0897083;0.389811;0;-0.531843;-5.14244;2.33885;-2.13214
-0.0945996;0.388653;0;-0.561215;-5.4264;2.46797;-2.24986
-0.099476;0.387433;0;-0.590563;-5.71015;2.597;-2.36748
-0.104337;0.386153;0;-0.619506;-5.99008;2.72424;-2.48347
-0.109181;0.384811;0;-0.647726;-6.26337;2.84829;-2.59656
-0.114008;0.383409;0;-0.675722;-6.53466;2.97136;-2.70875
-0.118817;0.381946;0;-0.70374;-6.80616;3.09452;-2.82103
-0.123607;0.380423;0;-0.731776;-7.07783;3.21776;-2.93338
-0.128377;0.378839;0;-0.759824;-7.34963;3.34106;-3.04578
-0.133128;0.377196;0;-0.78788;-7.6215;3.46439;-3.15821
-0.137857;0.375494;0;-0.815941;-7.89341;3.58774;-3.27066
-0.142565;0.373732;0;-0.844001;-8.16532;3.71109;-3.3831
-0.14725;0.371911;0;-0.872056;-8.43718;3.83441;-3.49553
-0.151912;0.370031;0;-0.899984;-8.70781;3.95718;-3.60744
-0.156549;0.368093;0;-0.927922;-8.97851;4.07999;-3.7194
-0.161163;0.366096;0;-0.955846;-9.24907;4.20274;-3.8313
-0.16575;0.364042;0;-0.98375;-9.51944;4.3254;-3.94312
-0.170312;0.361931;0;-1.01163;-9.78959;4.44796;-4.05485
-0.174846;0.359762;0;-1.03844;-10.0496;4.56581;-4.16228
-0.179353;0.357537;0;-1.06419;-10.2999;4.67898;-4.26545
-0.183832;0.355255;0;-1.08996;-10.5504;4.79223;-4.3687
-0.188282;0.352916;0;-1.11574;-10.801;4.90556;-4.47201
-0.192701;0.350523;0;-1.14153;-11.0517;5.01893;-4.57536
-0.197091;0.348074;0;-1.16734;-11.3025;5.13234;-4.67875
-0.201449;0.345569;0;-1.19314;-11.5533;5.24576;-4.78214
-0.205776;0.343011;0;-1.21895;-11.8041;5.35918;-4.88554
-0.21007;0.340398;0;-1.24475;-12.0549;5.47258;-4.98891
-0.214331;0.337731;0;-1.27054;-12.3055;5.58594;-5.09225
-0.218558;0.335011;0;-1.29631;-12.5561;5.69924;-5.19554
-0.22275;0.332238;0;-1.32175;-12.8034;5.81103;-5.29745
-0.226908;0.329413;0;-1.34682;-13.0474;5.9212;-5.39789
-0.231029;0.326536;0;-1.36965;-13.2701;6.02155;-5.48937
-0.235114;0.323607;0;-1.3928;-13.496;6.12329;-5.58211
-0.239162;0.320627;0;-1.41597;-13.722;6.22509;-5.67492
-0.243172;0.317596;0;-1.43915;-13.9481;6.32695;-5.76778
-0.247144;0.314515;0;-1.46233;-14.1743;6.42884;-5.86066
-0.251077;0.311385;0;-1.48552;-14.4006;6.53075;-5.95357
-0.25497;0.308205;0;-1.50871;-14.6268;6.63267;-6.04648
-0.258822;0.304977;0;-1.5319;-14.8531;6.73457;-6.13937
-0.262634;0.301701;0;-1.55508;-15.0792;6.83644;-6.23224
-0.266405;0.298376;0;-1.57826;-15.3053;6.93827;-6.32507
-0.270133;0.295005;0;-1.60141;-15.5312;7.04004;-6.41784
-0.273819;0.291587;0;-1.62455;-15.757;7.14173;-6.51054
-0.277461;0.288124;0;-1.64628;-15.969;7.2372;-6.59758
-0.28106;0.284614;0;-1.66696;-16.1713;7.3281;-6.68044
-0.284614;0.28106;0;-1.68705;-16.368;7.41633;-6.76088
-0.288124;0.277461;0;-1.70714;-16.5648;7.5046;-6.84135
-0.291587;0.273819;0;-1.72723;-16.7616;7.59289;-6.92184
-0.295005;0.270133;0;-1.74733;-16.9584;7.6812;-7.00234
-0.298376;0.266405;0;-1.76743;-17.1553;7.7695;-7.08284
-0.301701;0.262634;0;-1.78752;-17.3521;7.85779;-7.16332
-0.304977;0.258822;0;-1.80761;-17.5489;7.94605;-7.24378
-0.308205;0.25497;0;-1.82768;-17.7455;8.03426;-7.32419
-0.311385;0.251077;0;-1.84775;-17.942;8.12241;-7.40456
-0.314515;0.247144;0;-1.86779;-18.1384;8.21049;-7.48485
-0.317596;0.243172;0;-1.8865;-18.3218;8.2927;-7.5598
-0.320627;0.239162;0;-1.9027;-18.481;8.36385;-7.62466
-0.323607;0.235114;0;-1.91891;-18.6404;8.43505;-7.68957
-0.326536;0.231029;0;-1.93513;-18.7999;8.5063;-7.75452
-0.329413;0.226908;0;-1.95135;-18.9594;8.57758;-7.8195
-0.332238;0.22275;0;-1.96758;-19.119;8.64888;-7.8845
-0.335011;0.218558;0;-1.98381;-19.2786;8.72019;-7.9495
-0.337731;0.214331;0;-1.99979;-19.4357;8.7904;-8.01351
-0.340398;0.21007;0;-2.01578;-19.5928;8.86063;-8.07754
-0.343011;0.205776;0;-2.03177;-19.75;8.93086;-8.14155
-0.345569;0.201449;0;-2.04775;-19.9071;9.00106;-8.20555
-0.348074;0.197091;0;-2.06372;-20.0641;9.07122;-8.26951
-0.350523;0.192701;0;-2.07968;-20.221;9.14134;-8.33343
-0.352916;0.188282;0;-2.09562;-20.3777;9.21139;-8.3973
-0.355255;0.183832;0;-2.11002;-20.5193;9.27464;-8.45495
-0.357537;0.179353;0;-2.12192;-20.6367;9.32689;-8.50258
-0.359762;0.174846;0;-2.13386;-20.7545;9.37934;-8.5504
-0.361931;0.170312;0;-2.1458;-20.8723;9.43181;-8.59823
-0.364042;0.16575;0;-2.15775;-20.9901;9.48428;-8.64607
-0.366096;0.161163;0;-2.16969;-21.108;9.53676;-8.6939
-0.368093;0.156549;0;-2.18164;-21.2258;9.58922;-8.74173
-0.370031;0.151912;0;-2.19358;-21.3435;9.64166;-8.78953
-0.371911;0.14725;0;-2.20551;-21.4613;9.69408;-8.83732
-0.373732;0.142565;0;-2.21744;-21.5789;9.74646;-8.88507
-0.375494;0.137857;0;-2.22935;-21.6964;9.7988;-8.93278
-0.377196;0.133128;0;-2.24091;-21.8105;9.84958;-8.97907
-0.378839;0.128377;0;-2.24897;-21.8901;9.88497;-9.01134
-0.380423;0.123607;0;-2.25642;-21.9638;9.9177;-9.04118
-0.381946;0.118817;0;-2.26388;-22.0376;9.95046;-9.07104
-0.383409;0.114008;0;-2.27134;-22.1113;9.98323;-9.10092
-0.384811;0.109181;0;-2.27881;-22.1851;10.016;-9.1308
-0.386153;0.104337;0;-2.28627;-22.259;10.0488;-9.1607
-0.387433;0.099476;0;-2.29374;-22.3328;10.0816;-9.19059
-0.388653;0.0945996;0;-2.3012;-22.4066;10.1144;-9.22048
-0.389811;0.0897083;0;-2.30867;-22.4804;10.1472;-9.25036
-0.390907;0.0848028;0;-2.31613;-22.5542;10.1799;-9.28023
-0.391942;0.079884;0;-2.32358;-22.6279;10.2127;-9.31008
-0.392915;0.0749525;0;-2.33103;-22.7015;10.2454;-9.33991
-0.393826;0.0700092;0;-2.33847;-22.7751;10.2781;-9.36971
-0.394674;0.0650549;0;-2.34585;-22.848;10.3105;-9.39924
-0.395461;0.0600902;0;-2.34878;-22.877;10.3233;-9.41096
-0.396185;0.0551161;0;-2.35124;-22.9014;10.3342;-9.42082
-0.396846;0.0501333;0;-2.3537;-22.9258;10.345;-9.43069
-0.397445;0.0451426;0;-2.35617;-22.9502;10.3558;-9.44056
-0.39798;0.0401447;0;-2.35863;-22.9746;10.3666;-9.45042
-0.398453;0.0351405;0;-2.36103;-22.9984;10.3772;-9.46004
-0.398864;0.0301307;0;-2.36336;-23.0214;10.3874;-9.46937
-0.399211;0.0251162;0;-2.36567;-23.0443;10.3975;-9.47862
-0.399495;0.0200977;0;-2.36798;-23.0672;10.4077;-9.48786
-0.399716;0.0150761;0;-2.37029;-23.09;10.4178;-9.49709
-0.399874;0.010052;0;-2.37259;-23.1128;10.4279;-9.50631
-0.399968;0.00502642;0;-2.37489;-23.1355;10.438;-9.51551
-0.4;4.89859e-17;0;-2.37718;-23.1582;10.4481;-9.52471
-0.399968;-0.00502642;0;-2.37559;-23.1425;10.4411;-9.51833
-0.399874;-0.010052;0;-2.37317;-23.1185;10.4305;-9.50864
-0.399716;-0.0150761;0;-2.37075;-23.0945;10.4198;-9.49894
-0.399495;-0.0200977;0;-2.36832;-23.0705;10.4092;-9.48922
-0.399211;-0.0251162;0;-2.36589;-23.0464;10.3985;-9.47949
-0.398864;-0.0301307;0;-2.36346;-23.0223;10.3878;-9.46975
-0.398453;-0.0351405;0;-2.36102;-22.9982;10.3771;-9.46001
-0.39798;-0.0401447;0;-2.35859;-22.9741;10.3664;-9.45026
-0.397445;-0.0451426;0;-2.35615;-22.9499;10.3557;-9.4405
-0.396846;-0.0501333;0;-2.35371;-22.9258;10.345;-9.43074
-0.396185;-0.0551161;0;-2.35127;-22.9016;10.3343;-9.42098
-0.395461;-0.0600902;0;-2.34884;-22.8775;10.3236;-9.41122
-0.394674;-0.0650549;0;-2.34639;-22.8533;10.3129;-9.40142
-0.393826;-0.0700092;0;-2.33919;-22.7821;10.2813;-9.37262
-0.392915;-0.0749525;0;-2.33182;-22.7091;10.2489;-9.34308
-0.391942;-0.079884;0;-2.32443;-22.6361;10.2164;-9.31351
-0.390907;-0.0848028;0;-2.31704;-22.563;10.184;-9.28392
-0.389811;-0.0897083;0;-2.30965;-22.4899;10.1515;-9.25432
-0.388653;-0.0945996;0;-2.30225;-22.4167;10.119;-9.2247
-0.387433;-0.099476;0;-2.29485;-22.3435;10.0865;-9.19507
-0.386153;-0.104337;0;-2.28745;-22.2703;10.054;-9.16543
-0.384811;-0.109181;0;-2.28004;-22.1971;10.0215;-9.1358
-0.383409;-0.114008;0;-2.27264;-22.1239;9.98899;-9.10617
-0.381946;-0.118817;0;-2.26525;-22.0507;9.9565;-9.07655
-0.380423;-0.123607;0;-2.25785;-21.9776;9.92402;-9.04694
-0.378839;-0.128377;0;-2.25009;-21.9009;9.88994;-9.01587
-0.377196;-0.133128;0;-2.23905;-21.792;9.84144;-8.97166
-0.375494;-0.137857;0;-2.228;-21.6829;9.7929;-8.92741
-0.373732;-0.142565;0;-2.21694;-21.5739;9.74434;-8.88314
-0.371911;-0.14725;0;-2.20479;-21.454;9.69098;-8.8345
-0.370031;-0.151912;0;-2.19249;-21.3326;9.63696;-8.78525
-0.368093;-0.156549;0;-2.18019;-21.2112;9.58291;-8.73598
-0.366096;-0.161163;0;-2.16788;-21.0897;9.52883;-8.68668
-0.364042;-0.16575;0;-2.15556;-20.9681;9.47475;-8.63737
-0.361931;-0.170312;0;-2.14325;-20.8466;9.42066;-8.58806
-0.359762;-0.174846;0;-2.13093;-20.7251;9.36657;-8.53876
-0.357537;-0.179353;0;-2.11862;-20.6036;9.3125;-8.48946
-0.355255;-0.183832;0;-2.10482;-20.4677;9.25188;-8.4342
-0.352916;-0.188282;0;-2.0907;-20.3288;9.18985;-8.37766
-0.350523;-0.192701;0;-2.07595;-20.1836;9.12502;-8.31855
-0.348074;-0.197091;0;-2.06032;-20.0301;9.05638;-8.25598
-0.345569;-0.201449;0;-2.04469;-19.8764;8.98771;-8.19338
-0.343011;-0.205776;0;-2.02905;-19.7227;8.91902;-8.13076
-0.340398;-0.21007;0;-2.01342;-19.569;8.85032;-8.06813
-0.337731;-0.214331;0;-1.99778;-19.4152;8.78161;-8.0055
-0.335011;-0.218558;0;-1.98214;-19.2615;8.71292;-7.94287
-0.332238;-0.22275;0;-1.96651;-19.1079;8.64424;-7.88027
-0.329413;-0.226908;0;-1.95088;-18.9543;8.5756;-7.81769
-0.326536;-0.231029;0;-1.93476;-18.7957;8.50475;-7.75311
-0.323607;-0.235114;0;-1.9184;-18.6349;8.43292;-7.68762
-0.320627;-0.239162;0;-1.90206;-18.4741;8.36112;-7.62217
-0.317596;-0.243172;0;-1.88568;-18.3131;8.28917;-7.55658
-0.314515;-0.247144;0;-1.86679;-18.128;8.20618;-7.48092
-0.311385;-0.251077;0;-1.8467;-17.9312;8.11792;-7.40046
-0.308205;-0.25497;0;-1.8266;-17.7343;8.02959;-7.31993
-0.304977;-0.258822;0;-1.80648;-17.5372;7.9412;-7.23936
-0.301701;-0.262634;0;-1.78635;-17.34;7.85276;-7.15874
-0.298376;-0.266405;0;-1.76622;-17.1428;7.76429;-7.07809
-0.295005;-0.270133;0;-1.74608;-16.9455;7.67581;-6.99742
-0.291587;-0.273819;0;-1.72594;-16.7482;7.58732;-6.91676
-0.288124;-0.277461;0;-1.7058;-16.551;7.49884;-6.8361
-0.284614;-0.28106;0;-1.68567;-16.3537;7.41039;-6.75546
-0.28106;-0.284614;0;-1.66555;-16.1566;7.32197;-6.67486
-0.277461;-0.288124;0;-1.64453;-15.9513;7.2296;-6.59065
-0.273819;-0.291587;0;-1.62304;-15.7414;7.13517;-6.50456
-0.270133;-0.295005;0;-1.60053;-15.5218;7.03625;-6.41439
-0.266405;-0.298376;0;-1.5775;-15.2971;6.93506;-6.32214
-0.262634;-0.301701;0;-1.55446;-15.0724;6.83382;-6.22985
-0.258822;-0.304977;0;-1.53142;-14.8475;6.73254;-6.13752
-0.25497;-0.308205;0;-1.50837;-14.6226;6.63125;-6.04518
-0.251077;-0.311385;0;-1.48532;-14.3977;6.52995;-5.95283
-0.247144;-0.314515;0;-1.46227;-14.1728;6.42866;-5.8605
-0.243172;-0.317596;0;-1.43923;-13.948;6.32741;-5.7682
-0.239162;-0.320627;0;-1.4162;-13.7233;6.2262;-5.67593
-0.235114;-0.323607;0;-1.39318;-13.4987;6.12505;-5.58372
-0.231029;-0.326536;0;-1.37018;-13.2743;6.02398;-5.49159
-0.226908;-0.329413;0;-1.34661;-13.0447;5.92041;-5.39717
-0.22275;-0.332238;0;-1.32157;-12.8009;5.81033;-5.29682
-0.218558;-0.335011;0;-1.29601;-12.5525;5.69802;-5.19443
-0.214331;-0.337731;0;-1.27021;-12.3017;5.58462;-5.09105
-0.21007;-0.340398;0;-1.2444;-12.0507;5.47116;-4.98762
-0.205776;-0.343011;0;-1.21858;-11.7997;5.35766;-4.88415
-0.201449;-0.345569;0;-1.19275;-11.5487;5.24414;-4.78067
-0.197091;-0.348074;0;-1.16692;-11.2976;5.13062;-4.67718
-0.192701;-0.350523;0;-1.14109;-11.0465;5.01711;-4.5737
-0.188282;-0.352916;0;-1.11528;-10.7956;4.90363;-4.47025
-0.183832;-0.355255;0;-1.08947;-10.5447;4.7902;-4.36684
-0.179353;-0.357537;0;-1.06368;-10.294;4.67684;-4.2635
-0.174846;-0.359762;0;-1.0379;-10.0435;4.56356;-4.16024
-0.170312;-0.361931;0;-1.01119;-9.78427;4.44612;-4.05317
-0.16575;-0.364042;0;-0.983588;-9.51681;4.3248;-3.94258
-0.161163;-0.366096;0;-0.955707;-9.24663;4.20225;-3.83085
-0.156549;-0.368093;0;-0.927809;-8.97627;4.07961;-3.71905
-0.151912;-0.370031;0;-0.899897;-8.70579;3.95691;-3.6072
-0.14725;-0.371911;0;-0.871976;-8.43521;3.83417;-3.49531
-0.142565;-0.373732;0;-0.844049;-8.16459;3.71141;-3.3834
-0.137857;-0.375494;0;-0.816123;-7.89396;3.58865;-3.27149
-0.133128;-0.377196;0;-0.7882;-7.62337;3.46591;-3.1596
-0.128377;-0.378839;0;-0.760286;-7.35286;3.34321;-3.04773
-0.123607;-0.380423;0;-0.732385;-7.08248;3.22056;-2.93592
-0.118817;-0.381946;0;-0.704501;-6.81226;3.09798;-2.82418
-0.114008;-0.383409;0;-0.676639;-6.54225;2.9755;-2.71253
-0.109181;-0.384811;0;-0.648831;-6.27279;2.85326;-2.60109
-0.104337;-0.386153;0;-0.619699;-5.99104;2.72519;-2.48434
-0.099476;-0.387433;0;-0.590503;-5.70869;2.59684;-2.36733
-0.0945996;-0.388653;0;-0.561291;-5.42619;2.46842;-2.25026
-0.0897083;-0.389811;0;-0.532067;-5.14358;2.33994;-2.13314
-0.0848028;-0.390907;0;-0.502857;-4.8611;2.21153;-2.01608
-0.079884;-0.391942;0;-0.473593;-4.57809;2.08288;-1.8988
-0.0749525;-0.392915;0;-0.444311;-4.2949;1.95415;-1.78144
-0.0700092;-0.393826;0;-0.415032;-4.01175;1.82543;-1.6641
-0.0650549;-0.394674;0;-0.385762;-3.72868;1.69675;-1.54679
-0.0600902;-0.395461;0;-0.356506;-3.44575;1.56813;-1.42954
-0.0551161;-0.396185;0;-0.327267;-3.16299;1.4396;-1.31237
-0.0501333;-0.396846;0;-0.297757;-2.87779;1.30986;-1.19409
-0.0451426;-0.397445;0;-0.26798;-2.5901;1.17895;-1.07475
-0.0401447;-0.39798;0;-0.238187;-2.30224;1.04796;-0.955343
-0.0351405;-0.398453;0;-0.208381;-2.01426;0.916923;-0.835886
-0.0301307;-0.398864;0;-0.178616;-1.72669;0.786065;-0.716593
-0.0251162;-0.399211;0;-0.148782;-1.43843;0.654901;-0.597021
-0.0200977;-0.399495;0;-0.118946;-1.15016;0.523728;-0.477441
-0.0150761;-0.399716;0;-0.0891119;-0.861916;0.392567;-0.357872
-0.010052;-0.399874;0;-0.0592857;-0.573742;0.261438;-0.238333
-0.00502642;-0.399968;0;-0.0294716;-0.285686;0.130363;-0.118842
-7.34788e-17;-0.4;0;0.000325576;0.00220647;-0.000637397;0.000581064
0.00502642;-0.399968;0;0.0298889;0.287847;-0.13061;0.119067
0.010052;-0.399874;0;0.0595714;0.574655;-0.261107;0.238031
0.0150761;-0.399716;0;0.0892786;0.861701;-0.391713;0.357093
0.0200977;-0.399495;0;0.119006;1.14894;-0.522406;0.476236
0.0251162;-0.399211;0;0.148748;1.43633;-0.653168;0.595441
0.0301307;-0.398864;0;0.178501;1.72382;-0.783975;0.714688
0.0351405;-0.398453;0;0.208261;2.01137;-0.914809;0.833959
0.0401447;-0.39798;0;0.238021;2.29893;-1.04565;0.953235
0.0451426;-0.397445;0;0.267778;2.58646;-1.17647;1.0725
0.0501333;-0.396846;0;0.297527;2.8739;-1.30726;1.19173
0.0551161;-0.396185;0;0.327118;3.15977;-1.43736;1.31032
0.0600902;-0.395461;0;0.356813;3.44664;-1.56791;1.42934
0.0650549;-0.394674;0;0.385727;3.72627;-1.69502;1.54521
0.0700092;-0.393826;0;0.4151;4.01036;-1.82415;1.66293
0.0749525;-0.392915;0;0.444476;4.29448;-1.95329;1.78066
0.079884;-0.391942;0;0.47385;4.57858;-2.08242;1.89838
0.0848028;-0.390907;0;0.502583;4.85648;-2.20874;2.01353
0.0897083;-0.389811;0;0.531542;5.13659;-2.33605;2.12959
0.0945996;-0.388653;0;0.560509;5.41677;-2.4634;2.24568
0.099476;-0.387433;0;0.589479;5.69698;-2.59076;2.36179
0.104337;-0.386153;0;0.618448;5.97717;-2.71811;2.47789
0.109181;-0.384811;0;0.64741;6.25731;-2.84544;2.59396
0.114008;-0.383409;0;0.676362;6.53735;-2.97272;2.70999
0.118817;-0.381946;0;0.704018;6.80518;-3.09429;2.82082
0.123607;-0.380423;0;0.731992;7.07629;-3.21726;2.93292
0.128377;-0.378839;0;0.759981;7.34754;-3.3403;3.04508
0.133128;-0.377196;0;0.78798;7.61889;-3.46338;3.15729
0.137857;-0.375494;0;0.815986;7.89029;-3.58648;3.26951
0.142565;-0.373732;0;0.843992;8.16171;-3.7096;3.38174
0.14725;-0.371911;0;0.871995;8.4331;-3.83269;3.49396
0.151912;-0.370031;0;0.899991;8.70442;-3.95576;3.60615
0.156549;-0.368093;0;0.927976;8.97563;-4.07877;3.71829
0.161163;-0.366096;0;0.955944;9.24667;-4.20172;3.83037
0.16575;-0.364042;0;0.983891;9.51752;-4.32457;3.94237
0.170312;-0.361931;0;1.01134;9.78364;-4.44525;4.05238
0.174846;-0.359762;0;1.03803;10.0425;-4.56254;4.15931
0.179353;-0.357537;0;1.06392;10.2942;-4.67634;4.26305
0.183832;-0.355255;0;1.08983;10.546;-4.79021;4.36685
0.188282;-0.352916;0;1.11575;10.7979;-4.90414;4.47071
0.192701;-0.350523;0;1.14167;11.0499;-5.01811;4.57461
0.197091;-0.348074;0;1.16761;11.302;-5.13209;4.67852
0.201449;-0.345569;0;1.19354;11.5541;-5.24609;4.78244
0.205776;-0.343011;0;1.21948;11.8061;-5.36006;4.88634
0.21007;-0.340398;0;1.2454;12.0581;-5.47401;4.99022
0.214331;-0.337731;0;1.27131;12.3099;-5.5879;5.09404
0.218558;-0.335011;0;1.29721;12.5616;-5.70172;5.19781
0.22275;-0.332238;0;1.32309;12.8131;-5.81546;5.30149
0.226908;-0.329413;0;1.34789;13.0546;-5.92449;5.40089
0.231029;-0.326536;0;1.37101;13.2801;-6.0261;5.49351
0.235114;-0.323607;0;1.39415;13.5058;-6.12778;5.58621
0.239162;-0.320627;0;1.41731;13.7317;-6.22954;5.67897
0.243172;-0.317596;0;1.44047;13.9577;-6.33135;5.77178
0.247144;-0.314515;0;1.46365;14.1837;-6.43319;5.86463
0.251077;-0.311385;0;1.48682;14.4098;-6.53505;5.95749
0.25497;-0.308205;0;1.51;14.6359;-6.63692;6.05035
0.258822;-0.304977;0;1.53318;14.862;-6.73877;6.1432
0.262634;-0.301701;0;1.55635;15.0881;-6.84059;6.23603
0.266405;-0.298376;0;1.57951;15.314;-6.94237;6.32881
0.270133;-0.295005;0;1.60266;15.5398;-7.04409;6.42154
0.273819;-0.291587;0;1.62578;15.7654;-7.14574;6.5142
0.277461;-0.288124;0;1.64848;15.9868;-7.24549;6.60513
0.28106;-0.284614;0;1.66888;16.1864;-7.33512;6.68684
0.284614;-0.28106;0;1.68879;16.3814;-7.42262;6.76661
0.288124;-0.277461;0;1.70872;16.5765;-7.51016;6.84641
0.291587;-0.273819;0;1.72865;16.7716;-7.59773;6.92625
0.295005;-0.270133;0;1.74858;16.9668;-7.68533;7.0061
0.298376;-0.266405;0;1.76852;17.1621;-7.77292;7.08595
0.301701;-0.262634;0;1.78845;17.3572;-7.86051;7.1658
0.304977;-0.258822;0;1.80838;17.5524;-7.94807;7.24563
0.308205;-0.25497;0;1.8283;17.7474;-8.0356;7.32542
0.311385;-0.251077;0;1.84821;17.9424;-8.12307;7.40516
0.314515;-0.247144;0;1.8681;18.1372;-8.21048;7.48485
0.317596;-0.243172;0;1.88732;18.3255;-8.29495;7.56184
0.320627;-0.239162;0;1.90341;18.4836;-8.36563;7.62628
0.323607;-0.235114;0;1.91951;18.6419;-8.43637;7.69077
0.326536;-0.231029;0;1.93562;18.8002;-8.50716;7.7553
0.329413;-0.226908;0;1.95175;18.9587;-8.57798;7.81986
0.332238;-0.22275;0;1.96787;19.1172;-8.64883;7.88445
0.335011;-0.218558;0;1.984;19.2757;-8.71969;7.94905
0.337731;-0.214331;0;2.00013;19.4342;-8.79056;8.01365
0.340398;-0.21007;0;2.01626;19.5927;-8.86142;8.07825
0.343011;-0.205776;0;2.03238;19.7512;-8.93225;8.14282
0.345569;-0.201449;0;2.0485;19.9096;-9.00306;8.20737
0.348074;-0.197091;0;2.06461;20.0679;-9.07383;8.27189
0.350523;-0.192701;0;2.0807;20.2261;-9.14454;8.33635
0.352916;-0.188282;0;2.09678;20.3841;-9.21519;8.40075
0.355255;-0.183832;0;2.11079;20.522;-9.27672;8.45685
0.357537;-0.179353;0;2.12275;20.6399;-9.32924;8.50472
0.359762;-0.174846;0;2.13471;20.7579;-9.38178;8.55262
0.361931;-0.170312;0;2.14614;20.8707;-9.43202;8.59842
0.364042;-0.16575;0;2.1575;20.9827;-9.4819;8.6439
0.366096;-0.161163;0;2.16886;21.0947;-9.53181;8.68939
0.368093;-0.156549;0;2.18022;21.2067;-9.58171;8.73489
0.370031;-0.151912;0;2.19158;21.3188;-9.63162;8.78038
0.371911;-0.14725;0;2.20294;21.4308;-9.68151;8.82587
0.373732;-0.142565;0;2.2143;21.5428;-9.73139;8.87133
0.375494;-0.137857;0;2.22564;21.6547;-9.78124;8.91678
0.377196;-0.133128;0;2.23699;21.7665;-9.83106;8.96219
0.378839;-0.128377;0;2.24827;21.8778;-9.88061;9.00737
0.380423;-0.123607;0;2.25843;21.9781;-9.92526;9.04807
0.381946;-0.118817;0;2.26578;22.0508;-9.95751;9.07747
0.383409;-0.114008;0;2.27312;22.1235;-9.98978;9.10689
0.384811;-0.109181;0;2.28047;22.1962;-10.0221;9.13631
0.386153;-0.104337;0;2.28745;22.2653;-10.0527;9.16424
0.387433;-0.099476;0;2.29374;22.3275;-10.0803;9.18942
0.388653;-0.0945996;0;2.30003;22.3897;-10.1079;9.2146
0.389811;-0.0897083;0;2.30632;22.452;-10.1356;9.23979
0.390907;-0.0848028;0;2.31261;22.5142;-10.1632;9.26498
0.391942;-0.079884;0;2.31891;22.5764;-10.1908;9.29017
0.392915;-0.0749525;0;2.32519;22.6387;-10.2184;9.31534
0.393826;-0.0700092;0;2.33148;22.7009;-10.2461;9.34051
0.394674;-0.0650549;0;2.33776;22.763;-10.2736;9.36566
0.395461;-0.0600902;0;2.34404;22.8251;-10.3012;9.3908
0.396185;-0.0551161;0;2.34785;22.8629;-10.3179;9.40603
0.396846;-0.0501333;0;2.35069;22.8911;-10.3304;9.41739
0.397445;-0.0451426;0;2.35353;22.9194;-10.3429;9.42876
0.39798;-0.0401447;0;2.35553;22.9394;-10.3516;9.43677
0.398453;-0.0351405;0;2.35684;22.9524;-10.3574;9.442
0.398864;-0.0301307;0;2.35815;22.9655;-10.3631;9.44723
0.399211;-0.0251162;0;2.35946;22.9786;-10.3689;9.45246
0.399495;-0.0200977;0;2.36077;22.9916;-10.3746;9.45769
0.399716;-0.0150761;0;2.36208;23.0047;-10.3803;9.46293
0.399874;-0.010052;0;2.36339;23.0178;-10.3861;9.46816
0.399968;-0.00502642;0;2.3647;23.0308;-10.3918;9.47339
