0.4;0;0;2.36051;22.9916;-10.3975;9.47853
0.399968;0.00502642;0;2.35916;22.9784;-10.3915;9.47309
0.399874;0.010052;0;2.35778;22.965;-10.3854;9.46754
0.399716;0.0150761;0;2.3564;22.9515;-10.3793;9.46199
0.399495;0.0200977;0;2.35502;22.9381;-10.3732;9.45644
0.399211;0.0251162;0;2.35364;22.9246;-10.3671;9.45089
0.398864;0.0301307;0;2.35226;22.9111;-10.361;9.44534
0.398453;0.0351405;0;2.35088;22.8977;-10.355;9.43979
0.39798;0.0401447;0;2.34951;22.8842;-10.3489;9.43425
0.397445;0.0451426;0;2.34697;22.8594;-10.3377;9.42406
0.396846;0.0501333;0;2.34383;22.8285;-10.3238;9.41143
0.396185;0.0551161;0;2.34068;22.7976;-10.31;9.3988
0.395461;0.0600902;0;2.33754;22.7667;-10.2961;9.38617
0.394674;0.0650549;0;2.3319;22.7111;-10.2713;9.36354
0.393826;0.0700092;0;2.32574;22.6502;-10.2442;9.33879
0.392915;0.0749525;0;2.31957;22.5893;-10.217;9.31402
0.391942;0.079884;0;2.31339;22.5283;-10.1898;9.28924
0.390907;0.0848028;0;2.30722;22.4673;-10.1626;9.26445
0.389811;0.0897083;0;2.30104;22.4064;-10.1354;9.23966
0.388653;0.0945996;0;2.29487;22.3454;-10.1082;9.21487
0.387433;0.099476;0;2.28869;22.2844;-10.081;9.19008
0.386153;0.104337;0;2.28218;22.2201;-10.0524;9.16394
0.384811;0.109181;0;2.27457;22.145;-10.0189;9.13341
0.383409;0.114008;0;2.26697;22.0699;-9.98538;9.10287
0.381946;0.118817;0;2.25936;21.9948;-9.95189;9.07235
0.380423;0.123607;0;2.25176;21.9197;-9.91841;9.04183
0.378839;0.128377;0;2.24187;21.8221;-9.87486;9.00212
0.377196;0.133128;0;2.23049;21.7098;-9.82477;8.95646
0.375494;0.137857;0;2.21916;21.598;-9.7749;8.911
0.373732;0.142565;0;2.20783;21.4862;-9.72504;8.86554
0.371911;0.14725;0;2.1965;21.3743;-9.67515;8.82006
0.370031;0.151912;0;2.18516;21.2624;-9.62524;8.77457
0.368093;0.156549;0;2.17382;21.1505;-9.57532;8.72906
0.366096;0.161163;0;2.16248;21.0386;-9.52541;8.68356
0.364042;0.16575;0;2.15115;20.9267;-9.4755;8.63806
0.361931;0.170312;0;2.13981;20.8148;-9.4256;8.59257
0.359762;0.174846;0;2.12848;20.703;-9.37573;8.5471
0.357537;0.179353;0;2.11716;20.5912;-9.32588;8.50167
0.355255;0.183832;0;2.10584;20.4796;-9.27608;8.45626
0.352916;0.188282;0;2.09216;20.3447;-9.21582;8.40133
0.350523;0.192701;0;2.07613;20.1871;-9.14527;8.33702
0.348074;0.197091;0;2.0601;20.0293;-9.07466;8.27265
0.345569;0.201449;0;2.04405;19.8715;-9.004;8.20823
0.343011;0.205776;0;2.02799;19.7135;-8.93329;8.14377
0.340398;0.21007;0;2.01192;19.5554;-8.86256;8.07929
0.337731;0.214331;0;1.99585;19.3973;-8.7918;8.01479
0.335011;0.218558;0;1.97978;19.2392;-8.72104;7.95028
0.332238;0.22275;0;1.9637;19.0811;-8.65028;7.88577
0.329413;0.226908;0;1.94763;18.9231;-8.57953;7.82128
0.326536;0.231029;0;1.93157;18.765;-8.50881;7.75681
0.323607;0.235114;0;1.9155;18.6069;-8.43804;7.69229
0.320627;0.239162;0;1.89938;18.4483;-8.36706;7.62759
0.317596;0.243172;0;1.88327;18.2899;-8.29614;7.56293
0.314515;0.247144;0;1.86485;18.1091;-8.21503;7.48899
0.311385;0.251077;0;1.84503;17.9149;-8.12775;7.40943
0.308205;0.25497;0;1.82519;17.7206;-8.04041;7.3298
0.304977;0.258822;0;1.80533;17.526;-7.95297;7.25009
0.301701;0.262634;0;1.78545;17.3312;-7.8654;7.17026
0.298376;0.266405;0;1.76554;17.1361;-7.77775;7.09036
0.295005;0.270133;0;1.74562;16.9409;-7.69;7.01036
0.291587;0.273819;0;1.72569;16.7456;-7.60224;6.93036
0.288124;0.277461;0;1.70576;16.5504;-7.5145;6.85037
0.284614;0.28106;0;1.68584;16.3552;-7.42679;6.77041
0.28106;0.284614;0;1.66593;16.1601;-7.33912;6.69049
0.277461;0.288124;0;1.64572;15.9621;-7.25009;6.60933
0.273819;0.291587;0;1.62267;15.7372;-7.14859;6.5168
0.270133;0.295005;0;1.59961;15.5121;-7.047;6.42419
0.266405;0.298376;0;1.57652;15.2869;-6.94533;6.3315
0.262634;0.301701;0;1.55342;15.0615;-6.8436;6.23876
0.258822;0.304977;0;1.53032;14.836;-6.74182;6.14598
0.25497;0.308205;0;1.5072;14.6104;-6.64002;6.05318
0.251077;0.311385;0;1.48408;14.3847;-6.53816;5.96032
0.247144;0.314515;0;1.46095;14.159;-6.43629;5.86745
0.243172;0.317596;0;1.4378;13.9331;-6.33433;5.77451
0.239162;0.320627;0;1.41466;13.7073;-6.23241;5.68159
0.235114;0.323607;0;1.39153;13.4816;-6.13054;5.58873
0.231029;0.326536;0;1.36841;13.256;-6.02873;5.49592
0.226908;0.329413;0;1.34532;13.0306;-5.92701;5.40318
0.22275;0.332238;0;1.32079;12.7918;-5.81898;5.30471
0.218558;0.335011;0;1.29496;12.5407;-5.7052;5.20098
0.214331;0.337731;0;1.26911;12.2894;-5.59133;5.09717
0.21007;0.340398;0;1.24325;12.038;-5.47739;4.9933
0.205776;0.343011;0;1.21737;11.7864;-5.3634;4.88939
0.201449;0.345569;0;1.19149;11.5348;-5.24938;4.78544
0.197091;0.348074;0;1.1656;11.2831;-5.13533;4.68148
0.192701;0.350523;0;1.13971;11.0315;-5.02129;4.57751
0.188282;0.352916;0;1.11383;10.7798;-4.90727;4.47357
0.183832;0.355255;0;1.08795;10.5283;-4.79329;4.36966
0.179353;0.357537;0;1.06209;10.2769;-4.67936;4.2658
0.174846;0.359762;0;1.03625;10.0256;-4.56551;4.16201
0.170312;0.361931;0;1.01007;9.77136;-4.45019;4.05688
0.16575;0.364042;0;0.982145;9.50068;-4.32716;3.94472
0.161163;0.366096;0;0.954083;9.22868;-4.20352;3.83202
0.156549;0.368093;0;0.925994;8.9564;-4.07976;3.7192
0.151912;0.370031;0;0.89788;8.68388;-3.9559;3.60628
0.14725;0.371911;0;0.869747;8.41118;-3.83195;3.49329
0.142565;0.373732;0;0.841599;8.13833;-3.70794;3.38023
0.137857;0.375494;0;0.81344;7.86538;-3.58387;3.26713
0.133128;0.377196;0;0.785275;7.59237;-3.45978;3.15401
0.128377;0.378839;0;0.757108;7.31935;-3.33569;3.04088
0.123607;0.380423;0;0.728944;7.04635;-3.2116;2.92776
0.118817;0.381946;0;0.701471;6.78031;-3.09056;2.81741
0.114008;0.383409;0;0.672635;6.50138;-2.9635;2.70159
0.109181;0.384811;0;0.643787;6.22233;-2.83639;2.58571
0.104337;0.386153;0;0.614931;5.9432;-2.70924;2.4698
0.099476;0.387433;0;0.586071;5.66404;-2.58208;2.35388
0.0945996;0.388653;0;0.557213;5.38489;-2.45493;2.23796
0.0897083;0.389811;0;0.52836;5.1058;-2.3278;2.12207
0.0848028;0.390907;0;0.499517;4.8268;-2.20071;2.00621
0.079884;0.391942;0;0.470689;4.54795;-2.07369;1.89042
0.0749525;0.392915;0;0.44188;4.26928;-1.94675;1.7747
0.0700092;0.393826;0;0.413095;3.99084;-1.81992;1.65907
0.0650549;0.394674;0;0.384338;3.71268;-1.69321;1.54357
0.0600902;0.395461;0;0.355615;3.43483;-1.56665;1.42819
0.0551161;0.396185;0;0.326929;3.15735;-1.44025;1.31296
0.0501333;0.396846;0;0.297413;2.87213;-1.31019;1.1944
0.0451426;0.397445;0;0.267742;2.58546;-1.17945;1.07521
0.0401447;0.39798;0;0.238037;2.29847;-1.04856;0.955888
0.0351405;0.398453;0;0.208303;2.01119;-0.917538;0.836446
0.0301307;0.398864;0;0.178545;1.72367;-0.786408;0.716906
0.0251162;0.399211;0;0.148766;1.43596;-0.655192;0.597286
0.0200977;0.399495;0;0.118973;1.14811;-0.523908;0.477606
0.0150761;0.399716;0;0.089169;0.860154;-0.392579;0.357883
0.010052;0.399874;0;0.0593594;0.572144;-0.261225;0.238138
0.00502642;0.399968;0;0.0295487;0.284125;-0.129866;0.118389
2.44929e-17;0.4;0;-0.000258189;-0.00385852;0.00147643;-0.00134594
-0.00502642;0.399968;0;-0.0300567;-0.291761;0.132782;-0.121047
-0.010052;0.399874;0;-0.0598421;-0.579537;0.264029;-0.240695
-0.0150761;0.399716;0;-0.0896097;-0.86714;0.395199;-0.360271
-0.0200977;0.399495;0;-0.119355;-1.15453;0.526268;-0.479757
-0.0251162;0.399211;0;-0.149073;-1.44165;0.657218;-0.599134
-0.0301307;0.398864;0;-0.178759;-1.72846;0.788028;-0.718382
-0.0351405;0.398453;0;-0.208158;-2.01255;0.917577;-0.836482
-0.0401447;0.39798;0;-0.237431;-2.29553;1.04657;-0.954072
-0.0451426;0.397445;0;-0.266709;-2.57859;1.17557;-1.07168
-0.0501333;0.396846;0;-0.29601;-2.86188;1.30468;-1.18938
-0.0551161;0.396185;0;-0.32533;-3.14536;1.43388;-1.30715
-0.0600902;0.395461;0;-0.354664;-3.42897;1.56313;-1.42499
-0.0650549;0.394674;0;-0.384009;-3.71267;1.69243;-1.54286
-0.0700092;0.393826;0;-0.413358;-3.99642;1.82175;-1.66075
-0.0749525;0.392915;0;-0.442707;-4.28018;1.95108;-1.77864
-0.079884;0.391942;0;-0.472052;-4.56389;2.08038;-1.89652
-0.0848028;0.390907;0;-0.501388;-4.84752;2.20965;-2.01436
-0.0897083;0.389811;0;-0.530711;-5.13102;2.33885;-2.13214
-0.0945996;0.388653;0;-0.560016;-5.41434;2.46797;-2.24986
-0.099476;0.387433;0;-0.589297;-5.69744;2.597;-2.36748
-0.104337;0.386153;0;-0.618174;-5.97676;2.72424;-2.48347
-0.109181;0.384811;0;-0.646329;-6.24944;2.84829;-2.59656
-0.114008;0.383409;0;-0.674261;-6.5201;2.97136;-2.70875
-0.118817;0.381946;0;-0.702215;-6.79098;3.09452;-2.82103
-0.123607;0.380423;0;-0.730186;-7.06203;3.21776;-2.93338
-0.128377;0.378839;0;-0.75817;-7.33319;3.34106;-3.04578
-0.133128;0.377196;0;-0.786163;-7.60444;3.46439;-3.15821
-0.137857;0.375494;0;-0.814159;-7.87573;3.58774;-3.27066
-0.142565;0.373732;0;-0.842155;-8.14701;3.71109;-3.3831
-0.14725;0.371911;0;-0.870146;-8.41825;3.83441;-3.49553
-0.151912;0.370031;0;-0.89801;-8.68826;3.95718;-3.60744
-0.156549;0.368093;0;-0.925885;-8.95835;4.07999;-3.7194
-0.161163;0.366096;0;-0.953744;-9.22829;4.20274;-3.8313
-0.16575;0.364042;0;-0.981585;-9.49805;4.3254;-3.94312
-0.170312;0.361931;0;-1.0094;-9.76758;4.44796;-4.05485
-0.174846;0.359762;0;-1.03615;-10.027;4.56581;-4.16228
-0.179353;0.357537;0;-1.06184;-10.2767;4.67898;-4.26545
-0.183832;0.355255;0;-1.08755;-10.5266;4.79223;-4.3687
-0.188282;0.352916;0;-1.11327;-10.7767;4.90556;-4.47201
-0.192701;0.350523;0;-1.13901;-11.0268;5.01893;-4.57536
-0.197091;0.348074;0;-1.16475;-11.277;5.13234;-4.67875
-0.201449;0.345569;0;-1.1905;-11.5273;5.24576;-4.78214
-0.205776;0.343011;0;-1.21624;-11.7775;5.35918;-4.88554
-0.21007;0.340398;0;-1.24199;-12.0277;5.47258;-4.98891
-0.214331;0.337731;0;-1.26772;-12.2778;5.58594;-5.09225
-0.218558;0.335011;0;-1.29344;-12.5278;5.69924;-5.19554
-0.22275;0.332238;0;-1.31881;-12.7746;5.81103;-5.29745
-0.226908;0.329413;0;-1.34382;-13.018;5.9212;-5.39789
-0.231029;0.326536;0;-1.36661;-13.2403;6.02155;-5.48937
-0.235114;0.323607;0;-1.38971;-13.4656;6.12329;-5.58211
-0.239162;0.320627;0;-1.41282;-13.6911;6.22509;-5.67492
-0.243172;0.317596;0;-1.43594;-13.9167;6.32695;-5.76778
-0.247144;0.314515;0;-1.45908;-14.1424;6.42884;-5.86066
-0.251077;0.311385;0;-1.48221;-14.3681;6.53075;-5.95357
-0.25497;0.308205;0;-1.50535;-14.5939;6.63267;-6.04648
-0.258822;0.304977;0;-1.52849;-14.8196;6.73457;-6.13937
-0.262634;0.301701;0;-1.55161;-15.0452;6.83644;-6.23224
-0.266405;0.298376;0;-1.57473;-15.2708;6.93827;-6.32507
-0.270133;0.295005;0;-1.59784;-15.4962;7.04004;-6.41784
-0.273819;0.291587;0;-1.62092;-15.7214;7.14173;-6.51054
-0.277461;0.288124;0;-1.6426;-15.933;7.2372;-6.59758
-0.28106;0.284614;0;-1.66324;-16.1348;7.3281;-6.68044
-0.284614;0.28106;0;-1.68328;-16.331;7.41633;-6.76088
-0.288124;0.277461;0;-1.70332;-16.5273;7.5046;-6.84135
-0.291587;0.273819;0;-1.72337;-16.7237;7.59289;-6.92184
-0.295005;0.270133;0;-1.74342;-16.9201;7.6812;-7.00234
-0.298376;0.266405;0;-1.76347;-17.1165;7.7695;-7.08284
-0.301701;0.262634;0;-1.78352;-17.3128;7.85779;-7.16332
-0.304977;0.258822;0;-1.80356;-17.5091;7.94605;-7.24378
-0.308205;0.25497;0;-1.82359;-17.7053;8.03426;-7.32419
-0.311385;0.251077;0;-1.84361;-17.9014;8.12241;-7.40456
-0.314515;0.247144;0;-1.86361;-18.0973;8.21049;-7.48485
-0.317596;0.243172;0;-1.88228;-18.2803;8.2927;-7.5598
-0.320627;0.239162;0;-1.89844;-18.4391;8.36385;-7.62466
-0.323607;0.235114;0;-1.91461;-18.5981;8.43505;-7.68957
-0.326536;0.231029;0;-1.93079;-18.7572;8.5063;-7.75452
-0.329413;0.226908;0;-1.94697;-18.9164;8.57758;-7.8195
-0.332238;0.22275;0;-1.96317;-19.0756;8.64888;-7.8845
-0.335011;0.218558;0;-1.97936;-19.2348;8.72019;-7.9495
-0.337731;0.214331;0;-1.99531;-19.3916;8.7904;-8.01351
-0.340398;0.21007;0;-2.01126;-19.5484;8.86063;-8.07754
-0.343011;0.205776;0;-2.02721;-19.7052;8.93086;-8.14155
-0.345569;0.201449;0;-2.04315;-19.8619;9.00106;-8.20555
-0.348074;0.197091;0;-2.05908;-20.0186;9.07122;-8.26951
-0.350523;0.192701;0;-2.07501;-20.1751;9.14134;-8.33343
-0.352916;0.188282;0;-2.09092;-20.3315;9.21139;-8.3973
-0.355255;0.183832;0;-2.10528;-20.4729;9.27464;-8.45495
-0.357537;0.179353;0;-2.11715;-20.5899;9.32689;-8.50258
-0.359762;0.174846;0;-2.12907;-20.7074;9.37934;-8.5504
-0.361931;0.170312;0;-2.14098;-20.825;9.43181;-8.59823
-0.364042;0.16575;0;-2.1529;-20.9426;9.48428;-8.64607
-0.366096;0.161163;0;-2.16482;-21.0601;9.53676;-8.6939
-0.368093;0.156549;0;-2.17674;-21.1777;9.58922;-8.74173
-0.370031;0.151912;0;-2.18865;-21.2952;9.64166;-8.78953
-0.371911;0.14725;0;-2.20055;-21.4126;9.69408;-8.83732
-0.373732;0.142565;0;-2.21245;-21.53;9.74646;-8.88507
-0.375494;0.137857;0;-2.22434;-21.6472;9.7988;-8.93278
-0.377196;0.133128;0;-2.23587;-21.761;9.84958;-8.97907
-0.378839;0.128377;0;-2.24391;-21.8404;9.88497;-9.01134
-0.380423;0.123607;0;-2.25135;-21.914;9.9177;-9.04118
-0.381946;0.118817;0;-2.25879;-21.9875;9.95046;-9.07104
-0.383409;0.114008;0;-2.26623;-22.0611;9.98323;-9.10092
-0.384811;0.109181;0;-2.27368;-22.1347;10.016;-9.1308
-0.386153;0.104337;0;-2.28113;-22.2084;10.0488;-9.1607
-0.387433;0.099476;0;-2.28858;-22.282;10.0816;-9.19059
-0.388653;0.0945996;0;-2.29603;-22.3557;10.1144;-9.22048
-0.389811;0.0897083;0;-2.30347;-22.4293;10.1472;-9.25036
-0.390907;0.0848028;0;-2.31092;-22.5029;10.1799;-9.28023
-0.391942;0.079884;0;-2.31835;-22.5764;10.2127;-9.31008
-0.392915;0.0749525;0;-2.32579;-22.6499;10.2454;-9.33991
-0.393826;0.0700092;0;-2.33321;-22.7233;10.2781;-9.36971
-0.394674;0.0650549;0;-2.34057;-22.7961;10.3105;-9.39924
-0.395461;0.0600902;0;-2.34349;-22.825;10.3233;-9.41096
-0.396185;0.0551161;0;-2.34595;-22.8493;10.3342;-9.42082
-0.396846;0.0501333;0;-2.34841;-22.8736;10.345;-9.43069
-0.397445;0.0451426;0;-2.35086;-22.898;10.3558;-9.44056
-0.39798;0.0401447;0;-2.35332;-22.9223;10.3666;-9.45042
-0.398453;0.0351405;0;-2.35572;-22.946;10.3772;-9.46004
-0.398864;0.0301307;0;-2.35804;-22.969;10.3874;-9.46937
-0.399211;0.0251162;0;-2.36035;-22.9918;10.3975;-9.47862
-0.399495;0.0200977;0;-2.36265;-23.0146;10.4077;-9.48786
-0.399716;0.0150761;0;-2.36495;-23.0374;10.4178;-9.49709
-0.399874;0.010052;0;-2.36725;-23.0601;10.4279;-9.50631
-0.399968;0.00502642;0;-2.36954;-23.0829;10.438;-9.51551
-0.4;4.89859e-17;0;-2.37183;-23.1055;10.4481;-9.52471
-0.399968;-0.00502642;0;-2.37024;-23.0898;10.4411;-9.51833
-0.399874;-0.010052;0;-2.36783;-23.0659;10.4305;-9.50864
-0.399716;-0.0150761;0;-2.36541;-23.0419;10.4198;-9.49894
-0.399495;-0.0200977;0;-2.36299;-23.0179;10.4092;-9.48922
-0.399211;-0.0251162;0;-2.36056;-22.9939;10.3985;-9.47949
-0.398864;-0.0301307;0;-2.35814;-22.9699;10.3878;-9.46975
-0.398453;-0.0351405;0;-2.35571;-22.9458;10.3771;-9.46001
-0.39798;-0.0401447;0;-2.35328;-22.9218;10.3664;-9.45026
-0.397445;-0.0451426;0;-2.35084;-22.8977;10.3557;-9.4405
-0.396846;-0.0501333;0;-2.34841;-22.8736;10.345;-9.43074
-0.396185;-0.0551161;0;-2.34598;-22.8495;10.3343;-9.42098
-0.395461;-0.0600902;0;-2.34355;-22.8254;10.3236;-9.41122
-0.394674;-0.0650549;0;-2.34111;-22.8012;10.3129;-9.40142
-0.393826;-0.0700092;0;-2.33393;-22.7302;10.2813;-9.37262
-0.392915;-0.0749525;0;-2.32657;-22.6574;10.2489;-9.34308
-0.391942;-0.079884;0;-2.3192;-22.5846;10.2164;-9.31351
-0.390907;-0.0848028;0;-2.31182;-22.5117;10.184;-9.28392
-0.389811;-0.0897083;0;-2.30445;-22.4387;10.1515;-9.25432
-0.388653;-0.0945996;0;-2.29706;-22.3657;10.119;-9.2247
-0.387433;-0.099476;0;-2.28968;-22.2927;10.0865;-9.19507
-0.386153;-0.104337;0;-2.2823;-22.2196;10.054;-9.16543
-0.384811;-0.109181;0;-2.27491;-22.1466;10.0215;-9.1358
-0.383409;-0.114008;0;-2.26753;-22.0736;9.98899;-9.10617
-0.381946;-0.118817;0;-2.26015;-22.0006;9.9565;-9.07655
-0.380423;-0.123607;0;-2.25277;-21.9276;9.92402;-9.04694
-0.378839;-0.128377;0;-2.24503;-21.8511;9.88994;-9.01587
-0.377196;-0.133128;0;-2.23401;-21.7424;9.84144;-8.97166
-0.375494;-0.137857;0;-2.22298;-21.6336;9.7929;-8.92741
-0.373732;-0.142565;0;-2.21195;-21.5248;9.74434;-8.88314
-0.371911;-0.14725;0;-2.19983;-21.4052;9.69098;-8.8345
-0.370031;-0.151912;0;-2.18756;-21.2842;9.63696;-8.78525
-0.368093;-0.156549;0;-2.17528;-21.1631;9.58291;-8.73598
-0.366096;-0.161163;0;-2.163;-21.0419;9.52883;-8.68668
-0.364042;-0.16575;0;-2.15072;-20.9207;9.47475;-8.63737
-0.361931;-0.170312;0;-2.13843;-20.7995;9.42066;-8.58806
-0.359762;-0.174846;0;-2.12614;-20.6783;9.36657;-8.53876
-0.357537;-0.179353;0;-2.11386;-20.5572;9.3125;-8.48946
-0.355255;-0.183832;0;-2.10009;-20.4216;9.25188;-8.4342
-0.352916;-0.188282;0;-2.08601;-20.2829;9.18985;-8.37766
-0.350523;-0.192701;0;-2.07128;-20.138;9.12502;-8.31855
-0.348074;-0.197091;0;-2.05569;-19.9848;9.05638;-8.25598
-0.345569;-0.201449;0;-2.0401;-19.8314;8.98771;-8.19338
-0.343011;-0.205776;0;-2.0245;-19.678;8.91902;-8.13076
-0.340398;-0.21007;0;-2.00889;-19.5246;8.85032;-8.06813
-0.337731;-0.214331;0;-1.99329;-19.3712;8.78161;-8.0055
-0.335011;-0.218558;0;-1.97769;-19.2178;8.71292;-7.94287
-0.332238;-0.22275;0;-1.96209;-19.0644;8.64424;-7.88027
-0.329413;-0.226908;0;-1.9465;-18.9112;8.5756;-7.81769
-0.326536;-0.231029;0;-1.93041;-18.7529;8.50475;-7.75311
-0.323607;-0.235114;0;-1.91409;-18.5925;8.43292;-7.68762
-0.320627;-0.239162;0;-1.89779;-18.4322;8.36112;-7.62217
-0.317596;-0.243172;0;-1.88145;-18.2715;8.28917;-7.55658
-0.314515;-0.247144;0;-1.8626;-18.0868;8.20618;-7.48092
-0.311385;-0.251077;0;-1.84256;-17.8905;8.11792;-7.40046
-0.308205;-0.25497;0;-1.8225;-17.694;8.02959;-7.31993
-0.304977;-0.258822;0;-1.80243;-17.4974;7.9412;-7.23936
-0.301701;-0.262634;0;-1.78235;-17.3007;7.85276;-7.15874
-0.298376;-0.266405;0;-1.76226;-17.1039;7.76429;-7.07809
-0.295005;-0.270133;0;-1.74216;-16.9071;7.67581;-6.99742
-0.291587;-0.273819;0;-1.72207;-16.7103;7.58732;-6.91676
-0.288124;-0.277461;0;-1.70198;-16.5135;7.49884;-6.8361
-0.284614;-0.28106;0;-1.68189;-16.3167;7.41039;-6.75546
-0.28106;-0.284614;0;-1.66182;-16.12;7.32197;-6.67486
-0.277461;-0.288124;0;-1.64084;-15.9152;7.2296;-6.59065
-0.273819;-0.291587;0;-1.6194;-15.7058;7.13517;-6.50456
-0.270133;-0.295005;0;-1.59694;-15.4867;7.03625;-6.41439
-0.266405;-0.298376;0;-1.57397;-15.2625;6.93506;-6.32214
-0.262634;-0.301701;0;-1.55098;-15.0382;6.83382;-6.22985
-0.258822;-0.304977;0;-1.52799;-14.8139;6.73254;-6.13752
-0.25497;-0.308205;0;-1.50499;-14.5895;6.63125;-6.04518
-0.251077;-0.311385;0;-1.482;-14.3651;6.52995;-5.95283
-0.247144;-0.314515;0;-1.459;-14.1407;6.42866;-5.8605
-0.243172;-0.317596;0;-1.43601;-13.9164;6.32741;-5.7682
-0.239162;-0.320627;0;-1.41303;-13.6922;6.2262;-5.67593
-0.235114;-0.323607;0;-1.39007;-13.4681;6.12505;-5.58372
-0.231029;-0.326536;0;-1.36712;-13.2442;6.02398;-5.49159
-0.226908;-0.329413;0;-1.34361;-13.0151;5.92041;-5.39717
-0.22275;-0.332238;0;-1.31862;-12.7719;5.81033;-5.29682
-0.218558;-0.335011;0;-1.29312;-12.524;5.69802;-5.19443
-0.214331;-0.337731;0;-1.26738;-12.2738;5.58462;-5.09105
-0.21007;-0.340398;0;-1.24163;-12.0234;5.47116;-4.98762
-0.205776;-0.343011;0;-1.21586;-11.773;5.35766;-4.88415
-0.201449;-0.345569;0;-1.19009;-11.5225;5.24414;-4.78067
-0.197091;-0.348074;0;-1.16432;-11.2719;5.13062;-4.67718
-0.192701;-0.350523;0;-1.13856;-11.0215;5.01711;-4.5737
-0.188282;-0.352916;0;-1.1128;-10.7711;4.90363;-4.47025
-0.183832;-0.355255;0;-1.08705;-10.5208;4.7902;-4.36684
-0.179353;-0.357537;0;-1.06132;-10.2706;4.67684;-4.2635
-0.174846;-0.359762;0;-1.0356;-10.0206;4.56356;-4.16024
-0.170312;-0.361931;0;-1.00895;-9.76205;4.44612;-4.05317
-0.16575;-0.364042;0;-0.98141;-9.49519;4.3248;-3.94258
-0.161163;-0.366096;0;-0.953594;-9.22562;4.20225;-3.83085
-0.156549;-0.368093;0;-0.925759;-8.95587;4.07961;-3.71905
-0.151912;-0.370031;0;-0.897911;-8.686;3.95691;-3.6072
-0.14725;-0.371911;0;-0.870053;-8.41603;3.83417;-3.49531
-0.142565;-0.373732;0;-0.842191;-8.14602;3.71141;-3.3834
-0.137857;-0.375494;0;-0.814328;-7.876;3.58865;-3.27149
-0.133128;-0.377196;0;-0.786469;-7.60602;3.46591;-3.1596
-0.128377;-0.378839;0;-0.758619;-7.33612;3.34321;-3.04773
-0.123607;-0.380423;0;-0.730781;-7.06635;3.22056;-2.93592
-0.118817;-0.381946;0;-0.702961;-6.79674;3.09798;-2.82418
-0.114008;-0.383409;0;-0.675162;-6.52734;2.9755;-2.71253
-0.109181;-0.384811;0;-0.647418;-6.25848;2.85326;-2.60109
-0.104337;-0.386153;0;-0.618352;-5.97738;2.72519;-2.48434
-0.099476;-0.387433;0;-0.589223;-5.69567;2.59684;-2.36733
-0.0945996;-0.388653;0;-0.560077;-5.4138;2.46842;-2.25026
-0.0897083;-0.389811;0;-0.530921;-5.13183;2.33994;-2.13314
-0.0848028;-0.390907;0;-0.501778;-4.84999;2.21153;-2.01608
-0.079884;-0.391942;0;-0.472581;-4.56762;2.08288;-1.8988
-0.0749525;-0.392915;0;-0.443365;-4.28507;1.95415;-1.78144
-0.0700092;-0.393826;0;-0.414153;-4.00257;1.82543;-1.6641
-0.0650549;-0.394674;0;-0.38495;-3.72014;1.69675;-1.54679
-0.0600902;-0.395461;0;-0.35576;-3.43785;1.56813;-1.42954
-0.0551161;-0.396185;0;-0.326589;-3.15573;1.4396;-1.31237
-0.0501333;-0.396846;0;-0.297146;-2.87117;1.30986;-1.19409
-0.0451426;-0.397445;0;-0.267438;-2.58413;1.17895;-1.07475
-0.0401447;-0.39798;0;-0.237712;-2.29692;1.04796;-0.955343
-0.0351405;-0.398453;0;-0.207974;-2.0096;0.916923;-0.835886
-0.0301307;-0.398864;0;-0.178278;-1.72267;0.786065;-0.716593
-0.0251162;-0.399211;0;-0.148511;-1.43507;0.654901;-0.597021
-0.0200977;-0.399495;0;-0.118743;-1.14745;0.523728;-0.477441
-0.0150761;-0.399716;0;-0.0889776;-0.859859;0.392567;-0.357872
-0.010052;-0.399874;0;-0.0592195;-0.572338;0.261438;-0.238333
-0.00502642;-0.399968;0;-0.0294735;-0.284936;0.130363;-0.118842
-7.34788e-17;-0.4;0;0.000255604;0.00230465;-0.000637397;0.000581064
0.00502642;-0.399968;0;0.0297514;0.287299;-0.13061;0.119067
0.010052;-0.399874;0;0.0593658;0.57346;-0.261107;0.238031
0.0150761;-0.399716;0;0.0890049;0.859859;-0.391713;0.357093
0.0200977;-0.399495;0;0.118664;1.14645;-0.522406;0.476236
0.0251162;-0.399211;0;0.148338;1.43319;-0.653168;0.595441
0.0301307;-0.398864;0;0.178023;1.72003;-0.783975;0.714688
0.0351405;-0.398453;0;0.207714;2.00693;-0.914809;0.833959
0.0401447;-0.39798;0;0.237407;2.29385;-1.04565;0.953235
0.0451426;-0.397445;0;0.267095;2.58073;-1.17647;1.0725
0.0501333;-0.396846;0;0.296776;2.86753;-1.30726;1.19173
0.0551161;-0.396185;0;0.326301;3.15274;-1.43736;1.31032
0.0600902;-0.395461;0;0.355929;3.43895;-1.56791;1.42934
0.0650549;-0.394674;0;0.384777;3.71794;-1.69502;1.54521
0.0700092;-0.393826;0;0.414083;4.00137;-1.82415;1.66293
0.0749525;-0.392915;0;0.443392;4.28484;-1.95329;1.78066
0.079884;-0.391942;0;0.472699;4.56829;-2.08242;1.89838
0.0848028;-0.390907;0;0.501366;4.84556;-2.20874;2.01353
0.0897083;-0.389811;0;0.530259;5.12504;-2.33605;2.12959
0.0945996;-0.388653;0;0.55916;5.40461;-2.4634;2.24568
0.099476;-0.387433;0;0.588064;5.6842;-2.59076;2.36179
0.104337;-0.386153;0;0.616966;5.96378;-2.71811;2.47789
0.109181;-0.384811;0;0.645862;6.2433;-2.84544;2.59396
0.114008;-0.383409;0;0.674748;6.52272;-2.97272;2.70999
0.118817;-0.381946;0;0.702341;6.78994;-3.09429;2.82082
0.123607;-0.380423;0;0.730251;7.06041;-3.21726;2.93292
0.128377;-0.378839;0;0.758176;7.33103;-3.3403;3.04508
0.133128;-0.377196;0;0.786111;7.60174;-3.46338;3.15729
0.137857;-0.375494;0;0.814052;7.87252;-3.58648;3.26951
0.142565;-0.373732;0;0.841994;8.14331;-3.7096;3.38174
0.14725;-0.371911;0;0.869934;8.41406;-3.83269;3.49396
0.151912;-0.370031;0;0.897866;8.68475;-3.95576;3.60615
0.156549;-0.368093;0;0.925786;8.95532;-4.07877;3.71829
0.161163;-0.366096;0;0.95369;9.22574;-4.20172;3.83037
0.16575;-0.364042;0;0.981573;9.49595;-4.32457;3.94237
0.170312;-0.361931;0;1.00896;9.76148;-4.44525;4.05238
0.174846;-0.359762;0;1.03559;10.0198;-4.56254;4.15931
0.179353;-0.357537;0;1.06142;10.2709;-4.67634;4.26305
0.183832;-0.355255;0;1.08726;10.5221;-4.79021;4.36685
0.188282;-0.352916;0;1.11313;10.7734;-4.90414;4.47071
0.192701;-0.350523;0;1.139;11.0248;-5.01811;4.57461
0.197091;-0.348074;0;1.16487;11.2763;-5.13209;4.67852
0.201449;-0.345569;0;1.19075;11.5278;-5.24609;4.78244
0.205776;-0.343011;0;1.21662;11.7793;-5.36006;4.88634
0.21007;-0.340398;0;1.24248;12.0306;-5.47401;4.99022
0.214331;-0.337731;0;1.26833;12.2819;-5.5879;5.09404
0.218558;-0.335011;0;1.29417;12.533;-5.70172;5.19781
0.22275;-0.332238;0;1.31999;12.7839;-5.81546;5.30149
0.226908;-0.329413;0;1.34474;13.0248;-5.92449;5.40089
0.231029;-0.326536;0;1.36781;13.2498;-6.0261;5.49351
0.235114;-0.323607;0;1.39089;13.475;-6.12778;5.58621
0.239162;-0.320627;0;1.41399;13.7003;-6.22954;5.67897
0.243172;-0.317596;0;1.43711;13.9257;-6.33135;5.77178
0.247144;-0.314515;0;1.46023;14.1513;-6.43319;5.86463
0.251077;-0.311385;0;1.48335;14.3768;-6.53505;5.95749
0.25497;-0.308205;0;1.50648;14.6024;-6.63692;6.05035
0.258822;-0.304977;0;1.5296;14.828;-6.73877;6.1432
0.262634;-0.301701;0;1.55272;15.0534;-6.84059;6.23603
0.266405;-0.298376;0;1.57582;15.2788;-6.94237;6.32881
0.270133;-0.295005;0;1.59892;15.5041;-7.04409;6.42154
0.273819;-0.291587;0;1.62199;15.7292;-7.14574;6.5142
0.277461;-0.288124;0;1.64464;15.9501;-7.24549;6.60513
0.28106;-0.284614;0;1.66499;16.1492;-7.33512;6.68684
0.284614;-0.28106;0;1.68486;16.3437;-7.42262;6.76661
0.288124;-0.277461;0;1.70473;16.5383;-7.51016;6.84641
0.291587;-0.273819;0;1.72462;16.733;-7.59773;6.92625
0.295005;-0.270133;0;1.74451;16.9277;-7.68533;7.0061
0.298376;-0.266405;0;1.7644;17.1224;-7.77292;7.08595
0.301701;-0.262634;0;1.78428;17.3171;-7.86051;7.1658
0.304977;-0.258822;0;1.80417;17.5118;-7.94807;7.24563
0.308205;-0.25497;0;1.82404;17.7064;-8.0356;7.32542
0.311385;-0.251077;0;1.8439;17.9008;-8.12307;7.40516
0.314515;-0.247144;0;1.86375;18.0951;-8.21048;7.48485
0.317596;-0.243172;0;1.88293;18.283;-8.29495;7.56184
0.320627;-0.239162;0;1.89898;18.4407;-8.36563;7.62628
0.323607;-0.235114;0;1.91504;18.5986;-8.43637;7.69077
0.326536;-0.231029;0;1.93112;18.7565;-8.50716;7.7553
0.329413;-0.226908;0;1.9472;18.9145;-8.57798;7.81986
0.332238;-0.22275;0;1.96329;19.0726;-8.64883;7.88445
0.335011;-0.218558;0;1.97938;19.2307;-8.71969;7.94905
0.337731;-0.214331;0;1.99547;19.3889;-8.79056;8.01365
0.340398;-0.21007;0;2.01156;19.547;-8.86142;8.07825
0.343011;-0.205776;0;2.02765;19.705;-8.93225;8.14282
0.345569;-0.201449;0;2.04373;19.863;-9.00306;8.20737
0.348074;-0.197091;0;2.0598;20.0209;-9.07383;8.27189
0.350523;-0.192701;0;2.07586;20.1787;-9.14454;8.33635
0.352916;-0.188282;0;2.0919;20.3364;-9.21519;8.40075
0.355255;-0.183832;0;2.10588;20.4738;-9.27672;8.45685
0.357537;-0.179353;0;2.1178;20.5914;-9.32924;8.50472
0.359762;-0.174846;0;2.12974;20.7091;-9.38178;8.55262
0.361931;-0.170312;0;2.14115;20.8216;-9.43202;8.59842
0.364042;-0.16575;0;2.15248;20.9334;-9.4819;8.6439
0.366096;-0.161163;0;2.16381;21.0451;-9.53181;8.68939
0.368093;-0.156549;0;2.17515;21.1569;-9.58171;8.73489
0.370031;-0.151912;0;2.18648;21.2686;-9.63162;8.78038
0.371911;-0.14725;0;2.19781;21.3804;-9.68151;8.82587
0.373732;-0.142565;0;2.20914;21.4921;-9.73139;8.87133
0.375494;-0.137857;0;2.22046;21.6037;-9.78124;8.91678
0.377196;-0.133128;0;2.23178;21.7153;-9.83106;8.96219
0.378839;-0.128377;0;2.24303;21.8263;-9.88061;9.00737
0.380423;-0.123607;0;2.25318;21.9263;-9.92526;9.04807
0.381946;-0.118817;0;2.2605;21.9989;-9.95751;9.07747
0.383409;-0.114008;0;2.26783;22.0714;-9.98978;9.10689
0.384811;-0.109181;0;2.27517;22.144;-10.0221;9.13631
0.386153;-0.104337;0;2.28213;22.2129;-10.0527;9.16424
0.387433;-0.099476;0;2.28841;22.2751;-10.0803;9.18942
0.388653;-0.0945996;0;2.29468;22.3372;-10.1079;9.2146
0.389811;-0.0897083;0;2.30096;22.3994;-10.1356;9.23979
0.390907;-0.0848028;0;2.30724;22.4616;-10.1632;9.26498
0.391942;-0.079884;0;2.31352;22.5238;-10.1908;9.29017
0.392915;-0.0749525;0;2.31979;22.5859;-10.2184;9.31534
0.393826;-0.0700092;0;2.32607;22.6481;-10.2461;9.34051
0.394674;-0.0650549;0;2.33234;22.7101;-10.2736;9.36566
0.395461;-0.0600902;0;2.3386;22.7722;-10.3012;9.3908
0.396185;-0.0551161;0;2.3424;22.8099;-10.3179;9.40603
0.396846;-0.0501333;0;2.34523;22.8382;-10.3304;9.41739
0.397445;-0.0451426;0;2.34807;22.8664;-10.3429;9.42876
0.39798;-0.0401447;0;2.35007;22.8864;-10.3516;9.43677
0.398453;-0.0351405;0;2.35138;22.8996;-10.3574;9.442
0.398864;-0.0301307;0;2.35269;22.9128;-10.3631;9.44723
0.399211;-0.0251162;0;2.35399;22.926;-10.3689;9.45246
0.399495;-0.0200977;0;2.3553;22.9391;-10.3746;9.45769
0.399716;-0.0150761;0;2.35661;22.9523;-10.3803;9.46293
0.399874;-0.010052;0;2.35792;22.9655;-10.3861;9.46816
0.399968;-0.00502642;0;2.35923;22.9787;-10.3918;9.47339
