0.4;0;0;2.49582;24.294;-10.3975;9.47853
0.399968;0.00502642;0;2.49439;24.2802;-10.3915;9.47309
0.399874;0.010052;0;2.49294;24.2661;-10.3854;9.46754
0.399716;0.0150761;0;2.49148;24.2521;-10.3793;9.46199
0.399495;0.0200977;0;2.49003;24.238;-10.3732;9.45644
0.399211;0.0251162;0;2.48857;24.2239;-10.3671;9.45089
0.398864;0.0301307;0;2.48712;24.2098;-10.361;9.44534
0.398453;0.0351405;0;2.48566;24.1957;-10.355;9.43979
0.39798;0.0401447;0;2.48421;24.1816;-10.3489;9.43425
0.397445;0.0451426;0;2.48153;24.1556;-10.3377;9.42406
0.396846;0.0501333;0;2.47821;24.1232;-10.3238;9.41143
0.396185;0.0551161;0;2.47489;24.0908;-10.31;9.3988
0.395461;0.0600902;0;2.47157;24.0584;-10.2961;9.38617
0.394674;0.0650549;0;2.46562;23.9997;-10.2713;9.36354
0.393826;0.0700092;0;2.4591;23.9354;-10.2442;9.33879
0.392915;0.0749525;0;2.45257;23.871;-10.217;9.31402
0.391942;0.079884;0;2.44604;23.8066;-10.1898;9.28924
0.390907;0.0848028;0;2.43952;23.7422;-10.1626;9.26445
0.389811;0.0897083;0;2.43299;23.6778;-10.1354;9.23966
0.388653;0.0945996;0;2.42646;23.6134;-10.1082;9.21487
0.387433;0.099476;0;2.41993;23.5489;-10.081;9.19008
0.386153;0.104337;0;2.41304;23.481;-10.0524;9.16394
0.384811;0.109181;0;2.405;23.4017;-10.0189;9.13341
0.383409;0.114008;0;2.39696;23.3225;-9.98538;9.10287
0.381946;0.118817;0;2.38892;23.2432;-9.95189;9.07235
0.380423;0.123607;0;2.38089;23.164;-9.91841;9.04183
0.378839;0.128377;0;2.37043;23.0608;-9.87486;9.00212
0.377196;0.133128;0;2.3584;22.9421;-9.82477;8.95646
0.375494;0.137857;0;2.34642;22.8239;-9.7749;8.911
0.373732;0.142565;0;2.33444;22.7057;-9.72504;8.86554
0.371911;0.14725;0;2.32246;22.5875;-9.67515;8.82006
0.370031;0.151912;0;2.31047;22.4692;-9.62524;8.77457
0.368093;0.156549;0;2.29848;22.3509;-9.57532;8.72906
0.366096;0.161163;0;2.28649;22.2326;-9.52541;8.68356
0.364042;0.16575;0;2.2745;22.1143;-9.4755;8.63806
0.361931;0.170312;0;2.26251;21.996;-9.4256;8.59257
0.359762;0.174846;0;2.25053;21.8778;-9.37573;8.5471
0.357537;0.179353;0;2.23856;21.7597;-9.32588;8.50167
0.355255;0.183832;0;2.22659;21.6416;-9.27608;8.45626
0.352916;0.188282;0;2.21212;21.4991;-9.21582;8.40133
0.350523;0.192701;0;2.19518;21.3325;-9.14527;8.33702
0.348074;0.197091;0;2.17822;21.1657;-9.07466;8.27265
0.345569;0.201449;0;2.16125;20.9988;-9.004;8.20823
0.343011;0.205776;0;2.14426;20.8318;-8.93329;8.14377
0.340398;0.21007;0;2.12728;20.6647;-8.86256;8.07929
0.337731;0.214331;0;2.11028;20.4976;-8.7918;8.01479
0.335011;0.218558;0;2.09329;20.3305;-8.72104;7.95028
0.332238;0.22275;0;2.07629;20.1634;-8.65028;7.88577
0.329413;0.226908;0;2.0593;19.9963;-8.57953;7.82128
0.326536;0.231029;0;2.04231;19.8292;-8.50881;7.75681
0.323607;0.235114;0;2.02531;19.6621;-8.43804;7.69229
0.320627;0.239162;0;2.00827;19.4945;-8.36706;7.62759
0.317596;0.243172;0;1.99123;19.327;-8.29614;7.56293
0.314515;0.247144;0;1.97176;19.136;-8.21503;7.48899
0.311385;0.251077;0;1.9508;18.9307;-8.12775;7.40943
0.308205;0.25497;0;1.92982;18.7253;-8.04041;7.3298
0.304977;0.258822;0;1.90883;18.5196;-7.95297;7.25009
0.301701;0.262634;0;1.8878;18.3137;-7.8654;7.17026
0.298376;0.266405;0;1.86675;18.1075;-7.77775;7.09036
0.295005;0.270133;0;1.84568;17.9012;-7.69;7.01036
0.291587;0.273819;0;1.82461;17.6948;-7.60224;6.93036
0.288124;0.277461;0;1.80354;17.4884;-7.5145;6.85037
0.284614;0.28106;0;1.78248;17.2822;-7.42679;6.77041
0.28106;0.284614;0;1.76143;17.076;-7.33912;6.69049
0.277461;0.288124;0;1.74005;16.8667;-7.25009;6.60933
0.273819;0.291587;0;1.71568;16.6291;-7.14859;6.5168
0.270133;0.295005;0;1.69129;16.3912;-7.047;6.42419
0.266405;0.298376;0;1.66689;16.1531;-6.94533;6.3315
0.262634;0.301701;0;1.64246;15.9149;-6.8436;6.23876
0.258822;0.304977;0;1.61803;15.6766;-6.74182;6.14598
0.25497;0.308205;0;1.59359;15.4382;-6.64002;6.05318
0.251077;0.311385;0;1.56914;15.1997;-6.53816;5.96032
0.247144;0.314515;0;1.54468;14.9612;-6.43629;5.86745
0.243172;0.317596;0;1.5202;14.7225;-6.33433;5.77451
0.239162;0.320627;0;1.49573;14.4838;-6.23241;5.68159
0.235114;0.323607;0;1.47128;14.2453;-6.13054;5.58873
0.231029;0.326536;0;1.44684;14.0069;-6.02873;5.49592
0.226908;0.329413;0;1.42242;13.7687;-5.92701;5.40318
0.22275;0.332238;0;1.39648;13.5164;-5.81898;5.30471
0.218558;0.335011;0;1.36917;13.251;-5.7052;5.20098
0.214331;0.337731;0;1.34184;12.9855;-5.59133;5.09717
0.21007;0.340398;0;1.31449;12.7198;-5.47739;4.9933
0.205776;0.343011;0;1.28713;12.454;-5.3634;4.88939
0.201449;0.345569;0;1.25976;12.1881;-5.24938;4.78544
0.197091;0.348074;0;1.23239;11.9221;-5.13533;4.68148
0.192701;0.350523;0;1.20502;11.6562;-5.02129;4.57751
0.188282;0.352916;0;1.17765;11.3903;-4.90727;4.47357
0.183832;0.355255;0;1.15029;11.1245;-4.79329;4.36966
0.179353;0.357537;0;1.12295;10.8588;-4.67936;4.2658
0.174846;0.359762;0;1.09562;10.5933;-4.56551;4.16201
0.170312;0.361931;0;1.06794;10.3246;-4.45019;4.05688
0.16575;0.364042;0;1.03841;10.0386;-4.32716;3.94472
0.161163;0.366096;0;1.00874;9.7512;-4.20352;3.83202
0.156549;0.368093;0;0.979044;9.4635;-4.07976;3.7192
0.151912;0.370031;0;0.949319;9.17556;-3.9559;3.60628
0.14725;0.371911;0;0.919573;8.88742;-3.83195;3.49329
0.142565;0.373732;0;0.889811;8.59912;-3.70794;3.38023
0.137857;0.375494;0;0.860038;8.31072;-3.58387;3.26713
0.133128;0.377196;0;0.830258;8.02225;-3.45978;3.15401
0.128377;0.378839;0;0.800477;7.73376;-3.33569;3.04088
0.123607;0.380423;0;0.770698;7.4453;-3.2116;2.92776
0.118817;0.381946;0;0.741649;7.16419;-3.09056;2.81741
0.114008;0.383409;0;0.71116;6.86944;-2.9635;2.70159
0.109181;0.384811;0;0.680657;6.57457;-2.83639;2.58571
0.104337;0.386153;0;0.650146;6.27961;-2.70924;2.4698
0.099476;0.387433;0;0.619631;5.98462;-2.58208;2.35388
0.0945996;0.388653;0;0.589118;5.68964;-2.45493;2.23796
0.0897083;0.389811;0;0.55861;5.39471;-2.3278;2.12207
0.0848028;0.390907;0;0.528113;5.09989;-2.20071;2.00621
0.079884;0.391942;0;0.497631;4.80522;-2.07369;1.89042
0.0749525;0.392915;0;0.46717;4.51075;-1.94675;1.7747
0.0700092;0.393826;0;0.436734;4.21652;-1.81992;1.65907
0.0650549;0.394674;0;0.406329;3.92258;-1.69321;1.54357
0.0600902;0.395461;0;0.375958;3.62898;-1.56665;1.42819
0.0551161;0.396185;0;0.345626;3.33576;-1.44025;1.31296
0.0501333;0.396846;0;0.314418;3.03437;-1.31019;1.1944
0.0451426;0.397445;0;0.283046;2.73147;-1.17945;1.07521
0.0401447;0.39798;0;0.251638;2.42821;-1.04856;0.955888
0.0351405;0.398453;0;0.220199;2.12466;-0.917538;0.836446
0.0301307;0.398864;0;0.188734;1.82086;-0.786408;0.716906
0.0251162;0.399211;0;0.157248;1.51686;-0.655192;0.597286
0.0200977;0.399495;0;0.125747;1.2127;-0.523908;0.477606
0.0150761;0.399716;0;0.0942338;0.908431;-0.392579;0.357883
0.010052;0.399874;0;0.062715;0.604108;-0.261225;0.238138
0.00502642;0.399968;0;0.031195;0.299774;-0.129866;0.118389
2.44929e-17;0.4;0;-0.000320978;-0.00452214;0.00147643;-0.00134594
-0.00502642;0.399968;0;-0.0318281;-0.308732;0.132782;-0.121047
-0.010052;0.399874;0;-0.0633213;-0.612809;0.264029;-0.240695
-0.0150761;0.399716;0;-0.0947958;-0.916703;0.395199;-0.360271
-0.0200977;0.399495;0;-0.126246;-1.22037;0.526268;-0.479757
-0.0251162;0.399211;0;-0.157668;-1.52375;0.657218;-0.599134
-0.0301307;0.398864;0;-0.189056;-1.82682;0.788028;-0.718382
-0.0351405;0.398453;0;-0.220141;-2.12702;0.917577;-0.836482
-0.0401447;0.39798;0;-0.251093;-2.42606;1.04657;-0.954072
-0.0451426;0.397445;0;-0.282049;-2.72515;1.17557;-1.07168
-0.0501333;0.396846;0;-0.31303;-3.02448;1.30468;-1.18938
-0.0551161;0.396185;0;-0.344032;-3.32401;1.43388;-1.30715
-0.0600902;0.395461;0;-0.375048;-3.62368;1.56313;-1.42499
-0.0650549;0.394674;0;-0.406075;-3.92345;1.69243;-1.54286
-0.0700092;0.393826;0;-0.437106;-4.22327;1.82175;-1.66075
-0.0749525;0.392915;0;-0.468139;-4.5231;1.95108;-1.77864
-0.079884;0.391942;0;-0.499166;-4.82288;2.08038;-1.89652
-0.0848028;0.390907;0;-0.530185;-5.12257;2.20965;-2.01436
-0.0897083;0.389811;0;-0.561189;-5.42212;2.33885;-2.13214
-0.0945996;0.388653;0;-0.592173;-5.72148;2.46797;-2.24986
-0.099476;0.387433;0;-0.623134;-6.02062;2.597;-2.36748
-0.104337;0.386153;0;-0.653666;-6.31578;2.72424;-2.48347
-0.109181;0.384811;0;-0.683435;-6.60393;2.84829;-2.59656
-0.114008;0.383409;0;-0.712969;-6.88993;2.97136;-2.70875
-0.118817;0.381946;0;-0.742526;-7.17614;3.09452;-2.82103
-0.123607;0.380423;0;-0.772101;-7.46253;3.21776;-2.93338
-0.128377;0.378839;0;-0.801689;-7.74906;3.34106;-3.04578
-0.133128;0.377196;0;-0.831286;-8.03567;3.46439;-3.15821
-0.137857;0.375494;0;-0.860888;-8.32231;3.58774;-3.27066
-0.142565;0.373732;0;-0.890489;-8.60896;3.71109;-3.3831
-0.14725;0.371911;0;-0.920084;-8.89555;3.83441;-3.49553
-0.151912;0.370031;0;-0.949546;-9.18086;3.95718;-3.60744
-0.156549;0.368093;0;-0.979019;-9.46625;4.07999;-3.7194
-0.161163;0.366096;0;-1.00848;-9.75149;4.20274;-3.8313
-0.16575;0.364042;0;-1.03791;-10.0365;4.3254;-3.94312
-0.170312;0.361931;0;-1.06733;-10.3213;4.44796;-4.05485
-0.174846;0.359762;0;-1.09561;-10.5955;4.56581;-4.16228
-0.179353;0.357537;0;-1.12277;-10.8593;4.67898;-4.26545
-0.183832;0.355255;0;-1.14995;-11.1234;4.79223;-4.3687
-0.188282;0.352916;0;-1.17715;-11.3876;4.90556;-4.47201
-0.192701;0.350523;0;-1.20436;-11.6519;5.01893;-4.57536
-0.197091;0.348074;0;-1.23158;-11.9163;5.13234;-4.67875
-0.201449;0.345569;0;-1.25881;-12.1808;5.24576;-4.78214
-0.205776;0.343011;0;-1.28603;-12.4452;5.35918;-4.88554
-0.21007;0.340398;0;-1.31325;-12.7096;5.47258;-4.98891
-0.214331;0.337731;0;-1.34045;-12.9739;5.58594;-5.09225
-0.218558;0.335011;0;-1.36765;-13.238;5.69924;-5.19554
-0.22275;0.332238;0;-1.39448;-13.4988;5.81103;-5.29745
-0.226908;0.329413;0;-1.42092;-13.7559;5.9212;-5.39789
-0.231029;0.326536;0;-1.44501;-13.9907;6.02155;-5.48937
-0.235114;0.323607;0;-1.46944;-14.2289;6.12329;-5.58211
-0.239162;0.320627;0;-1.49387;-14.4671;6.22509;-5.67492
-0.243172;0.317596;0;-1.51832;-14.7055;6.32695;-5.76778
-0.247144;0.314515;0;-1.54278;-14.944;6.42884;-5.86066
-0.251077;0.311385;0;-1.56725;-15.1825;6.53075;-5.95357
-0.25497;0.308205;0;-1.59171;-15.421;6.63267;-6.04648
-0.258822;0.304977;0;-1.61617;-15.6595;6.73457;-6.13937
-0.262634;0.301701;0;-1.64063;-15.898;6.83644;-6.23224
-0.266405;0.298376;0;-1.66507;-16.1363;6.93827;-6.32507
-0.270133;0.295005;0;-1.6895;-16.3745;7.04004;-6.41784
-0.273819;0.291587;0;-1.71391;-16.6125;7.14173;-6.51054
-0.277461;0.288124;0;-1.73683;-16.8361;7.2372;-6.59758
-0.28106;0.284614;0;-1.75865;-17.0493;7.3281;-6.68044
-0.284614;0.28106;0;-1.77984;-17.2566;7.41633;-6.76088
-0.288124;0.277461;0;-1.80103;-17.464;7.5046;-6.84135
-0.291587;0.273819;0;-1.82223;-17.6715;7.59289;-6.92184
-0.295005;0.270133;0;-1.84343;-17.879;7.6812;-7.00234
-0.298376;0.266405;0;-1.86463;-18.0865;7.7695;-7.08284
-0.301701;0.262634;0;-1.88583;-18.294;7.85779;-7.16332
-0.304977;0.258822;0;-1.90702;-18.5014;7.94605;-7.24378
-0.308205;0.25497;0;-1.92819;-18.7087;8.03426;-7.32419
-0.311385;0.251077;0;-1.94936;-18.9158;8.12241;-7.40456
-0.314515;0.247144;0;-1.97051;-19.1228;8.21049;-7.48485
-0.317596;0.243172;0;-1.99025;-19.3161;8.2927;-7.5598
-0.320627;0.239162;0;-2.00733;-19.484;8.36385;-7.62466
-0.323607;0.235114;0;-2.02443;-19.6519;8.43505;-7.68957
-0.326536;0.231029;0;-2.04154;-19.82;8.5063;-7.75452
-0.329413;0.226908;0;-2.05865;-19.9882;8.57758;-7.8195
-0.332238;0.22275;0;-2.07577;-20.1564;8.64888;-7.8845
-0.335011;0.218558;0;-2.09289;-20.3246;8.72019;-7.9495
-0.337731;0.214331;0;-2.10975;-20.4902;8.7904;-8.01351
-0.340398;0.21007;0;-2.12662;-20.6559;8.86063;-8.07754
-0.343011;0.205776;0;-2.14348;-20.8216;8.93086;-8.14155
-0.345569;0.201449;0;-2.16034;-20.9872;9.00106;-8.20555
-0.348074;0.197091;0;-2.17719;-21.1527;9.07122;-8.26951
-0.350523;0.192701;0;-2.19403;-21.3182;9.14134;-8.33343
-0.352916;0.188282;0;-2.21085;-21.4835;9.21139;-8.3973
-0.355255;0.183832;0;-2.22604;-21.6328;9.27464;-8.45495
-0.357537;0.179353;0;-2.23858;-21.7565;9.32689;-8.50258
-0.359762;0.174846;0;-2.25118;-21.8807;9.37934;-8.5504
-0.361931;0.170312;0;-2.26378;-22.0049;9.43181;-8.59823
-0.364042;0.16575;0;-2.27638;-22.1291;9.48428;-8.64607
-0.366096;0.161163;0;-2.28899;-22.2533;9.53676;-8.6939
-0.368093;0.156549;0;-2.30159;-22.3775;9.58922;-8.74173
-0.370031;0.151912;0;-2.31418;-22.5016;9.64166;-8.78953
-0.371911;0.14725;0;-2.32677;-22.6257;9.69408;-8.83732
-0.373732;0.142565;0;-2.33935;-22.7497;9.74646;-8.88507
-0.375494;0.137857;0;-2.35192;-22.8736;9.7988;-8.93278
-0.377196;0.133128;0;-2.36411;-22.9938;9.84958;-8.97907
-0.378839;0.128377;0;-2.37261;-23.0778;9.88497;-9.01134
-0.380423;0.123607;0;-2.38047;-23.1554;9.9177;-9.04118
-0.381946;0.118817;0;-2.38834;-23.2332;9.95046;-9.07104
-0.383409;0.114008;0;-2.39621;-23.3109;9.98323;-9.10092
-0.384811;0.109181;0;-2.40409;-23.3887;10.016;-9.1308
-0.386153;0.104337;0;-2.41196;-23.4665;10.0488;-9.1607
-0.387433;0.099476;0;-2.41984;-23.5443;10.0816;-9.19059
-0.388653;0.0945996;0;-2.42771;-23.6221;10.1144;-9.22048
-0.389811;0.0897083;0;-2.43558;-23.6999;10.1472;-9.25036
-0.390907;0.0848028;0;-2.44345;-23.7777;10.1799;-9.28023
-0.391942;0.079884;0;-2.45132;-23.8554;10.2127;-9.31008
-0.392915;0.0749525;0;-2.45918;-23.933;10.2454;-9.33991
-0.393826;0.0700092;0;-2.46703;-24.0106;10.2781;-9.36971
-0.394674;0.0650549;0;-2.47481;-24.0874;10.3105;-9.39924
-0.395461;0.0600902;0;-2.47789;-24.118;10.3233;-9.41096
-0.396185;0.0551161;0;-2.48049;-24.1437;10.3342;-9.42082
-0.396846;0.0501333;0;-2.48309;-24.1694;10.345;-9.43069
-0.397445;0.0451426;0;-2.48569;-24.1951;10.3558;-9.44056
-0.39798;0.0401447;0;-2.48829;-24.2207;10.3666;-9.45042
-0.398453;0.0351405;0;-2.49082;-24.2458;10.3772;-9.46004
-0.398864;0.0301307;0;-2.49328;-24.2702;10.3874;-9.46937
-0.399211;0.0251162;0;-2.49572;-24.2943;10.3975;-9.47862
-0.399495;0.0200977;0;-2.49815;-24.3184;10.4077;-9.48786
-0.399716;0.0150761;0;-2.50059;-24.3424;10.4178;-9.49709
-0.399874;0.010052;0;-2.50301;-24.3665;10.4279;-9.50631
-0.399968;0.00502642;0;-2.50544;-24.3905;10.438;-9.51551
-0.4;4.89859e-17;0;-2.50786;-24.4144;10.4481;-9.52471
-0.399968;-0.00502642;0;-2.50618;-24.3978;10.4411;-9.51833
-0.399874;-0.010052;0;-2.50363;-24.3725;10.4305;-9.50864
-0.399716;-0.0150761;0;-2.50107;-24.3472;10.4198;-9.49894
-0.399495;-0.0200977;0;-2.49851;-24.3218;10.4092;-9.48922
-0.399211;-0.0251162;0;-2.49594;-24.2964;10.3985;-9.47949
-0.398864;-0.0301307;0;-2.49338;-24.271;10.3878;-9.46975
-0.398453;-0.0351405;0;-2.49081;-24.2456;10.3771;-9.46001
-0.39798;-0.0401447;0;-2.48824;-24.2202;10.3664;-9.45026
-0.397445;-0.0451426;0;-2.48567;-24.1947;10.3557;-9.4405
-0.396846;-0.0501333;0;-2.4831;-24.1693;10.345;-9.43074
-0.396185;-0.0551161;0;-2.48052;-24.1438;10.3343;-9.42098
-0.395461;-0.0600902;0;-2.47795;-24.1183;10.3236;-9.41122
-0.394674;-0.0650549;0;-2.47537;-24.0928;10.3129;-9.40142
-0.393826;-0.0700092;0;-2.46778;-24.0178;10.2813;-9.37262
-0.392915;-0.0749525;0;-2.46;-23.9408;10.2489;-9.34308
-0.391942;-0.079884;0;-2.45221;-23.8639;10.2164;-9.31351
-0.390907;-0.0848028;0;-2.44441;-23.7868;10.184;-9.28392
-0.389811;-0.0897083;0;-2.43661;-23.7097;10.1515;-9.25432
-0.388653;-0.0945996;0;-2.4288;-23.6326;10.119;-9.2247
-0.387433;-0.099476;0;-2.421;-23.5555;10.0865;-9.19507
-0.386153;-0.104337;0;-2.41319;-23.4783;10.054;-9.16543
-0.384811;-0.109181;0;-2.40538;-23.4012;10.0215;-9.1358
-0.383409;-0.114008;0;-2.39757;-23.324;9.98899;-9.10617
-0.381946;-0.118817;0;-2.38977;-23.2469;9.9565;-9.07655
-0.380423;-0.123607;0;-2.38197;-23.1698;9.92402;-9.04694
-0.378839;-0.128377;0;-2.37378;-23.0889;9.88994;-9.01587
-0.377196;-0.133128;0;-2.36213;-22.974;9.84144;-8.97166
-0.375494;-0.137857;0;-2.35047;-22.8591;9.7929;-8.92741
-0.373732;-0.142565;0;-2.33881;-22.7441;9.74434;-8.88314
-0.371911;-0.14725;0;-2.326;-22.6177;9.69098;-8.8345
-0.370031;-0.151912;0;-2.31302;-22.4898;9.63696;-8.78525
-0.368093;-0.156549;0;-2.30004;-22.3619;9.58291;-8.73598
-0.366096;-0.161163;0;-2.28705;-22.2339;9.52883;-8.68668
-0.364042;-0.16575;0;-2.27407;-22.1059;9.47475;-8.63737
-0.361931;-0.170312;0;-2.26107;-21.9778;9.42066;-8.58806
-0.359762;-0.174846;0;-2.24809;-21.8498;9.36657;-8.53876
-0.357537;-0.179353;0;-2.2351;-21.7218;9.3125;-8.48946
-0.355255;-0.183832;0;-2.22054;-21.5785;9.25188;-8.4342
-0.352916;-0.188282;0;-2.20565;-21.4319;9.18985;-8.37766
-0.350523;-0.192701;0;-2.19008;-21.2788;9.12502;-8.31855
-0.348074;-0.197091;0;-2.17359;-21.1168;9.05638;-8.25598
-0.345569;-0.201449;0;-2.1571;-20.9548;8.98771;-8.19338
-0.343011;-0.205776;0;-2.14061;-20.7927;8.91902;-8.13076
-0.340398;-0.21007;0;-2.12411;-20.6305;8.85032;-8.06813
-0.337731;-0.214331;0;-2.10761;-20.4684;8.78161;-8.0055
-0.335011;-0.218558;0;-2.09111;-20.3063;8.71292;-7.94287
-0.332238;-0.22275;0;-2.07462;-20.1442;8.64424;-7.88027
-0.329413;-0.226908;0;-2.05813;-19.9823;8.5756;-7.81769
-0.326536;-0.231029;0;-2.04112;-19.8151;8.50475;-7.75311
-0.323607;-0.235114;0;-2.02387;-19.6456;8.43292;-7.68762
-0.320627;-0.239162;0;-2.00663;-19.4762;8.36112;-7.62217
-0.317596;-0.243172;0;-1.98935;-19.3066;8.28917;-7.55658
-0.314515;-0.247144;0;-1.96942;-19.1114;8.20618;-7.48092
-0.311385;-0.251077;0;-1.94823;-18.904;8.11792;-7.40046
-0.308205;-0.25497;0;-1.92703;-18.6964;8.02959;-7.31993
-0.304977;-0.258822;0;-1.9058;-18.4887;7.9412;-7.23936
-0.301701;-0.262634;0;-1.88457;-18.2808;7.85276;-7.15874
-0.298376;-0.266405;0;-1.86333;-18.0729;7.76429;-7.07809
-0.295005;-0.270133;0;-1.84209;-17.865;7.67581;-6.99742
-0.291587;-0.273819;0;-1.82084;-17.657;7.58732;-6.91676
-0.288124;-0.277461;0;-1.7996;-17.4491;7.49884;-6.8361
-0.284614;-0.28106;0;-1.77836;-17.2412;7.41039;-6.75546
-0.28106;-0.284614;0;-1.75714;-17.0334;7.32197;-6.67486
-0.277461;-0.288124;0;-1.73496;-16.8169;7.2296;-6.59065
-0.273819;-0.291587;0;-1.71228;-16.5956;7.13517;-6.50456
-0.270133;-0.295005;0;-1.68854;-16.364;7.03625;-6.41439
-0.266405;-0.298376;0;-1.66425;-16.1271;6.93506;-6.32214
-0.262634;-0.301701;0;-1.63994;-15.8901;6.83382;-6.22985
-0.258822;-0.304977;0;-1.61563;-15.6531;6.73254;-6.13752
-0.25497;-0.308205;0;-1.59132;-15.4159;6.63125;-6.04518
-0.251077;-0.311385;0;-1.567;-15.1788;6.52995;-5.95283
-0.247144;-0.314515;0;-1.54268;-14.9417;6.42866;-5.8605
-0.243172;-0.317596;0;-1.51838;-14.7047;6.32741;-5.7682
-0.239162;-0.320627;0;-1.49408;-14.4677;6.2262;-5.67593
-0.235114;-0.323607;0;-1.4698;-14.231;6.12505;-5.58372
-0.231029;-0.326536;0;-1.44554;-13.9944;6.02398;-5.49159
-0.226908;-0.329413;0;-1.42068;-13.7522;5.92041;-5.39717
-0.22275;-0.332238;0;-1.39425;-13.4953;5.81033;-5.29682
-0.218558;-0.335011;0;-1.3673;-13.2334;5.69802;-5.19443
-0.214331;-0.337731;0;-1.34008;-12.969;5.58462;-5.09105
-0.21007;-0.340398;0;-1.31285;-12.7044;5.47116;-4.98762
-0.205776;-0.343011;0;-1.28561;-12.4398;5.35766;-4.88415
-0.201449;-0.345569;0;-1.25836;-12.1751;5.24414;-4.78067
-0.197091;-0.348074;0;-1.23111;-11.9103;5.13062;-4.67718
-0.192701;-0.350523;0;-1.20387;-11.6457;5.01711;-4.5737
-0.188282;-0.352916;0;-1.17663;-11.381;4.90363;-4.47025
-0.183832;-0.355255;0;-1.14941;-11.1166;4.7902;-4.36684
-0.179353;-0.357537;0;-1.1222;-10.8522;4.67684;-4.2635
-0.174846;-0.359762;0;-1.09501;-10.5881;4.56356;-4.16024
-0.170312;-0.361931;0;-1.06682;-10.3148;4.44612;-4.05317
-0.16575;-0.364042;0;-1.03771;-10.0329;4.3248;-3.94258
-0.161163;-0.366096;0;-1.0083;-9.74801;4.20225;-3.83085
-0.156549;-0.368093;0;-0.978866;-9.46298;4.07961;-3.71905
-0.151912;-0.370031;0;-0.949421;-9.1778;3.95691;-3.6072
-0.14725;-0.371911;0;-0.919966;-8.89253;3.83417;-3.49531
-0.142565;-0.373732;0;-0.890506;-8.60721;3.71141;-3.3834
-0.137857;-0.375494;0;-0.861046;-8.32189;3.58865;-3.27149
-0.133128;-0.377196;0;-0.831589;-8.03661;3.46591;-3.1596
-0.128377;-0.378839;0;-0.802142;-7.75141;3.34321;-3.04773
-0.123607;-0.380423;0;-0.772709;-7.46635;3.22056;-2.93592
-0.118817;-0.381946;0;-0.743293;-7.18146;3.09798;-2.82418
-0.114008;-0.383409;0;-0.713901;-6.89679;2.9755;-2.71253
-0.109181;-0.384811;0;-0.684565;-6.61269;2.85326;-2.60109
-0.104337;-0.386153;0;-0.653833;-6.31566;2.72519;-2.48434
-0.099476;-0.387433;0;-0.623033;-6.01799;2.59684;-2.36733
-0.0945996;-0.388653;0;-0.592217;-5.72016;2.46842;-2.25026
-0.0897083;-0.389811;0;-0.561388;-5.42221;2.33994;-2.13314
-0.0848028;-0.390907;0;-0.530574;-5.12439;2.21153;-2.01608
-0.079884;-0.391942;0;-0.499703;-4.82603;2.08288;-1.8988
-0.0749525;-0.392915;0;-0.468812;-4.52747;1.95415;-1.78144
-0.0700092;-0.393826;0;-0.437926;-4.22896;1.82543;-1.6641
-0.0650549;-0.394674;0;-0.407048;-3.93053;1.69675;-1.54679
-0.0600902;-0.395461;0;-0.376185;-3.63225;1.56813;-1.42954
-0.0551161;-0.396185;0;-0.345341;-3.33414;1.4396;-1.31237
-0.0501333;-0.396846;0;-0.314211;-3.03343;1.30986;-1.19409
-0.0451426;-0.397445;0;-0.282799;-2.73013;1.17895;-1.07475
-0.0401447;-0.39798;0;-0.251369;-2.42665;1.04796;-0.955343
-0.0351405;-0.398453;0;-0.219926;-2.12305;0.916923;-0.835886
-0.0301307;-0.398864;0;-0.188527;-1.81987;0.786065;-0.716593
-0.0251162;-0.399211;0;-0.157054;-1.51597;0.654901;-0.597021
-0.0200977;-0.399495;0;-0.125579;-1.21206;0.523728;-0.477441
-0.0150761;-0.399716;0;-0.0941066;-0.908177;0.392567;-0.357872
-0.010052;-0.399874;0;-0.0626424;-0.604368;0.261438;-0.238333
-0.00502642;-0.399968;0;-0.0311909;-0.300684;0.130363;-0.118842
-7.34788e-17;-0.4;0;0.000242697;0.00282932;-0.000637397;0.000581064
0.00502642;-0.399968;0;0.0314295;0.303972;-0.13061;0.119067
0.010052;-0.399874;0;0.0627418;0.606355;-0.261107;0.238031
0.0150761;-0.399716;0;0.0940801;0.908989;-0.391713;0.357093
0.0200977;-0.399495;0;0.12544;1.21183;-0.522406;0.476236
0.0251162;-0.399211;0;0.156815;1.51482;-0.653168;0.595441
0.0301307;-0.398864;0;0.188202;1.81793;-0.783975;0.714688
0.0351405;-0.398453;0;0.219595;2.12109;-0.914809;0.833959
0.0401447;-0.39798;0;0.25099;2.42426;-1.04565;0.953235
0.0451426;-0.397445;0;0.28238;2.72741;-1.17647;1.0725
0.0501333;-0.396846;0;0.313763;3.03046;-1.30726;1.19173
0.0551161;-0.396185;0;0.344982;3.33182;-1.43736;1.31032
0.0600902;-0.395461;0;0.37631;3.63423;-1.56791;1.42934
0.0650549;-0.394674;0;0.406811;3.92899;-1.69502;1.54521
0.0700092;-0.393826;0;0.437797;4.22845;-1.82415;1.66293
0.0749525;-0.392915;0;0.468786;4.52795;-1.95329;1.78066
0.079884;-0.391942;0;0.499774;4.82742;-2.08242;1.89838
0.0848028;-0.390907;0;0.530084;5.12039;-2.20874;2.01353
0.0897083;-0.389811;0;0.560633;5.41573;-2.33605;2.12959
0.0945996;-0.388653;0;0.591191;5.71115;-2.4634;2.24568
0.099476;-0.387433;0;0.621752;6.0066;-2.59076;2.36179
0.104337;-0.386153;0;0.652312;6.30203;-2.71811;2.47789
0.109181;-0.384811;0;0.682865;6.5974;-2.84544;2.59396
0.114008;-0.383409;0;0.713407;6.89267;-2.97272;2.70999
0.118817;-0.381946;0;0.742581;7.17502;-3.09429;2.82082
0.123607;-0.380423;0;0.772091;7.4608;-3.21726;2.93292
0.128377;-0.378839;0;0.801617;7.74673;-3.3403;3.04508
0.133128;-0.377196;0;0.831153;8.03276;-3.46338;3.15729
0.137857;-0.375494;0;0.860696;8.31885;-3.58648;3.26951
0.142565;-0.373732;0;0.89024;8.60496;-3.7096;3.38174
0.14725;-0.371911;0;0.919781;8.89104;-3.83269;3.49396
0.151912;-0.370031;0;0.949314;9.17704;-3.95576;3.60615
0.156549;-0.368093;0;0.978835;9.46292;-4.07877;3.71829
0.161163;-0.366096;0;1.00834;9.74864;-4.20172;3.83037
0.16575;-0.364042;0;1.03782;10.0341;-4.32457;3.94237
0.170312;-0.361931;0;1.06678;10.3147;-4.44525;4.05238
0.174846;-0.359762;0;1.09493;10.5877;-4.56254;4.15931
0.179353;-0.357537;0;1.12224;10.853;-4.67634;4.26305
0.183832;-0.355255;0;1.14957;11.1184;-4.79021;4.36685
0.188282;-0.352916;0;1.17691;11.384;-4.90414;4.47071
0.192701;-0.350523;0;1.20427;11.6496;-5.01811;4.57461
0.197091;-0.348074;0;1.23162;11.9153;-5.13209;4.67852
0.201449;-0.345569;0;1.25898;12.181;-5.24609;4.78244
0.205776;-0.343011;0;1.28634;12.4467;-5.36006;4.88634
0.21007;-0.340398;0;1.31368;12.7123;-5.47401;4.99022
0.214331;-0.337731;0;1.34102;12.9778;-5.5879;5.09404
0.218558;-0.335011;0;1.36834;13.2431;-5.70172;5.19781
0.22275;-0.332238;0;1.39563;13.5082;-5.81546;5.30149
0.226908;-0.329413;0;1.4218;13.7627;-5.92449;5.40089
0.231029;-0.326536;0;1.44619;14.0004;-6.0261;5.49351
0.235114;-0.323607;0;1.4706;14.2383;-6.12778;5.58621
0.239162;-0.320627;0;1.49502;14.4764;-6.22954;5.67897
0.243172;-0.317596;0;1.51946;14.7146;-6.33135;5.77178
0.247144;-0.314515;0;1.54391;14.9528;-6.43319;5.86463
0.251077;-0.311385;0;1.56836;15.1911;-6.53505;5.95749
0.25497;-0.308205;0;1.59281;15.4294;-6.63692;6.05035
0.258822;-0.304977;0;1.61726;15.6677;-6.73877;6.1432
0.262634;-0.301701;0;1.6417;15.906;-6.84059;6.23603
0.266405;-0.298376;0;1.66613;16.1441;-6.94237;6.32881
0.270133;-0.295005;0;1.69055;16.382;-7.04409;6.42154
0.273819;-0.291587;0;1.71494;16.6198;-7.14574;6.5142
0.277461;-0.288124;0;1.73889;16.8533;-7.24549;6.60513
0.28106;-0.284614;0;1.7604;17.0636;-7.33512;6.68684
0.284614;-0.28106;0;1.78141;17.2691;-7.42262;6.76661
0.288124;-0.277461;0;1.80243;17.4746;-7.51016;6.84641
0.291587;-0.273819;0;1.82345;17.6803;-7.59773;6.92625
0.295005;-0.270133;0;1.84448;17.886;-7.68533;7.0061
0.298376;-0.266405;0;1.86551;18.0917;-7.77292;7.08595
0.301701;-0.262634;0;1.88653;18.2974;-7.86051;7.1658
0.304977;-0.258822;0;1.90755;18.503;-7.94807;7.24563
0.308205;-0.25497;0;1.92856;18.7086;-8.0356;7.32542
0.311385;-0.251077;0;1.94956;18.914;-8.12307;7.40516
0.314515;-0.247144;0;1.97055;19.1193;-8.21048;7.48485
0.317596;-0.243172;0;1.99082;19.3177;-8.29495;7.56184
0.320627;-0.239162;0;2.00779;19.4843;-8.36563;7.62628
0.323607;-0.235114;0;2.02478;19.651;-8.43637;7.69077
0.326536;-0.231029;0;2.04177;19.8178;-8.50716;7.7553
0.329413;-0.226908;0;2.05878;19.9847;-8.57798;7.81986
0.332238;-0.22275;0;2.07579;20.1517;-8.64883;7.88445
0.335011;-0.218558;0;2.0928;20.3187;-8.71969;7.94905
0.337731;-0.214331;0;2.10981;20.4857;-8.79056;8.01365
0.340398;-0.21007;0;2.12683;20.6527;-8.86142;8.07825
0.343011;-0.205776;0;2.14383;20.8196;-8.93225;8.14282
0.345569;-0.201449;0;2.16083;20.9865;-9.00306;8.20737
0.348074;-0.197091;0;2.17782;21.1533;-9.07383;8.27189
0.350523;-0.192701;0;2.1948;21.3199;-9.14454;8.33635
0.352916;-0.188282;0;2.21176;21.4864;-9.21519;8.40075
0.355255;-0.183832;0;2.22654;21.6316;-9.27672;8.45685
0.357537;-0.179353;0;2.23915;21.7558;-9.32924;8.50472
0.359762;-0.174846;0;2.25176;21.8801;-9.38178;8.55262
0.361931;-0.170312;0;2.26382;21.9989;-9.43202;8.59842
0.364042;-0.16575;0;2.2758;22.117;-9.4819;8.6439
0.366096;-0.161163;0;2.28779;22.235;-9.53181;8.68939
0.368093;-0.156549;0;2.29977;22.3531;-9.58171;8.73489
0.370031;-0.151912;0;2.31176;22.4712;-9.63162;8.78038
0.371911;-0.14725;0;2.32374;22.5892;-9.68151;8.82587
0.373732;-0.142565;0;2.33571;22.7072;-9.73139;8.87133
0.375494;-0.137857;0;2.34768;22.8251;-9.78124;8.91678
0.377196;-0.133128;0;2.35965;22.943;-9.83106;8.96219
0.378839;-0.128377;0;2.37155;23.0602;-9.88061;9.00737
0.380423;-0.123607;0;2.38227;23.1658;-9.92526;9.04807
0.381946;-0.118817;0;2.39002;23.2424;-9.95751;9.07747
0.383409;-0.114008;0;2.39777;23.3191;-9.98978;9.10689
0.384811;-0.109181;0;2.40552;23.3958;-10.0221;9.13631
0.386153;-0.104337;0;2.41288;23.4686;-10.0527;9.16424
0.387433;-0.099476;0;2.41952;23.5343;-10.0803;9.18942
0.388653;-0.0945996;0;2.42616;23.6;-10.1079;9.2146
0.389811;-0.0897083;0;2.4328;23.6658;-10.1356;9.23979
0.390907;-0.0848028;0;2.43944;23.7315;-10.1632;9.26498
0.391942;-0.079884;0;2.44608;23.7973;-10.1908;9.29017
0.392915;-0.0749525;0;2.45272;23.863;-10.2184;9.31534
0.393826;-0.0700092;0;2.45935;23.9287;-10.2461;9.34051
0.394674;-0.0650549;0;2.46598;23.9944;-10.2736;9.36566
0.395461;-0.0600902;0;2.47261;24.06;-10.3012;9.3908
0.396185;-0.0551161;0;2.47662;24.0999;-10.3179;9.40603
0.396846;-0.0501333;0;2.47962;24.1299;-10.3304;9.41739
0.397445;-0.0451426;0;2.48262;24.1599;-10.3429;9.42876
0.39798;-0.0401447;0;2.48474;24.1812;-10.3516;9.43677
0.398453;-0.0351405;0;2.48613;24.1953;-10.3574;9.442
0.398864;-0.0301307;0;2.48752;24.2095;-10.3631;9.44723
0.399211;-0.0251162;0;2.48891;24.2236;-10.3689;9.45246
0.399495;-0.0200977;0;2.49029;24.2378;-10.3746;9.45769
0.399716;-0.0150761;0;2.49168;24.2519;-10.3803;9.46293
0.399874;-0.010052;0;2.49307;24.266;-10.3861;9.46816
0.399968;-0.00502642;0;2.49446;24.2802;-10.3918;9.47339
