0.4;0;0;2.49825;24.3248;-10.3975;9.47853
0.399968;0.00502642;0;2.49682;24.3109;-10.3915;9.47309
0.399874;0.010052;0;2.49536;24.2968;-10.3854;9.46754
0.399716;0.0150761;0;2.49391;24.2827;-10.3793;9.46199
0.399495;0.0200977;0;2.49245;24.2686;-10.3732;9.45644
0.399211;0.0251162;0;2.49099;24.2545;-10.3671;9.45089
0.398864;0.0301307;0;2.48953;24.2404;-10.361;9.44534
0.398453;0.0351405;0;2.48808;24.2263;-10.355;9.43979
0.39798;0.0401447;0;2.48662;24.2122;-10.3489;9.43425
0.397445;0.0451426;0;2.48394;24.1859;-10.3377;9.42406
0.396846;0.0501333;0;2.48062;24.1534;-10.3238;9.41143
0.396185;0.0551161;0;2.47729;24.1208;-10.31;9.3988
0.395461;0.0600902;0;2.47397;24.0882;-10.2961;9.38617
0.394674;0.0650549;0;2.46801;24.0294;-10.2713;9.36354
0.393826;0.0700092;0;2.46148;23.965;-10.2442;9.33879
0.392915;0.0749525;0;2.45495;23.9006;-10.217;9.31402
0.391942;0.079884;0;2.44842;23.8361;-10.1898;9.28924
0.390907;0.0848028;0;2.44188;23.7716;-10.1626;9.26445
0.389811;0.0897083;0;2.43535;23.7071;-10.1354;9.23966
0.388653;0.0945996;0;2.42881;23.6426;-10.1082;9.21487
0.387433;0.099476;0;2.42228;23.5781;-10.081;9.19008
0.386153;0.104337;0;2.41538;23.5102;-10.0524;9.16394
0.384811;0.109181;0;2.40733;23.4308;-10.0189;9.13341
0.383409;0.114008;0;2.39928;23.3513;-9.98538;9.10287
0.381946;0.118817;0;2.39124;23.2719;-9.95189;9.07235
0.380423;0.123607;0;2.38319;23.1926;-9.91841;9.04183
0.378839;0.128377;0;2.37272;23.0893;-9.87486;9.00212
0.377196;0.133128;0;2.36068;22.9706;-9.82477;8.95646
0.375494;0.137857;0;2.34869;22.8523;-9.7749;8.911
0.373732;0.142565;0;2.3367;22.734;-9.72504;8.86554
0.371911;0.14725;0;2.3247;22.6156;-9.67515;8.82006
0.370031;0.151912;0;2.3127;22.4972;-9.62524;8.77457
0.368093;0.156549;0;2.3007;22.3787;-9.57532;8.72906
0.366096;0.161163;0;2.2887;22.2602;-9.52541;8.68356
0.364042;0.16575;0;2.2767;22.1418;-9.4755;8.63806
0.361931;0.170312;0;2.2647;22.0234;-9.4256;8.59257
0.359762;0.174846;0;2.25271;21.905;-9.37573;8.5471
0.357537;0.179353;0;2.24073;21.7868;-9.32588;8.50167
0.355255;0.183832;0;2.22875;21.6686;-9.27608;8.45626
0.352916;0.188282;0;2.21426;21.5259;-9.21582;8.40133
0.350523;0.192701;0;2.1973;21.3591;-9.14527;8.33702
0.348074;0.197091;0;2.18033;21.1921;-9.07466;8.27265
0.345569;0.201449;0;2.16334;21.0251;-9.004;8.20823
0.343011;0.205776;0;2.14634;20.8579;-8.93329;8.14377
0.340398;0.21007;0;2.12934;20.6906;-8.86256;8.07929
0.337731;0.214331;0;2.11233;20.5233;-8.7918;8.01479
0.335011;0.218558;0;2.09531;20.356;-8.72104;7.95028
0.332238;0.22275;0;2.0783;20.1887;-8.65028;7.88577
0.329413;0.226908;0;2.0613;20.0214;-8.57953;7.82128
0.326536;0.231029;0;2.04429;19.8541;-8.50881;7.75681
0.323607;0.235114;0;2.02728;19.6868;-8.43804;7.69229
0.320627;0.239162;0;2.01022;19.519;-8.36706;7.62759
0.317596;0.243172;0;1.99316;19.3512;-8.29614;7.56293
0.314515;0.247144;0;1.97367;19.16;-8.21503;7.48899
0.311385;0.251077;0;1.95269;18.9545;-8.12775;7.40943
0.308205;0.25497;0;1.9317;18.7488;-8.04041;7.3298
0.304977;0.258822;0;1.91068;18.5429;-7.95297;7.25009
0.301701;0.262634;0;1.88963;18.3368;-7.8654;7.17026
0.298376;0.266405;0;1.86857;18.1304;-7.77775;7.09036
0.295005;0.270133;0;1.84747;17.9238;-7.69;7.01036
0.291587;0.273819;0;1.82638;17.7171;-7.60224;6.93036
0.288124;0.277461;0;1.80529;17.5105;-7.5145;6.85037
0.284614;0.28106;0;1.78421;17.304;-7.42679;6.77041
0.28106;0.284614;0;1.76314;17.0976;-7.33912;6.69049
0.277461;0.288124;0;1.74174;16.8881;-7.25009;6.60933
0.273819;0.291587;0;1.71735;16.6501;-7.14859;6.5168
0.270133;0.295005;0;1.69293;16.412;-7.047;6.42419
0.266405;0.298376;0;1.6685;16.1736;-6.94533;6.3315
0.262634;0.301701;0;1.64405;15.9351;-6.8436;6.23876
0.258822;0.304977;0;1.6196;15.6965;-6.74182;6.14598
0.25497;0.308205;0;1.59513;15.4579;-6.64002;6.05318
0.251077;0.311385;0;1.57066;15.2191;-6.53816;5.96032
0.247144;0.314515;0;1.54618;14.9802;-6.43629;5.86745
0.243172;0.317596;0;1.52168;14.7412;-6.33433;5.77451
0.239162;0.320627;0;1.49718;14.5023;-6.23241;5.68159
0.235114;0.323607;0;1.4727;14.2634;-6.13054;5.58873
0.231029;0.326536;0;1.44824;14.0248;-6.02873;5.49592
0.226908;0.329413;0;1.42379;13.7863;-5.92701;5.40318
0.22275;0.332238;0;1.39784;13.5336;-5.81898;5.30471
0.218558;0.335011;0;1.3705;13.2679;-5.7052;5.20098
0.214331;0.337731;0;1.34314;13.002;-5.59133;5.09717
0.21007;0.340398;0;1.31577;12.736;-5.47739;4.9933
0.205776;0.343011;0;1.28838;12.4699;-5.3634;4.88939
0.201449;0.345569;0;1.26098;12.2036;-5.24938;4.78544
0.197091;0.348074;0;1.23358;11.9374;-5.13533;4.68148
0.192701;0.350523;0;1.20618;11.6711;-5.02129;4.57751
0.188282;0.352916;0;1.17879;11.4049;-4.90727;4.47357
0.183832;0.355255;0;1.1514;11.1387;-4.79329;4.36966
0.179353;0.357537;0;1.12403;10.8727;-4.67936;4.2658
0.174846;0.359762;0;1.09668;10.6069;-4.56551;4.16201
0.170312;0.361931;0;1.06897;10.3378;-4.45019;4.05688
0.16575;0.364042;0;1.03942;10.0514;-4.32716;3.94472
0.161163;0.366096;0;1.00972;9.76366;-4.20352;3.83202
0.156549;0.368093;0;0.979986;9.47559;-4.07976;3.7192
0.151912;0.370031;0;0.95023;9.18728;-3.9559;3.60628
0.14725;0.371911;0;0.920455;8.89876;-3.83195;3.49329
0.142565;0.373732;0;0.890663;8.61009;-3.70794;3.38023
0.137857;0.375494;0;0.86086;8.32131;-3.58387;3.26713
0.133128;0.377196;0;0.83105;8.03247;-3.45978;3.15401
0.128377;0.378839;0;0.801239;7.74361;-3.33569;3.04088
0.123607;0.380423;0;0.77143;7.45478;-3.2116;2.92776
0.118817;0.381946;0;0.742353;7.17331;-3.09056;2.81741
0.114008;0.383409;0;0.711834;6.8782;-2.9635;2.70159
0.109181;0.384811;0;0.681302;6.58296;-2.83639;2.58571
0.104337;0.386153;0;0.650761;6.28764;-2.70924;2.4698
0.099476;0.387433;0;0.620216;5.99228;-2.58208;2.35388
0.0945996;0.388653;0;0.589673;5.69693;-2.45493;2.23796
0.0897083;0.389811;0;0.559135;5.40164;-2.3278;2.12207
0.0848028;0.390907;0;0.528609;5.10646;-2.20071;2.00621
0.079884;0.391942;0;0.498098;4.81143;-2.07369;1.89042
0.0749525;0.392915;0;0.467607;4.51659;-1.94675;1.7747
0.0700092;0.393826;0;0.437141;4.222;-1.81992;1.65907
0.0650549;0.394674;0;0.406706;3.92769;-1.69321;1.54357
0.0600902;0.395461;0;0.376305;3.63373;-1.56665;1.42819
0.0551161;0.396185;0;0.345945;3.34015;-1.44025;1.31296
0.0501333;0.396846;0;0.314705;3.03841;-1.31019;1.1944
0.0451426;0.397445;0;0.283302;2.73511;-1.17945;1.07521
0.0401447;0.39798;0;0.251864;2.43146;-1.04856;0.955888
0.0351405;0.398453;0;0.220394;2.12751;-0.917538;0.836446
0.0301307;0.398864;0;0.188898;1.82332;-0.786408;0.716906
0.0251162;0.399211;0;0.157381;1.51891;-0.655192;0.597286
0.0200977;0.399495;0;0.125848;1.21436;-0.523908;0.477606
0.0150761;0.399716;0;0.0943047;0.909699;-0.392579;0.357883
0.010052;0.399874;0;0.0627548;0.60498;-0.261225;0.238138
0.00502642;0.399968;0;0.0312039;0.30025;-0.129866;0.118389
2.44929e-17;0.4;0;-0.000343039;-0.00444204;0.00147643;-0.00134594
-0.00502642;0.399968;0;-0.0318811;-0.309048;0.132782;-0.121047
-0.010052;0.399874;0;-0.0634053;-0.61352;0.264029;-0.240695
-0.0150761;0.399716;0;-0.0949106;-0.91781;0.395199;-0.360271
-0.0200977;0.399495;0;-0.126392;-1.22187;0.526268;-0.479757
-0.0251162;0.399211;0;-0.157845;-1.52565;0.657218;-0.599134
-0.0301307;0.398864;0;-0.189264;-1.82911;0.788028;-0.718382
-0.0351405;0.398453;0;-0.220381;-2.1296;0.917577;-0.836482
-0.0401447;0.39798;0;-0.251365;-2.42889;1.04657;-0.954072
-0.0451426;0.397445;0;-0.282351;-2.72838;1.17557;-1.07168
-0.0501333;0.396846;0;-0.313363;-3.02811;1.30468;-1.18938
-0.0551161;0.396185;0;-0.344394;-3.32804;1.43388;-1.30715
-0.0600902;0.395461;0;-0.375441;-3.62811;1.56313;-1.42499
-0.0650549;0.394674;0;-0.406498;-3.92828;1.69243;-1.54286
-0.0700092;0.393826;0;-0.43756;-4.22851;1.82175;-1.66075
-0.0749525;0.392915;0;-0.468623;-4.52873;1.95108;-1.77864
-0.079884;0.391942;0;-0.499681;-4.82891;2.08038;-1.89652
-0.0848028;0.390907;0;-0.530729;-5.129;2.20965;-2.01436
-0.0897083;0.389811;0;-0.561764;-5.42896;2.33885;-2.13214
-0.0945996;0.388653;0;-0.592779;-5.72872;2.46797;-2.24986
-0.099476;0.387433;0;-0.62377;-6.02825;2.597;-2.36748
-0.104337;0.386153;0;-0.654333;-6.32369;2.72424;-2.48347
-0.109181;0.384811;0;-0.684134;-6.61207;2.84829;-2.59656
-0.114008;0.383409;0;-0.713697;-6.89844;2.97136;-2.70875
-0.118817;0.381946;0;-0.743283;-7.18503;3.09452;-2.82103
-0.123607;0.380423;0;-0.772887;-7.4718;3.21776;-2.93338
-0.128377;0.378839;0;-0.802505;-7.7587;3.34106;-3.04578
-0.133128;0.377196;0;-0.832131;-8.04568;3.46439;-3.15821
-0.137857;0.375494;0;-0.861762;-8.33271;3.58774;-3.27066
-0.142565;0.373732;0;-0.891392;-8.61972;3.71109;-3.3831
-0.14725;0.371911;0;-0.921017;-8.90669;3.83441;-3.49553
-0.151912;0.370031;0;-0.950508;-9.19234;3.95718;-3.60744
-0.156549;0.368093;0;-0.98001;-9.4781;4.07999;-3.7194
-0.161163;0.366096;0;-1.0095;-9.76371;4.20274;-3.8313
-0.16575;0.364042;0;-1.03896;-10.0491;4.3254;-3.94312
-0.170312;0.361931;0;-1.0684;-10.3343;4.44796;-4.05485
-0.174846;0.359762;0;-1.09671;-10.6089;4.56581;-4.16228
-0.179353;0.357537;0;-1.1239;-10.873;4.67898;-4.26545
-0.183832;0.355255;0;-1.15111;-11.1374;4.79223;-4.3687
-0.188282;0.352916;0;-1.17834;-11.4019;4.90556;-4.47201
-0.192701;0.350523;0;-1.20558;-11.6666;5.01893;-4.57536
-0.197091;0.348074;0;-1.23282;-11.9313;5.13234;-4.67875
-0.201449;0.345569;0;-1.26007;-12.196;5.24576;-4.78214
-0.205776;0.343011;0;-1.28732;-12.4608;5.35918;-4.88554
-0.21007;0.340398;0;-1.31457;-12.7255;5.47258;-4.98891
-0.214331;0.337731;0;-1.3418;-12.9901;5.58594;-5.09225
-0.218558;0.335011;0;-1.36902;-13.2546;5.69924;-5.19554
-0.22275;0.332238;0;-1.39588;-13.5156;5.81103;-5.29745
-0.226908;0.329413;0;-1.42235;-13.7734;5.9212;-5.39789
-0.231029;0.326536;0;-1.44646;-14.0085;6.02155;-5.48937
-0.235114;0.323607;0;-1.47091;-14.2469;6.12329;-5.58211
-0.239162;0.320627;0;-1.49537;-14.4854;6.22509;-5.67492
-0.243172;0.317596;0;-1.51984;-14.7241;6.32695;-5.76778
-0.247144;0.314515;0;-1.54433;-14.9629;6.42884;-5.86066
-0.251077;0.311385;0;-1.56882;-15.2017;6.53075;-5.95357
-0.25497;0.308205;0;-1.59331;-15.4405;6.63267;-6.04648
-0.258822;0.304977;0;-1.61779;-15.6793;6.73457;-6.13937
-0.262634;0.301701;0;-1.64227;-15.918;6.83644;-6.23224
-0.266405;0.298376;0;-1.66674;-16.1566;6.93827;-6.32507
-0.270133;0.295005;0;-1.69119;-16.395;7.04004;-6.41784
-0.273819;0.291587;0;-1.71563;-16.6333;7.14173;-6.51054
-0.277461;0.288124;0;-1.73857;-16.8573;7.2372;-6.59758
-0.28106;0.284614;0;-1.76041;-17.0709;7.3281;-6.68044
-0.284614;0.28106;0;-1.78162;-17.2785;7.41633;-6.76088
-0.288124;0.277461;0;-1.80283;-17.4861;7.5046;-6.84135
-0.291587;0.273819;0;-1.82405;-17.6939;7.59289;-6.92184
-0.295005;0.270133;0;-1.84527;-17.9017;7.6812;-7.00234
-0.298376;0.266405;0;-1.86649;-18.1094;7.7695;-7.08284
-0.301701;0.262634;0;-1.88771;-18.3172;7.85779;-7.16332
-0.304977;0.258822;0;-1.90892;-18.5248;7.94605;-7.24378
-0.308205;0.25497;0;-1.93012;-18.7324;8.03426;-7.32419
-0.311385;0.251077;0;-1.95131;-18.9398;8.12241;-7.40456
-0.314515;0.247144;0;-1.97248;-19.1471;8.21049;-7.48485
-0.317596;0.243172;0;-1.99223;-19.3407;8.2927;-7.5598
-0.320627;0.239162;0;-2.00933;-19.5088;8.36385;-7.62466
-0.323607;0.235114;0;-2.02645;-19.677;8.43505;-7.68957
-0.326536;0.231029;0;-2.04357;-19.8453;8.5063;-7.75452
-0.329413;0.226908;0;-2.06071;-20.0137;8.57758;-7.8195
-0.332238;0.22275;0;-2.07785;-20.1821;8.64888;-7.8845
-0.335011;0.218558;0;-2.09499;-20.3506;8.72019;-7.9495
-0.337731;0.214331;0;-2.11186;-20.5165;8.7904;-8.01351
-0.340398;0.21007;0;-2.12874;-20.6824;8.86063;-8.07754
-0.343011;0.205776;0;-2.14562;-20.8483;8.93086;-8.14155
-0.345569;0.201449;0;-2.1625;-21.0141;9.00106;-8.20555
-0.348074;0.197091;0;-2.17936;-21.1798;9.07122;-8.26951
-0.350523;0.192701;0;-2.19621;-21.3455;9.14134;-8.33343
-0.352916;0.188282;0;-2.21305;-21.511;9.21139;-8.3973
-0.355255;0.183832;0;-2.22826;-21.6604;9.27464;-8.45495
-0.357537;0.179353;0;-2.24082;-21.7843;9.32689;-8.50258
-0.359762;0.174846;0;-2.25343;-21.9086;9.37934;-8.5504
-0.361931;0.170312;0;-2.26604;-22.033;9.43181;-8.59823
-0.364042;0.16575;0;-2.27866;-22.1574;9.48428;-8.64607
-0.366096;0.161163;0;-2.29127;-22.2818;9.53676;-8.6939
-0.368093;0.156549;0;-2.30388;-22.4061;9.58922;-8.74173
-0.370031;0.151912;0;-2.31649;-22.5304;9.64166;-8.78953
-0.371911;0.14725;0;-2.32909;-22.6547;9.69408;-8.83732
-0.373732;0.142565;0;-2.34168;-22.7788;9.74646;-8.88507
-0.375494;0.137857;0;-2.35426;-22.9029;9.7988;-8.93278
-0.377196;0.133128;0;-2.36647;-23.0233;9.84958;-8.97907
-0.378839;0.128377;0;-2.37498;-23.1073;9.88497;-9.01134
-0.380423;0.123607;0;-2.38285;-23.1851;9.9177;-9.04118
-0.381946;0.118817;0;-2.39072;-23.2629;9.95046;-9.07104
-0.383409;0.114008;0;-2.3986;-23.3408;9.98323;-9.10092
-0.384811;0.109181;0;-2.40648;-23.4187;10.016;-9.1308
-0.386153;0.104337;0;-2.41437;-23.4966;10.0488;-9.1607
-0.387433;0.099476;0;-2.42225;-23.5745;10.0816;-9.19059
-0.388653;0.0945996;0;-2.43013;-23.6524;10.1144;-9.22048
-0.389811;0.0897083;0;-2.43802;-23.7303;10.1472;-9.25036
-0.390907;0.0848028;0;-2.44589;-23.8082;10.1799;-9.28023
-0.391942;0.079884;0;-2.45376;-23.886;10.2127;-9.31008
-0.392915;0.0749525;0;-2.46163;-23.9637;10.2454;-9.33991
-0.393826;0.0700092;0;-2.46949;-24.0414;10.2781;-9.36971
-0.394674;0.0650549;0;-2.47728;-24.1184;10.3105;-9.39924
-0.395461;0.0600902;0;-2.48037;-24.1489;10.3233;-9.41096
-0.396185;0.0551161;0;-2.48297;-24.1747;10.3342;-9.42082
-0.396846;0.0501333;0;-2.48557;-24.2004;10.345;-9.43069
-0.397445;0.0451426;0;-2.48817;-24.2262;10.3558;-9.44056
-0.39798;0.0401447;0;-2.49077;-24.2519;10.3666;-9.45042
-0.398453;0.0351405;0;-2.49331;-24.277;10.3772;-9.46004
-0.398864;0.0301307;0;-2.49577;-24.3013;10.3874;-9.46937
-0.399211;0.0251162;0;-2.49821;-24.3254;10.3975;-9.47862
-0.399495;0.0200977;0;-2.50065;-24.3496;10.4077;-9.48786
-0.399716;0.0150761;0;-2.50308;-24.3737;10.4178;-9.49709
-0.399874;0.010052;0;-2.50551;-24.3977;10.4279;-9.50631
-0.399968;0.00502642;0;-2.50794;-24.4217;10.438;-9.51551
-0.4;4.89859e-17;0;-2.51036;-24.4457;10.4481;-9.52471
-0.399968;-0.00502642;0;-2.50868;-24.4291;10.4411;-9.51833
-0.399874;-0.010052;0;-2.50613;-24.4038;10.4305;-9.50864
-0.399716;-0.0150761;0;-2.50357;-24.3784;10.4198;-9.49894
-0.399495;-0.0200977;0;-2.501;-24.353;10.4092;-9.48922
-0.399211;-0.0251162;0;-2.49844;-24.3276;10.3985;-9.47949
-0.398864;-0.0301307;0;-2.49587;-24.3022;10.3878;-9.46975
-0.398453;-0.0351405;0;-2.4933;-24.2767;10.3771;-9.46001
-0.39798;-0.0401447;0;-2.49072;-24.2513;10.3664;-9.45026
-0.397445;-0.0451426;0;-2.48815;-24.2258;10.3557;-9.4405
-0.396846;-0.0501333;0;-2.48558;-24.2003;10.345;-9.43074
-0.396185;-0.0551161;0;-2.483;-24.1748;10.3343;-9.42098
-0.395461;-0.0600902;0;-2.48043;-24.1493;10.3236;-9.41122
-0.394674;-0.0650549;0;-2.47784;-24.1237;10.3129;-9.40142
-0.393826;-0.0700092;0;-2.47024;-24.0486;10.2813;-9.37262
-0.392915;-0.0749525;0;-2.46245;-23.9716;10.2489;-9.34308
-0.391942;-0.079884;0;-2.45466;-23.8945;10.2164;-9.31351
-0.390907;-0.0848028;0;-2.44685;-23.8174;10.184;-9.28392
-0.389811;-0.0897083;0;-2.43904;-23.7402;10.1515;-9.25432
-0.388653;-0.0945996;0;-2.43123;-23.6629;10.119;-9.2247
-0.387433;-0.099476;0;-2.42342;-23.5857;10.0865;-9.19507
-0.386153;-0.104337;0;-2.4156;-23.5084;10.054;-9.16543
-0.384811;-0.109181;0;-2.40778;-23.4311;10.0215;-9.1358
-0.383409;-0.114008;0;-2.39997;-23.3539;9.98899;-9.10617
-0.381946;-0.118817;0;-2.39216;-23.2767;9.9565;-9.07655
-0.380423;-0.123607;0;-2.38435;-23.1995;9.92402;-9.04694
-0.378839;-0.128377;0;-2.37615;-23.1185;9.88994;-9.01587
-0.377196;-0.133128;0;-2.36449;-23.0035;9.84144;-8.97166
-0.375494;-0.137857;0;-2.35282;-22.8884;9.7929;-8.92741
-0.373732;-0.142565;0;-2.34115;-22.7732;9.74434;-8.88314
-0.371911;-0.14725;0;-2.32832;-22.6467;9.69098;-8.8345
-0.370031;-0.151912;0;-2.31533;-22.5186;9.63696;-8.78525
-0.368093;-0.156549;0;-2.30234;-22.3905;9.58291;-8.73598
-0.366096;-0.161163;0;-2.28934;-22.2623;9.52883;-8.68668
-0.364042;-0.16575;0;-2.27634;-22.134;9.47475;-8.63737
-0.361931;-0.170312;0;-2.26333;-22.0058;9.42066;-8.58806
-0.359762;-0.174846;0;-2.25033;-21.8776;9.36657;-8.53876
-0.357537;-0.179353;0;-2.23733;-21.7493;9.3125;-8.48946
-0.355255;-0.183832;0;-2.22276;-21.606;9.25188;-8.4342
-0.352916;-0.188282;0;-2.20785;-21.4594;9.18985;-8.37766
-0.350523;-0.192701;0;-2.19226;-21.3062;9.12502;-8.31855
-0.348074;-0.197091;0;-2.17576;-21.144;9.05638;-8.25598
-0.345569;-0.201449;0;-2.15926;-20.9818;8.98771;-8.19338
-0.343011;-0.205776;0;-2.14274;-20.8195;8.91902;-8.13076
-0.340398;-0.21007;0;-2.12623;-20.6572;8.85032;-8.06813
-0.337731;-0.214331;0;-2.10971;-20.4949;8.78161;-8.0055
-0.335011;-0.218558;0;-2.0932;-20.3325;8.71292;-7.94287
-0.332238;-0.22275;0;-2.07669;-20.1703;8.64424;-7.88027
-0.329413;-0.226908;0;-2.06019;-20.0081;8.5756;-7.81769
-0.326536;-0.231029;0;-2.04317;-19.8407;8.50475;-7.75311
-0.323607;-0.235114;0;-2.0259;-19.6709;8.43292;-7.68762
-0.320627;-0.239162;0;-2.00864;-19.5013;8.36112;-7.62217
-0.317596;-0.243172;0;-1.99135;-19.3313;8.28917;-7.55658
-0.314515;-0.247144;0;-1.9714;-19.1357;8.20618;-7.48092
-0.311385;-0.251077;0;-1.95019;-18.928;8.11792;-7.40046
-0.308205;-0.25497;0;-1.92896;-18.7202;8.02959;-7.31993
-0.304977;-0.258822;0;-1.90772;-18.5122;7.9412;-7.23936
-0.301701;-0.262634;0;-1.88646;-18.3041;7.85276;-7.15874
-0.298376;-0.266405;0;-1.8652;-18.0959;7.76429;-7.07809
-0.295005;-0.270133;0;-1.84393;-17.8877;7.67581;-6.99742
-0.291587;-0.273819;0;-1.82267;-17.6795;7.58732;-6.91676
-0.288124;-0.277461;0;-1.8014;-17.4713;7.49884;-6.8361
-0.284614;-0.28106;0;-1.78014;-17.2631;7.41039;-6.75546
-0.28106;-0.284614;0;-1.7589;-17.0551;7.32197;-6.67486
-0.277461;-0.288124;0;-1.7367;-16.8381;7.2296;-6.59065
-0.273819;-0.291587;0;-1.71401;-16.6165;7.13517;-6.50456
-0.270133;-0.295005;0;-1.69024;-16.3846;7.03625;-6.41439
-0.266405;-0.298376;0;-1.66592;-16.1475;6.93506;-6.32214
-0.262634;-0.301701;0;-1.64159;-15.9102;6.83382;-6.22985
-0.258822;-0.304977;0;-1.61726;-15.6729;6.73254;-6.13752
-0.25497;-0.308205;0;-1.59292;-15.4355;6.63125;-6.04518
-0.251077;-0.311385;0;-1.56858;-15.1981;6.52995;-5.95283
-0.247144;-0.314515;0;-1.54424;-14.9608;6.42866;-5.8605
-0.243172;-0.317596;0;-1.51991;-14.7235;6.32741;-5.7682
-0.239162;-0.320627;0;-1.49559;-14.4863;6.2262;-5.67593
-0.235114;-0.323607;0;-1.47128;-14.2492;6.12505;-5.58372
-0.231029;-0.326536;0;-1.44699;-14.0124;6.02398;-5.49159
-0.226908;-0.329413;0;-1.42211;-13.7699;5.92041;-5.39717
-0.22275;-0.332238;0;-1.39566;-13.5124;5.81033;-5.29682
-0.218558;-0.335011;0;-1.36868;-13.2502;5.69802;-5.19443
-0.214331;-0.337731;0;-1.34143;-12.9854;5.58462;-5.09105
-0.21007;-0.340398;0;-1.31417;-12.7206;5.47116;-4.98762
-0.205776;-0.343011;0;-1.28691;-12.4556;5.35766;-4.88415
-0.201449;-0.345569;0;-1.25963;-12.1906;5.24414;-4.78067
-0.197091;-0.348074;0;-1.23236;-11.9256;5.13062;-4.67718
-0.192701;-0.350523;0;-1.20509;-11.6606;5.01711;-4.5737
-0.188282;-0.352916;0;-1.17782;-11.3957;4.90363;-4.47025
-0.183832;-0.355255;0;-1.15057;-11.1309;4.7902;-4.36684
-0.179353;-0.357537;0;-1.12334;-10.8662;4.67684;-4.2635
-0.174846;-0.359762;0;-1.09612;-10.6018;4.56356;-4.16024
-0.170312;-0.361931;0;-1.06791;-10.328;4.44612;-4.05317
-0.16575;-0.364042;0;-1.03877;-10.0457;4.3248;-3.94258
-0.161163;-0.366096;0;-1.00933;-9.76046;4.20225;-3.83085
-0.156549;-0.368093;0;-0.979865;-9.47508;4.07961;-3.71905
-0.151912;-0.370031;0;-0.950391;-9.18956;3.95691;-3.6072
-0.14725;-0.371911;0;-0.920907;-8.90394;3.83417;-3.49531
-0.142565;-0.373732;0;-0.891418;-8.61828;3.71141;-3.3834
-0.137857;-0.375494;0;-0.861928;-8.33261;3.58865;-3.27149
-0.133128;-0.377196;0;-0.832443;-8.04698;3.46591;-3.1596
-0.128377;-0.378839;0;-0.802966;-7.76144;3.34321;-3.04773
-0.123607;-0.380423;0;-0.773503;-7.47602;3.22056;-2.93592
-0.118817;-0.381946;0;-0.744059;-7.19079;3.09798;-2.82418
-0.114008;-0.383409;0;-0.714637;-6.90578;2.9755;-2.71253
-0.109181;-0.384811;0;-0.685272;-6.62133;2.85326;-2.60109
-0.104337;-0.386153;0;-0.654511;-6.32387;2.72519;-2.48434
-0.099476;-0.387433;0;-0.623681;-6.02582;2.59684;-2.36733
-0.0945996;-0.388653;0;-0.592834;-5.72761;2.46842;-2.25026
-0.0897083;-0.389811;0;-0.561975;-5.42928;2.33994;-2.13314
-0.0848028;-0.390907;0;-0.53113;-5.13109;2.21153;-2.01608
-0.079884;-0.391942;0;-0.500229;-4.83235;2.08288;-1.8988
-0.0749525;-0.392915;0;-0.469307;-4.53342;1.95415;-1.78144
-0.0700092;-0.393826;0;-0.43839;-4.23452;1.82543;-1.6641
-0.0650549;-0.394674;0;-0.407482;-3.93572;1.69675;-1.54679
-0.0600902;-0.395461;0;-0.376588;-3.63705;1.56813;-1.42954
-0.0551161;-0.396185;0;-0.345714;-3.33857;1.4396;-1.31237
-0.0501333;-0.396846;0;-0.314551;-3.03757;1.30986;-1.19409
-0.0451426;-0.397445;0;-0.283108;-2.73387;1.17895;-1.07475
-0.0401447;-0.39798;0;-0.251647;-2.43;1.04796;-0.955343
-0.0351405;-0.398453;0;-0.220174;-2.12601;0.916923;-0.835886
-0.0301307;-0.398864;0;-0.188743;-1.82244;0.786065;-0.716593
-0.0251162;-0.399211;0;-0.157239;-1.51815;0.654901;-0.597021
-0.0200977;-0.399495;0;-0.125733;-1.21385;0.523728;-0.477441
-0.0150761;-0.399716;0;-0.0942303;-0.909571;0.392567;-0.357872
-0.010052;-0.399874;0;-0.062735;-0.605369;0.261438;-0.238333
-0.00502642;-0.399968;0;-0.0312526;-0.301292;0.130363;-0.118842
-7.34788e-17;-0.4;0;0.00021198;0.0026141;-0.000637397;0.000581064
0.00502642;-0.399968;0;0.0314298;0.30413;-0.13061;0.119067
0.010052;-0.399874;0;0.0627739;0.606849;-0.261107;0.238031
0.0150761;-0.399716;0;0.094144;0.90982;-0.391713;0.357093
0.0200977;-0.399495;0;0.125535;1.213;-0.522406;0.476236
0.0251162;-0.399211;0;0.156943;1.51633;-0.653168;0.595441
0.0301307;-0.398864;0;0.188362;1.81977;-0.783975;0.714688
0.0351405;-0.398453;0;0.219786;2.12327;-0.914809;0.833959
0.0401447;-0.39798;0;0.251213;2.42678;-1.04565;0.953235
0.0451426;-0.397445;0;0.282635;2.73026;-1.17647;1.0725
0.0501333;-0.396846;0;0.314049;3.03365;-1.30726;1.19173
0.0551161;-0.396185;0;0.345295;3.33561;-1.43736;1.31032
0.0600902;-0.395461;0;0.376649;3.63863;-1.56791;1.42934
0.0650549;-0.394674;0;0.407179;3.93384;-1.69502;1.54521
0.0700092;-0.393826;0;0.438195;4.23376;-1.82415;1.66293
0.0749525;-0.392915;0;0.469214;4.5337;-1.95329;1.78066
0.079884;-0.391942;0;0.500232;4.83363;-2.08242;1.89838
0.0848028;-0.390907;0;0.530572;5.12699;-2.20874;2.01353
0.0897083;-0.389811;0;0.561152;5.42264;-2.33605;2.12959
0.0945996;-0.388653;0;0.591741;5.71836;-2.4634;2.24568
0.099476;-0.387433;0;0.622333;6.01412;-2.59076;2.36179
0.104337;-0.386153;0;0.652924;6.30987;-2.71811;2.47789
0.109181;-0.384811;0;0.683508;6.60555;-2.84544;2.59396
0.114008;-0.383409;0;0.714081;6.90113;-2.97272;2.70999
0.118817;-0.381946;0;0.743284;7.18384;-3.09429;2.82082
0.123607;-0.380423;0;0.772823;7.47002;-3.21726;2.93292
0.128377;-0.378839;0;0.802378;7.75635;-3.3403;3.04508
0.133128;-0.377196;0;0.831943;8.04279;-3.46338;3.15729
0.137857;-0.375494;0;0.861514;8.32928;-3.58648;3.26951
0.142565;-0.373732;0;0.891088;8.61579;-3.7096;3.38174
0.14725;-0.371911;0;0.920657;8.90227;-3.83269;3.49396
0.151912;-0.370031;0;0.950219;9.18868;-3.95576;3.60615
0.156549;-0.368093;0;0.979769;9.47496;-4.07877;3.71829
0.161163;-0.366096;0;1.0093;9.76108;-4.20172;3.83037
0.16575;-0.364042;0;1.03881;10.047;-4.32457;3.94237
0.170312;-0.361931;0;1.0678;10.3278;-4.44525;4.05238
0.174846;-0.359762;0;1.09598;10.601;-4.56254;4.15931
0.179353;-0.357537;0;1.12332;10.8666;-4.67634;4.26305
0.183832;-0.355255;0;1.15068;11.1324;-4.79021;4.36685
0.188282;-0.352916;0;1.17805;11.3983;-4.90414;4.47071
0.192701;-0.350523;0;1.20543;11.6643;-5.01811;4.57461
0.197091;-0.348074;0;1.23281;11.9304;-5.13209;4.67852
0.201449;-0.345569;0;1.2602;12.1965;-5.24609;4.78244
0.205776;-0.343011;0;1.28758;12.4625;-5.36006;4.88634
0.21007;-0.340398;0;1.31495;12.7285;-5.47401;4.99022
0.214331;-0.337731;0;1.34231;12.9943;-5.5879;5.09404
0.218558;-0.335011;0;1.36966;13.26;-5.70172;5.19781
0.22275;-0.332238;0;1.39698;13.5255;-5.81546;5.30149
0.226908;-0.329413;0;1.42318;13.7802;-5.92449;5.40089
0.231029;-0.326536;0;1.44759;14.0182;-6.0261;5.49351
0.235114;-0.323607;0;1.47203;14.2564;-6.12778;5.58621
0.239162;-0.320627;0;1.49647;14.4948;-6.22954;5.67897
0.243172;-0.317596;0;1.52094;14.7333;-6.33135;5.77178
0.247144;-0.314515;0;1.54541;14.9719;-6.43319;5.86463
0.251077;-0.311385;0;1.56988;15.2106;-6.53505;5.95749
0.25497;-0.308205;0;1.59436;15.4492;-6.63692;6.05035
0.258822;-0.304977;0;1.61883;15.6878;-6.73877;6.1432
0.262634;-0.301701;0;1.64329;15.9264;-6.84059;6.23603
0.266405;-0.298376;0;1.66775;16.1648;-6.94237;6.32881
0.270133;-0.295005;0;1.69219;16.4031;-7.04409;6.42154
0.273819;-0.291587;0;1.71661;16.6413;-7.14574;6.5142
0.277461;-0.288124;0;1.74058;16.875;-7.24549;6.60513
0.28106;-0.284614;0;1.76212;17.0855;-7.33512;6.68684
0.284614;-0.28106;0;1.78314;17.2913;-7.42262;6.76661
0.288124;-0.277461;0;1.80418;17.4972;-7.51016;6.84641
0.291587;-0.273819;0;1.82523;17.7031;-7.59773;6.92625
0.295005;-0.270133;0;1.84627;17.9091;-7.68533;7.0061
0.298376;-0.266405;0;1.86732;18.1151;-7.77292;7.08595
0.301701;-0.262634;0;1.88837;18.3211;-7.86051;7.1658
0.304977;-0.258822;0;1.90941;18.527;-7.94807;7.24563
0.308205;-0.25497;0;1.93045;18.7328;-8.0356;7.32542
0.311385;-0.251077;0;1.95147;18.9386;-8.12307;7.40516
0.314515;-0.247144;0;1.97247;19.1441;-8.21048;7.48485
0.317596;-0.243172;0;1.99277;19.3428;-8.29495;7.56184
0.320627;-0.239162;0;2.00976;19.5096;-8.36563;7.62628
0.323607;-0.235114;0;2.02676;19.6766;-8.43637;7.69077
0.326536;-0.231029;0;2.04377;19.8436;-8.50716;7.7553
0.329413;-0.226908;0;2.06079;20.0108;-8.57798;7.81986
0.332238;-0.22275;0;2.07782;20.178;-8.64883;7.88445
0.335011;-0.218558;0;2.09485;20.3453;-8.71969;7.94905
0.337731;-0.214331;0;2.11188;20.5125;-8.79056;8.01365
0.340398;-0.21007;0;2.12891;20.6797;-8.86142;8.07825
0.343011;-0.205776;0;2.14593;20.8469;-8.93225;8.14282
0.345569;-0.201449;0;2.16295;21.014;-9.00306;8.20737
0.348074;-0.197091;0;2.17996;21.1811;-9.07383;8.27189
0.350523;-0.192701;0;2.19695;21.3479;-9.14454;8.33635
0.352916;-0.188282;0;2.21393;21.5147;-9.21519;8.40075
0.355255;-0.183832;0;2.22872;21.6601;-9.27672;8.45685
0.357537;-0.179353;0;2.24134;21.7845;-9.32924;8.50472
0.359762;-0.174846;0;2.25397;21.9089;-9.38178;8.55262
0.361931;-0.170312;0;2.26605;22.0279;-9.43202;8.59842
0.364042;-0.16575;0;2.27804;22.146;-9.4819;8.6439
0.366096;-0.161163;0;2.29004;22.2642;-9.53181;8.68939
0.368093;-0.156549;0;2.30203;22.3824;-9.58171;8.73489
0.370031;-0.151912;0;2.31403;22.5006;-9.63162;8.78038
0.371911;-0.14725;0;2.32602;22.6188;-9.68151;8.82587
0.373732;-0.142565;0;2.33801;22.737;-9.73139;8.87133
0.375494;-0.137857;0;2.34999;22.855;-9.78124;8.91678
0.377196;-0.133128;0;2.36197;22.973;-9.83106;8.96219
0.378839;-0.128377;0;2.37388;23.0905;-9.88061;9.00737
0.380423;-0.123607;0;2.38461;23.1964;-9.92526;9.04807
0.381946;-0.118817;0;2.39237;23.2731;-9.95751;9.07747
0.383409;-0.114008;0;2.40013;23.3499;-9.98978;9.10689
0.384811;-0.109181;0;2.40789;23.4267;-10.0221;9.13631
0.386153;-0.104337;0;2.41525;23.4997;-10.0527;9.16424
0.387433;-0.099476;0;2.4219;23.5654;-10.0803;9.18942
0.388653;-0.0945996;0;2.42854;23.6312;-10.1079;9.2146
0.389811;-0.0897083;0;2.43519;23.697;-10.1356;9.23979
0.390907;-0.0848028;0;2.44183;23.7628;-10.1632;9.26498
0.391942;-0.079884;0;2.44848;23.8286;-10.1908;9.29017
0.392915;-0.0749525;0;2.45512;23.8943;-10.2184;9.31534
0.393826;-0.0700092;0;2.46176;23.9601;-10.2461;9.34051
0.394674;-0.0650549;0;2.4684;24.0258;-10.2736;9.36566
0.395461;-0.0600902;0;2.47503;24.0914;-10.3012;9.3908
0.396185;-0.0551161;0;2.47905;24.1314;-10.3179;9.40603
0.396846;-0.0501333;0;2.48205;24.1614;-10.3304;9.41739
0.397445;-0.0451426;0;2.48506;24.1914;-10.3429;9.42876
0.39798;-0.0401447;0;2.48718;24.2126;-10.3516;9.43677
0.398453;-0.0351405;0;2.48856;24.2267;-10.3574;9.442
0.398864;-0.0301307;0;2.48995;24.2407;-10.3631;9.44723
0.399211;-0.0251162;0;2.49134;24.2548;-10.3689;9.45246
0.399495;-0.0200977;0;2.49272;24.2688;-10.3746;9.45769
0.399716;-0.0150761;0;2.49411;24.2829;-10.3803;9.46293
0.399874;-0.010052;0;2.4955;24.2969;-10.3861;9.46816
0.399968;-0.00502642;0;2.49689;24.311;-10.3918;9.47339
