0.4;0;0;2.49414;24.2881;-10.3975;9.47853
0.399968;0.00502642;0;2.49271;24.274;-10.3915;9.47309
0.399874;0.010052;0;2.49125;24.2597;-10.3854;9.46754
0.399716;0.0150761;0;2.48979;24.2454;-10.3793;9.46199
0.399495;0.0200977;0;2.48833;24.231;-10.3732;9.45644
0.399211;0.0251162;0;2.48688;24.2167;-10.3671;9.45089
0.398864;0.0301307;0;2.48542;24.2024;-10.361;9.44534
0.398453;0.0351405;0;2.48396;24.1881;-10.355;9.43979
0.39798;0.0401447;0;2.4825;24.1738;-10.3489;9.43425
0.397445;0.0451426;0;2.47982;24.1474;-10.3377;9.42406
0.396846;0.0501333;0;2.4765;24.1146;-10.3238;9.41143
0.396185;0.0551161;0;2.47317;24.0818;-10.31;9.3988
0.395461;0.0600902;0;2.46985;24.049;-10.2961;9.38617
0.394674;0.0650549;0;2.46389;23.9902;-10.2713;9.36354
0.393826;0.0700092;0;2.45738;23.9258;-10.2442;9.33879
0.392915;0.0749525;0;2.45086;23.8614;-10.217;9.31402
0.391942;0.079884;0;2.44434;23.7969;-10.1898;9.28924
0.390907;0.0848028;0;2.43781;23.7324;-10.1626;9.26445
0.389811;0.0897083;0;2.43128;23.668;-10.1354;9.23966
0.388653;0.0945996;0;2.42476;23.6035;-10.1082;9.21487
0.387433;0.099476;0;2.41824;23.539;-10.081;9.19008
0.386153;0.104337;0;2.41135;23.4709;-10.0524;9.16394
0.384811;0.109181;0;2.40331;23.3914;-10.0189;9.13341
0.383409;0.114008;0;2.39527;23.3119;-9.98538;9.10287
0.381946;0.118817;0;2.38724;23.2324;-9.95189;9.07235
0.380423;0.123607;0;2.3792;23.1529;-9.91841;9.04183
0.378839;0.128377;0;2.36875;23.0496;-9.87486;9.00212
0.377196;0.133128;0;2.35673;22.9309;-9.82477;8.95646
0.375494;0.137857;0;2.34476;22.8129;-9.7749;8.911
0.373732;0.142565;0;2.33279;22.6949;-9.72504;8.86554
0.371911;0.14725;0;2.32082;22.5768;-9.67515;8.82006
0.370031;0.151912;0;2.30884;22.4587;-9.62524;8.77457
0.368093;0.156549;0;2.29686;22.3405;-9.57532;8.72906
0.366096;0.161163;0;2.28488;22.2224;-9.52541;8.68356
0.364042;0.16575;0;2.27291;22.1042;-9.4755;8.63806
0.361931;0.170312;0;2.26093;21.9861;-9.4256;8.59257
0.359762;0.174846;0;2.24896;21.8681;-9.37573;8.5471
0.357537;0.179353;0;2.237;21.7502;-9.32588;8.50167
0.355255;0.183832;0;2.22505;21.6323;-9.27608;8.45626
0.352916;0.188282;0;2.21059;21.4899;-9.21582;8.40133
0.350523;0.192701;0;2.19366;21.3235;-9.14527;8.33702
0.348074;0.197091;0;2.17672;21.1569;-9.07466;8.27265
0.345569;0.201449;0;2.15976;20.9902;-9.004;8.20823
0.343011;0.205776;0;2.1428;20.8234;-8.93329;8.14377
0.340398;0.21007;0;2.12582;20.6565;-8.86256;8.07929
0.337731;0.214331;0;2.10885;20.4896;-8.7918;8.01479
0.335011;0.218558;0;2.09187;20.3226;-8.72104;7.95028
0.332238;0.22275;0;2.07489;20.1557;-8.65028;7.88577
0.329413;0.226908;0;2.05791;19.9888;-8.57953;7.82128
0.326536;0.231029;0;2.04094;19.822;-8.50881;7.75681
0.323607;0.235114;0;2.02396;19.655;-8.43804;7.69229
0.320627;0.239162;0;2.00693;19.4876;-8.36706;7.62759
0.317596;0.243172;0;1.98991;19.3202;-8.29614;7.56293
0.314515;0.247144;0;1.97045;19.1294;-8.21503;7.48899
0.311385;0.251077;0;1.94951;18.9243;-8.12775;7.40943
0.308205;0.25497;0;1.92855;18.7191;-8.04041;7.3298
0.304977;0.258822;0;1.90758;18.5136;-7.95297;7.25009
0.301701;0.262634;0;1.88657;18.3078;-7.8654;7.17026
0.298376;0.266405;0;1.86554;18.1018;-7.77775;7.09036
0.295005;0.270133;0;1.84448;17.8956;-7.69;7.01036
0.291587;0.273819;0;1.82343;17.6894;-7.60224;6.93036
0.288124;0.277461;0;1.80238;17.4832;-7.5145;6.85037
0.284614;0.28106;0;1.78134;17.2771;-7.42679;6.77041
0.28106;0.284614;0;1.7603;17.0711;-7.33912;6.69049
0.277461;0.288124;0;1.73894;16.862;-7.25009;6.60933
0.273819;0.291587;0;1.7146;16.6245;-7.14859;6.5168
0.270133;0.295005;0;1.69023;16.3867;-7.047;6.42419
0.266405;0.298376;0;1.66584;16.1488;-6.94533;6.3315
0.262634;0.301701;0;1.64144;15.9108;-6.8436;6.23876
0.258822;0.304977;0;1.61702;15.6726;-6.74182;6.14598
0.25497;0.308205;0;1.5926;15.4344;-6.64002;6.05318
0.251077;0.311385;0;1.56817;15.196;-6.53816;5.96032
0.247144;0.314515;0;1.54374;14.9576;-6.43629;5.86745
0.243172;0.317596;0;1.51928;14.719;-6.33433;5.77451
0.239162;0.320627;0;1.49483;14.4805;-6.23241;5.68159
0.235114;0.323607;0;1.4704;14.2421;-6.13054;5.58873
0.231029;0.326536;0;1.44598;14.0039;-6.02873;5.49592
0.226908;0.329413;0;1.42157;13.7658;-5.92701;5.40318
0.22275;0.332238;0;1.39566;13.5136;-5.81898;5.30471
0.218558;0.335011;0;1.36838;13.2484;-5.7052;5.20098
0.214331;0.337731;0;1.34107;12.983;-5.59133;5.09717
0.21007;0.340398;0;1.31374;12.7174;-5.47739;4.9933
0.205776;0.343011;0;1.2864;12.4516;-5.3634;4.88939
0.201449;0.345569;0;1.25906;12.1858;-5.24938;4.78544
0.197091;0.348074;0;1.2317;11.92;-5.13533;4.68148
0.192701;0.350523;0;1.20435;11.6542;-5.02129;4.57751
0.188282;0.352916;0;1.17701;11.3884;-4.90727;4.47357
0.183832;0.355255;0;1.14967;11.1227;-4.79329;4.36966
0.179353;0.357537;0;1.12235;10.8571;-4.67936;4.2658
0.174846;0.359762;0;1.09504;10.5917;-4.56551;4.16201
0.170312;0.361931;0;1.06739;10.3232;-4.45019;4.05688
0.16575;0.364042;0;1.03788;10.0372;-4.32716;3.94472
0.161163;0.366096;0;1.00823;9.74984;-4.20352;3.83202
0.156549;0.368093;0;0.978557;9.46218;-4.07976;3.7192
0.151912;0.370031;0;0.948854;9.17428;-3.9559;3.60628
0.14725;0.371911;0;0.91913;8.88617;-3.83195;3.49329
0.142565;0.373732;0;0.889391;8.59791;-3.70794;3.38023
0.137857;0.375494;0;0.85964;8.30955;-3.58387;3.26713
0.133128;0.377196;0;0.829883;8.02112;-3.45978;3.15401
0.128377;0.378839;0;0.800124;7.73267;-3.33569;3.04088
0.123607;0.380423;0;0.770368;7.44425;-3.2116;2.92776
0.118817;0.381946;0;0.741342;7.16321;-3.09056;2.81741
0.114008;0.383409;0;0.710877;6.86858;-2.9635;2.70159
0.109181;0.384811;0;0.680399;6.57382;-2.83639;2.58571
0.104337;0.386153;0;0.649913;6.27898;-2.70924;2.4698
0.099476;0.387433;0;0.619423;5.9841;-2.58208;2.35388
0.0945996;0.388653;0;0.588934;5.68924;-2.45493;2.23796
0.0897083;0.389811;0;0.558451;5.39443;-2.3278;2.12207
0.0848028;0.390907;0;0.527979;5.09973;-2.20071;2.00621
0.079884;0.391942;0;0.497522;4.80518;-2.07369;1.89042
0.0749525;0.392915;0;0.467086;4.51082;-1.94675;1.7747
0.0700092;0.393826;0;0.436674;4.21671;-1.81992;1.65907
0.0650549;0.394674;0;0.406293;3.92289;-1.69321;1.54357
0.0600902;0.395461;0;0.375947;3.6294;-1.56665;1.42819
0.0551161;0.396185;0;0.34564;3.3363;-1.44025;1.31296
0.0501333;0.396846;0;0.314456;3.03496;-1.31019;1.1944
0.0451426;0.397445;0;0.283109;2.73213;-1.17945;1.07521
0.0401447;0.39798;0;0.251725;2.42895;-1.04856;0.955888
0.0351405;0.398453;0;0.220311;2.12547;-0.917538;0.836446
0.0301307;0.398864;0;0.18887;1.82174;-0.786408;0.716906
0.0251162;0.399211;0;0.157409;1.51781;-0.655192;0.597286
0.0200977;0.399495;0;0.125932;1.21372;-0.523908;0.477606
0.0150761;0.399716;0;0.0944438;0.909529;-0.392579;0.357883
0.010052;0.399874;0;0.0629495;0.605278;-0.261225;0.238138
0.00502642;0.399968;0;0.0314542;0.301016;-0.129866;0.118389
2.44929e-17;0.4;0;-3.72126e-05;-0.00320698;0.00147643;-0.00134594
-0.00502642;0.399968;0;-0.0315197;-0.307345;0.132782;-0.121047
-0.010052;0.399874;0;-0.0629884;-0.611348;0.264029;-0.240695
-0.0150761;0.399716;0;-0.0944382;-0.91517;0.395199;-0.360271
-0.0200977;0.399495;0;-0.125864;-1.21876;0.526268;-0.479757
-0.0251162;0.399211;0;-0.157262;-1.52208;0.657218;-0.599134
-0.0301307;0.398864;0;-0.188625;-1.82506;0.788028;-0.718382
-0.0351405;0.398453;0;-0.219687;-2.12525;0.917577;-0.836482
-0.0401447;0.39798;0;-0.250614;-2.42428;1.04657;-0.954072
-0.0451426;0.397445;0;-0.281547;-2.7233;1.17557;-1.07168
-0.0501333;0.396846;0;-0.312504;-3.02256;1.30468;-1.18938
-0.0551161;0.396185;0;-0.343481;-3.32201;1.43388;-1.30715
-0.0600902;0.395461;0;-0.374473;-3.62161;1.56313;-1.42499
-0.0650549;0.394674;0;-0.405475;-3.9213;1.69243;-1.54286
-0.0700092;0.393826;0;-0.436483;-4.22105;1.82175;-1.66075
-0.0749525;0.392915;0;-0.467491;-4.5208;1.95108;-1.77864
-0.079884;0.391942;0;-0.498495;-4.82051;2.08038;-1.89652
-0.0848028;0.390907;0;-0.529489;-5.12012;2.20965;-2.01436
-0.0897083;0.389811;0;-0.560468;-5.4196;2.33885;-2.13214
-0.0945996;0.388653;0;-0.591429;-5.71889;2.46797;-2.24986
-0.099476;0.387433;0;-0.622365;-6.01795;2.597;-2.36748
-0.104337;0.386153;0;-0.652874;-6.3131;2.72424;-2.48347
-0.109181;0.384811;0;-0.682622;-6.60128;2.84829;-2.59656
-0.114008;0.383409;0;-0.712133;-6.88722;2.97136;-2.70875
-0.118817;0.381946;0;-0.741667;-7.17339;3.09452;-2.82103
-0.123607;0.380423;0;-0.771219;-7.45974;3.21776;-2.93338
-0.128377;0.378839;0;-0.800785;-7.74622;3.34106;-3.04578
-0.133128;0.377196;0;-0.83036;-8.03278;3.46439;-3.15821
-0.137857;0.375494;0;-0.859938;-8.31938;3.58774;-3.27066
-0.142565;0.373732;0;-0.889517;-8.60598;3.71109;-3.3831
-0.14725;0.371911;0;-0.91909;-8.89253;3.83441;-3.49553
-0.151912;0.370031;0;-0.948529;-9.17779;3.95718;-3.60744
-0.156549;0.368093;0;-0.977979;-9.46311;4.07999;-3.7194
-0.161163;0.366096;0;-1.00741;-9.74829;4.20274;-3.8313
-0.16575;0.364042;0;-1.03683;-10.0333;4.3254;-3.94312
-0.170312;0.361931;0;-1.06622;-10.318;4.44796;-4.05485
-0.174846;0.359762;0;-1.09448;-10.592;4.56581;-4.16228
-0.179353;0.357537;0;-1.12162;-10.8558;4.67898;-4.26545
-0.183832;0.355255;0;-1.14878;-11.1198;4.79223;-4.3687
-0.188282;0.352916;0;-1.17596;-11.384;4.90556;-4.47201
-0.192701;0.350523;0;-1.20315;-11.6483;5.01893;-4.57536
-0.197091;0.348074;0;-1.23035;-11.9126;5.13234;-4.67875
-0.201449;0.345569;0;-1.25755;-12.177;5.24576;-4.78214
-0.205776;0.343011;0;-1.28475;-12.4414;5.35918;-4.88554
-0.21007;0.340398;0;-1.31194;-12.7058;5.47258;-4.98891
-0.214331;0.337731;0;-1.33913;-12.97;5.58594;-5.09225
-0.218558;0.335011;0;-1.3663;-13.2341;5.69924;-5.19554
-0.22275;0.332238;0;-1.39311;-13.4947;5.81103;-5.29745
-0.226908;0.329413;0;-1.41954;-13.7516;5.9212;-5.39789
-0.231029;0.326536;0;-1.44361;-13.9864;6.02155;-5.48937
-0.235114;0.323607;0;-1.46801;-14.2245;6.12329;-5.58211
-0.239162;0.320627;0;-1.49243;-14.4628;6.22509;-5.67492
-0.243172;0.317596;0;-1.51686;-14.7011;6.32695;-5.76778
-0.247144;0.314515;0;-1.5413;-14.9396;6.42884;-5.86066
-0.251077;0.311385;0;-1.56575;-15.1781;6.53075;-5.95357
-0.25497;0.308205;0;-1.5902;-15.4166;6.63267;-6.04648
-0.258822;0.304977;0;-1.61464;-15.655;6.73457;-6.13937
-0.262634;0.301701;0;-1.63907;-15.8934;6.83644;-6.23224
-0.266405;0.298376;0;-1.6635;-16.1317;6.93827;-6.32507
-0.270133;0.295005;0;-1.68791;-16.3699;7.04004;-6.41784
-0.273819;0.291587;0;-1.7123;-16.6079;7.14173;-6.51054
-0.277461;0.288124;0;-1.7352;-16.8313;7.2372;-6.59758
-0.28106;0.284614;0;-1.75701;-17.0444;7.3281;-6.68044
-0.284614;0.28106;0;-1.77818;-17.2517;7.41633;-6.76088
-0.288124;0.277461;0;-1.79935;-17.4591;7.5046;-6.84135
-0.291587;0.273819;0;-1.82053;-17.6666;7.59289;-6.92184
-0.295005;0.270133;0;-1.84172;-17.8741;7.6812;-7.00234
-0.298376;0.266405;0;-1.86291;-18.0816;7.7695;-7.08284
-0.301701;0.262634;0;-1.88409;-18.289;7.85779;-7.16332
-0.304977;0.258822;0;-1.90526;-18.4964;7.94605;-7.24378
-0.308205;0.25497;0;-1.92642;-18.7037;8.03426;-7.32419
-0.311385;0.251077;0;-1.94757;-18.9108;8.12241;-7.40456
-0.314515;0.247144;0;-1.9687;-19.1177;8.21049;-7.48485
-0.317596;0.243172;0;-1.98843;-19.311;8.2927;-7.5598
-0.320627;0.239162;0;-2.0055;-19.4788;8.36385;-7.62466
-0.323607;0.235114;0;-2.02258;-19.6468;8.43505;-7.68957
-0.326536;0.231029;0;-2.03968;-19.8148;8.5063;-7.75452
-0.329413;0.226908;0;-2.05678;-19.983;8.57758;-7.8195
-0.332238;0.22275;0;-2.07389;-20.1512;8.64888;-7.8845
-0.335011;0.218558;0;-2.091;-20.3194;8.72019;-7.9495
-0.337731;0.214331;0;-2.10784;-20.4849;8.7904;-8.01351
-0.340398;0.21007;0;-2.1247;-20.6505;8.86063;-8.07754
-0.343011;0.205776;0;-2.14155;-20.8162;8.93086;-8.14155
-0.345569;0.201449;0;-2.15839;-20.9817;9.00106;-8.20555
-0.348074;0.197091;0;-2.17523;-21.1472;9.07122;-8.26951
-0.350523;0.192701;0;-2.19205;-21.3126;9.14134;-8.33343
-0.352916;0.188282;0;-2.20886;-21.4778;9.21139;-8.3973
-0.355255;0.183832;0;-2.22403;-21.6271;9.27464;-8.45495
-0.357537;0.179353;0;-2.23657;-21.7507;9.32689;-8.50258
-0.359762;0.174846;0;-2.24916;-21.8749;9.37934;-8.5504
-0.361931;0.170312;0;-2.26175;-21.9991;9.43181;-8.59823
-0.364042;0.16575;0;-2.27434;-22.1233;9.48428;-8.64607
-0.366096;0.161163;0;-2.28694;-22.2474;9.53676;-8.6939
-0.368093;0.156549;0;-2.29953;-22.3716;9.58922;-8.74173
-0.370031;0.151912;0;-2.31211;-22.4957;9.64166;-8.78953
-0.371911;0.14725;0;-2.32469;-22.6198;9.69408;-8.83732
-0.373732;0.142565;0;-2.33726;-22.7438;9.74646;-8.88507
-0.375494;0.137857;0;-2.34982;-22.8677;9.7988;-8.93278
-0.377196;0.133128;0;-2.36201;-22.988;9.84958;-8.97907
-0.378839;0.128377;0;-2.3705;-23.0719;9.88497;-9.01134
-0.380423;0.123607;0;-2.37836;-23.1496;9.9177;-9.04118
-0.381946;0.118817;0;-2.38622;-23.2273;9.95046;-9.07104
-0.383409;0.114008;0;-2.39408;-23.3051;9.98323;-9.10092
-0.384811;0.109181;0;-2.40195;-23.3829;10.016;-9.1308
-0.386153;0.104337;0;-2.40982;-23.4607;10.0488;-9.1607
-0.387433;0.099476;0;-2.41769;-23.5385;10.0816;-9.19059
-0.388653;0.0945996;0;-2.42556;-23.6163;10.1144;-9.22048
-0.389811;0.0897083;0;-2.43343;-23.6941;10.1472;-9.25036
-0.390907;0.0848028;0;-2.44129;-23.7718;10.1799;-9.28023
-0.391942;0.079884;0;-2.44915;-23.8495;10.2127;-9.31008
-0.392915;0.0749525;0;-2.457;-23.9272;10.2454;-9.33991
-0.393826;0.0700092;0;-2.46485;-24.0047;10.2781;-9.36971
-0.394674;0.0650549;0;-2.47263;-24.0816;10.3105;-9.39924
-0.395461;0.0600902;0;-2.47571;-24.1121;10.3233;-9.41096
-0.396185;0.0551161;0;-2.47831;-24.1378;10.3342;-9.42082
-0.396846;0.0501333;0;-2.48091;-24.1636;10.345;-9.43069
-0.397445;0.0451426;0;-2.4835;-24.1893;10.3558;-9.44056
-0.39798;0.0401447;0;-2.4861;-24.215;10.3666;-9.45042
-0.398453;0.0351405;0;-2.48863;-24.2401;10.3772;-9.46004
-0.398864;0.0301307;0;-2.49109;-24.2644;10.3874;-9.46937
-0.399211;0.0251162;0;-2.49352;-24.2886;10.3975;-9.47862
-0.399495;0.0200977;0;-2.49596;-24.3126;10.4077;-9.48786
-0.399716;0.0150761;0;-2.49839;-24.3367;10.4178;-9.49709
-0.399874;0.010052;0;-2.50081;-24.3607;10.4279;-9.50631
-0.399968;0.00502642;0;-2.50324;-24.3847;10.438;-9.51551
-0.4;4.89859e-17;0;-2.50566;-24.4087;10.4481;-9.52471
-0.399968;-0.00502642;0;-2.50398;-24.392;10.4411;-9.51833
-0.399874;-0.010052;0;-2.50143;-24.3668;10.4305;-9.50864
-0.399716;-0.0150761;0;-2.49887;-24.3415;10.4198;-9.49894
-0.399495;-0.0200977;0;-2.49631;-24.3162;10.4092;-9.48922
-0.399211;-0.0251162;0;-2.49375;-24.2908;10.3985;-9.47949
-0.398864;-0.0301307;0;-2.49119;-24.2654;10.3878;-9.46975
-0.398453;-0.0351405;0;-2.48862;-24.24;10.3771;-9.46001
-0.39798;-0.0401447;0;-2.48605;-24.2146;10.3664;-9.45026
-0.397445;-0.0451426;0;-2.48348;-24.1892;10.3557;-9.4405
-0.396846;-0.0501333;0;-2.48091;-24.1637;10.345;-9.43074
-0.396185;-0.0551161;0;-2.47835;-24.1383;10.3343;-9.42098
-0.395461;-0.0600902;0;-2.47578;-24.1128;10.3236;-9.41122
-0.394674;-0.0650549;0;-2.4732;-24.0872;10.3129;-9.40142
-0.393826;-0.0700092;0;-2.46561;-24.0123;10.2813;-9.37262
-0.392915;-0.0749525;0;-2.45783;-23.9354;10.2489;-9.34308
-0.391942;-0.079884;0;-2.45005;-23.8584;10.2164;-9.31351
-0.390907;-0.0848028;0;-2.44226;-23.7814;10.184;-9.28392
-0.389811;-0.0897083;0;-2.43446;-23.7043;10.1515;-9.25432
-0.388653;-0.0945996;0;-2.42667;-23.6272;10.119;-9.2247
-0.387433;-0.099476;0;-2.41886;-23.5501;10.0865;-9.19507
-0.386153;-0.104337;0;-2.41106;-23.4729;10.054;-9.16543
-0.384811;-0.109181;0;-2.40326;-23.3958;10.0215;-9.1358
-0.383409;-0.114008;0;-2.39546;-23.3186;9.98899;-9.10617
-0.381946;-0.118817;0;-2.38766;-23.2415;9.9565;-9.07655
-0.380423;-0.123607;0;-2.37987;-23.1645;9.92402;-9.04694
-0.378839;-0.128377;0;-2.37169;-23.0836;9.88994;-9.01587
-0.377196;-0.133128;0;-2.36005;-22.9688;9.84144;-8.97166
-0.375494;-0.137857;0;-2.3484;-22.8539;9.7929;-8.92741
-0.373732;-0.142565;0;-2.33675;-22.739;9.74434;-8.88314
-0.371911;-0.14725;0;-2.32394;-22.6126;9.69098;-8.8345
-0.370031;-0.151912;0;-2.31097;-22.4846;9.63696;-8.78525
-0.368093;-0.156549;0;-2.298;-22.3566;9.58291;-8.73598
-0.366096;-0.161163;0;-2.28502;-22.2285;9.52883;-8.68668
-0.364042;-0.16575;0;-2.27204;-22.1004;9.47475;-8.63737
-0.361931;-0.170312;0;-2.25906;-21.9723;9.42066;-8.58806
-0.359762;-0.174846;0;-2.24607;-21.8442;9.36657;-8.53876
-0.357537;-0.179353;0;-2.2331;-21.7161;9.3125;-8.48946
-0.355255;-0.183832;0;-2.21855;-21.5728;9.25188;-8.4342
-0.352916;-0.188282;0;-2.20367;-21.4263;9.18985;-8.37766
-0.350523;-0.192701;0;-2.18811;-21.2733;9.12502;-8.31855
-0.348074;-0.197091;0;-2.17164;-21.1115;9.05638;-8.25598
-0.345569;-0.201449;0;-2.15517;-20.9496;8.98771;-8.19338
-0.343011;-0.205776;0;-2.13869;-20.7876;8.91902;-8.13076
-0.340398;-0.21007;0;-2.1222;-20.6256;8.85032;-8.06813
-0.337731;-0.214331;0;-2.10572;-20.4636;8.78161;-8.0055
-0.335011;-0.218558;0;-2.08924;-20.3016;8.71292;-7.94287
-0.332238;-0.22275;0;-2.07276;-20.1397;8.64424;-7.88027
-0.329413;-0.226908;0;-2.05629;-19.9779;8.5756;-7.81769
-0.326536;-0.231029;0;-2.03929;-19.8108;8.50475;-7.75311
-0.323607;-0.235114;0;-2.02205;-19.6413;8.43292;-7.68762
-0.320627;-0.239162;0;-2.00482;-19.472;8.36112;-7.62217
-0.317596;-0.243172;0;-1.98756;-19.3023;8.28917;-7.55658
-0.314515;-0.247144;0;-1.96765;-19.1074;8.20618;-7.48092
-0.311385;-0.251077;0;-1.94647;-18.9;8.11792;-7.40046
-0.308205;-0.25497;0;-1.92528;-18.6924;8.02959;-7.31993
-0.304977;-0.258822;0;-1.90408;-18.4847;7.9412;-7.23936
-0.301701;-0.262634;0;-1.88286;-18.2769;7.85276;-7.15874
-0.298376;-0.266405;0;-1.86163;-18.069;7.76429;-7.07809
-0.295005;-0.270133;0;-1.84041;-17.861;7.67581;-6.99742
-0.291587;-0.273819;0;-1.81918;-17.6531;7.58732;-6.91676
-0.288124;-0.277461;0;-1.79795;-17.4452;7.49884;-6.8361
-0.284614;-0.28106;0;-1.77673;-17.2373;7.41039;-6.75546
-0.28106;-0.284614;0;-1.75552;-17.0295;7.32197;-6.67486
-0.277461;-0.288124;0;-1.73336;-16.8132;7.2296;-6.59065
-0.273819;-0.291587;0;-1.71071;-16.5922;7.13517;-6.50456
-0.270133;-0.295005;0;-1.68698;-16.3607;7.03625;-6.41439
-0.266405;-0.298376;0;-1.66271;-16.1238;6.93506;-6.32214
-0.262634;-0.301701;0;-1.63842;-15.8869;6.83382;-6.22985
-0.258822;-0.304977;0;-1.61413;-15.6498;6.73254;-6.13752
-0.25497;-0.308205;0;-1.58983;-15.4128;6.63125;-6.04518
-0.251077;-0.311385;0;-1.56553;-15.1757;6.52995;-5.95283
-0.247144;-0.314515;0;-1.54124;-14.9386;6.42866;-5.8605
-0.243172;-0.317596;0;-1.51695;-14.7017;6.32741;-5.7682
-0.239162;-0.320627;0;-1.49267;-14.4648;6.2262;-5.67593
-0.235114;-0.323607;0;-1.46841;-14.2281;6.12505;-5.58372
-0.231029;-0.326536;0;-1.44417;-13.9915;6.02398;-5.49159
-0.226908;-0.329413;0;-1.41933;-13.7495;5.92041;-5.39717
-0.22275;-0.332238;0;-1.39292;-13.4928;5.81033;-5.29682
-0.218558;-0.335011;0;-1.36599;-13.231;5.69802;-5.19443
-0.214331;-0.337731;0;-1.33879;-12.9666;5.58462;-5.09105
-0.21007;-0.340398;0;-1.31158;-12.7021;5.47116;-4.98762
-0.205776;-0.343011;0;-1.28436;-12.4375;5.35766;-4.88415
-0.201449;-0.345569;0;-1.25713;-12.1729;5.24414;-4.78067
-0.197091;-0.348074;0;-1.22991;-11.9082;5.13062;-4.67718
-0.192701;-0.350523;0;-1.20268;-11.6436;5.01711;-4.5737
-0.188282;-0.352916;0;-1.17547;-11.379;4.90363;-4.47025
-0.183832;-0.355255;0;-1.14827;-11.1146;4.7902;-4.36684
-0.179353;-0.357537;0;-1.12108;-10.8503;4.67684;-4.2635
-0.174846;-0.359762;0;-1.09391;-10.5862;4.56356;-4.16024
-0.170312;-0.361931;0;-1.06575;-10.3132;4.44612;-4.05317
-0.16575;-0.364042;0;-1.03666;-10.0313;4.3248;-3.94258
-0.161163;-0.366096;0;-1.00727;-9.74654;4.20225;-3.83085
-0.156549;-0.368093;0;-0.97786;-9.46157;4.07961;-3.71905
-0.151912;-0.370031;0;-0.948437;-9.17646;3.95691;-3.6072
-0.14725;-0.371911;0;-0.919005;-8.89126;3.83417;-3.49531
-0.142565;-0.373732;0;-0.889568;-8.606;3.71141;-3.3834
-0.137857;-0.375494;0;-0.86013;-8.32075;3.58865;-3.27149
-0.133128;-0.377196;0;-0.830697;-8.03553;3.46591;-3.1596
-0.128377;-0.378839;0;-0.801272;-7.7504;3.34321;-3.04773
-0.123607;-0.380423;0;-0.771861;-7.4654;3.22056;-2.93592
-0.118817;-0.381946;0;-0.742469;-7.18057;3.09798;-2.82418
-0.114008;-0.383409;0;-0.713099;-6.89596;2.9755;-2.71253
-0.109181;-0.384811;0;-0.683786;-6.61194;2.85326;-2.60109
-0.104337;-0.386153;0;-0.653078;-6.31502;2.72519;-2.48434
-0.099476;-0.387433;0;-0.622302;-6.01742;2.59684;-2.36733
-0.0945996;-0.388653;0;-0.591509;-5.71966;2.46842;-2.25026
-0.0897083;-0.389811;0;-0.560705;-5.42178;2.33994;-2.13314
-0.0848028;-0.390907;0;-0.529914;-5.12403;2.21153;-2.01608
-0.079884;-0.391942;0;-0.499067;-4.82573;2.08288;-1.8988
-0.0749525;-0.392915;0;-0.468199;-4.52724;1.95415;-1.78144
-0.0700092;-0.393826;0;-0.437336;-4.22879;1.82543;-1.6641
-0.0650549;-0.394674;0;-0.406483;-3.93043;1.69675;-1.54679
-0.0600902;-0.395461;0;-0.375643;-3.63221;1.56813;-1.42954
-0.0551161;-0.396185;0;-0.344823;-3.33418;1.4396;-1.31237
-0.0501333;-0.396846;0;-0.313716;-3.0335;1.30986;-1.19409
-0.0451426;-0.397445;0;-0.282328;-2.73027;1.17895;-1.07475
-0.0401447;-0.39798;0;-0.250922;-2.42686;1.04796;-0.955343
-0.0351405;-0.398453;0;-0.219504;-2.12333;0.916923;-0.835886
-0.0301307;-0.398864;0;-0.188128;-1.82022;0.786065;-0.716593
-0.0251162;-0.399211;0;-0.15668;-1.5164;0.654901;-0.597021
-0.0200977;-0.399495;0;-0.125229;-1.21256;0.523728;-0.477441
-0.0150761;-0.399716;0;-0.093781;-0.908753;0.392567;-0.357872
-0.010052;-0.399874;0;-0.062341;-0.605016;0.261438;-0.238333
-0.00502642;-0.399968;0;-0.0309137;-0.301404;0.130363;-0.118842
-7.34788e-17;-0.4;0;0.00049574;0.0020369;-0.000637397;0.000581064
0.00502642;-0.399968;0;0.0316588;0.30312;-0.13061;0.119067
0.010052;-0.399874;0;0.0629476;0.605472;-0.261107;0.238031
0.0150761;-0.399716;0;0.0942625;0.908076;-0.391713;0.357093
0.0200977;-0.399495;0;0.125598;1.21088;-0.522406;0.476236
0.0251162;-0.399211;0;0.156951;1.51385;-0.653168;0.595441
0.0301307;-0.398864;0;0.188314;1.81692;-0.783975;0.714688
0.0351405;-0.398453;0;0.219684;2.12005;-0.914809;0.833959
0.0401447;-0.39798;0;0.251055;2.4232;-1.04565;0.953235
0.0451426;-0.397445;0;0.282422;2.72631;-1.17647;1.0725
0.0501333;-0.396846;0;0.31378;3.02934;-1.30726;1.19173
0.0551161;-0.396185;0;0.344972;3.33043;-1.43736;1.31032
0.0600902;-0.395461;0;0.376273;3.63257;-1.56791;1.42934
0.0650549;-0.394674;0;0.40675;3.92724;-1.69502;1.54521
0.0700092;-0.393826;0;0.437713;4.22662;-1.82415;1.66293
0.0749525;-0.392915;0;0.468678;4.52603;-1.95329;1.78066
0.079884;-0.391942;0;0.499641;4.82542;-2.08242;1.89838
0.0848028;-0.390907;0;0.529928;5.11832;-2.20874;2.01353
0.0897083;-0.389811;0;0.560454;5.41361;-2.33605;2.12959
0.0945996;-0.388653;0;0.590989;5.70898;-2.4634;2.24568
0.099476;-0.387433;0;0.621527;6.00438;-2.59076;2.36179
0.104337;-0.386153;0;0.652063;6.29977;-2.71811;2.47789
0.109181;-0.384811;0;0.682593;6.5951;-2.84544;2.59396
0.114008;-0.383409;0;0.713111;6.89032;-2.97272;2.70999
0.118817;-0.381946;0;0.742264;7.17262;-3.09429;2.82082
0.123607;-0.380423;0;0.771752;7.45836;-3.21726;2.93292
0.128377;-0.378839;0;0.801255;7.74424;-3.3403;3.04508
0.133128;-0.377196;0;0.830769;8.03023;-3.46338;3.15729
0.137857;-0.375494;0;0.86029;8.31629;-3.58648;3.26951
0.142565;-0.373732;0;0.889812;8.60235;-3.7096;3.38174
0.14725;-0.371911;0;0.91933;8.88839;-3.83269;3.49396
0.151912;-0.370031;0;0.948841;9.17435;-3.95576;3.60615
0.156549;-0.368093;0;0.97834;9.46018;-4.07877;3.71829
0.161163;-0.366096;0;1.00782;9.74586;-4.20172;3.83037
0.16575;-0.364042;0;1.03728;10.0313;-4.32457;3.94237
0.170312;-0.361931;0;1.06622;10.3119;-4.44525;4.05238
0.174846;-0.359762;0;1.09435;10.5849;-4.56254;4.15931
0.179353;-0.357537;0;1.12164;10.8502;-4.67634;4.26305
0.183832;-0.355255;0;1.14895;11.1156;-4.79021;4.36685
0.188282;-0.352916;0;1.17627;11.3811;-4.90414;4.47071
0.192701;-0.350523;0;1.2036;11.6467;-5.01811;4.57461
0.197091;-0.348074;0;1.23094;11.9124;-5.13209;4.67852
0.201449;-0.345569;0;1.25828;12.1781;-5.24609;4.78244
0.205776;-0.343011;0;1.28561;12.4438;-5.36006;4.88634
0.21007;-0.340398;0;1.31294;12.7093;-5.47401;4.99022
0.214331;-0.337731;0;1.34025;12.9748;-5.5879;5.09404
0.218558;-0.335011;0;1.36755;13.2401;-5.70172;5.19781
0.22275;-0.332238;0;1.39483;13.5052;-5.81546;5.30149
0.226908;-0.329413;0;1.42098;13.7598;-5.92449;5.40089
0.231029;-0.326536;0;1.44535;13.9976;-6.0261;5.49351
0.235114;-0.323607;0;1.46974;14.2355;-6.12778;5.58621
0.239162;-0.320627;0;1.49415;14.4736;-6.22954;5.67897
0.243172;-0.317596;0;1.51857;14.7118;-6.33135;5.77178
0.247144;-0.314515;0;1.543;14.95;-6.43319;5.86463
0.251077;-0.311385;0;1.56743;15.1884;-6.53505;5.95749
0.25497;-0.308205;0;1.59187;15.4267;-6.63692;6.05035
0.258822;-0.304977;0;1.6163;15.665;-6.73877;6.1432
0.262634;-0.301701;0;1.64072;15.9032;-6.84059;6.23603
0.266405;-0.298376;0;1.66513;16.1414;-6.94237;6.32881
0.270133;-0.295005;0;1.68953;16.3794;-7.04409;6.42154
0.273819;-0.291587;0;1.71391;16.6172;-7.14574;6.5142
0.277461;-0.288124;0;1.73784;16.8507;-7.24549;6.60513
0.28106;-0.284614;0;1.75934;17.0611;-7.33512;6.68684
0.284614;-0.28106;0;1.78033;17.2666;-7.42262;6.76661
0.288124;-0.277461;0;1.80133;17.4722;-7.51016;6.84641
0.291587;-0.273819;0;1.82234;17.678;-7.59773;6.92625
0.295005;-0.270133;0;1.84336;17.8837;-7.68533;7.0061
0.298376;-0.266405;0;1.86437;18.0895;-7.77292;7.08595
0.301701;-0.262634;0;1.88538;18.2953;-7.86051;7.1658
0.304977;-0.258822;0;1.90639;18.501;-7.94807;7.24563
0.308205;-0.25497;0;1.92739;18.7066;-8.0356;7.32542
0.311385;-0.251077;0;1.94837;18.9121;-8.12307;7.40516
0.314515;-0.247144;0;1.96934;19.1174;-8.21048;7.48485
0.317596;-0.243172;0;1.98961;19.3161;-8.29495;7.56184
0.320627;-0.239162;0;2.00657;19.4828;-8.36563;7.62628
0.323607;-0.235114;0;2.02354;19.6496;-8.43637;7.69077
0.326536;-0.231029;0;2.04052;19.8165;-8.50716;7.7553
0.329413;-0.226908;0;2.05752;19.9835;-8.57798;7.81986
0.332238;-0.22275;0;2.07452;20.1506;-8.64883;7.88445
0.335011;-0.218558;0;2.09152;20.3177;-8.71969;7.94905
0.337731;-0.214331;0;2.10852;20.4848;-8.79056;8.01365
0.340398;-0.21007;0;2.12552;20.6519;-8.86142;8.07825
0.343011;-0.205776;0;2.14252;20.819;-8.93225;8.14282
0.345569;-0.201449;0;2.15951;20.9859;-9.00306;8.20737
0.348074;-0.197091;0;2.17649;21.1528;-9.07383;8.27189
0.350523;-0.192701;0;2.19345;21.3196;-9.14454;8.33635
0.352916;-0.188282;0;2.21041;21.4862;-9.21519;8.40075
0.355255;-0.183832;0;2.22517;21.6315;-9.27672;8.45685
0.357537;-0.179353;0;2.23777;21.7559;-9.32924;8.50472
0.359762;-0.174846;0;2.25038;21.8802;-9.38178;8.55262
0.361931;-0.170312;0;2.26244;21.9992;-9.43202;8.59842
0.364042;-0.16575;0;2.27441;22.1173;-9.4819;8.6439
0.366096;-0.161163;0;2.28639;22.2354;-9.53181;8.68939
0.368093;-0.156549;0;2.29836;22.3535;-9.58171;8.73489
0.370031;-0.151912;0;2.31034;22.4717;-9.63162;8.78038
0.371911;-0.14725;0;2.32231;22.5898;-9.68151;8.82587
0.373732;-0.142565;0;2.33428;22.7078;-9.73139;8.87133
0.375494;-0.137857;0;2.34624;22.8258;-9.78124;8.91678
0.377196;-0.133128;0;2.3582;22.9437;-9.83106;8.96219
0.378839;-0.128377;0;2.37009;23.0609;-9.88061;9.00737
0.380423;-0.123607;0;2.3808;23.1665;-9.92526;9.04807
0.381946;-0.118817;0;2.38854;23.2431;-9.95751;9.07747
0.383409;-0.114008;0;2.39629;23.3196;-9.98978;9.10689
0.384811;-0.109181;0;2.40403;23.3962;-10.0221;9.13631
0.386153;-0.104337;0;2.41139;23.4689;-10.0527;9.16424
0.387433;-0.099476;0;2.41802;23.5344;-10.0803;9.18942
0.388653;-0.0945996;0;2.42465;23.5999;-10.1079;9.2146
0.389811;-0.0897083;0;2.43128;23.6655;-10.1356;9.23979
0.390907;-0.0848028;0;2.43791;23.7311;-10.1632;9.26498
0.391942;-0.079884;0;2.44454;23.7966;-10.1908;9.29017
0.392915;-0.0749525;0;2.45117;23.8621;-10.2184;9.31534
0.393826;-0.0700092;0;2.45779;23.9276;-10.2461;9.34051
0.394674;-0.0650549;0;2.46441;23.9931;-10.2736;9.36566
0.395461;-0.0600902;0;2.47103;24.0585;-10.3012;9.3908
0.396185;-0.0551161;0;2.47504;24.0983;-10.3179;9.40603
0.396846;-0.0501333;0;2.47803;24.128;-10.3304;9.41739
0.397445;-0.0451426;0;2.48103;24.1578;-10.3429;9.42876
0.39798;-0.0401447;0;2.48314;24.1788;-10.3516;9.43677
0.398453;-0.0351405;0;2.48452;24.1925;-10.3574;9.442
0.398864;-0.0301307;0;2.48589;24.2062;-10.3631;9.44723
0.399211;-0.0251162;0;2.48727;24.2199;-10.3689;9.45246
0.399495;-0.0200977;0;2.48865;24.2335;-10.3746;9.45769
0.399716;-0.0150761;0;2.49003;24.2472;-10.3803;9.46293
0.399874;-0.010052;0;2.49141;24.2609;-10.3861;9.46816
0.399968;-0.00502642;0;2.49279;24.2746;-10.3918;9.47339
