0.4;0;0;1.50231;17.4312;-10.3975;9.47853
0.399968;0.00502642;0;1.49994;17.3212;-10.3915;9.47309
0.399874;0.010052;0;1.49752;17.209;-10.3854;9.46754
0.399716;0.0150761;0;1.4951;17.0967;-10.3793;9.46199
0.399495;0.0200977;0;1.49268;16.9844;-10.3732;9.45644
0.399211;0.0251162;0;1.49026;16.8721;-10.3671;9.45089
0.398864;0.0301307;0;1.48784;16.7599;-10.361;9.44534
0.398453;0.0351405;0;1.48542;16.6477;-10.355;9.43979
0.39798;0.0401447;0;1.483;16.5355;-10.3489;9.43425
0.397445;0.0451426;0;1.47995;16.4226;-10.3377;9.42406
0.396846;0.0501333;0;1.47651;16.3067;-10.3238;9.41143
0.396185;0.0551161;0;1.47307;16.1908;-10.31;9.3988
0.395461;0.0600902;0;1.46963;16.0751;-10.2961;9.38617
0.394674;0.0650549;0;1.46384;15.9027;-10.2713;9.36354
0.393826;0.0700092;0;1.45753;15.7169;-10.2442;9.33879
0.392915;0.0749525;0;1.45122;15.5309;-10.217;9.31402
0.391942;0.079884;0;1.44491;15.345;-10.1898;9.28924
0.390907;0.0848028;0;1.4386;15.159;-10.1626;9.26445
0.389811;0.0897083;0;1.43229;14.9731;-10.1354;9.23966
0.388653;0.0945996;0;1.42598;14.7872;-10.1082;9.21487
0.387433;0.099476;0;1.41967;14.6015;-10.081;9.19008
0.386153;0.104337;0;1.41314;14.4154;-10.0524;9.16394
0.384811;0.109181;0;1.40576;14.2137;-10.0189;9.13341
0.383409;0.114008;0;1.39838;14.0119;-9.98538;9.10287
0.381946;0.118817;0;1.391;13.8102;-9.95189;9.07235
0.380423;0.123607;0;1.38363;13.6086;-9.91841;9.04183
0.378839;0.128377;0;1.37471;13.3918;-9.87486;9.00212
0.377196;0.133128;0;1.36471;13.1598;-9.82477;8.95646
0.375494;0.137857;0;1.35508;12.9457;-9.7749;8.911
0.373732;0.142565;0;1.34546;12.7318;-9.72504;8.86554
0.371911;0.14725;0;1.33584;12.5177;-9.67515;8.82006
0.370031;0.151912;0;1.32621;12.3036;-9.62524;8.77457
0.368093;0.156549;0;1.31658;12.0893;-9.57532;8.72906
0.366096;0.161163;0;1.30694;11.875;-9.52541;8.68356
0.364042;0.16575;0;1.29731;11.6607;-9.4755;8.63806
0.361931;0.170312;0;1.28768;11.4464;-9.4256;8.59257
0.359762;0.174846;0;1.27806;11.2322;-9.37573;8.5471
0.357537;0.179353;0;1.26844;11.0181;-9.32588;8.50167
0.355255;0.183832;0;1.25883;10.8041;-9.27608;8.45626
0.352916;0.188282;0;1.24814;10.6023;-9.21582;8.40133
0.350523;0.192701;0;1.23643;10.4139;-9.14527;8.33702
0.348074;0.197091;0;1.22471;10.2253;-9.07466;8.27265
0.345569;0.201449;0;1.21298;10.0365;-9.004;8.20823
0.343011;0.205776;0;1.20125;9.84757;-8.93329;8.14377
0.340398;0.21007;0;1.18951;9.65848;-8.86256;8.07929
0.337731;0.214331;0;1.17776;9.46929;-8.7918;8.01479
0.335011;0.218558;0;1.16602;9.28004;-8.72104;7.95028
0.332238;0.22275;0;1.15427;9.09074;-8.65028;7.88577
0.329413;0.226908;0;1.14252;8.90142;-8.57953;7.82128
0.326536;0.231029;0;1.13078;8.71213;-8.50881;7.75681
0.323607;0.235114;0;1.11901;8.52129;-8.43804;7.69229
0.320627;0.239162;0;1.10725;8.3328;-8.36706;7.62759
0.317596;0.243172;0;1.0955;8.14459;-8.29614;7.56293
0.314515;0.247144;0;1.08299;7.98243;-8.21503;7.48899
0.311385;0.251077;0;1.07004;7.83701;-8.12775;7.40943
0.308205;0.25497;0;1.05708;7.6916;-8.04041;7.3298
0.304977;0.258822;0;1.04411;7.54677;-7.95297;7.25009
0.301701;0.262634;0;1.03115;7.40309;-7.8654;7.17026
0.298376;0.266405;0;1.01816;7.25894;-7.77775;7.09036
0.295005;0.270133;0;1.00516;7.11413;-7.69;7.01036
0.291587;0.273819;0;0.992158;6.96927;-7.60224;6.93036
0.288124;0.277461;0;0.979156;6.82439;-7.5145;6.85037
0.284614;0.28106;0;0.966157;6.6795;-7.42679;6.77041
0.28106;0.284614;0;0.953165;6.53464;-7.33912;6.69049
0.277461;0.288124;0;0.940122;6.39652;-7.25009;6.60933
0.273819;0.291587;0;0.926055;6.28601;-7.14859;6.5168
0.270133;0.295005;0;0.911976;6.17536;-7.047;6.42419
0.266405;0.298376;0;0.897885;6.06461;-6.94533;6.3315
0.262634;0.301701;0;0.883785;5.95376;-6.8436;6.23876
0.258822;0.304977;0;0.869679;5.84284;-6.74182;6.14598
0.25497;0.308205;0;0.855569;5.73186;-6.64002;6.05318
0.251077;0.311385;0;0.841443;5.62018;-6.53816;5.96032
0.247144;0.314515;0;0.827317;5.50854;-6.43629;5.86745
0.243172;0.317596;0;0.813195;5.39797;-6.33433;5.77451
0.239162;0.320627;0;0.799077;5.28748;-6.23241;5.68159
0.235114;0.323607;0;0.784967;5.17709;-6.13054;5.58873
0.231029;0.326536;0;0.770867;5.06683;-6.02873;5.49592
0.226908;0.329413;0;0.756779;4.95669;-5.92701;5.40318
0.22275;0.332238;0;0.74199;4.85101;-5.81898;5.30471
0.218558;0.335011;0;0.726647;4.7548;-5.7052;5.20098
0.214331;0.337731;0;0.711292;4.65856;-5.59133;5.09717
0.21007;0.340398;0;0.695928;4.56229;-5.47739;4.9933
0.205776;0.343011;0;0.680557;4.46602;-5.3634;4.88939
0.201449;0.345569;0;0.665183;4.36975;-5.24938;4.78544
0.197091;0.348074;0;0.649806;4.27351;-5.13533;4.68148
0.192701;0.350523;0;0.63443;4.1773;-5.02129;4.57751
0.188282;0.352916;0;0.619057;4.08115;-4.90727;4.47357
0.183832;0.355255;0;0.60369;3.98507;-4.79329;4.36966
0.179353;0.357537;0;0.588331;3.88908;-4.67936;4.2658
0.174846;0.359762;0;0.572982;3.79318;-4.56551;4.16201
0.170312;0.361931;0;0.55733;3.68982;-4.45019;4.05688
0.16575;0.364042;0;0.540796;3.59267;-4.32716;3.94472
0.161163;0.366096;0;0.524203;3.49645;-4.20352;3.83202
0.156549;0.368093;0;0.507593;3.40013;-4.07976;3.7192
0.151912;0.370031;0;0.490969;3.30372;-3.9559;3.60628
0.14725;0.371911;0;0.474334;3.20725;-3.83195;3.49329
0.142565;0.373732;0;0.457689;3.11073;-3.70794;3.38023
0.137857;0.375494;0;0.441039;3.01417;-3.58387;3.26713
0.133128;0.377196;0;0.424384;2.91759;-3.45978;3.15401
0.128377;0.378839;0;0.407729;2.82101;-3.33569;3.04088
0.123607;0.380423;0;0.391075;2.72443;-3.2116;2.92776
0.118817;0.381946;0;0.374619;2.61781;-3.09056;2.81741
0.114008;0.383409;0;0.3571;2.49152;-2.9635;2.70159
0.109181;0.384811;0;0.339575;2.36517;-2.83639;2.58571
0.104337;0.386153;0;0.322044;2.23879;-2.70924;2.4698
0.099476;0.387433;0;0.304511;2.11239;-2.58208;2.35388
0.0945996;0.388653;0;0.286979;1.986;-2.45493;2.23796
0.0897083;0.389811;0;0.26945;1.85963;-2.3278;2.12207
0.0848028;0.390907;0;0.251927;1.7333;-2.20071;2.00621
0.079884;0.391942;0;0.234413;1.60704;-2.07369;1.89042
0.0749525;0.392915;0;0.216911;1.48087;-1.94675;1.7747
0.0700092;0.393826;0;0.199424;1.3548;-1.81992;1.65907
0.0650549;0.394674;0;0.181954;1.22885;-1.69321;1.54357
0.0600902;0.395461;0;0.164503;1.10305;-1.56665;1.42819
0.0551161;0.396185;0;0.147076;0.977407;-1.44025;1.31296
0.0501333;0.396846;0;0.128941;0.839492;-1.31019;1.1944
0.0451426;0.397445;0;0.110636;0.696361;-1.17945;1.07521
0.0401447;0.39798;0;0.0923098;0.553077;-1.04856;0.955888
0.0351405;0.398453;0;0.073966;0.409664;-0.917538;0.836446
0.0301307;0.398864;0;0.0556074;0.266144;-0.786408;0.716906
0.0251162;0.399211;0;0.0372366;0.12254;-0.655192;0.597286
0.0200977;0.399495;0;0.0188568;-0.021126;-0.523908;0.477606
0.0150761;0.399716;0;0.000470724;-0.164831;-0.392579;0.357883
0.010052;0.399874;0;-0.0179187;-0.308551;-0.261225;0.238138
0.00502642;0.399968;0;-0.0363085;-0.452266;-0.129866;0.118389
2.44929e-17;0.4;0;-0.0546958;-0.595951;0.00147643;-0.00134594
-0.00502642;0.399968;0;-0.0730777;-0.739584;0.132782;-0.121047
-0.010052;0.399874;0;-0.0914513;-0.883142;0.264029;-0.240695
-0.0150761;0.399716;0;-0.109814;-1.0266;0.395199;-0.360271
-0.0200977;0.399495;0;-0.128162;-1.16994;0.526268;-0.479757
-0.0251162;0.399211;0;-0.146493;-1.31314;0.657218;-0.599134
-0.0301307;0.398864;0;-0.164805;-1.45618;0.788028;-0.718382
-0.0351405;0.398453;0;-0.182976;-1.59766;0.917577;-0.836482
-0.0401447;0.39798;0;-0.201222;-1.74465;1.04657;-0.954072
-0.0451426;0.397445;0;-0.219587;-1.89928;1.17557;-1.07168
-0.0501333;0.396846;0;-0.237967;-2.054;1.30468;-1.18938
-0.0551161;0.396185;0;-0.256358;-2.20879;1.43388;-1.30715
-0.0600902;0.395461;0;-0.274758;-2.36362;1.56313;-1.42499
-0.0650549;0.394674;0;-0.293163;-2.51846;1.69243;-1.54286
-0.0700092;0.393826;0;-0.31157;-2.67329;1.82175;-1.66075
-0.0749525;0.392915;0;-0.329977;-2.82809;1.95108;-1.77864
-0.079884;0.391942;0;-0.348381;-2.98283;2.08038;-1.89652
-0.0848028;0.390907;0;-0.366779;-3.13749;2.20965;-2.01436
-0.0897083;0.389811;0;-0.385167;-3.29204;2.33885;-2.13214
-0.0945996;0.388653;0;-0.403544;-3.44646;2.46797;-2.24986
-0.099476;0.387433;0;-0.421906;-3.60072;2.597;-2.36748
-0.104337;0.386153;0;-0.440042;-3.75206;2.72424;-2.48347
-0.109181;0.384811;0;-0.45782;-3.9019;2.84829;-2.59656
-0.114008;0.383409;0;-0.475527;-4.05535;2.97136;-2.70875
-0.118817;0.381946;0;-0.493246;-4.20889;3.09452;-2.82103
-0.123607;0.380423;0;-0.510977;-4.36249;3.21776;-2.93338
-0.128377;0.378839;0;-0.528715;-4.51613;3.34106;-3.04578
-0.133128;0.377196;0;-0.546457;-4.66978;3.46439;-3.15821
-0.137857;0.375494;0;-0.564202;-4.82342;3.58774;-3.27066
-0.142565;0.373732;0;-0.581946;-4.97702;3.71109;-3.3831
-0.14725;0.371911;0;-0.599686;-5.13056;3.83441;-3.49553
-0.151912;0.370031;0;-0.617318;-5.28153;3.95718;-3.60744
-0.156549;0.368093;0;-0.63498;-5.43396;4.07999;-3.7194
-0.161163;0.366096;0;-0.652634;-5.58635;4.20274;-3.8313
-0.16575;0.364042;0;-0.670275;-5.73867;4.3254;-3.94312
-0.170312;0.361931;0;-0.687903;-5.8909;4.44796;-4.05485
-0.174846;0.359762;0;-0.704949;-6.04281;4.56581;-4.16228
-0.179353;0.357537;0;-0.721401;-6.18959;4.67898;-4.26545
-0.183832;0.355255;0;-0.737867;-6.33654;4.79223;-4.3687
-0.188282;0.352916;0;-0.754342;-6.48362;4.90556;-4.47201
-0.192701;0.350523;0;-0.770826;-6.63082;5.01893;-4.57536
-0.197091;0.348074;0;-0.787316;-6.77812;5.13234;-4.67875
-0.201449;0.345569;0;-0.803808;-6.92549;5.24576;-4.78214
-0.205776;0.343011;0;-0.820301;-7.07291;5.35918;-4.88554
-0.21007;0.340398;0;-0.836792;-7.22035;5.47258;-4.98891
-0.214331;0.337731;0;-0.853277;-7.36779;5.58594;-5.09225
-0.218558;0.335011;0;-0.869755;-7.51522;5.69924;-5.19554
-0.22275;0.332238;0;-0.886052;-7.66378;5.81103;-5.29745
-0.226908;0.329413;0;-0.902246;-7.82077;5.9212;-5.39789
-0.231029;0.326536;0;-0.917028;-7.95884;6.02155;-5.48937
-0.235114;0.323607;0;-0.932008;-8.09848;6.12329;-5.58211
-0.239162;0.320627;0;-0.946999;-8.23824;6.22509;-5.67492
-0.243172;0.317596;0;-0.961998;-8.3781;6.32695;-5.76778
-0.247144;0.314515;0;-0.977003;-8.51805;6.42884;-5.86066
-0.251077;0.311385;0;-0.992011;-8.65806;6.53075;-5.95357
-0.25497;0.308205;0;-1.00702;-8.7981;6.63267;-6.04648
-0.258822;0.304977;0;-1.02203;-8.93816;6.73457;-6.13937
-0.262634;0.301701;0;-1.03703;-9.07822;6.83644;-6.23224
-0.266405;0.298376;0;-1.05203;-9.21825;6.93827;-6.32507
-0.270133;0.295005;0;-1.06702;-9.35822;7.04004;-6.41784
-0.273819;0.291587;0;-1.082;-9.49812;7.14173;-6.51054
-0.277461;0.288124;0;-1.09614;-9.63472;7.2372;-6.59758
-0.28106;0.284614;0;-1.10967;-9.76596;7.3281;-6.68044
-0.284614;0.28106;0;-1.1228;-9.89004;7.41633;-6.76088
-0.288124;0.277461;0;-1.13595;-10.0143;7.5046;-6.84135
-0.291587;0.273819;0;-1.1491;-10.1386;7.59289;-6.92184
-0.295005;0.270133;0;-1.16225;-10.263;7.6812;-7.00234
-0.298376;0.266405;0;-1.1754;-10.3874;7.7695;-7.08284
-0.301701;0.262634;0;-1.18855;-10.5119;7.85779;-7.16332
-0.304977;0.258822;0;-1.2017;-10.6364;7.94605;-7.24378
-0.308205;0.25497;0;-1.21484;-10.761;8.03426;-7.32419
-0.311385;0.251077;0;-1.22797;-10.8855;8.12241;-7.40456
-0.314515;0.247144;0;-1.24109;-11.01;8.21049;-7.48485
-0.317596;0.243172;0;-1.2534;-11.1289;8.2927;-7.5598
-0.320627;0.239162;0;-1.26411;-11.2277;8.36385;-7.62466
-0.323607;0.235114;0;-1.27483;-11.3266;8.43505;-7.68957
-0.326536;0.231029;0;-1.28556;-11.4257;8.5063;-7.75452
-0.329413;0.226908;0;-1.2963;-11.5248;8.57758;-7.8195
-0.332238;0.22275;0;-1.30704;-11.624;8.64888;-7.8845
-0.335011;0.218558;0;-1.31778;-11.7234;8.72019;-7.9495
-0.337731;0.214331;0;-1.3284;-11.8242;8.7904;-8.01351
-0.340398;0.21007;0;-1.339;-11.9228;8.86063;-8.07754
-0.343011;0.205776;0;-1.34959;-12.0213;8.93086;-8.14155
-0.345569;0.201449;0;-1.36019;-12.1197;9.00106;-8.20555
-0.348074;0.197091;0;-1.37077;-12.218;9.07122;-8.26951
-0.350523;0.192701;0;-1.38135;-12.3163;9.14134;-8.33343
-0.352916;0.188282;0;-1.39192;-12.4144;9.21139;-8.3973
-0.355255;0.183832;0;-1.40159;-12.5061;9.27464;-8.45495
-0.357537;0.179353;0;-1.40964;-12.5814;9.32689;-8.50258
-0.359762;0.174846;0;-1.41773;-12.6569;9.37934;-8.5504
-0.361931;0.170312;0;-1.42582;-12.7323;9.43181;-8.59823
-0.364042;0.16575;0;-1.4339;-12.8077;9.48428;-8.64607
-0.366096;0.161163;0;-1.44199;-12.883;9.53676;-8.6939
-0.368093;0.156549;0;-1.45008;-12.9583;9.58922;-8.74173
-0.370031;0.151912;0;-1.45816;-13.0334;9.64166;-8.78953
-0.371911;0.14725;0;-1.46623;-13.1084;9.69408;-8.83732
-0.373732;0.142565;0;-1.4743;-13.1833;9.74646;-8.88507
-0.375494;0.137857;0;-1.48237;-13.2581;9.7988;-8.93278
-0.377196;0.133128;0;-1.49021;-13.3305;9.84958;-8.97907
-0.378839;0.128377;0;-1.4959;-13.3868;9.88497;-9.01134
-0.380423;0.123607;0;-1.50124;-13.441;9.9177;-9.04118
-0.381946;0.118817;0;-1.50657;-13.4952;9.95046;-9.07104
-0.383409;0.114008;0;-1.51191;-13.5495;9.98323;-9.10092
-0.384811;0.109181;0;-1.51725;-13.6036;10.016;-9.1308
-0.386153;0.104337;0;-1.52259;-13.6578;10.0488;-9.1607
-0.387433;0.099476;0;-1.52793;-13.712;10.0816;-9.19059
-0.388653;0.0945996;0;-1.53327;-13.766;10.1144;-9.22048
-0.389811;0.0897083;0;-1.5386;-13.8201;10.1472;-9.25036
-0.390907;0.0848028;0;-1.54394;-13.874;10.1799;-9.28023
-0.391942;0.079884;0;-1.54927;-13.9279;10.2127;-9.31008
-0.392915;0.0749525;0;-1.55459;-13.9818;10.2454;-9.33991
-0.393826;0.0700092;0;-1.55992;-14.0355;10.2781;-9.36971
-0.394674;0.0650549;0;-1.56519;-14.0889;10.3105;-9.39924
-0.395461;0.0600902;0;-1.56769;-14.117;10.3233;-9.41096
-0.396185;0.0551161;0;-1.56988;-14.1415;10.3342;-9.42082
-0.396846;0.0501333;0;-1.57207;-14.1661;10.345;-9.43069
-0.397445;0.0451426;0;-1.57426;-14.1905;10.3558;-9.44056
-0.39798;0.0401447;0;-1.57645;-14.215;10.3666;-9.45042
-0.398453;0.0351405;0;-1.57857;-14.2372;10.3772;-9.46004
-0.398864;0.0301307;0;-1.58068;-14.2604;10.3874;-9.46937
-0.399211;0.0251162;0;-1.58277;-14.2844;10.3975;-9.47862
-0.399495;0.0200977;0;-1.58487;-14.3084;10.4077;-9.48786
-0.399716;0.0150761;0;-1.58697;-14.3324;10.4178;-9.49709
-0.399874;0.010052;0;-1.58906;-14.3565;10.4279;-9.50631
-0.399968;0.00502642;0;-1.59115;-14.3806;10.438;-9.51551
-0.4;4.89859e-17;0;-1.59324;-14.4047;10.4481;-9.52471
-0.399968;-0.00502642;0;-1.59279;-14.3994;10.4411;-9.51833
-0.399874;-0.010052;0;-1.59182;-14.389;10.4305;-9.50864
-0.399716;-0.0150761;0;-1.59085;-14.3787;10.4198;-9.49894
-0.399495;-0.0200977;0;-1.58988;-14.3685;10.4092;-9.48922
-0.399211;-0.0251162;0;-1.5889;-14.3583;10.3985;-9.47949
-0.398864;-0.0301307;0;-1.58793;-14.3481;10.3878;-9.46975
-0.398453;-0.0351405;0;-1.58696;-14.338;10.3771;-9.46001
-0.39798;-0.0401447;0;-1.58598;-14.3279;10.3664;-9.45026
-0.397445;-0.0451426;0;-1.58501;-14.3179;10.3557;-9.4405
-0.396846;-0.0501333;0;-1.58404;-14.308;10.345;-9.43074
-0.396185;-0.0551161;0;-1.58306;-14.2981;10.3343;-9.42098
-0.395461;-0.0600902;0;-1.58209;-14.2883;10.3236;-9.41122
-0.394674;-0.0650549;0;-1.58111;-14.2785;10.3129;-9.40142
-0.393826;-0.0700092;0;-1.57708;-14.2392;10.2813;-9.37262
-0.392915;-0.0749525;0;-1.57294;-14.1988;10.2489;-9.34308
-0.391942;-0.079884;0;-1.56879;-14.1585;10.2164;-9.31351
-0.390907;-0.0848028;0;-1.56464;-14.1182;10.184;-9.28392
-0.389811;-0.0897083;0;-1.56049;-14.0778;10.1515;-9.25432
-0.388653;-0.0945996;0;-1.55633;-14.0376;10.119;-9.2247
-0.387433;-0.099476;0;-1.55218;-13.9973;10.0865;-9.19507
-0.386153;-0.104337;0;-1.54802;-13.9571;10.054;-9.16543
-0.384811;-0.109181;0;-1.54387;-13.9169;10.0215;-9.1358
-0.383409;-0.114008;0;-1.53972;-13.8768;9.98899;-9.10617
-0.381946;-0.118817;0;-1.53556;-13.8368;9.9565;-9.07655
-0.380423;-0.123607;0;-1.53141;-13.7968;9.92402;-9.04694
-0.378839;-0.128377;0;-1.52702;-13.7546;9.88994;-9.01587
-0.377196;-0.133128;0;-1.52052;-13.6938;9.84144;-8.97166
-0.375494;-0.137857;0;-1.51401;-13.633;9.7929;-8.92741
-0.373732;-0.142565;0;-1.50751;-13.5723;9.74434;-8.88314
-0.371911;-0.14725;0;-1.50038;-13.5115;9.69098;-8.8345
-0.370031;-0.151912;0;-1.49314;-13.4486;9.63696;-8.78525
-0.368093;-0.156549;0;-1.4859;-13.3856;9.58291;-8.73598
-0.366096;-0.161163;0;-1.47866;-13.3226;9.52883;-8.68668
-0.364042;-0.16575;0;-1.47142;-13.2595;9.47475;-8.63737
-0.361931;-0.170312;0;-1.46417;-13.1964;9.42066;-8.58806
-0.359762;-0.174846;0;-1.45693;-13.1332;9.36657;-8.53876
-0.357537;-0.179353;0;-1.44968;-13.0701;9.3125;-8.48946
-0.355255;-0.183832;0;-1.4415;-13.0016;9.25188;-8.4342
-0.352916;-0.188282;0;-1.43312;-12.9314;9.18985;-8.37766
-0.350523;-0.192701;0;-1.42423;-12.8514;9.12502;-8.31855
-0.348074;-0.197091;0;-1.41475;-12.7631;9.05638;-8.25598
-0.345569;-0.201449;0;-1.40526;-12.6747;8.98771;-8.19338
-0.343011;-0.205776;0;-1.39577;-12.5863;8.91902;-8.13076
-0.340398;-0.21007;0;-1.38628;-12.4978;8.85032;-8.06813
-0.337731;-0.214331;0;-1.37679;-12.4092;8.78161;-8.0055
-0.335011;-0.218558;0;-1.3673;-12.3207;8.71292;-7.94287
-0.332238;-0.22275;0;-1.35781;-12.2322;8.64424;-7.88027
-0.329413;-0.226908;0;-1.34833;-12.1437;8.5756;-7.81769
-0.326536;-0.231029;0;-1.33853;-12.0531;8.50475;-7.75311
-0.323607;-0.235114;0;-1.32861;-11.9631;8.43292;-7.68762
-0.320627;-0.239162;0;-1.3187;-11.8733;8.36112;-7.62217
-0.317596;-0.243172;0;-1.30874;-11.7816;8.28917;-7.55658
-0.314515;-0.247144;0;-1.29698;-11.6632;8.20618;-7.48092
-0.311385;-0.251077;0;-1.28458;-11.5474;8.11792;-7.40046
-0.308205;-0.25497;0;-1.27217;-11.4317;8.02959;-7.31993
-0.304977;-0.258822;0;-1.25976;-11.3158;7.9412;-7.23936
-0.301701;-0.262634;0;-1.24733;-11.2;7.85276;-7.15874
-0.298376;-0.266405;0;-1.2349;-11.0842;7.76429;-7.07809
-0.295005;-0.270133;0;-1.22247;-10.9683;7.67581;-6.99742
-0.291587;-0.273819;0;-1.21004;-10.8525;7.58732;-6.91676
-0.288124;-0.277461;0;-1.19762;-10.7368;7.49884;-6.8361
-0.284614;-0.28106;0;-1.18519;-10.6211;7.41039;-6.75546
-0.28106;-0.284614;0;-1.17277;-10.5055;7.32197;-6.67486
-0.277461;-0.288124;0;-1.15955;-10.3701;7.2296;-6.59065
-0.273819;-0.291587;0;-1.14601;-10.2303;7.13517;-6.50456
-0.270133;-0.295005;0;-1.13195;-10.0975;7.03625;-6.41439
-0.266405;-0.298376;0;-1.11757;-9.96204;6.93506;-6.32214
-0.262634;-0.301701;0;-1.10318;-9.82657;6.83382;-6.22985
-0.258822;-0.304977;0;-1.08879;-9.69106;6.73254;-6.13752
-0.25497;-0.308205;0;-1.0744;-9.55555;6.63125;-6.04518
-0.251077;-0.311385;0;-1.06001;-9.42004;6.52995;-5.95283
-0.247144;-0.314515;0;-1.04562;-9.28456;6.42866;-5.8605
-0.243172;-0.317596;0;-1.03123;-9.14914;6.32741;-5.7682
-0.239162;-0.320627;0;-1.01685;-9.01378;6.2262;-5.67593
-0.235114;-0.323607;0;-1.00248;-8.87852;6.12505;-5.58372
-0.231029;-0.326536;0;-0.988118;-8.74338;6.02398;-5.49159
-0.226908;-0.329413;0;-0.97328;-8.59874;5.92041;-5.39717
-0.22275;-0.332238;0;-0.957372;-8.43839;5.81033;-5.29682
-0.218558;-0.335011;0;-0.941278;-8.28841;5.69802;-5.19443
-0.214331;-0.337731;0;-0.925032;-8.13739;5.58462;-5.09105
-0.21007;-0.340398;0;-0.908779;-7.9863;5.47116;-4.98762
-0.205776;-0.343011;0;-0.892519;-7.83517;5.35766;-4.88415
-0.201449;-0.345569;0;-0.876257;-7.68403;5.24414;-4.78067
-0.197091;-0.348074;0;-0.859994;-7.53289;5.13062;-4.67718
-0.192701;-0.350523;0;-0.843733;-7.38179;5.01711;-4.5737
-0.188282;-0.352916;0;-0.827476;-7.23075;4.90363;-4.47025
-0.183832;-0.355255;0;-0.811227;-7.07978;4.7902;-4.36684
-0.179353;-0.357537;0;-0.794987;-6.92892;4.67684;-4.2635
-0.174846;-0.359762;0;-0.77876;-6.77818;4.56356;-4.16024
-0.170312;-0.361931;0;-0.761728;-6.61057;4.44612;-4.05317
-0.16575;-0.364042;0;-0.744203;-6.4471;4.3248;-3.94258
-0.161163;-0.366096;0;-0.726509;-6.28295;4.20225;-3.83085
-0.156549;-0.368093;0;-0.708802;-6.11869;4.07961;-3.71905
-0.151912;-0.370031;0;-0.691087;-5.95436;3.95691;-3.6072
-0.14725;-0.371911;0;-0.673367;-5.78997;3.83417;-3.49531
-0.142565;-0.373732;0;-0.655643;-5.62556;3.71141;-3.3834
-0.137857;-0.375494;0;-0.637918;-5.46116;3.58865;-3.27149
-0.133128;-0.377196;0;-0.620197;-5.29677;3.46591;-3.1596
-0.128377;-0.378839;0;-0.60248;-5.13245;3.34321;-3.04773
-0.123607;-0.380423;0;-0.584772;-4.9682;3.22056;-2.93592
-0.118817;-0.381946;0;-0.567074;-4.80405;3.09798;-2.82418
-0.114008;-0.383409;0;-0.54939;-4.64004;2.9755;-2.71253
-0.109181;-0.384811;0;-0.53173;-4.47577;2.85326;-2.60109
-0.104337;-0.386153;0;-0.513057;-4.29751;2.72519;-2.48434
-0.099476;-0.387433;0;-0.494362;-4.12075;2.59684;-2.36733
-0.0945996;-0.388653;0;-0.475657;-3.94388;2.46842;-2.25026
-0.0897083;-0.389811;0;-0.456944;-3.76694;2.33994;-2.13314
-0.0848028;-0.390907;0;-0.438232;-3.58992;2.21153;-2.01608
-0.079884;-0.391942;0;-0.41949;-3.41296;2.08288;-1.8988
-0.0749525;-0.392915;0;-0.40074;-3.23605;1.95415;-1.78144
-0.0700092;-0.393826;0;-0.381993;-3.05917;1.82543;-1.6641
-0.0650549;-0.394674;0;-0.363253;-2.88236;1.69675;-1.54679
-0.0600902;-0.395461;0;-0.344521;-2.70565;1.56813;-1.42954
-0.0551161;-0.396185;0;-0.325801;-2.52906;1.4396;-1.31237
-0.0501333;-0.396846;0;-0.306839;-2.35053;1.30986;-1.19409
-0.0451426;-0.397445;0;-0.287609;-2.16466;1.17895;-1.07475
-0.0401447;-0.39798;0;-0.268368;-1.97871;1.04796;-0.955343
-0.0351405;-0.398453;0;-0.24912;-1.79271;0.916923;-0.835886
-0.0301307;-0.398864;0;-0.229914;-1.60798;0.786065;-0.716593
-0.0251162;-0.399211;0;-0.210648;-1.4222;0.654901;-0.597021
-0.0200977;-0.399495;0;-0.191381;-1.23638;0.523728;-0.477441
-0.0150761;-0.399716;0;-0.172115;-1.05056;0.392567;-0.357872
-0.010052;-0.399874;0;-0.152854;-0.864766;0.261438;-0.238333
-0.00502642;-0.399968;0;-0.1336;-0.679029;0.130363;-0.118842
-7.34788e-17;-0.4;0;-0.114356;-0.493379;-0.000637397;0.000581064
0.00502642;-0.399968;0;-0.0952315;-0.308928;-0.13061;0.119067
0.010052;-0.399874;0;-0.0759535;-0.123128;-0.261107;0.238031
0.0150761;-0.399716;0;-0.0566591;0.062848;-0.391713;0.357093
0.0200977;-0.399495;0;-0.0373511;0.24897;-0.522406;0.476236
0.0251162;-0.399211;0;-0.0180327;0.43521;-0.653168;0.595441
0.0301307;-0.398864;0;0.0012931;0.621537;-0.783975;0.714688
0.0351405;-0.398453;0;0.0206232;0.807922;-0.914809;0.833959
0.0401447;-0.39798;0;0.0399546;0.994336;-1.04565;0.953235
0.0451426;-0.397445;0;0.0592842;1.18075;-1.17647;1.0725
0.0501333;-0.396846;0;0.078609;1.36713;-1.30726;1.19173
0.0551161;-0.396185;0;0.0980167;1.56688;-1.43736;1.31032
0.0600902;-0.395461;0;0.117498;1.76768;-1.56791;1.42934
0.0650549;-0.394674;0;0.136487;1.95909;-1.69502;1.54521
0.0700092;-0.393826;0;0.155779;2.15335;-1.82415;1.66293
0.0749525;-0.392915;0;0.175073;2.34766;-1.95329;1.78066
0.079884;-0.391942;0;0.194367;2.54199;-2.08242;1.89838
0.0848028;-0.390907;0;0.213233;2.72995;-2.20874;2.01353
0.0897083;-0.389811;0;0.232195;2.91468;-2.33605;2.12959
0.0945996;-0.388653;0;0.251161;3.09942;-2.4634;2.24568
0.099476;-0.387433;0;0.270129;3.28414;-2.59076;2.36179
0.104337;-0.386153;0;0.289096;3.46882;-2.71811;2.47789
0.109181;-0.384811;0;0.308058;3.65343;-2.84544;2.59396
0.114008;-0.383409;0;0.327013;3.83792;-2.97272;2.70999
0.118817;-0.381946;0;0.345253;4.02033;-3.09429;2.82082
0.123607;-0.380423;0;0.363786;4.20869;-3.21726;2.93292
0.128377;-0.378839;0;0.382328;4.39712;-3.3403;3.04508
0.133128;-0.377196;0;0.400877;4.5856;-3.46338;3.15729
0.137857;-0.375494;0;0.419429;4.77408;-3.58648;3.26951
0.142565;-0.373732;0;0.437982;4.96255;-3.7096;3.38174
0.14725;-0.371911;0;0.456532;5.15096;-3.83269;3.49396
0.151912;-0.370031;0;0.475077;5.3393;-3.95576;3.60615
0.156549;-0.368093;0;0.493613;5.52753;-4.07877;3.71829
0.161163;-0.366096;0;0.512138;5.71563;-4.20172;3.83037
0.16575;-0.364042;0;0.53065;5.90356;-4.32457;3.94237
0.170312;-0.361931;0;0.548808;6.0845;-4.44525;4.05238
0.174846;-0.359762;0;0.5665;6.26051;-4.56254;4.15931
0.179353;-0.357537;0;0.583924;6.44695;-4.67634;4.26305
0.183832;-0.355255;0;0.601358;6.63345;-4.79021;4.36685
0.188282;-0.352916;0;0.6188;6.81999;-4.90414;4.47071
0.192701;-0.350523;0;0.636248;7.00655;-5.01811;4.57461
0.197091;-0.348074;0;0.653698;7.19308;-5.13209;4.67852
0.201449;-0.345569;0;0.671147;7.37956;-5.24609;4.78244
0.205776;-0.343011;0;0.688594;7.56596;-5.36006;4.88634
0.21007;-0.340398;0;0.706034;7.75226;-5.47401;4.99022
0.214331;-0.337731;0;0.723466;7.93841;-5.5879;5.09404
0.218558;-0.335011;0;0.740886;8.1244;-5.70172;5.19781
0.22275;-0.332238;0;0.758293;8.31019;-5.81546;5.30149
0.226908;-0.329413;0;0.775033;8.4879;-5.92449;5.40089
0.231029;-0.326536;0;0.790964;8.67308;-6.0261;5.49351
0.235114;-0.323607;0;0.806908;8.85837;-6.12778;5.58621
0.239162;-0.320627;0;0.822862;9.04374;-6.22954;5.67897
0.243172;-0.317596;0;0.838823;9.22916;-6.33135;5.77178
0.247144;-0.314515;0;0.854789;9.4146;-6.43319;5.86463
0.251077;-0.311385;0;0.870758;9.60003;-6.53505;5.95749
0.25497;-0.308205;0;0.886727;9.78543;-6.63692;6.05035
0.258822;-0.304977;0;0.902693;9.97076;-6.73877;6.1432
0.262634;-0.301701;0;0.918653;10.156;-6.84059;6.23603
0.266405;-0.298376;0;0.934607;10.3411;-6.94237;6.32881
0.270133;-0.295005;0;0.95055;10.526;-7.04409;6.42154
0.273819;-0.291587;0;0.96648;10.7108;-7.14574;6.5142
0.277461;-0.288124;0;0.982132;10.892;-7.24549;6.60513
0.28106;-0.284614;0;0.996468;11.0671;-7.33512;6.68684
0.284614;-0.28106;0;1.01058;11.2445;-7.42262;6.76661
0.288124;-0.277461;0;1.02469;11.4218;-7.51016;6.84641
0.291587;-0.273819;0;1.03881;11.5991;-7.59773;6.92625
0.295005;-0.270133;0;1.05293;11.7764;-7.68533;7.0061
0.298376;-0.266405;0;1.06705;11.9536;-7.77292;7.08595
0.301701;-0.262634;0;1.08116;12.1307;-7.86051;7.1658
0.304977;-0.258822;0;1.09527;12.3077;-7.94807;7.24563
0.308205;-0.25497;0;1.10938;12.4845;-8.0356;7.32542
0.311385;-0.251077;0;1.12347;12.6612;-8.12307;7.40516
0.314515;-0.247144;0;1.13756;12.8376;-8.21048;7.48485
0.317596;-0.243172;0;1.15126;13.0111;-8.29495;7.56184
0.320627;-0.239162;0;1.16302;13.1691;-8.36563;7.62628
0.323607;-0.235114;0;1.17479;13.3271;-8.43637;7.69077
0.326536;-0.231029;0;1.18656;13.4852;-8.50716;7.7553
0.329413;-0.226908;0;1.19834;13.6434;-8.57798;7.81986
0.332238;-0.22275;0;1.21013;13.8015;-8.64883;7.88445
0.335011;-0.218558;0;1.22191;13.9596;-8.71969;7.94905
0.337731;-0.214331;0;1.2337;14.1177;-8.79056;8.01365
0.340398;-0.21007;0;1.24548;14.2756;-8.86142;8.07825
0.343011;-0.205776;0;1.25726;14.4335;-8.93225;8.14282
0.345569;-0.201449;0;1.26904;14.5913;-9.00306;8.20737
0.348074;-0.197091;0;1.2808;14.7489;-9.07383;8.27189
0.350523;-0.192701;0;1.29256;14.9064;-9.14454;8.33635
0.352916;-0.188282;0;1.30431;15.0637;-9.21519;8.40075
0.355255;-0.183832;0;1.31476;15.2101;-9.27672;8.45685
0.357537;-0.179353;0;1.32385;15.3423;-9.32924;8.50472
0.359762;-0.174846;0;1.33294;15.4746;-9.38178;8.55262
0.361931;-0.170312;0;1.34162;15.5983;-9.43202;8.59842
0.364042;-0.16575;0;1.35025;15.7227;-9.4819;8.6439
0.366096;-0.161163;0;1.35889;15.8473;-9.53181;8.68939
0.368093;-0.156549;0;1.36753;15.9719;-9.58171;8.73489
0.370031;-0.151912;0;1.37617;16.0965;-9.63162;8.78038
0.371911;-0.14725;0;1.38481;16.2212;-9.68151;8.82587
0.373732;-0.142565;0;1.39345;16.3459;-9.73139;8.87133
0.375494;-0.137857;0;1.40208;16.4706;-9.78124;8.91678
0.377196;-0.133128;0;1.41071;16.5953;-9.83106;8.96219
0.378839;-0.128377;0;1.41915;16.7124;-9.88061;9.00737
0.380423;-0.123607;0;1.42657;16.8082;-9.92526;9.04807
0.381946;-0.118817;0;1.43205;16.8796;-9.95751;9.07747
0.383409;-0.114008;0;1.43754;16.9512;-9.98978;9.10689
0.384811;-0.109181;0;1.44304;17.0228;-10.0221;9.13631
0.386153;-0.104337;0;1.44829;17.0928;-10.0527;9.16424
0.387433;-0.099476;0;1.45309;17.1572;-10.0803;9.18942
0.388653;-0.0945996;0;1.45789;17.2216;-10.1079;9.2146
0.389811;-0.0897083;0;1.46269;17.286;-10.1356;9.23979
0.390907;-0.0848028;0;1.46749;17.3504;-10.1632;9.26498
0.391942;-0.079884;0;1.47229;17.4147;-10.1908;9.29017
0.392915;-0.0749525;0;1.47709;17.479;-10.2184;9.31534
0.393826;-0.0700092;0;1.48189;17.5433;-10.2461;9.34051
0.394674;-0.0650549;0;1.48669;17.6074;-10.2736;9.36566
0.395461;-0.0600902;0;1.49148;17.6715;-10.3012;9.3908
0.396185;-0.0551161;0;1.49408;17.6869;-10.3179;9.40603
0.396846;-0.0501333;0;1.49579;17.6806;-10.3304;9.41739
0.397445;-0.0451426;0;1.49749;17.6743;-10.3429;9.42876
0.39798;-0.0401447;0;1.49854;17.6564;-10.3516;9.43677
0.398453;-0.0351405;0;1.49901;17.6282;-10.3574;9.442
0.398864;-0.0301307;0;1.49948;17.6;-10.3631;9.44723
0.399211;-0.0251162;0;1.49995;17.5718;-10.3689;9.45246
0.399495;-0.0200977;0;1.50043;17.5436;-10.3746;9.45769
0.399716;-0.0150761;0;1.5009;17.5154;-10.3803;9.46293
0.399874;-0.010052;0;1.50137;17.4871;-10.3861;9.46816
0.399968;-0.00502642;0;1.50184;17.4589;-10.3918;9.47339
