0.4;0;0;2.53331;24.5687;-10.3975;9.47853
0.399968;0.00502642;0;2.53184;24.5535;-10.3915;9.47309
0.399874;0.010052;0;2.53034;24.5379;-10.3854;9.46754
0.399716;0.0150761;0;2.52885;24.5224;-10.3793;9.46199
0.399495;0.0200977;0;2.52735;24.5069;-10.3732;9.45644
0.399211;0.0251162;0;2.52585;24.4913;-10.3671;9.45089
0.398864;0.0301307;0;2.52435;24.4758;-10.361;9.44534
0.398453;0.0351405;0;2.52286;24.4603;-10.355;9.43979
0.39798;0.0401447;0;2.52136;24.4447;-10.3489;9.43425
0.397445;0.0451426;0;2.51865;24.4182;-10.3377;9.42406
0.396846;0.0501333;0;2.5153;24.3859;-10.3238;9.41143
0.396185;0.0551161;0;2.51194;24.3536;-10.31;9.3988
0.395461;0.0600902;0;2.50859;24.3212;-10.2961;9.38617
0.394674;0.0650549;0;2.50254;24.261;-10.2713;9.36354
0.393826;0.0700092;0;2.49593;24.195;-10.2442;9.33879
0.392915;0.0749525;0;2.4893;24.129;-10.217;9.31402
0.391942;0.079884;0;2.48268;24.0629;-10.1898;9.28924
0.390907;0.0848028;0;2.47605;23.9969;-10.1626;9.26445
0.389811;0.0897083;0;2.46943;23.9308;-10.1354;9.23966
0.388653;0.0945996;0;2.4628;23.8647;-10.1082;9.21487
0.387433;0.099476;0;2.45617;23.7986;-10.081;9.19008
0.386153;0.104337;0;2.44919;23.7294;-10.0524;9.16394
0.384811;0.109181;0;2.44105;23.6496;-10.0189;9.13341
0.383409;0.114008;0;2.43292;23.5698;-9.98538;9.10287
0.381946;0.118817;0;2.42479;23.4901;-9.95189;9.07235
0.380423;0.123607;0;2.41665;23.4103;-9.91841;9.04183
0.378839;0.128377;0;2.40606;23.3062;-9.87486;9.00212
0.377196;0.133128;0;2.39388;23.1862;-9.82477;8.95646
0.375494;0.137857;0;2.38175;23.0666;-9.7749;8.911
0.373732;0.142565;0;2.36962;22.947;-9.72504;8.86554
0.371911;0.14725;0;2.35749;22.8274;-9.67515;8.82006
0.370031;0.151912;0;2.34535;22.7077;-9.62524;8.77457
0.368093;0.156549;0;2.33321;22.588;-9.57532;8.72906
0.366096;0.161163;0;2.32107;22.4683;-9.52541;8.68356
0.364042;0.16575;0;2.30894;22.3486;-9.4755;8.63806
0.361931;0.170312;0;2.2968;22.229;-9.4256;8.59257
0.359762;0.174846;0;2.28467;22.1094;-9.37573;8.5471
0.357537;0.179353;0;2.27255;21.9899;-9.32588;8.50167
0.355255;0.183832;0;2.26044;21.8704;-9.27608;8.45626
0.352916;0.188282;0;2.24579;21.7264;-9.21582;8.40133
0.350523;0.192701;0;2.22864;21.5582;-9.14527;8.33702
0.348074;0.197091;0;2.21148;21.3898;-9.07466;8.27265
0.345569;0.201449;0;2.1943;21.2213;-9.004;8.20823
0.343011;0.205776;0;2.17711;21.0527;-8.93329;8.14377
0.340398;0.21007;0;2.15992;20.884;-8.86256;8.07929
0.337731;0.214331;0;2.14272;20.7153;-8.7918;8.01479
0.335011;0.218558;0;2.12552;20.5466;-8.72104;7.95028
0.332238;0.22275;0;2.10832;20.3779;-8.65028;7.88577
0.329413;0.226908;0;2.09112;20.2092;-8.57953;7.82128
0.326536;0.231029;0;2.07393;20.0406;-8.50881;7.75681
0.323607;0.235114;0;2.05673;19.8719;-8.43804;7.69229
0.320627;0.239162;0;2.03948;19.7027;-8.36706;7.62759
0.317596;0.243172;0;2.02224;19.5337;-8.29614;7.56293
0.314515;0.247144;0;2.00253;19.3409;-8.21503;7.48899
0.311385;0.251077;0;1.98132;19.1336;-8.12775;7.40943
0.308205;0.25497;0;1.96009;18.9261;-8.04041;7.3298
0.304977;0.258822;0;1.93884;18.7185;-7.95297;7.25009
0.301701;0.262634;0;1.91756;18.5105;-7.8654;7.17026
0.298376;0.266405;0;1.89626;18.3024;-7.77775;7.09036
0.295005;0.270133;0;1.87493;18.0941;-7.69;7.01036
0.291587;0.273819;0;1.85361;17.8857;-7.60224;6.93036
0.288124;0.277461;0;1.83229;17.6774;-7.5145;6.85037
0.284614;0.28106;0;1.81097;17.4691;-7.42679;6.77041
0.28106;0.284614;0;1.78967;17.261;-7.33912;6.69049
0.277461;0.288124;0;1.76803;17.0497;-7.25009;6.60933
0.273819;0.291587;0;1.74337;16.8096;-7.14859;6.5168
0.270133;0.295005;0;1.71868;16.5693;-7.047;6.42419
0.266405;0.298376;0;1.69398;16.3288;-6.94533;6.3315
0.262634;0.301701;0;1.66926;16.0882;-6.8436;6.23876
0.258822;0.304977;0;1.64453;15.8475;-6.74182;6.14598
0.25497;0.308205;0;1.61979;15.6067;-6.64002;6.05318
0.251077;0.311385;0;1.59505;15.3657;-6.53816;5.96032
0.247144;0.314515;0;1.57029;15.1248;-6.43629;5.86745
0.243172;0.317596;0;1.54552;14.8837;-6.33433;5.77451
0.239162;0.320627;0;1.52076;14.6427;-6.23241;5.68159
0.235114;0.323607;0;1.49601;14.4018;-6.13054;5.58873
0.231029;0.326536;0;1.47127;14.161;-6.02873;5.49592
0.226908;0.329413;0;1.44655;13.9204;-5.92701;5.40318
0.22275;0.332238;0;1.42031;13.6655;-5.81898;5.30471
0.218558;0.335011;0;1.39267;13.3974;-5.7052;5.20098
0.214331;0.337731;0;1.36501;13.1292;-5.59133;5.09717
0.21007;0.340398;0;1.33733;12.8607;-5.47739;4.9933
0.205776;0.343011;0;1.30963;12.5921;-5.3634;4.88939
0.201449;0.345569;0;1.28193;12.3235;-5.24938;4.78544
0.197091;0.348074;0;1.25423;12.0548;-5.13533;4.68148
0.192701;0.350523;0;1.22653;11.7861;-5.02129;4.57751
0.188282;0.352916;0;1.19883;11.5175;-4.90727;4.47357
0.183832;0.355255;0;1.17114;11.2489;-4.79329;4.36966
0.179353;0.357537;0;1.14346;10.9805;-4.67936;4.2658
0.174846;0.359762;0;1.1158;10.7123;-4.56551;4.16201
0.170312;0.361931;0;1.08779;10.4407;-4.45019;4.05688
0.16575;0.364042;0;1.05791;10.152;-4.32716;3.94472
0.161163;0.366096;0;1.02788;9.8619;-4.20352;3.83202
0.156549;0.368093;0;0.997828;9.57152;-4.07976;3.7192
0.151912;0.370031;0;0.967747;9.28089;-3.9559;3.60628
0.14725;0.371911;0;0.937646;8.99006;-3.83195;3.49329
0.142565;0.373732;0;0.907528;8.69908;-3.70794;3.38023
0.137857;0.375494;0;0.8774;8.40798;-3.58387;3.26713
0.133128;0.377196;0;0.847264;8.11682;-3.45978;3.15401
0.128377;0.378839;0;0.817127;7.82564;-3.33569;3.04088
0.123607;0.380423;0;0.786992;7.5345;-3.2116;2.92776
0.118817;0.381946;0;0.757592;7.25046;-3.09056;2.81741
0.114008;0.383409;0;0.726729;6.95231;-2.9635;2.70159
0.109181;0.384811;0;0.695852;6.65403;-2.83639;2.58571
0.104337;0.386153;0;0.664966;6.35567;-2.70924;2.4698
0.099476;0.387433;0;0.634077;6.05727;-2.58208;2.35388
0.0945996;0.388653;0;0.603189;5.75888;-2.45493;2.23796
0.0897083;0.389811;0;0.572306;5.46055;-2.3278;2.12207
0.0848028;0.390907;0;0.541435;5.16232;-2.20071;2.00621
0.079884;0.391942;0;0.51058;4.86425;-2.07369;1.89042
0.0749525;0.392915;0;0.479745;4.56638;-1.94675;1.7747
0.0700092;0.393826;0;0.448935;4.26875;-1.81992;1.65907
0.0650549;0.394674;0;0.418156;3.97142;-1.69321;1.54357
0.0600902;0.395461;0;0.387413;3.67443;-1.56665;1.42819
0.0551161;0.396185;0;0.356709;3.37782;-1.44025;1.31296
0.0501333;0.396846;0;0.32512;3.07319;-1.31019;1.1944
0.0451426;0.397445;0;0.293368;2.76705;-1.17945;1.07521
0.0401447;0.39798;0;0.26158;2.46055;-1.04856;0.955888
0.0351405;0.398453;0;0.22976;2.15376;-0.917538;0.836446
0.0301307;0.398864;0;0.197914;1.84671;-0.786408;0.716906
0.0251162;0.399211;0;0.166047;1.53946;-0.655192;0.597286
0.0200977;0.399495;0;0.134164;1.23205;-0.523908;0.477606
0.0150761;0.399716;0;0.102269;0.924532;-0.392579;0.357883
0.010052;0.399874;0;0.0703688;0.616957;-0.261225;0.238138
0.00502642;0.399968;0;0.0384671;0.309371;-0.129866;0.118389
2.44929e-17;0.4;0;0.00656938;0.00182301;0.00147643;-0.00134594
-0.00502642;0.399968;0;-0.0253193;-0.305638;0.132782;-0.121047
-0.010052;0.399874;0;-0.057194;-0.612964;0.264029;-0.240695
-0.0150761;0.399716;0;-0.0890496;-0.920106;0.395199;-0.360271
-0.0200977;0.399495;0;-0.120881;-1.22702;0.526268;-0.479757
-0.0251162;0.399211;0;-0.152684;-1.53365;0.657218;-0.599134
-0.0301307;0.398864;0;-0.184452;-1.83995;0.788028;-0.718382
-0.0351405;0.398453;0;-0.215921;-2.14346;0.917577;-0.836482
-0.0401447;0.39798;0;-0.247257;-2.44582;1.04657;-0.954072
-0.0451426;0.397445;0;-0.278588;-2.74811;1.17557;-1.07168
-0.0501333;0.396846;0;-0.309943;-3.05065;1.30468;-1.18938
-0.0551161;0.396185;0;-0.341319;-3.35338;1.43388;-1.30715
-0.0600902;0.395461;0;-0.372711;-3.65625;1.56313;-1.42499
-0.0650549;0.394674;0;-0.404112;-3.95923;1.69243;-1.54286
-0.0700092;0.393826;0;-0.435519;-4.26226;1.82175;-1.66075
-0.0749525;0.392915;0;-0.466926;-4.56529;1.95108;-1.77864
-0.079884;0.391942;0;-0.498329;-4.86828;2.08038;-1.89652
-0.0848028;0.390907;0;-0.529723;-5.17118;2.20965;-2.01436
-0.0897083;0.389811;0;-0.561101;-5.47394;2.33885;-2.13214
-0.0945996;0.388653;0;-0.592461;-5.77652;2.46797;-2.24986
-0.099476;0.387433;0;-0.623796;-6.07885;2.597;-2.36748
-0.104337;0.386153;0;-0.654705;-6.37725;2.72424;-2.48347
-0.109181;0.384811;0;-0.684845;-6.66857;2.84829;-2.59656
-0.114008;0.383409;0;-0.714735;-6.95755;2.97136;-2.70875
-0.118817;0.381946;0;-0.744649;-7.24675;3.09452;-2.82103
-0.123607;0.380423;0;-0.774581;-7.53613;3.21776;-2.93338
-0.128377;0.378839;0;-0.804526;-7.82565;3.34106;-3.04578
-0.133128;0.377196;0;-0.834481;-8.11525;3.46439;-3.15821
-0.137857;0.375494;0;-0.86444;-8.40489;3.58774;-3.27066
-0.142565;0.373732;0;-0.894398;-8.69453;3.71109;-3.3831
-0.14725;0.371911;0;-0.924351;-8.98412;3.83441;-3.49553
-0.151912;0.370031;0;-0.954171;-9.27246;3.95718;-3.60744
-0.156549;0.368093;0;-0.984002;-9.56096;4.07999;-3.7194
-0.161163;0.366096;0;-1.01382;-9.84932;4.20274;-3.8313
-0.16575;0.364042;0;-1.04361;-10.1375;4.3254;-3.94312
-0.170312;0.361931;0;-1.07338;-10.4254;4.44796;-4.05485
-0.174846;0.359762;0;-1.10201;-10.7027;4.56581;-4.16228
-0.179353;0.357537;0;-1.1295;-10.9695;4.67898;-4.26545
-0.183832;0.355255;0;-1.15702;-11.2364;4.79223;-4.3687
-0.188282;0.352916;0;-1.18455;-11.5036;4.90556;-4.47201
-0.192701;0.350523;0;-1.21209;-11.7708;5.01893;-4.57536
-0.197091;0.348074;0;-1.23964;-12.0381;5.13234;-4.67875
-0.201449;0.345569;0;-1.2672;-12.3055;5.24576;-4.78214
-0.205776;0.343011;0;-1.29475;-12.5728;5.35918;-4.88554
-0.21007;0.340398;0;-1.3223;-12.8401;5.47258;-4.98891
-0.214331;0.337731;0;-1.34984;-13.1073;5.58594;-5.09225
-0.218558;0.335011;0;-1.37737;-13.3744;5.69924;-5.19554
-0.22275;0.332238;0;-1.40452;-13.638;5.81103;-5.29745
-0.226908;0.329413;0;-1.43128;-13.8979;5.9212;-5.39789
-0.231029;0.326536;0;-1.45566;-14.1352;6.02155;-5.48937
-0.235114;0.323607;0;-1.48038;-14.3758;6.12329;-5.58211
-0.239162;0.320627;0;-1.50511;-14.6166;6.22509;-5.67492
-0.243172;0.317596;0;-1.52986;-14.8575;6.32695;-5.76778
-0.247144;0.314515;0;-1.55462;-15.0985;6.42884;-5.86066
-0.251077;0.311385;0;-1.57938;-15.3395;6.53075;-5.95357
-0.25497;0.308205;0;-1.60414;-15.5805;6.63267;-6.04648
-0.258822;0.304977;0;-1.6289;-15.8216;6.73457;-6.13937
-0.262634;0.301701;0;-1.65365;-16.0625;6.83644;-6.23224
-0.266405;0.298376;0;-1.67839;-16.3033;6.93827;-6.32507
-0.270133;0.295005;0;-1.70312;-16.544;7.04004;-6.41784
-0.273819;0.291587;0;-1.72783;-16.7845;7.14173;-6.51054
-0.277461;0.288124;0;-1.75103;-17.011;7.2372;-6.59758
-0.28106;0.284614;0;-1.77312;-17.2268;7.3281;-6.68044
-0.284614;0.28106;0;-1.79455;-17.4361;7.41633;-6.76088
-0.288124;0.277461;0;-1.816;-17.6455;7.5046;-6.84135
-0.291587;0.273819;0;-1.83745;-17.855;7.59289;-6.92184
-0.295005;0.270133;0;-1.85891;-18.0645;7.6812;-7.00234
-0.298376;0.266405;0;-1.88036;-18.2739;7.7695;-7.08284
-0.301701;0.262634;0;-1.90181;-18.4834;7.85779;-7.16332
-0.304977;0.258822;0;-1.92325;-18.6928;7.94605;-7.24378
-0.308205;0.25497;0;-1.94469;-18.902;8.03426;-7.32419
-0.311385;0.251077;0;-1.9661;-19.1111;8.12241;-7.40456
-0.314515;0.247144;0;-1.9875;-19.3201;8.21049;-7.48485
-0.317596;0.243172;0;-2.00747;-19.5154;8.2927;-7.5598
-0.320627;0.239162;0;-2.02476;-19.6848;8.36385;-7.62466
-0.323607;0.235114;0;-2.04206;-19.8543;8.43505;-7.68957
-0.326536;0.231029;0;-2.05937;-20.024;8.5063;-7.75452
-0.329413;0.226908;0;-2.07669;-20.1937;8.57758;-7.8195
-0.332238;0.22275;0;-2.09402;-20.3634;8.64888;-7.8845
-0.335011;0.218558;0;-2.11134;-20.5332;8.72019;-7.9495
-0.337731;0.214331;0;-2.12841;-20.7006;8.7904;-8.01351
-0.340398;0.21007;0;-2.14548;-20.8682;8.86063;-8.07754
-0.343011;0.205776;0;-2.16255;-21.0357;8.93086;-8.14155
-0.345569;0.201449;0;-2.17961;-21.2031;9.00106;-8.20555
-0.348074;0.197091;0;-2.19666;-21.3705;9.07122;-8.26951
-0.350523;0.192701;0;-2.21371;-21.5378;9.14134;-8.33343
-0.352916;0.188282;0;-2.23074;-21.7049;9.21139;-8.3973
-0.355255;0.183832;0;-2.24611;-21.8561;9.27464;-8.45495
-0.357537;0.179353;0;-2.25881;-21.981;9.32689;-8.50258
-0.359762;0.174846;0;-2.27156;-22.1064;9.37934;-8.5504
-0.361931;0.170312;0;-2.28431;-22.2319;9.43181;-8.59823
-0.364042;0.16575;0;-2.29706;-22.3573;9.48428;-8.64607
-0.366096;0.161163;0;-2.30982;-22.4828;9.53676;-8.6939
-0.368093;0.156549;0;-2.32257;-22.6082;9.58922;-8.74173
-0.370031;0.151912;0;-2.33531;-22.7336;9.64166;-8.78953
-0.371911;0.14725;0;-2.34805;-22.859;9.69408;-8.83732
-0.373732;0.142565;0;-2.36078;-22.9842;9.74646;-8.88507
-0.375494;0.137857;0;-2.37351;-23.1094;9.7988;-8.93278
-0.377196;0.133128;0;-2.38585;-23.2308;9.84958;-8.97907
-0.378839;0.128377;0;-2.39445;-23.3155;9.88497;-9.01134
-0.380423;0.123607;0;-2.4024;-23.3939;9.9177;-9.04118
-0.381946;0.118817;0;-2.41036;-23.4723;9.95046;-9.07104
-0.383409;0.114008;0;-2.41833;-23.5508;9.98323;-9.10092
-0.384811;0.109181;0;-2.4263;-23.6294;10.016;-9.1308
-0.386153;0.104337;0;-2.43427;-23.7079;10.0488;-9.1607
-0.387433;0.099476;0;-2.44223;-23.7865;10.0816;-9.19059
-0.388653;0.0945996;0;-2.4502;-23.865;10.1144;-9.22048
-0.389811;0.0897083;0;-2.45817;-23.9436;10.1472;-9.25036
-0.390907;0.0848028;0;-2.46613;-24.0221;10.1799;-9.28023
-0.391942;0.079884;0;-2.47409;-24.1005;10.2127;-9.31008
-0.392915;0.0749525;0;-2.48204;-24.1789;10.2454;-9.33991
-0.393826;0.0700092;0;-2.48999;-24.2572;10.2781;-9.36971
-0.394674;0.0650549;0;-2.49786;-24.3348;10.3105;-9.39924
-0.395461;0.0600902;0;-2.50098;-24.3656;10.3233;-9.41096
-0.396185;0.0551161;0;-2.50361;-24.3915;10.3342;-9.42082
-0.396846;0.0501333;0;-2.50624;-24.4174;10.345;-9.43069
-0.397445;0.0451426;0;-2.50887;-24.4433;10.3558;-9.44056
-0.39798;0.0401447;0;-2.51149;-24.4691;10.3666;-9.45042
-0.398453;0.0351405;0;-2.51406;-24.4945;10.3772;-9.46004
-0.398864;0.0301307;0;-2.51655;-24.5191;10.3874;-9.46937
-0.399211;0.0251162;0;-2.51901;-24.5435;10.3975;-9.47862
-0.399495;0.0200977;0;-2.52148;-24.568;10.4077;-9.48786
-0.399716;0.0150761;0;-2.52394;-24.5924;10.4178;-9.49709
-0.399874;0.010052;0;-2.5264;-24.6167;10.4279;-9.50631
-0.399968;0.00502642;0;-2.52885;-24.6411;10.438;-9.51551
-0.4;4.89859e-17;0;-2.53131;-24.6654;10.4481;-9.52471
-0.399968;-0.00502642;0;-2.5296;-24.6485;10.4411;-9.51833
-0.399874;-0.010052;0;-2.52702;-24.6229;10.4305;-9.50864
-0.399716;-0.0150761;0;-2.52443;-24.5973;10.4198;-9.49894
-0.399495;-0.0200977;0;-2.52183;-24.5716;10.4092;-9.48922
-0.399211;-0.0251162;0;-2.51924;-24.5459;10.3985;-9.47949
-0.398864;-0.0301307;0;-2.51664;-24.5202;10.3878;-9.46975
-0.398453;-0.0351405;0;-2.51403;-24.4945;10.3771;-9.46001
-0.39798;-0.0401447;0;-2.51143;-24.4687;10.3664;-9.45026
-0.397445;-0.0451426;0;-2.50883;-24.4429;10.3557;-9.4405
-0.396846;-0.0501333;0;-2.50622;-24.4172;10.345;-9.43074
-0.396185;-0.0551161;0;-2.50361;-24.3914;10.3343;-9.42098
-0.395461;-0.0600902;0;-2.50101;-24.3656;10.3236;-9.41122
-0.394674;-0.0650549;0;-2.49839;-24.3398;10.3129;-9.40142
-0.393826;-0.0700092;0;-2.49071;-24.2641;10.2813;-9.37262
-0.392915;-0.0749525;0;-2.48284;-24.1866;10.2489;-9.34308
-0.391942;-0.079884;0;-2.47495;-24.109;10.2164;-9.31351
-0.390907;-0.0848028;0;-2.46707;-24.0313;10.184;-9.28392
-0.389811;-0.0897083;0;-2.45917;-23.9536;10.1515;-9.25432
-0.388653;-0.0945996;0;-2.45127;-23.8758;10.119;-9.2247
-0.387433;-0.099476;0;-2.44337;-23.798;10.0865;-9.19507
-0.386153;-0.104337;0;-2.43547;-23.7202;10.054;-9.16543
-0.384811;-0.109181;0;-2.42757;-23.6424;10.0215;-9.1358
-0.383409;-0.114008;0;-2.41967;-23.5647;9.98899;-9.10617
-0.381946;-0.118817;0;-2.41177;-23.4869;9.9565;-9.07655
-0.380423;-0.123607;0;-2.40388;-23.4092;9.92402;-9.04694
-0.378839;-0.128377;0;-2.39559;-23.3276;9.88994;-9.01587
-0.377196;-0.133128;0;-2.38379;-23.211;9.84144;-8.97166
-0.375494;-0.137857;0;-2.37199;-23.0944;9.7929;-8.92741
-0.373732;-0.142565;0;-2.36017;-22.9777;9.74434;-8.88314
-0.371911;-0.14725;0;-2.34721;-22.8506;9.69098;-8.8345
-0.370031;-0.151912;0;-2.33409;-22.722;9.63696;-8.78525
-0.368093;-0.156549;0;-2.32095;-22.5934;9.58291;-8.73598
-0.366096;-0.161163;0;-2.30782;-22.4646;9.52883;-8.68668
-0.364042;-0.16575;0;-2.29468;-22.3359;9.47475;-8.63737
-0.361931;-0.170312;0;-2.28154;-22.2071;9.42066;-8.58806
-0.359762;-0.174846;0;-2.2684;-22.0784;9.36657;-8.53876
-0.357537;-0.179353;0;-2.25527;-21.9496;9.3125;-8.48946
-0.355255;-0.183832;0;-2.24052;-21.8046;9.25188;-8.4342
-0.352916;-0.188282;0;-2.22543;-21.6561;9.18985;-8.37766
-0.350523;-0.192701;0;-2.20966;-21.501;9.12502;-8.31855
-0.348074;-0.197091;0;-2.19297;-21.3369;9.05638;-8.25598
-0.345569;-0.201449;0;-2.17627;-21.1728;8.98771;-8.19338
-0.343011;-0.205776;0;-2.15957;-21.0085;8.91902;-8.13076
-0.340398;-0.21007;0;-2.14286;-20.8443;8.85032;-8.06813
-0.337731;-0.214331;0;-2.12615;-20.68;8.78161;-8.0055
-0.335011;-0.218558;0;-2.10945;-20.5158;8.71292;-7.94287
-0.332238;-0.22275;0;-2.09275;-20.3516;8.64424;-7.88027
-0.329413;-0.226908;0;-2.07606;-20.1875;8.5756;-7.81769
-0.326536;-0.231029;0;-2.05885;-20.019;8.50475;-7.75311
-0.323607;-0.235114;0;-2.04139;-19.8482;8.43292;-7.68762
-0.320627;-0.239162;0;-2.02395;-19.6776;8.36112;-7.62217
-0.317596;-0.243172;0;-2.00647;-19.5065;8.28917;-7.55658
-0.314515;-0.247144;0;-1.98631;-19.3093;8.20618;-7.48092
-0.311385;-0.251077;0;-1.96487;-19.1;8.11792;-7.40046
-0.308205;-0.25497;0;-1.9434;-18.8905;8.02959;-7.31993
-0.304977;-0.258822;0;-1.92193;-18.6808;7.9412;-7.23936
-0.301701;-0.262634;0;-1.90044;-18.4711;7.85276;-7.15874
-0.298376;-0.266405;0;-1.87894;-18.2613;7.76429;-7.07809
-0.295005;-0.270133;0;-1.85744;-18.0514;7.67581;-6.99742
-0.291587;-0.273819;0;-1.83594;-17.8415;7.58732;-6.91676
-0.288124;-0.277461;0;-1.81445;-17.6317;7.49884;-6.8361
-0.284614;-0.28106;0;-1.79295;-17.4219;7.41039;-6.75546
-0.28106;-0.284614;0;-1.77147;-17.2122;7.32197;-6.67486
-0.277461;-0.288124;0;-1.74902;-16.9928;7.2296;-6.59065
-0.273819;-0.291587;0;-1.72607;-16.7684;7.13517;-6.50456
-0.270133;-0.295005;0;-1.70203;-16.5343;7.03625;-6.41439
-0.266405;-0.298376;0;-1.67744;-16.2948;6.93506;-6.32214
-0.262634;-0.301701;0;-1.65283;-16.0552;6.83382;-6.22985
-0.258822;-0.304977;0;-1.62822;-15.8155;6.73254;-6.13752
-0.25497;-0.308205;0;-1.60361;-15.5758;6.63125;-6.04518
-0.251077;-0.311385;0;-1.57899;-15.3361;6.52995;-5.95283
-0.247144;-0.314515;0;-1.55438;-15.0964;6.42866;-5.8605
-0.243172;-0.317596;0;-1.52977;-14.8568;6.32741;-5.7682
-0.239162;-0.320627;0;-1.50518;-14.6172;6.2262;-5.67593
-0.235114;-0.323607;0;-1.4806;-14.3779;6.12505;-5.58372
-0.231029;-0.326536;0;-1.45603;-14.1387;6.02398;-5.49159
-0.226908;-0.329413;0;-1.43087;-13.8939;5.92041;-5.39717
-0.22275;-0.332238;0;-1.40414;-13.6343;5.81033;-5.29682
-0.218558;-0.335011;0;-1.37685;-13.3696;5.69802;-5.19443
-0.214331;-0.337731;0;-1.3493;-13.1023;5.58462;-5.09105
-0.21007;-0.340398;0;-1.32174;-12.8348;5.47116;-4.98762
-0.205776;-0.343011;0;-1.29416;-12.5673;5.35766;-4.88415
-0.201449;-0.345569;0;-1.26658;-12.2998;5.24414;-4.78067
-0.197091;-0.348074;0;-1.239;-12.0322;5.13062;-4.67718
-0.192701;-0.350523;0;-1.21142;-11.7646;5.01711;-4.5737
-0.188282;-0.352916;0;-1.18385;-11.4972;4.90363;-4.47025
-0.183832;-0.355255;0;-1.15629;-11.2298;4.7902;-4.36684
-0.179353;-0.357537;0;-1.12875;-10.9626;4.67684;-4.2635
-0.174846;-0.359762;0;-1.10123;-10.6956;4.56356;-4.16024
-0.170312;-0.361931;0;-1.0727;-10.4191;4.44612;-4.05317
-0.16575;-0.364042;0;-1.04324;-10.1341;4.3248;-3.94258
-0.161163;-0.366096;0;-1.01346;-9.84616;4.20225;-3.83085
-0.156549;-0.368093;0;-0.983675;-9.55806;4.07961;-3.71905
-0.151912;-0.370031;0;-0.953871;-9.26981;3.95691;-3.6072
-0.14725;-0.371911;0;-0.924056;-8.98147;3.83417;-3.49531
-0.142565;-0.373732;0;-0.894237;-8.69308;3.71141;-3.3834
-0.137857;-0.375494;0;-0.864417;-8.40469;3.58865;-3.27149
-0.133128;-0.377196;0;-0.834602;-8.11634;3.46591;-3.1596
-0.128377;-0.378839;0;-0.804795;-7.82808;3.34321;-3.04773
-0.123607;-0.380423;0;-0.775002;-7.53995;3.22056;-2.93592
-0.118817;-0.381946;0;-0.745228;-7.252;3.09798;-2.82418
-0.114008;-0.383409;0;-0.715476;-6.96427;2.9755;-2.71253
-0.109181;-0.384811;0;-0.685783;-6.67711;2.85326;-2.60109
-0.104337;-0.386153;0;-0.654679;-6.37686;2.72519;-2.48434
-0.099476;-0.387433;0;-0.623505;-6.07599;2.59684;-2.36733
-0.0945996;-0.388653;0;-0.592314;-5.77495;2.46842;-2.25026
-0.0897083;-0.389811;0;-0.561111;-5.4738;2.33994;-2.13314
-0.0848028;-0.390907;0;-0.529922;-5.17281;2.21153;-2.01608
-0.079884;-0.391942;0;-0.498676;-4.87128;2.08288;-1.8988
-0.0749525;-0.392915;0;-0.46741;-4.56956;1.95415;-1.78144
-0.0700092;-0.393826;0;-0.436148;-4.26788;1.82543;-1.6641
-0.0650549;-0.394674;0;-0.404896;-3.9663;1.69675;-1.54679
-0.0600902;-0.395461;0;-0.373658;-3.66485;1.56813;-1.42954
-0.0551161;-0.396185;0;-0.34244;-3.36359;1.4396;-1.31237
-0.0501333;-0.396846;0;-0.310925;-3.05957;1.30986;-1.19409
-0.0451426;-0.397445;0;-0.279132;-2.75303;1.17895;-1.07475
-0.0401447;-0.39798;0;-0.24732;-2.44631;1.04796;-0.955343
-0.0351405;-0.398453;0;-0.215496;-2.13947;0.916923;-0.835886
-0.0301307;-0.398864;0;-0.183716;-1.83303;0.786065;-0.716593
-0.0251162;-0.399211;0;-0.151861;-1.52589;0.654901;-0.597021
-0.0200977;-0.399495;0;-0.120005;-1.21873;0.523728;-0.477441
-0.0150761;-0.399716;0;-0.0881507;-0.911603;0.392567;-0.357872
-0.010052;-0.399874;0;-0.0563048;-0.604548;0.261438;-0.238333
-0.00502642;-0.399968;0;-0.0244718;-0.297619;0.130363;-0.118842
-7.34788e-17;-0.4;0;0.00734315;0.00913609;-0.000637397;0.000581064
0.00502642;-0.399968;0;0.0389093;0.3135;-0.13061;0.119067
0.010052;-0.399874;0;0.0706047;0.619127;-0.261107;0.238031
0.0150761;-0.399716;0;0.102326;0.925008;-0.391713;0.357093
0.0200977;-0.399495;0;0.13407;1.2311;-0.522406;0.476236
0.0251162;-0.399211;0;0.165829;1.53734;-0.653168;0.595441
0.0301307;-0.398864;0;0.1976;1.84369;-0.783975;0.714688
0.0351405;-0.398453;0;0.229377;2.15011;-0.914809;0.833959
0.0401447;-0.39798;0;0.261156;2.45654;-1.04565;0.953235
0.0451426;-0.397445;0;0.292931;2.76293;-1.17647;1.0725
0.0501333;-0.396846;0;0.324697;3.06923;-1.30726;1.19173
0.0551161;-0.396185;0;0.356287;3.37423;-1.43736;1.31032
0.0600902;-0.395461;0;0.387987;3.68029;-1.56791;1.42934
0.0650549;-0.394674;0;0.418853;3.97809;-1.69502;1.54521
0.0700092;-0.393826;0;0.450209;4.28061;-1.82415;1.66293
0.0749525;-0.392915;0;0.481569;4.58317;-1.95329;1.78066
0.079884;-0.391942;0;0.512927;4.88571;-2.08242;1.89838
0.0848028;-0.390907;0;0.543605;5.18183;-2.20874;2.01353
0.0897083;-0.389811;0;0.574531;5.48052;-2.33605;2.12959
0.0945996;-0.388653;0;0.605467;5.77928;-2.4634;2.24568
0.099476;-0.387433;0;0.636405;6.07808;-2.59076;2.36179
0.104337;-0.386153;0;0.667342;6.37686;-2.71811;2.47789
0.109181;-0.384811;0;0.698273;6.67558;-2.84544;2.59396
0.114008;-0.383409;0;0.729192;6.97419;-2.97272;2.70999
0.118817;-0.381946;0;0.758721;7.25958;-3.09429;2.82082
0.123607;-0.380423;0;0.788586;7.54833;-3.21726;2.93292
0.128377;-0.378839;0;0.818467;7.83723;-3.3403;3.04508
0.133128;-0.377196;0;0.848358;8.12624;-3.46338;3.15729
0.137857;-0.375494;0;0.878257;8.41531;-3.58648;3.26951
0.142565;-0.373732;0;0.908156;8.7044;-3.7096;3.38174
0.14725;-0.371911;0;0.938052;8.99345;-3.83269;3.49396
0.151912;-0.370031;0;0.967941;9.28243;-3.95576;3.60615
0.156549;-0.368093;0;0.997817;9.57129;-4.07877;3.71829
0.161163;-0.366096;0;1.02768;9.85998;-4.20172;3.83037
0.16575;-0.364042;0;1.05751;10.1485;-4.32457;3.94237
0.170312;-0.361931;0;1.08683;10.4321;-4.44525;4.05238
0.174846;-0.359762;0;1.11533;10.7083;-4.56254;4.15931
0.179353;-0.357537;0;1.14298;10.9763;-4.67634;4.26305
0.183832;-0.355255;0;1.17064;11.2446;-4.79021;4.36685
0.188282;-0.352916;0;1.19831;11.513;-4.90414;4.47071
0.192701;-0.350523;0;1.22599;11.7815;-5.01811;4.57461
0.197091;-0.348074;0;1.25368;12.05;-5.13209;4.67852
0.201449;-0.345569;0;1.28137;12.3186;-5.24609;4.78244
0.205776;-0.343011;0;1.30906;12.5871;-5.36006;4.88634
0.21007;-0.340398;0;1.33674;12.8555;-5.47401;4.99022
0.214331;-0.337731;0;1.3644;13.1238;-5.5879;5.09404
0.218558;-0.335011;0;1.39205;13.392;-5.70172;5.19781
0.22275;-0.332238;0;1.41968;13.6599;-5.81546;5.30149
0.226908;-0.329413;0;1.44618;13.9173;-5.92449;5.40089
0.231029;-0.326536;0;1.47086;14.1575;-6.0261;5.49351
0.235114;-0.323607;0;1.49556;14.398;-6.12778;5.58621
0.239162;-0.320627;0;1.52029;14.6386;-6.22954;5.67897
0.243172;-0.317596;0;1.54502;14.8794;-6.33135;5.77178
0.247144;-0.314515;0;1.56976;15.1202;-6.43319;5.86463
0.251077;-0.311385;0;1.59451;15.3611;-6.53505;5.95749
0.25497;-0.308205;0;1.61926;15.602;-6.63692;6.05035
0.258822;-0.304977;0;1.644;15.8429;-6.73877;6.1432
0.262634;-0.301701;0;1.66874;16.0837;-6.84059;6.23603
0.266405;-0.298376;0;1.69347;16.3244;-6.94237;6.32881
0.270133;-0.295005;0;1.71818;16.565;-7.04409;6.42154
0.273819;-0.291587;0;1.74287;16.8053;-7.14574;6.5142
0.277461;-0.288124;0;1.76711;17.0414;-7.24549;6.60513
0.28106;-0.284614;0;1.7889;17.2541;-7.33512;6.68684
0.284614;-0.28106;0;1.81016;17.4618;-7.42262;6.76661
0.288124;-0.277461;0;1.83143;17.6697;-7.51016;6.84641
0.291587;-0.273819;0;1.85271;17.8776;-7.59773;6.92625
0.295005;-0.270133;0;1.87399;18.0855;-7.68533;7.0061
0.298376;-0.266405;0;1.89527;18.2935;-7.77292;7.08595
0.301701;-0.262634;0;1.91656;18.5014;-7.86051;7.1658
0.304977;-0.258822;0;1.93783;18.7093;-7.94807;7.24563
0.308205;-0.25497;0;1.9591;18.9171;-8.0356;7.32542
0.311385;-0.251077;0;1.98036;19.1248;-8.12307;7.40516
0.314515;-0.247144;0;2.0016;19.3324;-8.21048;7.48485
0.317596;-0.243172;0;2.02212;19.533;-8.29495;7.56184
0.320627;-0.239162;0;2.0393;19.7015;-8.36563;7.62628
0.323607;-0.235114;0;2.05649;19.8701;-8.43637;7.69077
0.326536;-0.231029;0;2.07369;20.0388;-8.50716;7.7553
0.329413;-0.226908;0;2.09091;20.2075;-8.57798;7.81986
0.332238;-0.22275;0;2.10812;20.3764;-8.64883;7.88445
0.335011;-0.218558;0;2.12534;20.5453;-8.71969;7.94905
0.337731;-0.214331;0;2.14257;20.7142;-8.79056;8.01365
0.340398;-0.21007;0;2.15979;20.883;-8.86142;8.07825
0.343011;-0.205776;0;2.177;21.0519;-8.93225;8.14282
0.345569;-0.201449;0;2.19421;21.2206;-9.00306;8.20737
0.348074;-0.197091;0;2.21141;21.3893;-9.07383;8.27189
0.350523;-0.192701;0;2.22859;21.5578;-9.14454;8.33635
0.352916;-0.188282;0;2.24576;21.7262;-9.21519;8.40075
0.355255;-0.183832;0;2.26072;21.8731;-9.27672;8.45685
0.357537;-0.179353;0;2.27348;21.9984;-9.32924;8.50472
0.359762;-0.174846;0;2.28624;22.1239;-9.38178;8.55262
0.361931;-0.170312;0;2.29846;22.2443;-9.43202;8.59842
0.364042;-0.16575;0;2.31059;22.364;-9.4819;8.6439
0.366096;-0.161163;0;2.32273;22.4837;-9.53181;8.68939
0.368093;-0.156549;0;2.33487;22.6034;-9.58171;8.73489
0.370031;-0.151912;0;2.347;22.7231;-9.63162;8.78038
0.371911;-0.14725;0;2.35914;22.8428;-9.68151;8.82587
0.373732;-0.142565;0;2.37126;22.9625;-9.73139;8.87133
0.375494;-0.137857;0;2.38339;23.0821;-9.78124;8.91678
0.377196;-0.133128;0;2.3955;23.2016;-9.83106;8.96219
0.378839;-0.128377;0;2.40755;23.3203;-9.88061;9.00737
0.380423;-0.123607;0;2.41839;23.4268;-9.92526;9.04807
0.381946;-0.118817;0;2.42622;23.5035;-9.95751;9.07747
0.383409;-0.114008;0;2.43405;23.5803;-9.98978;9.10689
0.384811;-0.109181;0;2.44188;23.6571;-10.0221;9.13631
0.386153;-0.104337;0;2.44932;23.7303;-10.0527;9.16424
0.387433;-0.099476;0;2.45604;23.797;-10.0803;9.18942
0.388653;-0.0945996;0;2.46277;23.8638;-10.1079;9.2146
0.389811;-0.0897083;0;2.46949;23.9307;-10.1356;9.23979
0.390907;-0.0848028;0;2.47622;23.9975;-10.1632;9.26498
0.391942;-0.079884;0;2.48295;24.0643;-10.1908;9.29017
0.392915;-0.0749525;0;2.48967;24.1311;-10.2184;9.31534
0.393826;-0.0700092;0;2.49639;24.1978;-10.2461;9.34051
0.394674;-0.0650549;0;2.5031;24.2646;-10.2736;9.36566
0.395461;-0.0600902;0;2.50981;24.3312;-10.3012;9.3908
0.396185;-0.0551161;0;2.51387;24.3712;-10.3179;9.40603
0.396846;-0.0501333;0;2.5169;24.4006;-10.3304;9.41739
0.397445;-0.0451426;0;2.51992;24.43;-10.3429;9.42876
0.39798;-0.0401447;0;2.52206;24.4514;-10.3516;9.43677
0.398453;-0.0351405;0;2.52347;24.4661;-10.3574;9.442
0.398864;-0.0301307;0;2.52488;24.4808;-10.3631;9.44723
0.399211;-0.0251162;0;2.52629;24.4955;-10.3689;9.45246
0.399495;-0.0200977;0;2.5277;24.5102;-10.3746;9.45769
0.399716;-0.0150761;0;2.52911;24.5249;-10.3803;9.46293
0.399874;-0.010052;0;2.53052;24.5396;-10.3861;9.46816
0.399968;-0.00502642;0;2.53192;24.5543;-10.3918;9.47339
