0.4;0;0;2.5322;24.0543;-10.3975;9.47853
0.399968;0.00502642;0;2.53074;24.0369;-10.3915;9.47309
0.399874;0.010052;0;2.52925;24.019;-10.3854;9.46754
0.399716;0.0150761;0;2.52775;24.0012;-10.3793;9.46199
0.399495;0.0200977;0;2.52626;23.9833;-10.3732;9.45644
0.399211;0.0251162;0;2.52477;23.9655;-10.3671;9.45089
0.398864;0.0301307;0;2.52328;23.9477;-10.361;9.44534
0.398453;0.0351405;0;2.52178;23.9298;-10.355;9.43979
0.39798;0.0401447;0;2.52029;23.912;-10.3489;9.43425
0.397445;0.0451426;0;2.51757;23.8813;-10.3377;9.42406
0.396846;0.0501333;0;2.5142;23.8439;-10.3238;9.41143
0.396185;0.0551161;0;2.51082;23.8065;-10.31;9.3988
0.395461;0.0600902;0;2.50745;23.7692;-10.2961;9.38617
0.394674;0.0650549;0;2.50146;23.7055;-10.2713;9.36354
0.393826;0.0700092;0;2.4949;23.6361;-10.2442;9.33879
0.392915;0.0749525;0;2.48834;23.5667;-10.217;9.31402
0.391942;0.079884;0;2.48178;23.4973;-10.1898;9.28924
0.390907;0.0848028;0;2.47522;23.4278;-10.1626;9.26445
0.389811;0.0897083;0;2.46866;23.3583;-10.1354;9.23966
0.388653;0.0945996;0;2.46209;23.2889;-10.1082;9.21487
0.387433;0.099476;0;2.45553;23.2194;-10.081;9.19008
0.386153;0.104337;0;2.44864;23.1486;-10.0524;9.16394
0.384811;0.109181;0;2.44069;23.0717;-10.0189;9.13341
0.383409;0.114008;0;2.43275;22.9948;-9.98538;9.10287
0.381946;0.118817;0;2.4248;22.9179;-9.95189;9.07235
0.380423;0.123607;0;2.41686;22.841;-9.91841;9.04183
0.378839;0.128377;0;2.40654;22.7425;-9.87486;9.00212
0.377196;0.133128;0;2.39467;22.6297;-9.82477;8.95646
0.375494;0.137857;0;2.38279;22.5123;-9.7749;8.911
0.373732;0.142565;0;2.37091;22.3949;-9.72504;8.86554
0.371911;0.14725;0;2.35902;22.2775;-9.67515;8.82006
0.370031;0.151912;0;2.34712;22.16;-9.62524;8.77457
0.368093;0.156549;0;2.33523;22.0425;-9.57532;8.72906
0.366096;0.161163;0;2.32333;21.925;-9.52541;8.68356
0.364042;0.16575;0;2.31144;21.8075;-9.4755;8.63806
0.361931;0.170312;0;2.29955;21.6902;-9.4256;8.59257
0.359762;0.174846;0;2.28767;21.5728;-9.37573;8.5471
0.357537;0.179353;0;2.27579;21.4556;-9.32588;8.50167
0.355255;0.183832;0;2.26393;21.3385;-9.27608;8.45626
0.352916;0.188282;0;2.24959;21.1986;-9.21582;8.40133
0.350523;0.192701;0;2.23282;21.0363;-9.14527;8.33702
0.348074;0.197091;0;2.21604;20.8739;-9.07466;8.27265
0.345569;0.201449;0;2.19925;20.7114;-9.004;8.20823
0.343011;0.205776;0;2.18245;20.5488;-8.93329;8.14377
0.340398;0.21007;0;2.16564;20.3862;-8.86256;8.07929
0.337731;0.214331;0;2.14883;20.2235;-8.7918;8.01479
0.335011;0.218558;0;2.13201;20.0608;-8.72104;7.95028
0.332238;0.22275;0;2.1152;19.8981;-8.65028;7.88577
0.329413;0.226908;0;2.09839;19.7355;-8.57953;7.82128
0.326536;0.231029;0;2.08158;19.5729;-8.50881;7.75681
0.323607;0.235114;0;2.06478;19.4106;-8.43804;7.69229
0.320627;0.239162;0;2.04791;19.2477;-8.36706;7.62759
0.317596;0.243172;0;2.03106;19.0849;-8.29614;7.56293
0.314515;0.247144;0;2.01179;18.8987;-8.21503;7.48899
0.311385;0.251077;0;1.99103;18.6981;-8.12775;7.40943
0.308205;0.25497;0;1.97027;18.4973;-8.04041;7.3298
0.304977;0.258822;0;1.94947;18.2963;-7.95297;7.25009
0.301701;0.262634;0;1.92865;18.095;-7.8654;7.17026
0.298376;0.266405;0;1.9078;17.8936;-7.77775;7.09036
0.295005;0.270133;0;1.88694;17.6921;-7.69;7.01036
0.291587;0.273819;0;1.86608;17.4906;-7.60224;6.93036
0.288124;0.277461;0;1.84522;17.2891;-7.5145;6.85037
0.284614;0.28106;0;1.82437;17.0878;-7.42679;6.77041
0.28106;0.284614;0;1.80352;16.8865;-7.33912;6.69049
0.277461;0.288124;0;1.78235;16.6818;-7.25009;6.60933
0.273819;0.291587;0;1.75819;16.4484;-7.14859;6.5168
0.270133;0.295005;0;1.73402;16.2148;-7.047;6.42419
0.266405;0.298376;0;1.70983;15.981;-6.94533;6.3315
0.262634;0.301701;0;1.68562;15.7471;-6.8436;6.23876
0.258822;0.304977;0;1.6614;15.5131;-6.74182;6.14598
0.25497;0.308205;0;1.63718;15.2791;-6.64002;6.05318
0.251077;0.311385;0;1.61295;15.0451;-6.53816;5.96032
0.247144;0.314515;0;1.58871;14.8111;-6.43629;5.86745
0.243172;0.317596;0;1.56445;14.5768;-6.33433;5.77451
0.239162;0.320627;0;1.5402;14.3426;-6.23241;5.68159
0.235114;0.323607;0;1.51597;14.1086;-6.13054;5.58873
0.231029;0.326536;0;1.49174;13.8746;-6.02873;5.49592
0.226908;0.329413;0;1.46754;13.6409;-5.92701;5.40318
0.22275;0.332238;0;1.44184;13.3929;-5.81898;5.30471
0.218558;0.335011;0;1.41476;13.1317;-5.7052;5.20098
0.214331;0.337731;0;1.38765;12.8703;-5.59133;5.09717
0.21007;0.340398;0;1.36053;12.6087;-5.47739;4.9933
0.205776;0.343011;0;1.3334;12.3471;-5.3634;4.88939
0.201449;0.345569;0;1.30626;12.0853;-5.24938;4.78544
0.197091;0.348074;0;1.27911;11.8235;-5.13533;4.68148
0.192701;0.350523;0;1.25197;11.5617;-5.02129;4.57751
0.188282;0.352916;0;1.22483;11.3;-4.90727;4.47357
0.183832;0.355255;0;1.1977;11.0383;-4.79329;4.36966
0.179353;0.357537;0;1.17058;10.7767;-4.67936;4.2658
0.174846;0.359762;0;1.14348;10.5153;-4.56551;4.16201
0.170312;0.361931;0;1.11603;10.2506;-4.45019;4.05688
0.16575;0.364042;0;1.08676;9.96945;-4.32716;3.94472
0.161163;0.366096;0;1.05734;9.68706;-4.20352;3.83202
0.156549;0.368093;0;1.02789;9.40438;-4.07976;3.7192
0.151912;0.370031;0;0.998415;9.12147;-3.9559;3.60628
0.14725;0.371911;0;0.968922;8.83836;-3.83195;3.49329
0.142565;0.373732;0;0.939412;8.55509;-3.70794;3.38023
0.137857;0.375494;0;0.909891;8.27172;-3.58387;3.26713
0.133128;0.377196;0;0.880364;7.98829;-3.45978;3.15401
0.128377;0.378839;0;0.850835;7.70484;-3.33569;3.04088
0.123607;0.380423;0;0.821309;7.42142;-3.2116;2.92776
0.118817;0.381946;0;0.792494;7.14436;-3.09056;2.81741
0.114008;0.383409;0;0.762235;6.85287;-2.9635;2.70159
0.109181;0.384811;0;0.731963;6.56124;-2.83639;2.58571
0.104337;0.386153;0;0.701682;6.26954;-2.70924;2.4698
0.099476;0.387433;0;0.671397;5.9778;-2.58208;2.35388
0.0945996;0.388653;0;0.641114;5.68607;-2.45493;2.23796
0.0897083;0.389811;0;0.610836;5.3944;-2.3278;2.12207
0.0848028;0.390907;0;0.580569;5.10284;-2.20071;2.00621
0.079884;0.391942;0;0.550318;4.81142;-2.07369;1.89042
0.0749525;0.392915;0;0.520087;4.52019;-1.94675;1.7747
0.0700092;0.393826;0;0.489881;4.22921;-1.81992;1.65907
0.0650549;0.394674;0;0.459704;3.93851;-1.69321;1.54357
0.0600902;0.395461;0;0.429562;3.64814;-1.56665;1.42819
0.0551161;0.396185;0;0.39946;3.35816;-1.44025;1.31296
0.0501333;0.396846;0;0.368488;3.06063;-1.31019;1.1944
0.0451426;0.397445;0;0.33736;2.76176;-1.17945;1.07521
0.0401447;0.39798;0;0.306197;2.46255;-1.04856;0.955888
0.0351405;0.398453;0;0.275004;2.16305;-0.917538;0.836446
0.0301307;0.398864;0;0.243784;1.8633;-0.786408;0.716906
0.0251162;0.399211;0;0.212544;1.56335;-0.655192;0.597286
0.0200977;0.399495;0;0.181288;1.26326;-0.523908;0.477606
0.0150761;0.399716;0;0.150022;0.963054;-0.392579;0.357883
0.010052;0.399874;0;0.118749;0.662796;-0.261225;0.238138
0.00502642;0.399968;0;0.0874749;0.362529;-0.129866;0.118389
2.44929e-17;0.4;0;0.0562049;0.0623005;0.00147643;-0.00134594
-0.00502642;0.399968;0;0.0249438;-0.237842;0.132782;-0.121047
-0.010052;0.399874;0;-0.00630363;-0.537851;0.264029;-0.240695
-0.0150761;0.399716;0;-0.0375323;-0.837679;0.395199;-0.360271
-0.0200977;0.399495;0;-0.0687374;-1.13728;0.526268;-0.479757
-0.0251162;0.399211;0;-0.0999139;-1.4366;0.657218;-0.599134
-0.0301307;0.398864;0;-0.131057;-1.73561;0.788028;-0.718382
-0.0351405;0.398453;0;-0.161924;-2.03229;0.917577;-0.836482
-0.0401447;0.39798;0;-0.192666;-2.32795;1.04657;-0.954072
-0.0451426;0.397445;0;-0.223383;-2.62305;1.17557;-1.07168
-0.0501333;0.396846;0;-0.254124;-2.91839;1.30468;-1.18938
-0.0551161;0.396185;0;-0.284885;-3.21392;1.43388;-1.30715
-0.0600902;0.395461;0;-0.315661;-3.50959;1.56313;-1.42499
-0.0650549;0.394674;0;-0.346448;-3.80535;1.69243;-1.54286
-0.0700092;0.393826;0;-0.377239;-4.10116;1.82175;-1.66075
-0.0749525;0.392915;0;-0.408031;-4.39697;1.95108;-1.77864
-0.079884;0.391942;0;-0.438819;-4.69274;2.08038;-1.89652
-0.0848028;0.390907;0;-0.469597;-4.98842;2.20965;-2.01436
-0.0897083;0.389811;0;-0.500361;-5.28395;2.33885;-2.13214
-0.0945996;0.388653;0;-0.531106;-5.57931;2.46797;-2.24986
-0.099476;0.387433;0;-0.561827;-5.87443;2.597;-2.36748
-0.104337;0.386153;0;-0.592146;-6.16602;2.72424;-2.48347
-0.109181;0.384811;0;-0.621719;-6.45071;2.84829;-2.59656
-0.114008;0.383409;0;-0.651026;-6.73266;2.97136;-2.70875
-0.118817;0.381946;0;-0.680356;-7.01483;3.09452;-2.82103
-0.123607;0.380423;0;-0.709705;-7.29717;3.21776;-2.93338
-0.128377;0.378839;0;-0.739066;-7.57964;3.34106;-3.04578
-0.133128;0.377196;0;-0.768437;-7.86219;3.46439;-3.15821
-0.137857;0.375494;0;-0.797811;-8.14478;3.58774;-3.27066
-0.142565;0.373732;0;-0.827186;-8.42737;3.71109;-3.3831
-0.14725;0.371911;0;-0.856555;-8.7099;3.83441;-3.49553
-0.151912;0.370031;0;-0.885795;-8.99117;3.95718;-3.60744
-0.156549;0.368093;0;-0.915048;-9.2729;4.07999;-3.7194
-0.161163;0.366096;0;-0.944286;-9.55448;4.20274;-3.8313
-0.16575;0.364042;0;-0.973503;-9.83588;4.3254;-3.94312
-0.170312;0.361931;0;-1.0027;-10.117;4.44796;-4.05485
-0.174846;0.359762;0;-1.03076;-10.3881;4.56581;-4.16228
-0.179353;0.357537;0;-1.05773;-10.6486;4.67898;-4.26545
-0.183832;0.355255;0;-1.08472;-10.9093;4.79223;-4.3687
-0.188282;0.352916;0;-1.11172;-11.1702;4.90556;-4.47201
-0.192701;0.350523;0;-1.13874;-11.4312;5.01893;-4.57536
-0.197091;0.348074;0;-1.16577;-11.6923;5.13234;-4.67875
-0.201449;0.345569;0;-1.1928;-11.9534;5.24576;-4.78214
-0.205776;0.343011;0;-1.21983;-12.2145;5.35918;-4.88554
-0.21007;0.340398;0;-1.24685;-12.4756;5.47258;-4.98891
-0.214331;0.337731;0;-1.27386;-12.7366;5.58594;-5.09225
-0.218558;0.335011;0;-1.30086;-12.9974;5.69924;-5.19554
-0.22275;0.332238;0;-1.32749;-13.2548;5.81103;-5.29745
-0.226908;0.329413;0;-1.3537;-13.5082;5.9212;-5.39789
-0.231029;0.326536;0;-1.37762;-13.7399;6.02155;-5.48937
-0.235114;0.323607;0;-1.40187;-13.9747;6.12329;-5.58211
-0.239162;0.320627;0;-1.42614;-14.2097;6.22509;-5.67492
-0.243172;0.317596;0;-1.45041;-14.4448;6.32695;-5.76778
-0.247144;0.314515;0;-1.4747;-14.68;6.42884;-5.86066
-0.251077;0.311385;0;-1.49899;-14.9152;6.53075;-5.95357
-0.25497;0.308205;0;-1.52328;-15.1505;6.63267;-6.04648
-0.258822;0.304977;0;-1.54757;-15.3857;6.73457;-6.13937
-0.262634;0.301701;0;-1.57185;-15.6209;6.83644;-6.23224
-0.266405;0.298376;0;-1.59612;-15.8559;6.93827;-6.32507
-0.270133;0.295005;0;-1.62038;-16.0908;7.04004;-6.41784
-0.273819;0.291587;0;-1.64462;-16.3256;7.14173;-6.51054
-0.277461;0.288124;0;-1.66737;-16.5471;7.2372;-6.59758
-0.28106;0.284614;0;-1.68903;-16.7581;7.3281;-6.68044
-0.284614;0.28106;0;-1.71006;-16.9621;7.41633;-6.76088
-0.288124;0.277461;0;-1.7311;-17.1661;7.5046;-6.84135
-0.291587;0.273819;0;-1.75214;-17.3702;7.59289;-6.92184
-0.295005;0.270133;0;-1.77318;-17.5743;7.6812;-7.00234
-0.298376;0.266405;0;-1.79423;-17.7784;7.7695;-7.08284
-0.301701;0.262634;0;-1.81527;-17.9825;7.85779;-7.16332
-0.304977;0.258822;0;-1.8363;-18.1865;7.94605;-7.24378
-0.308205;0.25497;0;-1.85733;-18.3904;8.03426;-7.32419
-0.311385;0.251077;0;-1.87833;-18.5942;8.12241;-7.40456
-0.314515;0.247144;0;-1.89932;-18.7979;8.21049;-7.48485
-0.317596;0.243172;0;-1.9189;-18.9882;8.2927;-7.5598
-0.320627;0.239162;0;-1.93586;-19.1531;8.36385;-7.62466
-0.323607;0.235114;0;-1.95284;-19.3182;8.43505;-7.68957
-0.326536;0.231029;0;-1.96982;-19.4834;8.5063;-7.75452
-0.329413;0.226908;0;-1.98681;-19.6487;8.57758;-7.8195
-0.332238;0.22275;0;-2.00381;-19.814;8.64888;-7.8845
-0.335011;0.218558;0;-2.02081;-19.9794;8.72019;-7.9495
-0.337731;0.214331;0;-2.03755;-20.143;8.7904;-8.01351
-0.340398;0.21007;0;-2.05431;-20.3068;8.86063;-8.07754
-0.343011;0.205776;0;-2.07106;-20.4705;8.93086;-8.14155
-0.345569;0.201449;0;-2.08781;-20.6342;9.00106;-8.20555
-0.348074;0.197091;0;-2.10455;-20.7978;9.07122;-8.26951
-0.350523;0.192701;0;-2.12128;-20.9613;9.14134;-8.33343
-0.352916;0.188282;0;-2.138;-21.1246;9.21139;-8.3973
-0.355255;0.183832;0;-2.15312;-21.2735;9.27464;-8.45495
-0.357537;0.179353;0;-2.16559;-21.3953;9.32689;-8.50258
-0.359762;0.174846;0;-2.1781;-21.5176;9.37934;-8.5504
-0.361931;0.170312;0;-2.19061;-21.64;9.43181;-8.59823
-0.364042;0.16575;0;-2.20313;-21.7623;9.48428;-8.64607
-0.366096;0.161163;0;-2.21565;-21.8847;9.53676;-8.6939
-0.368093;0.156549;0;-2.22817;-22.007;9.58922;-8.74173
-0.370031;0.151912;0;-2.24068;-22.1293;9.64166;-8.78953
-0.371911;0.14725;0;-2.25319;-22.2516;9.69408;-8.83732
-0.373732;0.142565;0;-2.26569;-22.3737;9.74646;-8.88507
-0.375494;0.137857;0;-2.27818;-22.4958;9.7988;-8.93278
-0.377196;0.133128;0;-2.29029;-22.6139;9.84958;-8.97907
-0.378839;0.128377;0;-2.29874;-22.6964;9.88497;-9.01134
-0.380423;0.123607;0;-2.30656;-22.7728;9.9177;-9.04118
-0.381946;0.118817;0;-2.31438;-22.8494;9.95046;-9.07104
-0.383409;0.114008;0;-2.32221;-22.9259;9.98323;-9.10092
-0.384811;0.109181;0;-2.33003;-23.0025;10.016;-9.1308
-0.386153;0.104337;0;-2.33786;-23.0791;10.0488;-9.1607
-0.387433;0.099476;0;-2.34569;-23.1557;10.0816;-9.19059
-0.388653;0.0945996;0;-2.35352;-23.2323;10.1144;-9.22048
-0.389811;0.0897083;0;-2.36135;-23.3089;10.1472;-9.25036
-0.390907;0.0848028;0;-2.36918;-23.3855;10.1799;-9.28023
-0.391942;0.079884;0;-2.377;-23.462;10.2127;-9.31008
-0.392915;0.0749525;0;-2.38481;-23.5384;10.2454;-9.33991
-0.393826;0.0700092;0;-2.39262;-23.6148;10.2781;-9.36971
-0.394674;0.0650549;0;-2.40036;-23.6905;10.3105;-9.39924
-0.395461;0.0600902;0;-2.40344;-23.7208;10.3233;-9.41096
-0.396185;0.0551161;0;-2.40603;-23.7461;10.3342;-9.42082
-0.396846;0.0501333;0;-2.40863;-23.7713;10.345;-9.43069
-0.397445;0.0451426;0;-2.41122;-23.7965;10.3558;-9.44056
-0.39798;0.0401447;0;-2.41381;-23.8218;10.3666;-9.45042
-0.398453;0.0351405;0;-2.41635;-23.8465;10.3772;-9.46004
-0.398864;0.0301307;0;-2.41882;-23.8708;10.3874;-9.46937
-0.399211;0.0251162;0;-2.42126;-23.895;10.3975;-9.47862
-0.399495;0.0200977;0;-2.4237;-23.9191;10.4077;-9.48786
-0.399716;0.0150761;0;-2.42613;-23.9432;10.4178;-9.49709
-0.399874;0.010052;0;-2.42856;-23.9673;10.4279;-9.50631
-0.399968;0.00502642;0;-2.43099;-23.9914;10.438;-9.51551
-0.4;4.89859e-17;0;-2.43342;-24.0154;10.4481;-9.52471
-0.399968;-0.00502642;0;-2.43177;-23.999;10.4411;-9.51833
-0.399874;-0.010052;0;-2.42925;-23.9741;10.4305;-9.50864
-0.399716;-0.0150761;0;-2.42673;-23.9492;10.4198;-9.49894
-0.399495;-0.0200977;0;-2.42421;-23.9243;10.4092;-9.48922
-0.399211;-0.0251162;0;-2.42168;-23.8994;10.3985;-9.47949
-0.398864;-0.0301307;0;-2.41915;-23.8744;10.3878;-9.46975
-0.398453;-0.0351405;0;-2.41662;-23.8495;10.3771;-9.46001
-0.39798;-0.0401447;0;-2.41409;-23.8245;10.3664;-9.45026
-0.397445;-0.0451426;0;-2.41156;-23.7995;10.3557;-9.4405
-0.396846;-0.0501333;0;-2.40902;-23.7746;10.345;-9.43074
-0.396185;-0.0551161;0;-2.40649;-23.7496;10.3343;-9.42098
-0.395461;-0.0600902;0;-2.40395;-23.7246;10.3236;-9.41122
-0.394674;-0.0650549;0;-2.4014;-23.6996;10.3129;-9.40142
-0.393826;-0.0700092;0;-2.3939;-23.6263;10.2813;-9.37262
-0.392915;-0.0749525;0;-2.3862;-23.5512;10.2489;-9.34308
-0.391942;-0.079884;0;-2.3785;-23.476;10.2164;-9.31351
-0.390907;-0.0848028;0;-2.37079;-23.4007;10.184;-9.28392
-0.389811;-0.0897083;0;-2.36308;-23.3255;10.1515;-9.25432
-0.388653;-0.0945996;0;-2.35536;-23.2501;10.119;-9.2247
-0.387433;-0.099476;0;-2.34764;-23.1748;10.0865;-9.19507
-0.386153;-0.104337;0;-2.33992;-23.0995;10.054;-9.16543
-0.384811;-0.109181;0;-2.33219;-23.0241;10.0215;-9.1358
-0.383409;-0.114008;0;-2.32447;-22.9488;9.98899;-9.10617
-0.381946;-0.118817;0;-2.31675;-22.8735;9.9565;-9.07655
-0.380423;-0.123607;0;-2.30904;-22.7982;9.92402;-9.04694
-0.378839;-0.128377;0;-2.30094;-22.719;9.88994;-9.01587
-0.377196;-0.133128;0;-2.28938;-22.6047;9.84144;-8.97166
-0.375494;-0.137857;0;-2.27781;-22.4903;9.7929;-8.92741
-0.373732;-0.142565;0;-2.26624;-22.3758;9.74434;-8.88314
-0.371911;-0.14725;0;-2.25356;-22.2533;9.69098;-8.8345
-0.370031;-0.151912;0;-2.24073;-22.1294;9.63696;-8.78525
-0.368093;-0.156549;0;-2.2279;-22.0054;9.58291;-8.73598
-0.366096;-0.161163;0;-2.21506;-21.8814;9.52883;-8.68668
-0.364042;-0.16575;0;-2.20222;-21.7574;9.47475;-8.63737
-0.361931;-0.170312;0;-2.18938;-21.6333;9.42066;-8.58806
-0.359762;-0.174846;0;-2.17654;-21.5093;9.36657;-8.53876
-0.357537;-0.179353;0;-2.1637;-21.3853;9.3125;-8.48946
-0.355255;-0.183832;0;-2.14925;-21.2439;9.25188;-8.4342
-0.352916;-0.188282;0;-2.13446;-21.0992;9.18985;-8.37766
-0.350523;-0.192701;0;-2.11901;-20.9476;9.12502;-8.31855
-0.348074;-0.197091;0;-2.10265;-20.7869;9.05638;-8.25598
-0.345569;-0.201449;0;-2.08628;-20.626;8.98771;-8.19338
-0.343011;-0.205776;0;-2.06991;-20.4651;8.91902;-8.13076
-0.340398;-0.21007;0;-2.05354;-20.3042;8.85032;-8.06813
-0.337731;-0.214331;0;-2.03716;-20.1433;8.78161;-8.0055
-0.335011;-0.218558;0;-2.02079;-19.9824;8.71292;-7.94287
-0.332238;-0.22275;0;-2.00442;-19.8215;8.64424;-7.88027
-0.329413;-0.226908;0;-1.98806;-19.6608;8.5756;-7.81769
-0.326536;-0.231029;0;-1.97122;-19.4971;8.50475;-7.75311
-0.323607;-0.235114;0;-1.95414;-19.3314;8.43292;-7.68762
-0.320627;-0.239162;0;-1.93707;-19.1659;8.36112;-7.62217
-0.317596;-0.243172;0;-1.91997;-18.9998;8.28917;-7.55658
-0.314515;-0.247144;0;-1.90022;-18.8069;8.20618;-7.48092
-0.311385;-0.251077;0;-1.87922;-18.6034;8.11792;-7.40046
-0.308205;-0.25497;0;-1.8582;-18.3997;8.02959;-7.31993
-0.304977;-0.258822;0;-1.83717;-18.1959;7.9412;-7.23936
-0.301701;-0.262634;0;-1.81613;-17.9921;7.85276;-7.15874
-0.298376;-0.266405;0;-1.79508;-17.7881;7.76429;-7.07809
-0.295005;-0.270133;0;-1.77402;-17.5841;7.67581;-6.99742
-0.291587;-0.273819;0;-1.75296;-17.3801;7.58732;-6.91676
-0.288124;-0.277461;0;-1.73191;-17.1762;7.49884;-6.8361
-0.284614;-0.28106;0;-1.71086;-16.9722;7.41039;-6.75546
-0.28106;-0.284614;0;-1.68982;-16.7684;7.32197;-6.67486
-0.277461;-0.288124;0;-1.66782;-16.553;7.2296;-6.59065
-0.273819;-0.291587;0;-1.64532;-16.3325;7.13517;-6.50456
-0.270133;-0.295005;0;-1.62176;-16.1041;7.03625;-6.41439
-0.266405;-0.298376;0;-1.59767;-15.8706;6.93506;-6.32214
-0.262634;-0.301701;0;-1.57356;-15.637;6.83382;-6.22985
-0.258822;-0.304977;0;-1.54944;-15.4033;6.73254;-6.13752
-0.25497;-0.308205;0;-1.52532;-15.1695;6.63125;-6.04518
-0.251077;-0.311385;0;-1.5012;-14.9358;6.52995;-5.95283
-0.247144;-0.314515;0;-1.47708;-14.7021;6.42866;-5.8605
-0.243172;-0.317596;0;-1.45297;-14.4684;6.32741;-5.7682
-0.239162;-0.320627;0;-1.42886;-14.2349;6.2262;-5.67593
-0.235114;-0.323607;0;-1.40478;-14.0015;6.12505;-5.58372
-0.231029;-0.326536;0;-1.38071;-13.7683;6.02398;-5.49159
-0.226908;-0.329413;0;-1.35606;-13.5293;5.92041;-5.39717
-0.22275;-0.332238;0;-1.32987;-13.2754;5.81033;-5.29682
-0.218558;-0.335011;0;-1.30313;-13.0172;5.69802;-5.19443
-0.214331;-0.337731;0;-1.27613;-12.7565;5.58462;-5.09105
-0.21007;-0.340398;0;-1.24912;-12.4957;5.47116;-4.98762
-0.205776;-0.343011;0;-1.22209;-12.2347;5.35766;-4.88415
-0.201449;-0.345569;0;-1.19506;-11.9738;5.24414;-4.78067
-0.197091;-0.348074;0;-1.16803;-11.7128;5.13062;-4.67718
-0.192701;-0.350523;0;-1.14101;-11.4519;5.01711;-4.5737
-0.188282;-0.352916;0;-1.11399;-11.191;4.90363;-4.47025
-0.183832;-0.355255;0;-1.08698;-10.9303;4.7902;-4.36684
-0.179353;-0.357537;0;-1.05999;-10.6697;4.67684;-4.2635
-0.174846;-0.359762;0;-1.03302;-10.4093;4.56356;-4.16024
-0.170312;-0.361931;0;-1.00506;-10.1383;4.44612;-4.05317
-0.16575;-0.364042;0;-0.97618;-9.86006;4.3248;-3.94258
-0.161163;-0.366096;0;-0.947002;-9.57918;4.20225;-3.83085
-0.156549;-0.368093;0;-0.917806;-9.29811;4.07961;-3.71905
-0.151912;-0.370031;0;-0.888596;-9.01691;3.95691;-3.6072
-0.14725;-0.371911;0;-0.859375;-8.73561;3.83417;-3.49531
-0.142565;-0.373732;0;-0.83015;-8.45426;3.71141;-3.3834
-0.137857;-0.375494;0;-0.800924;-8.17291;3.58865;-3.27149
-0.133128;-0.377196;0;-0.771702;-7.8916;3.46591;-3.1596
-0.128377;-0.378839;0;-0.742489;-7.61037;3.34321;-3.04773
-0.123607;-0.380423;0;-0.713289;-7.32927;3.22056;-2.93592
-0.118817;-0.381946;0;-0.684107;-7.04834;3.09798;-2.82418
-0.114008;-0.383409;0;-0.654948;-6.76764;2.9755;-2.71253
-0.109181;-0.384811;0;-0.625846;-6.48744;2.85326;-2.60109
-0.104337;-0.386153;0;-0.595361;-6.19424;2.72519;-2.48434
-0.099476;-0.387433;0;-0.564807;-5.90066;2.59684;-2.36733
-0.0945996;-0.388653;0;-0.534235;-5.60692;2.46842;-2.25026
-0.0897083;-0.389811;0;-0.503652;-5.31306;2.33994;-2.13314
-0.0848028;-0.390907;0;-0.473078;-5.01927;2.21153;-2.01608
-0.079884;-0.391942;0;-0.442451;-4.72506;2.08288;-1.8988
-0.0749525;-0.392915;0;-0.411807;-4.43071;1.95415;-1.78144
-0.0700092;-0.393826;0;-0.381167;-4.1364;1.82543;-1.6641
-0.0650549;-0.394674;0;-0.350537;-3.84219;1.69675;-1.54679
-0.0600902;-0.395461;0;-0.319921;-3.54813;1.56813;-1.42954
-0.0551161;-0.396185;0;-0.289324;-3.25424;1.4396;-1.31237
-0.0501333;-0.396846;0;-0.258426;-2.95764;1.30986;-1.19409
-0.0451426;-0.397445;0;-0.227261;-2.65848;1.17895;-1.07475
-0.0401447;-0.39798;0;-0.196079;-2.35916;1.04796;-0.955343
-0.0351405;-0.398453;0;-0.164885;-2.05972;0.916923;-0.835886
-0.0301307;-0.398864;0;-0.133737;-1.76081;0.786065;-0.716593
-0.0251162;-0.399211;0;-0.102513;-1.46109;0.654901;-0.597021
-0.0200977;-0.399495;0;-0.0712864;-1.16133;0.523728;-0.477441
-0.0150761;-0.399716;0;-0.0400626;-0.861604;0.392567;-0.357872
-0.010052;-0.399874;0;-0.00884646;-0.561946;0.261438;-0.238333
-0.00502642;-0.399968;0;0.0223571;-0.262407;0.130363;-0.118842
-7.34788e-17;-0.4;0;0.0535431;0.0369671;-0.000637397;0.000581064
0.00502642;-0.399968;0;0.0844862;0.333944;-0.13061;0.119067
0.010052;-0.399874;0;0.115559;0.632007;-0.261107;0.238031
0.0150761;-0.399716;0;0.146657;0.930321;-0.391713;0.357093
0.0200977;-0.399495;0;0.177776;1.22884;-0.522406;0.476236
0.0251162;-0.399211;0;0.208912;1.52752;-0.653168;0.595441
0.0301307;-0.398864;0;0.240059;1.82631;-0.783975;0.714688
0.0351405;-0.398453;0;0.271212;2.12516;-0.914809;0.833959
0.0401447;-0.39798;0;0.302367;2.42403;-1.04565;0.953235
0.0451426;-0.397445;0;0.333518;2.72287;-1.17647;1.0725
0.0501333;-0.396846;0;0.364661;3.02163;-1.30726;1.19173
0.0551161;-0.396185;0;0.395631;3.32074;-1.43736;1.31032
0.0600902;-0.395461;0;0.426709;3.62095;-1.56791;1.42934
0.0650549;-0.394674;0;0.456964;3.91157;-1.69502;1.54521
0.0700092;-0.393826;0;0.487699;4.20674;-1.82415;1.66293
0.0749525;-0.392915;0;0.518438;4.50194;-1.95329;1.78066
0.079884;-0.391942;0;0.549175;4.79713;-2.08242;1.89838
0.0848028;-0.390907;0;0.579257;5.08637;-2.20874;2.01353
0.0897083;-0.389811;0;0.609586;5.378;-2.33605;2.12959
0.0945996;-0.388653;0;0.639922;5.6697;-2.4634;2.24568
0.099476;-0.387433;0;0.670262;5.96143;-2.59076;2.36179
0.104337;-0.386153;0;0.7006;6.25314;-2.71811;2.47789
0.109181;-0.384811;0;0.730932;6.54479;-2.84544;2.59396
0.114008;-0.383409;0;0.761252;6.83633;-2.97272;2.70999
0.118817;-0.381946;0;0.790204;7.11478;-3.09429;2.82082
0.123607;-0.380423;0;0.819483;7.39646;-3.21726;2.93292
0.128377;-0.378839;0;0.848777;7.67828;-3.3403;3.04508
0.133128;-0.377196;0;0.878082;7.9602;-3.46338;3.15729
0.137857;-0.375494;0;0.907393;8.24218;-3.58648;3.26951
0.142565;-0.373732;0;0.936706;8.52416;-3.7096;3.38174
0.14725;-0.371911;0;0.966015;8.80612;-3.83269;3.49396
0.151912;-0.370031;0;0.995317;9.088;-3.95576;3.60615
0.156549;-0.368093;0;1.02461;9.36975;-4.07877;3.71829
0.161163;-0.366096;0;1.05388;9.65134;-4.20172;3.83037
0.16575;-0.364042;0;1.08313;9.93272;-4.32457;3.94237
0.170312;-0.361931;0;1.11188;10.2093;-4.44525;4.05238
0.174846;-0.359762;0;1.13984;10.4785;-4.56254;4.15931
0.179353;-0.357537;0;1.16695;10.7401;-4.67634;4.26305
0.183832;-0.355255;0;1.19407;11.0019;-4.79021;4.36685
0.188282;-0.352916;0;1.22121;11.2638;-4.90414;4.47071
0.192701;-0.350523;0;1.24835;11.5259;-5.01811;4.57461
0.197091;-0.348074;0;1.2755;11.7879;-5.13209;4.67852
0.201449;-0.345569;0;1.30266;12.05;-5.24609;4.78244
0.205776;-0.343011;0;1.32981;12.312;-5.36006;4.88634
0.21007;-0.340398;0;1.35695;12.5739;-5.47401;4.99022
0.214331;-0.337731;0;1.38408;12.8357;-5.5879;5.09404
0.218558;-0.335011;0;1.41119;13.0974;-5.70172;5.19781
0.22275;-0.332238;0;1.43828;13.3588;-5.81546;5.30149
0.226908;-0.329413;0;1.46426;13.6089;-5.92449;5.40089
0.231029;-0.326536;0;1.48848;13.8436;-6.0261;5.49351
0.235114;-0.323607;0;1.51271;14.0784;-6.12778;5.58621
0.239162;-0.320627;0;1.53696;14.3134;-6.22954;5.67897
0.243172;-0.317596;0;1.56122;14.5485;-6.33135;5.77178
0.247144;-0.314515;0;1.58549;14.7838;-6.43319;5.86463
0.251077;-0.311385;0;1.60977;15.019;-6.53505;5.95749
0.25497;-0.308205;0;1.63404;15.2542;-6.63692;6.05035
0.258822;-0.304977;0;1.65831;15.4895;-6.73877;6.1432
0.262634;-0.301701;0;1.68258;15.7246;-6.84059;6.23603
0.266405;-0.298376;0;1.70683;15.9596;-6.94237;6.32881
0.270133;-0.295005;0;1.73108;16.1945;-7.04409;6.42154
0.273819;-0.291587;0;1.7553;16.4292;-7.14574;6.5142
0.277461;-0.288124;0;1.77908;16.6597;-7.24549;6.60513
0.28106;-0.284614;0;1.80046;16.8675;-7.33512;6.68684
0.284614;-0.28106;0;1.82132;17.0708;-7.42262;6.76661
0.288124;-0.277461;0;1.8422;17.2741;-7.51016;6.84641
0.291587;-0.273819;0;1.86308;17.4775;-7.59773;6.92625
0.295005;-0.270133;0;1.88397;17.681;-7.68533;7.0061
0.298376;-0.266405;0;1.90486;17.8844;-7.77292;7.08595
0.301701;-0.262634;0;1.92575;18.0878;-7.86051;7.1658
0.304977;-0.258822;0;1.94663;18.2912;-7.94807;7.24563
0.308205;-0.25497;0;1.9675;18.4944;-8.0356;7.32542
0.311385;-0.251077;0;1.98836;18.6976;-8.12307;7.40516
0.314515;-0.247144;0;2.00921;18.9006;-8.21048;7.48485
0.317596;-0.243172;0;2.02935;19.0959;-8.29495;7.56184
0.320627;-0.239162;0;2.04623;19.2615;-8.36563;7.62628
0.323607;-0.235114;0;2.06312;19.4273;-8.43637;7.69077
0.326536;-0.231029;0;2.08002;19.5931;-8.50716;7.7553
0.329413;-0.226908;0;2.09693;19.759;-8.57798;7.81986
0.332238;-0.22275;0;2.11385;19.925;-8.64883;7.88445
0.335011;-0.218558;0;2.13077;20.091;-8.71969;7.94905
0.337731;-0.214331;0;2.14769;20.257;-8.79056;8.01365
0.340398;-0.21007;0;2.16461;20.423;-8.86142;8.07825
0.343011;-0.205776;0;2.18152;20.5889;-8.93225;8.14282
0.345569;-0.201449;0;2.19843;20.7547;-9.00306;8.20737
0.348074;-0.197091;0;2.21533;20.9205;-9.07383;8.27189
0.350523;-0.192701;0;2.23221;21.0861;-9.14454;8.33635
0.352916;-0.188282;0;2.24908;21.2515;-9.21519;8.40075
0.355255;-0.183832;0;2.26379;21.3959;-9.27672;8.45685
0.357537;-0.179353;0;2.27634;21.5196;-9.32924;8.50472
0.359762;-0.174846;0;2.2889;21.6435;-9.38178;8.55262
0.361931;-0.170312;0;2.30093;21.7624;-9.43202;8.59842
0.364042;-0.16575;0;2.31288;21.8811;-9.4819;8.6439
0.366096;-0.161163;0;2.32483;22;-9.53181;8.68939
0.368093;-0.156549;0;2.33678;22.1188;-9.58171;8.73489
0.370031;-0.151912;0;2.34873;22.2377;-9.63162;8.78038
0.371911;-0.14725;0;2.36068;22.3565;-9.68151;8.82587
0.373732;-0.142565;0;2.37263;22.4754;-9.73139;8.87133
0.375494;-0.137857;0;2.38457;22.5941;-9.78124;8.91678
0.377196;-0.133128;0;2.3965;22.7129;-9.83106;8.96219
0.378839;-0.128377;0;2.40835;22.8303;-9.88061;9.00737
0.380423;-0.123607;0;2.419;22.935;-9.92526;9.04807
0.381946;-0.118817;0;2.4267;23.0099;-9.95751;9.07747
0.383409;-0.114008;0;2.4344;23.0849;-9.98978;9.10689
0.384811;-0.109181;0;2.4421;23.1598;-10.0221;9.13631
0.386153;-0.104337;0;2.44942;23.2322;-10.0527;9.16424
0.387433;-0.099476;0;2.45606;23.2991;-10.0803;9.18942
0.388653;-0.0945996;0;2.4627;23.366;-10.1079;9.2146
0.389811;-0.0897083;0;2.46934;23.4329;-10.1356;9.23979
0.390907;-0.0848028;0;2.47598;23.4998;-10.1632;9.26498
0.391942;-0.079884;0;2.48262;23.5667;-10.1908;9.29017
0.392915;-0.0749525;0;2.48926;23.6336;-10.2184;9.31534
0.393826;-0.0700092;0;2.4959;23.7004;-10.2461;9.34051
0.394674;-0.0650549;0;2.50253;23.7672;-10.2736;9.36566
0.395461;-0.0600902;0;2.50916;23.834;-10.3012;9.3908
0.396185;-0.0551161;0;2.51319;23.8747;-10.3179;9.40603
0.396846;-0.0501333;0;2.51621;23.9052;-10.3304;9.41739
0.397445;-0.0451426;0;2.51923;23.9358;-10.3429;9.42876
0.39798;-0.0401447;0;2.52134;23.9563;-10.3516;9.43677
0.398453;-0.0351405;0;2.5227;23.9686;-10.3574;9.442
0.398864;-0.0301307;0;2.52406;23.9809;-10.3631;9.44723
0.399211;-0.0251162;0;2.52542;23.9931;-10.3689;9.45246
0.399495;-0.0200977;0;2.52678;24.0054;-10.3746;9.45769
0.399716;-0.0150761;0;2.52814;24.0177;-10.3803;9.46293
0.399874;-0.010052;0;2.5295;24.03;-10.3861;9.46816
0.399968;-0.00502642;0;2.53086;24.0423;-10.3918;9.47339
