0.4;0;0;2.535;24.6625;-10.3975;9.47853
0.399968;0.00502642;0;2.53354;24.6478;-10.3915;9.47309
0.399874;0.010052;0;2.53205;24.6328;-10.3854;9.46754
0.399716;0.0150761;0;2.53055;24.6177;-10.3793;9.46199
0.399495;0.0200977;0;2.52906;24.6027;-10.3732;9.45644
0.399211;0.0251162;0;2.52757;24.5876;-10.3671;9.45089
0.398864;0.0301307;0;2.52608;24.5726;-10.361;9.44534
0.398453;0.0351405;0;2.52459;24.5576;-10.355;9.43979
0.39798;0.0401447;0;2.5231;24.5426;-10.3489;9.43425
0.397445;0.0451426;0;2.52037;24.5157;-10.3377;9.42406
0.396846;0.0501333;0;2.517;24.4825;-10.3238;9.41143
0.396185;0.0551161;0;2.51362;24.4492;-10.31;9.3988
0.395461;0.0600902;0;2.51024;24.416;-10.2961;9.38617
0.394674;0.0650549;0;2.50418;24.356;-10.2713;9.36354
0.393826;0.0700092;0;2.49755;24.2904;-10.2442;9.33879
0.392915;0.0749525;0;2.49092;24.2247;-10.217;9.31402
0.391942;0.079884;0;2.48429;24.159;-10.1898;9.28924
0.390907;0.0848028;0;2.47765;24.0933;-10.1626;9.26445
0.389811;0.0897083;0;2.47101;24.0275;-10.1354;9.23966
0.388653;0.0945996;0;2.46437;23.9618;-10.1082;9.21487
0.387433;0.099476;0;2.45774;23.8961;-10.081;9.19008
0.386153;0.104337;0;2.45074;23.8268;-10.0524;9.16394
0.384811;0.109181;0;2.44257;23.7461;-10.0189;9.13341
0.383409;0.114008;0;2.4344;23.6655;-9.98538;9.10287
0.381946;0.118817;0;2.42623;23.5849;-9.95189;9.07235
0.380423;0.123607;0;2.41807;23.5043;-9.91841;9.04183
0.378839;0.128377;0;2.40744;23.3994;-9.87486;9.00212
0.377196;0.133128;0;2.39523;23.2789;-9.82477;8.95646
0.375494;0.137857;0;2.38306;23.159;-9.7749;8.911
0.373732;0.142565;0;2.3709;23.0391;-9.72504;8.86554
0.371911;0.14725;0;2.35873;22.9192;-9.67515;8.82006
0.370031;0.151912;0;2.34655;22.7992;-9.62524;8.77457
0.368093;0.156549;0;2.33437;22.6792;-9.57532;8.72906
0.366096;0.161163;0;2.32219;22.5592;-9.52541;8.68356
0.364042;0.16575;0;2.31002;22.4392;-9.4755;8.63806
0.361931;0.170312;0;2.29784;22.3192;-9.4256;8.59257
0.359762;0.174846;0;2.28568;22.1993;-9.37573;8.5471
0.357537;0.179353;0;2.27352;22.0795;-9.32588;8.50167
0.355255;0.183832;0;2.26137;21.9598;-9.27608;8.45626
0.352916;0.188282;0;2.24667;21.8152;-9.21582;8.40133
0.350523;0.192701;0;2.22946;21.6463;-9.14527;8.33702
0.348074;0.197091;0;2.21224;21.4773;-9.07466;8.27265
0.345569;0.201449;0;2.19501;21.3081;-9.004;8.20823
0.343011;0.205776;0;2.17776;21.1388;-8.93329;8.14377
0.340398;0.21007;0;2.16051;20.9694;-8.86256;8.07929
0.337731;0.214331;0;2.14325;20.8;-8.7918;8.01479
0.335011;0.218558;0;2.126;20.6306;-8.72104;7.95028
0.332238;0.22275;0;2.10874;20.4612;-8.65028;7.88577
0.329413;0.226908;0;2.09148;20.2918;-8.57953;7.82128
0.326536;0.231029;0;2.07424;20.1225;-8.50881;7.75681
0.323607;0.235114;0;2.05697;19.9531;-8.43804;7.69229
0.320627;0.239162;0;2.03966;19.7832;-8.36706;7.62759
0.317596;0.243172;0;2.02237;19.6134;-8.29614;7.56293
0.314515;0.247144;0;2.00259;19.4197;-8.21503;7.48899
0.311385;0.251077;0;1.9813;19.2116;-8.12775;7.40943
0.308205;0.25497;0;1.96001;19.0032;-8.04041;7.3298
0.304977;0.258822;0;1.93868;18.7947;-7.95297;7.25009
0.301701;0.262634;0;1.91733;18.5859;-7.8654;7.17026
0.298376;0.266405;0;1.89596;18.3768;-7.77775;7.09036
0.295005;0.270133;0;1.87456;18.1675;-7.69;7.01036
0.291587;0.273819;0;1.85316;17.9583;-7.60224;6.93036
0.288124;0.277461;0;1.83176;17.749;-7.5145;6.85037
0.284614;0.28106;0;1.81037;17.5399;-7.42679;6.77041
0.28106;0.284614;0;1.789;17.3308;-7.33912;6.69049
0.277461;0.288124;0;1.76729;17.1186;-7.25009;6.60933
0.273819;0.291587;0;1.74254;16.8775;-7.14859;6.5168
0.270133;0.295005;0;1.71777;16.6361;-7.047;6.42419
0.266405;0.298376;0;1.69298;16.3946;-6.94533;6.3315
0.262634;0.301701;0;1.66818;16.153;-6.8436;6.23876
0.258822;0.304977;0;1.64336;15.9112;-6.74182;6.14598
0.25497;0.308205;0;1.61854;15.6694;-6.64002;6.05318
0.251077;0.311385;0;1.59371;15.4275;-6.53816;5.96032
0.247144;0.314515;0;1.56887;15.1855;-6.43629;5.86745
0.243172;0.317596;0;1.54401;14.9433;-6.33433;5.77451
0.239162;0.320627;0;1.51916;14.7012;-6.23241;5.68159
0.235114;0.323607;0;1.49432;14.4592;-6.13054;5.58873
0.231029;0.326536;0;1.4695;14.2174;-6.02873;5.49592
0.226908;0.329413;0;1.4447;13.9758;-5.92701;5.40318
0.22275;0.332238;0;1.41836;13.7198;-5.81898;5.30471
0.218558;0.335011;0;1.39063;13.4505;-5.7052;5.20098
0.214331;0.337731;0;1.36287;13.1811;-5.59133;5.09717
0.21007;0.340398;0;1.33509;12.9115;-5.47739;4.9933
0.205776;0.343011;0;1.3073;12.6417;-5.3634;4.88939
0.201449;0.345569;0;1.27951;12.3719;-5.24938;4.78544
0.197091;0.348074;0;1.25171;12.1021;-5.13533;4.68148
0.192701;0.350523;0;1.22391;11.8322;-5.02129;4.57751
0.188282;0.352916;0;1.19611;11.5624;-4.90727;4.47357
0.183832;0.355255;0;1.16832;11.2927;-4.79329;4.36966
0.179353;0.357537;0;1.14055;11.0231;-4.67936;4.2658
0.174846;0.359762;0;1.1128;10.7537;-4.56551;4.16201
0.170312;0.361931;0;1.08468;10.481;-4.45019;4.05688
0.16575;0.364042;0;1.0547;10.1908;-4.32716;3.94472
0.161163;0.366096;0;1.02456;9.89915;-4.20352;3.83202
0.156549;0.368093;0;0.994399;9.60721;-4.07976;3.7192
0.151912;0.370031;0;0.964209;9.31502;-3.9559;3.60628
0.14725;0.371911;0;0.933998;9.02264;-3.83195;3.49329
0.142565;0.373732;0;0.903771;8.73009;-3.70794;3.38023
0.137857;0.375494;0;0.873533;8.43744;-3.58387;3.26713
0.133128;0.377196;0;0.843288;8.14472;-3.45978;3.15401
0.128377;0.378839;0;0.813041;7.85198;-3.33569;3.04088
0.123607;0.380423;0;0.782797;7.55927;-3.2116;2.92776
0.118817;0.381946;0;0.753293;7.27397;-3.09056;2.81741
0.114008;0.383409;0;0.722325;6.97476;-2.9635;2.70159
0.109181;0.384811;0;0.691344;6.67543;-2.83639;2.58571
0.104337;0.386153;0;0.660353;6.37601;-2.70924;2.4698
0.099476;0.387433;0;0.629359;6.07656;-2.58208;2.35388
0.0945996;0.388653;0;0.598367;5.77712;-2.45493;2.23796
0.0897083;0.389811;0;0.56738;5.47774;-2.3278;2.12207
0.0848028;0.390907;0;0.536404;5.17846;-2.20071;2.00621
0.079884;0.391942;0;0.505444;4.87933;-2.07369;1.89042
0.0749525;0.392915;0;0.474504;4.58041;-1.94675;1.7747
0.0700092;0.393826;0;0.443591;4.28173;-1.81992;1.65907
0.0650549;0.394674;0;0.412707;3.98335;-1.69321;1.54357
0.0600902;0.395461;0;0.38186;3.68531;-1.56665;1.42819
0.0551161;0.396185;0;0.351052;3.38765;-1.44025;1.31296
0.0501333;0.396846;0;0.319355;3.08171;-1.31019;1.1944
0.0451426;0.397445;0;0.28749;2.77424;-1.17945;1.07521
0.0401447;0.39798;0;0.255589;2.46643;-1.04856;0.955888
0.0351405;0.398453;0;0.223657;2.15831;-0.917538;0.836446
0.0301307;0.398864;0;0.191698;1.84993;-0.786408;0.716906
0.0251162;0.399211;0;0.159718;1.54135;-0.655192;0.597286
0.0200977;0.399495;0;0.127722;1.23261;-0.523908;0.477606
0.0150761;0.399716;0;0.0957149;0.923769;-0.392579;0.357883
0.010052;0.399874;0;0.0637014;0.614865;-0.261225;0.238138
0.00502642;0.399968;0;0.0316868;0.30595;-0.129866;0.118389
2.44929e-17;0.4;0;-0.000323738;-0.00292626;0.00147643;-0.00134594
-0.00502642;0.399968;0;-0.0323253;-0.311715;0.132782;-0.121047
-0.010052;0.399874;0;-0.0643128;-0.620369;0.264029;-0.240695
-0.0150761;0.399716;0;-0.0962811;-0.928838;0.395199;-0.360271
-0.0200977;0.399495;0;-0.128225;-1.23707;0.526268;-0.479757
-0.0251162;0.399211;0;-0.16014;-1.54503;0.657218;-0.599134
-0.0301307;0.398864;0;-0.192021;-1.85265;0.788028;-0.718382
-0.0351405;0.398453;0;-0.223593;-2.15745;0.917577;-0.836482
-0.0401447;0.39798;0;-0.255029;-2.46109;1.04657;-0.954072
-0.0451426;0.397445;0;-0.286472;-2.76469;1.17557;-1.07168
-0.0501333;0.396846;0;-0.31794;-3.06853;1.30468;-1.18938
-0.0551161;0.396185;0;-0.349428;-3.37257;1.43388;-1.30715
-0.0600902;0.395461;0;-0.380932;-3.67676;1.56313;-1.42499
-0.0650549;0.394674;0;-0.412446;-3.98104;1.69243;-1.54286
-0.0700092;0.393826;0;-0.443965;-4.28538;1.82175;-1.66075
-0.0749525;0.392915;0;-0.475485;-4.58972;1.95108;-1.77864
-0.079884;0.391942;0;-0.507;-4.89402;2.08038;-1.89652
-0.0848028;0.390907;0;-0.538505;-5.19823;2.20965;-2.01436
-0.0897083;0.389811;0;-0.569996;-5.50229;2.33885;-2.13214
-0.0945996;0.388653;0;-0.601467;-5.80617;2.46797;-2.24986
-0.099476;0.387433;0;-0.632914;-6.10982;2.597;-2.36748
-0.104337;0.386153;0;-0.663925;-6.4095;2.72424;-2.48347
-0.109181;0.384811;0;-0.694161;-6.7021;2.84829;-2.59656
-0.114008;0.383409;0;-0.724159;-6.99241;2.97136;-2.70875
-0.118817;0.381946;0;-0.75418;-7.28293;3.09452;-2.82103
-0.123607;0.380423;0;-0.784219;-7.57364;3.21776;-2.93338
-0.128377;0.378839;0;-0.814272;-7.86448;3.34106;-3.04578
-0.133128;0.377196;0;-0.844334;-8.15541;3.46439;-3.15821
-0.137857;0.375494;0;-0.8744;-8.44638;3.58774;-3.27066
-0.142565;0.373732;0;-0.904466;-8.73734;3.71109;-3.3831
-0.14725;0.371911;0;-0.934526;-9.02826;3.83441;-3.49553
-0.151912;0.370031;0;-0.964451;-9.31788;3.95718;-3.60744
-0.156549;0.368093;0;-0.994387;-9.60759;4.07999;-3.7194
-0.161163;0.366096;0;-1.02431;-9.89715;4.20274;-3.8313
-0.16575;0.364042;0;-1.05421;-10.1865;4.3254;-3.94312
-0.170312;0.361931;0;-1.08408;-10.4756;4.44796;-4.05485
-0.174846;0.359762;0;-1.11281;-10.7539;4.56581;-4.16228
-0.179353;0.357537;0;-1.1404;-11.0218;4.67898;-4.26545
-0.183832;0.355255;0;-1.16801;-11.2898;4.79223;-4.3687
-0.188282;0.352916;0;-1.19564;-11.5581;4.90556;-4.47201
-0.192701;0.350523;0;-1.22328;-11.8264;5.01893;-4.57536
-0.197091;0.348074;0;-1.25092;-12.0949;5.13234;-4.67875
-0.201449;0.345569;0;-1.27857;-12.3633;5.24576;-4.78214
-0.205776;0.343011;0;-1.30622;-12.6318;5.35918;-4.88554
-0.21007;0.340398;0;-1.33387;-12.9002;5.47258;-4.98891
-0.214331;0.337731;0;-1.3615;-13.1685;5.58594;-5.09225
-0.218558;0.335011;0;-1.38912;-13.4367;5.69924;-5.19554
-0.22275;0.332238;0;-1.41638;-13.7013;5.81103;-5.29745
-0.226908;0.329413;0;-1.44324;-13.9622;5.9212;-5.39789
-0.231029;0.326536;0;-1.46771;-14.2006;6.02155;-5.48937
-0.235114;0.323607;0;-1.49252;-14.4423;6.12329;-5.58211
-0.239162;0.320627;0;-1.51734;-14.6842;6.22509;-5.67492
-0.243172;0.317596;0;-1.54217;-14.9262;6.32695;-5.76778
-0.247144;0.314515;0;-1.56702;-15.1683;6.42884;-5.86066
-0.251077;0.311385;0;-1.59187;-15.4104;6.53075;-5.95357
-0.25497;0.308205;0;-1.61671;-15.6526;6.63267;-6.04648
-0.258822;0.304977;0;-1.64156;-15.8947;6.73457;-6.13937
-0.262634;0.301701;0;-1.6664;-16.1367;6.83644;-6.23224
-0.266405;0.298376;0;-1.69123;-16.3787;6.93827;-6.32507
-0.270133;0.295005;0;-1.71604;-16.6205;7.04004;-6.41784
-0.273819;0.291587;0;-1.74083;-16.8621;7.14173;-6.51054
-0.277461;0.288124;0;-1.76412;-17.0891;7.2372;-6.59758
-0.28106;0.284614;0;-1.78629;-17.3055;7.3281;-6.68044
-0.284614;0.28106;0;-1.8078;-17.5159;7.41633;-6.76088
-0.288124;0.277461;0;-1.82933;-17.7265;7.5046;-6.84135
-0.291587;0.273819;0;-1.85086;-17.9371;7.59289;-6.92184
-0.295005;0.270133;0;-1.87239;-18.1477;7.6812;-7.00234
-0.298376;0.266405;0;-1.89393;-18.3583;7.7695;-7.08284
-0.301701;0.262634;0;-1.91546;-18.5689;7.85779;-7.16332
-0.304977;0.258822;0;-1.93698;-18.7794;7.94605;-7.24378
-0.308205;0.25497;0;-1.95849;-18.9898;8.03426;-7.32419
-0.311385;0.251077;0;-1.97999;-19.2;8.12241;-7.40456
-0.314515;0.247144;0;-2.00146;-19.4101;8.21049;-7.48485
-0.317596;0.243172;0;-2.02152;-19.6063;8.2927;-7.5598
-0.320627;0.239162;0;-2.03887;-19.7766;8.36385;-7.62466
-0.323607;0.235114;0;-2.05624;-19.9471;8.43505;-7.68957
-0.326536;0.231029;0;-2.07361;-20.1177;8.5063;-7.75452
-0.329413;0.226908;0;-2.091;-20.2884;8.57758;-7.8195
-0.332238;0.22275;0;-2.10839;-20.4591;8.64888;-7.8845
-0.335011;0.218558;0;-2.12578;-20.6298;8.72019;-7.9495
-0.337731;0.214331;0;-2.14291;-20.7979;8.7904;-8.01351
-0.340398;0.21007;0;-2.16004;-20.9662;8.86063;-8.07754
-0.343011;0.205776;0;-2.17717;-21.1344;8.93086;-8.14155
-0.345569;0.201449;0;-2.19429;-21.3025;9.00106;-8.20555
-0.348074;0.197091;0;-2.2114;-21.4706;9.07122;-8.26951
-0.350523;0.192701;0;-2.22851;-21.6385;9.14134;-8.33343
-0.352916;0.188282;0;-2.24559;-21.8063;9.21139;-8.3973
-0.355255;0.183832;0;-2.26102;-21.958;9.27464;-8.45495
-0.357537;0.179353;0;-2.27377;-22.0836;9.32689;-8.50258
-0.359762;0.174846;0;-2.28656;-22.2096;9.37934;-8.5504
-0.361931;0.170312;0;-2.29936;-22.3357;9.43181;-8.59823
-0.364042;0.16575;0;-2.31216;-22.4618;9.48428;-8.64607
-0.366096;0.161163;0;-2.32496;-22.5878;9.53676;-8.6939
-0.368093;0.156549;0;-2.33776;-22.7139;9.58922;-8.74173
-0.370031;0.151912;0;-2.35056;-22.8399;9.64166;-8.78953
-0.371911;0.14725;0;-2.36334;-22.9659;9.69408;-8.83732
-0.373732;0.142565;0;-2.37612;-23.0918;9.74646;-8.88507
-0.375494;0.137857;0;-2.38889;-23.2175;9.7988;-8.93278
-0.377196;0.133128;0;-2.40127;-23.3396;9.84958;-8.97907
-0.378839;0.128377;0;-2.40991;-23.4248;9.88497;-9.01134
-0.380423;0.123607;0;-2.41789;-23.5036;9.9177;-9.04118
-0.381946;0.118817;0;-2.42589;-23.5825;9.95046;-9.07104
-0.383409;0.114008;0;-2.43388;-23.6614;9.98323;-9.10092
-0.384811;0.109181;0;-2.44188;-23.7404;10.016;-9.1308
-0.386153;0.104337;0;-2.44988;-23.8194;10.0488;-9.1607
-0.387433;0.099476;0;-2.45788;-23.8984;10.0816;-9.19059
-0.388653;0.0945996;0;-2.46588;-23.9773;10.1144;-9.22048
-0.389811;0.0897083;0;-2.47388;-24.0563;10.1472;-9.25036
-0.390907;0.0848028;0;-2.48187;-24.1352;10.1799;-9.28023
-0.391942;0.079884;0;-2.48986;-24.2141;10.2127;-9.31008
-0.392915;0.0749525;0;-2.49784;-24.2929;10.2454;-9.33991
-0.393826;0.0700092;0;-2.50582;-24.3717;10.2781;-9.36971
-0.394674;0.0650549;0;-2.51372;-24.4497;10.3105;-9.39924
-0.395461;0.0600902;0;-2.51686;-24.4807;10.3233;-9.41096
-0.396185;0.0551161;0;-2.5195;-24.5068;10.3342;-9.42082
-0.396846;0.0501333;0;-2.52214;-24.5329;10.345;-9.43069
-0.397445;0.0451426;0;-2.52478;-24.5589;10.3558;-9.44056
-0.39798;0.0401447;0;-2.52742;-24.585;10.3666;-9.45042
-0.398453;0.0351405;0;-2.52999;-24.6105;10.3772;-9.46004
-0.398864;0.0301307;0;-2.53249;-24.6353;10.3874;-9.46937
-0.399211;0.0251162;0;-2.53497;-24.6598;10.3975;-9.47862
-0.399495;0.0200977;0;-2.53744;-24.6842;10.4077;-9.48786
-0.399716;0.0150761;0;-2.53991;-24.7087;10.4178;-9.49709
-0.399874;0.010052;0;-2.54238;-24.7331;10.4279;-9.50631
-0.399968;0.00502642;0;-2.54485;-24.7575;10.438;-9.51551
-0.4;4.89859e-17;0;-2.54731;-24.7818;10.4481;-9.52471
-0.399968;-0.00502642;0;-2.5456;-24.765;10.4411;-9.51833
-0.399874;-0.010052;0;-2.54301;-24.7393;10.4305;-9.50864
-0.399716;-0.0150761;0;-2.54041;-24.7137;10.4198;-9.49894
-0.399495;-0.0200977;0;-2.53781;-24.6879;10.4092;-9.48922
-0.399211;-0.0251162;0;-2.53521;-24.6622;10.3985;-9.47949
-0.398864;-0.0301307;0;-2.5326;-24.6364;10.3878;-9.46975
-0.398453;-0.0351405;0;-2.52999;-24.6106;10.3771;-9.46001
-0.39798;-0.0401447;0;-2.52738;-24.5848;10.3664;-9.45026
-0.397445;-0.0451426;0;-2.52477;-24.559;10.3557;-9.4405
-0.396846;-0.0501333;0;-2.52216;-24.5331;10.345;-9.43074
-0.396185;-0.0551161;0;-2.51955;-24.5073;10.3343;-9.42098
-0.395461;-0.0600902;0;-2.51694;-24.4815;10.3236;-9.41122
-0.394674;-0.0650549;0;-2.51432;-24.4555;10.3129;-9.40142
-0.393826;-0.0700092;0;-2.50661;-24.3794;10.2813;-9.37262
-0.392915;-0.0749525;0;-2.49871;-24.3014;10.2489;-9.34308
-0.391942;-0.079884;0;-2.4908;-24.2233;10.2164;-9.31351
-0.390907;-0.0848028;0;-2.48288;-24.1452;10.184;-9.28392
-0.389811;-0.0897083;0;-2.47496;-24.067;10.1515;-9.25432
-0.388653;-0.0945996;0;-2.46703;-23.9888;10.119;-9.2247
-0.387433;-0.099476;0;-2.4591;-23.9105;10.0865;-9.19507
-0.386153;-0.104337;0;-2.45117;-23.8322;10.054;-9.16543
-0.384811;-0.109181;0;-2.44324;-23.754;10.0215;-9.1358
-0.383409;-0.114008;0;-2.43531;-23.6757;9.98899;-9.10617
-0.381946;-0.118817;0;-2.42739;-23.5975;9.9565;-9.07655
-0.380423;-0.123607;0;-2.41947;-23.5193;9.92402;-9.04694
-0.378839;-0.128377;0;-2.41115;-23.4372;9.88994;-9.01587
-0.377196;-0.133128;0;-2.39932;-23.3206;9.84144;-8.97166
-0.375494;-0.137857;0;-2.38748;-23.2039;9.7929;-8.92741
-0.373732;-0.142565;0;-2.37563;-23.0871;9.74434;-8.88314
-0.371911;-0.14725;0;-2.36262;-22.9589;9.69098;-8.8345
-0.370031;-0.151912;0;-2.34944;-22.8293;9.63696;-8.78525
-0.368093;-0.156549;0;-2.33626;-22.6995;9.58291;-8.73598
-0.366096;-0.161163;0;-2.32307;-22.5697;9.52883;-8.68668
-0.364042;-0.16575;0;-2.30988;-22.4399;9.47475;-8.63737
-0.361931;-0.170312;0;-2.29669;-22.31;9.42066;-8.58806
-0.359762;-0.174846;0;-2.2835;-22.1802;9.36657;-8.53876
-0.357537;-0.179353;0;-2.27031;-22.0504;9.3125;-8.48946
-0.355255;-0.183832;0;-2.25553;-21.9048;9.25188;-8.4342
-0.352916;-0.188282;0;-2.2404;-21.7559;9.18985;-8.37766
-0.350523;-0.192701;0;-2.22459;-21.6004;9.12502;-8.31855
-0.348074;-0.197091;0;-2.20784;-21.436;9.05638;-8.25598
-0.345569;-0.201449;0;-2.19109;-21.2714;8.98771;-8.19338
-0.343011;-0.205776;0;-2.17434;-21.1069;8.91902;-8.13076
-0.340398;-0.21007;0;-2.15758;-20.9423;8.85032;-8.06813
-0.337731;-0.214331;0;-2.14082;-20.7777;8.78161;-8.0055
-0.335011;-0.218558;0;-2.12406;-20.6131;8.71292;-7.94287
-0.332238;-0.22275;0;-2.10731;-20.4485;8.64424;-7.88027
-0.329413;-0.226908;0;-2.09057;-20.2841;8.5756;-7.81769
-0.326536;-0.231029;0;-2.07329;-20.1145;8.50475;-7.75311
-0.323607;-0.235114;0;-2.05577;-19.9426;8.43292;-7.68762
-0.320627;-0.239162;0;-2.03826;-19.7708;8.36112;-7.62217
-0.317596;-0.243172;0;-2.02071;-19.5987;8.28917;-7.55658
-0.314515;-0.247144;0;-2.00047;-19.4007;8.20618;-7.48092
-0.311385;-0.251077;0;-1.97895;-19.1902;8.11792;-7.40046
-0.308205;-0.25497;0;-1.95741;-18.9796;8.02959;-7.31993
-0.304977;-0.258822;0;-1.93586;-18.7687;7.9412;-7.23936
-0.301701;-0.262634;0;-1.91429;-18.5578;7.85276;-7.15874
-0.298376;-0.266405;0;-1.89272;-18.3468;7.76429;-7.07809
-0.295005;-0.270133;0;-1.87114;-18.1358;7.67581;-6.99742
-0.291587;-0.273819;0;-1.84956;-17.9247;7.58732;-6.91676
-0.288124;-0.277461;0;-1.82799;-17.7137;7.49884;-6.8361
-0.284614;-0.28106;0;-1.80642;-17.5027;7.41039;-6.75546
-0.28106;-0.284614;0;-1.78486;-17.2919;7.32197;-6.67486
-0.277461;-0.288124;0;-1.76233;-17.0721;7.2296;-6.59065
-0.273819;-0.291587;0;-1.7393;-16.8476;7.13517;-6.50456
-0.270133;-0.295005;0;-1.71518;-16.6125;7.03625;-6.41439
-0.266405;-0.298376;0;-1.69051;-16.372;6.93506;-6.32214
-0.262634;-0.301701;0;-1.66583;-16.1314;6.83382;-6.22985
-0.258822;-0.304977;0;-1.64113;-15.8908;6.73254;-6.13752
-0.25497;-0.308205;0;-1.61644;-15.65;6.63125;-6.04518
-0.251077;-0.311385;0;-1.59174;-15.4093;6.52995;-5.95283
-0.247144;-0.314515;0;-1.56704;-15.1686;6.42866;-5.8605
-0.243172;-0.317596;0;-1.54235;-14.928;6.32741;-5.7682
-0.239162;-0.320627;0;-1.51768;-14.6875;6.2262;-5.67593
-0.235114;-0.323607;0;-1.49302;-14.4471;6.12505;-5.58372
-0.231029;-0.326536;0;-1.46837;-14.2069;6.02398;-5.49159
-0.226908;-0.329413;0;-1.44312;-13.9612;5.92041;-5.39717
-0.22275;-0.332238;0;-1.41628;-13.7006;5.81033;-5.29682
-0.218558;-0.335011;0;-1.3889;-13.4347;5.69802;-5.19443
-0.214331;-0.337731;0;-1.36126;-13.1663;5.58462;-5.09105
-0.21007;-0.340398;0;-1.3336;-12.8978;5.47116;-4.98762
-0.205776;-0.343011;0;-1.30593;-12.6291;5.35766;-4.88415
-0.201449;-0.345569;0;-1.27825;-12.3604;5.24414;-4.78067
-0.197091;-0.348074;0;-1.25058;-12.0917;5.13062;-4.67718
-0.192701;-0.350523;0;-1.22291;-11.823;5.01711;-4.5737
-0.188282;-0.352916;0;-1.19524;-11.5544;4.90363;-4.47025
-0.183832;-0.355255;0;-1.16759;-11.2859;4.7902;-4.36684
-0.179353;-0.357537;0;-1.13996;-11.0176;4.67684;-4.2635
-0.174846;-0.359762;0;-1.11234;-10.7495;4.56356;-4.16024
-0.170312;-0.361931;0;-1.08371;-10.4722;4.44612;-4.05317
-0.16575;-0.364042;0;-1.05414;-10.186;4.3248;-3.94258
-0.161163;-0.366096;0;-1.02427;-9.89683;4.20225;-3.83085
-0.156549;-0.368093;0;-0.994372;-9.60749;4.07961;-3.71905
-0.151912;-0.370031;0;-0.964465;-9.31801;3.95691;-3.6072
-0.14725;-0.371911;0;-0.934548;-9.02844;3.83417;-3.49531
-0.142565;-0.373732;0;-0.904626;-8.73881;3.71141;-3.3834
-0.137857;-0.375494;0;-0.874703;-8.44919;3.58865;-3.27149
-0.133128;-0.377196;0;-0.844784;-8.1596;3.46591;-3.1596
-0.128377;-0.378839;0;-0.814875;-7.8701;3.34321;-3.04773
-0.123607;-0.380423;0;-0.784979;-7.58073;3.22056;-2.93592
-0.118817;-0.381946;0;-0.755102;-7.29154;3.09798;-2.82418
-0.114008;-0.383409;0;-0.725248;-7.00258;2.9755;-2.71253
-0.109181;-0.384811;0;-0.695452;-6.7142;2.85326;-2.60109
-0.104337;-0.386153;0;-0.664237;-6.41272;2.72519;-2.48434
-0.099476;-0.387433;0;-0.632954;-6.11056;2.59684;-2.36733
-0.0945996;-0.388653;0;-0.601653;-5.80823;2.46842;-2.25026
-0.0897083;-0.389811;0;-0.570341;-5.50579;2.33994;-2.13314
-0.0848028;-0.390907;0;-0.539043;-5.20348;2.21153;-2.01608
-0.079884;-0.391942;0;-0.507687;-4.90063;2.08288;-1.8988
-0.0749525;-0.392915;0;-0.476311;-4.59758;1.95415;-1.78144
-0.0700092;-0.393826;0;-0.444939;-4.29457;1.82543;-1.6641
-0.0650549;-0.394674;0;-0.413577;-3.99165;1.69675;-1.54679
-0.0600902;-0.395461;0;-0.382229;-3.68887;1.56813;-1.42954
-0.0551161;-0.396185;0;-0.350901;-3.38628;1.4396;-1.31237
-0.0501333;-0.396846;0;-0.319282;-3.08097;1.30986;-1.19409
-0.0451426;-0.397445;0;-0.287376;-2.77309;1.17895;-1.07475
-0.0401447;-0.39798;0;-0.255453;-2.46503;1.04796;-0.955343
-0.0351405;-0.398453;0;-0.223516;-2.15685;0.916923;-0.835886
-0.0301307;-0.398864;0;-0.191623;-1.84909;0.786065;-0.716593
-0.0251162;-0.399211;0;-0.159656;-1.54062;0.654901;-0.597021
-0.0200977;-0.399495;0;-0.127686;-1.23212;0.523728;-0.477441
-0.0150761;-0.399716;0;-0.0957197;-0.923656;0.392567;-0.357872
-0.010052;-0.399874;0;-0.0637611;-0.615267;0.261438;-0.238333
-0.00502642;-0.399968;0;-0.0318156;-0.307003;0.130363;-0.118842
-7.34788e-17;-0.4;0;0.000111936;0.00108581;-0.000637397;0.000581064
0.00502642;-0.399968;0;0.0317887;0.306783;-0.13061;0.119067
0.010052;-0.399874;0;0.0635928;0.613772;-0.261107;0.238031
0.0150761;-0.399716;0;0.0954234;0.921018;-0.391713;0.357093
0.0200977;-0.399495;0;0.127275;1.22847;-0.522406;0.476236
0.0251162;-0.399211;0;0.159144;1.53608;-0.653168;0.595441
0.0301307;-0.398864;0;0.191024;1.8438;-0.783975;0.714688
0.0351405;-0.398453;0;0.22291;2.15158;-0.914809;0.833959
0.0401447;-0.39798;0;0.254797;2.45938;-1.04565;0.953235
0.0451426;-0.397445;0;0.286681;2.76713;-1.17647;1.0725
0.0501333;-0.396846;0;0.318556;3.07481;-1.30726;1.19173
0.0551161;-0.396185;0;0.350269;3.38062;-1.43736;1.31032
0.0600902;-0.395461;0;0.382092;3.68749;-1.56791;1.42934
0.0650549;-0.394674;0;0.413073;3.98667;-1.69502;1.54521
0.0700092;-0.393826;0;0.444547;4.29061;-1.82415;1.66293
0.0749525;-0.392915;0;0.476023;4.59459;-1.95329;1.78066
0.079884;-0.391942;0;0.507498;4.89855;-2.08242;1.89838
0.0848028;-0.390907;0;0.538285;5.19595;-2.20874;2.01353
0.0897083;-0.389811;0;0.569315;5.49584;-2.33605;2.12959
0.0945996;-0.388653;0;0.600354;5.7958;-2.4634;2.24568
0.099476;-0.387433;0;0.631396;6.09579;-2.59076;2.36179
0.104337;-0.386153;0;0.662436;6.39578;-2.71811;2.47789
0.109181;-0.384811;0;0.69347;6.6957;-2.84544;2.59396
0.114008;-0.383409;0;0.724492;6.99551;-2.97272;2.70999
0.118817;-0.381946;0;0.754126;7.28216;-3.09429;2.82082
0.123607;-0.380423;0;0.784101;7.57225;-3.21726;2.93292
0.128377;-0.378839;0;0.814091;7.86251;-3.3403;3.04508
0.133128;-0.377196;0;0.844092;8.15286;-3.46338;3.15729
0.137857;-0.375494;0;0.8741;8.44328;-3.58648;3.26951
0.142565;-0.373732;0;0.904109;8.73372;-3.7096;3.38174
0.14725;-0.371911;0;0.934115;9.02412;-3.83269;3.49396
0.151912;-0.370031;0;0.964113;9.31445;-3.95576;3.60615
0.156549;-0.368093;0;0.994098;9.60465;-4.07877;3.71829
0.161163;-0.366096;0;1.02407;9.89469;-4.20172;3.83037
0.16575;-0.364042;0;1.05401;10.1845;-4.32457;3.94237
0.170312;-0.361931;0;1.08343;10.4695;-4.44525;4.05238
0.174846;-0.359762;0;1.11202;10.7468;-4.56254;4.15931
0.179353;-0.357537;0;1.13976;11.0161;-4.67634;4.26305
0.183832;-0.355255;0;1.16752;11.2856;-4.79021;4.36685
0.188282;-0.352916;0;1.1953;11.5552;-4.90414;4.47071
0.192701;-0.350523;0;1.22308;11.8249;-5.01811;4.57461
0.197091;-0.348074;0;1.25087;12.0947;-5.13209;4.67852
0.201449;-0.345569;0;1.27866;12.3644;-5.24609;4.78244
0.205776;-0.343011;0;1.30645;12.6342;-5.36006;4.88634
0.21007;-0.340398;0;1.33422;12.9038;-5.47401;4.99022
0.214331;-0.337731;0;1.36199;13.1734;-5.5879;5.09404
0.218558;-0.335011;0;1.38974;13.4427;-5.70172;5.19781
0.22275;-0.332238;0;1.41747;13.7119;-5.81546;5.30149
0.226908;-0.329413;0;1.44405;13.9705;-5.92449;5.40089
0.231029;-0.326536;0;1.46882;14.2119;-6.0261;5.49351
0.235114;-0.323607;0;1.49362;14.4535;-6.12778;5.58621
0.239162;-0.320627;0;1.51843;14.6953;-6.22954;5.67897
0.243172;-0.317596;0;1.54325;14.9371;-6.33135;5.77178
0.247144;-0.314515;0;1.56808;15.1791;-6.43319;5.86463
0.251077;-0.311385;0;1.59292;15.4211;-6.53505;5.95749
0.25497;-0.308205;0;1.61776;15.6631;-6.63692;6.05035
0.258822;-0.304977;0;1.64259;15.9051;-6.73877;6.1432
0.262634;-0.301701;0;1.66742;16.1471;-6.84059;6.23603
0.266405;-0.298376;0;1.69224;16.3889;-6.94237;6.32881
0.270133;-0.295005;0;1.71704;16.6306;-7.04409;6.42154
0.273819;-0.291587;0;1.74182;16.8721;-7.14574;6.5142
0.277461;-0.288124;0;1.76615;17.1092;-7.24549;6.60513
0.28106;-0.284614;0;1.788;17.3229;-7.33512;6.68684
0.284614;-0.28106;0;1.80934;17.5316;-7.42262;6.76661
0.288124;-0.277461;0;1.83069;17.7405;-7.51016;6.84641
0.291587;-0.273819;0;1.85205;17.9494;-7.59773;6.92625
0.295005;-0.270133;0;1.87341;18.1583;-7.68533;7.0061
0.298376;-0.266405;0;1.89477;18.3673;-7.77292;7.08595
0.301701;-0.262634;0;1.91613;18.5763;-7.86051;7.1658
0.304977;-0.258822;0;1.93749;18.7852;-7.94807;7.24563
0.308205;-0.25497;0;1.95883;18.994;-8.0356;7.32542
0.311385;-0.251077;0;1.98017;19.2027;-8.12307;7.40516
0.314515;-0.247144;0;2.00149;19.4112;-8.21048;7.48485
0.317596;-0.243172;0;2.02208;19.6129;-8.29495;7.56184
0.320627;-0.239162;0;2.03932;19.7822;-8.36563;7.62628
0.323607;-0.235114;0;2.05658;19.9517;-8.43637;7.69077
0.326536;-0.231029;0;2.07384;20.1212;-8.50716;7.7553
0.329413;-0.226908;0;2.09112;20.2908;-8.57798;7.81986
0.332238;-0.22275;0;2.1084;20.4605;-8.64883;7.88445
0.335011;-0.218558;0;2.12569;20.6303;-8.71969;7.94905
0.337731;-0.214331;0;2.14297;20.8;-8.79056;8.01365
0.340398;-0.21007;0;2.16025;20.9697;-8.86142;8.07825
0.343011;-0.205776;0;2.17753;21.1394;-8.93225;8.14282
0.345569;-0.201449;0;2.1948;21.309;-9.00306;8.20737
0.348074;-0.197091;0;2.21207;21.4785;-9.07383;8.27189
0.350523;-0.192701;0;2.22931;21.6479;-9.14454;8.33635
0.352916;-0.188282;0;2.24655;21.8171;-9.21519;8.40075
0.355255;-0.183832;0;2.26156;21.9647;-9.27672;8.45685
0.357537;-0.179353;0;2.27437;22.0909;-9.32924;8.50472
0.359762;-0.174846;0;2.28718;22.2171;-9.38178;8.55262
0.361931;-0.170312;0;2.29944;22.338;-9.43202;8.59842
0.364042;-0.16575;0;2.31161;22.458;-9.4819;8.6439
0.366096;-0.161163;0;2.32378;22.5781;-9.53181;8.68939
0.368093;-0.156549;0;2.33596;22.6981;-9.58171;8.73489
0.370031;-0.151912;0;2.34814;22.8181;-9.63162;8.78038
0.371911;-0.14725;0;2.36031;22.9382;-9.68151;8.82587
0.373732;-0.142565;0;2.37248;23.0581;-9.73139;8.87133
0.375494;-0.137857;0;2.38464;23.178;-9.78124;8.91678
0.377196;-0.133128;0;2.39679;23.2979;-9.83106;8.96219
0.378839;-0.128377;0;2.40889;23.417;-9.88061;9.00737
0.380423;-0.123607;0;2.41978;23.5242;-9.92526;9.04807
0.381946;-0.118817;0;2.42764;23.6017;-9.95751;9.07747
0.383409;-0.114008;0;2.43551;23.6793;-9.98978;9.10689
0.384811;-0.109181;0;2.44339;23.7569;-10.0221;9.13631
0.386153;-0.104337;0;2.45086;23.8306;-10.0527;9.16424
0.387433;-0.099476;0;2.4576;23.8972;-10.0803;9.18942
0.388653;-0.0945996;0;2.46434;23.9639;-10.1079;9.2146
0.389811;-0.0897083;0;2.47109;24.0305;-10.1356;9.23979
0.390907;-0.0848028;0;2.47783;24.0972;-10.1632;9.26498
0.391942;-0.079884;0;2.48457;24.1638;-10.1908;9.29017
0.392915;-0.0749525;0;2.49131;24.2305;-10.2184;9.31534
0.393826;-0.0700092;0;2.49805;24.2971;-10.2461;9.34051
0.394674;-0.0650549;0;2.50478;24.3636;-10.2736;9.36566
0.395461;-0.0600902;0;2.51151;24.4302;-10.3012;9.3908
0.396185;-0.0551161;0;2.51558;24.4703;-10.3179;9.40603
0.396846;-0.0501333;0;2.51862;24.5001;-10.3304;9.41739
0.397445;-0.0451426;0;2.52166;24.5299;-10.3429;9.42876
0.39798;-0.0401447;0;2.5238;24.551;-10.3516;9.43677
0.398453;-0.0351405;0;2.5252;24.565;-10.3574;9.442
0.398864;-0.0301307;0;2.5266;24.579;-10.3631;9.44723
0.399211;-0.0251162;0;2.52801;24.5929;-10.3689;9.45246
0.399495;-0.0200977;0;2.52941;24.6069;-10.3746;9.45769
0.399716;-0.0150761;0;2.53081;24.6209;-10.3803;9.46293
0.399874;-0.010052;0;2.53222;24.6348;-10.3861;9.46816
0.399968;-0.00502642;0;2.53362;24.6488;-10.3918;9.47339
