0.4;0;0;2.34683;22.8568;-10.3975;9.47853
0.399968;0.00502642;0;2.34549;22.844;-10.3915;9.47309
0.399874;0.010052;0;2.34413;22.8309;-10.3854;9.46754
0.399716;0.0150761;0;2.34276;22.8179;-10.3793;9.46199
0.399495;0.0200977;0;2.34139;22.8048;-10.3732;9.45644
0.399211;0.0251162;0;2.34003;22.7918;-10.3671;9.45089
0.398864;0.0301307;0;2.33866;22.7787;-10.361;9.44534
0.398453;0.0351405;0;2.3373;22.7656;-10.355;9.43979
0.39798;0.0401447;0;2.33593;22.7526;-10.3489;9.43425
0.397445;0.0451426;0;2.33342;22.7281;-10.3377;9.42406
0.396846;0.0501333;0;2.33029;22.6977;-10.3238;9.41143
0.396185;0.0551161;0;2.32717;22.6672;-10.31;9.3988
0.395461;0.0600902;0;2.32405;22.6368;-10.2961;9.38617
0.394674;0.0650549;0;2.31845;22.5816;-10.2713;9.36354
0.393826;0.0700092;0;2.31233;22.5212;-10.2442;9.33879
0.392915;0.0749525;0;2.3062;22.4608;-10.217;9.31402
0.391942;0.079884;0;2.30006;22.4004;-10.1898;9.28924
0.390907;0.0848028;0;2.29393;22.3399;-10.1626;9.26445
0.389811;0.0897083;0;2.28779;22.2794;-10.1354;9.23966
0.388653;0.0945996;0;2.28165;22.219;-10.1082;9.21487
0.387433;0.099476;0;2.27552;22.1585;-10.081;9.19008
0.386153;0.104337;0;2.26905;22.0947;-10.0524;9.16394
0.384811;0.109181;0;2.26149;22.0201;-10.0189;9.13341
0.383409;0.114008;0;2.25393;21.9455;-9.98538;9.10287
0.381946;0.118817;0;2.24637;21.8709;-9.95189;9.07235
0.380423;0.123607;0;2.23882;21.7963;-9.91841;9.04183
0.378839;0.128377;0;2.22898;21.6992;-9.87486;9.00212
0.377196;0.133128;0;2.21768;21.5875;-9.82477;8.95646
0.375494;0.137857;0;2.20642;21.4763;-9.7749;8.911
0.373732;0.142565;0;2.19516;21.3652;-9.72504;8.86554
0.371911;0.14725;0;2.18389;21.254;-9.67515;8.82006
0.370031;0.151912;0;2.17262;21.1427;-9.62524;8.77457
0.368093;0.156549;0;2.16135;21.0314;-9.57532;8.72906
0.366096;0.161163;0;2.15008;20.9202;-9.52541;8.68356
0.364042;0.16575;0;2.13881;20.8089;-9.4755;8.63806
0.361931;0.170312;0;2.12754;20.6977;-9.4256;8.59257
0.359762;0.174846;0;2.11628;20.5865;-9.37573;8.5471
0.357537;0.179353;0;2.10503;20.4754;-9.32588;8.50167
0.355255;0.183832;0;2.09378;20.3644;-9.27608;8.45626
0.352916;0.188282;0;2.08018;20.2303;-9.21582;8.40133
0.350523;0.192701;0;2.06425;20.0734;-9.14527;8.33702
0.348074;0.197091;0;2.04831;19.9165;-9.07466;8.27265
0.345569;0.201449;0;2.03235;19.7594;-9.004;8.20823
0.343011;0.205776;0;2.01639;19.6023;-8.93329;8.14377
0.340398;0.21007;0;2.00042;19.4451;-8.86256;8.07929
0.337731;0.214331;0;1.98444;19.2878;-8.7918;8.01479
0.335011;0.218558;0;1.96846;19.1305;-8.72104;7.95028
0.332238;0.22275;0;1.95249;18.9732;-8.65028;7.88577
0.329413;0.226908;0;1.93651;18.816;-8.57953;7.82128
0.326536;0.231029;0;1.92055;18.6588;-8.50881;7.75681
0.323607;0.235114;0;1.90457;18.5015;-8.43804;7.69229
0.320627;0.239162;0;1.88854;18.3437;-8.36706;7.62759
0.317596;0.243172;0;1.87253;18.1861;-8.29614;7.56293
0.314515;0.247144;0;1.85422;18.0063;-8.21503;7.48899
0.311385;0.251077;0;1.83452;17.8132;-8.12775;7.40943
0.308205;0.25497;0;1.8148;17.6199;-8.04041;7.3298
0.304977;0.258822;0;1.79506;17.4263;-7.95297;7.25009
0.301701;0.262634;0;1.77529;17.2325;-7.8654;7.17026
0.298376;0.266405;0;1.75551;17.0385;-7.77775;7.09036
0.295005;0.270133;0;1.7357;16.8443;-7.69;7.01036
0.291587;0.273819;0;1.71589;16.6501;-7.60224;6.93036
0.288124;0.277461;0;1.69608;16.4559;-7.5145;6.85037
0.284614;0.28106;0;1.67628;16.2618;-7.42679;6.77041
0.28106;0.284614;0;1.65649;16.0677;-7.33912;6.69049
0.277461;0.288124;0;1.6364;15.8708;-7.25009;6.60933
0.273819;0.291587;0;1.61349;15.6472;-7.14859;6.5168
0.270133;0.295005;0;1.59056;15.4233;-7.047;6.42419
0.266405;0.298376;0;1.56762;15.1993;-6.94533;6.3315
0.262634;0.301701;0;1.54466;14.9751;-6.8436;6.23876
0.258822;0.304977;0;1.52169;14.7509;-6.74182;6.14598
0.25497;0.308205;0;1.49871;14.5266;-6.64002;6.05318
0.251077;0.311385;0;1.47573;14.3021;-6.53816;5.96032
0.247144;0.314515;0;1.45273;14.0777;-6.43629;5.86745
0.243172;0.317596;0;1.42972;13.853;-6.33433;5.77451
0.239162;0.320627;0;1.40672;13.6284;-6.23241;5.68159
0.235114;0.323607;0;1.38373;13.404;-6.13054;5.58873
0.231029;0.326536;0;1.36076;13.1797;-6.02873;5.49592
0.226908;0.329413;0;1.3378;12.9555;-5.92701;5.40318
0.22275;0.332238;0;1.31342;12.7181;-5.81898;5.30471
0.218558;0.335011;0;1.28775;12.4684;-5.7052;5.20098
0.214331;0.337731;0;1.26205;12.2185;-5.59133;5.09717
0.21007;0.340398;0;1.23634;11.9685;-5.47739;4.9933
0.205776;0.343011;0;1.21062;11.7184;-5.3634;4.88939
0.201449;0.345569;0;1.18489;11.4682;-5.24938;4.78544
0.197091;0.348074;0;1.15916;11.2179;-5.13533;4.68148
0.192701;0.350523;0;1.13343;10.9677;-5.02129;4.57751
0.188282;0.352916;0;1.1077;10.7175;-4.90727;4.47357
0.183832;0.355255;0;1.08198;10.4674;-4.79329;4.36966
0.179353;0.357537;0;1.05628;10.2174;-4.67936;4.2658
0.174846;0.359762;0;1.03059;9.96756;-4.56551;4.16201
0.170312;0.361931;0;1.00457;9.71474;-4.45019;4.05688
0.16575;0.364042;0;0.97681;9.44559;-4.32716;3.94472
0.161163;0.366096;0;0.948917;9.17513;-4.20352;3.83202
0.156549;0.368093;0;0.920997;8.90439;-4.07976;3.7192
0.151912;0.370031;0;0.893052;8.63342;-3.9559;3.60628
0.14725;0.371911;0;0.865088;8.36226;-3.83195;3.49329
0.142565;0.373732;0;0.837109;8.09095;-3.70794;3.38023
0.137857;0.375494;0;0.80912;7.81954;-3.58387;3.26713
0.133128;0.377196;0;0.781124;7.54808;-3.45978;3.15401
0.128377;0.378839;0;0.753127;7.2766;-3.33569;3.04088
0.123607;0.380423;0;0.725132;7.00514;-3.2116;2.92776
0.118817;0.381946;0;0.697825;6.74063;-3.09056;2.81741
0.114008;0.383409;0;0.669163;6.46333;-2.9635;2.70159
0.109181;0.384811;0;0.640489;6.18591;-2.83639;2.58571
0.104337;0.386153;0;0.611808;5.90841;-2.70924;2.4698
0.099476;0.387433;0;0.583122;5.63088;-2.58208;2.35388
0.0945996;0.388653;0;0.554438;5.35336;-2.45493;2.23796
0.0897083;0.389811;0;0.525759;5.07589;-2.3278;2.12207
0.0848028;0.390907;0;0.49709;4.79852;-2.20071;2.00621
0.079884;0.391942;0;0.468436;4.5213;-2.07369;1.89042
0.0749525;0.392915;0;0.439801;4.24425;-1.94675;1.7747
0.0700092;0.393826;0;0.41119;3.96744;-1.81992;1.65907
0.0650549;0.394674;0;0.382607;3.6909;-1.69321;1.54357
0.0600902;0.395461;0;0.354057;3.41468;-1.56665;1.42819
0.0551161;0.396185;0;0.325544;3.13882;-1.44025;1.31296
0.0501333;0.396846;0;0.296207;2.85525;-1.31019;1.1944
0.0451426;0.397445;0;0.266715;2.57025;-1.17945;1.07521
0.0401447;0.39798;0;0.23719;2.28492;-1.04856;0.955888
0.0351405;0.398453;0;0.207635;1.99931;-0.917538;0.836446
0.0301307;0.398864;0;0.178056;1.71347;-0.786408;0.716906
0.0251162;0.399211;0;0.148457;1.42743;-0.655192;0.597286
0.0200977;0.399495;0;0.118844;1.14125;-0.523908;0.477606
0.0150761;0.399716;0;0.0892196;0.854972;-0.392579;0.357883
0.010052;0.399874;0;0.0595898;0.568638;-0.261225;0.238138
0.00502642;0.399968;0;0.0299591;0.282293;-0.129866;0.118389
2.44929e-17;0.4;0;0.000332024;-0.00401539;0.00147643;-0.00134594
-0.00502642;0.399968;0;-0.0292867;-0.290243;0.132782;-0.121047
-0.010052;0.399874;0;-0.0588923;-0.576346;0.264029;-0.240695
-0.0150761;0.399716;0;-0.0884803;-0.862276;0.395199;-0.360271
-0.0200977;0.399495;0;-0.118046;-1.14799;0.526268;-0.479757
-0.0251162;0.399211;0;-0.147584;-1.43344;0.657218;-0.599134
-0.0301307;0.398864;0;-0.177091;-1.71859;0.788028;-0.718382
-0.0351405;0.398453;0;-0.206313;-2.00104;0.917577;-0.836482
-0.0401447;0.39798;0;-0.235408;-2.28239;1.04657;-0.954072
-0.0451426;0.397445;0;-0.264509;-2.56379;1.17557;-1.07168
-0.0501333;0.396846;0;-0.293633;-2.84543;1.30468;-1.18938
-0.0551161;0.396185;0;-0.322777;-3.12725;1.43388;-1.30715
-0.0600902;0.395461;0;-0.351934;-3.4092;1.56313;-1.42499
-0.0650549;0.394674;0;-0.381101;-3.69124;1.69243;-1.54286
-0.0700092;0.393826;0;-0.410273;-3.97334;1.82175;-1.66075
-0.0749525;0.392915;0;-0.439445;-4.25544;1.95108;-1.77864
-0.079884;0.391942;0;-0.468613;-4.53749;2.08038;-1.89652
-0.0848028;0.390907;0;-0.497772;-4.81946;2.20965;-2.01436
-0.0897083;0.389811;0;-0.526918;-5.1013;2.33885;-2.13214
-0.0945996;0.388653;0;-0.556046;-5.38297;2.46797;-2.24986
-0.099476;0.387433;0;-0.58515;-5.66442;2.597;-2.36748
-0.104337;0.386153;0;-0.613852;-5.94212;2.72424;-2.48347
-0.109181;0.384811;0;-0.641836;-6.21323;2.84829;-2.59656
-0.114008;0.383409;0;-0.6696;-6.48232;2.97136;-2.70875
-0.118817;0.381946;0;-0.697385;-6.75162;3.09452;-2.82103
-0.123607;0.380423;0;-0.725188;-7.02109;3.21776;-2.93338
-0.128377;0.378839;0;-0.753003;-7.29068;3.34106;-3.04578
-0.133128;0.377196;0;-0.780826;-7.56035;3.46439;-3.15821
-0.137857;0.375494;0;-0.808653;-7.83006;3.58774;-3.27066
-0.142565;0.373732;0;-0.83648;-8.09976;3.71109;-3.3831
-0.14725;0.371911;0;-0.864302;-8.36942;3.83441;-3.49553
-0.151912;0.370031;0;-0.891998;-8.63786;3.95718;-3.60744
-0.156549;0.368093;0;-0.919704;-8.90637;4.07999;-3.7194
-0.161163;0.366096;0;-0.947396;-9.17473;4.20274;-3.8313
-0.16575;0.364042;0;-0.975068;-9.44292;4.3254;-3.94312
-0.170312;0.361931;0;-1.00272;-9.71087;4.44796;-4.05485
-0.174846;0.359762;0;-1.02931;-9.96877;4.56581;-4.16228
-0.179353;0.357537;0;-1.05484;-10.217;4.67898;-4.26545
-0.183832;0.355255;0;-1.08039;-10.4654;4.79223;-4.3687
-0.188282;0.352916;0;-1.10596;-10.714;4.90556;-4.47201
-0.192701;0.350523;0;-1.13154;-10.9627;5.01893;-4.57536
-0.197091;0.348074;0;-1.15713;-11.2115;5.13234;-4.67875
-0.201449;0.345569;0;-1.18272;-11.4603;5.24576;-4.78214
-0.205776;0.343011;0;-1.20831;-11.7091;5.35918;-4.88554
-0.21007;0.340398;0;-1.23389;-11.9578;5.47258;-4.98891
-0.214331;0.337731;0;-1.25947;-12.2064;5.58594;-5.09225
-0.218558;0.335011;0;-1.28503;-12.455;5.69924;-5.19554
-0.22275;0.332238;0;-1.31026;-12.7002;5.81103;-5.29745
-0.226908;0.329413;0;-1.33512;-12.9422;5.9212;-5.39789
-0.231029;0.326536;0;-1.35776;-13.1631;6.02155;-5.48937
-0.235114;0.323607;0;-1.38072;-13.3872;6.12329;-5.58211
-0.239162;0.320627;0;-1.4037;-13.6114;6.22509;-5.67492
-0.243172;0.317596;0;-1.42668;-13.8356;6.32695;-5.76778
-0.247144;0.314515;0;-1.44967;-14.06;6.42884;-5.86066
-0.251077;0.311385;0;-1.47267;-14.2844;6.53075;-5.95357
-0.25497;0.308205;0;-1.49567;-14.5089;6.63267;-6.04648
-0.258822;0.304977;0;-1.51866;-14.7332;6.73457;-6.13937
-0.262634;0.301701;0;-1.54165;-14.9576;6.83644;-6.23224
-0.266405;0.298376;0;-1.56463;-15.1818;6.93827;-6.32507
-0.270133;0.295005;0;-1.5876;-15.4059;7.04004;-6.41784
-0.273819;0.291587;0;-1.61054;-15.6298;7.14173;-6.51054
-0.277461;0.288124;0;-1.63209;-15.8401;7.2372;-6.59758
-0.28106;0.284614;0;-1.6526;-16.0407;7.3281;-6.68044
-0.284614;0.28106;0;-1.67252;-16.2358;7.41633;-6.76088
-0.288124;0.277461;0;-1.69244;-16.431;7.5046;-6.84135
-0.291587;0.273819;0;-1.71237;-16.6262;7.59289;-6.92184
-0.295005;0.270133;0;-1.7323;-16.8215;7.6812;-7.00234
-0.298376;0.266405;0;-1.75223;-17.0167;7.7695;-7.08284
-0.301701;0.262634;0;-1.77215;-17.2119;7.85779;-7.16332
-0.304977;0.258822;0;-1.79207;-17.4071;7.94605;-7.24378
-0.308205;0.25497;0;-1.81198;-17.6021;8.03426;-7.32419
-0.311385;0.251077;0;-1.83188;-17.797;8.12241;-7.40456
-0.314515;0.247144;0;-1.85176;-17.9918;8.21049;-7.48485
-0.317596;0.243172;0;-1.87032;-18.1737;8.2927;-7.5598
-0.320627;0.239162;0;-1.88638;-18.3316;8.36385;-7.62466
-0.323607;0.235114;0;-1.90245;-18.4897;8.43505;-7.68957
-0.326536;0.231029;0;-1.91853;-18.6478;8.5063;-7.75452
-0.329413;0.226908;0;-1.93462;-18.8061;8.57758;-7.8195
-0.332238;0.22275;0;-1.95072;-18.9643;8.64888;-7.8845
-0.335011;0.218558;0;-1.96681;-19.1226;8.72019;-7.9495
-0.337731;0.214331;0;-1.98266;-19.2784;8.7904;-8.01351
-0.340398;0.21007;0;-1.99852;-19.4343;8.86063;-8.07754
-0.343011;0.205776;0;-2.01437;-19.5902;8.93086;-8.14155
-0.345569;0.201449;0;-2.03022;-19.746;9.00106;-8.20555
-0.348074;0.197091;0;-2.04605;-19.9017;9.07122;-8.26951
-0.350523;0.192701;0;-2.06188;-20.0573;9.14134;-8.33343
-0.352916;0.188282;0;-2.0777;-20.2128;9.21139;-8.3973
-0.355255;0.183832;0;-2.09197;-20.3533;9.27464;-8.45495
-0.357537;0.179353;0;-2.10377;-20.4696;9.32689;-8.50258
-0.359762;0.174846;0;-2.11561;-20.5865;9.37934;-8.5504
-0.361931;0.170312;0;-2.12745;-20.7033;9.43181;-8.59823
-0.364042;0.16575;0;-2.1393;-20.8202;9.48428;-8.64607
-0.366096;0.161163;0;-2.15115;-20.9371;9.53676;-8.6939
-0.368093;0.156549;0;-2.16299;-21.0539;9.58922;-8.74173
-0.370031;0.151912;0;-2.17483;-21.1707;9.64166;-8.78953
-0.371911;0.14725;0;-2.18667;-21.2875;9.69408;-8.83732
-0.373732;0.142565;0;-2.19849;-21.4041;9.74646;-8.88507
-0.375494;0.137857;0;-2.21031;-21.5207;9.7988;-8.93278
-0.377196;0.133128;0;-2.22177;-21.6338;9.84958;-8.97907
-0.378839;0.128377;0;-2.22976;-21.7128;9.88497;-9.01134
-0.380423;0.123607;0;-2.23715;-21.7859;9.9177;-9.04118
-0.381946;0.118817;0;-2.24455;-21.8591;9.95046;-9.07104
-0.383409;0.114008;0;-2.25195;-21.9322;9.98323;-9.10092
-0.384811;0.109181;0;-2.25935;-22.0054;10.016;-9.1308
-0.386153;0.104337;0;-2.26675;-22.0786;10.0488;-9.1607
-0.387433;0.099476;0;-2.27416;-22.1518;10.0816;-9.19059
-0.388653;0.0945996;0;-2.28156;-22.225;10.1144;-9.22048
-0.389811;0.0897083;0;-2.28896;-22.2982;10.1472;-9.25036
-0.390907;0.0848028;0;-2.29636;-22.3714;10.1799;-9.28023
-0.391942;0.079884;0;-2.30375;-22.4445;10.2127;-9.31008
-0.392915;0.0749525;0;-2.31114;-22.5175;10.2454;-9.33991
-0.393826;0.0700092;0;-2.31852;-22.5905;10.2781;-9.36971
-0.394674;0.0650549;0;-2.32583;-22.6629;10.3105;-9.39924
-0.395461;0.0600902;0;-2.32873;-22.6916;10.3233;-9.41096
-0.396185;0.0551161;0;-2.33118;-22.7158;10.3342;-9.42082
-0.396846;0.0501333;0;-2.33362;-22.7399;10.345;-9.43069
-0.397445;0.0451426;0;-2.33606;-22.7641;10.3558;-9.44056
-0.39798;0.0401447;0;-2.33851;-22.7883;10.3666;-9.45042
-0.398453;0.0351405;0;-2.34089;-22.8119;10.3772;-9.46004
-0.398864;0.0301307;0;-2.3432;-22.8348;10.3874;-9.46937
-0.399211;0.0251162;0;-2.34549;-22.8575;10.3975;-9.47862
-0.399495;0.0200977;0;-2.34778;-22.8801;10.4077;-9.48786
-0.399716;0.0150761;0;-2.35006;-22.9027;10.4178;-9.49709
-0.399874;0.010052;0;-2.35235;-22.9253;10.4279;-9.50631
-0.399968;0.00502642;0;-2.35463;-22.9479;10.438;-9.51551
-0.4;4.89859e-17;0;-2.3569;-22.9704;10.4481;-9.52471
-0.399968;-0.00502642;0;-2.35532;-22.9548;10.4411;-9.51833
-0.399874;-0.010052;0;-2.35292;-22.931;10.4305;-9.50864
-0.399716;-0.0150761;0;-2.35052;-22.9072;10.4198;-9.49894
-0.399495;-0.0200977;0;-2.34811;-22.8833;10.4092;-9.48922
-0.399211;-0.0251162;0;-2.3457;-22.8594;10.3985;-9.47949
-0.398864;-0.0301307;0;-2.34329;-22.8355;10.3878;-9.46975
-0.398453;-0.0351405;0;-2.34087;-22.8116;10.3771;-9.46001
-0.39798;-0.0401447;0;-2.33846;-22.7877;10.3664;-9.45026
-0.397445;-0.0451426;0;-2.33604;-22.7637;10.3557;-9.4405
-0.396846;-0.0501333;0;-2.33362;-22.7398;10.345;-9.43074
-0.396185;-0.0551161;0;-2.3312;-22.7158;10.3343;-9.42098
-0.395461;-0.0600902;0;-2.32879;-22.6919;10.3236;-9.41122
-0.394674;-0.0650549;0;-2.32636;-22.6678;10.3129;-9.40142
-0.393826;-0.0700092;0;-2.31922;-22.5972;10.2813;-9.37262
-0.392915;-0.0749525;0;-2.31191;-22.5248;10.2489;-9.34308
-0.391942;-0.079884;0;-2.30458;-22.4524;10.2164;-9.31351
-0.390907;-0.0848028;0;-2.29725;-22.3799;10.184;-9.28392
-0.389811;-0.0897083;0;-2.28992;-22.3073;10.1515;-9.25432
-0.388653;-0.0945996;0;-2.28258;-22.2348;10.119;-9.2247
-0.387433;-0.099476;0;-2.27524;-22.1621;10.0865;-9.19507
-0.386153;-0.104337;0;-2.2679;-22.0895;10.054;-9.16543
-0.384811;-0.109181;0;-2.26056;-22.0169;10.0215;-9.1358
-0.383409;-0.114008;0;-2.25322;-21.9443;9.98899;-9.10617
-0.381946;-0.118817;0;-2.24589;-21.8717;9.9565;-9.07655
-0.380423;-0.123607;0;-2.23855;-21.7992;9.92402;-9.04694
-0.378839;-0.128377;0;-2.23086;-21.7231;9.88994;-9.01587
-0.377196;-0.133128;0;-2.2199;-21.615;9.84144;-8.97166
-0.375494;-0.137857;0;-2.20895;-21.5069;9.7929;-8.92741
-0.373732;-0.142565;0;-2.19798;-21.3987;9.74434;-8.88314
-0.371911;-0.14725;0;-2.18594;-21.2798;9.69098;-8.8345
-0.370031;-0.151912;0;-2.17374;-21.1594;9.63696;-8.78525
-0.368093;-0.156549;0;-2.16153;-21.0389;9.58291;-8.73598
-0.366096;-0.161163;0;-2.14932;-20.9184;9.52883;-8.68668
-0.364042;-0.16575;0;-2.13711;-20.7978;9.47475;-8.63737
-0.361931;-0.170312;0;-2.1249;-20.6773;9.42066;-8.58806
-0.359762;-0.174846;0;-2.11269;-20.5567;9.36657;-8.53876
-0.357537;-0.179353;0;-2.10048;-20.4362;9.3125;-8.48946
-0.355255;-0.183832;0;-2.08679;-20.3014;9.25188;-8.4342
-0.352916;-0.188282;0;-2.07279;-20.1635;9.18985;-8.37766
-0.350523;-0.192701;0;-2.05816;-20.0195;9.12502;-8.31855
-0.348074;-0.197091;0;-2.04266;-19.8672;9.05638;-8.25598
-0.345569;-0.201449;0;-2.02716;-19.7148;8.98771;-8.19338
-0.343011;-0.205776;0;-2.01165;-19.5623;8.91902;-8.13076
-0.340398;-0.21007;0;-1.99614;-19.4098;8.85032;-8.06813
-0.337731;-0.214331;0;-1.98064;-19.2574;8.78161;-8.0055
-0.335011;-0.218558;0;-1.96513;-19.1049;8.71292;-7.94287
-0.332238;-0.22275;0;-1.94963;-18.9525;8.64424;-7.88027
-0.329413;-0.226908;0;-1.93413;-18.8001;8.5756;-7.81769
-0.326536;-0.231029;0;-1.91814;-18.6428;8.50475;-7.75311
-0.323607;-0.235114;0;-1.90192;-18.4833;8.43292;-7.68762
-0.320627;-0.239162;0;-1.88571;-18.3239;8.36112;-7.62217
-0.317596;-0.243172;0;-1.86947;-18.1642;8.28917;-7.55658
-0.314515;-0.247144;0;-1.85073;-17.9806;8.20618;-7.48092
-0.311385;-0.251077;0;-1.83081;-17.7854;8.11792;-7.40046
-0.308205;-0.25497;0;-1.81088;-17.59;8.02959;-7.31993
-0.304977;-0.258822;0;-1.79092;-17.3946;7.9412;-7.23936
-0.301701;-0.262634;0;-1.77096;-17.199;7.85276;-7.15874
-0.298376;-0.266405;0;-1.751;-17.0033;7.76429;-7.07809
-0.295005;-0.270133;0;-1.73103;-16.8076;7.67581;-6.99742
-0.291587;-0.273819;0;-1.71105;-16.6119;7.58732;-6.91676
-0.288124;-0.277461;0;-1.69108;-16.4162;7.49884;-6.8361
-0.284614;-0.28106;0;-1.67112;-16.2206;7.41039;-6.75546
-0.28106;-0.284614;0;-1.65116;-16.0251;7.32197;-6.67486
-0.277461;-0.288124;0;-1.63031;-15.8214;7.2296;-6.59065
-0.273819;-0.291587;0;-1.609;-15.6133;7.13517;-6.50456
-0.270133;-0.295005;0;-1.58668;-15.3955;7.03625;-6.41439
-0.266405;-0.298376;0;-1.56384;-15.1726;6.93506;-6.32214
-0.262634;-0.301701;0;-1.541;-14.9496;6.83382;-6.22985
-0.258822;-0.304977;0;-1.51814;-14.7266;6.73254;-6.13752
-0.25497;-0.308205;0;-1.49529;-14.5035;6.63125;-6.04518
-0.251077;-0.311385;0;-1.47243;-14.2803;6.52995;-5.95283
-0.247144;-0.314515;0;-1.44957;-14.0573;6.42866;-5.8605
-0.243172;-0.317596;0;-1.42672;-13.8343;6.32741;-5.7682
-0.239162;-0.320627;0;-1.40388;-13.6113;6.2262;-5.67593
-0.235114;-0.323607;0;-1.38106;-13.3886;6.12505;-5.58372
-0.231029;-0.326536;0;-1.35825;-13.166;6.02398;-5.49159
-0.226908;-0.329413;0;-1.33488;-12.9382;5.92041;-5.39717
-0.22275;-0.332238;0;-1.31004;-12.6964;5.81033;-5.29682
-0.218558;-0.335011;0;-1.2847;-12.45;5.69802;-5.19443
-0.214331;-0.337731;0;-1.25911;-12.2012;5.58462;-5.09105
-0.21007;-0.340398;0;-1.23351;-11.9523;5.47116;-4.98762
-0.205776;-0.343011;0;-1.2079;-11.7033;5.35766;-4.88415
-0.201449;-0.345569;0;-1.18229;-11.4542;5.24414;-4.78067
-0.197091;-0.348074;0;-1.15668;-11.2052;5.13062;-4.67718
-0.192701;-0.350523;0;-1.13106;-10.9561;5.01711;-4.5737
-0.188282;-0.352916;0;-1.10546;-10.7072;4.90363;-4.47025
-0.183832;-0.355255;0;-1.07987;-10.4583;4.7902;-4.36684
-0.179353;-0.357537;0;-1.05429;-10.2096;4.67684;-4.2635
-0.174846;-0.359762;0;-1.02873;-9.96111;4.56356;-4.16024
-0.170312;-0.361931;0;-1.00223;-9.70407;4.44612;-4.05317
-0.16575;-0.364042;0;-0.974866;-9.43877;4.3248;-3.94258
-0.161163;-0.366096;0;-0.947217;-9.17076;4.20225;-3.83085
-0.156549;-0.368093;0;-0.919551;-8.90257;4.07961;-3.71905
-0.151912;-0.370031;0;-0.891871;-8.63426;3.95691;-3.6072
-0.14725;-0.371911;0;-0.864182;-8.36586;3.83417;-3.49531
-0.142565;-0.373732;0;-0.836488;-8.09741;3.71141;-3.3834
-0.137857;-0.375494;0;-0.808793;-7.82895;3.58865;-3.27149
-0.133128;-0.377196;0;-0.781103;-7.56054;3.46591;-3.1596
-0.128377;-0.378839;0;-0.753421;-7.2922;3.34321;-3.04773
-0.123607;-0.380423;0;-0.725752;-7.02399;3.22056;-2.93592
-0.118817;-0.381946;0;-0.6981;-6.75594;3.09798;-2.82418
-0.114008;-0.383409;0;-0.670469;-6.48811;2.9755;-2.71253
-0.109181;-0.384811;0;-0.642892;-6.22081;2.85326;-2.60109
-0.104337;-0.386153;0;-0.614002;-5.94134;2.72519;-2.48434
-0.099476;-0.387433;0;-0.585049;-5.66127;2.59684;-2.36733
-0.0945996;-0.388653;0;-0.556079;-5.38105;2.46842;-2.25026
-0.0897083;-0.389811;0;-0.527099;-5.10071;2.33994;-2.13314
-0.0848028;-0.390907;0;-0.498132;-4.8205;2.21153;-2.01608
-0.079884;-0.391942;0;-0.469111;-4.53977;2.08288;-1.8988
-0.0749525;-0.392915;0;-0.440072;-4.25886;1.95415;-1.78144
-0.0700092;-0.393826;0;-0.411037;-3.97799;1.82543;-1.6641
-0.0650549;-0.394674;0;-0.38201;-3.69721;1.69675;-1.54679
-0.0600902;-0.395461;0;-0.352997;-3.41655;1.56813;-1.42954
-0.0551161;-0.396185;0;-0.324002;-3.13607;1.4396;-1.31237
-0.0501333;-0.396846;0;-0.294738;-2.85315;1.30986;-1.19409
-0.0451426;-0.397445;0;-0.265209;-2.56777;1.17895;-1.07475
-0.0401447;-0.39798;0;-0.235663;-2.28223;1.04796;-0.955343
-0.0351405;-0.398453;0;-0.206105;-1.99658;0.916923;-0.835886
-0.0301307;-0.398864;0;-0.176588;-1.71132;0.786065;-0.716593
-0.0251162;-0.399211;0;-0.147001;-1.4254;0.654901;-0.597021
-0.0200977;-0.399495;0;-0.117413;-1.13945;0.523728;-0.477441
-0.0150761;-0.399716;0;-0.0878272;-0.853534;0.392567;-0.357872
-0.010052;-0.399874;0;-0.058249;-0.567686;0.261438;-0.238333
-0.00502642;-0.399968;0;-0.0286828;-0.281955;0.130363;-0.118842
-7.34788e-17;-0.4;0;0.00086659;0.00361366;-0.000637397;0.000581064
0.00502642;-0.399968;0;0.030184;0.286952;-0.13061;0.119067
0.010052;-0.399874;0;0.0596191;0.571457;-0.261107;0.238031
0.0150761;-0.399716;0;0.0890788;0.856199;-0.391713;0.357093
0.0200977;-0.399495;0;0.118558;1.14113;-0.522406;0.476236
0.0251162;-0.399211;0;0.148053;1.42621;-0.653168;0.595441
0.0301307;-0.398864;0;0.177558;1.7114;-0.783975;0.714688
0.0351405;-0.398453;0;0.207069;1.99663;-0.914809;0.833959
0.0401447;-0.39798;0;0.236582;2.28189;-1.04565;0.953235
0.0451426;-0.397445;0;0.266091;2.5671;-1.17647;1.0725
0.0501333;-0.396846;0;0.295592;2.85224;-1.30726;1.19173
0.0551161;-0.396185;0;0.324939;3.13573;-1.43736;1.31032
0.0600902;-0.395461;0;0.354389;3.4202;-1.56791;1.42934
0.0650549;-0.394674;0;0.383062;3.69754;-1.69502;1.54521
0.0700092;-0.393826;0;0.412192;3.97931;-1.82415;1.66293
0.0749525;-0.392915;0;0.441324;4.2611;-1.95329;1.78066
0.079884;-0.391942;0;0.470454;4.54288;-2.08242;1.89838
0.0848028;-0.390907;0;0.498947;4.81852;-2.20874;2.01353
0.0897083;-0.389811;0;0.527665;5.09637;-2.33605;2.12959
0.0945996;-0.388653;0;0.55639;5.37429;-2.4634;2.24568
0.099476;-0.387433;0;0.585119;5.65224;-2.59076;2.36179
0.104337;-0.386153;0;0.613846;5.93018;-2.71811;2.47789
0.109181;-0.384811;0;0.642567;6.20806;-2.84544;2.59396
0.114008;-0.383409;0;0.671277;6.48584;-2.97272;2.70999
0.118817;-0.381946;0;0.698703;6.75149;-3.09429;2.82082
0.123607;-0.380423;0;0.726444;7.02037;-3.21726;2.93292
0.128377;-0.378839;0;0.7542;7.2894;-3.3403;3.04508
0.133128;-0.377196;0;0.781966;7.55852;-3.46338;3.15729
0.137857;-0.375494;0;0.809738;7.8277;-3.58648;3.26951
0.142565;-0.373732;0;0.837512;8.09689;-3.7096;3.38174
0.14725;-0.371911;0;0.865282;8.36605;-3.83269;3.49396
0.151912;-0.370031;0;0.893045;8.63514;-3.95576;3.60615
0.156549;-0.368093;0;0.920796;8.90412;-4.07877;3.71829
0.161163;-0.366096;0;0.948532;9.17295;-4.20172;3.83037
0.16575;-0.364042;0;0.976246;9.44157;-4.32457;3.94237
0.170312;-0.361931;0;1.00347;9.70554;-4.44525;4.05238
0.174846;-0.359762;0;1.02993;9.96235;-4.56254;4.15931
0.179353;-0.357537;0;1.0556;10.2119;-4.67634;4.26305
0.183832;-0.355255;0;1.0813;10.4616;-4.79021;4.36685
0.188282;-0.352916;0;1.107;10.7115;-4.90414;4.47071
0.192701;-0.350523;0;1.13271;10.9614;-5.01811;4.57461
0.197091;-0.348074;0;1.15843;11.2114;-5.13209;4.67852
0.201449;-0.345569;0;1.18415;11.4613;-5.24609;4.78244
0.205776;-0.343011;0;1.20986;11.7113;-5.36006;4.88634
0.21007;-0.340398;0;1.23557;11.9612;-5.47401;4.99022
0.214331;-0.337731;0;1.26127;12.2109;-5.5879;5.09404
0.218558;-0.335011;0;1.28695;12.4605;-5.70172;5.19781
0.22275;-0.332238;0;1.31261;12.71;-5.81546;5.30149
0.226908;-0.329413;0;1.33721;12.9494;-5.92449;5.40089
0.231029;-0.326536;0;1.36013;13.173;-6.0261;5.49351
0.235114;-0.323607;0;1.38308;13.3969;-6.12778;5.58621
0.239162;-0.320627;0;1.40604;13.6208;-6.22954;5.67897
0.243172;-0.317596;0;1.42901;13.8449;-6.33135;5.77178
0.247144;-0.314515;0;1.45199;14.069;-6.43319;5.86463
0.251077;-0.311385;0;1.47498;14.2932;-6.53505;5.95749
0.25497;-0.308205;0;1.49796;14.5174;-6.63692;6.05035
0.258822;-0.304977;0;1.52095;14.7416;-6.73877;6.1432
0.262634;-0.301701;0;1.54392;14.9657;-6.84059;6.23603
0.266405;-0.298376;0;1.56689;15.1897;-6.94237;6.32881
0.270133;-0.295005;0;1.58984;15.4136;-7.04409;6.42154
0.273819;-0.291587;0;1.61278;15.6373;-7.14574;6.5142
0.277461;-0.288124;0;1.63528;15.8569;-7.24549;6.60513
0.28106;-0.284614;0;1.65551;16.0547;-7.33512;6.68684
0.284614;-0.28106;0;1.67526;16.248;-7.42262;6.76661
0.288124;-0.277461;0;1.69501;16.4414;-7.51016;6.84641
0.291587;-0.273819;0;1.71478;16.6348;-7.59773;6.92625
0.295005;-0.270133;0;1.73454;16.8283;-7.68533;7.0061
0.298376;-0.266405;0;1.75431;17.0218;-7.77292;7.08595
0.301701;-0.262634;0;1.77408;17.2153;-7.86051;7.1658
0.304977;-0.258822;0;1.79384;17.4088;-7.94807;7.24563
0.308205;-0.25497;0;1.81359;17.6021;-8.0356;7.32542
0.311385;-0.251077;0;1.83333;17.7954;-8.12307;7.40516
0.314515;-0.247144;0;1.85306;17.9885;-8.21048;7.48485
0.317596;-0.243172;0;1.87212;18.1752;-8.29495;7.56184
0.320627;-0.239162;0;1.88807;18.3319;-8.36563;7.62628
0.323607;-0.235114;0;1.90403;18.4887;-8.43637;7.69077
0.326536;-0.231029;0;1.92001;18.6456;-8.50716;7.7553
0.329413;-0.226908;0;1.936;18.8026;-8.57798;7.81986
0.332238;-0.22275;0;1.95199;18.9596;-8.64883;7.88445
0.335011;-0.218558;0;1.96798;19.1167;-8.71969;7.94905
0.337731;-0.214331;0;1.98397;19.2738;-8.79056;8.01365
0.340398;-0.21007;0;1.99996;19.4309;-8.86142;8.07825
0.343011;-0.205776;0;2.01595;19.5879;-8.93225;8.14282
0.345569;-0.201449;0;2.03193;19.7449;-9.00306;8.20737
0.348074;-0.197091;0;2.0479;19.9018;-9.07383;8.27189
0.350523;-0.192701;0;2.06386;20.0585;-9.14454;8.33635
0.352916;-0.188282;0;2.07981;20.2151;-9.21519;8.40075
0.355255;-0.183832;0;2.0937;20.3517;-9.27672;8.45685
0.357537;-0.179353;0;2.10555;20.4686;-9.32924;8.50472
0.359762;-0.174846;0;2.11741;20.5855;-9.38178;8.55262
0.361931;-0.170312;0;2.12875;20.6973;-9.43202;8.59842
0.364042;-0.16575;0;2.14001;20.8083;-9.4819;8.6439
0.366096;-0.161163;0;2.15128;20.9193;-9.53181;8.68939
0.368093;-0.156549;0;2.16254;21.0304;-9.58171;8.73489
0.370031;-0.151912;0;2.17381;21.1414;-9.63162;8.78038
0.371911;-0.14725;0;2.18507;21.2524;-9.68151;8.82587
0.373732;-0.142565;0;2.19633;21.3634;-9.73139;8.87133
0.375494;-0.137857;0;2.20758;21.4743;-9.78124;8.91678
0.377196;-0.133128;0;2.21883;21.5851;-9.83106;8.96219
0.378839;-0.128377;0;2.23001;21.6954;-9.88061;9.00737
0.380423;-0.123607;0;2.24009;21.7948;-9.92526;9.04807
0.381946;-0.118817;0;2.24738;21.867;-9.95751;9.07747
0.383409;-0.114008;0;2.25467;21.9392;-9.98978;9.10689
0.384811;-0.109181;0;2.26196;22.0115;-10.0221;9.13631
0.386153;-0.104337;0;2.26888;22.08;-10.0527;9.16424
0.387433;-0.099476;0;2.27512;22.1418;-10.0803;9.18942
0.388653;-0.0945996;0;2.28136;22.2036;-10.1079;9.2146
0.389811;-0.0897083;0;2.2876;22.2655;-10.1356;9.23979
0.390907;-0.0848028;0;2.29384;22.3273;-10.1632;9.26498
0.391942;-0.079884;0;2.30008;22.3891;-10.1908;9.29017
0.392915;-0.0749525;0;2.30632;22.4509;-10.2184;9.31534
0.393826;-0.0700092;0;2.31255;22.5127;-10.2461;9.34051
0.394674;-0.0650549;0;2.31879;22.5745;-10.2736;9.36566
0.395461;-0.0600902;0;2.32501;22.6362;-10.3012;9.3908
0.396185;-0.0551161;0;2.32879;22.6739;-10.3179;9.40603
0.396846;-0.0501333;0;2.33161;22.7022;-10.3304;9.41739
0.397445;-0.0451426;0;2.33444;22.7306;-10.3429;9.42876
0.39798;-0.0401447;0;2.33643;22.7507;-10.3516;9.43677
0.398453;-0.0351405;0;2.33773;22.764;-10.3574;9.442
0.398864;-0.0301307;0;2.33903;22.7773;-10.3631;9.44723
0.399211;-0.0251162;0;2.34034;22.7906;-10.3689;9.45246
0.399495;-0.0200977;0;2.34164;22.8039;-10.3746;9.45769
0.399716;-0.0150761;0;2.34294;22.8172;-10.3803;9.46293
0.399874;-0.010052;0;2.34425;22.8305;-10.3861;9.46816
0.399968;-0.00502642;0;2.34555;22.8438;-10.3918;9.47339
