0.4;0;0;2.38465;23.2304;-10.3975;9.47853
0.399968;0.00502642;0;2.38328;23.217;-10.3915;9.47309
0.399874;0.010052;0;2.38188;23.2033;-10.3854;9.46754
0.399716;0.0150761;0;2.38049;23.1897;-10.3793;9.46199
0.399495;0.0200977;0;2.3791;23.176;-10.3732;9.45644
0.399211;0.0251162;0;2.3777;23.1623;-10.3671;9.45089
0.398864;0.0301307;0;2.37631;23.1487;-10.361;9.44534
0.398453;0.0351405;0;2.37491;23.135;-10.355;9.43979
0.39798;0.0401447;0;2.37352;23.1214;-10.3489;9.43425
0.397445;0.0451426;0;2.37096;23.0961;-10.3377;9.42406
0.396846;0.0501333;0;2.36778;23.0647;-10.3238;9.41143
0.396185;0.0551161;0;2.3646;23.0332;-10.31;9.3988
0.395461;0.0600902;0;2.36142;23.0018;-10.2961;9.38617
0.394674;0.0650549;0;2.35572;22.9456;-10.2713;9.36354
0.393826;0.0700092;0;2.34949;22.8841;-10.2442;9.33879
0.392915;0.0749525;0;2.34326;22.8225;-10.217;9.31402
0.391942;0.079884;0;2.33703;22.7609;-10.1898;9.28924
0.390907;0.0848028;0;2.33079;22.6993;-10.1626;9.26445
0.389811;0.0897083;0;2.32455;22.6377;-10.1354;9.23966
0.388653;0.0945996;0;2.31831;22.5761;-10.1082;9.21487
0.387433;0.099476;0;2.31207;22.5145;-10.081;9.19008
0.386153;0.104337;0;2.30549;22.4495;-10.0524;9.16394
0.384811;0.109181;0;2.29781;22.3735;-10.0189;9.13341
0.383409;0.114008;0;2.29012;22.2975;-9.98538;9.10287
0.381946;0.118817;0;2.28244;22.2215;-9.95189;9.07235
0.380423;0.123607;0;2.27475;22.1456;-9.91841;9.04183
0.378839;0.128377;0;2.26476;22.0469;-9.87486;9.00212
0.377196;0.133128;0;2.25327;21.9335;-9.82477;8.95646
0.375494;0.137857;0;2.24182;21.8206;-9.7749;8.911
0.373732;0.142565;0;2.23038;21.7077;-9.72504;8.86554
0.371911;0.14725;0;2.21893;21.5947;-9.67515;8.82006
0.370031;0.151912;0;2.20748;21.4817;-9.62524;8.77457
0.368093;0.156549;0;2.19602;21.3686;-9.57532;8.72906
0.366096;0.161163;0;2.18457;21.2556;-9.52541;8.68356
0.364042;0.16575;0;2.17312;21.1426;-9.4755;8.63806
0.361931;0.170312;0;2.16167;21.0296;-9.4256;8.59257
0.359762;0.174846;0;2.15022;20.9166;-9.37573;8.5471
0.357537;0.179353;0;2.13878;20.8038;-9.32588;8.50167
0.355255;0.183832;0;2.12736;20.691;-9.27608;8.45626
0.352916;0.188282;0;2.11353;20.5548;-9.21582;8.40133
0.350523;0.192701;0;2.09734;20.3956;-9.14527;8.33702
0.348074;0.197091;0;2.08114;20.2363;-9.07466;8.27265
0.345569;0.201449;0;2.06493;20.0768;-9.004;8.20823
0.343011;0.205776;0;2.0487;19.9172;-8.93329;8.14377
0.340398;0.21007;0;2.03247;19.7576;-8.86256;8.07929
0.337731;0.214331;0;2.01624;19.5979;-8.7918;8.01479
0.335011;0.218558;0;2;19.4382;-8.72104;7.95028
0.332238;0.22275;0;1.98377;19.2785;-8.65028;7.88577
0.329413;0.226908;0;1.96754;19.1189;-8.57953;7.82128
0.326536;0.231029;0;1.95131;18.9592;-8.50881;7.75681
0.323607;0.235114;0;1.93507;18.7995;-8.43804;7.69229
0.320627;0.239162;0;1.91878;18.6393;-8.36706;7.62759
0.317596;0.243172;0;1.90251;18.4793;-8.29614;7.56293
0.314515;0.247144;0;1.8839;18.2967;-8.21503;7.48899
0.311385;0.251077;0;1.86388;18.1005;-8.12775;7.40943
0.308205;0.25497;0;1.84384;17.9042;-8.04041;7.3298
0.304977;0.258822;0;1.82379;17.7077;-7.95297;7.25009
0.301701;0.262634;0;1.8037;17.5108;-7.8654;7.17026
0.298376;0.266405;0;1.78359;17.3138;-7.77775;7.09036
0.295005;0.270133;0;1.76346;17.1166;-7.69;7.01036
0.291587;0.273819;0;1.74333;16.9193;-7.60224;6.93036
0.288124;0.277461;0;1.7232;16.7221;-7.5145;6.85037
0.284614;0.28106;0;1.70308;16.5249;-7.42679;6.77041
0.28106;0.284614;0;1.68297;16.3279;-7.33912;6.69049
0.277461;0.288124;0;1.66254;16.1278;-7.25009;6.60933
0.273819;0.291587;0;1.63926;15.9007;-7.14859;6.5168
0.270133;0.295005;0;1.61596;15.6732;-7.047;6.42419
0.266405;0.298376;0;1.59264;15.4457;-6.94533;6.3315
0.262634;0.301701;0;1.56931;15.218;-6.8436;6.23876
0.258822;0.304977;0;1.54596;14.9901;-6.74182;6.14598
0.25497;0.308205;0;1.52261;14.7623;-6.64002;6.05318
0.251077;0.311385;0;1.49925;14.5343;-6.53816;5.96032
0.247144;0.314515;0;1.47589;14.3062;-6.43629;5.86745
0.243172;0.317596;0;1.4525;14.078;-6.33433;5.77451
0.239162;0.320627;0;1.42912;13.8499;-6.23241;5.68159
0.235114;0.323607;0;1.40576;13.6218;-6.13054;5.58873
0.231029;0.326536;0;1.38241;13.3939;-6.02873;5.49592
0.226908;0.329413;0;1.35907;13.1662;-5.92701;5.40318
0.22275;0.332238;0;1.3343;12.9249;-5.81898;5.30471
0.218558;0.335011;0;1.30821;12.6713;-5.7052;5.20098
0.214331;0.337731;0;1.28209;12.4174;-5.59133;5.09717
0.21007;0.340398;0;1.25597;12.1633;-5.47739;4.9933
0.205776;0.343011;0;1.22982;11.9092;-5.3634;4.88939
0.201449;0.345569;0;1.20368;11.655;-5.24938;4.78544
0.197091;0.348074;0;1.17752;11.4007;-5.13533;4.68148
0.192701;0.350523;0;1.15137;11.1464;-5.02129;4.57751
0.188282;0.352916;0;1.12522;10.8922;-4.90727;4.47357
0.183832;0.355255;0;1.09908;10.6381;-4.79329;4.36966
0.179353;0.357537;0;1.07296;10.3841;-4.67936;4.2658
0.174846;0.359762;0;1.04685;10.1302;-4.56551;4.16201
0.170312;0.361931;0;1.0204;9.87329;-4.45019;4.05688
0.16575;0.364042;0;0.992192;9.59978;-4.32716;3.94472
0.161163;0.366096;0;0.963843;9.32492;-4.20352;3.83202
0.156549;0.368093;0;0.935466;9.04979;-4.07976;3.7192
0.151912;0.370031;0;0.907064;8.77442;-3.9559;3.60628
0.14725;0.371911;0;0.878643;8.49886;-3.83195;3.49329
0.142565;0.373732;0;0.850206;8.22315;-3.70794;3.38023
0.137857;0.375494;0;0.821759;7.94734;-3.58387;3.26713
0.133128;0.377196;0;0.793306;7.67147;-3.45978;3.15401
0.128377;0.378839;0;0.76485;7.39558;-3.33569;3.04088
0.123607;0.380423;0;0.736398;7.11972;-3.2116;2.92776
0.118817;0.381946;0;0.708644;6.85091;-3.09056;2.81741
0.114008;0.383409;0;0.679514;6.56911;-2.9635;2.70159
0.109181;0.384811;0;0.650371;6.28719;-2.83639;2.58571
0.104337;0.386153;0;0.62122;6.00518;-2.70924;2.4698
0.099476;0.387433;0;0.592066;5.72315;-2.58208;2.35388
0.0945996;0.388653;0;0.562912;5.44112;-2.45493;2.23796
0.0897083;0.389811;0;0.533765;5.15915;-2.3278;2.12207
0.0848028;0.390907;0;0.504627;4.87728;-2.20071;2.00621
0.079884;0.391942;0;0.475505;4.59555;-2.07369;1.89042
0.0749525;0.392915;0;0.446402;4.31401;-1.94675;1.7747
0.0700092;0.393826;0;0.417323;4.03271;-1.81992;1.65907
0.0650549;0.394674;0;0.388273;3.75168;-1.69321;1.54357
0.0600902;0.395461;0;0.359256;3.47097;-1.56665;1.42819
0.0551161;0.396185;0;0.330277;3.19063;-1.44025;1.31296
0.0501333;0.396846;0;0.300459;2.90245;-1.31019;1.1944
0.0451426;0.397445;0;0.270485;2.6128;-1.17945;1.07521
0.0401447;0.39798;0;0.240476;2.32281;-1.04856;0.955888
0.0351405;0.398453;0;0.210438;2.03254;-0.917538;0.836446
0.0301307;0.398864;0;0.180375;1.74203;-0.786408;0.716906
0.0251162;0.399211;0;0.150292;1.45132;-0.655192;0.597286
0.0200977;0.399495;0;0.120194;1.16047;-0.523908;0.477606
0.0150761;0.399716;0;0.090085;0.869518;-0.392579;0.357883
0.010052;0.399874;0;0.0599704;0.578508;-0.261225;0.238138
0.00502642;0.399968;0;0.0298548;0.287489;-0.129866;0.118389
2.44929e-17;0.4;0;-0.000256995;-0.00349429;0.00147643;-0.00134594
-0.00502642;0.399968;0;-0.0303603;-0.294396;0.132782;-0.121047
-0.010052;0.399874;0;-0.0604504;-0.585169;0.264029;-0.240695
-0.0150761;0.399716;0;-0.0905225;-0.875768;0.395199;-0.360271
-0.0200977;0.399495;0;-0.120572;-1.16615;0.526268;-0.479757
-0.0251162;0.399211;0;-0.150594;-1.45626;0.657218;-0.599134
-0.0301307;0.398864;0;-0.180583;-1.74606;0.788028;-0.718382
-0.0351405;0.398453;0;-0.210283;-2.03307;0.917577;-0.836482
-0.0401447;0.39798;0;-0.239855;-2.31894;1.04657;-0.954072
-0.0451426;0.397445;0;-0.269433;-2.60496;1.17557;-1.07168
-0.0501333;0.396846;0;-0.299034;-2.8912;1.30468;-1.18938
-0.0551161;0.396185;0;-0.328654;-3.17763;1.43388;-1.30715
-0.0600902;0.395461;0;-0.358288;-3.46421;1.56313;-1.42499
-0.0650549;0.394674;0;-0.387933;-3.75087;1.69243;-1.54286
-0.0700092;0.393826;0;-0.417582;-4.03758;1.82175;-1.66075
-0.0749525;0.392915;0;-0.447232;-4.3243;1.95108;-1.77864
-0.079884;0.391942;0;-0.476877;-4.61098;2.08038;-1.89652
-0.0848028;0.390907;0;-0.506513;-4.89756;2.20965;-2.01436
-0.0897083;0.389811;0;-0.536136;-5.18402;2.33885;-2.13214
-0.0945996;0.388653;0;-0.56574;-5.4703;2.46797;-2.24986
-0.099476;0.387433;0;-0.595322;-5.75635;2.597;-2.36748
-0.104337;0.386153;0;-0.624493;-6.03854;2.72424;-2.48347
-0.109181;0.384811;0;-0.652936;-6.314;2.84829;-2.59656
-0.114008;0.383409;0;-0.681155;-6.5875;2.97136;-2.70875
-0.118817;0.381946;0;-0.709395;-6.86121;3.09452;-2.82103
-0.123607;0.380423;0;-0.737652;-7.13509;3.21776;-2.93338
-0.128377;0.378839;0;-0.765923;-7.40909;3.34106;-3.04578
-0.133128;0.377196;0;-0.794201;-7.68318;3.46439;-3.15821
-0.137857;0.375494;0;-0.822484;-7.9573;3.58774;-3.27066
-0.142565;0.373732;0;-0.850767;-8.23142;3.71109;-3.3831
-0.14725;0.371911;0;-0.879044;-8.50549;3.83441;-3.49553
-0.151912;0.370031;0;-0.907193;-8.77831;3.95718;-3.60744
-0.156549;0.368093;0;-0.935353;-9.05121;4.07999;-3.7194
-0.161163;0.366096;0;-0.963498;-9.32396;4.20274;-3.8313
-0.16575;0.364042;0;-0.991623;-9.59653;4.3254;-3.94312
-0.170312;0.361931;0;-1.01972;-9.86887;4.44796;-4.05485
-0.174846;0.359762;0;-1.04675;-10.131;4.56581;-4.16228
-0.179353;0.357537;0;-1.0727;-10.3833;4.67898;-4.26545
-0.183832;0.355255;0;-1.09867;-10.6358;4.79223;-4.3687
-0.188282;0.352916;0;-1.12466;-10.8884;4.90556;-4.47201
-0.192701;0.350523;0;-1.15066;-11.1412;5.01893;-4.57536
-0.197091;0.348074;0;-1.17666;-11.394;5.13234;-4.67875
-0.201449;0.345569;0;-1.20267;-11.6468;5.24576;-4.78214
-0.205776;0.343011;0;-1.22868;-11.8997;5.35918;-4.88554
-0.21007;0.340398;0;-1.25469;-12.1525;5.47258;-4.98891
-0.214331;0.337731;0;-1.28068;-12.4052;5.58594;-5.09225
-0.218558;0.335011;0;-1.30666;-12.6578;5.69924;-5.19554
-0.22275;0.332238;0;-1.3323;-12.9071;5.81103;-5.29745
-0.226908;0.329413;0;-1.35757;-13.1531;5.9212;-5.39789
-0.231029;0.326536;0;-1.38058;-13.3777;6.02155;-5.48937
-0.235114;0.323607;0;-1.40392;-13.6054;6.12329;-5.58211
-0.239162;0.320627;0;-1.42727;-13.8332;6.22509;-5.67492
-0.243172;0.317596;0;-1.45063;-14.0612;6.32695;-5.76778
-0.247144;0.314515;0;-1.474;-14.2892;6.42884;-5.86066
-0.251077;0.311385;0;-1.49737;-14.5173;6.53075;-5.95357
-0.25497;0.308205;0;-1.52075;-14.7454;6.63267;-6.04648
-0.258822;0.304977;0;-1.54412;-14.9734;6.73457;-6.13937
-0.262634;0.301701;0;-1.56748;-15.2014;6.83644;-6.23224
-0.266405;0.298376;0;-1.59084;-15.4293;6.93827;-6.32507
-0.270133;0.295005;0;-1.61418;-15.657;7.04004;-6.41784
-0.273819;0.291587;0;-1.6375;-15.8846;7.14173;-6.51054
-0.277461;0.288124;0;-1.6594;-16.0984;7.2372;-6.59758
-0.28106;0.284614;0;-1.68025;-16.3023;7.3281;-6.68044
-0.284614;0.28106;0;-1.70049;-16.5006;7.41633;-6.76088
-0.288124;0.277461;0;-1.72074;-16.699;7.5046;-6.84135
-0.291587;0.273819;0;-1.741;-16.8974;7.59289;-6.92184
-0.295005;0.270133;0;-1.76125;-17.0959;7.6812;-7.00234
-0.298376;0.266405;0;-1.78151;-17.2944;7.7695;-7.08284
-0.301701;0.262634;0;-1.80176;-17.4928;7.85779;-7.16332
-0.304977;0.258822;0;-1.82201;-17.6911;7.94605;-7.24378
-0.308205;0.25497;0;-1.84224;-17.8894;8.03426;-7.32419
-0.311385;0.251077;0;-1.86247;-18.0875;8.12241;-7.40456
-0.314515;0.247144;0;-1.88267;-18.2854;8.21049;-7.48485
-0.317596;0.243172;0;-1.90153;-18.4704;8.2927;-7.5598
-0.320627;0.239162;0;-1.91786;-18.6309;8.36385;-7.62466
-0.323607;0.235114;0;-1.93419;-18.7916;8.43505;-7.68957
-0.326536;0.231029;0;-1.95054;-18.9524;8.5063;-7.75452
-0.329413;0.226908;0;-1.96689;-19.1132;8.57758;-7.8195
-0.332238;0.22275;0;-1.98325;-19.2741;8.64888;-7.8845
-0.335011;0.218558;0;-1.99961;-19.435;8.72019;-7.9495
-0.337731;0.214331;0;-2.01572;-19.5934;8.7904;-8.01351
-0.340398;0.21007;0;-2.03184;-19.7518;8.86063;-8.07754
-0.343011;0.205776;0;-2.04795;-19.9103;8.93086;-8.14155
-0.345569;0.201449;0;-2.06405;-20.0686;9.00106;-8.20555
-0.348074;0.197091;0;-2.08015;-20.2269;9.07122;-8.26951
-0.350523;0.192701;0;-2.09624;-20.3851;9.14134;-8.33343
-0.352916;0.188282;0;-2.11231;-20.5431;9.21139;-8.3973
-0.355255;0.183832;0;-2.12682;-20.6858;9.27464;-8.45495
-0.357537;0.179353;0;-2.13881;-20.8041;9.32689;-8.50258
-0.359762;0.174846;0;-2.15085;-20.9229;9.37934;-8.5504
-0.361931;0.170312;0;-2.16289;-21.0417;9.43181;-8.59823
-0.364042;0.16575;0;-2.17493;-21.1605;9.48428;-8.64607
-0.366096;0.161163;0;-2.18697;-21.2793;9.53676;-8.6939
-0.368093;0.156549;0;-2.19901;-21.3981;9.58922;-8.74173
-0.370031;0.151912;0;-2.21104;-21.5168;9.64166;-8.78953
-0.371911;0.14725;0;-2.22307;-21.6355;9.69408;-8.83732
-0.373732;0.142565;0;-2.23509;-21.754;9.74646;-8.88507
-0.375494;0.137857;0;-2.2471;-21.8725;9.7988;-8.93278
-0.377196;0.133128;0;-2.25875;-21.9875;9.84958;-8.97907
-0.378839;0.128377;0;-2.26687;-22.0678;9.88497;-9.01134
-0.380423;0.123607;0;-2.27438;-22.1421;9.9177;-9.04118
-0.381946;0.118817;0;-2.2819;-22.2164;9.95046;-9.07104
-0.383409;0.114008;0;-2.28942;-22.2908;9.98323;-9.10092
-0.384811;0.109181;0;-2.29694;-22.3652;10.016;-9.1308
-0.386153;0.104337;0;-2.30447;-22.4396;10.0488;-9.1607
-0.387433;0.099476;0;-2.312;-22.5141;10.0816;-9.19059
-0.388653;0.0945996;0;-2.31952;-22.5885;10.1144;-9.22048
-0.389811;0.0897083;0;-2.32704;-22.6629;10.1472;-9.25036
-0.390907;0.0848028;0;-2.33456;-22.7372;10.1799;-9.28023
-0.391942;0.079884;0;-2.34208;-22.8116;10.2127;-9.31008
-0.392915;0.0749525;0;-2.34958;-22.8858;10.2454;-9.33991
-0.393826;0.0700092;0;-2.35709;-22.96;10.2781;-9.36971
-0.394674;0.0650549;0;-2.36452;-23.0335;10.3105;-9.39924
-0.395461;0.0600902;0;-2.36747;-23.0627;10.3233;-9.41096
-0.396185;0.0551161;0;-2.36995;-23.0873;10.3342;-9.42082
-0.396846;0.0501333;0;-2.37244;-23.1119;10.345;-9.43069
-0.397445;0.0451426;0;-2.37492;-23.1365;10.3558;-9.44056
-0.39798;0.0401447;0;-2.3774;-23.1611;10.3666;-9.45042
-0.398453;0.0351405;0;-2.37982;-23.1851;10.3772;-9.46004
-0.398864;0.0301307;0;-2.38217;-23.2083;10.3874;-9.46937
-0.399211;0.0251162;0;-2.3845;-23.2314;10.3975;-9.47862
-0.399495;0.0200977;0;-2.38683;-23.2544;10.4077;-9.48786
-0.399716;0.0150761;0;-2.38915;-23.2774;10.4178;-9.49709
-0.399874;0.010052;0;-2.39147;-23.3004;10.4279;-9.50631
-0.399968;0.00502642;0;-2.39379;-23.3233;10.438;-9.51551
-0.4;4.89859e-17;0;-2.3961;-23.3463;10.4481;-9.52471
-0.399968;-0.00502642;0;-2.3945;-23.3304;10.4411;-9.51833
-0.399874;-0.010052;0;-2.39206;-23.3062;10.4305;-9.50864
-0.399716;-0.0150761;0;-2.38962;-23.282;10.4198;-9.49894
-0.399495;-0.0200977;0;-2.38717;-23.2578;10.4092;-9.48922
-0.399211;-0.0251162;0;-2.38472;-23.2335;10.3985;-9.47949
-0.398864;-0.0301307;0;-2.38227;-23.2092;10.3878;-9.46975
-0.398453;-0.0351405;0;-2.37981;-23.1849;10.3771;-9.46001
-0.39798;-0.0401447;0;-2.37736;-23.1606;10.3664;-9.45026
-0.397445;-0.0451426;0;-2.3749;-23.1363;10.3557;-9.4405
-0.396846;-0.0501333;0;-2.37245;-23.112;10.345;-9.43074
-0.396185;-0.0551161;0;-2.36999;-23.0876;10.3343;-9.42098
-0.395461;-0.0600902;0;-2.36753;-23.0633;10.3236;-9.41122
-0.394674;-0.0650549;0;-2.36507;-23.0389;10.3129;-9.40142
-0.393826;-0.0700092;0;-2.35781;-22.9671;10.2813;-9.37262
-0.392915;-0.0749525;0;-2.35038;-22.8936;10.2489;-9.34308
-0.391942;-0.079884;0;-2.34293;-22.8199;10.2164;-9.31351
-0.390907;-0.0848028;0;-2.33548;-22.7462;10.184;-9.28392
-0.389811;-0.0897083;0;-2.32803;-22.6725;10.1515;-9.25432
-0.388653;-0.0945996;0;-2.32057;-22.5987;10.119;-9.2247
-0.387433;-0.099476;0;-2.31311;-22.5249;10.0865;-9.19507
-0.386153;-0.104337;0;-2.30565;-22.4511;10.054;-9.16543
-0.384811;-0.109181;0;-2.29819;-22.3773;10.0215;-9.1358
-0.383409;-0.114008;0;-2.29073;-22.3036;9.98899;-9.10617
-0.381946;-0.118817;0;-2.28328;-22.2298;9.9565;-9.07655
-0.380423;-0.123607;0;-2.27582;-22.1561;9.92402;-9.04694
-0.378839;-0.128377;0;-2.268;-22.0787;9.88994;-9.01587
-0.377196;-0.133128;0;-2.25687;-21.9689;9.84144;-8.97166
-0.375494;-0.137857;0;-2.24574;-21.8591;9.7929;-8.92741
-0.373732;-0.142565;0;-2.23459;-21.7491;9.74434;-8.88314
-0.371911;-0.14725;0;-2.22235;-21.6283;9.69098;-8.8345
-0.370031;-0.151912;0;-2.20995;-21.5059;9.63696;-8.78525
-0.368093;-0.156549;0;-2.19755;-21.3835;9.58291;-8.73598
-0.366096;-0.161163;0;-2.18514;-21.261;9.52883;-8.68668
-0.364042;-0.16575;0;-2.17273;-21.1385;9.47475;-8.63737
-0.361931;-0.170312;0;-2.16031;-21.0159;9.42066;-8.58806
-0.359762;-0.174846;0;-2.1479;-20.8934;9.36657;-8.53876
-0.357537;-0.179353;0;-2.13549;-20.7709;9.3125;-8.48946
-0.355255;-0.183832;0;-2.12158;-20.634;9.25188;-8.4342
-0.352916;-0.188282;0;-2.10735;-20.494;9.18985;-8.37766
-0.350523;-0.192701;0;-2.09248;-20.3477;9.12502;-8.31855
-0.348074;-0.197091;0;-2.07673;-20.1928;9.05638;-8.25598
-0.345569;-0.201449;0;-2.06098;-20.0379;8.98771;-8.19338
-0.343011;-0.205776;0;-2.04522;-19.883;8.91902;-8.13076
-0.340398;-0.21007;0;-2.02945;-19.728;8.85032;-8.06813
-0.337731;-0.214331;0;-2.01369;-19.5731;8.78161;-8.0055
-0.335011;-0.218558;0;-1.99793;-19.4181;8.71292;-7.94287
-0.332238;-0.22275;0;-1.98217;-19.2632;8.64424;-7.88027
-0.329413;-0.226908;0;-1.96643;-19.1084;8.5756;-7.81769
-0.326536;-0.231029;0;-1.95017;-18.9485;8.50475;-7.75311
-0.323607;-0.235114;0;-1.93369;-18.7863;8.43292;-7.68762
-0.320627;-0.239162;0;-1.91721;-18.6242;8.36112;-7.62217
-0.317596;-0.243172;0;-1.90071;-18.4619;8.28917;-7.55658
-0.314515;-0.247144;0;-1.88166;-18.2752;8.20618;-7.48092
-0.311385;-0.251077;0;-1.86142;-18.0769;8.11792;-7.40046
-0.308205;-0.25497;0;-1.84115;-17.8783;8.02959;-7.31993
-0.304977;-0.258822;0;-1.82088;-17.6796;7.9412;-7.23936
-0.301701;-0.262634;0;-1.80059;-17.4809;7.85276;-7.15874
-0.298376;-0.266405;0;-1.7803;-17.282;7.76429;-7.07809
-0.295005;-0.270133;0;-1.76;-17.0831;7.67581;-6.99742
-0.291587;-0.273819;0;-1.7397;-16.8842;7.58732;-6.91676
-0.288124;-0.277461;0;-1.7194;-16.6854;7.49884;-6.8361
-0.284614;-0.28106;0;-1.69911;-16.4865;7.41039;-6.75546
-0.28106;-0.284614;0;-1.67883;-16.2878;7.32197;-6.67486
-0.277461;-0.288124;0;-1.65764;-16.0808;7.2296;-6.59065
-0.273819;-0.291587;0;-1.63598;-15.8693;7.13517;-6.50456
-0.270133;-0.295005;0;-1.61329;-15.6479;7.03625;-6.41439
-0.266405;-0.298376;0;-1.59008;-15.4214;6.93506;-6.32214
-0.262634;-0.301701;0;-1.56686;-15.1948;6.83382;-6.22985
-0.258822;-0.304977;0;-1.54363;-14.9682;6.73254;-6.13752
-0.25497;-0.308205;0;-1.5204;-14.7414;6.63125;-6.04518
-0.251077;-0.311385;0;-1.49717;-14.5147;6.52995;-5.95283
-0.247144;-0.314515;0;-1.47394;-14.288;6.42866;-5.8605
-0.243172;-0.317596;0;-1.45072;-14.0614;6.32741;-5.7682
-0.239162;-0.320627;0;-1.4275;-13.8349;6.2262;-5.67593
-0.235114;-0.323607;0;-1.4043;-13.6085;6.12505;-5.58372
-0.231029;-0.326536;0;-1.38112;-13.3823;6.02398;-5.49159
-0.226908;-0.329413;0;-1.35737;-13.1508;5.92041;-5.39717
-0.22275;-0.332238;0;-1.33212;-12.9049;5.81033;-5.29682
-0.218558;-0.335011;0;-1.30637;-12.6545;5.69802;-5.19443
-0.214331;-0.337731;0;-1.28036;-12.4017;5.58462;-5.09105
-0.21007;-0.340398;0;-1.25434;-12.1488;5.47116;-4.98762
-0.205776;-0.343011;0;-1.22832;-11.8957;5.35766;-4.88415
-0.201449;-0.345569;0;-1.20228;-11.6426;5.24414;-4.78067
-0.197091;-0.348074;0;-1.17625;-11.3895;5.13062;-4.67718
-0.192701;-0.350523;0;-1.15022;-11.1364;5.01711;-4.5737
-0.188282;-0.352916;0;-1.1242;-10.8834;4.90363;-4.47025
-0.183832;-0.355255;0;-1.09818;-10.6306;4.7902;-4.36684
-0.179353;-0.357537;0;-1.07219;-10.3778;4.67684;-4.2635
-0.174846;-0.359762;0;-1.04621;-10.1253;4.56356;-4.16024
-0.170312;-0.361931;0;-1.01928;-9.86395;4.44612;-4.05317
-0.16575;-0.364042;0;-0.991465;-9.59433;4.3248;-3.94258
-0.161163;-0.366096;0;-0.963364;-9.32196;4.20225;-3.83085
-0.156549;-0.368093;0;-0.935244;-9.04941;4.07961;-3.71905
-0.151912;-0.370031;0;-0.907111;-8.77674;3.95691;-3.6072
-0.14725;-0.371911;0;-0.878968;-8.50397;3.83417;-3.49531
-0.142565;-0.373732;0;-0.850821;-8.23115;3.71141;-3.3834
-0.137857;-0.375494;0;-0.822673;-7.95834;3.58865;-3.27149
-0.133128;-0.377196;0;-0.79453;-7.68556;3.46591;-3.1596
-0.128377;-0.378839;0;-0.766394;-7.41286;3.34321;-3.04773
-0.123607;-0.380423;0;-0.738272;-7.14029;3.22056;-2.93592
-0.118817;-0.381946;0;-0.710167;-6.86788;3.09798;-2.82418
-0.114008;-0.383409;0;-0.682084;-6.59569;2.9755;-2.71253
-0.109181;-0.384811;0;-0.654056;-6.32404;2.85326;-2.60109
-0.104337;-0.386153;0;-0.624693;-6.04;2.72519;-2.48434
-0.099476;-0.387433;0;-0.595265;-5.75536;2.59684;-2.36733
-0.0945996;-0.388653;0;-0.565822;-5.47057;2.46842;-2.25026
-0.0897083;-0.389811;0;-0.536367;-5.18567;2.33994;-2.13314
-0.0848028;-0.390907;0;-0.506925;-4.90089;2.21153;-2.01608
-0.079884;-0.391942;0;-0.47743;-4.61559;2.08288;-1.8988
-0.0749525;-0.392915;0;-0.447915;-4.3301;1.95415;-1.78144
-0.0700092;-0.393826;0;-0.418404;-4.04465;1.82543;-1.6641
-0.0650549;-0.394674;0;-0.388902;-3.75929;1.69675;-1.54679
-0.0600902;-0.395461;0;-0.359414;-3.47406;1.56813;-1.42954
-0.0551161;-0.396185;0;-0.329944;-3.189;1.4396;-1.31237
-0.0501333;-0.396846;0;-0.3002;-2.90152;1.30986;-1.19409
-0.0451426;-0.397445;0;-0.270187;-2.61148;1.17895;-1.07475
-0.0401447;-0.39798;0;-0.240158;-2.32128;1.04796;-0.955343
-0.0351405;-0.398453;0;-0.210116;-2.03097;0.916923;-0.835886
-0.0301307;-0.398864;0;-0.180115;-1.74105;0.786065;-0.716593
-0.0251162;-0.399211;0;-0.150044;-1.45046;0.654901;-0.597021
-0.0200977;-0.399495;0;-0.119971;-1.15985;0.523728;-0.477441
-0.0150761;-0.399716;0;-0.0899011;-0.86926;0.392567;-0.357872
-0.010052;-0.399874;0;-0.0598385;-0.578745;0.261438;-0.238333
-0.00502642;-0.399968;0;-0.0297881;-0.288349;0.130363;-0.118842
-7.34788e-17;-0.4;0;0.000245275;0.00188221;-0.000637397;0.000581064
0.00502642;-0.399968;0;0.0300429;0.289839;-0.13061;0.119067
0.010052;-0.399874;0;0.0599604;0.578965;-0.261107;0.238031
0.0150761;-0.399716;0;0.0899029;0.86833;-0.391713;0.357093
0.0200977;-0.399495;0;0.119866;1.15789;-0.522406;0.476236
0.0251162;-0.399211;0;0.149844;1.4476;-0.653168;0.595441
0.0301307;-0.398864;0;0.179832;1.73742;-0.783975;0.714688
0.0351405;-0.398453;0;0.209827;2.02729;-0.914809;0.833959
0.0401447;-0.39798;0;0.239823;2.31717;-1.04565;0.953235
0.0451426;-0.397445;0;0.269816;2.60702;-1.17647;1.0725
0.0501333;-0.396846;0;0.2998;2.89679;-1.30726;1.19173
0.0551161;-0.396185;0;0.329627;3.18502;-1.43736;1.31032
0.0600902;-0.395461;0;0.359558;3.47426;-1.56791;1.42934
0.0650549;-0.394674;0;0.388701;3.75619;-1.69502;1.54521
0.0700092;-0.393826;0;0.418307;4.04261;-1.82415;1.66293
0.0749525;-0.392915;0;0.447917;4.32906;-1.95329;1.78066
0.079884;-0.391942;0;0.477524;4.61549;-2.08242;1.89838
0.0848028;-0.390907;0;0.506484;4.89565;-2.20874;2.01353
0.0897083;-0.389811;0;0.535673;5.17802;-2.33605;2.12959
0.0945996;-0.388653;0;0.564869;5.46046;-2.4634;2.24568
0.099476;-0.387433;0;0.594069;5.74293;-2.59076;2.36179
0.104337;-0.386153;0;0.623267;6.02538;-2.71811;2.47789
0.109181;-0.384811;0;0.652458;6.30778;-2.84544;2.59396
0.114008;-0.383409;0;0.68164;6.59008;-2.97272;2.70999
0.118817;-0.381946;0;0.709515;6.86008;-3.09429;2.82082
0.123607;-0.380423;0;0.737711;7.13341;-3.21726;2.93292
0.128377;-0.378839;0;0.765922;7.40687;-3.3403;3.04508
0.133128;-0.377196;0;0.794143;7.68043;-3.46338;3.15729
0.137857;-0.375494;0;0.82237;7.95406;-3.58648;3.26951
0.142565;-0.373732;0;0.850599;8.22769;-3.7096;3.38174
0.14725;-0.371911;0;0.878825;8.5013;-3.83269;3.49396
0.151912;-0.370031;0;0.907043;8.77483;-3.95576;3.60615
0.156549;-0.368093;0;0.935249;9.04825;-4.07877;3.71829
0.161163;-0.366096;0;0.963439;9.32151;-4.20172;3.83037
0.16575;-0.364042;0;0.991608;9.59457;-4.32457;3.94237
0.170312;-0.361931;0;1.01928;9.86283;-4.44525;4.05238
0.174846;-0.359762;0;1.04617;10.1238;-4.56254;4.15931
0.179353;-0.357537;0;1.07227;10.3775;-4.67634;4.26305
0.183832;-0.355255;0;1.09838;10.6313;-4.79021;4.36685
0.188282;-0.352916;0;1.12451;10.8853;-4.90414;4.47071
0.192701;-0.350523;0;1.15064;11.1394;-5.01811;4.57461
0.197091;-0.348074;0;1.17678;11.3935;-5.13209;4.67852
0.201449;-0.345569;0;1.20292;11.6477;-5.24609;4.78244
0.205776;-0.343011;0;1.22906;11.9018;-5.36006;4.88634
0.21007;-0.340398;0;1.25519;12.1558;-5.47401;4.99022
0.214331;-0.337731;0;1.28131;12.4097;-5.5879;5.09404
0.218558;-0.335011;0;1.30741;12.6634;-5.70172;5.19781
0.22275;-0.332238;0;1.33349;12.917;-5.81546;5.30149
0.226908;-0.329413;0;1.35849;13.1603;-5.92449;5.40089
0.231029;-0.326536;0;1.3818;13.3877;-6.0261;5.49351
0.235114;-0.323607;0;1.40512;13.6153;-6.12778;5.58621
0.239162;-0.320627;0;1.42846;13.843;-6.22954;5.67897
0.243172;-0.317596;0;1.45181;14.0708;-6.33135;5.77178
0.247144;-0.314515;0;1.47517;14.2987;-6.43319;5.86463
0.251077;-0.311385;0;1.49853;14.5267;-6.53505;5.95749
0.25497;-0.308205;0;1.52189;14.7547;-6.63692;6.05035
0.258822;-0.304977;0;1.54525;14.9826;-6.73877;6.1432
0.262634;-0.301701;0;1.56861;15.2105;-6.84059;6.23603
0.266405;-0.298376;0;1.59195;15.4382;-6.94237;6.32881
0.270133;-0.295005;0;1.61528;15.6659;-7.04409;6.42154
0.273819;-0.291587;0;1.63859;15.8933;-7.14574;6.5142
0.277461;-0.288124;0;1.66147;16.1166;-7.24549;6.60513
0.28106;-0.284614;0;1.68203;16.3178;-7.33512;6.68684
0.284614;-0.28106;0;1.7021;16.5143;-7.42262;6.76661
0.288124;-0.277461;0;1.72218;16.711;-7.51016;6.84641
0.291587;-0.273819;0;1.74227;16.9078;-7.59773;6.92625
0.295005;-0.270133;0;1.76236;17.1046;-7.68533;7.0061
0.298376;-0.266405;0;1.78246;17.3014;-7.77292;7.08595
0.301701;-0.262634;0;1.80255;17.4982;-7.86051;7.1658
0.304977;-0.258822;0;1.82263;17.695;-7.94807;7.24563
0.308205;-0.25497;0;1.84271;17.8916;-8.0356;7.32542
0.311385;-0.251077;0;1.86278;18.0882;-8.12307;7.40516
0.314515;-0.247144;0;1.88283;18.2846;-8.21048;7.48485
0.317596;-0.243172;0;1.9022;18.4744;-8.29495;7.56184
0.320627;-0.239162;0;1.91842;18.6338;-8.36563;7.62628
0.323607;-0.235114;0;1.93465;18.7934;-8.43637;7.69077
0.326536;-0.231029;0;1.95089;18.953;-8.50716;7.7553
0.329413;-0.226908;0;1.96714;19.1128;-8.57798;7.81986
0.332238;-0.22275;0;1.98339;19.2726;-8.64883;7.88445
0.335011;-0.218558;0;1.99965;19.4324;-8.71969;7.94905
0.337731;-0.214331;0;2.01591;19.5922;-8.79056;8.01365
0.340398;-0.21007;0;2.03217;19.7521;-8.86142;8.07825
0.343011;-0.205776;0;2.04842;19.9118;-8.93225;8.14282
0.345569;-0.201449;0;2.06466;20.0715;-9.00306;8.20737
0.348074;-0.197091;0;2.0809;20.2311;-9.07383;8.27189
0.350523;-0.192701;0;2.09712;20.3906;-9.14454;8.33635
0.352916;-0.188282;0;2.11333;20.55;-9.21519;8.40075
0.355255;-0.183832;0;2.12745;20.6889;-9.27672;8.45685
0.357537;-0.179353;0;2.1395;20.8078;-9.32924;8.50472
0.359762;-0.174846;0;2.15155;20.9268;-9.38178;8.55262
0.361931;-0.170312;0;2.16308;21.0405;-9.43202;8.59842
0.364042;-0.16575;0;2.17453;21.1534;-9.4819;8.6439
0.366096;-0.161163;0;2.18598;21.2663;-9.53181;8.68939
0.368093;-0.156549;0;2.19743;21.3792;-9.58171;8.73489
0.370031;-0.151912;0;2.20888;21.4922;-9.63162;8.78038
0.371911;-0.14725;0;2.22033;21.6051;-9.68151;8.82587
0.373732;-0.142565;0;2.23177;21.718;-9.73139;8.87133
0.375494;-0.137857;0;2.24321;21.8308;-9.78124;8.91678
0.377196;-0.133128;0;2.25464;21.9435;-9.83106;8.96219
0.378839;-0.128377;0;2.26601;22.0557;-9.88061;9.00737
0.380423;-0.123607;0;2.27626;22.1569;-9.92526;9.04807
0.381946;-0.118817;0;2.28366;22.2302;-9.95751;9.07747
0.383409;-0.114008;0;2.29107;22.3035;-9.98978;9.10689
0.384811;-0.109181;0;2.29848;22.3769;-10.0221;9.13631
0.386153;-0.104337;0;2.30551;22.4465;-10.0527;9.16424
0.387433;-0.099476;0;2.31185;22.5092;-10.0803;9.18942
0.388653;-0.0945996;0;2.31819;22.5719;-10.1079;9.2146
0.389811;-0.0897083;0;2.32453;22.6346;-10.1356;9.23979
0.390907;-0.0848028;0;2.33087;22.6974;-10.1632;9.26498
0.391942;-0.079884;0;2.33721;22.7601;-10.1908;9.29017
0.392915;-0.0749525;0;2.34355;22.8228;-10.2184;9.31534
0.393826;-0.0700092;0;2.34988;22.8855;-10.2461;9.34051
0.394674;-0.0650549;0;2.35622;22.9481;-10.2736;9.36566
0.395461;-0.0600902;0;2.36254;23.0107;-10.3012;9.3908
0.396185;-0.0551161;0;2.36638;23.0487;-10.3179;9.40603
0.396846;-0.0501333;0;2.36924;23.0772;-10.3304;9.41739
0.397445;-0.0451426;0;2.37211;23.1057;-10.3429;9.42876
0.39798;-0.0401447;0;2.37412;23.1257;-10.3516;9.43677
0.398453;-0.0351405;0;2.37544;23.1388;-10.3574;9.442
0.398864;-0.0301307;0;2.37676;23.1519;-10.3631;9.44723
0.399211;-0.0251162;0;2.37808;23.165;-10.3689;9.45246
0.399495;-0.0200977;0;2.3794;23.1782;-10.3746;9.45769
0.399716;-0.0150761;0;2.38071;23.1913;-10.3803;9.46293
0.399874;-0.010052;0;2.38203;23.2044;-10.3861;9.46816
0.399968;-0.00502642;0;2.38335;23.2175;-10.3918;9.47339
