0.4;0;0;2.28136;22.2256;-10.3975;9.47853
0.399968;0.00502642;0;2.28011;22.2164;-10.3915;9.47309
0.399874;0.010052;0;2.27882;22.207;-10.3854;9.46754
0.399716;0.0150761;0;2.27754;22.1977;-10.3793;9.46199
0.399495;0.0200977;0;2.27626;22.1883;-10.3732;9.45644
0.399211;0.0251162;0;2.27498;22.1789;-10.3671;9.45089
0.398864;0.0301307;0;2.2737;22.1695;-10.361;9.44534
0.398453;0.0351405;0;2.27241;22.1601;-10.355;9.43979
0.39798;0.0401447;0;2.27113;22.1508;-10.3489;9.43425
0.397445;0.0451426;0;2.26873;22.1297;-10.3377;9.42406
0.396846;0.0501333;0;2.26572;22.1025;-10.3238;9.41143
0.396185;0.0551161;0;2.26272;22.0753;-10.31;9.3988
0.395461;0.0600902;0;2.25971;22.0481;-10.2961;9.38617
0.394674;0.0650549;0;2.25427;21.9959;-10.2713;9.36354
0.393826;0.0700092;0;2.24832;21.9385;-10.2442;9.33879
0.392915;0.0749525;0;2.24237;21.8811;-10.217;9.31402
0.391942;0.079884;0;2.23641;21.8236;-10.1898;9.28924
0.390907;0.0848028;0;2.23045;21.7662;-10.1626;9.26445
0.389811;0.0897083;0;2.22449;21.7087;-10.1354;9.23966
0.388653;0.0945996;0;2.21852;21.6512;-10.1082;9.21487
0.387433;0.099476;0;2.21256;21.5937;-10.081;9.19008
0.386153;0.104337;0;2.20627;21.5328;-10.0524;9.16394
0.384811;0.109181;0;2.19892;21.4616;-10.0189;9.13341
0.383409;0.114008;0;2.19157;21.3904;-9.98538;9.10287
0.381946;0.118817;0;2.18422;21.3192;-9.95189;9.07235
0.380423;0.123607;0;2.17688;21.248;-9.91841;9.04183
0.378839;0.128377;0;2.16729;21.1538;-9.87486;9.00212
0.377196;0.133128;0;2.15626;21.0449;-9.82477;8.95646
0.375494;0.137857;0;2.14528;20.9365;-9.7749;8.911
0.373732;0.142565;0;2.1343;20.8281;-9.72504;8.86554
0.371911;0.14725;0;2.12332;20.7197;-9.67515;8.82006
0.370031;0.151912;0;2.11233;20.6113;-9.62524;8.77457
0.368093;0.156549;0;2.10134;20.5028;-9.57532;8.72906
0.366096;0.161163;0;2.09035;20.3943;-9.52541;8.68356
0.364042;0.16575;0;2.07937;20.2859;-9.4755;8.63806
0.361931;0.170312;0;2.06838;20.1775;-9.4256;8.59257
0.359762;0.174846;0;2.0574;20.0691;-9.37573;8.5471
0.357537;0.179353;0;2.04643;19.9608;-9.32588;8.50167
0.355255;0.183832;0;2.03547;19.8526;-9.27608;8.45626
0.352916;0.188282;0;2.02219;19.7214;-9.21582;8.40133
0.350523;0.192701;0;2.00665;19.5677;-9.14527;8.33702
0.348074;0.197091;0;1.99109;19.4139;-9.07466;8.27265
0.345569;0.201449;0;1.97552;19.2599;-9.004;8.20823
0.343011;0.205776;0;1.95994;19.1059;-8.93329;8.14377
0.340398;0.21007;0;1.94436;18.9518;-8.86256;8.07929
0.337731;0.214331;0;1.92877;18.7977;-8.7918;8.01479
0.335011;0.218558;0;1.91318;18.6435;-8.72104;7.95028
0.332238;0.22275;0;1.89759;18.4894;-8.65028;7.88577
0.329413;0.226908;0;1.882;18.3353;-8.57953;7.82128
0.326536;0.231029;0;1.86642;18.1813;-8.50881;7.75681
0.323607;0.235114;0;1.85083;18.0272;-8.43804;7.69229
0.320627;0.239162;0;1.8352;17.8726;-8.36706;7.62759
0.317596;0.243172;0;1.81957;17.718;-8.29614;7.56293
0.314515;0.247144;0;1.80171;17.5421;-8.21503;7.48899
0.311385;0.251077;0;1.78249;17.3531;-8.12775;7.40943
0.308205;0.25497;0;1.76325;17.1639;-8.04041;7.3298
0.304977;0.258822;0;1.744;16.9745;-7.95297;7.25009
0.301701;0.262634;0;1.72471;16.7848;-7.8654;7.17026
0.298376;0.266405;0;1.70541;16.5949;-7.77775;7.09036
0.295005;0.270133;0;1.68608;16.4049;-7.69;7.01036
0.291587;0.273819;0;1.66676;16.2148;-7.60224;6.93036
0.288124;0.277461;0;1.64744;16.0248;-7.5145;6.85037
0.284614;0.28106;0;1.62812;15.8348;-7.42679;6.77041
0.28106;0.284614;0;1.60882;15.6449;-7.33912;6.69049
0.277461;0.288124;0;1.58921;15.4522;-7.25009;6.60933
0.273819;0.291587;0;1.56687;15.2338;-7.14859;6.5168
0.270133;0.295005;0;1.54451;15.0153;-7.047;6.42419
0.266405;0.298376;0;1.52213;14.7965;-6.94533;6.3315
0.262634;0.301701;0;1.49974;14.5776;-6.8436;6.23876
0.258822;0.304977;0;1.47735;14.3586;-6.74182;6.14598
0.25497;0.308205;0;1.45494;14.1396;-6.64002;6.05318
0.251077;0.311385;0;1.43252;13.9205;-6.53816;5.96032
0.247144;0.314515;0;1.4101;13.7013;-6.43629;5.86745
0.243172;0.317596;0;1.38767;13.4819;-6.33433;5.77451
0.239162;0.320627;0;1.36523;13.2626;-6.23241;5.68159
0.235114;0.323607;0;1.34281;13.0434;-6.13054;5.58873
0.231029;0.326536;0;1.32041;12.8244;-6.02873;5.49592
0.226908;0.329413;0;1.29802;12.6055;-5.92701;5.40318
0.22275;0.332238;0;1.27425;12.3739;-5.81898;5.30471
0.218558;0.335011;0;1.24922;12.1304;-5.7052;5.20098
0.214331;0.337731;0;1.22417;11.8868;-5.59133;5.09717
0.21007;0.340398;0;1.1991;11.643;-5.47739;4.9933
0.205776;0.343011;0;1.17403;11.3991;-5.3634;4.88939
0.201449;0.345569;0;1.14894;11.1551;-5.24938;4.78544
0.197091;0.348074;0;1.12385;10.9111;-5.13533;4.68148
0.192701;0.350523;0;1.09876;10.6671;-5.02129;4.57751
0.188282;0.352916;0;1.07368;10.4231;-4.90727;4.47357
0.183832;0.355255;0;1.0486;10.1792;-4.79329;4.36966
0.179353;0.357537;0;1.02354;9.93541;-4.67936;4.2658
0.174846;0.359762;0;0.998493;9.69179;-4.56551;4.16201
0.170312;0.361931;0;0.973129;9.44539;-4.45019;4.05688
0.16575;0.364042;0;0.94607;9.1831;-4.32716;3.94472
0.161163;0.366096;0;0.918878;8.91952;-4.20352;3.83202
0.156549;0.368093;0;0.891658;8.65567;-4.07976;3.7192
0.151912;0.370031;0;0.864416;8.3916;-3.9559;3.60628
0.14725;0.371911;0;0.837154;8.12735;-3.83195;3.49329
0.142565;0.373732;0;0.809878;7.86295;-3.70794;3.38023
0.137857;0.375494;0;0.782591;7.59845;-3.58387;3.26713
0.133128;0.377196;0;0.755299;7.3339;-3.45978;3.15401
0.128377;0.378839;0;0.728004;7.06932;-3.33569;3.04088
0.123607;0.380423;0;0.700713;6.80478;-3.2116;2.92776
0.118817;0.381946;0;0.674093;6.5471;-3.09056;2.81741
0.114008;0.383409;0;0.646156;6.27707;-2.9635;2.70159
0.109181;0.384811;0;0.618207;6.00693;-2.83639;2.58571
0.104337;0.386153;0;0.59025;5.73671;-2.70924;2.4698
0.099476;0.387433;0;0.562289;5.46646;-2.58208;2.35388
0.0945996;0.388653;0;0.53433;5.19622;-2.45493;2.23796
0.0897083;0.389811;0;0.506376;4.92603;-2.3278;2.12207
0.0848028;0.390907;0;0.478432;4.65594;-2.20071;2.00621
0.079884;0.391942;0;0.450502;4.38598;-2.07369;1.89042
0.0749525;0.392915;0;0.422591;4.1162;-1.94675;1.7747
0.0700092;0.393826;0;0.394703;3.84665;-1.81992;1.65907
0.0650549;0.394674;0;0.366843;3.57737;-1.69321;1.54357
0.0600902;0.395461;0;0.339014;3.30839;-1.56665;1.42819
0.0551161;0.396185;0;0.311222;3.03976;-1.44025;1.31296
0.0501333;0.396846;0;0.282624;2.76362;-1.31019;1.1944
0.0451426;0.397445;0;0.253879;2.48617;-1.17945;1.07521
0.0401447;0.39798;0;0.225102;2.2084;-1.04856;0.955888
0.0351405;0.398453;0;0.196296;1.93035;-0.917538;0.836446
0.0301307;0.398864;0;0.167467;1.65208;-0.786408;0.716906
0.0251162;0.399211;0;0.138618;1.37362;-0.655192;0.597286
0.0200977;0.399495;0;0.109755;1.09501;-0.523908;0.477606
0.0150761;0.399716;0;0.0808817;0.816315;-0.392579;0.357883
0.010052;0.399874;0;0.0520028;0.537563;-0.261225;0.238138
0.00502642;0.399968;0;0.0231229;0.258801;-0.129866;0.118389
2.44929e-17;0.4;0;-0.0057534;-0.0199261;0.00147643;-0.00134594
-0.00502642;0.399968;0;-0.0346215;-0.298575;0.132782;-0.121047
-0.010052;0.399874;0;-0.063477;-0.577101;0.264029;-0.240695
-0.0150761;0.399716;0;-0.0923151;-0.85546;0.395199;-0.360271
-0.0200977;0.399495;0;-0.121131;-1.13361;0.526268;-0.479757
-0.0251162;0.399211;0;-0.149921;-1.4115;0.657218;-0.599134
-0.0301307;0.398864;0;-0.178681;-1.6891;0.788028;-0.718382
-0.0351405;0.398453;0;-0.20717;-1.9642;0.917577;-0.836482
-0.0401447;0.39798;0;-0.235539;-2.23822;1.04657;-0.954072
-0.0451426;0.397445;0;-0.2639;-2.5121;1.17557;-1.07168
-0.0501333;0.396846;0;-0.292284;-2.78621;1.30468;-1.18938
-0.0551161;0.396185;0;-0.320686;-3.06049;1.43388;-1.30715
-0.0600902;0.395461;0;-0.349102;-3.3349;1.56313;-1.42499
-0.0650549;0.394674;0;-0.377528;-3.6094;1.69243;-1.54286
-0.0700092;0.393826;0;-0.405958;-3.88395;1.82175;-1.66075
-0.0749525;0.392915;0;-0.434388;-4.15851;1.95108;-1.77864
-0.079884;0.391942;0;-0.462815;-4.43302;2.08038;-1.89652
-0.0848028;0.390907;0;-0.491233;-4.70745;2.20965;-2.01436
-0.0897083;0.389811;0;-0.519637;-4.98176;2.33885;-2.13214
-0.0945996;0.388653;0;-0.548024;-5.25589;2.46797;-2.24986
-0.099476;0.387433;0;-0.57639;-5.52981;2.597;-2.36748
-0.104337;0.386153;0;-0.604371;-5.80024;2.72424;-2.48347
-0.109181;0.384811;0;-0.631658;-6.06432;2.84829;-2.59656
-0.114008;0.383409;0;-0.658717;-6.32623;2.97136;-2.70875
-0.118817;0.381946;0;-0.685796;-6.58835;3.09452;-2.82103
-0.123607;0.380423;0;-0.712892;-6.85062;3.21776;-2.93338
-0.128377;0.378839;0;-0.740001;-7.11302;3.34106;-3.04578
-0.133128;0.377196;0;-0.767118;-7.3755;3.46439;-3.15821
-0.137857;0.375494;0;-0.794238;-7.63801;3.58774;-3.27066
-0.142565;0.373732;0;-0.821358;-7.90052;3.71109;-3.3831
-0.14725;0.371911;0;-0.848473;-8.16298;3.83441;-3.49553
-0.151912;0.370031;0;-0.875467;-8.42428;3.95718;-3.60744
-0.156549;0.368093;0;-0.902469;-8.68561;4.07999;-3.7194
-0.161163;0.366096;0;-0.929457;-8.9468;4.20274;-3.8313
-0.16575;0.364042;0;-0.956426;-9.20781;4.3254;-3.94312
-0.170312;0.361931;0;-0.983373;-9.4686;4.44796;-4.05485
-0.174846;0.359762;0;-1.00928;-9.71948;4.56581;-4.16228
-0.179353;0.357537;0;-1.03416;-9.96111;4.67898;-4.26545
-0.183832;0.355255;0;-1.05907;-10.2029;4.79223;-4.3687
-0.188282;0.352916;0;-1.08399;-10.4449;4.90556;-4.47201
-0.192701;0.350523;0;-1.10892;-10.687;5.01893;-4.57536
-0.197091;0.348074;0;-1.13386;-10.9291;5.13234;-4.67875
-0.201449;0.345569;0;-1.1588;-11.1713;5.24576;-4.78214
-0.205776;0.343011;0;-1.18374;-11.4134;5.35918;-4.88554
-0.21007;0.340398;0;-1.20868;-11.6555;5.47258;-4.98891
-0.214331;0.337731;0;-1.23361;-11.8975;5.58594;-5.09225
-0.218558;0.335011;0;-1.25852;-12.1394;5.69924;-5.19554
-0.22275;0.332238;0;-1.2831;-12.378;5.81103;-5.29745
-0.226908;0.329413;0;-1.3073;-12.6129;5.9212;-5.39789
-0.231029;0.326536;0;-1.32937;-12.8279;6.02155;-5.48937
-0.235114;0.323607;0;-1.35175;-13.046;6.12329;-5.58211
-0.239162;0.320627;0;-1.37414;-13.2641;6.22509;-5.67492
-0.243172;0.317596;0;-1.39654;-13.4824;6.32695;-5.76778
-0.247144;0.314515;0;-1.41895;-13.7008;6.42884;-5.86066
-0.251077;0.311385;0;-1.44136;-13.9192;6.53075;-5.95357
-0.25497;0.308205;0;-1.46378;-14.1376;6.63267;-6.04648
-0.258822;0.304977;0;-1.48619;-14.356;6.73457;-6.13937
-0.262634;0.301701;0;-1.50859;-14.5743;6.83644;-6.23224
-0.266405;0.298376;0;-1.53099;-14.7925;6.93827;-6.32507
-0.270133;0.295005;0;-1.55337;-15.0106;7.04004;-6.41784
-0.273819;0.291587;0;-1.57573;-15.2285;7.14173;-6.51054
-0.277461;0.288124;0;-1.59672;-15.4332;7.2372;-6.59758
-0.28106;0.284614;0;-1.6167;-15.6283;7.3281;-6.68044
-0.284614;0.28106;0;-1.63611;-15.8181;7.41633;-6.76088
-0.288124;0.277461;0;-1.65553;-16.008;7.5046;-6.84135
-0.291587;0.273819;0;-1.67495;-16.1979;7.59289;-6.92184
-0.295005;0.270133;0;-1.69437;-16.3878;7.6812;-7.00234
-0.298376;0.266405;0;-1.71379;-16.5778;7.7695;-7.08284
-0.301701;0.262634;0;-1.73321;-16.7677;7.85779;-7.16332
-0.304977;0.258822;0;-1.75262;-16.9575;7.94605;-7.24378
-0.308205;0.25497;0;-1.77202;-17.1473;8.03426;-7.32419
-0.311385;0.251077;0;-1.79141;-17.3369;8.12241;-7.40456
-0.314515;0.247144;0;-1.81078;-17.5263;8.21049;-7.48485
-0.317596;0.243172;0;-1.82885;-17.703;8.2927;-7.5598
-0.320627;0.239162;0;-1.8445;-17.8566;8.36385;-7.62466
-0.323607;0.235114;0;-1.86016;-18.0103;8.43505;-7.68957
-0.326536;0.231029;0;-1.87583;-18.1641;8.5063;-7.75452
-0.329413;0.226908;0;-1.89151;-18.318;8.57758;-7.8195
-0.332238;0.22275;0;-1.90719;-18.4719;8.64888;-7.8845
-0.335011;0.218558;0;-1.92287;-18.6259;8.72019;-7.9495
-0.337731;0.214331;0;-1.93831;-18.7773;8.7904;-8.01351
-0.340398;0.21007;0;-1.95375;-18.9289;8.86063;-8.07754
-0.343011;0.205776;0;-1.9692;-19.0804;8.93086;-8.14155
-0.345569;0.201449;0;-1.98464;-19.2319;9.00106;-8.20555
-0.348074;0.197091;0;-2.00007;-19.3833;9.07122;-8.26951
-0.350523;0.192701;0;-2.01549;-19.5346;9.14134;-8.33343
-0.352916;0.188282;0;-2.0309;-19.6858;9.21139;-8.3973
-0.355255;0.183832;0;-2.04481;-19.8222;9.27464;-8.45495
-0.357537;0.179353;0;-2.0563;-19.9354;9.32689;-8.50258
-0.359762;0.174846;0;-2.06784;-20.049;9.37934;-8.5504
-0.361931;0.170312;0;-2.07938;-20.1626;9.43181;-8.59823
-0.364042;0.16575;0;-2.09092;-20.2762;9.48428;-8.64607
-0.366096;0.161163;0;-2.10246;-20.3899;9.53676;-8.6939
-0.368093;0.156549;0;-2.11399;-20.5035;9.58922;-8.74173
-0.370031;0.151912;0;-2.12553;-20.6171;9.64166;-8.78953
-0.371911;0.14725;0;-2.13706;-20.7306;9.69408;-8.83732
-0.373732;0.142565;0;-2.14858;-20.8441;9.74646;-8.88507
-0.375494;0.137857;0;-2.16009;-20.9574;9.7988;-8.93278
-0.377196;0.133128;0;-2.17126;-21.0676;9.84958;-8.97907
-0.378839;0.128377;0;-2.17905;-21.1445;9.88497;-9.01134
-0.380423;0.123607;0;-2.18625;-21.2156;9.9177;-9.04118
-0.381946;0.118817;0;-2.19345;-21.2866;9.95046;-9.07104
-0.383409;0.114008;0;-2.20066;-21.3578;9.98323;-9.10092
-0.384811;0.109181;0;-2.20786;-21.4289;10.016;-9.1308
-0.386153;0.104337;0;-2.21507;-21.5001;10.0488;-9.1607
-0.387433;0.099476;0;-2.22228;-21.5712;10.0816;-9.19059
-0.388653;0.0945996;0;-2.22949;-21.6424;10.1144;-9.22048
-0.389811;0.0897083;0;-2.2367;-21.7135;10.1472;-9.25036
-0.390907;0.0848028;0;-2.24391;-21.7846;10.1799;-9.28023
-0.391942;0.079884;0;-2.25111;-21.8557;10.2127;-9.31008
-0.392915;0.0749525;0;-2.2583;-21.9267;10.2454;-9.33991
-0.393826;0.0700092;0;-2.26549;-21.9976;10.2781;-9.36971
-0.394674;0.0650549;0;-2.27262;-22.068;10.3105;-9.39924
-0.395461;0.0600902;0;-2.27544;-22.0958;10.3233;-9.41096
-0.396185;0.0551161;0;-2.27781;-22.1192;10.3342;-9.42082
-0.396846;0.0501333;0;-2.28019;-22.1427;10.345;-9.43069
-0.397445;0.0451426;0;-2.28256;-22.1662;10.3558;-9.44056
-0.39798;0.0401447;0;-2.28494;-22.1896;10.3666;-9.45042
-0.398453;0.0351405;0;-2.28726;-22.2126;10.3772;-9.46004
-0.398864;0.0301307;0;-2.28951;-22.2348;10.3874;-9.46937
-0.399211;0.0251162;0;-2.29173;-22.2567;10.3975;-9.47862
-0.399495;0.0200977;0;-2.29396;-22.2787;10.4077;-9.48786
-0.399716;0.0150761;0;-2.29618;-22.3006;10.4178;-9.49709
-0.399874;0.010052;0;-2.2984;-22.3225;10.4279;-9.50631
-0.399968;0.00502642;0;-2.30062;-22.3444;10.438;-9.51551
-0.4;4.89859e-17;0;-2.30283;-22.3662;10.4481;-9.52471
-0.399968;-0.00502642;0;-2.30128;-22.3509;10.4411;-9.51833
-0.399874;-0.010052;0;-2.29894;-22.3276;10.4305;-9.50864
-0.399716;-0.0150761;0;-2.29659;-22.3043;10.4198;-9.49894
-0.399495;-0.0200977;0;-2.29424;-22.281;10.4092;-9.48922
-0.399211;-0.0251162;0;-2.29188;-22.2576;10.3985;-9.47949
-0.398864;-0.0301307;0;-2.28952;-22.2342;10.3878;-9.46975
-0.398453;-0.0351405;0;-2.28716;-22.2108;10.3771;-9.46001
-0.39798;-0.0401447;0;-2.2848;-22.1874;10.3664;-9.45026
-0.397445;-0.0451426;0;-2.28244;-22.164;10.3557;-9.4405
-0.396846;-0.0501333;0;-2.28008;-22.1406;10.345;-9.43074
-0.396185;-0.0551161;0;-2.27772;-22.1171;10.3343;-9.42098
-0.395461;-0.0600902;0;-2.27535;-22.0937;10.3236;-9.41122
-0.394674;-0.0650549;0;-2.27298;-22.0701;10.3129;-9.40142
-0.393826;-0.0700092;0;-2.26602;-22.0013;10.2813;-9.37262
-0.392915;-0.0749525;0;-2.25888;-21.9308;10.2489;-9.34308
-0.391942;-0.079884;0;-2.25174;-21.8602;10.2164;-9.31351
-0.390907;-0.0848028;0;-2.24459;-21.7896;10.184;-9.28392
-0.389811;-0.0897083;0;-2.23744;-21.7189;10.1515;-9.25432
-0.388653;-0.0945996;0;-2.23028;-21.6481;10.119;-9.2247
-0.387433;-0.099476;0;-2.22313;-21.5774;10.0865;-9.19507
-0.386153;-0.104337;0;-2.21597;-21.5066;10.054;-9.16543
-0.384811;-0.109181;0;-2.20881;-21.4359;10.0215;-9.1358
-0.383409;-0.114008;0;-2.20165;-21.3651;9.98899;-9.10617
-0.381946;-0.118817;0;-2.19449;-21.2944;9.9565;-9.07655
-0.380423;-0.123607;0;-2.18734;-21.2236;9.92402;-9.04694
-0.378839;-0.128377;0;-2.17983;-21.1495;9.88994;-9.01587
-0.377196;-0.133128;0;-2.16915;-21.0442;9.84144;-8.97166
-0.375494;-0.137857;0;-2.15847;-20.9388;9.7929;-8.92741
-0.373732;-0.142565;0;-2.14778;-20.8334;9.74434;-8.88314
-0.371911;-0.14725;0;-2.13602;-20.7172;9.69098;-8.8345
-0.370031;-0.151912;0;-2.12413;-20.5997;9.63696;-8.78525
-0.368093;-0.156549;0;-2.11222;-20.4821;9.58291;-8.73598
-0.366096;-0.161163;0;-2.10031;-20.3644;9.52883;-8.68668
-0.364042;-0.16575;0;-2.0884;-20.2467;9.47475;-8.63737
-0.361931;-0.170312;0;-2.07649;-20.1291;9.42066;-8.58806
-0.359762;-0.174846;0;-2.06458;-20.0114;9.36657;-8.53876
-0.357537;-0.179353;0;-2.05267;-19.8937;9.3125;-8.48946
-0.355255;-0.183832;0;-2.03932;-19.7624;9.25188;-8.4342
-0.352916;-0.188282;0;-2.02566;-19.628;9.18985;-8.37766
-0.350523;-0.192701;0;-2.01139;-19.4879;9.12502;-8.31855
-0.348074;-0.197091;0;-1.99629;-19.3397;9.05638;-8.25598
-0.345569;-0.201449;0;-1.98118;-19.1914;8.98771;-8.19338
-0.343011;-0.205776;0;-1.96606;-19.0431;8.91902;-8.13076
-0.340398;-0.21007;0;-1.95094;-18.8948;8.85032;-8.06813
-0.337731;-0.214331;0;-1.93583;-18.7464;8.78161;-8.0055
-0.335011;-0.218558;0;-1.92071;-18.5981;8.71292;-7.94287
-0.332238;-0.22275;0;-1.9056;-18.4498;8.64424;-7.88027
-0.329413;-0.226908;0;-1.8905;-18.3016;8.5756;-7.81769
-0.326536;-0.231029;0;-1.87491;-18.1486;8.50475;-7.75311
-0.323607;-0.235114;0;-1.85911;-17.9934;8.43292;-7.68762
-0.320627;-0.239162;0;-1.84331;-17.8382;8.36112;-7.62217
-0.317596;-0.243172;0;-1.82748;-17.6829;8.28917;-7.55658
-0.314515;-0.247144;0;-1.80923;-17.5044;8.20618;-7.48092
-0.311385;-0.251077;0;-1.78981;-17.3143;8.11792;-7.40046
-0.308205;-0.25497;0;-1.77037;-17.1241;8.02959;-7.31993
-0.304977;-0.258822;0;-1.75092;-16.9337;7.9412;-7.23936
-0.301701;-0.262634;0;-1.73146;-16.7432;7.85276;-7.15874
-0.298376;-0.266405;0;-1.712;-16.5527;7.76429;-7.07809
-0.295005;-0.270133;0;-1.69253;-16.3621;7.67581;-6.99742
-0.291587;-0.273819;0;-1.67306;-16.1715;7.58732;-6.91676
-0.288124;-0.277461;0;-1.65359;-15.9809;7.49884;-6.8361
-0.284614;-0.28106;0;-1.63412;-15.7904;7.41039;-6.75546
-0.28106;-0.284614;0;-1.61467;-15.5999;7.32197;-6.67486
-0.277461;-0.288124;0;-1.59436;-15.4016;7.2296;-6.59065
-0.273819;-0.291587;0;-1.57359;-15.199;7.13517;-6.50456
-0.270133;-0.295005;0;-1.55183;-14.9867;7.03625;-6.41439
-0.266405;-0.298376;0;-1.52957;-14.7696;6.93506;-6.32214
-0.262634;-0.301701;0;-1.50729;-14.5524;6.83382;-6.22985
-0.258822;-0.304977;0;-1.48501;-14.3351;6.73254;-6.13752
-0.25497;-0.308205;0;-1.46273;-14.1178;6.63125;-6.04518
-0.251077;-0.311385;0;-1.44044;-13.9004;6.52995;-5.95283
-0.247144;-0.314515;0;-1.41816;-13.6831;6.42866;-5.8605
-0.243172;-0.317596;0;-1.39588;-13.4659;6.32741;-5.7682
-0.239162;-0.320627;0;-1.37362;-13.2487;6.2262;-5.67593
-0.235114;-0.323607;0;-1.35136;-13.0317;6.12505;-5.58372
-0.231029;-0.326536;0;-1.32913;-12.8149;6.02398;-5.49159
-0.226908;-0.329413;0;-1.30635;-12.5932;5.92041;-5.39717
-0.22275;-0.332238;0;-1.28216;-12.3582;5.81033;-5.29682
-0.218558;-0.335011;0;-1.25746;-12.1182;5.69802;-5.19443
-0.214331;-0.337731;0;-1.23252;-11.8759;5.58462;-5.09105
-0.21007;-0.340398;0;-1.20756;-11.6334;5.47116;-4.98762
-0.205776;-0.343011;0;-1.1826;-11.3909;5.35766;-4.88415
-0.201449;-0.345569;0;-1.15763;-11.1483;5.24414;-4.78067
-0.197091;-0.348074;0;-1.13266;-10.9057;5.13062;-4.67718
-0.192701;-0.350523;0;-1.1077;-10.6632;5.01711;-4.5737
-0.188282;-0.352916;0;-1.08274;-10.4207;4.90363;-4.47025
-0.183832;-0.355255;0;-1.05779;-10.1783;4.7902;-4.36684
-0.179353;-0.357537;0;-1.03286;-9.93601;4.67684;-4.2635
-0.174846;-0.359762;0;-1.00794;-9.69394;4.56356;-4.16024
-0.170312;-0.361931;0;-0.982131;-9.44387;4.44612;-4.05317
-0.16575;-0.364042;0;-0.955456;-9.18551;4.3248;-3.94258
-0.161163;-0.366096;0;-0.928506;-8.9245;4.20225;-3.83085
-0.156549;-0.368093;0;-0.901538;-8.66331;4.07961;-3.71905
-0.151912;-0.370031;0;-0.874558;-8.402;3.95691;-3.6072
-0.14725;-0.371911;0;-0.847568;-8.14061;3.83417;-3.49531
-0.142565;-0.373732;0;-0.820574;-7.87916;3.71141;-3.3834
-0.137857;-0.375494;0;-0.79358;-7.61772;3.58865;-3.27149
-0.133128;-0.377196;0;-0.766589;-7.3563;3.46591;-3.1596
-0.128377;-0.378839;0;-0.739606;-7.09497;3.34321;-3.04773
-0.123607;-0.380423;0;-0.712636;-6.83376;3.22056;-2.93592
-0.118817;-0.381946;0;-0.685682;-6.57271;3.09798;-2.82418
-0.114008;-0.383409;0;-0.65875;-6.31186;2.9755;-2.71253
-0.109181;-0.384811;0;-0.63187;-6.05155;2.85326;-2.60109
-0.104337;-0.386153;0;-0.603717;-5.7795;2.72519;-2.48434
-0.099476;-0.387433;0;-0.575498;-5.50677;2.59684;-2.36733
-0.0945996;-0.388653;0;-0.547263;-5.23389;2.46842;-2.25026
-0.0897083;-0.389811;0;-0.519017;-4.96091;2.33994;-2.13314
-0.0848028;-0.390907;0;-0.490783;-4.68803;2.21153;-2.01608
-0.079884;-0.391942;0;-0.462498;-4.41466;2.08288;-1.8988
-0.0749525;-0.392915;0;-0.434195;-4.14112;1.95415;-1.78144
-0.0700092;-0.393826;0;-0.405895;-3.86761;1.82543;-1.6641
-0.0650549;-0.394674;0;-0.377605;-3.59418;1.69675;-1.54679
-0.0600902;-0.395461;0;-0.349327;-3.32089;1.56813;-1.42954
-0.0551161;-0.396185;0;-0.321067;-3.04776;1.4396;-1.31237
-0.0501333;-0.396846;0;-0.292538;-2.77221;1.30986;-1.19409
-0.0451426;-0.397445;0;-0.263759;-2.49435;1.17895;-1.07475
-0.0401447;-0.39798;0;-0.234963;-2.21634;1.04796;-0.955343
-0.0351405;-0.398453;0;-0.206156;-1.93822;0.916923;-0.835886
-0.0301307;-0.398864;0;-0.177389;-1.66048;0.786065;-0.716593
-0.0251162;-0.399211;0;-0.148554;-1.38209;0.654901;-0.597021
-0.0200977;-0.399495;0;-0.119717;-1.10369;0.523728;-0.477441
-0.0150761;-0.399716;0;-0.0908834;-0.825307;0.392567;-0.357872
-0.010052;-0.399874;0;-0.0620566;-0.546997;0.261438;-0.238333
-0.00502642;-0.399968;0;-0.0332416;-0.2688;0.130363;-0.118842
-7.34788e-17;-0.4;0;-0.00444282;0.00924008;-0.000637397;0.000581064
0.00502642;-0.399968;0;0.0241309;0.285116;-0.13061;0.119067
0.010052;-0.399874;0;0.0528222;0.562147;-0.261107;0.238031
0.0150761;-0.399716;0;0.0815373;0.839408;-0.391713;0.357093
0.0200977;-0.399495;0;0.110272;1.11686;-0.522406;0.476236
0.0251162;-0.399211;0;0.139021;1.39445;-0.653168;0.595441
0.0301307;-0.398864;0;0.167781;1.67214;-0.783975;0.714688
0.0351405;-0.398453;0;0.196546;1.94988;-0.914809;0.833959
0.0401447;-0.39798;0;0.225312;2.22764;-1.04565;0.953235
0.0451426;-0.397445;0;0.254076;2.50537;-1.17647;1.0725
0.0501333;-0.396846;0;0.282831;2.78301;-1.30726;1.19173
0.0551161;-0.396185;0;0.311411;3.05874;-1.43736;1.31032
0.0600902;-0.395461;0;0.340091;3.33543;-1.56791;1.42934
0.0650549;-0.394674;0;0.368028;3.60526;-1.69502;1.54521
0.0700092;-0.393826;0;0.39641;3.8794;-1.82415;1.66293
0.0749525;-0.392915;0;0.424794;4.15356;-1.95329;1.78066
0.079884;-0.391942;0;0.453177;4.42771;-2.08242;1.89838
0.0848028;-0.390907;0;0.480943;4.69592;-2.20874;2.01353
0.0897083;-0.389811;0;0.508933;4.96633;-2.33605;2.12959
0.0945996;-0.388653;0;0.536931;5.23682;-2.4634;2.24568
0.099476;-0.387433;0;0.564932;5.50733;-2.59076;2.36179
0.104337;-0.386153;0;0.592931;5.77784;-2.71811;2.47789
0.109181;-0.384811;0;0.620925;6.04828;-2.84544;2.59396
0.114008;-0.383409;0;0.648908;6.31863;-2.97272;2.70999
0.118817;-0.381946;0;0.675634;6.57711;-3.09429;2.82082
0.123607;-0.380423;0;0.702665;6.8387;-3.21726;2.93292
0.128377;-0.378839;0;0.729711;7.10043;-3.3403;3.04508
0.133128;-0.377196;0;0.756766;7.36225;-3.46338;3.15729
0.137857;-0.375494;0;0.783827;7.62413;-3.58648;3.26951
0.142565;-0.373732;0;0.810889;7.88602;-3.7096;3.38174
0.14725;-0.371911;0;0.837949;8.14788;-3.83269;3.49396
0.151912;-0.370031;0;0.865001;8.40968;-3.95576;3.60615
0.156549;-0.368093;0;0.892042;8.67136;-4.07877;3.71829
0.161163;-0.366096;0;0.919067;8.93289;-4.20172;3.83037
0.16575;-0.364042;0;0.946072;9.19423;-4.32457;3.94237
0.170312;-0.361931;0;0.972608;9.45105;-4.44525;4.05238
0.174846;-0.359762;0;0.998403;9.70086;-4.56254;4.15931
0.179353;-0.357537;0;1.02342;9.94346;-4.67634;4.26305
0.183832;-0.355255;0;1.04845;10.1862;-4.79021;4.36685
0.188282;-0.352916;0;1.07349;10.4291;-4.90414;4.47071
0.192701;-0.350523;0;1.09855;10.6721;-5.01811;4.57461
0.197091;-0.348074;0;1.1236;10.9151;-5.13209;4.67852
0.201449;-0.345569;0;1.14866;11.1581;-5.24609;4.78244
0.205776;-0.343011;0;1.17372;11.4011;-5.36006;4.88634
0.21007;-0.340398;0;1.19876;11.644;-5.47401;4.99022
0.214331;-0.337731;0;1.2238;11.8868;-5.5879;5.09404
0.218558;-0.335011;0;1.24882;12.1295;-5.70172;5.19781
0.22275;-0.332238;0;1.27382;12.3719;-5.81546;5.30149
0.226908;-0.329413;0;1.2978;12.6048;-5.92449;5.40089
0.231029;-0.326536;0;1.32014;12.8219;-6.0261;5.49351
0.235114;-0.323607;0;1.34249;13.0392;-6.12778;5.58621
0.239162;-0.320627;0;1.36486;13.2566;-6.22954;5.67897
0.243172;-0.317596;0;1.38723;13.4741;-6.33135;5.77178
0.247144;-0.314515;0;1.40962;13.6917;-6.43319;5.86463
0.251077;-0.311385;0;1.43201;13.9094;-6.53505;5.95749
0.25497;-0.308205;0;1.4544;14.127;-6.63692;6.05035
0.258822;-0.304977;0;1.47679;14.3447;-6.73877;6.1432
0.262634;-0.301701;0;1.49917;14.5622;-6.84059;6.23603
0.266405;-0.298376;0;1.52154;14.7797;-6.94237;6.32881
0.270133;-0.295005;0;1.5439;14.9971;-7.04409;6.42154
0.273819;-0.291587;0;1.56624;15.2143;-7.14574;6.5142
0.277461;-0.288124;0;1.58817;15.4274;-7.24549;6.60513
0.28106;-0.284614;0;1.60787;15.619;-7.33512;6.68684
0.284614;-0.28106;0;1.6271;15.8063;-7.42262;6.76661
0.288124;-0.277461;0;1.64634;15.9936;-7.51016;6.84641
0.291587;-0.273819;0;1.66559;16.1811;-7.59773;6.92625
0.295005;-0.270133;0;1.68484;16.3685;-7.68533;7.0061
0.298376;-0.266405;0;1.70409;16.556;-7.77292;7.08595
0.301701;-0.262634;0;1.72334;16.7434;-7.86051;7.1658
0.304977;-0.258822;0;1.74258;16.9308;-7.94807;7.24563
0.308205;-0.25497;0;1.76182;17.1182;-8.0356;7.32542
0.311385;-0.251077;0;1.78104;17.3054;-8.12307;7.40516
0.314515;-0.247144;0;1.80025;17.4925;-8.21048;7.48485
0.317596;-0.243172;0;1.81882;17.6733;-8.29495;7.56184
0.320627;-0.239162;0;1.83435;17.8246;-8.36563;7.62628
0.323607;-0.235114;0;1.84989;17.9761;-8.43637;7.69077
0.326536;-0.231029;0;1.86544;18.1276;-8.50716;7.7553
0.329413;-0.226908;0;1.881;18.2793;-8.57798;7.81986
0.332238;-0.22275;0;1.89656;18.4309;-8.64883;7.88445
0.335011;-0.218558;0;1.91213;18.5826;-8.71969;7.94905
0.337731;-0.214331;0;1.9277;18.7344;-8.79056;8.01365
0.340398;-0.21007;0;1.94326;18.8861;-8.86142;8.07825
0.343011;-0.205776;0;1.95883;19.0377;-8.93225;8.14282
0.345569;-0.201449;0;1.97438;19.1893;-9.00306;8.20737
0.348074;-0.197091;0;1.98993;19.3408;-9.07383;8.27189
0.350523;-0.192701;0;2.00546;19.4922;-9.14454;8.33635
0.352916;-0.188282;0;2.02099;19.6435;-9.21519;8.40075
0.355255;-0.183832;0;2.0345;19.7753;-9.27672;8.45685
0.357537;-0.179353;0;2.04604;19.888;-9.32924;8.50472
0.359762;-0.174846;0;2.05759;20.0009;-9.38178;8.55262
0.361931;-0.170312;0;2.06863;20.1087;-9.43202;8.59842
0.364042;-0.16575;0;2.07959;20.2157;-9.4819;8.6439
0.366096;-0.161163;0;2.09055;20.3228;-9.53181;8.68939
0.368093;-0.156549;0;2.10151;20.4298;-9.58171;8.73489
0.370031;-0.151912;0;2.11248;20.5369;-9.63162;8.78038
0.371911;-0.14725;0;2.12344;20.6439;-9.68151;8.82587
0.373732;-0.142565;0;2.1344;20.7509;-9.73139;8.87133
0.375494;-0.137857;0;2.14535;20.8578;-9.78124;8.91678
0.377196;-0.133128;0;2.15629;20.9647;-9.83106;8.96219
0.378839;-0.128377;0;2.16717;21.0709;-9.88061;9.00737
0.380423;-0.123607;0;2.17698;21.1668;-9.92526;9.04807
0.381946;-0.118817;0;2.18407;21.2371;-9.95751;9.07747
0.383409;-0.114008;0;2.19117;21.3074;-9.98978;9.10689
0.384811;-0.109181;0;2.19828;21.3777;-10.0221;9.13631
0.386153;-0.104337;0;2.20502;21.4443;-10.0527;9.16424
0.387433;-0.099476;0;2.2111;21.5045;-10.0803;9.18942
0.388653;-0.0945996;0;2.21718;21.5648;-10.1079;9.2146
0.389811;-0.0897083;0;2.22326;21.625;-10.1356;9.23979
0.390907;-0.0848028;0;2.22935;21.6853;-10.1632;9.26498
0.391942;-0.079884;0;2.23543;21.7455;-10.1908;9.29017
0.392915;-0.0749525;0;2.24151;21.8057;-10.2184;9.31534
0.393826;-0.0700092;0;2.24759;21.8659;-10.2461;9.34051
0.394674;-0.0650549;0;2.25366;21.926;-10.2736;9.36566
0.395461;-0.0600902;0;2.25973;21.9862;-10.3012;9.3908
0.396185;-0.0551161;0;2.26344;22.0248;-10.3179;9.40603
0.396846;-0.0501333;0;2.26624;22.0552;-10.3304;9.41739
0.397445;-0.0451426;0;2.26903;22.0856;-10.3429;9.42876
0.39798;-0.0401447;0;2.27101;22.1076;-10.3516;9.43677
0.398453;-0.0351405;0;2.27231;22.1223;-10.3574;9.442
0.398864;-0.0301307;0;2.2736;22.1371;-10.3631;9.44723
0.399211;-0.0251162;0;2.2749;22.1519;-10.3689;9.45246
0.399495;-0.0200977;0;2.2762;22.1667;-10.3746;9.45769
0.399716;-0.0150761;0;2.27749;22.1815;-10.3803;9.46293
0.399874;-0.010052;0;2.27879;22.1963;-10.3861;9.46816
0.399968;-0.00502642;0;2.28009;22.2111;-10.3918;9.47339
