0.4;0;0;2.48257;24.0751;-10.3975;9.47853
0.399968;0.00502642;0;2.48108;24.0572;-10.3915;9.47309
0.399874;0.010052;0;2.47955;24.039;-10.3854;9.46754
0.399716;0.0150761;0;2.47803;24.0208;-10.3793;9.46199
0.399495;0.0200977;0;2.4765;24.0025;-10.3732;9.45644
0.399211;0.0251162;0;2.47498;23.9843;-10.3671;9.45089
0.398864;0.0301307;0;2.47346;23.966;-10.361;9.44534
0.398453;0.0351405;0;2.47193;23.9478;-10.355;9.43979
0.39798;0.0401447;0;2.47041;23.9295;-10.3489;9.43425
0.397445;0.0451426;0;2.46769;23.8999;-10.3377;9.42406
0.396846;0.0501333;0;2.46433;23.8643;-10.3238;9.41143
0.396185;0.0551161;0;2.46097;23.8287;-10.31;9.3988
0.395461;0.0600902;0;2.45761;23.7931;-10.2961;9.38617
0.394674;0.0650549;0;2.45163;23.7318;-10.2713;9.36354
0.393826;0.0700092;0;2.44509;23.665;-10.2442;9.33879
0.392915;0.0749525;0;2.43854;23.5981;-10.217;9.31402
0.391942;0.079884;0;2.432;23.5312;-10.1898;9.28924
0.390907;0.0848028;0;2.42545;23.4643;-10.1626;9.26445
0.389811;0.0897083;0;2.4189;23.3974;-10.1354;9.23966
0.388653;0.0945996;0;2.41235;23.3304;-10.1082;9.21487
0.387433;0.099476;0;2.4058;23.2635;-10.081;9.19008
0.386153;0.104337;0;2.39891;23.194;-10.0524;9.16394
0.384811;0.109181;0;2.39088;23.1142;-10.0189;9.13341
0.383409;0.114008;0;2.38286;23.0344;-9.98538;9.10287
0.381946;0.118817;0;2.37484;22.9546;-9.95189;9.07235
0.380423;0.123607;0;2.36683;22.8749;-9.91841;9.04183
0.378839;0.128377;0;2.35642;22.7726;-9.87486;9.00212
0.377196;0.133128;0;2.34445;22.6556;-9.82477;8.95646
0.375494;0.137857;0;2.33252;22.5378;-9.7749;8.911
0.373732;0.142565;0;2.3206;22.42;-9.72504;8.86554
0.371911;0.14725;0;2.30866;22.3022;-9.67515;8.82006
0.370031;0.151912;0;2.29673;22.1843;-9.62524;8.77457
0.368093;0.156549;0;2.28479;22.0663;-9.57532;8.72906
0.366096;0.161163;0;2.27285;21.9484;-9.52541;8.68356
0.364042;0.16575;0;2.26091;21.8305;-9.4755;8.63806
0.361931;0.170312;0;2.24898;21.7126;-9.4256;8.59257
0.359762;0.174846;0;2.23705;21.5947;-9.37573;8.5471
0.357537;0.179353;0;2.22513;21.477;-9.32588;8.50167
0.355255;0.183832;0;2.21322;21.3593;-9.27608;8.45626
0.352916;0.188282;0;2.19883;21.2184;-9.21582;8.40133
0.350523;0.192701;0;2.18199;21.0543;-9.14527;8.33702
0.348074;0.197091;0;2.16514;20.89;-9.07466;8.27265
0.345569;0.201449;0;2.14827;20.7256;-9.004;8.20823
0.343011;0.205776;0;2.1314;20.5612;-8.93329;8.14377
0.340398;0.21007;0;2.11451;20.3966;-8.86256;8.07929
0.337731;0.214331;0;2.09763;20.2321;-8.7918;8.01479
0.335011;0.218558;0;2.08074;20.0674;-8.72104;7.95028
0.332238;0.22275;0;2.06385;19.9028;-8.65028;7.88577
0.329413;0.226908;0;2.04697;19.7383;-8.57953;7.82128
0.326536;0.231029;0;2.03009;19.5738;-8.50881;7.75681
0.323607;0.235114;0;2.0132;19.4091;-8.43804;7.69229
0.320627;0.239162;0;1.99626;19.2441;-8.36706;7.62759
0.317596;0.243172;0;1.97934;19.0792;-8.29614;7.56293
0.314515;0.247144;0;1.95999;18.8911;-8.21503;7.48899
0.311385;0.251077;0;1.93916;18.689;-8.12775;7.40943
0.308205;0.25497;0;1.91832;18.4868;-8.04041;7.3298
0.304977;0.258822;0;1.89746;18.2844;-7.95297;7.25009
0.301701;0.262634;0;1.87657;18.0817;-7.8654;7.17026
0.298376;0.266405;0;1.85566;17.8788;-7.77775;7.09036
0.295005;0.270133;0;1.83472;17.6757;-7.69;7.01036
0.291587;0.273819;0;1.81378;17.4726;-7.60224;6.93036
0.288124;0.277461;0;1.79285;17.2695;-7.5145;6.85037
0.284614;0.28106;0;1.77193;17.0665;-7.42679;6.77041
0.28106;0.284614;0;1.75101;16.8636;-7.33912;6.69049
0.277461;0.288124;0;1.72977;16.6576;-7.25009;6.60933
0.273819;0.291587;0;1.70555;16.4233;-7.14859;6.5168
0.270133;0.295005;0;1.68131;16.1887;-7.047;6.42419
0.266405;0.298376;0;1.65705;15.954;-6.94533;6.3315
0.262634;0.301701;0;1.63278;15.7191;-6.8436;6.23876
0.258822;0.304977;0;1.6085;15.4841;-6.74182;6.14598
0.25497;0.308205;0;1.58421;15.2491;-6.64002;6.05318
0.251077;0.311385;0;1.5599;15.0139;-6.53816;5.96032
0.247144;0.314515;0;1.5356;14.7787;-6.43629;5.86745
0.243172;0.317596;0;1.51127;14.5434;-6.33433;5.77451
0.239162;0.320627;0;1.48696;14.3081;-6.23241;5.68159
0.235114;0.323607;0;1.46265;14.073;-6.13054;5.58873
0.231029;0.326536;0;1.43836;13.838;-6.02873;5.49592
0.226908;0.329413;0;1.41409;13.6032;-5.92701;5.40318
0.22275;0.332238;0;1.38832;13.3541;-5.81898;5.30471
0.218558;0.335011;0;1.36117;13.0921;-5.7052;5.20098
0.214331;0.337731;0;1.334;12.8299;-5.59133;5.09717
0.21007;0.340398;0;1.30681;12.5676;-5.47739;4.9933
0.205776;0.343011;0;1.27961;12.3051;-5.3634;4.88939
0.201449;0.345569;0;1.25241;12.0426;-5.24938;4.78544
0.197091;0.348074;0;1.2252;11.7801;-5.13533;4.68148
0.192701;0.350523;0;1.19799;11.5175;-5.02129;4.57751
0.188282;0.352916;0;1.17078;11.255;-4.90727;4.47357
0.183832;0.355255;0;1.14358;10.9926;-4.79329;4.36966
0.179353;0.357537;0;1.1164;10.7303;-4.67936;4.2658
0.174846;0.359762;0;1.08924;10.4682;-4.56551;4.16201
0.170312;0.361931;0;1.06172;10.2025;-4.45019;4.05688
0.16575;0.364042;0;1.03237;9.9202;-4.32716;3.94472
0.161163;0.366096;0;1.00288;9.63657;-4.20352;3.83202
0.156549;0.368093;0;0.973355;9.35266;-4.07976;3.7192
0.151912;0.370031;0;0.943808;9.0685;-3.9559;3.60628
0.14725;0.371911;0;0.91424;8.78415;-3.83195;3.49329
0.142565;0.373732;0;0.884657;8.49964;-3.70794;3.38023
0.137857;0.375494;0;0.855062;8.21503;-3.58387;3.26713
0.133128;0.377196;0;0.825461;7.93035;-3.45978;3.15401
0.128377;0.378839;0;0.795858;7.64566;-3.33569;3.04088
0.123607;0.380423;0;0.766258;7.36099;-3.2116;2.92776
0.118817;0.381946;0;0.737376;7.08313;-3.09056;2.81741
0.114008;0.383409;0;0.707054;6.79128;-2.9635;2.70159
0.109181;0.384811;0;0.676719;6.4993;-2.83639;2.58571
0.104337;0.386153;0;0.646375;6.20724;-2.70924;2.4698
0.099476;0.387433;0;0.616027;5.91515;-2.58208;2.35388
0.0945996;0.388653;0;0.585681;5.62306;-2.45493;2.23796
0.0897083;0.389811;0;0.55534;5.33104;-2.3278;2.12207
0.0848028;0.390907;0;0.52501;5.03911;-2.20071;2.00621
0.079884;0.391942;0;0.494696;4.74734;-2.07369;1.89042
0.0749525;0.392915;0;0.464402;4.45576;-1.94675;1.7747
0.0700092;0.393826;0;0.434132;4.16442;-1.81992;1.65907
0.0650549;0.394674;0;0.403893;3.87337;-1.69321;1.54357
0.0600902;0.395461;0;0.373689;3.58265;-1.56665;1.42819
0.0551161;0.396185;0;0.343524;3.29231;-1.44025;1.31296
0.0501333;0.396846;0;0.312489;2.99418;-1.31019;1.1944
0.0451426;0.397445;0;0.281291;2.6944;-1.17945;1.07521
0.0401447;0.39798;0;0.250058;2.39428;-1.04856;0.955888
0.0351405;0.398453;0;0.218794;2.09387;-0.917538;0.836446
0.0301307;0.398864;0;0.187504;1.7932;-0.786408;0.716906
0.0251162;0.399211;0;0.156193;1.49234;-0.655192;0.597286
0.0200977;0.399495;0;0.124867;1.19133;-0.523908;0.477606
0.0150761;0.399716;0;0.0935293;0.890206;-0.392579;0.357883
0.010052;0.399874;0;0.0621858;0.589028;-0.261225;0.238138
0.00502642;0.399968;0;0.0308412;0.28784;-0.129866;0.118389
2.44929e-17;0.4;0;-0.000499387;-0.0133102;0.00147643;-0.00134594
-0.00502642;0.399968;0;-0.0318312;-0.314375;0.132782;-0.121047
-0.010052;0.399874;0;-0.0631492;-0.615307;0.264029;-0.240695
-0.0150761;0.399716;0;-0.0944484;-0.916059;0.395199;-0.360271
-0.0200977;0.399495;0;-0.125724;-1.21658;0.526268;-0.479757
-0.0251162;0.399211;0;-0.156971;-1.51683;0.657218;-0.599134
-0.0301307;0.398864;0;-0.188184;-1.81676;0.788028;-0.718382
-0.0351405;0.398453;0;-0.219101;-2.1136;0.917577;-0.836482
-0.0401447;0.39798;0;-0.249886;-2.40924;1.04657;-0.954072
-0.0451426;0.397445;0;-0.280672;-2.70537;1.17557;-1.07168
-0.0501333;0.396846;0;-0.311483;-3.00174;1.30468;-1.18938
-0.0551161;0.396185;0;-0.342314;-3.29829;1.43388;-1.30715
-0.0600902;0.395461;0;-0.37316;-3.59499;1.56313;-1.42499
-0.0650549;0.394674;0;-0.404016;-3.89179;1.69243;-1.54286
-0.0700092;0.393826;0;-0.434877;-4.18864;1.82175;-1.66075
-0.0749525;0.392915;0;-0.465738;-4.48548;1.95108;-1.77864
-0.079884;0.391942;0;-0.496596;-4.78229;2.08038;-1.89652
-0.0848028;0.390907;0;-0.527443;-5.079;2.20965;-2.01436
-0.0897083;0.389811;0;-0.558277;-5.37557;2.33885;-2.13214
-0.0945996;0.388653;0;-0.589091;-5.67196;2.46797;-2.24986
-0.099476;0.387433;0;-0.619881;-5.96812;2.597;-2.36748
-0.104337;0.386153;0;-0.650249;-6.26001;2.72424;-2.48347
-0.109181;0.384811;0;-0.67986;-6.54478;2.84829;-2.59656
-0.114008;0.383409;0;-0.709231;-6.82783;2.97136;-2.70875
-0.118817;0.381946;0;-0.738625;-7.11109;3.09452;-2.82103
-0.123607;0.380423;0;-0.768037;-7.39452;3.21776;-2.93338
-0.128377;0.378839;0;-0.797463;-7.67809;3.34106;-3.04578
-0.133128;0.377196;0;-0.826898;-7.96173;3.46439;-3.15821
-0.137857;0.375494;0;-0.856336;-8.24542;3.58774;-3.27066
-0.142565;0.373732;0;-0.885774;-8.5291;3.71109;-3.3831
-0.14725;0.371911;0;-0.915207;-8.81272;3.83441;-3.49553
-0.151912;0.370031;0;-0.944508;-9.095;3.95718;-3.60744
-0.156549;0.368093;0;-0.973821;-9.37755;4.07999;-3.7194
-0.161163;0.366096;0;-1.00312;-9.65996;4.20274;-3.8313
-0.16575;0.364042;0;-1.0324;-9.94217;4.3254;-3.94312
-0.170312;0.361931;0;-1.06165;-10.2241;4.44796;-4.05485
-0.174846;0.359762;0;-1.08978;-10.4961;4.56581;-4.16228
-0.179353;0.357537;0;-1.1168;-10.7572;4.67898;-4.26545
-0.183832;0.355255;0;-1.14383;-11.0185;4.79223;-4.3687
-0.188282;0.352916;0;-1.17089;-11.28;4.90556;-4.47201
-0.192701;0.350523;0;-1.19795;-11.5416;5.01893;-4.57536
-0.197091;0.348074;0;-1.22503;-11.8033;5.13234;-4.67875
-0.201449;0.345569;0;-1.2521;-12.065;5.24576;-4.78214
-0.205776;0.343011;0;-1.27918;-12.3267;5.35918;-4.88554
-0.21007;0.340398;0;-1.30625;-12.5884;5.47258;-4.98891
-0.214331;0.337731;0;-1.33331;-12.8499;5.58594;-5.09225
-0.218558;0.335011;0;-1.36036;-13.1114;5.69924;-5.19554
-0.22275;0.332238;0;-1.38705;-13.3697;5.81103;-5.29745
-0.226908;0.329413;0;-1.41335;-13.6254;5.9212;-5.39789
-0.231029;0.326536;0;-1.43731;-13.8577;6.02155;-5.48937
-0.235114;0.323607;0;-1.4616;-14.0932;6.12329;-5.58211
-0.239162;0.320627;0;-1.48591;-14.3289;6.22509;-5.67492
-0.243172;0.317596;0;-1.51023;-14.5647;6.32695;-5.76778
-0.247144;0.314515;0;-1.53455;-14.8006;6.42884;-5.86066
-0.251077;0.311385;0;-1.55889;-15.0366;6.53075;-5.95357
-0.25497;0.308205;0;-1.58322;-15.2725;6.63267;-6.04648
-0.258822;0.304977;0;-1.60755;-15.5085;6.73457;-6.13937
-0.262634;0.301701;0;-1.63187;-15.7443;6.83644;-6.23224
-0.266405;0.298376;0;-1.65619;-15.9801;6.93827;-6.32507
-0.270133;0.295005;0;-1.68048;-16.2157;7.04004;-6.41784
-0.273819;0.291587;0;-1.70476;-16.4512;7.14173;-6.51054
-0.277461;0.288124;0;-1.72757;-16.6731;7.2372;-6.59758
-0.28106;0.284614;0;-1.74927;-16.8847;7.3281;-6.68044
-0.284614;0.28106;0;-1.77034;-17.0897;7.41633;-6.76088
-0.288124;0.277461;0;-1.79142;-17.2947;7.5046;-6.84135
-0.291587;0.273819;0;-1.8125;-17.4999;7.59289;-6.92184
-0.295005;0.270133;0;-1.83359;-17.705;7.6812;-7.00234
-0.298376;0.266405;0;-1.85467;-17.9102;7.7695;-7.08284
-0.301701;0.262634;0;-1.87575;-18.1153;7.85779;-7.16332
-0.304977;0.258822;0;-1.89683;-18.3204;7.94605;-7.24378
-0.308205;0.25497;0;-1.91789;-18.5253;8.03426;-7.32419
-0.311385;0.251077;0;-1.93894;-18.7302;8.12241;-7.40456
-0.314515;0.247144;0;-1.95997;-18.9349;8.21049;-7.48485
-0.317596;0.243172;0;-1.97961;-19.1266;8.2927;-7.5598
-0.320627;0.239162;0;-1.9966;-19.2925;8.36385;-7.62466
-0.323607;0.235114;0;-2.0136;-19.4586;8.43505;-7.68957
-0.326536;0.231029;0;-2.03062;-19.6247;8.5063;-7.75452
-0.329413;0.226908;0;-2.04764;-19.7909;8.57758;-7.8195
-0.332238;0.22275;0;-2.06467;-19.9572;8.64888;-7.8845
-0.335011;0.218558;0;-2.0817;-20.1236;8.72019;-7.9495
-0.337731;0.214331;0;-2.09847;-20.2877;8.7904;-8.01351
-0.340398;0.21007;0;-2.11525;-20.4518;8.86063;-8.07754
-0.343011;0.205776;0;-2.13203;-20.6159;8.93086;-8.14155
-0.345569;0.201449;0;-2.1488;-20.7799;9.00106;-8.20555
-0.348074;0.197091;0;-2.16556;-20.9438;9.07122;-8.26951
-0.350523;0.192701;0;-2.18231;-21.1076;9.14134;-8.33343
-0.352916;0.188282;0;-2.19905;-21.2712;9.21139;-8.3973
-0.355255;0.183832;0;-2.21417;-21.4194;9.27464;-8.45495
-0.357537;0.179353;0;-2.22665;-21.5417;9.32689;-8.50258
-0.359762;0.174846;0;-2.23919;-21.6645;9.37934;-8.5504
-0.361931;0.170312;0;-2.25172;-21.7874;9.43181;-8.59823
-0.364042;0.16575;0;-2.26426;-21.9102;9.48428;-8.64607
-0.366096;0.161163;0;-2.27679;-22.0331;9.53676;-8.6939
-0.368093;0.156549;0;-2.28932;-22.1559;9.58922;-8.74173
-0.370031;0.151912;0;-2.30185;-22.2786;9.64166;-8.78953
-0.371911;0.14725;0;-2.31437;-22.4013;9.69408;-8.83732
-0.373732;0.142565;0;-2.32689;-22.5239;9.74646;-8.88507
-0.375494;0.137857;0;-2.33939;-22.6464;9.7988;-8.93278
-0.377196;0.133128;0;-2.35152;-22.765;9.84958;-8.97907
-0.378839;0.128377;0;-2.35997;-22.8477;9.88497;-9.01134
-0.380423;0.123607;0;-2.36779;-22.9244;9.9177;-9.04118
-0.381946;0.118817;0;-2.37562;-23.0012;9.95046;-9.07104
-0.383409;0.114008;0;-2.38345;-23.0781;9.98323;-9.10092
-0.384811;0.109181;0;-2.39128;-23.155;10.016;-9.1308
-0.386153;0.104337;0;-2.39912;-23.2318;10.0488;-9.1607
-0.387433;0.099476;0;-2.40695;-23.3087;10.0816;-9.19059
-0.388653;0.0945996;0;-2.41479;-23.3856;10.1144;-9.22048
-0.389811;0.0897083;0;-2.42262;-23.4624;10.1472;-9.25036
-0.390907;0.0848028;0;-2.43045;-23.5392;10.1799;-9.28023
-0.391942;0.079884;0;-2.43827;-23.616;10.2127;-9.31008
-0.392915;0.0749525;0;-2.44609;-23.6927;10.2454;-9.33991
-0.393826;0.0700092;0;-2.4539;-23.7693;10.2781;-9.36971
-0.394674;0.0650549;0;-2.46164;-23.8452;10.3105;-9.39924
-0.395461;0.0600902;0;-2.46472;-23.8754;10.3233;-9.41096
-0.396185;0.0551161;0;-2.4673;-23.9007;10.3342;-9.42082
-0.396846;0.0501333;0;-2.46989;-23.926;10.345;-9.43069
-0.397445;0.0451426;0;-2.47247;-23.9513;10.3558;-9.44056
-0.39798;0.0401447;0;-2.47506;-23.9766;10.3666;-9.45042
-0.398453;0.0351405;0;-2.47758;-24.0011;10.3772;-9.46004
-0.398864;0.0301307;0;-2.48003;-24.0251;10.3874;-9.46937
-0.399211;0.0251162;0;-2.48246;-24.0489;10.3975;-9.47862
-0.399495;0.0200977;0;-2.48489;-24.0728;10.4077;-9.48786
-0.399716;0.0150761;0;-2.48731;-24.0966;10.4178;-9.49709
-0.399874;0.010052;0;-2.48973;-24.1204;10.4279;-9.50631
-0.399968;0.00502642;0;-2.49215;-24.1442;10.438;-9.51551
-0.4;4.89859e-17;0;-2.49456;-24.1679;10.4481;-9.52471
-0.399968;-0.00502642;0;-2.49289;-24.1513;10.4411;-9.51833
-0.399874;-0.010052;0;-2.49035;-24.1262;10.4305;-9.50864
-0.399716;-0.0150761;0;-2.48781;-24.101;10.4198;-9.49894
-0.399495;-0.0200977;0;-2.48527;-24.0758;10.4092;-9.48922
-0.399211;-0.0251162;0;-2.48272;-24.0506;10.3985;-9.47949
-0.398864;-0.0301307;0;-2.48017;-24.0254;10.3878;-9.46975
-0.398453;-0.0351405;0;-2.47762;-24.0002;10.3771;-9.46001
-0.39798;-0.0401447;0;-2.47506;-23.9749;10.3664;-9.45026
-0.397445;-0.0451426;0;-2.47251;-23.9497;10.3557;-9.4405
-0.396846;-0.0501333;0;-2.46995;-23.9245;10.345;-9.43074
-0.396185;-0.0551161;0;-2.4674;-23.8992;10.3343;-9.42098
-0.395461;-0.0600902;0;-2.46484;-23.874;10.3236;-9.41122
-0.394674;-0.0650549;0;-2.46228;-23.8487;10.3129;-9.40142
-0.393826;-0.0700092;0;-2.45473;-23.7745;10.2813;-9.37262
-0.392915;-0.0749525;0;-2.447;-23.6984;10.2489;-9.34308
-0.391942;-0.079884;0;-2.43925;-23.6223;10.2164;-9.31351
-0.390907;-0.0848028;0;-2.43151;-23.5461;10.184;-9.28392
-0.389811;-0.0897083;0;-2.42375;-23.4699;10.1515;-9.25432
-0.388653;-0.0945996;0;-2.41599;-23.3937;10.119;-9.2247
-0.387433;-0.099476;0;-2.40823;-23.3174;10.0865;-9.19507
-0.386153;-0.104337;0;-2.40047;-23.2411;10.054;-9.16543
-0.384811;-0.109181;0;-2.39271;-23.1649;10.0215;-9.1358
-0.383409;-0.114008;0;-2.38495;-23.0886;9.98899;-9.10617
-0.381946;-0.118817;0;-2.3772;-23.0124;9.9565;-9.07655
-0.380423;-0.123607;0;-2.36944;-22.9363;9.92402;-9.04694
-0.378839;-0.128377;0;-2.3613;-22.8562;9.88994;-9.01587
-0.377196;-0.133128;0;-2.34971;-22.7421;9.84144;-8.97166
-0.375494;-0.137857;0;-2.33812;-22.6278;9.7929;-8.92741
-0.373732;-0.142565;0;-2.32651;-22.5135;9.74434;-8.88314
-0.371911;-0.14725;0;-2.31378;-22.3893;9.69098;-8.8345
-0.370031;-0.151912;0;-2.30089;-22.2635;9.63696;-8.78525
-0.368093;-0.156549;0;-2.288;-22.1376;9.58291;-8.73598
-0.366096;-0.161163;0;-2.2751;-22.0117;9.52883;-8.68668
-0.364042;-0.16575;0;-2.2622;-21.8857;9.47475;-8.63737
-0.361931;-0.170312;0;-2.24929;-21.7597;9.42066;-8.58806
-0.359762;-0.174846;0;-2.23639;-21.6337;9.36657;-8.53876
-0.357537;-0.179353;0;-2.22349;-21.5077;9.3125;-8.48946
-0.355255;-0.183832;0;-2.20901;-21.3662;9.25188;-8.4342
-0.352916;-0.188282;0;-2.19419;-21.2213;9.18985;-8.37766
-0.350523;-0.192701;0;-2.1787;-21.0695;9.12502;-8.31855
-0.348074;-0.197091;0;-2.16229;-20.9086;9.05638;-8.25598
-0.345569;-0.201449;0;-2.14588;-20.7476;8.98771;-8.19338
-0.343011;-0.205776;0;-2.12947;-20.5866;8.91902;-8.13076
-0.340398;-0.21007;0;-2.11305;-20.4255;8.85032;-8.06813
-0.337731;-0.214331;0;-2.09663;-20.2644;8.78161;-8.0055
-0.335011;-0.218558;0;-2.08022;-20.1034;8.71292;-7.94287
-0.332238;-0.22275;0;-2.06381;-19.9423;8.64424;-7.88027
-0.329413;-0.226908;0;-2.04741;-19.7814;8.5756;-7.81769
-0.326536;-0.231029;0;-2.03049;-19.6159;8.50475;-7.75311
-0.323607;-0.235114;0;-2.01334;-19.4483;8.43292;-7.68762
-0.320627;-0.239162;0;-1.9962;-19.2808;8.36112;-7.62217
-0.317596;-0.243172;0;-1.97902;-19.113;8.28917;-7.55658
-0.314515;-0.247144;0;-1.9592;-18.9189;8.20618;-7.48092
-0.311385;-0.251077;0;-1.93813;-18.7138;8.11792;-7.40046
-0.308205;-0.25497;0;-1.91704;-18.5086;8.02959;-7.31993
-0.304977;-0.258822;0;-1.89594;-18.3032;7.9412;-7.23936
-0.301701;-0.262634;0;-1.87483;-18.0978;7.85276;-7.15874
-0.298376;-0.266405;0;-1.85371;-17.8922;7.76429;-7.07809
-0.295005;-0.270133;0;-1.83259;-17.6867;7.67581;-6.99742
-0.291587;-0.273819;0;-1.81146;-17.4811;7.58732;-6.91676
-0.288124;-0.277461;0;-1.79034;-17.2756;7.49884;-6.8361
-0.284614;-0.28106;0;-1.76922;-17.0701;7.41039;-6.75546
-0.28106;-0.284614;0;-1.74811;-16.8647;7.32197;-6.67486
-0.277461;-0.288124;0;-1.72605;-16.6492;7.2296;-6.59065
-0.273819;-0.291587;0;-1.70349;-16.4289;7.13517;-6.50456
-0.270133;-0.295005;0;-1.67987;-16.1997;7.03625;-6.41439
-0.266405;-0.298376;0;-1.65571;-15.9653;6.93506;-6.32214
-0.262634;-0.301701;0;-1.63154;-15.7307;6.83382;-6.22985
-0.258822;-0.304977;0;-1.60736;-15.4961;6.73254;-6.13752
-0.25497;-0.308205;0;-1.58317;-15.2614;6.63125;-6.04518
-0.251077;-0.311385;0;-1.55899;-15.0268;6.52995;-5.95283
-0.247144;-0.314515;0;-1.53481;-14.7922;6.42866;-5.8605
-0.243172;-0.317596;0;-1.51063;-14.5576;6.32741;-5.7682
-0.239162;-0.320627;0;-1.48647;-14.3231;6.2262;-5.67593
-0.235114;-0.323607;0;-1.46232;-14.0888;6.12505;-5.58372
-0.231029;-0.326536;0;-1.43818;-13.8547;6.02398;-5.49159
-0.226908;-0.329413;0;-1.41345;-13.6145;5.92041;-5.39717
-0.22275;-0.332238;0;-1.38717;-13.359;5.81033;-5.29682
-0.218558;-0.335011;0;-1.36036;-13.0997;5.69802;-5.19443
-0.214331;-0.337731;0;-1.33329;-12.838;5.58462;-5.09105
-0.21007;-0.340398;0;-1.3062;-12.5761;5.47116;-4.98762
-0.205776;-0.343011;0;-1.27911;-12.3141;5.35766;-4.88415
-0.201449;-0.345569;0;-1.25201;-12.0521;5.24414;-4.78067
-0.197091;-0.348074;0;-1.22491;-11.79;5.13062;-4.67718
-0.192701;-0.350523;0;-1.19781;-11.5281;5.01711;-4.5737
-0.188282;-0.352916;0;-1.17072;-11.2661;4.90363;-4.47025
-0.183832;-0.355255;0;-1.14364;-11.0043;4.7902;-4.36684
-0.179353;-0.357537;0;-1.11658;-10.7427;4.67684;-4.2635
-0.174846;-0.359762;0;-1.08954;-10.4813;4.56356;-4.16024
-0.170312;-0.361931;0;-1.0615;-10.2094;4.44612;-4.05317
-0.16575;-0.364042;0;-1.03254;-9.93011;4.3248;-3.94258
-0.161163;-0.366096;0;-1.00329;-9.64805;4.20225;-3.83085
-0.156549;-0.368093;0;-0.974013;-9.36582;4.07961;-3.71905
-0.151912;-0.370031;0;-0.944725;-9.08344;3.95691;-3.6072
-0.14725;-0.371911;0;-0.915428;-8.80098;3.83417;-3.49531
-0.142565;-0.373732;0;-0.886126;-8.51847;3.71141;-3.3834
-0.137857;-0.375494;0;-0.856824;-8.23595;3.58865;-3.27149
-0.133128;-0.377196;0;-0.827526;-7.95348;3.46591;-3.1596
-0.128377;-0.378839;0;-0.798236;-7.67109;3.34321;-3.04773
-0.123607;-0.380423;0;-0.76896;-7.38884;3.22056;-2.93592
-0.118817;-0.381946;0;-0.739703;-7.10676;3.09798;-2.82418
-0.114008;-0.383409;0;-0.710467;-6.8249;2.9755;-2.71253
-0.109181;-0.384811;0;-0.681289;-6.54355;2.85326;-2.60109
-0.104337;-0.386153;0;-0.65072;-6.24909;2.72519;-2.48434
-0.099476;-0.387433;0;-0.620085;-5.95425;2.59684;-2.36733
-0.0945996;-0.388653;0;-0.589433;-5.65926;2.46842;-2.25026
-0.0897083;-0.389811;0;-0.558769;-5.36414;2.33994;-2.13314
-0.0848028;-0.390907;0;-0.528119;-5.06919;2.21153;-2.01608
-0.079884;-0.391942;0;-0.497414;-4.77372;2.08288;-1.8988
-0.0749525;-0.392915;0;-0.466688;-4.47806;1.95415;-1.78144
-0.0700092;-0.393826;0;-0.435967;-4.18244;1.82543;-1.6641
-0.0650549;-0.394674;0;-0.405255;-3.88691;1.69675;-1.54679
-0.0600902;-0.395461;0;-0.374558;-3.59152;1.56813;-1.42954
-0.0551161;-0.396185;0;-0.343879;-3.29631;1.4396;-1.31237
-0.0501333;-0.396846;0;-0.312912;-2.99872;1.30986;-1.19409
-0.0451426;-0.397445;0;-0.281666;-2.69825;1.17895;-1.07475
-0.0401447;-0.39798;0;-0.250403;-2.39761;1.04796;-0.955343
-0.0351405;-0.398453;0;-0.219128;-2.09684;0.916923;-0.835886
-0.0301307;-0.398864;0;-0.187895;-1.79653;0.786065;-0.716593
-0.0251162;-0.399211;0;-0.15659;-1.49549;0.654901;-0.597021
-0.0200977;-0.399495;0;-0.125282;-1.19443;0.523728;-0.477441
-0.0150761;-0.399716;0;-0.0939772;-0.893397;0.392567;-0.357872
-0.010052;-0.399874;0;-0.0626801;-0.592438;0.261438;-0.238333
-0.00502642;-0.399968;0;-0.0313958;-0.291602;0.130363;-0.118842
-7.34788e-17;-0.4;0;-0.00012917;0.00906527;-0.000637397;0.000581064
0.00502642;-0.399968;0;0.0308924;0.30732;-0.13061;0.119067
0.010052;-0.399874;0;0.0620397;0.606653;-0.261107;0.238031
0.0150761;-0.399716;0;0.093213;0.906235;-0.391713;0.357093
0.0200977;-0.399495;0;0.124407;1.20602;-0.522406;0.476236
0.0251162;-0.399211;0;0.155618;1.50596;-0.653168;0.595441
0.0301307;-0.398864;0;0.186839;1.80601;-0.783975;0.714688
0.0351405;-0.398453;0;0.218067;2.10612;-0.914809;0.833959
0.0401447;-0.39798;0;0.249296;2.40624;-1.04565;0.953235
0.0451426;-0.397445;0;0.280522;2.70633;-1.17647;1.0725
0.0501333;-0.396846;0;0.311739;3.00633;-1.30726;1.19173
0.0551161;-0.396185;0;0.342797;3.30622;-1.43736;1.31032
0.0600902;-0.395461;0;0.373964;3.60718;-1.56791;1.42934
0.0650549;-0.394674;0;0.404305;3.89957;-1.69502;1.54521
0.0700092;-0.393826;0;0.435129;4.19659;-1.82415;1.66293
0.0749525;-0.392915;0;0.465956;4.49364;-1.95329;1.78066
0.079884;-0.391942;0;0.496781;4.79067;-2.08242;1.89838
0.0848028;-0.390907;0;0.526935;5.08116;-2.20874;2.01353
0.0897083;-0.389811;0;0.55733;5.37375;-2.33605;2.12959
0.0945996;-0.388653;0;0.587732;5.66642;-2.4634;2.24568
0.099476;-0.387433;0;0.618138;5.95911;-2.59076;2.36179
0.104337;-0.386153;0;0.648542;6.25179;-2.71811;2.47789
0.109181;-0.384811;0;0.67894;6.54441;-2.84544;2.59396
0.114008;-0.383409;0;0.709327;6.83692;-2.97272;2.70999
0.118817;-0.381946;0;0.738351;7.11678;-3.09429;2.82082
0.123607;-0.380423;0;0.767709;7.40014;-3.21726;2.93292
0.128377;-0.378839;0;0.797081;7.68364;-3.3403;3.04508
0.133128;-0.377196;0;0.826465;7.96725;-3.46338;3.15729
0.137857;-0.375494;0;0.855855;8.25092;-3.58648;3.26951
0.142565;-0.373732;0;0.885246;8.5346;-3.7096;3.38174
0.14725;-0.371911;0;0.914634;8.81825;-3.83269;3.49396
0.151912;-0.370031;0;0.944014;9.10182;-3.95576;3.60615
0.156549;-0.368093;0;0.973382;9.38527;-4.07877;3.71829
0.161163;-0.366096;0;1.00273;9.66855;-4.20172;3.83037
0.16575;-0.364042;0;1.03206;9.95162;-4.32457;3.94237
0.170312;-0.361931;0;1.06088;10.2295;-4.44525;4.05238
0.174846;-0.359762;0;1.08889;10.4997;-4.56254;4.15931
0.179353;-0.357537;0;1.11606;10.7629;-4.67634;4.26305
0.183832;-0.355255;0;1.14326;11.0263;-4.79021;4.36685
0.188282;-0.352916;0;1.17046;11.2898;-4.90414;4.47071
0.192701;-0.350523;0;1.19768;11.5533;-5.01811;4.57461
0.197091;-0.348074;0;1.2249;11.8169;-5.13209;4.67852
0.201449;-0.345569;0;1.25212;12.0806;-5.24609;4.78244
0.205776;-0.343011;0;1.27934;12.3442;-5.36006;4.88634
0.21007;-0.340398;0;1.30655;12.6077;-5.47401;4.99022
0.214331;-0.337731;0;1.33375;12.8711;-5.5879;5.09404
0.218558;-0.335011;0;1.36093;13.1343;-5.70172;5.19781
0.22275;-0.332238;0;1.38809;13.3973;-5.81546;5.30149
0.226908;-0.329413;0;1.41413;13.6491;-5.92449;5.40089
0.231029;-0.326536;0;1.4384;13.8852;-6.0261;5.49351
0.235114;-0.323607;0;1.4627;14.1215;-6.12778;5.58621
0.239162;-0.320627;0;1.487;14.3579;-6.22954;5.67897
0.243172;-0.317596;0;1.51133;14.5945;-6.33135;5.77178
0.247144;-0.314515;0;1.53566;14.8312;-6.43319;5.86463
0.251077;-0.311385;0;1.55999;15.0679;-6.53505;5.95749
0.25497;-0.308205;0;1.58432;15.3046;-6.63692;6.05035
0.258822;-0.304977;0;1.60866;15.5413;-6.73877;6.1432
0.262634;-0.301701;0;1.63298;15.7779;-6.84059;6.23603
0.266405;-0.298376;0;1.6573;16.0144;-6.94237;6.32881
0.270133;-0.295005;0;1.6816;16.2507;-7.04409;6.42154
0.273819;-0.291587;0;1.70588;16.4869;-7.14574;6.5142
0.277461;-0.288124;0;1.72971;16.7187;-7.24549;6.60513
0.28106;-0.284614;0;1.75113;16.9277;-7.33512;6.68684
0.284614;-0.28106;0;1.77204;17.1321;-7.42262;6.76661
0.288124;-0.277461;0;1.79296;17.3366;-7.51016;6.84641
0.291587;-0.273819;0;1.81389;17.5411;-7.59773;6.92625
0.295005;-0.270133;0;1.83483;17.7457;-7.68533;7.0061
0.298376;-0.266405;0;1.85576;17.9503;-7.77292;7.08595
0.301701;-0.262634;0;1.87669;18.1549;-7.86051;7.1658
0.304977;-0.258822;0;1.89762;18.3594;-7.94807;7.24563
0.308205;-0.25497;0;1.91854;18.5639;-8.0356;7.32542
0.311385;-0.251077;0;1.93944;18.7682;-8.12307;7.40516
0.314515;-0.247144;0;1.96034;18.9723;-8.21048;7.48485
0.317596;-0.243172;0;1.98052;19.1692;-8.29495;7.56184
0.320627;-0.239162;0;1.99742;19.3352;-8.36563;7.62628
0.323607;-0.235114;0;2.01433;19.5013;-8.43637;7.69077
0.326536;-0.231029;0;2.03126;19.6675;-8.50716;7.7553
0.329413;-0.226908;0;2.04819;19.8337;-8.57798;7.81986
0.332238;-0.22275;0;2.06513;20;-8.64883;7.88445
0.335011;-0.218558;0;2.08207;20.1664;-8.71969;7.94905
0.337731;-0.214331;0;2.09901;20.3328;-8.79056;8.01365
0.340398;-0.21007;0;2.11596;20.4991;-8.86142;8.07825
0.343011;-0.205776;0;2.13289;20.6654;-8.93225;8.14282
0.345569;-0.201449;0;2.14982;20.8316;-9.00306;8.20737
0.348074;-0.197091;0;2.16674;20.9977;-9.07383;8.27189
0.350523;-0.192701;0;2.18365;21.1637;-9.14454;8.33635
0.352916;-0.188282;0;2.20054;21.3295;-9.21519;8.40075
0.355255;-0.183832;0;2.21525;21.4739;-9.27672;8.45685
0.357537;-0.179353;0;2.2278;21.5972;-9.32924;8.50472
0.359762;-0.174846;0;2.24036;21.7205;-9.38178;8.55262
0.361931;-0.170312;0;2.25237;21.8384;-9.43202;8.59842
0.364042;-0.16575;0;2.2643;21.9559;-9.4819;8.6439
0.366096;-0.161163;0;2.27623;22.0733;-9.53181;8.68939
0.368093;-0.156549;0;2.28817;22.1908;-9.58171;8.73489
0.370031;-0.151912;0;2.3001;22.3083;-9.63162;8.78038
0.371911;-0.14725;0;2.31203;22.4258;-9.68151;8.82587
0.373732;-0.142565;0;2.32396;22.5432;-9.73139;8.87133
0.375494;-0.137857;0;2.33588;22.6606;-9.78124;8.91678
0.377196;-0.133128;0;2.3478;22.778;-9.83106;8.96219
0.378839;-0.128377;0;2.35964;22.8946;-9.88061;9.00737
0.380423;-0.123607;0;2.37031;22.9995;-9.92526;9.04807
0.381946;-0.118817;0;2.37799;23.0741;-9.95751;9.07747
0.383409;-0.114008;0;2.38568;23.1487;-9.98978;9.10689
0.384811;-0.109181;0;2.39337;23.2233;-10.0221;9.13631
0.386153;-0.104337;0;2.40067;23.2946;-10.0527;9.16424
0.387433;-0.099476;0;2.40727;23.3591;-10.0803;9.18942
0.388653;-0.0945996;0;2.41386;23.4236;-10.1079;9.2146
0.389811;-0.0897083;0;2.42046;23.4882;-10.1356;9.23979
0.390907;-0.0848028;0;2.42706;23.5527;-10.1632;9.26498
0.391942;-0.079884;0;2.43365;23.6172;-10.1908;9.29017
0.392915;-0.0749525;0;2.44025;23.6817;-10.2184;9.31534
0.393826;-0.0700092;0;2.44684;23.7462;-10.2461;9.34051
0.394674;-0.0650549;0;2.45343;23.8106;-10.2736;9.36566
0.395461;-0.0600902;0;2.46001;23.875;-10.3012;9.3908
0.396185;-0.0551161;0;2.46397;23.9123;-10.3179;9.40603
0.396846;-0.0501333;0;2.4669;23.939;-10.3304;9.41739
0.397445;-0.0451426;0;2.46984;23.9657;-10.3429;9.42876
0.39798;-0.0401447;0;2.4719;23.9839;-10.3516;9.43677
0.398453;-0.0351405;0;2.47323;23.9953;-10.3574;9.442
0.398864;-0.0301307;0;2.47457;24.0068;-10.3631;9.44723
0.399211;-0.0251162;0;2.47591;24.0182;-10.3689;9.45246
0.399495;-0.0200977;0;2.47725;24.0296;-10.3746;9.45769
0.399716;-0.0150761;0;2.47858;24.0411;-10.3803;9.46293
0.399874;-0.010052;0;2.47992;24.0525;-10.3861;9.46816
0.399968;-0.00502642;0;2.48126;24.0639;-10.3918;9.47339
