0.4;0;0;2.36218;23.0086;-10.3975;9.47853
0.399968;0.00502642;0;2.36082;22.9953;-10.3915;9.47309
0.399874;0.010052;0;2.35944;22.9818;-10.3854;9.46754
0.399716;0.0150761;0;2.35806;22.9683;-10.3793;9.46199
0.399495;0.0200977;0;2.35668;22.9548;-10.3732;9.45644
0.399211;0.0251162;0;2.3553;22.9413;-10.3671;9.45089
0.398864;0.0301307;0;2.35392;22.9278;-10.361;9.44534
0.398453;0.0351405;0;2.35254;22.9143;-10.355;9.43979
0.39798;0.0401447;0;2.35116;22.9008;-10.3489;9.43425
0.397445;0.0451426;0;2.34862;22.8759;-10.3377;9.42406
0.396846;0.0501333;0;2.34547;22.8449;-10.3238;9.41143
0.396185;0.0551161;0;2.34233;22.8139;-10.31;9.3988
0.395461;0.0600902;0;2.33918;22.7829;-10.2961;9.38617
0.394674;0.0650549;0;2.33354;22.7272;-10.2713;9.36354
0.393826;0.0700092;0;2.32737;22.6662;-10.2442;9.33879
0.392915;0.0749525;0;2.32119;22.6052;-10.217;9.31402
0.391942;0.079884;0;2.31501;22.5442;-10.1898;9.28924
0.390907;0.0848028;0;2.30883;22.4832;-10.1626;9.26445
0.389811;0.0897083;0;2.30265;22.4221;-10.1354;9.23966
0.388653;0.0945996;0;2.29647;22.361;-10.1082;9.21487
0.387433;0.099476;0;2.29029;22.3;-10.081;9.19008
0.386153;0.104337;0;2.28377;22.2356;-10.0524;9.16394
0.384811;0.109181;0;2.27616;22.1604;-10.0189;9.13341
0.383409;0.114008;0;2.26854;22.0852;-9.98538;9.10287
0.381946;0.118817;0;2.26093;22.01;-9.95189;9.07235
0.380423;0.123607;0;2.25332;21.9349;-9.91841;9.04183
0.378839;0.128377;0;2.24342;21.8372;-9.87486;9.00212
0.377196;0.133128;0;2.23204;21.7249;-9.82477;8.95646
0.375494;0.137857;0;2.2207;21.613;-9.7749;8.911
0.373732;0.142565;0;2.20936;21.5012;-9.72504;8.86554
0.371911;0.14725;0;2.19802;21.3892;-9.67515;8.82006
0.370031;0.151912;0;2.18668;21.2772;-9.62524;8.77457
0.368093;0.156549;0;2.17533;21.1653;-9.57532;8.72906
0.366096;0.161163;0;2.16398;21.0533;-9.52541;8.68356
0.364042;0.16575;0;2.15264;20.9413;-9.4755;8.63806
0.361931;0.170312;0;2.14129;20.8293;-9.4256;8.59257
0.359762;0.174846;0;2.12996;20.7174;-9.37573;8.5471
0.357537;0.179353;0;2.11863;20.6056;-9.32588;8.50167
0.355255;0.183832;0;2.1073;20.4939;-9.27608;8.45626
0.352916;0.188282;0;2.09361;20.359;-9.21582;8.40133
0.350523;0.192701;0;2.07757;20.2012;-9.14527;8.33702
0.348074;0.197091;0;2.06152;20.0434;-9.07466;8.27265
0.345569;0.201449;0;2.04546;19.8854;-9.004;8.20823
0.343011;0.205776;0;2.02939;19.7273;-8.93329;8.14377
0.340398;0.21007;0;2.01331;19.5692;-8.86256;8.07929
0.337731;0.214331;0;1.99723;19.411;-8.7918;8.01479
0.335011;0.218558;0;1.98114;19.2528;-8.72104;7.95028
0.332238;0.22275;0;1.96506;19.0946;-8.65028;7.88577
0.329413;0.226908;0;1.94898;18.9364;-8.57953;7.82128
0.326536;0.231029;0;1.9329;18.7783;-8.50881;7.75681
0.323607;0.235114;0;1.91682;18.6201;-8.43804;7.69229
0.320627;0.239162;0;1.90068;18.4614;-8.36706;7.62759
0.317596;0.243172;0;1.88456;18.3029;-8.29614;7.56293
0.314515;0.247144;0;1.86613;18.122;-8.21503;7.48899
0.311385;0.251077;0;1.84629;17.9277;-8.12775;7.40943
0.308205;0.25497;0;1.82645;17.7332;-8.04041;7.3298
0.304977;0.258822;0;1.80657;17.5385;-7.95297;7.25009
0.301701;0.262634;0;1.78667;17.3436;-7.8654;7.17026
0.298376;0.266405;0;1.76675;17.1484;-7.77775;7.09036
0.295005;0.270133;0;1.74681;16.953;-7.69;7.01036
0.291587;0.273819;0;1.72687;16.7576;-7.60224;6.93036
0.288124;0.277461;0;1.70693;16.5622;-7.5145;6.85037
0.284614;0.28106;0;1.68699;16.367;-7.42679;6.77041
0.28106;0.284614;0;1.66707;16.1718;-7.33912;6.69049
0.277461;0.288124;0;1.64684;15.9736;-7.25009;6.60933
0.273819;0.291587;0;1.62378;15.7486;-7.14859;6.5168
0.270133;0.295005;0;1.60069;15.5234;-7.047;6.42419
0.266405;0.298376;0;1.57759;15.2979;-6.94533;6.3315
0.262634;0.301701;0;1.55448;15.0724;-6.8436;6.23876
0.258822;0.304977;0;1.53135;14.8467;-6.74182;6.14598
0.25497;0.308205;0;1.50822;14.621;-6.64002;6.05318
0.251077;0.311385;0;1.48508;14.3952;-6.53816;5.96032
0.247144;0.314515;0;1.46193;14.1693;-6.43629;5.86745
0.243172;0.317596;0;1.43877;13.9432;-6.33433;5.77451
0.239162;0.320627;0;1.41561;13.7173;-6.23241;5.68159
0.235114;0.323607;0;1.39246;13.4914;-6.13054;5.58873
0.231029;0.326536;0;1.36933;13.2657;-6.02873;5.49592
0.226908;0.329413;0;1.34621;13.0401;-5.92701;5.40318
0.22275;0.332238;0;1.32167;12.8011;-5.81898;5.30471
0.218558;0.335011;0;1.29582;12.5499;-5.7052;5.20098
0.214331;0.337731;0;1.26996;12.2984;-5.59133;5.09717
0.21007;0.340398;0;1.24407;12.0468;-5.47739;4.9933
0.205776;0.343011;0;1.21818;11.7951;-5.3634;4.88939
0.201449;0.345569;0;1.19227;11.5433;-5.24938;4.78544
0.197091;0.348074;0;1.16636;11.2914;-5.13533;4.68148
0.192701;0.350523;0;1.14046;11.0396;-5.02129;4.57751
0.188282;0.352916;0;1.11455;10.7878;-4.90727;4.47357
0.183832;0.355255;0;1.08866;10.5361;-4.79329;4.36966
0.179353;0.357537;0;1.06278;10.2845;-4.67936;4.2658
0.174846;0.359762;0;1.03691;10.0331;-4.56551;4.16201
0.170312;0.361931;0;1.01072;9.77857;-4.45019;4.05688
0.16575;0.364042;0;0.982772;9.50769;-4.32716;3.94472
0.161163;0.366096;0;0.954689;9.23549;-4.20352;3.83202
0.156549;0.368093;0;0.926578;8.96301;-4.07976;3.7192
0.151912;0.370031;0;0.898444;8.6903;-3.9559;3.60628
0.14725;0.371911;0;0.870289;8.4174;-3.83195;3.49329
0.142565;0.373732;0;0.84212;8.14435;-3.70794;3.38023
0.137857;0.375494;0;0.81394;7.87121;-3.58387;3.26713
0.133128;0.377196;0;0.785753;7.598;-3.45978;3.15401
0.128377;0.378839;0;0.757565;7.32477;-3.33569;3.04088
0.123607;0.380423;0;0.72938;7.05157;-3.2116;2.92776
0.118817;0.381946;0;0.701886;6.78534;-3.09056;2.81741
0.114008;0.383409;0;0.673029;6.50621;-2.9635;2.70159
0.109181;0.384811;0;0.644159;6.22696;-2.83639;2.58571
0.104337;0.386153;0;0.615281;5.94763;-2.70924;2.4698
0.099476;0.387433;0;0.5864;5.66827;-2.58208;2.35388
0.0945996;0.388653;0;0.55752;5.38892;-2.45493;2.23796
0.0897083;0.389811;0;0.528645;5.10962;-2.3278;2.12207
0.0848028;0.390907;0;0.499781;4.83042;-2.20071;2.00621
0.079884;0.391942;0;0.470931;4.55136;-2.07369;1.89042
0.0749525;0.392915;0;0.442101;4.27249;-1.94675;1.7747
0.0700092;0.393826;0;0.413295;3.99385;-1.81992;1.65907
0.0650549;0.394674;0;0.384517;3.71549;-1.69321;1.54357
0.0600902;0.395461;0;0.355771;3.43744;-1.56665;1.42819
0.0551161;0.396185;0;0.327064;3.15976;-1.44025;1.31296
0.0501333;0.396846;0;0.297526;2.87434;-1.31019;1.1944
0.0451426;0.397445;0;0.267833;2.58746;-1.17945;1.07521
0.0401447;0.39798;0;0.238106;2.30024;-1.04856;0.955888
0.0351405;0.398453;0;0.208349;2.01275;-0.917538;0.836446
0.0301307;0.398864;0;0.178568;1.72501;-0.786408;0.716906
0.0251162;0.399211;0;0.148768;1.43709;-0.655192;0.597286
0.0200977;0.399495;0;0.118952;1.14902;-0.523908;0.477606
0.0150761;0.399716;0;0.0891255;0.860847;-0.392579;0.357883
0.010052;0.399874;0;0.0592935;0.57262;-0.261225;0.238138
0.00502642;0.399968;0;0.0294605;0.284384;-0.129866;0.118389
2.44929e-17;0.4;0;-0.000368753;-0.00381724;0.00147643;-0.00134594
-0.00502642;0.399968;0;-0.0301896;-0.291937;0.132782;-0.121047
-0.010052;0.399874;0;-0.0599974;-0.57993;0.264029;-0.240695
-0.0150761;0.399716;0;-0.0897873;-0.86775;0.395199;-0.360271
-0.0200977;0.399495;0;-0.119555;-1.15535;0.526268;-0.479757
-0.0251162;0.399211;0;-0.149295;-1.44269;0.657218;-0.599134
-0.0301307;0.398864;0;-0.179003;-1.72972;0.788028;-0.718382
-0.0351405;0.398453;0;-0.208425;-2.01397;0.917577;-0.836482
-0.0401447;0.39798;0;-0.237721;-2.29708;1.04657;-0.954072
-0.0451426;0.397445;0;-0.267021;-2.58036;1.17557;-1.07168
-0.0501333;0.396846;0;-0.296344;-2.86387;1.30468;-1.18938
-0.0551161;0.396185;0;-0.325686;-3.14757;1.43388;-1.30715
-0.0600902;0.395461;0;-0.355043;-3.4314;1.56313;-1.42499
-0.0650549;0.394674;0;-0.384409;-3.71532;1.69243;-1.54286
-0.0700092;0.393826;0;-0.41378;-3.9993;1.82175;-1.66075
-0.0749525;0.392915;0;-0.443151;-4.28327;1.95108;-1.77864
-0.079884;0.391942;0;-0.472518;-4.56721;2.08038;-1.89652
-0.0848028;0.390907;0;-0.501876;-4.85106;2.20965;-2.01436
-0.0897083;0.389811;0;-0.531221;-5.13478;2.33885;-2.13214
-0.0945996;0.388653;0;-0.560547;-5.41832;2.46797;-2.24986
-0.099476;0.387433;0;-0.589851;-5.70164;2.597;-2.36748
-0.104337;0.386153;0;-0.61875;-5.9811;2.72424;-2.48347
-0.109181;0.384811;0;-0.646928;-6.2539;2.84829;-2.59656
-0.114008;0.383409;0;-0.674881;-6.52478;2.97136;-2.70875
-0.118817;0.381946;0;-0.702856;-6.79586;3.09452;-2.82103
-0.123607;0.380423;0;-0.730848;-7.06712;3.21776;-2.93338
-0.128377;0.378839;0;-0.758853;-7.33849;3.34106;-3.04578
-0.133128;0.377196;0;-0.786867;-7.60995;3.46439;-3.15821
-0.137857;0.375494;0;-0.814884;-7.88144;3.58774;-3.27066
-0.142565;0.373732;0;-0.842901;-8.15293;3.71109;-3.3831
-0.14725;0.371911;0;-0.870913;-8.42437;3.83441;-3.49553
-0.151912;0.370031;0;-0.898799;-8.69457;3.95718;-3.60744
-0.156549;0.368093;0;-0.926694;-8.96487;4.07999;-3.7194
-0.161163;0.366096;0;-0.954575;-9.23502;4.20274;-3.8313
-0.16575;0.364042;0;-0.982436;-9.50498;4.3254;-3.94312
-0.170312;0.361931;0;-1.01027;-9.77472;4.44796;-4.05485
-0.174846;0.359762;0;-1.03704;-10.0344;4.56581;-4.16228
-0.179353;0.357537;0;-1.06275;-10.2843;4.67898;-4.26545
-0.183832;0.355255;0;-1.08848;-10.5344;4.79223;-4.3687
-0.188282;0.352916;0;-1.11422;-10.7846;4.90556;-4.47201
-0.192701;0.350523;0;-1.13998;-11.0349;5.01893;-4.57536
-0.197091;0.348074;0;-1.16574;-11.2853;5.13234;-4.67875
-0.201449;0.345569;0;-1.19151;-11.5357;5.24576;-4.78214
-0.205776;0.343011;0;-1.21727;-11.7862;5.35918;-4.88554
-0.21007;0.340398;0;-1.24303;-12.0365;5.47258;-4.98891
-0.214331;0.337731;0;-1.26879;-12.2868;5.58594;-5.09225
-0.218558;0.335011;0;-1.29452;-12.537;5.69924;-5.19554
-0.22275;0.332238;0;-1.31992;-12.784;5.81103;-5.29745
-0.226908;0.329413;0;-1.34495;-13.0277;5.9212;-5.39789
-0.231029;0.326536;0;-1.36775;-13.2501;6.02155;-5.48937
-0.235114;0.323607;0;-1.39086;-13.4756;6.12329;-5.58211
-0.239162;0.320627;0;-1.41399;-13.7012;6.22509;-5.67492
-0.243172;0.317596;0;-1.43714;-13.927;6.32695;-5.76778
-0.247144;0.314515;0;-1.46029;-14.1529;6.42884;-5.86066
-0.251077;0.311385;0;-1.48344;-14.3787;6.53075;-5.95357
-0.25497;0.308205;0;-1.5066;-14.6046;6.63267;-6.04648
-0.258822;0.304977;0;-1.52975;-14.8305;6.73457;-6.13937
-0.262634;0.301701;0;-1.5529;-15.0563;6.83644;-6.23224
-0.266405;0.298376;0;-1.57603;-15.282;6.93827;-6.32507
-0.270133;0.295005;0;-1.59916;-15.5076;7.04004;-6.41784
-0.273819;0.291587;0;-1.62226;-15.733;7.14173;-6.51054
-0.277461;0.288124;0;-1.64395;-15.9448;7.2372;-6.59758
-0.28106;0.284614;0;-1.66461;-16.1468;7.3281;-6.68044
-0.284614;0.28106;0;-1.68466;-16.3432;7.41633;-6.76088
-0.288124;0.277461;0;-1.70472;-16.5396;7.5046;-6.84135
-0.291587;0.273819;0;-1.72478;-16.7361;7.59289;-6.92184
-0.295005;0.270133;0;-1.74485;-16.9327;7.6812;-7.00234
-0.298376;0.266405;0;-1.76491;-17.1292;7.7695;-7.08284
-0.301701;0.262634;0;-1.78498;-17.3257;7.85779;-7.16332
-0.304977;0.258822;0;-1.80503;-17.5221;7.94605;-7.24378
-0.308205;0.25497;0;-1.82508;-17.7185;8.03426;-7.32419
-0.311385;0.251077;0;-1.84511;-17.9147;8.12241;-7.40456
-0.314515;0.247144;0;-1.86512;-18.1107;8.21049;-7.48485
-0.317596;0.243172;0;-1.88381;-18.2939;8.2927;-7.5598
-0.320627;0.239162;0;-1.89998;-18.4529;8.36385;-7.62466
-0.323607;0.235114;0;-1.91616;-18.612;8.43505;-7.68957
-0.326536;0.231029;0;-1.93235;-18.7712;8.5063;-7.75452
-0.329413;0.226908;0;-1.94855;-18.9305;8.57758;-7.8195
-0.332238;0.22275;0;-1.96476;-19.0898;8.64888;-7.8845
-0.335011;0.218558;0;-1.98097;-19.2491;8.72019;-7.9495
-0.337731;0.214331;0;-1.99692;-19.406;8.7904;-8.01351
-0.340398;0.21007;0;-2.01289;-19.563;8.86063;-8.07754
-0.343011;0.205776;0;-2.02885;-19.7199;8.93086;-8.14155
-0.345569;0.201449;0;-2.0448;-19.8767;9.00106;-8.20555
-0.348074;0.197091;0;-2.06075;-20.0335;9.07122;-8.26951
-0.350523;0.192701;0;-2.07668;-20.1902;9.14134;-8.33343
-0.352916;0.188282;0;-2.09261;-20.3467;9.21139;-8.3973
-0.355255;0.183832;0;-2.10698;-20.4881;9.27464;-8.45495
-0.357537;0.179353;0;-2.11886;-20.6052;9.32689;-8.50258
-0.359762;0.174846;0;-2.13078;-20.7228;9.37934;-8.5504
-0.361931;0.170312;0;-2.14271;-20.8405;9.43181;-8.59823
-0.364042;0.16575;0;-2.15464;-20.9581;9.48428;-8.64607
-0.366096;0.161163;0;-2.16656;-21.0758;9.53676;-8.6939
-0.368093;0.156549;0;-2.17849;-21.1934;9.58922;-8.74173
-0.370031;0.151912;0;-2.19041;-21.311;9.64166;-8.78953
-0.371911;0.14725;0;-2.20232;-21.4286;9.69408;-8.83732
-0.373732;0.142565;0;-2.21423;-21.546;9.74646;-8.88507
-0.375494;0.137857;0;-2.22613;-21.6634;9.7988;-8.93278
-0.377196;0.133128;0;-2.23767;-21.7772;9.84958;-8.97907
-0.378839;0.128377;0;-2.24572;-21.8567;9.88497;-9.01134
-0.380423;0.123607;0;-2.25316;-21.9303;9.9177;-9.04118
-0.381946;0.118817;0;-2.2606;-22.0039;9.95046;-9.07104
-0.383409;0.114008;0;-2.26805;-22.0776;9.98323;-9.10092
-0.384811;0.109181;0;-2.27551;-22.1513;10.016;-9.1308
-0.386153;0.104337;0;-2.28296;-22.225;10.0488;-9.1607
-0.387433;0.099476;0;-2.29042;-22.2987;10.0816;-9.19059
-0.388653;0.0945996;0;-2.29787;-22.3724;10.1144;-9.22048
-0.389811;0.0897083;0;-2.30532;-22.4461;10.1472;-9.25036
-0.390907;0.0848028;0;-2.31277;-22.5197;10.1799;-9.28023
-0.391942;0.079884;0;-2.32021;-22.5933;10.2127;-9.31008
-0.392915;0.0749525;0;-2.32765;-22.6669;10.2454;-9.33991
-0.393826;0.0700092;0;-2.33508;-22.7403;10.2781;-9.36971
-0.394674;0.0650549;0;-2.34245;-22.8131;10.3105;-9.39924
-0.395461;0.0600902;0;-2.34537;-22.842;10.3233;-9.41096
-0.396185;0.0551161;0;-2.34783;-22.8664;10.3342;-9.42082
-0.396846;0.0501333;0;-2.35029;-22.8908;10.345;-9.43069
-0.397445;0.0451426;0;-2.35275;-22.9151;10.3558;-9.44056
-0.39798;0.0401447;0;-2.35521;-22.9395;10.3666;-9.45042
-0.398453;0.0351405;0;-2.35761;-22.9632;10.3772;-9.46004
-0.398864;0.0301307;0;-2.35994;-22.9862;10.3874;-9.46937
-0.399211;0.0251162;0;-2.36224;-23.0091;10.3975;-9.47862
-0.399495;0.0200977;0;-2.36455;-23.0319;10.4077;-9.48786
-0.399716;0.0150761;0;-2.36685;-23.0547;10.4178;-9.49709
-0.399874;0.010052;0;-2.36915;-23.0774;10.4279;-9.50631
-0.399968;0.00502642;0;-2.37144;-23.1002;10.438;-9.51551
-0.4;4.89859e-17;0;-2.37374;-23.1229;10.4481;-9.52471
-0.399968;-0.00502642;0;-2.37215;-23.1071;10.4411;-9.51833
-0.399874;-0.010052;0;-2.36973;-23.0832;10.4305;-9.50864
-0.399716;-0.0150761;0;-2.36731;-23.0592;10.4198;-9.49894
-0.399495;-0.0200977;0;-2.36488;-23.0352;10.4092;-9.48922
-0.399211;-0.0251162;0;-2.36246;-23.0112;10.3985;-9.47949
-0.398864;-0.0301307;0;-2.36003;-22.9871;10.3878;-9.46975
-0.398453;-0.0351405;0;-2.3576;-22.963;10.3771;-9.46001
-0.39798;-0.0401447;0;-2.35517;-22.9389;10.3664;-9.45026
-0.397445;-0.0451426;0;-2.35273;-22.9149;10.3557;-9.4405
-0.396846;-0.0501333;0;-2.3503;-22.8907;10.345;-9.43074
-0.396185;-0.0551161;0;-2.34786;-22.8666;10.3343;-9.42098
-0.395461;-0.0600902;0;-2.34543;-22.8425;10.3236;-9.41122
-0.394674;-0.0650549;0;-2.34299;-22.8183;10.3129;-9.40142
-0.393826;-0.0700092;0;-2.3358;-22.7473;10.2813;-9.37262
-0.392915;-0.0749525;0;-2.32844;-22.6744;10.2489;-9.34308
-0.391942;-0.079884;0;-2.32106;-22.6015;10.2164;-9.31351
-0.390907;-0.0848028;0;-2.31368;-22.5286;10.184;-9.28392
-0.389811;-0.0897083;0;-2.3063;-22.4555;10.1515;-9.25432
-0.388653;-0.0945996;0;-2.29891;-22.3825;10.119;-9.2247
-0.387433;-0.099476;0;-2.29152;-22.3094;10.0865;-9.19507
-0.386153;-0.104337;0;-2.28413;-22.2363;10.054;-9.16543
-0.384811;-0.109181;0;-2.27674;-22.1632;10.0215;-9.1358
-0.383409;-0.114008;0;-2.26935;-22.0902;9.98899;-9.10617
-0.381946;-0.118817;0;-2.26197;-22.0171;9.9565;-9.07655
-0.380423;-0.123607;0;-2.25458;-21.9441;9.92402;-9.04694
-0.378839;-0.128377;0;-2.24683;-21.8675;9.88994;-9.01587
-0.377196;-0.133128;0;-2.23581;-21.7587;9.84144;-8.97166
-0.375494;-0.137857;0;-2.22478;-21.6499;9.7929;-8.92741
-0.373732;-0.142565;0;-2.21374;-21.5409;9.74434;-8.88314
-0.371911;-0.14725;0;-2.20161;-21.4213;9.69098;-8.8345
-0.370031;-0.151912;0;-2.18933;-21.3001;9.63696;-8.78525
-0.368093;-0.156549;0;-2.17704;-21.1789;9.58291;-8.73598
-0.366096;-0.161163;0;-2.16475;-21.0576;9.52883;-8.68668
-0.364042;-0.16575;0;-2.15245;-20.9363;9.47475;-8.63737
-0.361931;-0.170312;0;-2.14016;-20.815;9.42066;-8.58806
-0.359762;-0.174846;0;-2.12786;-20.6937;9.36657;-8.53876
-0.357537;-0.179353;0;-2.11557;-20.5724;9.3125;-8.48946
-0.355255;-0.183832;0;-2.10179;-20.4368;9.25188;-8.4342
-0.352916;-0.188282;0;-2.08769;-20.2981;9.18985;-8.37766
-0.350523;-0.192701;0;-2.07296;-20.1532;9.12502;-8.31855
-0.348074;-0.197091;0;-2.05736;-19.9998;9.05638;-8.25598
-0.345569;-0.201449;0;-2.04175;-19.8464;8.98771;-8.19338
-0.343011;-0.205776;0;-2.02614;-19.6929;8.91902;-8.13076
-0.340398;-0.21007;0;-2.01052;-19.5394;8.85032;-8.06813
-0.337731;-0.214331;0;-1.99491;-19.3859;8.78161;-8.0055
-0.335011;-0.218558;0;-1.97929;-19.2324;8.71292;-7.94287
-0.332238;-0.22275;0;-1.96368;-19.0789;8.64424;-7.88027
-0.329413;-0.226908;0;-1.94808;-18.9255;8.5756;-7.81769
-0.326536;-0.231029;0;-1.93198;-18.7671;8.50475;-7.75311
-0.323607;-0.235114;0;-1.91565;-18.6066;8.43292;-7.68762
-0.320627;-0.239162;0;-1.89934;-18.4461;8.36112;-7.62217
-0.317596;-0.243172;0;-1.88298;-18.2854;8.28917;-7.55658
-0.314515;-0.247144;0;-1.86412;-18.1004;8.20618;-7.48092
-0.311385;-0.251077;0;-1.84407;-17.904;8.11792;-7.40046
-0.308205;-0.25497;0;-1.82399;-17.7073;8.02959;-7.31993
-0.304977;-0.258822;0;-1.80391;-17.5106;7.9412;-7.23936
-0.301701;-0.262634;0;-1.78381;-17.3138;7.85276;-7.15874
-0.298376;-0.266405;0;-1.76371;-17.1168;7.76429;-7.07809
-0.295005;-0.270133;0;-1.7436;-16.9199;7.67581;-6.99742
-0.291587;-0.273819;0;-1.72349;-16.7229;7.58732;-6.91676
-0.288124;-0.277461;0;-1.70338;-16.526;7.49884;-6.8361
-0.284614;-0.28106;0;-1.68328;-16.3291;7.41039;-6.75546
-0.28106;-0.284614;0;-1.66319;-16.1323;7.32197;-6.67486
-0.277461;-0.288124;0;-1.6422;-15.9272;7.2296;-6.59065
-0.273819;-0.291587;0;-1.62074;-15.7175;7.13517;-6.50456
-0.270133;-0.295005;0;-1.59827;-15.4982;7.03625;-6.41439
-0.266405;-0.298376;0;-1.57528;-15.2739;6.93506;-6.32214
-0.262634;-0.301701;0;-1.55227;-15.0495;6.83382;-6.22985
-0.258822;-0.304977;0;-1.52926;-14.825;6.73254;-6.13752
-0.25497;-0.308205;0;-1.50625;-14.6005;6.63125;-6.04518
-0.251077;-0.311385;0;-1.48323;-14.3759;6.52995;-5.95283
-0.247144;-0.314515;0;-1.46022;-14.1514;6.42866;-5.8605
-0.243172;-0.317596;0;-1.43721;-13.927;6.32741;-5.7682
-0.239162;-0.320627;0;-1.41422;-13.7026;6.2262;-5.67593
-0.235114;-0.323607;0;-1.39124;-13.4784;6.12505;-5.58372
-0.231029;-0.326536;0;-1.36827;-13.2544;6.02398;-5.49159
-0.226908;-0.329413;0;-1.34474;-13.025;5.92041;-5.39717
-0.22275;-0.332238;0;-1.31973;-12.7815;5.81033;-5.29682
-0.218558;-0.335011;0;-1.29422;-12.5334;5.69802;-5.19443
-0.214331;-0.337731;0;-1.26846;-12.283;5.58462;-5.09105
-0.21007;-0.340398;0;-1.24268;-12.0325;5.47116;-4.98762
-0.205776;-0.343011;0;-1.2169;-11.7819;5.35766;-4.88415
-0.201449;-0.345569;0;-1.19111;-11.5312;5.24414;-4.78067
-0.197091;-0.348074;0;-1.16532;-11.2805;5.13062;-4.67718
-0.192701;-0.350523;0;-1.13954;-11.0299;5.01711;-4.5737
-0.188282;-0.352916;0;-1.11376;-10.7793;4.90363;-4.47025
-0.183832;-0.355255;0;-1.08799;-10.5288;4.7902;-4.36684
-0.179353;-0.357537;0;-1.06224;-10.2785;4.67684;-4.2635
-0.174846;-0.359762;0;-1.0365;-10.0284;4.56356;-4.16024
-0.170312;-0.361931;0;-1.00983;-9.76947;4.44612;-4.05317
-0.16575;-0.364042;0;-0.982271;-9.50242;4.3248;-3.94258
-0.161163;-0.366096;0;-0.954433;-9.23265;4.20225;-3.83085
-0.156549;-0.368093;0;-0.926577;-8.96271;4.07961;-3.71905
-0.151912;-0.370031;0;-0.898708;-8.69265;3.95691;-3.6072
-0.14725;-0.371911;0;-0.870829;-8.42249;3.83417;-3.49531
-0.142565;-0.373732;0;-0.842946;-8.15228;3.71141;-3.3834
-0.137857;-0.375494;0;-0.815062;-7.88207;3.58865;-3.27149
-0.133128;-0.377196;0;-0.787182;-7.6119;3.46591;-3.1596
-0.128377;-0.378839;0;-0.75931;-7.34182;3.34321;-3.04773
-0.123607;-0.380423;0;-0.731452;-7.07185;3.22056;-2.93592
-0.118817;-0.381946;0;-0.70361;-6.80205;3.09798;-2.82418
-0.114008;-0.383409;0;-0.675791;-6.53247;2.9755;-2.71253
-0.109181;-0.384811;0;-0.648025;-6.26341;2.85326;-2.60109
-0.104337;-0.386153;0;-0.618938;-5.98207;2.72519;-2.48434
-0.099476;-0.387433;0;-0.589786;-5.70015;2.59684;-2.36733
-0.0945996;-0.388653;0;-0.560619;-5.41808;2.46842;-2.25026
-0.0897083;-0.389811;0;-0.531441;-5.1359;2.33994;-2.13314
-0.0848028;-0.390907;0;-0.502275;-4.85385;2.21153;-2.01608
-0.079884;-0.391942;0;-0.473056;-4.57128;2.08288;-1.8988
-0.0749525;-0.392915;0;-0.443818;-4.28852;1.95415;-1.78144
-0.0700092;-0.393826;0;-0.414584;-4.00581;1.82543;-1.6641
-0.0650549;-0.394674;0;-0.385359;-3.72317;1.69675;-1.54679
-0.0600902;-0.395461;0;-0.356148;-3.44067;1.56813;-1.42954
-0.0551161;-0.396185;0;-0.326954;-3.15834;1.4396;-1.31237
-0.0501333;-0.396846;0;-0.297489;-2.87363;1.30986;-1.19409
-0.0451426;-0.397445;0;-0.267758;-2.58637;1.17895;-1.07475
-0.0401447;-0.39798;0;-0.23801;-2.29895;1.04796;-0.955343
-0.0351405;-0.398453;0;-0.208249;-2.01141;0.916923;-0.835886
-0.0301307;-0.398864;0;-0.17853;-1.72427;0.786065;-0.716593
-0.0251162;-0.399211;0;-0.148742;-1.43645;0.654901;-0.597021
-0.0200977;-0.399495;0;-0.118951;-1.14862;0.523728;-0.477441
-0.0150761;-0.399716;0;-0.0891632;-0.860809;0.392567;-0.357872
-0.010052;-0.399874;0;-0.0593827;-0.573073;0.261438;-0.238333
-0.00502642;-0.399968;0;-0.0296143;-0.285455;0.130363;-0.118842
-7.34788e-17;-0.4;0;0.000137201;0.00200157;-0.000637397;0.000581064
0.00502642;-0.399968;0;0.0296553;0.287201;-0.13061;0.119067
0.010052;-0.399874;0;0.0592926;0.573546;-0.261107;0.238031
0.0150761;-0.399716;0;0.0889546;0.86013;-0.391713;0.357093
0.0200977;-0.399495;0;0.118637;1.14691;-0.522406;0.476236
0.0251162;-0.399211;0;0.148334;1.43383;-0.653168;0.595441
0.0301307;-0.398864;0;0.178042;1.72086;-0.783975;0.714688
0.0351405;-0.398453;0;0.207756;2.00794;-0.914809;0.833959
0.0401447;-0.39798;0;0.237471;2.29504;-1.04565;0.953235
0.0451426;-0.397445;0;0.267182;2.5821;-1.17647;1.0725
0.0501333;-0.396846;0;0.296886;2.86909;-1.30726;1.19173
0.0551161;-0.396185;0;0.326431;3.15466;-1.43736;1.31032
0.0600902;-0.395461;0;0.356079;3.44123;-1.56791;1.42934
0.0650549;-0.394674;0;0.384948;3.72046;-1.69502;1.54521
0.0700092;-0.393826;0;0.414276;4.00414;-1.82415;1.66293
0.0749525;-0.392915;0;0.443606;4.28784;-1.95329;1.78066
0.079884;-0.391942;0;0.472935;4.57153;-2.08242;1.89838
0.0848028;-0.390907;0;0.501623;4.84901;-2.20874;2.01353
0.0897083;-0.389811;0;0.530539;5.12867;-2.33605;2.12959
0.0945996;-0.388653;0;0.559462;5.40841;-2.4634;2.24568
0.099476;-0.387433;0;0.588388;5.68817;-2.59076;2.36179
0.104337;-0.386153;0;0.617313;5.96792;-2.71811;2.47789
0.109181;-0.384811;0;0.646231;6.24761;-2.84544;2.59396
0.114008;-0.383409;0;0.67514;6.5272;-2.97272;2.70999
0.118817;-0.381946;0;0.702753;6.79461;-3.09429;2.82082
0.123607;-0.380423;0;0.730684;7.06531;-3.21726;2.93292
0.128377;-0.378839;0;0.75863;7.33616;-3.3403;3.04508
0.133128;-0.377196;0;0.786586;7.6071;-3.46338;3.15729
0.137857;-0.375494;0;0.814548;7.8781;-3.58648;3.26951
0.142565;-0.373732;0;0.842511;8.14911;-3.7096;3.38174
0.14725;-0.371911;0;0.870471;8.42009;-3.83269;3.49396
0.151912;-0.370031;0;0.898424;8.691;-3.95576;3.60615
0.156549;-0.368093;0;0.926365;8.96179;-4.07877;3.71829
0.161163;-0.366096;0;0.95429;9.23243;-4.20172;3.83037
0.16575;-0.364042;0;0.982194;9.50287;-4.32457;3.94237
0.170312;-0.361931;0;1.00961;9.76854;-4.44525;4.05238
0.174846;-0.359762;0;1.03625;10.027;-4.56254;4.15931
0.179353;-0.357537;0;1.0621;10.2782;-4.67634;4.26305
0.183832;-0.355255;0;1.08797;10.5296;-4.79021;4.36685
0.188282;-0.352916;0;1.11385;10.7812;-4.90414;4.47071
0.192701;-0.350523;0;1.13974;11.0328;-5.01811;4.57461
0.197091;-0.348074;0;1.16563;11.2845;-5.13209;4.67852
0.201449;-0.345569;0;1.19153;11.5362;-5.24609;4.78244
0.205776;-0.343011;0;1.21742;11.7879;-5.36006;4.88634
0.21007;-0.340398;0;1.2433;12.0394;-5.47401;4.99022
0.214331;-0.337731;0;1.26917;12.2909;-5.5879;5.09404
0.218558;-0.335011;0;1.29503;12.5422;-5.70172;5.19781
0.22275;-0.332238;0;1.32087;12.7934;-5.81546;5.30149
0.226908;-0.329413;0;1.34564;13.0343;-5.92449;5.40089
0.231029;-0.326536;0;1.36872;13.2595;-6.0261;5.49351
0.235114;-0.323607;0;1.39183;13.4849;-6.12778;5.58621
0.239162;-0.320627;0;1.41494;13.7104;-6.22954;5.67897
0.243172;-0.317596;0;1.43808;13.936;-6.33135;5.77178
0.247144;-0.314515;0;1.46121;14.1617;-6.43319;5.86463
0.251077;-0.311385;0;1.48436;14.3875;-6.53505;5.95749
0.25497;-0.308205;0;1.5075;14.6133;-6.63692;6.05035
0.258822;-0.304977;0;1.53064;14.839;-6.73877;6.1432
0.262634;-0.301701;0;1.55378;15.0647;-6.84059;6.23603
0.266405;-0.298376;0;1.5769;15.2902;-6.94237;6.32881
0.270133;-0.295005;0;1.60001;15.5157;-7.04409;6.42154
0.273819;-0.291587;0;1.6231;15.7409;-7.14574;6.5142
0.277461;-0.288124;0;1.64577;15.962;-7.24549;6.60513
0.28106;-0.284614;0;1.66613;16.1612;-7.33512;6.68684
0.284614;-0.28106;0;1.68602;16.3559;-7.42262;6.76661
0.288124;-0.277461;0;1.70591;16.5507;-7.51016;6.84641
0.291587;-0.273819;0;1.72581;16.7456;-7.59773;6.92625
0.295005;-0.270133;0;1.74571;16.9405;-7.68533;7.0061
0.298376;-0.266405;0;1.76562;17.1354;-7.77292;7.08595
0.301701;-0.262634;0;1.78552;17.3302;-7.86051;7.1658
0.304977;-0.258822;0;1.80542;17.5251;-7.94807;7.24563
0.308205;-0.25497;0;1.82531;17.7198;-8.0356;7.32542
0.311385;-0.251077;0;1.84518;17.9145;-8.12307;7.40516
0.314515;-0.247144;0;1.86505;18.1089;-8.21048;7.48485
0.317596;-0.243172;0;1.88424;18.2969;-8.29495;7.56184
0.320627;-0.239162;0;1.9003;18.4548;-8.36563;7.62628
0.323607;-0.235114;0;1.91638;18.6128;-8.43637;7.69077
0.326536;-0.231029;0;1.93247;18.7709;-8.50716;7.7553
0.329413;-0.226908;0;1.94856;18.9291;-8.57798;7.81986
0.332238;-0.22275;0;1.96466;19.0873;-8.64883;7.88445
0.335011;-0.218558;0;1.98077;19.2456;-8.71969;7.94905
0.337731;-0.214331;0;1.99687;19.4038;-8.79056;8.01365
0.340398;-0.21007;0;2.01298;19.5621;-8.86142;8.07825
0.343011;-0.205776;0;2.02907;19.7203;-8.93225;8.14282
0.345569;-0.201449;0;2.04517;19.8784;-9.00306;8.20737
0.348074;-0.197091;0;2.06125;20.0365;-9.07383;8.27189
0.350523;-0.192701;0;2.07732;20.1944;-9.14454;8.33635
0.352916;-0.188282;0;2.09338;20.3522;-9.21519;8.40075
0.355255;-0.183832;0;2.10736;20.4898;-9.27672;8.45685
0.357537;-0.179353;0;2.1193;20.6075;-9.32924;8.50472
0.359762;-0.174846;0;2.13124;20.7253;-9.38178;8.55262
0.361931;-0.170312;0;2.14266;20.8379;-9.43202;8.59842
0.364042;-0.16575;0;2.154;20.9497;-9.4819;8.6439
0.366096;-0.161163;0;2.16534;21.0615;-9.53181;8.68939
0.368093;-0.156549;0;2.17669;21.1734;-9.58171;8.73489
0.370031;-0.151912;0;2.18803;21.2853;-9.63162;8.78038
0.371911;-0.14725;0;2.19937;21.3971;-9.68151;8.82587
0.373732;-0.142565;0;2.21071;21.5089;-9.73139;8.87133
0.375494;-0.137857;0;2.22204;21.6207;-9.78124;8.91678
0.377196;-0.133128;0;2.23336;21.7323;-9.83106;8.96219
0.378839;-0.128377;0;2.24463;21.8434;-9.88061;9.00737
0.380423;-0.123607;0;2.25478;21.9436;-9.92526;9.04807
0.381946;-0.118817;0;2.26211;22.0162;-9.95751;9.07747
0.383409;-0.114008;0;2.26944;22.0888;-9.98978;9.10689
0.384811;-0.109181;0;2.27678;22.1614;-10.0221;9.13631
0.386153;-0.104337;0;2.28375;22.2304;-10.0527;9.16424
0.387433;-0.099476;0;2.29003;22.2925;-10.0803;9.18942
0.388653;-0.0945996;0;2.29631;22.3547;-10.1079;9.2146
0.389811;-0.0897083;0;2.30259;22.4169;-10.1356;9.23979
0.390907;-0.0848028;0;2.30888;22.4791;-10.1632;9.26498
0.391942;-0.079884;0;2.31516;22.5412;-10.1908;9.29017
0.392915;-0.0749525;0;2.32144;22.6034;-10.2184;9.31534
0.393826;-0.0700092;0;2.32772;22.6655;-10.2461;9.34051
0.394674;-0.0650549;0;2.33399;22.7276;-10.2736;9.36566
0.395461;-0.0600902;0;2.34026;22.7897;-10.3012;9.3908
0.396185;-0.0551161;0;2.34406;22.8274;-10.3179;9.40603
0.396846;-0.0501333;0;2.3469;22.8556;-10.3304;9.41739
0.397445;-0.0451426;0;2.34973;22.8839;-10.3429;9.42876
0.39798;-0.0401447;0;2.35174;22.9038;-10.3516;9.43677
0.398453;-0.0351405;0;2.35304;22.9169;-10.3574;9.442
0.398864;-0.0301307;0;2.35435;22.9301;-10.3631;9.44723
0.399211;-0.0251162;0;2.35566;22.9432;-10.3689;9.45246
0.399495;-0.0200977;0;2.35697;22.9563;-10.3746;9.45769
0.399716;-0.0150761;0;2.35827;22.9694;-10.3803;9.46293
0.399874;-0.010052;0;2.35958;22.9826;-10.3861;9.46816
0.399968;-0.00502642;0;2.36089;22.9957;-10.3918;9.47339
