0.4;0;0;2.52393;24.5935;-10.3975;9.47853
0.399968;0.00502642;0;2.52251;24.5808;-10.3915;9.47309
0.399874;0.010052;0;2.52106;24.5678;-10.3854;9.46754
0.399716;0.0150761;0;2.51962;24.5547;-10.3793;9.46199
0.399495;0.0200977;0;2.51817;24.5417;-10.3732;9.45644
0.399211;0.0251162;0;2.51672;24.5287;-10.3671;9.45089
0.398864;0.0301307;0;2.51527;24.5157;-10.361;9.44534
0.398453;0.0351405;0;2.51382;24.5027;-10.355;9.43979
0.39798;0.0401447;0;2.51237;24.4897;-10.3489;9.43425
0.397445;0.0451426;0;2.50966;24.4625;-10.3377;9.42406
0.396846;0.0501333;0;2.50629;24.428;-10.3238;9.41143
0.396185;0.0551161;0;2.50291;24.3935;-10.31;9.3988
0.395461;0.0600902;0;2.49953;24.359;-10.2961;9.38617
0.394674;0.0650549;0;2.49353;24.3001;-10.2713;9.36354
0.393826;0.0700092;0;2.48696;24.236;-10.2442;9.33879
0.392915;0.0749525;0;2.48039;24.1717;-10.217;9.31402
0.391942;0.079884;0;2.47382;24.1075;-10.1898;9.28924
0.390907;0.0848028;0;2.46725;24.0432;-10.1626;9.26445
0.389811;0.0897083;0;2.46067;23.9789;-10.1354;9.23966
0.388653;0.0945996;0;2.4541;23.9146;-10.1082;9.21487
0.387433;0.099476;0;2.44752;23.8504;-10.081;9.19008
0.386153;0.104337;0;2.44057;23.782;-10.0524;9.16394
0.384811;0.109181;0;2.43244;23.7006;-10.0189;9.13341
0.383409;0.114008;0;2.4243;23.6192;-9.98538;9.10287
0.381946;0.118817;0;2.41617;23.5378;-9.95189;9.07235
0.380423;0.123607;0;2.40803;23.4565;-9.91841;9.04183
0.378839;0.128377;0;2.39747;23.3518;-9.87486;9.00212
0.377196;0.133128;0;2.38532;23.2319;-9.82477;8.95646
0.375494;0.137857;0;2.37323;23.1127;-9.7749;8.911
0.373732;0.142565;0;2.36115;22.9934;-9.72504;8.86554
0.371911;0.14725;0;2.34906;22.8741;-9.67515;8.82006
0.370031;0.151912;0;2.33697;22.7547;-9.62524;8.77457
0.368093;0.156549;0;2.32487;22.6353;-9.57532;8.72906
0.366096;0.161163;0;2.31277;22.5159;-9.52541;8.68356
0.364042;0.16575;0;2.30068;22.3966;-9.4755;8.63806
0.361931;0.170312;0;2.28859;22.2772;-9.4256;8.59257
0.359762;0.174846;0;2.2765;22.1579;-9.37573;8.5471
0.357537;0.179353;0;2.26442;22.0387;-9.32588;8.50167
0.355255;0.183832;0;2.25235;21.9195;-9.27608;8.45626
0.352916;0.188282;0;2.23775;21.7756;-9.21582;8.40133
0.350523;0.192701;0;2.22064;21.607;-9.14527;8.33702
0.348074;0.197091;0;2.20352;21.4382;-9.07466;8.27265
0.345569;0.201449;0;2.18639;21.2692;-9.004;8.20823
0.343011;0.205776;0;2.16925;21.1002;-8.93329;8.14377
0.340398;0.21007;0;2.1521;20.9311;-8.86256;8.07929
0.337731;0.214331;0;2.13494;20.762;-8.7918;8.01479
0.335011;0.218558;0;2.11779;20.5928;-8.72104;7.95028
0.332238;0.22275;0;2.10063;20.4236;-8.65028;7.88577
0.329413;0.226908;0;2.08348;20.2545;-8.57953;7.82128
0.326536;0.231029;0;2.06633;20.0854;-8.50881;7.75681
0.323607;0.235114;0;2.04918;19.9162;-8.43804;7.69229
0.320627;0.239162;0;2.03197;19.7463;-8.36706;7.62759
0.317596;0.243172;0;2.01477;19.5766;-8.29614;7.56293
0.314515;0.247144;0;1.99511;19.3832;-8.21503;7.48899
0.311385;0.251077;0;1.97395;19.1755;-8.12775;7.40943
0.308205;0.25497;0;1.95278;18.9676;-8.04041;7.3298
0.304977;0.258822;0;1.93158;18.7594;-7.95297;7.25009
0.301701;0.262634;0;1.91036;18.5509;-7.8654;7.17026
0.298376;0.266405;0;1.88911;18.3422;-7.77775;7.09036
0.295005;0.270133;0;1.86783;18.1332;-7.69;7.01036
0.291587;0.273819;0;1.84656;17.9242;-7.60224;6.93036
0.288124;0.277461;0;1.82529;17.7153;-7.5145;6.85037
0.284614;0.28106;0;1.80403;17.5064;-7.42679;6.77041
0.28106;0.284614;0;1.78278;17.2976;-7.33912;6.69049
0.277461;0.288124;0;1.7612;17.0858;-7.25009;6.60933
0.273819;0.291587;0;1.7366;16.8452;-7.14859;6.5168
0.270133;0.295005;0;1.71198;16.6044;-7.047;6.42419
0.266405;0.298376;0;1.68734;16.3635;-6.94533;6.3315
0.262634;0.301701;0;1.66268;16.1223;-6.8436;6.23876
0.258822;0.304977;0;1.63802;15.8811;-6.74182;6.14598
0.25497;0.308205;0;1.61335;15.6398;-6.64002;6.05318
0.251077;0.311385;0;1.58866;15.3983;-6.53816;5.96032
0.247144;0.314515;0;1.56397;15.1568;-6.43629;5.86745
0.243172;0.317596;0;1.53926;14.9151;-6.33433;5.77451
0.239162;0.320627;0;1.51456;14.6735;-6.23241;5.68159
0.235114;0.323607;0;1.48987;14.4319;-6.13054;5.58873
0.231029;0.326536;0;1.4652;14.1905;-6.02873;5.49592
0.226908;0.329413;0;1.44054;13.9494;-5.92701;5.40318
0.22275;0.332238;0;1.41437;13.6938;-5.81898;5.30471
0.218558;0.335011;0;1.3868;13.4252;-5.7052;5.20098
0.214331;0.337731;0;1.35921;13.1563;-5.59133;5.09717
0.21007;0.340398;0;1.3316;12.8873;-5.47739;4.9933
0.205776;0.343011;0;1.30397;12.6181;-5.3634;4.88939
0.201449;0.345569;0;1.27634;12.3489;-5.24938;4.78544
0.197091;0.348074;0;1.24871;12.0796;-5.13533;4.68148
0.192701;0.350523;0;1.22108;11.8103;-5.02129;4.57751
0.188282;0.352916;0;1.19345;11.5411;-4.90727;4.47357
0.183832;0.355255;0;1.16583;11.2719;-4.79329;4.36966
0.179353;0.357537;0;1.13822;11.0029;-4.67936;4.2658
0.174846;0.359762;0;1.11063;10.7341;-4.56551;4.16201
0.170312;0.361931;0;1.08269;10.4621;-4.45019;4.05688
0.16575;0.364042;0;1.05288;10.172;-4.32716;3.94472
0.161163;0.366096;0;1.02291;9.88044;-4.20352;3.83202
0.156549;0.368093;0;0.992921;9.5886;-4.07976;3.7192
0.151912;0.370031;0;0.962902;9.2965;-3.9559;3.60628
0.14725;0.371911;0;0.932862;9.0042;-3.83195;3.49329
0.142565;0.373732;0;0.902806;8.71174;-3.70794;3.38023
0.137857;0.375494;0;0.872739;8.41918;-3.58387;3.26713
0.133128;0.377196;0;0.842666;8.12655;-3.45978;3.15401
0.128377;0.378839;0;0.81259;7.8339;-3.33569;3.04088
0.123607;0.380423;0;0.782517;7.54128;-3.2116;2.92776
0.118817;0.381946;0;0.75319;7.25652;-3.09056;2.81741
0.114008;0.383409;0;0.722415;6.95844;-2.9635;2.70159
0.109181;0.384811;0;0.691628;6.66022;-2.83639;2.58571
0.104337;0.386153;0;0.660832;6.36193;-2.70924;2.4698
0.099476;0.387433;0;0.630032;6.06359;-2.58208;2.35388
0.0945996;0.388653;0;0.599233;5.76527;-2.45493;2.23796
0.0897083;0.389811;0;0.56844;5.46701;-2.3278;2.12207
0.0848028;0.390907;0;0.537658;5.16885;-2.20071;2.00621
0.079884;0.391942;0;0.506892;4.87084;-2.07369;1.89042
0.0749525;0.392915;0;0.476147;4.57303;-1.94675;1.7747
0.0700092;0.393826;0;0.445427;4.27547;-1.81992;1.65907
0.0650549;0.394674;0;0.414737;3.97821;-1.69321;1.54357
0.0600902;0.395461;0;0.384082;3.68128;-1.56665;1.42819
0.0551161;0.396185;0;0.353467;3.38474;-1.44025;1.31296
0.0501333;0.396846;0;0.321959;3.07958;-1.31019;1.1944
0.0451426;0.397445;0;0.290286;2.77278;-1.17945;1.07521
0.0401447;0.39798;0;0.258577;2.46564;-1.04856;0.955888
0.0351405;0.398453;0;0.226837;2.15819;-0.917538;0.836446
0.0301307;0.398864;0;0.19507;1.85048;-0.786408;0.716906
0.0251162;0.399211;0;0.163282;1.54257;-0.655192;0.597286
0.0200977;0.399495;0;0.131478;1.23451;-0.523908;0.477606
0.0150761;0.399716;0;0.0996633;0.926335;-0.392579;0.357883
0.010052;0.399874;0;0.0678421;0.618103;-0.261225;0.238138
0.00502642;0.399968;0;0.0360199;0.309861;-0.129866;0.118389
2.44929e-17;0.4;0;0.00420166;0.00165781;0.00147643;-0.00134594
-0.00502642;0.399968;0;-0.0276076;-0.306459;0.132782;-0.121047
-0.010052;0.399874;0;-0.0594029;-0.614439;0.264029;-0.240695
-0.0150761;0.399716;0;-0.0911792;-0.922236;0.395199;-0.360271
-0.0200977;0.399495;0;-0.122931;-1.2298;0.526268;-0.479757
-0.0251162;0.399211;0;-0.154655;-1.53708;0.657218;-0.599134
-0.0301307;0.398864;0;-0.186344;-1.84403;0.788028;-0.718382
-0.0351405;0.398453;0;-0.217729;-2.14778;0.917577;-0.836482
-0.0401447;0.39798;0;-0.248979;-2.45025;1.04657;-0.954072
-0.0451426;0.397445;0;-0.280232;-2.75321;1.17557;-1.07168
-0.0501333;0.396846;0;-0.311511;-3.05642;1.30468;-1.18938
-0.0551161;0.396185;0;-0.342809;-3.35982;1.43388;-1.30715
-0.0600902;0.395461;0;-0.374123;-3.66336;1.56313;-1.42499
-0.0650549;0.394674;0;-0.405447;-3.96701;1.69243;-1.54286
-0.0700092;0.393826;0;-0.436777;-4.27071;1.82175;-1.66075
-0.0749525;0.392915;0;-0.468106;-4.57441;1.95108;-1.77864
-0.079884;0.391942;0;-0.499432;-4.87806;2.08038;-1.89652
-0.0848028;0.390907;0;-0.530748;-5.18162;2.20965;-2.01436
-0.0897083;0.389811;0;-0.562049;-5.48504;2.33885;-2.13214
-0.0945996;0.388653;0;-0.593331;-5.78827;2.46797;-2.24986
-0.099476;0.387433;0;-0.624588;-6.09127;2.597;-2.36748
-0.104337;0.386153;0;-0.655416;-6.38994;2.72424;-2.48347
-0.109181;0.384811;0;-0.685476;-6.68146;2.84829;-2.59656
-0.114008;0.383409;0;-0.715296;-6.97127;2.97136;-2.70875
-0.118817;0.381946;0;-0.745139;-7.2613;3.09452;-2.82103
-0.123607;0.380423;0;-0.775001;-7.55151;3.21776;-2.93338
-0.128377;0.378839;0;-0.804876;-7.84185;3.34106;-3.04578
-0.133128;0.377196;0;-0.83476;-8.13227;3.46439;-3.15821
-0.137857;0.375494;0;-0.864648;-8.42274;3.58774;-3.27066
-0.142565;0.373732;0;-0.894536;-8.71319;3.71109;-3.3831
-0.14725;0.371911;0;-0.924419;-9.0036;3.83441;-3.49553
-0.151912;0.370031;0;-0.954166;-9.29258;3.95718;-3.60744
-0.156549;0.368093;0;-0.983921;-9.58156;4.07999;-3.7194
-0.161163;0.366096;0;-1.01366;-9.87039;4.20274;-3.8313
-0.16575;0.364042;0;-1.04338;-10.159;4.3254;-3.94312
-0.170312;0.361931;0;-1.07307;-10.4474;4.44796;-4.05485
-0.174846;0.359762;0;-1.10162;-10.7249;4.56581;-4.16228
-0.179353;0.357537;0;-1.12904;-10.992;4.67898;-4.26545
-0.183832;0.355255;0;-1.15648;-11.2592;4.79223;-4.3687
-0.188282;0.352916;0;-1.18394;-11.5267;4.90556;-4.47201
-0.192701;0.350523;0;-1.21142;-11.7943;5.01893;-4.57536
-0.197091;0.348074;0;-1.2389;-12.0619;5.13234;-4.67875
-0.201449;0.345569;0;-1.26638;-12.3296;5.24576;-4.78214
-0.205776;0.343011;0;-1.29386;-12.5973;5.35918;-4.88554
-0.21007;0.340398;0;-1.32134;-12.8649;5.47258;-4.98891
-0.214331;0.337731;0;-1.34881;-13.1324;5.58594;-5.09225
-0.218558;0.335011;0;-1.37626;-13.3998;5.69924;-5.19554
-0.22275;0.332238;0;-1.40335;-13.6638;5.81103;-5.29745
-0.226908;0.329413;0;-1.43004;-13.9245;5.9212;-5.39789
-0.231029;0.326536;0;-1.45436;-14.1624;6.02155;-5.48937
-0.235114;0.323607;0;-1.47902;-14.4035;6.12329;-5.58211
-0.239162;0.320627;0;-1.5037;-14.6448;6.22509;-5.67492
-0.243172;0.317596;0;-1.52839;-14.8863;6.32695;-5.76778
-0.247144;0.314515;0;-1.55308;-15.1278;6.42884;-5.86066
-0.251077;0.311385;0;-1.57778;-15.3694;6.53075;-5.95357
-0.25497;0.308205;0;-1.60249;-15.6109;6.63267;-6.04648
-0.258822;0.304977;0;-1.62718;-15.8525;6.73457;-6.13937
-0.262634;0.301701;0;-1.65188;-16.094;6.83644;-6.23224
-0.266405;0.298376;0;-1.67656;-16.3353;6.93827;-6.32507
-0.270133;0.295005;0;-1.70122;-16.5766;7.04004;-6.41784
-0.273819;0.291587;0;-1.72587;-16.8176;7.14173;-6.51054
-0.277461;0.288124;0;-1.749;-17.0436;7.2372;-6.59758
-0.28106;0.284614;0;-1.77102;-17.2593;7.3281;-6.68044
-0.284614;0.28106;0;-1.79241;-17.4696;7.41633;-6.76088
-0.288124;0.277461;0;-1.81382;-17.6799;7.5046;-6.84135
-0.291587;0.273819;0;-1.83523;-17.8903;7.59289;-6.92184
-0.295005;0.270133;0;-1.85664;-18.1008;7.6812;-7.00234
-0.298376;0.266405;0;-1.87805;-18.3112;7.7695;-7.08284
-0.301701;0.262634;0;-1.89945;-18.5216;7.85779;-7.16332
-0.304977;0.258822;0;-1.92085;-18.7319;7.94605;-7.24378
-0.308205;0.25497;0;-1.94224;-18.9421;8.03426;-7.32419
-0.311385;0.251077;0;-1.96361;-19.1522;8.12241;-7.40456
-0.314515;0.247144;0;-1.98497;-19.3621;8.21049;-7.48485
-0.317596;0.243172;0;-2.0049;-19.5582;8.2927;-7.5598
-0.320627;0.239162;0;-2.02215;-19.7285;8.36385;-7.62466
-0.323607;0.235114;0;-2.03942;-19.8989;8.43505;-7.68957
-0.326536;0.231029;0;-2.0567;-20.0694;8.5063;-7.75452
-0.329413;0.226908;0;-2.07399;-20.24;8.57758;-7.8195
-0.332238;0.22275;0;-2.09128;-20.4107;8.64888;-7.8845
-0.335011;0.218558;0;-2.10857;-20.5813;8.72019;-7.9495
-0.337731;0.214331;0;-2.12559;-20.749;8.7904;-8.01351
-0.340398;0.21007;0;-2.14261;-20.9166;8.86063;-8.07754
-0.343011;0.205776;0;-2.15964;-21.0842;8.93086;-8.14155
-0.345569;0.201449;0;-2.17665;-21.2518;9.00106;-8.20555
-0.348074;0.197091;0;-2.19366;-21.4192;9.07122;-8.26951
-0.350523;0.192701;0;-2.21066;-21.5865;9.14134;-8.33343
-0.352916;0.188282;0;-2.22764;-21.7537;9.21139;-8.3973
-0.355255;0.183832;0;-2.24297;-21.9041;9.27464;-8.45495
-0.357537;0.179353;0;-2.25564;-22.0295;9.32689;-8.50258
-0.359762;0.174846;0;-2.26836;-22.1553;9.37934;-8.5504
-0.361931;0.170312;0;-2.28108;-22.2812;9.43181;-8.59823
-0.364042;0.16575;0;-2.29381;-22.4072;9.48428;-8.64607
-0.366096;0.161163;0;-2.30653;-22.5331;9.53676;-8.6939
-0.368093;0.156549;0;-2.31926;-22.6589;9.58922;-8.74173
-0.370031;0.151912;0;-2.33197;-22.7848;9.64166;-8.78953
-0.371911;0.14725;0;-2.34469;-22.9105;9.69408;-8.83732
-0.373732;0.142565;0;-2.35739;-23.0362;9.74646;-8.88507
-0.375494;0.137857;0;-2.37008;-23.1617;9.7988;-8.93278
-0.377196;0.133128;0;-2.3824;-23.2838;9.84958;-8.97907
-0.378839;0.128377;0;-2.39099;-23.3691;9.88497;-9.01134
-0.380423;0.123607;0;-2.39893;-23.4479;9.9177;-9.04118
-0.381946;0.118817;0;-2.40688;-23.5268;9.95046;-9.07104
-0.383409;0.114008;0;-2.41483;-23.6057;9.98323;-9.10092
-0.384811;0.109181;0;-2.42278;-23.6846;10.016;-9.1308
-0.386153;0.104337;0;-2.43074;-23.7635;10.0488;-9.1607
-0.387433;0.099476;0;-2.43869;-23.8425;10.0816;-9.19059
-0.388653;0.0945996;0;-2.44665;-23.9214;10.1144;-9.22048
-0.389811;0.0897083;0;-2.4546;-24.0003;10.1472;-9.25036
-0.390907;0.0848028;0;-2.46255;-24.0791;10.1799;-9.28023
-0.391942;0.079884;0;-2.47049;-24.158;10.2127;-9.31008
-0.392915;0.0749525;0;-2.47843;-24.2367;10.2454;-9.33991
-0.393826;0.0700092;0;-2.48636;-24.3154;10.2781;-9.36971
-0.394674;0.0650549;0;-2.49422;-24.3933;10.3105;-9.39924
-0.395461;0.0600902;0;-2.49734;-24.4243;10.3233;-9.41096
-0.396185;0.0551161;0;-2.49997;-24.4505;10.3342;-9.42082
-0.396846;0.0501333;0;-2.50259;-24.4768;10.345;-9.43069
-0.397445;0.0451426;0;-2.50522;-24.503;10.3558;-9.44056
-0.39798;0.0401447;0;-2.50785;-24.5292;10.3666;-9.45042
-0.398453;0.0351405;0;-2.51041;-24.5546;10.3772;-9.46004
-0.398864;0.0301307;0;-2.5129;-24.5792;10.3874;-9.46937
-0.399211;0.0251162;0;-2.51536;-24.6035;10.3975;-9.47862
-0.399495;0.0200977;0;-2.51781;-24.6278;10.4077;-9.48786
-0.399716;0.0150761;0;-2.52027;-24.6521;10.4178;-9.49709
-0.399874;0.010052;0;-2.52272;-24.6763;10.4279;-9.50631
-0.399968;0.00502642;0;-2.52517;-24.7005;10.438;-9.51551
-0.4;4.89859e-17;0;-2.52762;-24.7247;10.4481;-9.52471
-0.399968;-0.00502642;0;-2.52592;-24.708;10.4411;-9.51833
-0.399874;-0.010052;0;-2.52335;-24.6825;10.4305;-9.50864
-0.399716;-0.0150761;0;-2.52077;-24.6569;10.4198;-9.49894
-0.399495;-0.0200977;0;-2.51819;-24.6313;10.4092;-9.48922
-0.399211;-0.0251162;0;-2.5156;-24.6057;10.3985;-9.47949
-0.398864;-0.0301307;0;-2.51301;-24.5801;10.3878;-9.46975
-0.398453;-0.0351405;0;-2.51042;-24.5545;10.3771;-9.46001
-0.39798;-0.0401447;0;-2.50783;-24.5288;10.3664;-9.45026
-0.397445;-0.0451426;0;-2.50524;-24.5031;10.3557;-9.4405
-0.396846;-0.0501333;0;-2.50265;-24.4774;10.345;-9.43074
-0.396185;-0.0551161;0;-2.50005;-24.4517;10.3343;-9.42098
-0.395461;-0.0600902;0;-2.49746;-24.426;10.3236;-9.41122
-0.394674;-0.0650549;0;-2.49485;-24.4002;10.3129;-9.40142
-0.393826;-0.0700092;0;-2.48719;-24.3241;10.2813;-9.37262
-0.392915;-0.0749525;0;-2.47933;-24.246;10.2489;-9.34308
-0.391942;-0.079884;0;-2.47146;-24.1679;10.2164;-9.31351
-0.390907;-0.0848028;0;-2.46359;-24.0896;10.184;-9.28392
-0.389811;-0.0897083;0;-2.45571;-24.0114;10.1515;-9.25432
-0.388653;-0.0945996;0;-2.44783;-23.9331;10.119;-9.2247
-0.387433;-0.099476;0;-2.43995;-23.8547;10.0865;-9.19507
-0.386153;-0.104337;0;-2.43206;-23.7764;10.054;-9.16543
-0.384811;-0.109181;0;-2.42418;-23.698;10.0215;-9.1358
-0.383409;-0.114008;0;-2.4163;-23.6197;9.98899;-9.10617
-0.381946;-0.118817;0;-2.40841;-23.5414;9.9565;-9.07655
-0.380423;-0.123607;0;-2.40054;-23.4631;9.92402;-9.04694
-0.378839;-0.128377;0;-2.39227;-23.3811;9.88994;-9.01587
-0.377196;-0.133128;0;-2.38052;-23.2654;9.84144;-8.97166
-0.375494;-0.137857;0;-2.36877;-23.1496;9.7929;-8.92741
-0.373732;-0.142565;0;-2.35701;-23.0338;9.74434;-8.88314
-0.371911;-0.14725;0;-2.34405;-22.9049;9.69098;-8.8345
-0.370031;-0.151912;0;-2.33094;-22.7743;9.63696;-8.78525
-0.368093;-0.156549;0;-2.31781;-22.6436;9.58291;-8.73598
-0.366096;-0.161163;0;-2.30469;-22.5129;9.52883;-8.68668
-0.364042;-0.16575;0;-2.29156;-22.3821;9.47475;-8.63737
-0.361931;-0.170312;0;-2.27842;-22.2514;9.42066;-8.58806
-0.359762;-0.174846;0;-2.26529;-22.1206;9.36657;-8.53876
-0.357537;-0.179353;0;-2.25217;-21.9899;9.3125;-8.48946
-0.355255;-0.183832;0;-2.23748;-21.8456;9.25188;-8.4342
-0.352916;-0.188282;0;-2.22244;-21.6981;9.18985;-8.37766
-0.350523;-0.192701;0;-2.20674;-21.5438;9.12502;-8.31855
-0.348074;-0.197091;0;-2.19011;-21.3806;9.05638;-8.25598
-0.345569;-0.201449;0;-2.17348;-21.2173;8.98771;-8.19338
-0.343011;-0.205776;0;-2.15684;-21.0539;8.91902;-8.13076
-0.340398;-0.21007;0;-2.1402;-20.8905;8.85032;-8.06813
-0.337731;-0.214331;0;-2.12355;-20.7271;8.78161;-8.0055
-0.335011;-0.218558;0;-2.10691;-20.5637;8.71292;-7.94287
-0.332238;-0.22275;0;-2.09028;-20.4004;8.64424;-7.88027
-0.329413;-0.226908;0;-2.07365;-20.2371;8.5756;-7.81769
-0.326536;-0.231029;0;-2.05647;-20.0673;8.50475;-7.75311
-0.323607;-0.235114;0;-2.03905;-19.895;8.43292;-7.68762
-0.320627;-0.239162;0;-2.02163;-19.7228;8.36112;-7.62217
-0.317596;-0.243172;0;-2.00418;-19.5504;8.28917;-7.55658
-0.314515;-0.247144;0;-1.98407;-19.3526;8.20618;-7.48092
-0.311385;-0.251077;0;-1.96268;-19.1422;8.11792;-7.40046
-0.308205;-0.25497;0;-1.94126;-18.9316;8.02959;-7.31993
-0.304977;-0.258822;0;-1.91983;-18.7209;7.9412;-7.23936
-0.301701;-0.262634;0;-1.89839;-18.5101;7.85276;-7.15874
-0.298376;-0.266405;0;-1.87694;-18.2992;7.76429;-7.07809
-0.295005;-0.270133;0;-1.85548;-18.0882;7.67581;-6.99742
-0.291587;-0.273819;0;-1.83403;-17.8773;7.58732;-6.91676
-0.288124;-0.277461;0;-1.81257;-17.6664;7.49884;-6.8361
-0.284614;-0.28106;0;-1.79113;-17.4555;7.41039;-6.75546
-0.28106;-0.284614;0;-1.76969;-17.2447;7.32197;-6.67486
-0.277461;-0.288124;0;-1.74732;-17.026;7.2296;-6.59065
-0.273819;-0.291587;0;-1.72445;-16.8027;7.13517;-6.50456
-0.270133;-0.295005;0;-1.70048;-16.5683;7.03625;-6.41439
-0.266405;-0.298376;0;-1.67596;-16.3286;6.93506;-6.32214
-0.262634;-0.301701;0;-1.65142;-16.0888;6.83382;-6.22985
-0.258822;-0.304977;0;-1.62688;-15.8489;6.73254;-6.13752
-0.25497;-0.308205;0;-1.60233;-15.609;6.63125;-6.04518
-0.251077;-0.311385;0;-1.57778;-15.369;6.52995;-5.95283
-0.247144;-0.314515;0;-1.55324;-15.1291;6.42866;-5.8605
-0.243172;-0.317596;0;-1.5287;-14.8892;6.32741;-5.7682
-0.239162;-0.320627;0;-1.50417;-14.6495;6.2262;-5.67593
-0.235114;-0.323607;0;-1.47966;-14.4099;6.12505;-5.58372
-0.231029;-0.326536;0;-1.45517;-14.1705;6.02398;-5.49159
-0.226908;-0.329413;0;-1.43007;-13.9252;5.92041;-5.39717
-0.22275;-0.332238;0;-1.4034;-13.6647;5.81033;-5.29682
-0.218558;-0.335011;0;-1.37619;-13.3996;5.69802;-5.19443
-0.214331;-0.337731;0;-1.34871;-13.1319;5.58462;-5.09105
-0.21007;-0.340398;0;-1.32122;-12.8641;5.47116;-4.98762
-0.205776;-0.343011;0;-1.29372;-12.5962;5.35766;-4.88415
-0.201449;-0.345569;0;-1.26621;-12.3282;5.24414;-4.78067
-0.197091;-0.348074;0;-1.2387;-12.0602;5.13062;-4.67718
-0.192701;-0.350523;0;-1.21119;-11.7923;5.01711;-4.5737
-0.188282;-0.352916;0;-1.1837;-11.5244;4.90363;-4.47025
-0.183832;-0.355255;0;-1.15621;-11.2567;4.7902;-4.36684
-0.179353;-0.357537;0;-1.12874;-10.9891;4.67684;-4.2635
-0.174846;-0.359762;0;-1.10129;-10.7217;4.56356;-4.16024
-0.170312;-0.361931;0;-1.07285;-10.4452;4.44612;-4.05317
-0.16575;-0.364042;0;-1.04346;-10.1596;4.3248;-3.94258
-0.161163;-0.366096;0;-1.01377;-9.8712;4.20225;-3.83085
-0.156549;-0.368093;0;-0.984054;-9.58258;4.07961;-3.71905
-0.151912;-0.370031;0;-0.954326;-9.29381;3.95691;-3.6072
-0.14725;-0.371911;0;-0.924588;-9.00496;3.83417;-3.49531
-0.142565;-0.373732;0;-0.894846;-8.71605;3.71141;-3.3834
-0.137857;-0.375494;0;-0.865102;-8.42713;3.58865;-3.27149
-0.133128;-0.377196;0;-0.835363;-8.13826;3.46591;-3.1596
-0.128377;-0.378839;0;-0.805633;-7.84948;3.34321;-3.04773
-0.123607;-0.380423;0;-0.775917;-7.56082;3.22056;-2.93592
-0.118817;-0.381946;0;-0.746219;-7.27235;3.09798;-2.82418
-0.114008;-0.383409;0;-0.716544;-6.9841;2.9755;-2.71253
-0.109181;-0.384811;0;-0.686927;-6.69642;2.85326;-2.60109
-0.104337;-0.386153;0;-0.655903;-6.39558;2.72519;-2.48434
-0.099476;-0.387433;0;-0.624807;-6.0941;2.59684;-2.36733
-0.0945996;-0.388653;0;-0.593695;-5.79247;2.46842;-2.25026
-0.0897083;-0.389811;0;-0.56257;-5.49071;2.33994;-2.13314
-0.0848028;-0.390907;0;-0.531459;-5.18907;2.21153;-2.01608
-0.079884;-0.391942;0;-0.50029;-4.88683;2.08288;-1.8988
-0.0749525;-0.392915;0;-0.4691;-4.5844;1.95415;-1.78144
-0.0700092;-0.393826;0;-0.437916;-4.282;1.82543;-1.6641
-0.0650549;-0.394674;0;-0.406741;-3.9797;1.69675;-1.54679
-0.0600902;-0.395461;0;-0.37558;-3.67753;1.56813;-1.42954
-0.0551161;-0.396185;0;-0.344438;-3.37555;1.4396;-1.31237
-0.0501333;-0.396846;0;-0.313007;-3.07129;1.30986;-1.19409
-0.0451426;-0.397445;0;-0.281292;-2.76406;1.17895;-1.07475
-0.0401447;-0.39798;0;-0.249559;-2.45665;1.04796;-0.955343
-0.0351405;-0.398453;0;-0.217814;-2.14912;0.916923;-0.835886
-0.0301307;-0.398864;0;-0.186112;-1.84203;0.786065;-0.716593
-0.0251162;-0.399211;0;-0.154336;-1.5342;0.654901;-0.597021
-0.0200977;-0.399495;0;-0.122558;-1.22635;0.523728;-0.477441
-0.0150761;-0.399716;0;-0.0907824;-0.918531;0.392567;-0.357872
-0.010052;-0.399874;0;-0.059015;-0.610788;0.261438;-0.238333
-0.00502642;-0.399968;0;-0.0272605;-0.303169;0.130363;-0.118842
-7.34788e-17;-0.4;0;0.00447598;0.00427623;-0.000637397;0.000581064
0.00502642;-0.399968;0;0.0359641;0.309294;-0.13061;0.119067
0.010052;-0.399874;0;0.0675805;0.615507;-0.261107;0.238031
0.0150761;-0.399716;0;0.0992234;0.921976;-0.391713;0.357093
0.0200977;-0.399495;0;0.130887;1.22865;-0.522406;0.476236
0.0251162;-0.399211;0;0.162568;1.53549;-0.653168;0.595441
0.0301307;-0.398864;0;0.19426;1.84243;-0.783975;0.714688
0.0351405;-0.398453;0;0.225958;2.14944;-0.914809;0.833959
0.0401447;-0.39798;0;0.257657;2.45646;-1.04565;0.953235
0.0451426;-0.397445;0;0.289353;2.76344;-1.17647;1.0725
0.0501333;-0.396846;0;0.32104;3.07034;-1.30726;1.19173
0.0551161;-0.396185;0;0.352542;3.37544;-1.43736;1.31032
0.0600902;-0.395461;0;0.384153;3.68161;-1.56791;1.42934
0.0650549;-0.394674;0;0.414949;3.98047;-1.69502;1.54521
0.0700092;-0.393826;0;0.446235;4.28411;-1.82415;1.66293
0.0749525;-0.392915;0;0.477525;4.58779;-1.95329;1.78066
0.079884;-0.391942;0;0.508812;4.89144;-2.08242;1.89838
0.0848028;-0.390907;0;0.539414;5.18819;-2.20874;2.01353
0.0897083;-0.389811;0;0.570256;5.48696;-2.33605;2.12959
0.0945996;-0.388653;0;0.601107;5.7858;-2.4634;2.24568
0.099476;-0.387433;0;0.63196;6.08468;-2.59076;2.36179
0.104337;-0.386153;0;0.662812;6.38355;-2.71811;2.47789
0.109181;-0.384811;0;0.693658;6.68235;-2.84544;2.59396
0.114008;-0.383409;0;0.724492;6.98104;-2.97272;2.70999
0.118817;-0.381946;0;0.753949;7.26706;-3.09429;2.82082
0.123607;-0.380423;0;0.783746;7.55679;-3.21726;2.93292
0.128377;-0.378839;0;0.81356;7.84668;-3.3403;3.04508
0.133128;-0.377196;0;0.843384;8.13667;-3.46338;3.15729
0.137857;-0.375494;0;0.873215;8.42672;-3.58648;3.26951
0.142565;-0.373732;0;0.903047;8.71679;-3.7096;3.38174
0.14725;-0.371911;0;0.932875;9.00682;-3.83269;3.49396
0.151912;-0.370031;0;0.962696;9.29677;-3.95576;3.60615
0.156549;-0.368093;0;0.992504;9.58661;-4.07877;3.71829
0.161163;-0.366096;0;1.0223;9.87627;-4.20172;3.83037
0.16575;-0.364042;0;1.05206;10.1657;-4.32457;3.94237
0.170312;-0.361931;0;1.08131;10.4496;-4.44525;4.05238
0.174846;-0.359762;0;1.10973;10.7255;-4.56254;4.15931
0.179353;-0.357537;0;1.1373;10.9943;-4.67634;4.26305
0.183832;-0.355255;0;1.1649;11.2634;-4.79021;4.36685
0.188282;-0.352916;0;1.19251;11.5325;-4.90414;4.47071
0.192701;-0.350523;0;1.22013;11.8018;-5.01811;4.57461
0.197091;-0.348074;0;1.24775;12.0711;-5.13209;4.67852
0.201449;-0.345569;0;1.27538;12.3404;-5.24609;4.78244
0.205776;-0.343011;0;1.303;12.6096;-5.36006;4.88634
0.21007;-0.340398;0;1.33061;12.8788;-5.47401;4.99022
0.214331;-0.337731;0;1.35821;13.1479;-5.5879;5.09404
0.218558;-0.335011;0;1.38579;13.4168;-5.70172;5.19781
0.22275;-0.332238;0;1.41336;13.6855;-5.81546;5.30149
0.226908;-0.329413;0;1.43978;13.943;-5.92449;5.40089
0.231029;-0.326536;0;1.46441;14.184;-6.0261;5.49351
0.235114;-0.323607;0;1.48906;14.4251;-6.12778;5.58621
0.239162;-0.320627;0;1.51372;14.6664;-6.22954;5.67897
0.243172;-0.317596;0;1.5384;14.9078;-6.33135;5.77178
0.247144;-0.314515;0;1.56308;15.1494;-6.43319;5.86463
0.251077;-0.311385;0;1.58777;15.3909;-6.53505;5.95749
0.25497;-0.308205;0;1.61246;15.6325;-6.63692;6.05035
0.258822;-0.304977;0;1.63715;15.874;-6.73877;6.1432
0.262634;-0.301701;0;1.66183;16.1155;-6.84059;6.23603
0.266405;-0.298376;0;1.6865;16.3568;-6.94237;6.32881
0.270133;-0.295005;0;1.71115;16.598;-7.04409;6.42154
0.273819;-0.291587;0;1.73579;16.8391;-7.14574;6.5142
0.277461;-0.288124;0;1.75996;17.0754;-7.24549;6.60513
0.28106;-0.284614;0;1.78169;17.2882;-7.33512;6.68684
0.284614;-0.28106;0;1.8029;17.4965;-7.42262;6.76661
0.288124;-0.277461;0;1.82412;17.705;-7.51016;6.84641
0.291587;-0.273819;0;1.84535;17.9135;-7.59773;6.92625
0.295005;-0.270133;0;1.86658;18.1221;-7.68533;7.0061
0.298376;-0.266405;0;1.88782;18.3306;-7.77292;7.08595
0.301701;-0.262634;0;1.90905;18.5392;-7.86051;7.1658
0.304977;-0.258822;0;1.93028;18.7477;-7.94807;7.24563
0.308205;-0.25497;0;1.9515;18.956;-8.0356;7.32542
0.311385;-0.251077;0;1.9727;19.1643;-8.12307;7.40516
0.314515;-0.247144;0;1.99389;19.3724;-8.21048;7.48485
0.317596;-0.243172;0;2.01437;19.5735;-8.29495;7.56184
0.320627;-0.239162;0;2.03151;19.7424;-8.36563;7.62628
0.323607;-0.235114;0;2.04866;19.9114;-8.43637;7.69077
0.326536;-0.231029;0;2.06582;20.0805;-8.50716;7.7553
0.329413;-0.226908;0;2.08299;20.2497;-8.57798;7.81986
0.332238;-0.22275;0;2.10017;20.419;-8.64883;7.88445
0.335011;-0.218558;0;2.11735;20.5883;-8.71969;7.94905
0.337731;-0.214331;0;2.13453;20.7576;-8.79056;8.01365
0.340398;-0.21007;0;2.15171;20.9269;-8.86142;8.07825
0.343011;-0.205776;0;2.16888;21.0961;-8.93225;8.14282
0.345569;-0.201449;0;2.18605;21.2653;-9.00306;8.20737
0.348074;-0.197091;0;2.2032;21.4343;-9.07383;8.27189
0.350523;-0.192701;0;2.22035;21.6033;-9.14454;8.33635
0.352916;-0.188282;0;2.23748;21.772;-9.21519;8.40075
0.355255;-0.183832;0;2.25239;21.9191;-9.27672;8.45685
0.357537;-0.179353;0;2.26513;22.0453;-9.32924;8.50472
0.359762;-0.174846;0;2.27788;22.1715;-9.38178;8.55262
0.361931;-0.170312;0;2.29006;22.2915;-9.43202;8.59842
0.364042;-0.16575;0;2.30215;22.4106;-9.4819;8.6439
0.366096;-0.161163;0;2.31424;22.5297;-9.53181;8.68939
0.368093;-0.156549;0;2.32633;22.6489;-9.58171;8.73489
0.370031;-0.151912;0;2.33843;22.768;-9.63162;8.78038
0.371911;-0.14725;0;2.35052;22.8871;-9.68151;8.82587
0.373732;-0.142565;0;2.3626;23.0062;-9.73139;8.87133
0.375494;-0.137857;0;2.37468;23.1252;-9.78124;8.91678
0.377196;-0.133128;0;2.38676;23.2441;-9.83106;8.96219
0.378839;-0.128377;0;2.39877;23.3627;-9.88061;9.00737
0.380423;-0.123607;0;2.40959;23.47;-9.92526;9.04807
0.381946;-0.118817;0;2.41742;23.5481;-9.95751;9.07747
0.383409;-0.114008;0;2.42526;23.6263;-9.98978;9.10689
0.384811;-0.109181;0;2.43309;23.7044;-10.0221;9.13631
0.386153;-0.104337;0;2.44052;23.7783;-10.0527;9.16424
0.387433;-0.099476;0;2.44721;23.8439;-10.0803;9.18942
0.388653;-0.0945996;0;2.45389;23.9094;-10.1079;9.2146
0.389811;-0.0897083;0;2.46058;23.975;-10.1356;9.23979
0.390907;-0.0848028;0;2.46727;24.0406;-10.1632;9.26498
0.391942;-0.079884;0;2.47396;24.1061;-10.1908;9.29017
0.392915;-0.0749525;0;2.48064;24.1717;-10.2184;9.31534
0.393826;-0.0700092;0;2.48732;24.2372;-10.2461;9.34051
0.394674;-0.0650549;0;2.494;24.3026;-10.2736;9.36566
0.395461;-0.0600902;0;2.50067;24.368;-10.3012;9.3908
0.396185;-0.0551161;0;2.50474;24.4087;-10.3179;9.40603
0.396846;-0.0501333;0;2.50778;24.4398;-10.3304;9.41739
0.397445;-0.0451426;0;2.51082;24.4709;-10.3429;9.42876
0.39798;-0.0401447;0;2.51296;24.492;-10.3516;9.43677
0.398453;-0.0351405;0;2.51433;24.5047;-10.3574;9.442
0.398864;-0.0301307;0;2.51571;24.5175;-10.3631;9.44723
0.399211;-0.0251162;0;2.51708;24.5302;-10.3689;9.45246
0.399495;-0.0200977;0;2.51846;24.5429;-10.3746;9.45769
0.399716;-0.0150761;0;2.51983;24.5556;-10.3803;9.46293
0.399874;-0.010052;0;2.52121;24.5683;-10.3861;9.46816
0.399968;-0.00502642;0;2.52258;24.581;-10.3918;9.47339
