0.4;0;0;2.30758;22.4812;-10.3975;9.47853
0.399968;0.00502642;0;2.30627;22.4692;-10.3915;9.47309
0.399874;0.010052;0;2.30494;22.4568;-10.3854;9.46754
0.399716;0.0150761;0;2.3036;22.4445;-10.3793;9.46199
0.399495;0.0200977;0;2.30227;22.4322;-10.3732;9.45644
0.399211;0.0251162;0;2.30093;22.4199;-10.3671;9.45089
0.398864;0.0301307;0;2.2996;22.4076;-10.361;9.44534
0.398453;0.0351405;0;2.29826;22.3952;-10.355;9.43979
0.39798;0.0401447;0;2.29693;22.3829;-10.3489;9.43425
0.397445;0.0451426;0;2.29446;22.3592;-10.3377;9.42406
0.396846;0.0501333;0;2.29139;22.3295;-10.3238;9.41143
0.396185;0.0551161;0;2.28833;22.2998;-10.31;9.3988
0.395461;0.0600902;0;2.28526;22.27;-10.2961;9.38617
0.394674;0.0650549;0;2.27976;22.2161;-10.2713;9.36354
0.393826;0.0700092;0;2.27374;22.157;-10.2442;9.33879
0.392915;0.0749525;0;2.26771;22.0979;-10.217;9.31402
0.391942;0.079884;0;2.26168;22.0387;-10.1898;9.28924
0.390907;0.0848028;0;2.25565;21.9796;-10.1626;9.26445
0.389811;0.0897083;0;2.24962;21.9204;-10.1354;9.23966
0.388653;0.0945996;0;2.24359;21.8612;-10.1082;9.21487
0.387433;0.099476;0;2.23756;21.8021;-10.081;9.19008
0.386153;0.104337;0;2.2312;21.7395;-10.0524;9.16394
0.384811;0.109181;0;2.22377;21.6662;-10.0189;9.13341
0.383409;0.114008;0;2.21634;21.5928;-9.98538;9.10287
0.381946;0.118817;0;2.2089;21.5195;-9.95189;9.07235
0.380423;0.123607;0;2.20148;21.4462;-9.91841;9.04183
0.378839;0.128377;0;2.19181;21.3507;-9.87486;9.00212
0.377196;0.133128;0;2.18068;21.2408;-9.82477;8.95646
0.375494;0.137857;0;2.16961;21.1314;-9.7749;8.911
0.373732;0.142565;0;2.15853;21.022;-9.72504;8.86554
0.371911;0.14725;0;2.14745;20.9126;-9.67515;8.82006
0.370031;0.151912;0;2.13637;20.8031;-9.62524;8.77457
0.368093;0.156549;0;2.12528;20.6936;-9.57532;8.72906
0.366096;0.161163;0;2.1142;20.5842;-9.52541;8.68356
0.364042;0.16575;0;2.10311;20.4747;-9.4755;8.63806
0.361931;0.170312;0;2.09203;20.3653;-9.4256;8.59257
0.359762;0.174846;0;2.08096;20.2559;-9.37573;8.5471
0.357537;0.179353;0;2.06989;20.1465;-9.32588;8.50167
0.355255;0.183832;0;2.05883;20.0373;-9.27608;8.45626
0.352916;0.188282;0;2.04544;19.9053;-9.21582;8.40133
0.350523;0.192701;0;2.02978;19.7509;-9.14527;8.33702
0.348074;0.197091;0;2.01409;19.5964;-9.07466;8.27265
0.345569;0.201449;0;1.9984;19.4417;-9.004;8.20823
0.343011;0.205776;0;1.98269;19.287;-8.93329;8.14377
0.340398;0.21007;0;1.96698;19.1322;-8.86256;8.07929
0.337731;0.214331;0;1.95127;18.9773;-8.7918;8.01479
0.335011;0.218558;0;1.93555;18.8225;-8.72104;7.95028
0.332238;0.22275;0;1.91984;18.6676;-8.65028;7.88577
0.329413;0.226908;0;1.90413;18.5128;-8.57953;7.82128
0.326536;0.231029;0;1.88842;18.358;-8.50881;7.75681
0.323607;0.235114;0;1.8727;18.2031;-8.43804;7.69229
0.320627;0.239162;0;1.85694;18.0477;-8.36706;7.62759
0.317596;0.243172;0;1.84118;17.8925;-8.29614;7.56293
0.314515;0.247144;0;1.82317;17.7155;-8.21503;7.48899
0.311385;0.251077;0;1.80379;17.5254;-8.12775;7.40943
0.308205;0.25497;0;1.7844;17.3351;-8.04041;7.3298
0.304977;0.258822;0;1.76498;17.1446;-7.95297;7.25009
0.301701;0.262634;0;1.74554;16.9538;-7.8654;7.17026
0.298376;0.266405;0;1.72608;16.7628;-7.77775;7.09036
0.295005;0.270133;0;1.70659;16.5716;-7.69;7.01036
0.291587;0.273819;0;1.68711;16.3804;-7.60224;6.93036
0.288124;0.277461;0;1.66762;16.1892;-7.5145;6.85037
0.284614;0.28106;0;1.64815;15.9981;-7.42679;6.77041
0.28106;0.284614;0;1.62868;15.8071;-7.33912;6.69049
0.277461;0.288124;0;1.60891;15.6133;-7.25009;6.60933
0.273819;0.291587;0;1.58638;15.3932;-7.14859;6.5168
0.270133;0.295005;0;1.56383;15.1729;-7.047;6.42419
0.266405;0.298376;0;1.54126;14.9524;-6.94533;6.3315
0.262634;0.301701;0;1.51868;14.7318;-6.8436;6.23876
0.258822;0.304977;0;1.49609;14.5111;-6.74182;6.14598
0.25497;0.308205;0;1.47349;14.2904;-6.64002;6.05318
0.251077;0.311385;0;1.45088;14.0695;-6.53816;5.96032
0.247144;0.314515;0;1.42826;13.8486;-6.43629;5.86745
0.243172;0.317596;0;1.40563;13.6275;-6.33433;5.77451
0.239162;0.320627;0;1.38301;13.4065;-6.23241;5.68159
0.235114;0.323607;0;1.36039;13.1856;-6.13054;5.58873
0.231029;0.326536;0;1.33779;12.9648;-6.02873;5.49592
0.226908;0.329413;0;1.31521;12.7442;-5.92701;5.40318
0.22275;0.332238;0;1.29123;12.5106;-5.81898;5.30471
0.218558;0.335011;0;1.26598;12.2649;-5.7052;5.20098
0.214331;0.337731;0;1.24071;12.0191;-5.59133;5.09717
0.21007;0.340398;0;1.21542;11.7731;-5.47739;4.9933
0.205776;0.343011;0;1.19013;11.527;-5.3634;4.88939
0.201449;0.345569;0;1.16482;11.2808;-5.24938;4.78544
0.197091;0.348074;0;1.13951;11.0345;-5.13533;4.68148
0.192701;0.350523;0;1.1142;10.7883;-5.02129;4.57751
0.188282;0.352916;0;1.08889;10.5421;-4.90727;4.47357
0.183832;0.355255;0;1.0636;10.296;-4.79329;4.36966
0.179353;0.357537;0;1.03831;10.0501;-4.67936;4.2658
0.174846;0.359762;0;1.01305;9.80425;-4.56551;4.16201
0.170312;0.361931;0;0.987452;9.55552;-4.45019;4.05688
0.16575;0.364042;0;0.960151;9.29068;-4.32716;3.94472
0.161163;0.366096;0;0.932716;9.02452;-4.20352;3.83202
0.156549;0.368093;0;0.905254;8.7581;-4.07976;3.7192
0.151912;0.370031;0;0.877768;8.49144;-3.9559;3.60628
0.14725;0.371911;0;0.850263;8.22461;-3.83195;3.49329
0.142565;0.373732;0;0.822743;7.95763;-3.70794;3.38023
0.137857;0.375494;0;0.795212;7.69055;-3.58387;3.26713
0.133128;0.377196;0;0.767676;7.42341;-3.45978;3.15401
0.128377;0.378839;0;0.740138;7.15625;-3.33569;3.04088
0.123607;0.380423;0;0.712603;6.88912;-3.2116;2.92776
0.118817;0.381946;0;0.685744;6.62889;-3.09056;2.81741
0.114008;0.383409;0;0.657555;6.35614;-2.9635;2.70159
0.109181;0.384811;0;0.629353;6.08327;-2.83639;2.58571
0.104337;0.386153;0;0.601143;5.81033;-2.70924;2.4698
0.099476;0.387433;0;0.57293;5.53736;-2.58208;2.35388
0.0945996;0.388653;0;0.544718;5.26439;-2.45493;2.23796
0.0897083;0.389811;0;0.516512;4.99148;-2.3278;2.12207
0.0848028;0.390907;0;0.488315;4.71866;-2.20071;2.00621
0.079884;0.391942;0;0.460133;4.44599;-2.07369;1.89042
0.0749525;0.392915;0;0.43197;4.17349;-1.94675;1.7747
0.0700092;0.393826;0;0.40383;3.90122;-1.81992;1.65907
0.0650549;0.394674;0;0.375718;3.62922;-1.69321;1.54357
0.0600902;0.395461;0;0.347638;3.35754;-1.56665;1.42819
0.0551161;0.396185;0;0.319594;3.0862;-1.44025;1.31296
0.0501333;0.396846;0;0.29074;2.80725;-1.31019;1.1944
0.0451426;0.397445;0;0.261733;2.52689;-1.17945;1.07521
0.0401447;0.39798;0;0.232693;2.24621;-1.04856;0.955888
0.0351405;0.398453;0;0.203625;1.96525;-0.917538;0.836446
0.0301307;0.398864;0;0.174533;1.68406;-0.786408;0.716906
0.0251162;0.399211;0;0.145421;1.40268;-0.655192;0.597286
0.0200977;0.399495;0;0.116294;1.12116;-0.523908;0.477606
0.0150761;0.399716;0;0.0871573;0.839543;-0.392579;0.357883
0.010052;0.399874;0;0.0580149;0.55787;-0.261225;0.238138
0.00502642;0.399968;0;0.0288716;0.276188;-0.129866;0.118389
2.44929e-17;0.4;0;-0.000268162;-0.00545959;0.00147643;-0.00134594
-0.00502642;0.399968;0;-0.0293997;-0.287027;0.132782;-0.121047
-0.010052;0.399874;0;-0.0585184;-0.568471;0.264029;-0.240695
-0.0150761;0.399716;0;-0.0876196;-0.849747;0.395199;-0.360271
-0.0200977;0.399495;0;-0.116699;-1.13081;0.526268;-0.479757
-0.0251162;0.399211;0;-0.145752;-1.41162;0.657218;-0.599134
-0.0301307;0.398864;0;-0.174773;-1.69212;0.788028;-0.718382
-0.0351405;0.398453;0;-0.203513;-1.96995;0.917577;-0.836482
-0.0401447;0.39798;0;-0.232128;-2.24669;1.04657;-0.954072
-0.0451426;0.397445;0;-0.260751;-2.52351;1.17557;-1.07168
-0.0501333;0.396846;0;-0.289396;-2.80055;1.30468;-1.18938
-0.0551161;0.396185;0;-0.31806;-3.07778;1.43388;-1.30715
-0.0600902;0.395461;0;-0.346738;-3.35513;1.56313;-1.42499
-0.0650549;0.394674;0;-0.375425;-3.63258;1.69243;-1.54286
-0.0700092;0.393826;0;-0.404117;-3.91007;1.82175;-1.66075
-0.0749525;0.392915;0;-0.432809;-4.18757;1.95108;-1.77864
-0.079884;0.391942;0;-0.461497;-4.46503;2.08038;-1.89652
-0.0848028;0.390907;0;-0.490177;-4.7424;2.20965;-2.01436
-0.0897083;0.389811;0;-0.518843;-5.01965;2.33885;-2.13214
-0.0945996;0.388653;0;-0.547491;-5.29672;2.46797;-2.24986
-0.099476;0.387433;0;-0.576118;-5.57358;2.597;-2.36748
-0.104337;0.386153;0;-0.604346;-5.84674;2.72424;-2.48347
-0.109181;0.384811;0;-0.631869;-6.11342;2.84829;-2.59656
-0.114008;0.383409;0;-0.659176;-6.37814;2.97136;-2.70875
-0.118817;0.381946;0;-0.686504;-6.64306;3.09452;-2.82103
-0.123607;0.380423;0;-0.713849;-6.90814;3.21776;-2.93338
-0.128377;0.378839;0;-0.741207;-7.17335;3.34106;-3.04578
-0.133128;0.377196;0;-0.768572;-7.43864;3.46439;-3.15821
-0.137857;0.375494;0;-0.795942;-7.70396;3.58774;-3.27066
-0.142565;0.373732;0;-0.823311;-7.96928;3.71109;-3.3831
-0.14725;0.371911;0;-0.850675;-8.23455;3.83441;-3.49553
-0.151912;0.370031;0;-0.877915;-8.49862;3.95718;-3.60744
-0.156549;0.368093;0;-0.905165;-8.76274;4.07999;-3.7194
-0.161163;0.366096;0;-0.932401;-9.02672;4.20274;-3.8313
-0.16575;0.364042;0;-0.959618;-9.29051;4.3254;-3.94312
-0.170312;0.361931;0;-0.986812;-9.55408;4.44796;-4.05485
-0.174846;0.359762;0;-1.01296;-9.80773;4.56581;-4.16228
-0.179353;0.357537;0;-1.03808;-10.0519;4.67898;-4.26545
-0.183832;0.355255;0;-1.06321;-10.2963;4.79223;-4.3687
-0.188282;0.352916;0;-1.08836;-10.5408;4.90556;-4.47201
-0.192701;0.350523;0;-1.11351;-10.7854;5.01893;-4.57536
-0.197091;0.348074;0;-1.13868;-11.0301;5.13234;-4.67875
-0.201449;0.345569;0;-1.16385;-11.2748;5.24576;-4.78214
-0.205776;0.343011;0;-1.18902;-11.5195;5.35918;-4.88554
-0.21007;0.340398;0;-1.21418;-11.7642;5.47258;-4.98891
-0.214331;0.337731;0;-1.23934;-12.0088;5.58594;-5.09225
-0.218558;0.335011;0;-1.26448;-12.2532;5.69924;-5.19554
-0.22275;0.332238;0;-1.28929;-12.4945;5.81103;-5.29745
-0.226908;0.329413;0;-1.31374;-12.7324;5.9212;-5.39789
-0.231029;0.326536;0;-1.33601;-12.9498;6.02155;-5.48937
-0.235114;0.323607;0;-1.35859;-13.1702;6.12329;-5.58211
-0.239162;0.320627;0;-1.38119;-13.3907;6.22509;-5.67492
-0.243172;0.317596;0;-1.40379;-13.6114;6.32695;-5.76778
-0.247144;0.314515;0;-1.42641;-13.8321;6.42884;-5.86066
-0.251077;0.311385;0;-1.44903;-14.0528;6.53075;-5.95357
-0.25497;0.308205;0;-1.47165;-14.2736;6.63267;-6.04648
-0.258822;0.304977;0;-1.49426;-14.4943;6.73457;-6.13937
-0.262634;0.301701;0;-1.51687;-14.715;6.83644;-6.23224
-0.266405;0.298376;0;-1.53947;-14.9356;6.93827;-6.32507
-0.270133;0.295005;0;-1.56206;-15.156;7.04004;-6.41784
-0.273819;0.291587;0;-1.58463;-15.3763;7.14173;-6.51054
-0.277461;0.288124;0;-1.60582;-15.5831;7.2372;-6.59758
-0.28106;0.284614;0;-1.626;-15.7803;7.3281;-6.68044
-0.284614;0.28106;0;-1.64558;-15.9723;7.41633;-6.76088
-0.288124;0.277461;0;-1.66518;-16.1643;7.5046;-6.84135
-0.291587;0.273819;0;-1.68478;-16.3564;7.59289;-6.92184
-0.295005;0.270133;0;-1.70438;-16.5485;7.6812;-7.00234
-0.298376;0.266405;0;-1.72398;-16.7406;7.7695;-7.08284
-0.301701;0.262634;0;-1.74358;-16.9327;7.85779;-7.16332
-0.304977;0.258822;0;-1.76317;-17.1247;7.94605;-7.24378
-0.308205;0.25497;0;-1.78275;-17.3166;8.03426;-7.32419
-0.311385;0.251077;0;-1.80232;-17.5083;8.12241;-7.40456
-0.314515;0.247144;0;-1.82188;-17.6999;8.21049;-7.48485
-0.317596;0.243172;0;-1.84013;-17.8789;8.2927;-7.5598
-0.320627;0.239162;0;-1.85592;-18.0343;8.36385;-7.62466
-0.323607;0.235114;0;-1.87173;-18.1898;8.43505;-7.68957
-0.326536;0.231029;0;-1.88755;-18.3454;8.5063;-7.75452
-0.329413;0.226908;0;-1.90338;-18.5011;8.57758;-7.8195
-0.332238;0.22275;0;-1.91921;-18.6568;8.64888;-7.8845
-0.335011;0.218558;0;-1.93504;-18.8126;8.72019;-7.9495
-0.337731;0.214331;0;-1.95063;-18.9658;8.7904;-8.01351
-0.340398;0.21007;0;-1.96622;-19.1192;8.86063;-8.07754
-0.343011;0.205776;0;-1.98181;-19.2725;8.93086;-8.14155
-0.345569;0.201449;0;-1.9974;-19.4257;9.00106;-8.20555
-0.348074;0.197091;0;-2.01297;-19.5789;9.07122;-8.26951
-0.350523;0.192701;0;-2.02854;-19.7319;9.14134;-8.33343
-0.352916;0.188282;0;-2.04409;-19.8848;9.21139;-8.3973
-0.355255;0.183832;0;-2.05813;-20.0229;9.27464;-8.45495
-0.357537;0.179353;0;-2.06973;-20.1374;9.32689;-8.50258
-0.359762;0.174846;0;-2.08138;-20.2523;9.37934;-8.5504
-0.361931;0.170312;0;-2.09303;-20.3673;9.43181;-8.59823
-0.364042;0.16575;0;-2.10468;-20.4823;9.48428;-8.64607
-0.366096;0.161163;0;-2.11633;-20.5972;9.53676;-8.6939
-0.368093;0.156549;0;-2.12798;-20.7122;9.58922;-8.74173
-0.370031;0.151912;0;-2.13963;-20.8271;9.64166;-8.78953
-0.371911;0.14725;0;-2.15127;-20.9419;9.69408;-8.83732
-0.373732;0.142565;0;-2.1629;-21.0567;9.74646;-8.88507
-0.375494;0.137857;0;-2.17452;-21.1714;9.7988;-8.93278
-0.377196;0.133128;0;-2.18579;-21.2827;9.84958;-8.97907
-0.378839;0.128377;0;-2.19365;-21.3604;9.88497;-9.01134
-0.380423;0.123607;0;-2.20092;-21.4323;9.9177;-9.04118
-0.381946;0.118817;0;-2.2082;-21.5043;9.95046;-9.07104
-0.383409;0.114008;0;-2.21547;-21.5763;9.98323;-9.10092
-0.384811;0.109181;0;-2.22275;-21.6483;10.016;-9.1308
-0.386153;0.104337;0;-2.23003;-21.7203;10.0488;-9.1607
-0.387433;0.099476;0;-2.23732;-21.7923;10.0816;-9.19059
-0.388653;0.0945996;0;-2.2446;-21.8643;10.1144;-9.22048
-0.389811;0.0897083;0;-2.25188;-21.9363;10.1472;-9.25036
-0.390907;0.0848028;0;-2.25915;-22.0083;10.1799;-9.28023
-0.391942;0.079884;0;-2.26642;-22.0802;10.2127;-9.31008
-0.392915;0.0749525;0;-2.27369;-22.1521;10.2454;-9.33991
-0.393826;0.0700092;0;-2.28095;-22.2239;10.2781;-9.36971
-0.394674;0.0650549;0;-2.28814;-22.2951;10.3105;-9.39924
-0.395461;0.0600902;0;-2.29099;-22.3233;10.3233;-9.41096
-0.396185;0.0551161;0;-2.2934;-22.3471;10.3342;-9.42082
-0.396846;0.0501333;0;-2.2958;-22.3709;10.345;-9.43069
-0.397445;0.0451426;0;-2.2982;-22.3947;10.3558;-9.44056
-0.39798;0.0401447;0;-2.30061;-22.4185;10.3666;-9.45042
-0.398453;0.0351405;0;-2.30295;-22.4417;10.3772;-9.46004
-0.398864;0.0301307;0;-2.30522;-22.4642;10.3874;-9.46937
-0.399211;0.0251162;0;-2.30747;-22.4865;10.3975;-9.47862
-0.399495;0.0200977;0;-2.30972;-22.5087;10.4077;-9.48786
-0.399716;0.0150761;0;-2.31197;-22.531;10.4178;-9.49709
-0.399874;0.010052;0;-2.31422;-22.5532;10.4279;-9.50631
-0.399968;0.00502642;0;-2.31646;-22.5753;10.438;-9.51551
-0.4;4.89859e-17;0;-2.3187;-22.5975;10.4481;-9.52471
-0.399968;-0.00502642;0;-2.31714;-22.5821;10.4411;-9.51833
-0.399874;-0.010052;0;-2.31478;-22.5587;10.4305;-9.50864
-0.399716;-0.0150761;0;-2.31241;-22.5353;10.4198;-9.49894
-0.399495;-0.0200977;0;-2.31005;-22.5118;10.4092;-9.48922
-0.399211;-0.0251162;0;-2.30768;-22.4883;10.3985;-9.47949
-0.398864;-0.0301307;0;-2.3053;-22.4648;10.3878;-9.46975
-0.398453;-0.0351405;0;-2.30293;-22.4413;10.3771;-9.46001
-0.39798;-0.0401447;0;-2.30055;-22.4177;10.3664;-9.45026
-0.397445;-0.0451426;0;-2.29817;-22.3941;10.3557;-9.4405
-0.396846;-0.0501333;0;-2.2958;-22.3706;10.345;-9.43074
-0.396185;-0.0551161;0;-2.29342;-22.347;10.3343;-9.42098
-0.395461;-0.0600902;0;-2.29104;-22.3234;10.3236;-9.41122
-0.394674;-0.0650549;0;-2.28865;-22.2998;10.3129;-9.40142
-0.393826;-0.0700092;0;-2.28163;-22.2303;10.2813;-9.37262
-0.392915;-0.0749525;0;-2.27444;-22.159;10.2489;-9.34308
-0.391942;-0.079884;0;-2.26723;-22.0877;10.2164;-9.31351
-0.390907;-0.0848028;0;-2.26002;-22.0164;10.184;-9.28392
-0.389811;-0.0897083;0;-2.25281;-21.945;10.1515;-9.25432
-0.388653;-0.0945996;0;-2.24559;-21.8735;10.119;-9.2247
-0.387433;-0.099476;0;-2.23837;-21.802;10.0865;-9.19507
-0.386153;-0.104337;0;-2.23115;-21.7306;10.054;-9.16543
-0.384811;-0.109181;0;-2.22393;-21.6591;10.0215;-9.1358
-0.383409;-0.114008;0;-2.21671;-21.5876;9.98899;-9.10617
-0.381946;-0.118817;0;-2.20949;-21.5162;9.9565;-9.07655
-0.380423;-0.123607;0;-2.20228;-21.4447;9.92402;-9.04694
-0.378839;-0.128377;0;-2.19471;-21.3699;9.88994;-9.01587
-0.377196;-0.133128;0;-2.18394;-21.2636;9.84144;-8.97166
-0.375494;-0.137857;0;-2.17316;-21.1574;9.7929;-8.92741
-0.373732;-0.142565;0;-2.16238;-21.051;9.74434;-8.88314
-0.371911;-0.14725;0;-2.15053;-20.9339;9.69098;-8.8345
-0.370031;-0.151912;0;-2.13853;-20.8153;9.63696;-8.78525
-0.368093;-0.156549;0;-2.12653;-20.6967;9.58291;-8.73598
-0.366096;-0.161163;0;-2.11452;-20.578;9.52883;-8.68668
-0.364042;-0.16575;0;-2.1025;-20.4592;9.47475;-8.63737
-0.361931;-0.170312;0;-2.09049;-20.3405;9.42066;-8.58806
-0.359762;-0.174846;0;-2.07847;-20.2218;9.36657;-8.53876
-0.357537;-0.179353;0;-2.06646;-20.1031;9.3125;-8.48946
-0.355255;-0.183832;0;-2.05301;-19.9706;9.25188;-8.4342
-0.352916;-0.188282;0;-2.03924;-19.8349;9.18985;-8.37766
-0.350523;-0.192701;0;-2.02484;-19.6933;9.12502;-8.31855
-0.348074;-0.197091;0;-2.00961;-19.5436;9.05638;-8.25598
-0.345569;-0.201449;0;-1.99436;-19.3937;8.98771;-8.19338
-0.343011;-0.205776;0;-1.97911;-19.2438;8.91902;-8.13076
-0.340398;-0.21007;0;-1.96386;-19.0939;8.85032;-8.06813
-0.337731;-0.214331;0;-1.9486;-18.9439;8.78161;-8.0055
-0.335011;-0.218558;0;-1.93335;-18.794;8.71292;-7.94287
-0.332238;-0.22275;0;-1.91811;-18.6441;8.64424;-7.88027
-0.329413;-0.226908;0;-1.90287;-18.4943;8.5756;-7.81769
-0.326536;-0.231029;0;-1.88713;-18.3395;8.50475;-7.75311
-0.323607;-0.235114;0;-1.87118;-18.1825;8.43292;-7.68762
-0.320627;-0.239162;0;-1.85524;-18.0256;8.36112;-7.62217
-0.317596;-0.243172;0;-1.83926;-17.8684;8.28917;-7.55658
-0.314515;-0.247144;0;-1.82084;-17.6878;8.20618;-7.48092
-0.311385;-0.251077;0;-1.80124;-17.4957;8.11792;-7.40046
-0.308205;-0.25497;0;-1.78163;-17.3035;8.02959;-7.31993
-0.304977;-0.258822;0;-1.76201;-17.1111;7.9412;-7.23936
-0.301701;-0.262634;0;-1.74238;-16.9187;7.85276;-7.15874
-0.298376;-0.266405;0;-1.72274;-16.7261;7.76429;-7.07809
-0.295005;-0.270133;0;-1.70309;-16.5335;7.67581;-6.99742
-0.291587;-0.273819;0;-1.68345;-16.341;7.58732;-6.91676
-0.288124;-0.277461;0;-1.66381;-16.1484;7.49884;-6.8361
-0.284614;-0.28106;0;-1.64417;-15.9559;7.41039;-6.75546
-0.28106;-0.284614;0;-1.62454;-15.7635;7.32197;-6.67486
-0.277461;-0.288124;0;-1.60404;-15.5633;7.2296;-6.59065
-0.273819;-0.291587;0;-1.58308;-15.3587;7.13517;-6.50456
-0.270133;-0.295005;0;-1.56112;-15.1444;7.03625;-6.41439
-0.266405;-0.298376;0;-1.53866;-14.9251;6.93506;-6.32214
-0.262634;-0.301701;0;-1.51619;-14.7058;6.83382;-6.22985
-0.258822;-0.304977;0;-1.49372;-14.4863;6.73254;-6.13752
-0.25497;-0.308205;0;-1.47123;-14.2669;6.63125;-6.04518
-0.251077;-0.311385;0;-1.44875;-14.0474;6.52995;-5.95283
-0.247144;-0.314515;0;-1.42627;-13.828;6.42866;-5.8605
-0.243172;-0.317596;0;-1.4038;-13.6086;6.32741;-5.7682
-0.239162;-0.320627;0;-1.38134;-13.3893;6.2262;-5.67593
-0.235114;-0.323607;0;-1.35889;-13.1701;6.12505;-5.58372
-0.231029;-0.326536;0;-1.33646;-12.9512;6.02398;-5.49159
-0.226908;-0.329413;0;-1.31347;-12.7271;5.92041;-5.39717
-0.22275;-0.332238;0;-1.28903;-12.4893;5.81033;-5.29682
-0.218558;-0.335011;0;-1.26411;-12.2469;5.69802;-5.19443
-0.214331;-0.337731;0;-1.23895;-12.0021;5.58462;-5.09105
-0.21007;-0.340398;0;-1.21377;-11.7573;5.47116;-4.98762
-0.205776;-0.343011;0;-1.18858;-11.5123;5.35766;-4.88415
-0.201449;-0.345569;0;-1.16339;-11.2673;5.24414;-4.78067
-0.197091;-0.348074;0;-1.1382;-11.0223;5.13062;-4.67718
-0.192701;-0.350523;0;-1.11301;-10.7773;5.01711;-4.5737
-0.188282;-0.352916;0;-1.08783;-10.5324;4.90363;-4.47025
-0.183832;-0.355255;0;-1.06266;-10.2876;4.7902;-4.36684
-0.179353;-0.357537;0;-1.0375;-10.043;4.67684;-4.2635
-0.174846;-0.359762;0;-1.01236;-9.79848;4.56356;-4.16024
-0.170312;-0.361931;0;-0.9863;-9.5457;4.44612;-4.05317
-0.16575;-0.364042;0;-0.959382;-9.28472;4.3248;-3.94258
-0.161163;-0.366096;0;-0.932189;-9.02107;4.20225;-3.83085
-0.156549;-0.368093;0;-0.904978;-8.75725;4.07961;-3.71905
-0.151912;-0.370031;0;-0.877753;-8.4933;3.95691;-3.6072
-0.14725;-0.371911;0;-0.85052;-8.22926;3.83417;-3.49531
-0.142565;-0.373732;0;-0.823282;-7.96518;3.71141;-3.3834
-0.137857;-0.375494;0;-0.796044;-7.7011;3.58865;-3.27149
-0.133128;-0.377196;0;-0.768809;-7.43705;3.46591;-3.1596
-0.128377;-0.378839;0;-0.741583;-7.17308;3.34321;-3.04773
-0.123607;-0.380423;0;-0.714369;-6.90923;3.22056;-2.93592
-0.118817;-0.381946;0;-0.687172;-6.64555;3.09798;-2.82418
-0.114008;-0.383409;0;-0.659997;-6.38207;2.9755;-2.71253
-0.109181;-0.384811;0;-0.632874;-6.11912;2.85326;-2.60109
-0.104337;-0.386153;0;-0.604459;-5.84421;2.72519;-2.48434
-0.099476;-0.387433;0;-0.575982;-5.5687;2.59684;-2.36733
-0.0945996;-0.388653;0;-0.54749;-5.29303;2.46842;-2.25026
-0.0897083;-0.389811;0;-0.518986;-5.01726;2.33994;-2.13314
-0.0848028;-0.390907;0;-0.490496;-4.74161;2.21153;-2.01608
-0.079884;-0.391942;0;-0.461953;-4.46544;2.08288;-1.8988
-0.0749525;-0.392915;0;-0.433392;-4.1891;1.95415;-1.78144
-0.0700092;-0.393826;0;-0.404834;-3.91279;1.82543;-1.6641
-0.0650549;-0.394674;0;-0.376285;-3.63657;1.69675;-1.54679
-0.0600902;-0.395461;0;-0.34775;-3.36047;1.56813;-1.42954
-0.0551161;-0.396185;0;-0.319232;-3.08454;1.4396;-1.31237
-0.0501333;-0.396846;0;-0.29045;-2.80624;1.30986;-1.19409
-0.0451426;-0.397445;0;-0.261407;-2.52551;1.17895;-1.07475
-0.0401447;-0.39798;0;-0.232347;-2.24463;1.04796;-0.955343
-0.0351405;-0.398453;0;-0.203276;-1.96362;0.916923;-0.835886
-0.0301307;-0.398864;0;-0.174245;-1.68301;0.786065;-0.716593
-0.0251162;-0.399211;0;-0.145145;-1.40173;0.654901;-0.597021
-0.0200977;-0.399495;0;-0.116044;-1.12044;0.523728;-0.477441
-0.0150761;-0.399716;0;-0.0869453;-0.839179;0.392567;-0.357872
-0.010052;-0.399874;0;-0.0578539;-0.557984;0.261438;-0.238333
-0.00502642;-0.399968;0;-0.0287744;-0.276904;0.130363;-0.118842
-7.34788e-17;-0.4;0;0.000288642;0.00401643;-0.000637397;0.000581064
0.00502642;-0.399968;0;0.0291233;0.282742;-0.13061;0.119067
0.010052;-0.399874;0;0.0580736;0.562611;-0.261107;0.238031
0.0150761;-0.399716;0;0.0870479;0.842714;-0.391713;0.357093
0.0200977;-0.399495;0;0.116042;1.12301;-0.522406;0.476236
0.0251162;-0.399211;0;0.145051;1.40344;-0.653168;0.595441
0.0301307;-0.398864;0;0.17407;1.68398;-0.783975;0.714688
0.0351405;-0.398453;0;0.203095;1.96457;-0.914809;0.833959
0.0401447;-0.39798;0;0.232121;2.24517;-1.04565;0.953235
0.0451426;-0.397445;0;0.261144;2.52574;-1.17647;1.0725
0.0501333;-0.396846;0;0.290159;2.80624;-1.30726;1.19173
0.0551161;-0.396185;0;0.319023;3.08502;-1.43736;1.31032
0.0600902;-0.395461;0;0.347989;3.36478;-1.56791;1.42934
0.0650549;-0.394674;0;0.376191;3.63762;-1.69502;1.54521
0.0700092;-0.393826;0;0.404841;3.91481;-1.82415;1.66293
0.0749525;-0.392915;0;0.433494;4.19203;-1.95329;1.78066
0.079884;-0.391942;0;0.462145;4.46923;-2.08242;1.89838
0.0848028;-0.390907;0;0.490169;4.74036;-2.20874;2.01353
0.0897083;-0.389811;0;0.518413;5.01364;-2.33605;2.12959
0.0945996;-0.388653;0;0.546665;5.28699;-2.4634;2.24568
0.099476;-0.387433;0;0.574919;5.56038;-2.59076;2.36179
0.104337;-0.386153;0;0.603172;5.83375;-2.71811;2.47789
0.109181;-0.384811;0;0.63142;6.10706;-2.84544;2.59396
0.114008;-0.383409;0;0.659656;6.38027;-2.97272;2.70999
0.118817;-0.381946;0;0.68663;6.64157;-3.09429;2.82082
0.123607;-0.380423;0;0.713915;6.90607;-3.21726;2.93292
0.128377;-0.378839;0;0.741214;7.17071;-3.3403;3.04508
0.133128;-0.377196;0;0.768523;7.43545;-3.46338;3.15729
0.137857;-0.375494;0;0.795838;7.70024;-3.58648;3.26951
0.142565;-0.373732;0;0.823154;7.96505;-3.7096;3.38174
0.14725;-0.371911;0;0.850468;8.22982;-3.83269;3.49396
0.151912;-0.370031;0;0.877774;8.49453;-3.95576;3.60615
0.156549;-0.368093;0;0.905068;8.75913;-4.07877;3.71829
0.161163;-0.366096;0;0.932347;9.02357;-4.20172;3.83037
0.16575;-0.364042;0;0.959606;9.28782;-4.32457;3.94237
0.170312;-0.361931;0;0.98638;9.54745;-4.44525;4.05238
0.174846;-0.359762;0;1.0124;9.80001;-4.56254;4.15931
0.179353;-0.357537;0;1.03765;10.0455;-4.67634;4.26305
0.183832;-0.355255;0;1.06292;10.2911;-4.79021;4.36685
0.188282;-0.352916;0;1.0882;10.5368;-4.90414;4.47071
0.192701;-0.350523;0;1.11349;10.7826;-5.01811;4.57461
0.197091;-0.348074;0;1.13879;11.0285;-5.13209;4.67852
0.201449;-0.345569;0;1.16408;11.2744;-5.24609;4.78244
0.205776;-0.343011;0;1.18937;11.5202;-5.36006;4.88634
0.21007;-0.340398;0;1.21466;11.766;-5.47401;4.99022
0.214331;-0.337731;0;1.23993;12.0117;-5.5879;5.09404
0.218558;-0.335011;0;1.26519;12.2572;-5.70172;5.19781
0.22275;-0.332238;0;1.29042;12.5025;-5.81546;5.30149
0.226908;-0.329413;0;1.31462;12.738;-5.92449;5.40089
0.231029;-0.326536;0;1.33716;12.9579;-6.0261;5.49351
0.235114;-0.323607;0;1.35973;13.178;-6.12778;5.58621
0.239162;-0.320627;0;1.38231;13.3983;-6.22954;5.67897
0.243172;-0.317596;0;1.40491;13.6186;-6.33135;5.77178
0.247144;-0.314515;0;1.42751;13.839;-6.43319;5.86463
0.251077;-0.311385;0;1.45011;14.0595;-6.53505;5.95749
0.25497;-0.308205;0;1.47272;14.28;-6.63692;6.05035
0.258822;-0.304977;0;1.49532;14.5004;-6.73877;6.1432
0.262634;-0.301701;0;1.51792;14.7208;-6.84059;6.23603
0.266405;-0.298376;0;1.54051;14.9411;-6.94237;6.32881
0.270133;-0.295005;0;1.56308;15.1613;-7.04409;6.42154
0.273819;-0.291587;0;1.58564;15.3813;-7.14574;6.5142
0.277461;-0.288124;0;1.60777;15.5972;-7.24549;6.60513
0.28106;-0.284614;0;1.62766;15.7917;-7.33512;6.68684
0.284614;-0.28106;0;1.64708;15.9817;-7.42262;6.76661
0.288124;-0.277461;0;1.66651;16.1719;-7.51016;6.84641
0.291587;-0.273819;0;1.68595;16.3621;-7.59773;6.92625
0.295005;-0.270133;0;1.70539;16.5523;-7.68533;7.0061
0.298376;-0.266405;0;1.72483;16.7426;-7.77292;7.08595
0.301701;-0.262634;0;1.74427;16.9328;-7.86051;7.1658
0.304977;-0.258822;0;1.7637;17.123;-7.94807;7.24563
0.308205;-0.25497;0;1.78313;17.3131;-8.0356;7.32542
0.311385;-0.251077;0;1.80254;17.5031;-8.12307;7.40516
0.314515;-0.247144;0;1.82194;17.6929;-8.21048;7.48485
0.317596;-0.243172;0;1.84068;17.8765;-8.29495;7.56184
0.320627;-0.239162;0;1.85637;18.0305;-8.36563;7.62628
0.323607;-0.235114;0;1.87207;18.1846;-8.43637;7.69077
0.326536;-0.231029;0;1.88778;18.3388;-8.50716;7.7553
0.329413;-0.226908;0;1.9035;18.4931;-8.57798;7.81986
0.332238;-0.22275;0;1.91923;18.6475;-8.64883;7.88445
0.335011;-0.218558;0;1.93496;18.8019;-8.71969;7.94905
0.337731;-0.214331;0;1.95069;18.9563;-8.79056;8.01365
0.340398;-0.21007;0;1.96641;19.1107;-8.86142;8.07825
0.343011;-0.205776;0;1.98213;19.265;-8.93225;8.14282
0.345569;-0.201449;0;1.99785;19.4193;-9.00306;8.20737
0.348074;-0.197091;0;2.01356;19.5734;-9.07383;8.27189
0.350523;-0.192701;0;2.02925;19.7275;-9.14454;8.33635
0.352916;-0.188282;0;2.04493;19.8814;-9.21519;8.40075
0.355255;-0.183832;0;2.05859;20.0157;-9.27672;8.45685
0.357537;-0.179353;0;2.07025;20.1306;-9.32924;8.50472
0.359762;-0.174846;0;2.08191;20.2455;-9.38178;8.55262
0.361931;-0.170312;0;2.09306;20.3553;-9.43202;8.59842
0.364042;-0.16575;0;2.10413;20.4644;-9.4819;8.6439
0.366096;-0.161163;0;2.11521;20.5734;-9.53181;8.68939
0.368093;-0.156549;0;2.12629;20.6825;-9.58171;8.73489
0.370031;-0.151912;0;2.13736;20.7915;-9.63162;8.78038
0.371911;-0.14725;0;2.14844;20.9005;-9.68151;8.82587
0.373732;-0.142565;0;2.15951;21.0095;-9.73139;8.87133
0.375494;-0.137857;0;2.17057;21.1185;-9.78124;8.91678
0.377196;-0.133128;0;2.18163;21.2273;-9.83106;8.96219
0.378839;-0.128377;0;2.19263;21.3356;-9.88061;9.00737
0.380423;-0.123607;0;2.20255;21.4334;-9.92526;9.04807
0.381946;-0.118817;0;2.20972;21.5046;-9.95751;9.07747
0.383409;-0.114008;0;2.21689;21.5758;-9.98978;9.10689
0.384811;-0.109181;0;2.22406;21.6471;-10.0221;9.13631
0.386153;-0.104337;0;2.23087;21.7146;-10.0527;9.16424
0.387433;-0.099476;0;2.23701;21.7754;-10.0803;9.18942
0.388653;-0.0945996;0;2.24314;21.8362;-10.1079;9.2146
0.389811;-0.0897083;0;2.24928;21.897;-10.1356;9.23979
0.390907;-0.0848028;0;2.25542;21.9578;-10.1632;9.26498
0.391942;-0.079884;0;2.26156;22.0186;-10.1908;9.29017
0.392915;-0.0749525;0;2.26769;22.0793;-10.2184;9.31534
0.393826;-0.0700092;0;2.27382;22.1401;-10.2461;9.34051
0.394674;-0.0650549;0;2.27995;22.2008;-10.2736;9.36566
0.395461;-0.0600902;0;2.28608;22.2614;-10.3012;9.3908
0.396185;-0.0551161;0;2.2898;22.2988;-10.3179;9.40603
0.396846;-0.0501333;0;2.29258;22.3271;-10.3304;9.41739
0.397445;-0.0451426;0;2.29536;22.3554;-10.3429;9.42876
0.39798;-0.0401447;0;2.29733;22.3754;-10.3516;9.43677
0.398453;-0.0351405;0;2.29861;22.3887;-10.3574;9.442
0.398864;-0.0301307;0;2.29989;22.4019;-10.3631;9.44723
0.399211;-0.0251162;0;2.30118;22.4152;-10.3689;9.45246
0.399495;-0.0200977;0;2.30246;22.4284;-10.3746;9.45769
0.399716;-0.0150761;0;2.30375;22.4417;-10.3803;9.46293
0.399874;-0.010052;0;2.30503;22.455;-10.3861;9.46816
0.399968;-0.00502642;0;2.30632;22.4682;-10.3918;9.47339
