0.5;0;0;21850.975304814048286;-3692.6136601319208239;21862.878060688562982;-3720.7412737420568192
0.49901336421413577948;0.03139525976465668694;0;21807.857396430517838;-3685.3271305710063643;21819.739474269790662;-3713.4025118881172602
0.49605735065723893795;0.062666616782152129161;0;21678.673837965619896;-3663.4962984915409834;21690.493711785500636;-3691.4149126375214109
0.49114362536434436057;0.093690657292862314365;0;21463.934457906267198;-3627.2073202141846195;21475.650115754982835;-3654.8644442931667982
0.48429158056431553803;0.12434494358242739742;0;21164.486734480444284;-3576.6034117573399271;21176.055431547400076;-3603.8940841174730849
0.47552825814757676559;0.15450849718747369788;0;20781.512451047881768;-3511.8842836289954903;20792.890571026087855;-3538.7033594996014472
0.46488824294412572913;0.18406227634233895962;0;20316.523032140969008;-3433.3053526604116996;20327.666086003377131;-3459.5476977520893342
0.45241352623300978841;0.212889645782536302;0;19771.353578562680923;-3341.1767339929251648;19782.216357162884378;-3366.7375770069461396
0.43815334002193179197;0.24087683705085760622;0;19148.155625082050392;-3235.8620171948559801;19158.692507507410483;-3260.6374691401229029
0.42216396275100759317;0.26791339748949827282;0;18449.388649309410539;-3117.7768313395881705;18459.554053965272033;-3141.664564806238559
0.40450849718747372563;0.29389262614623651304;0;17677.810365261862898;-2987.3872047078302785;17687.559316624890926;-3010.2872708270706426
0.38525662138789468214;0.31871199487434481723;0;16836.465839925967884;-2845.2077255864223844;16845.754612123044353;-2867.0234716394384122
0.36448431371070583173;0.34227355296434425203;0;15928.675475769459808;-2691.7995114239211034;15937.462265824728092;-2712.4385494715525056
0.34227355296434441856;0.3644843137107056652;0;14958.021906629706791;-2527.7679943560488027;14966.267486303810074;-2547.1431624094693689
0.31871199487434492825;0.38525662138789451561;0;13928.335858694665149;-2353.7605318418254683;13936.004154838266913;-2371.790785365337797
0.29389262614623667957;0.40450849718747361461;0;12843.681032376731309;-2170.4638518392744118;12850.739591682719038;-2187.0750257410018094
0.26791339748949838384;0.42216396275100748214;0;11708.338064743717041;-1978.6013426041495222;11714.758369221563044;-1993.7267326741741726
0.24087683705085766173;0.43815334002193179197;0;10526.787635800017597;-1778.9301978067355776;10532.545249232365677;-1792.5109253858122429
0.21288964578253632975;0.45241352623300978841;0;9303.6927852896242257;-1572.2384282344792155;9308.7673269822535076;-1584.2235714991149962
0.18406227634233893187;0.46488824294412572913;0;8043.8805098086140788;-1359.3417518733940597;8048.2554684580645699;-1369.6882495409568037
0.15450849718747364236;0.4755282581475768211;0;6752.322712854836027;-1141.0803746418391711;6755.9851286122520833;-1149.7527306283122925
0.12434494358242727252;0.48429158056431559354;0;5434.1165829962292264;-918.31567448160785716;5437.0566381981498125;-925.28551236095597687
0.093690657292862147831;0.49114362536434436057;0;4094.4644775962542553;-691.92680189272232383;4096.6750448636976216;-697.17233332008856905
0.062666616782151907117;0.49605735065723893795;0;2738.6533914860938239;-462.80721032805274717;2740.1295911117749711;-466.31268981996163348
0.031395259764656430201;0.49901336421413577948;0;1372.0340916114596439;-231.86113014072313376;1372.7729080403803437;-233.61636849853579179
-3.0245073740886312578e-16;0.5;0;-1.3217687188087733219e-11;2.2336674489458809478e-12;-1.1250720948534009055e-11;7.9725369074041095182e-13
-0.031395259764657033885;0.49901336421413577948;0;-1372.0340916114860192;231.86113014072520855;-1372.7729080404149045;233.61636849853837816
-0.062666616782152503862;0.49605735065723888244;0;-2738.6533914861197445;462.8072103280572378;-2740.1295911117958894;466.31268981996618095
-0.093690657292862744576;0.49114362536434424955;0;-4094.4644775962801759;691.92680189272664393;-4096.6750448637294539;697.17233332008572688
-0.12434494358242785539;0.484291580564315427;0;-5434.1165829962546923;918.31567448161206357;-5437.0566381981652739;925.28551236096097909
-0.15450849718747419748;0.47552825814757659906;0;-6752.3227128548596738;1141.0803746418548599;-6755.9851286122693637;1149.7527306283129747
-0.18406227634233951473;0.46488824294412550708;0;-8043.8805098086395446;1359.3417518733986071;-8048.2554684580554749;1369.6882495409570311
-0.21288964578253677384;0.45241352623300956637;0;-9303.6927852896424156;1572.2384282344828534;-9308.7673269822753355;1584.2235714991168152
-0.24087683705085810582;0.43815334002193151441;0;-10526.787635800035787;1778.9301978067385335;-10532.545249232423885;1792.510925385809287
-0.26791339748949877242;0.42216396275100720459;0;-11708.33806474373705;1978.6013426041722596;-11714.758369221601242;1993.7267326741803117
-0.29389262614623706815;0.40450849718747333705;0;-12843.68103237674768;2170.463851839277595;-12850.739591682766331;2187.0750257409881669
-0.31871199487434537234;0.38525662138789418254;0;-13928.335858694683338;2353.7605318418045499;-13936.004154838228715;2371.7907853653164238
-0.34227355296434486265;0.36448431371070527662;0;-14958.0219066297268;2527.7679943560524407;-14966.267486303855549;2547.1431624094602739
-0.36448431371070627582;0.34227355296434380794;0;-15928.675475769477998;2691.7995114239238319;-15937.462265824751739;2712.4385494715584173
-0.38525662138789512623;0.31871199487434426212;0;-16836.465839925986074;2845.2077255864260223;-16845.754612123015249;2867.0234716394520547
-0.40450849718747422523;0.29389262614623590242;0;-17677.810365261881088;2987.3872047078039031;-17687.559316624916391;3010.2872708270510884
-0.42216396275100803726;0.26791339748949755117;0;-18449.388649309428729;3117.7768313395913538;-18459.554053965257481;3141.6645648062540204
-0.43815334002193223606;0.24087683705085682906;0;-19148.155625082068582;3235.8620171948268762;-19158.692507507421396;3260.6374691401092605
-0.45241352623301017699;0.21288964578253544158;0;-19771.353578562699113;3341.1767339929288028;-19782.216357162866188;3366.7375770069552345
-0.46488824294412606219;0.18406227634233804369;0;-20316.52303214098356;3433.3053526604135186;-20327.666086003384407;3459.5476977521061599
-0.47552825814757709866;0.15450849718747269868;0;-20781.512451047892682;3511.8842836289622937;-20792.890571026087855;3538.7033594995905332
-0.48429158056431581558;0.12434494358242632883;0;-21164.486734480455198;3576.6034117573785807;-21176.055431547403714;3603.8940841174694469
-0.49114362536434452711;0.093690657292861190264;0;-21463.934457906270836;3627.2073202142223636;-21475.650115755008301;3654.8644442931840786
-0.49605735065723904897;0.062666616782150949549;0;-21678.673837965627172;3663.4962984915423476;-21690.493711785555206;3691.4149126375368724
-0.499013364214135835;0.031395259764655465695;0;-21807.857396430525114;3685.3271305710436536;-21819.739474269797938;3713.4025118881413619
-0.5;-1.2710352895928202744e-15;0;-21850.975304814048286;3692.6136601319208239;-21862.878060688573896;3720.7412737420572739
-0.49901336421413572397;-0.031395259764657998391;0;-21807.857396430517838;3685.3271305710063643;-21819.739474269750644;3713.4025118881113485
-0.49605735065723877142;-0.062666616782153475307;0;-21678.67383796561262;3663.4962984915391644;-21690.493711785551568;3691.4149126375118612
-0.49114362536434408302;-0.093690657292863688266;0;-21463.934457906252646;3627.2073202141828006;-21475.650115754968283;3654.8644442931681624
-0.48429158056431520496;-0.12434494358242879908;0;-21164.486734480429732;3576.6034117573371987;-21176.055431547385524;3603.894084117465809
-0.4755282581475763215;-0.15450849718747511341;0;-20781.512451047863578;3511.8842836289577463;-20792.890571026084217;3538.7033594995868953
-0.46488824294412511851;-0.18406227634234040291;0;-20316.523032140943542;3433.3053526604412582;-20327.666086003333476;3459.5476977520943365
-0.45241352623300906677;-0.21288964578253774529;0;-19771.353578562648181;3341.1767339929547234;-19782.216357162837085;3366.7375770069761529
-0.43815334002193101481;-0.2408768370508590495;0;-19148.15562508201765;3235.8620171948173265;-19158.692507507363189;3260.6374691401110795
-0.42216396275100664948;-0.26791339748949971611;0;-18449.388649309374159;3117.7768313395808946;-18459.554053965246567;3141.6645648062376495
-0.40450849718747272643;-0.29389262614623795633;0;-17677.810365261822881;2987.3872047077929892;-17687.559316624861822;3010.287270827037446
-0.38525662138789351641;-0.31871199487434620501;0;-16836.465839925916953;2845.2077255864151084;-16845.754612122986146;2867.0234716394415955
-0.36448431371070455498;-0.3422735529643456398;0;-15928.675475769407058;2691.7995114239124632;-15937.462265824702627;2712.4385494715529603
-0.34227355296434297527;-0.36448431371070699747;0;-14958.021906629646764;2527.7679943560642641;-14966.267486303782789;2547.1431624094684594
-0.31871199487434342945;-0.38525662138789579236;0;-13928.335858694603303;2353.7605318417909075;-13936.00415483820143;2371.7907853653164238
-0.29389262614623518077;-0.40450849718747472483;0;-12843.681032376660369;2170.4638518392621336;-12850.739591682657192;2187.0750257409781625
-0.26791339748949705157;-0.42216396275100837032;0;-11708.338064743662471;1978.6013426041397452;-11714.758369221513931;1993.7267326741603028
-0.24087683705085646824;-0.4381533400219324581;0;-10526.787635799968484;1778.9301978067271648;-10532.545249232347487;1792.5109253857883687
-0.21288964578253527504;-0.4524135262330102325;0;-9303.6927852895823889;1572.2384282344878557;-9308.7673269822316797;1584.2235714991143141
-0.18406227634233807144;-0.46488824294412606219;0;-8043.88050980857588;1359.3417518733876932;-8048.2554684580263711;1369.6882495409458897
-0.15450849718747294848;-0.47552825814757704315;0;-6752.3227128548041946;1141.0803746418339415;-6755.9851286122247984;1149.7527306283045618
-0.1243449435824267868;-0.48429158056431570456;0;-5434.116582996206489;918.31567448160410549;-5437.0566381981334416;925.28551236095211152
-0.093690657292861884153;-0.49114362536434441608;0;-4094.4644775962419772;691.92680189272027746;-4096.6750448636958026;697.17233332008436264
-0.062666616782151865483;-0.49605735065723893795;0;-2738.6533914860915502;462.80721032805229243;-2740.1295911117831565;466.3126898199674315
-0.031395259764656603674;-0.49901336421413577948;0;-1372.0340916114664651;231.8611301407219969;-1372.7729080403987609;233.61636849853780973
-9.1848509936051484375e-17;-0.5;0;-3.513904830519632198e-12;5.9381756633634876695e-13;-1.069494623865930497e-11;1.1870387875259744664e-12
0.031395259764656416324;-0.49901336421413577948;0;1372.0340916114596439;-231.86113014072313376;1372.7729080403773878;-233.61636849853272224
0.062666616782151671194;-0.49605735065723899346;0;2738.6533914860838195;-462.80721032805104187;2740.1295911117595097;-466.31268981995543754
0.093690657292861703742;-0.4911436253643444716;0;4094.4644775962347012;-691.92680189271891322;4096.6750448636867077;-697.17233332007515401
0.12434494358242660639;-0.48429158056431576007;0;5434.1165829962001226;-918.31567448160308231;5437.0566381981134327;-925.28551236095074728
0.15450849718747278194;-0.47552825814757709866;0;6752.3227128547969187;-1141.0803746418328046;6755.9851286122066085;-1149.7527306283022881
0.18406227634233790491;-0.46488824294412611771;0;8043.8805098085695136;-1359.3417518733865563;8048.2554684579963578;-1369.6882495409442981
0.21288964578253510851;-0.45241352623301034352;0;9303.692785289569656;-1572.2384282344701205;9308.767326982191662;-1584.223571499106356
0.2408768370508563017;-0.43815334002193251361;0;10526.78763579995757;-1778.9301978067251184;10532.545249232325659;-1792.5109253858056491
0.26791339748949688504;-0.42216396275100842583;0;11708.338064743653376;-1978.6013426041383809;11714.758369221508474;-1993.7267326741675788
0.29389262614623506975;-0.40450849718747483585;0;12843.681032376660369;-2170.4638518392621336;12850.739591682644459;-2187.0750257409699771
0.31871199487434326292;-0.38525662138789590339;0;13928.335858694592389;-2353.7605318417890885;13936.004154838155955;-2371.7907853653118764
0.34227355296434269771;-0.36448431371070727502;0;14958.021906629632213;-2527.7679943560624451;14966.267486303766418;-2547.1431624094443578
0.36448431371070411089;-0.34227355296434608389;0;15928.675475769383411;-2691.7995114239083705;15937.4622658246426;-2712.4385494715525056
0.38525662138789296129;-0.31871199487434687114;0;16836.465839925887849;-2845.2077255864096514;16845.754612122927938;-2867.0234716394465977
0.4045084971874720603;-0.293892626146238789;0;17677.810365261790139;-2987.3872047078175456;17687.559316624825442;-3010.2872708270529074
0.42216396275100598334;-0.26791339748950082633;0;18449.388649309337779;-3117.7768313395754376;18459.554053965173807;-3141.6645648062358305
0.43815334002193029317;-0.24087683705086038177;0;19148.155625081984908;-3235.8620171948114148;19158.692507507330447;-3260.6374691401060772
0.45241352623300834512;-0.21288964578253932736;0;19771.353578562615439;-3341.1767339929156151;19782.216357162844361;-3366.7375770069443206
0.46488824294412439686;-0.18406227634234223478;0;20316.523032140914438;-3433.305352660436256;20327.666086003297096;-3459.5476977520784203
0.47552825814757565537;-0.15450849718747719508;0;20781.512451047830837;-3511.8842836289522893;20792.890571026040561;-3538.7033594995691601
0.48429158056431459434;-0.12434494358243111667;0;21164.486734480404266;-3576.6034117573326512;21176.055431547327316;-3603.894084117458533
0.49114362536434358342;-0.093690657292866269534;0;21463.934457906230818;-3627.2073202142159971;21475.650115754950093;-3654.8644442931813501
0.49605735065723838284;-0.062666616782156292498;0;21678.673837965598068;-3663.4962984915373454;21690.493711785522464;-3691.4149126375236847
0.49901336421413550193;-0.031395259764661065383;0;21807.857396430510562;-3685.3271305710045453;21819.739474269805214;-3713.4025118881427261
