0.5;0;0;21850.975304814048286;-3692.6136601319208239;21852.052832876961475;-3695.1214038218618043
0.49901336421413577948;0.03139525976465668694;0;21807.857396430517838;-3685.3271305710063643;21808.933050519513927;-3687.8302188540037605
0.49605735065723893795;0.062666616782152129161;0;21678.673837965619896;-3663.4962984915409834;21679.743859025958955;-3665.9854085359743294
0.49114362536434436057;0.093690657292862314365;0;21463.934457906267198;-3627.2073202141846195;21464.99504334471203;-3629.6731128699739202
0.48429158056431553803;0.12434494358242739742;0;21164.486734480444284;-3576.6034117573399271;21165.53401596308322;-3579.0365273054694626
0.47552825814757676559;0.15450849718747369788;0;20781.512451047881768;-3511.8842836289954903;20782.542481988682994;-3514.2753469265412605
0.46488824294412572913;0.18406227634233895962;0;20316.523032140969008;-3433.3053526604116996;20317.531787509833521;-3435.6449904773430717
0.45241352623300978841;0.212889645782536302;0;19771.353578562680923;-3341.1767339929251648;19772.336968510127917;-3343.455606400760189
0.43815334002193179197;0.24087683705085760622;0;19148.155625082050392;-3235.8620171948559801;19149.109522590406414;-3238.0708637186776286
0.42216396275100759317;0.26791339748949827282;0;18449.388649309410539;-3117.7768313395881705;18450.308930735624017;-3119.9065312832226482
0.40450849718747372563;0.29389262614623651304;0;17677.810365261862898;-2987.3872047078302785;17678.692961378859763;-2989.4288496952367495
0.38525662138789468214;0.31871199487434481723;0;16836.465839925967884;-2845.2077255864223844;16837.306793992349412;-2847.1527010532881832
0.36448431371070583173;0.34227355296434425203;0;15928.675475769459808;-2691.7995114239211034;15929.471004393994008;-2693.6395826706784646
0.34227355296434441856;0.3644843137107056652;0;14958.021906629706791;-2527.7679943560488027;14958.768458817108694;-2529.4953919815570771
0.31871199487434492825;0.38525662138789451561;0;13928.335858694665149;-2353.7605318418254683;13929.030157877379679;-2355.3680096180605688
0.29389262614623667957;0.40450849718747361461;0;12843.681032376731309;-2170.4638518392744118;12844.320150895326151;-2171.9448410892637185
0.26791339748949838384;0.42216396275100748214;0;11708.338064743717041;-1978.6013426041495222;11708.919430710253437;-1979.9498920271951192
0.24087683705085766173;0.43815334002193179197;0;10526.787635800017597;-1778.9301978067355776;10527.309039752492026;-1780.1410382388423841
0.21288964578253632975;0.45241352623300978841;0;9303.6927852896242257;-1572.2384282344792155;9304.1523788370104739;-1573.3070028387289767
0.18406227634233893187;0.46488824294412572913;0;8043.8805098086140788;-1359.3417518733940597;8044.276792358399689;-1360.2642144228991583
0.15450849718747364236;0.4755282581475768211;0;6752.322712854836027;-1141.0803746418391711;6752.6545060261023536;-1141.8535621913538307
0.12434494358242727252;0.48429158056431559354;0;5434.1165829962292264;-918.31567448160785716;5434.3829951614306992;-918.93706290273598825
0.093690657292862147831;0.49114362536434436057;0;4094.4644775962542553;-691.92680189272232383;4094.6648629368387446;-692.39445346533193515
0.062666616782151907117;0.49605735065723893795;0;2738.6533914860938239;-462.80721032805274717;2738.7873088825072045;-463.11972204573652334
0.031395259764656430201;0.49901336421413577948;0;1372.0340916114596439;-231.86113014072313376;1372.1012686548781403;-232.01758993867204595
-3.0245073740886312578e-16;0.5;0;-1.3217687188087733219e-11;2.2336674489458809478e-12;0.00030657517537225297249;4.3878610735800300429e-05
-0.031395259764657033885;0.49901336421413577948;0;-1372.0340916114860192;231.86113014072520855;-1372.1006571087930297;232.01768361908449378
-0.062666616782152503862;0.49605735065723888244;0;-2738.6533914861197445;462.8072103280572378;-2738.7867018978317901;463.11983092194395795
-0.093690657292862744576;0.49114362536434424955;0;-4094.4644775962801759;691.92680189272664393;-4094.6642630050973821;692.39458009920394943
-0.12434494358242785539;0.484291580564315427;0;-5434.1165829962546923;918.31567448161206357;-5434.3824047932821486;918.93720172163443749
-0.15450849718747419748;0.47552825814757659906;0;-6752.3227128548596738;1141.0803746418548599;-6752.6539289083402764;1141.8537016008940554
-0.18406227634233951473;0.46488824294412550708;0;-8043.8805098086395446;1359.3417518733986071;-8044.2762346237586826;1360.264342024520829
-0.21288964578253677384;0.45241352623300956637;0;-9303.6927852896424156;1572.2384282344828534;-9304.1518494801748602;1573.3071119896255823
-0.24087683705085810582;0.43815334002193151441;0;-10526.787635800035787;1778.9301978067385335;-10527.308549150851832;1780.1411331217643692
-0.26791339748949877242;0.42216396275100720459;0;-11708.33806474373705;1978.6013426041722596;-11708.918986573595248;1979.9499879159684497
-0.29389262614623706815;0.40450849718747333705;0;-12843.68103237674768;2170.463851839277595;-12844.319751754772369;2171.9449568420468495
-0.31871199487434537234;0.38525662138789418254;0;-13928.335858694683338;2353.7605318418045499;-13929.029785275084578;2355.3681506729985813
-0.34227355296434486265;0.36448431371070527662;0;-14958.0219066297268;2527.7679943560524407;-14958.768070454596455;2529.4955241155312251
-0.36448431371070627582;0.34227355296434380794;0;-15928.675475769477998;2691.7995114239238319;-15929.470641350193546;2693.6397181868169355
-0.38525662138789512623;0.31871199487434426212;0;-16836.465839925986074;2845.2077255864260223;-16837.306454596935509;2847.1528394066576766
-0.40450849718747422523;0.29389262614623590242;0;-17677.810365261881088;2987.3872047078039031;-17678.69264351390666;2989.4289903675708047
-0.42216396275100803726;0.26791339748949755117;0;-18449.388649309428729;3117.7768313395913538;-18450.308631932417484;3119.9066738224546498
-0.43815334002193223606;0.24087683705085682906;0;-19148.155625082068582;3235.8620171948268762;-19149.109240132489504;3238.07100776945299
-0.45241352623301017699;0.21288964578253544158;0;-19771.353578562699113;3341.1767339929288028;-19772.336699540810514;3343.4557517252137586
-0.46488824294412606219;0.18406227634233804369;0;-20316.52303214098356;3433.3053526604135186;-20317.531529134557786;3435.6451369631690795
-0.47552825814757709866;0.15450849718747269868;0;-20781.512451047892682;3511.8842836289622937;-20782.542231371480739;3514.275494580826944
-0.48429158056431581558;0.12434494358242632883;0;-21164.486734480455198;3576.6034117573785807;-21165.533770404890674;3579.0366762369753815
-0.49114362536434452711;0.093690657292861190264;0;-21463.934457906270836;3627.2073202142223636;-21464.994800347812998;3629.6732632587659282
-0.49605735065723904897;0.062666616782150949549;0;-21678.673837965627172;3663.4962984915423476;-21679.743616338080756;3665.9855605948600896
-0.499013364214135835;0.031395259764655465695;0;-21807.857396430525114;3685.3271305710436536;-21808.932806158991298;3687.8303727859574792
-0.5;-1.2710352895928202744e-15;0;-21850.975304814048286;3692.6136601319208239;-21852.05258513904846;3695.1215597755099225
-0.49901336421413572397;-0.031395259764657998391;0;-21807.857396430517838;3685.3271305710063643;-21808.932802012510365;3687.8303710191030405
-0.49605735065723877142;-0.062666616782153475307;0;-21678.67383796561262;3663.4962984915391644;-21679.743608354532626;3665.9855569613132502
-0.49114362536434408302;-0.093690657292863688266;0;-21463.934457906252646;3627.2073202141828006;-21464.994789132717415;3629.6732575727114636
-0.48429158056431520496;-0.12434494358242879908;0;-21164.486734480429732;3576.6034117573371987;-21165.533756833370717;3579.0366682547078199
-0.4755282581475763215;-0.15450849718747511341;0;-20781.512451047863578;3511.8842836289577463;-20782.542216550078592;3514.2754840381985559
-0.46488824294412511851;-0.18406227634234040291;0;-20316.523032140943542;3433.3053526604412582;-20317.531514350797806;3435.6451236186735514
-0.45241352623300906677;-0.21288964578253774529;0;-19771.353578562648181;3341.1767339929547234;-19772.336686203787394;3343.4557354065441359
-0.43815334002193101481;-0.2408768370508590495;0;-19148.15562508201765;3235.8620171948173265;-19149.109229707490158;3238.0709884147045159
-0.42216396275100664948;-0.26791339748949971611;0;-18449.388649309374159;3117.7768313395808946;-18450.308625868499803;3119.9066515156036985
-0.40450849718747272643;-0.29389262614623795633;0;-17677.810365261822881;2987.3872047077929892;-17678.692643173879333;2989.428965361509654
-0.38525662138789351641;-0.31871199487434620501;0;-16836.465839925916953;2845.2077255864151084;-16837.306461187326931;2847.1528121321275648
-0.36448431371070455498;-0.3422735529643456398;0;-15928.675475769407058;2691.7995114239124632;-15929.470655860719489;2693.6396892475295317
-0.34227355296434297527;-0.36448431371070699747;0;-14958.021906629646764;2527.7679943560642641;-14958.768093606819093;2529.495494266674541
-0.31871199487434342945;-0.38525662138789579236;0;-13928.335858694603303;2353.7605318417909075;-13929.029801339704136;2355.3681105115274477
-0.29389262614623518077;-0.40450849718747472483;0;-12843.681032376660369;2170.4638518392621336;-12844.319780188001459;2171.9449282192213104
-0.26791339748949705157;-0.42216396275100837032;0;-11708.338064743662471;1978.6013426041397452;-11708.919027255189576;1979.9499668465005016
-0.24087683705085646824;-0.4381533400219324581;0;-10526.787635799968484;1778.9301978067271648;-10527.308596079479685;1780.1411119415085977
-0.21288964578253527504;-0.4524135262330102325;0;-9303.6927852895823889;1572.2384282344878557;-9304.151898588246695;1573.3070880677742025
-0.18406227634233807144;-0.46488824294412606219;0;-8043.88050980857588;1359.3417518733876932;-8044.2762861867568063;1360.2643185485392223
-0.15450849718747294848;-0.47552825814757704315;0;-6752.3227128548041946;1141.0803746418339415;-6752.6539862532745246;1141.8536846703950687
-0.1243449435824267868;-0.48429158056431570456;0;-5434.116582996206489;918.31567448160410549;-5434.3824714232277984;918.93719663190438496
-0.093690657292861884153;-0.49114362536434441608;0;-4094.4644775962419772;691.92680189272027746;-4094.6643399877125375;692.39458851696724651
-0.062666616782151865483;-0.49605735065723893795;0;-2738.6533914860915502;462.80721032805229243;-2738.7867866656183651;463.11984975117178465
-0.031395259764656603674;-0.49901336421413577948;0;-1372.0340916114664651;231.8611301407219969;-1372.100743979950721;232.01770570746936073
-9.1848509936051484375e-17;-0.5;0;-3.513904830519632198e-12;5.9381756633634876695e-13;0.00022457011132359888488;6.0247175006657475386e-05
0.031395259764656416324;-0.49901336421413577948;0;1372.0340916114596439;-231.86113014072313376;1372.1011974934547197;-232.01758700340775476
0.062666616782151671194;-0.49605735065723899346;0;2738.6533914860838195;-462.80721032805104187;2738.787251743618981;-463.1197359372650908
0.093690657292861703742;-0.4911436253643444716;0;4094.4644775962347012;-691.92680189271891322;4094.6648195291695629;-692.39448124034902321
0.12434494358242660639;-0.48429158056431576007;0;5434.1165829962001226;-918.31567448160308231;5434.3829623614228694;-918.93709518971979833
0.15450849718747278194;-0.47552825814757709866;0;6752.3227128547969187;-1141.0803746418328046;6752.6544794529227147;-1141.8535855209665897
0.18406227634233790491;-0.46488824294412611771;0;8043.8805098085695136;-1359.3417518733865563;8044.2767681109389741;-1360.2642157894003958
0.21288964578253510851;-0.45241352623301034352;0;9303.692785289569656;-1572.2384282344701205;9304.1523545331547211;-1573.306975375668344
0.2408768370508563017;-0.43815334002193251361;0;10526.78763579995757;-1778.9301978067251184;10527.309014378972279;-1780.1409858970978348
0.26791339748949688504;-0.42216396275100842583;0;11708.338064743653376;-1978.6013426041383809;11708.919403652596884;-1979.9498303055456745
0.29389262614623506975;-0.40450849718747483585;0;12843.681032376660369;-2170.4638518392621336;12844.320121826134709;-2171.9447904525691229
0.31871199487434326292;-0.38525662138789590339;0;13928.335858694592389;-2353.7605318417890885;13929.03013078845288;-2355.367978440916886
0.34227355296434269771;-0.36448431371070727502;0;14958.021906629632213;-2527.7679943560624451;14958.768455202205587;-2529.4953467275963703
0.36448431371070411089;-0.34227355296434608389;0;15928.675475769383411;-2691.7995114239083705;15929.471006712285089;-2693.6395378055317451
0.38525662138789296129;-0.31871199487434687114;0;16836.465839925887849;-2845.2077255864096514;16837.306801399114192;-2847.1526570628429909
0.4045084971874720603;-0.293892626146238789;0;17677.810365261790139;-2987.3872047078175456;17678.692972916483996;-2989.4288071024589044
0.42216396275100598334;-0.26791339748950082633;0;18449.388649309337779;-3117.7768313395754376;18450.308945364475221;-3119.9064906439766673
0.43815334002193029317;-0.24087683705086038177;0;19148.155625081984908;-3235.8620171948114148;19149.109539221986779;-3238.0708256119623911
0.45241352623300834512;-0.21288964578253932736;0;19771.353578562615439;-3341.1767339929156151;19772.336986045538652;-3343.4555714144157719
0.46488824294412439686;-0.18406227634234223478;0;20316.523032140914438;-3433.305352660436256;20317.531804878373805;-3435.6449591898267499
0.47552825814757565537;-0.15450849718747719508;0;20781.512451047830837;-3511.8842836289522893;20782.542498187991441;-3514.2753198866453204
0.48429158056431459434;-0.12434494358243111667;0;21164.486734480404266;-3576.6034117573326512;21165.534030094513582;-3579.0365050113764482
0.49114362536434358342;-0.093690657292866269534;0;21463.934457906230818;-3627.2073202142159971;21464.995054647366487;-3629.6730957489457978
0.49605735065723838284;-0.062666616782156292498;0;21678.673837965598068;-3663.4962984915373454;21679.74386690357278;-3665.9853969259979749
0.49901336421413550193;-0.031395259764661065383;0;21807.857396430510562;-3685.3271305710045453;21808.933054562603502;-3687.8302129890885226
