0.5;0;0;21850.975304814048286;-3692.6136601319208239;21857.947512235659815;-3709.0053108192882974
0.49901336421413577948;0.03139525976465668694;0;21807.857396430517838;-3685.3271305710063643;21814.817479184152035;-3701.6883316661242134
0.49605735065723893795;0.062666616782152129161;0;21678.673837965619896;-3663.4962984915409834;21685.597448440028529;-3679.7661105524689447
0.49114362536434436057;0.093690657292862314365;0;21463.934457906267198;-3627.2073202141846195;21470.796967804653832;-3643.3246971288208442
0.48429158056431553803;0.12434494358242739742;0;21164.486734480444284;-3576.6034117573399271;21171.263092307512125;-3592.5071728211710251
0.47552825814757676559;0.15450849718747369788;0;20781.512451047881768;-3511.8842836289954903;20788.177102270608884;-3527.5131472079847299
0.46488824294412572913;0.18406227634233895962;0;20316.523032140969008;-3433.3053526604116996;20323.049918956789043;-3448.5980497335781365
0.45241352623300978841;0.212889645782536302;0;19771.353578562680923;-3341.1767339929251648;19777.716228859033436;-3356.0722137116495105
0.43815334002193179197;0.24087683705085760622;0;19148.155625082050392;-3235.8620171948559801;19154.327331807875453;-3250.2997490451111844
0.42216396275100759317;0.26791339748949827282;0;18449.388649309410539;-3117.7768313395881705;18455.342732820190577;-3131.6971999517027143
0.40450849718747372563;0.29389262614623651304;0;17677.810365261862898;-2987.3872047078302785;17683.520503044699581;-3000.7319844269532041
0.38525662138789468214;0.31871199487434481723;0;16836.465839925967884;-2845.2077255864223844;16841.906441238574189;-2857.9206133576890352
0.36448431371070583173;0.34227355296434425203;0;15928.675475769459808;-2691.7995114239211034;15933.822073844097758;-2703.8266892438127798
0.34227355296434441856;0.3644843137107056652;0;14958.021906629706791;-2527.7679943560488027;14962.851538749817337;-2539.0586874046657613
0.31871199487434492825;0.38525662138789451561;0;13928.335858694665149;-2353.7605318418254683;13932.827396845230396;-2364.2675237142266269
0.29389262614623667957;0.40450849718747361461;0;12843.681032376731309;-2170.4638518392744118;12847.815468628956296;-2180.1439387625605377
0.26791339748949838384;0.42216396275100748214;0;11708.338064743717041;-1978.6013426041495222;11712.098707146393281;-1987.4156560579262987
0.24087683705085766173;0.43815334002193179197;0;10526.787635800017597;-1778.9301978067355776;10530.160177682928406;-1786.8444252683018476
0.21288964578253632975;0.45241352623300978841;0;9303.6927852896242257;-1572.2384282344792155;9306.6652838725622132;-1579.2228902662466226
0.18406227634233893187;0.46488824294412572913;0;8043.8805098086140788;-1359.3417518733940597;8046.4432776619432843;-1365.3713440203323444
0.15450849718747364236;0.4755282581475768211;0;6752.322712854836027;-1141.0803746418391711;6754.4681355480006459;-1146.1343939222017525
0.12434494358242727252;0.48429158056431559354;0;5434.1165829962292264;-918.31567448160785716;5435.838884351638626;-922.37756041812292551
0.093690657292862147831;0.49114362536434436057;0;4094.4644775962542553;-691.92680189272232383;4095.7594595521741212;-694.98382964276061102
0.062666616782151907117;0.49605735065723893795;0;2738.6533914860938239;-462.80721032805274717;2739.5181781328483339;-464.85017738108507501
0.031395259764656430201;0.49901336421413577948;0;1372.0340916114596439;-231.86113014072313376;1372.4669062804541682;-232.88407754182159692
-3.0245073740886312578e-16;0.5;0;-1.3217687188087733219e-11;2.2336674489458809478e-12;4.6661367054596360206e-07;-3.9659318536988308112e-06
-0.031395259764657033885;0.49901336421413577948;0;-1372.0340916114860192;231.86113014072520855;-1372.4669012706715421;232.88406958613094844
-0.062666616782152503862;0.49605735065723888244;0;-2738.6533914861197445;462.8072103280572378;-2739.5181623597268299;464.85016946922735315
-0.093690657292862744576;0.49114362536434424955;0;-4094.4644775962801759;691.92680189272664393;-4095.7594303152377506;694.98382208819953121
-0.12434494358242785539;0.484291580564315427;0;-5434.1165829962546923;918.31567448161206357;-5435.8388442932746329;922.37755367091176595
-0.15450849718747419748;0.47552825814757659906;0;-6752.3227128548596738;1141.0803746418548599;-6754.4680923133755641;1146.1343882420128466
-0.18406227634233951473;0.46488824294412550708;0;-8043.8805098086395446;1359.3417518733986071;-8046.4432416747204115;1365.3713391442097418
-0.21288964578253677384;0.45241352623300956637;0;-9303.6927852896424156;1572.2384282344828534;-9306.6652645057056361;1579.2228853994238307
-0.24087683705085810582;0.43815334002193151441;0;-10526.787635800035787;1778.9301978067385335;-10530.160178713624191;1786.8444196467085021
-0.26791339748949877242;0.42216396275100720459;0;-11708.33806474373705;1978.6013426041722596;-11712.098723199438609;1987.4156499470623203
-0.29389262614623706815;0.40450849718747333705;0;-12843.68103237674768;2170.463851839277595;-12847.815485454702866;2180.1439339973412643
-0.31871199487434537234;0.38525662138789418254;0;-13928.335858694683338;2353.7605318418045499;-13932.827399902449542;2364.2675217552664435
-0.34227355296434486265;0.36448431371070527662;0;-14958.0219066297268;2527.7679943560524407;-14962.851536834315993;2539.0586814933230926
-0.36448431371070627582;0.34227355296434380794;0;-15928.675475769477998;2691.7995114239238319;-15933.822071864586178;2703.8266836746370245
-0.38525662138789512623;0.31871199487434426212;0;-16836.465839925986074;2845.2077255864260223;-16841.906439218342712;2857.9206081443667244
-0.40450849718747422523;0.29389262614623590242;0;-17677.810365261881088;2987.3872047078039031;-17683.520501010050793;3000.7319795771932149
-0.42216396275100803726;0.26791339748949755117;0;-18449.388649309428729;3117.7768313395913538;-18455.342730799475248;3131.6971954665996236
-0.43815334002193223606;0.24087683705085682906;0;-19148.155625082068582;3235.8620171948268762;-19154.327329830430244;3250.299744918936085
-0.45241352623301017699;0.21288964578253544158;0;-19771.353578562699113;3341.1767339929288028;-19777.71622695348924;3356.0722099320087182
-0.46488824294412606219;0.18406227634233804369;0;-20316.52303214098356;3433.3053526604135186;-20323.049917150525289;3448.5980462816723957
-0.47552825814757709866;0.15450849718747269868;0;-20781.512451047892682;3511.8842836289622937;-20788.177100588505709;3527.5131440595696404
-0.48429158056431581558;0.12434494358242632883;0;-21164.486734480455198;3576.6034117573785807;-21171.263090770742565;3592.5071699474096931
-0.49114362536434452711;0.093690657292861190264;0;-21463.934457906270836;3627.2073202142223636;-21470.796966430250905;3643.324694497614928
-0.49605735065723904897;0.062666616782150949549;0;-21678.673837965627172;3663.4962984915423476;-21685.597447240499605;3679.7661081296209886
-0.499013364214135835;0.031395259764655465695;0;-21807.857396430525114;3685.3271305710436536;-21814.817478166958608;3701.688329416886063
-0.5;-1.2710352895928202744e-15;0;-21850.975304814048286;3692.6136601319208239;-21857.94751140320659;3709.0053087096548552
-0.49901336421413572397;-0.031395259764657998391;0;-21807.857396430517838;3685.3271305710063643;-21814.817478406388545;3701.6883293749369841
-0.49605735065723877142;-0.062666616782153475307;0;-21678.67383796561262;3663.4962984915391644;-21685.597447712516441;3679.7661080530560866
-0.49114362536434408302;-0.093690657292863688266;0;-21463.934457906252646;3627.2073202141828006;-21470.796967121266789;3643.3246944005995829
-0.48429158056431520496;-0.12434494358242879908;0;-21164.486734480429732;3576.6034117573371987;-21171.263091660825012;3592.5071698500169077
-0.4755282581475763215;-0.15450849718747511341;0;-20781.512451047863578;3511.8842836289577463;-20788.177101652530837;3527.5131439865594984
-0.46488824294412511851;-0.18406227634234040291;0;-20316.523032140943542;3433.3053526604412582;-20323.049918358989089;3448.5980462609927599
-0.45241352623300906677;-0.21288964578253774529;0;-19771.353578562648181;3341.1767339929547234;-19777.716228273791785;3356.072209993056731
-0.43815334002193101481;-0.2408768370508590495;0;-19148.15562508201765;3235.8620171948173265;-19154.327331228134426;3250.2997450909210784
-0.42216396275100664948;-0.26791339748949971611;0;-18449.388649309374159;3117.7768313395808946;-18455.342732240020268;3131.6971957769569599
-0.40450849718747272643;-0.29389262614623795633;0;-17677.810365261822881;2987.3872047077929892;-17683.520502459698037;3000.731980050153652
-0.38525662138789351641;-0.31871199487434620501;0;-16836.465839925916953;2845.2077255864151084;-16841.906440645776456;2857.9206087999014017
-0.36448431371070455498;-0.3422735529643456398;0;-15928.675475769407058;2691.7995114239124632;-15933.822073242306942;2703.8266845276971253
-0.34227355296434297527;-0.36448431371070699747;0;-14958.021906629646764;2527.7679943560642641;-14962.851538139602781;2539.0586825535606295
-0.31871199487434342945;-0.38525662138789579236;0;-13928.335858694603303;2353.7605318417909075;-13932.827407340852005;2364.2675266699943677
-0.29389262614623518077;-0.40450849718747472483;0;-12843.681032376660369;2170.4638518392621336;-12847.815491933726662;2180.1439427524601342
-0.26791339748949705157;-0.42216396275100837032;0;-11708.338064743662471;1978.6013426041397452;-11712.09872616242501;1987.4156561273609896
-0.24087683705085646824;-0.4381533400219324581;0;-10526.787635799968484;1778.9301978067271648;-10530.160177699293854;1786.8444150217151218
-0.21288964578253527504;-0.4524135262330102325;0;-9303.6927852895823889;1572.2384282344878557;-9306.6652597385927947;1579.2228642226286865
-0.18406227634233807144;-0.46488824294412606219;0;-8043.88050980857588;1359.3417518733876932;-8046.4432334341272508;1365.3713006381681225
-0.15450849718747294848;-0.47552825814757704315;0;-6752.3227128548041946;1141.0803746418339415;-6754.4680808951325162;1146.1343369050377987
-0.1243449435824267868;-0.48429158056431570456;0;-5434.116582996206489;918.31567448160410549;-5435.8388303624287801;922.37749781326658649
-0.093690657292861884153;-0.49114362536434441608;0;-4094.4644775962419772;691.92680189272027746;-4095.7594153772870413;694.98377140058926216
-0.062666616782151865483;-0.49605735065723893795;0;-2738.6533914860915502;462.80721032805229243;-2739.5181490287809538;464.85013249849578187
-0.031395259764656603674;-0.49901336421413577948;0;-1372.0340916114664651;231.8611301407219969;-1372.4668930588422882;232.88405182315088382
-9.1848509936051484375e-17;-0.5;0;-3.513904830519632198e-12;5.9381756633634876695e-13;-5.3693618588959208522e-08;-9.9354477689600913532e-07
0.031395259764656416324;-0.49901336421413577948;0;1372.0340916114596439;-231.86113014072313376;1372.4668945424057256;-232.88405612429053804
0.062666616782151671194;-0.49605735065723899346;0;2738.6533914860838195;-462.80721032805104187;2739.5181550547745246;-464.85014265995982896
0.093690657292861703742;-0.4911436253643444716;0;4094.4644775962347012;-691.92680189271891322;4095.7594280406383405;-694.98378820353457286
0.12434494358242660639;-0.48429158056431576007;0;5434.1165829962001226;-918.31567448160308231;5435.8388499345664968;-922.37751882300563011
0.15450849718747278194;-0.47552825814757709866;0;6752.3227128547969187;-1141.0803746418328046;6754.468104751375904;-1146.1343574614083991
0.18406227634233790491;-0.46488824294412611771;0;8043.8805098085695136;-1359.3417518733865563;8046.4432556227775422;-1365.371315842074182
0.21288964578253510851;-0.45241352623301034352;0;9303.692785289569656;-1572.2384282344701205;9306.6652722667204216;-1579.2228709989205981
0.2408768370508563017;-0.43815334002193251361;0;10526.78763579995757;-1778.9301978067251184;10530.160174344910047;-1786.8444133045163653
0.26791339748949688504;-0.42216396275100842583;0;11708.338064743653376;-1978.6013426041383809;11712.098708231742421;-1987.4156486977624354
0.29389262614623506975;-0.40450849718747483585;0;12843.681032376660369;-2170.4638518392621336;12847.815472269296151;-2180.1439340590986831
0.31871199487434326292;-0.38525662138789590339;0;13928.335858694592389;-2353.7605318417890885;13932.827403507317285;-2364.2675214773507832
0.34227355296434269771;-0.36448431371070727502;0;14958.021906629632213;-2527.7679943560624451;14962.851537722452122;-2539.0586844727108655
0.36448431371070411089;-0.34227355296434608389;0;15928.675475769383411;-2691.7995114239083705;15933.8220728219585;-2703.8266864348915988
0.38525662138789296129;-0.31871199487434687114;0;16836.465839925887849;-2845.2077255864096514;16841.906440235736227;-2857.9206106931342219
0.4045084971874720603;-0.293892626146238789;0;17677.810365261790139;-2987.3872047078175456;17683.520502075582044;-3000.7319819277713577
0.42216396275100598334;-0.26791339748950082633;0;18449.388649309337779;-3117.7768313395754376;18455.342731899061619;-3131.6971976381032619
0.43815334002193029317;-0.24087683705086038177;0;19148.155625081984908;-3235.8620171948114148;19154.32733094865398;-3250.2997469361871481
0.45241352623300834512;-0.21288964578253932736;0;19771.353578562615439;-3341.1767339929156151;19777.716228074787068;-3356.0722118252147084
0.46488824294412439686;-0.18406227634234223478;0;20316.523032140914438;-3433.305352660436256;20323.049918259708647;-3448.5980480854800589
0.47552825814757565537;-0.15450849718747719508;0;20781.512451047830837;-3511.8842836289522893;20788.177101671812125;-3527.5131458123355515
0.48429158056431459434;-0.12434494358243111667;0;21164.486734480404266;-3576.6034117573326512;21171.263091816352244;-3592.5071716899242347
0.49114362536434358342;-0.093690657292866269534;0;21463.934457906230818;-3627.2073202142159971;21470.796967429218057;-3643.3246962717985298
0.49605735065723838284;-0.062666616782156292498;0;21678.673837965598068;-3663.4962984915373454;21685.597448186243128;-3679.7661099769775319
0.49901336421413550193;-0.031395259764661065383;0;21807.857396430510562;-3685.3271305710045453;21814.81747905627708;-3701.6883313771013491
