0.5;0;0;21850.975304814048286;-3692.6136601319208239;21855.006886352144647;-3702.054519106418411
0.49901336421413577948;0.03139525976465668694;0;21807.857396430517838;-3685.3271305710063643;21811.88197472610409;-3694.7504582811711771
0.49605735065723893795;0.062666616782152129161;0;21678.673837965619896;-3663.4962984915409834;21682.677348379191244;-3672.8670080383649292
0.49114362536434436057;0.093690657292862314365;0;21463.934457906267198;-3627.2073202141846195;21467.902671649106196;-3636.4902618121145679
0.48429158056431553803;0.12434494358242739742;0;21164.486734480444284;-3576.6034117573399271;21168.405175143008819;-3585.7633558043230551
0.47552825814757676559;0.15450849718747369788;0;20781.512451047881768;-3511.8842836289954903;20785.366347594634135;-3520.8859394069841073
0.46488824294412572913;0.18406227634233895962;0;20316.523032140969008;-3433.3053526604116996;20320.297318235530838;-3442.1134332607525721
0.45241352623300978841;0.212889645782536302;0;19771.353578562680923;-3341.1767339929251648;19775.03294382020249;-3349.7560745051628146
0.43815334002193179197;0.24087683705085760622;0;19148.155625082050392;-3235.8620171948559801;19151.724618982436368;-3244.1777488334823829
0.42216396275100759317;0.26791339748949827282;0;18449.388649309410539;-3117.7768313395881705;18452.831833470594574;-3125.7946092434658567
0.40450849718747372563;0.29389262614623651304;0;17677.810365261862898;-2987.3872047078302785;17681.112505023487756;-2995.0734819760118626
0.38525662138789468214;0.31871199487434481723;0;16836.465839925967884;-2845.2077255864223844;16839.612122183338215;-2852.5300611547468179
0.36448431371070583173;0.34227355296434425203;0;15928.675475769459808;-2691.7995114239211034;15931.651737143833088;-2698.7268951505661789
0.34227355296434441856;0.3644843137107056652;0;14958.021906629706791;-2527.7679943560488027;14960.814854679829295;-2534.2711696987116738
0.31871199487434492825;0.38525662138789451561;0;13928.335858694665149;-2353.7605318418254683;13930.933311741688158;-2359.8122654110402436
0.29389262614623667957;0.40450849718747361461;0;12843.681032376731309;-2170.4638518392744118;12846.071930065740162;-2176.0392853438452221
0.26791339748949838384;0.42216396275100748214;0;11708.338064743717041;-1978.6013426041495222;11710.512733969555484;-1983.6781071199759481
0.24087683705085766173;0.43815334002193179197;0;10526.787635800017597;-1778.9301978067355776;10528.737810926650127;-1783.4885246840456148
0.21288964578253632975;0.45241352623300978841;0;9303.6927852896242257;-1572.2384282344792155;9305.4115796788119042;-1576.2612032697468294
0.18406227634233893187;0.46488824294412572913;0;8043.8805098086140788;-1359.3417518733940597;8045.3623432266431337;-1362.8144986518980204
0.15450849718747364236;0.4755282581475768211;0;6752.322712854836027;-1141.0803746418391711;6753.5632016299259703;-1143.9911674143231721
0.12434494358242727252;0.48429158056431559354;0;5434.1165829962292264;-918.31567448160785716;5435.1124031400249805;-920.65499332231991048
0.093690657292862147831;0.49114362536434436057;0;4094.4644775962542553;-691.92680189272232383;4095.2132144425263505;-693.68735188621064935
0.062666616782151907117;0.49605735065723893795;0;2738.6533914860938239;-462.80721032805274717;2739.153391706282946;-463.98373145212502777
0.031395259764656430201;0.49901336421413577948;0;1372.0340916114596439;-231.86113014072313376;1372.2843339873863897;-232.45022522794445763
-3.0245073740886312578e-16;0.5;0;-1.3217687188087733219e-11;2.2336674489458809478e-12;-2.7157315511851790784e-07;-5.0195612281621692662e-06
-0.031395259764657033885;0.49901336421413577948;0;-1372.0340916114860192;231.86113014072520855;-1372.2843339317548725;232.45021552845173574
-0.062666616782152503862;0.49605735065723888244;0;-2738.6533914861197445;462.8072103280572378;-2739.153390196827786;463.98372248323249778
-0.093690657292862744576;0.49114362536434424955;0;-4094.4644775962801759;691.92680189272664393;-4095.2132116203724763;693.68734331237453716
-0.12434494358242785539;0.484291580564315427;0;-5434.1165829962546923;918.31567448161206357;-5435.1124006413756433;920.65498400772423793
-0.15450849718747419748;0.47552825814757659906;0;-6752.3227128548596738;1141.0803746418548599;-6753.5632026644798316;1143.9911557955372245
-0.18406227634233951473;0.46488824294412550708;0;-8043.8805098086395446;1359.3417518733986071;-8045.3623518595986752;1362.814483428780477
-0.21288964578253677384;0.45241352623300956637;0;-9303.6927852896424156;1572.2384282344828534;-9305.4115990266072913;1576.2611840712334015
-0.24087683705085810582;0.43815334002193151441;0;-10526.787635800035787;1778.9301978067385335;-10528.73784043833075;1783.4885022525456861
-0.26791339748949877242;0.42216396275100720459;0;-11708.33806474373705;1978.6013426041722596;-11710.512766956107953;1983.6780827044224225
-0.29389262614623706815;0.40450849718747333705;0;-12843.68103237674768;2170.463851839277595;-12846.071954229078983;2176.0392595889679797
-0.31871199487434537234;0.38525662138789418254;0;-13928.335858694683338;2353.7605318418045499;-13930.933317591299783;2359.8122382602732614
-0.34227355296434486265;0.36448431371070527662;0;-14958.0219066297268;2527.7679943560524407;-14960.814859198851991;2534.2711447921315084
-0.36448431371070627582;0.34227355296434380794;0;-15928.675475769477998;2691.7995114239238319;-15931.651742469399323;2698.7268689114339395
-0.38525662138789512623;0.31871199487434426212;0;-16836.465839925986074;2845.2077255864260223;-16839.612128363951342;2852.5300337717003458
-0.40450849718747422523;0.29389262614623590242;0;-17677.810365261881088;2987.3872047078039031;-17681.112512088508083;2995.0734536569389093
-0.42216396275100803726;0.26791339748949755117;0;-18449.388649309428729;3117.7768313395913538;-18452.83184142738537;3125.7945802045578603
-0.43815334002193223606;0.24087683705085682906;0;-19148.155625082068582;3235.8620171948268762;-19151.72462781471404;3244.1777192880399525
-0.45241352623301017699;0.21288964578253544158;0;-19771.353578562699113;3341.1767339929288028;-19775.032953487487248;3349.7560446535349001
-0.46488824294412606219;0.18406227634233804369;0;-20316.52303214098356;3433.3053526604135186;-20320.297328672939329;3442.1134032815471073
-0.47552825814757709866;0.15450849718747269868;0;-20781.512451047892682;3511.8842836289622937;-20785.36635871469116;3520.8859094501367508
-0.48429158056431581558;0.12434494358242632883;0;-21164.486734480455198;3576.6034117573785807;-21168.405186837942892;3585.7633259868534878
-0.49114362536434452711;0.093690657292861190264;0;-21463.934457906270836;3627.2073202142223636;-21467.902683793130564;3636.4902322160887707
-0.49605735065723904897;0.062666616782150949549;0;-21678.673837965627172;3663.4962984915423476;-21682.677360832742124;3672.8669787117228225
-0.499013364214135835;0.031395259764655465695;0;-21807.857396430525114;3685.3271305710436536;-21811.881987339671468;3694.7504292408370929
-0.5;-1.2710352895928202744e-15;0;-21850.975304814048286;3692.6136601319208239;-21855.006898970765178;3702.0544903431773491
-0.49901336421413572397;-0.031395259764657998391;0;-21807.857396430517838;3685.3271305710063643;-21811.881986431922996;3694.7504289192029319
-0.49605735065723877142;-0.062666616782153475307;0;-21678.67383796561262;3663.4962984915391644;-21682.677359046916536;3672.8669780653176531
-0.49114362536434408302;-0.093690657292863688266;0;-21463.934457906252646;3627.2073202141828006;-21467.902681187311828;3636.4902312387121128
-0.48429158056431520496;-0.12434494358242879908;0;-21164.486734480429732;3576.6034117573371987;-21168.405183495971869;3585.763324669512258
-0.4755282581475763215;-0.15450849718747511341;0;-20781.512451047863578;3511.8842836289577463;-20785.366354742509429;3520.8859077817678553
-0.46488824294412511851;-0.18406227634234040291;0;-20316.523032140943542;3433.3053526604412582;-20320.297324193434179;3442.1134012489824272
-0.45241352623300906677;-0.21288964578253774529;0;-19771.353578562648181;3341.1767339929547234;-19775.032948635343928;3349.7560422424394346
-0.43815334002193101481;-0.2408768370508590495;0;-19148.15562508201765;3235.8620171948173265;-19151.724622731027921;3244.1777164830978109
-0.42216396275100664948;-0.26791339748949971611;0;-18449.388649309374159;3117.7768313395808946;-18452.831836253164511;3125.794576990261703
-0.40450849718747272643;-0.29389262614623795633;0;-17677.810365261822881;2987.3872047077929892;-17681.112506959481834;2995.0734500179873976
-0.38525662138789351641;-0.31871199487434620501;0;-16836.465839925916953;2845.2077255864151084;-16839.612123405451712;2852.5300296935456572
-0.36448431371070455498;-0.3422735529643456398;0;-15928.675475769407058;2691.7995114239124632;-15931.651737791880805;2698.7268643811739821
-0.34227355296434297527;-0.36448431371070699747;0;-14958.021906629646764;2527.7679943560642641;-14960.814854894681048;2534.2711397992961793
-0.31871199487434342945;-0.38525662138789579236;0;-13928.335858694603303;2353.7605318417909075;-13930.933311901040724;2359.8122325982922121
-0.29389262614623518077;-0.40450849718747472483;0;-12843.681032376660369;2170.4638518392621336;-12846.071938245855563;2176.0392509459188659
-0.26791339748949705157;-0.42216396275100837032;0;-11708.338064743662471;1978.6013426041397452;-11710.512745864682074;1983.6780722207493
-0.24087683705085646824;-0.4381533400219324581;0;-10526.787635799968484;1778.9301978067271648;-10528.737823345749348;1783.4884918584223215
-0.21288964578253527504;-0.4524135262330102325;0;-9303.6927852895823889;1572.2384282344878557;-9305.4115930245479831;1576.2611752436043844
-0.18406227634233807144;-0.46488824294412606219;0;-8043.88050980857588;1359.3417518733876932;-8045.3623594748260075;1362.8144767802732531
-0.15450849718747294848;-0.47552825814757704315;0;-6752.3227128548041946;1141.0803746418339415;-6753.5632217625779958;1143.9911511080347282
-0.1243449435824267868;-0.48429158056431570456;0;-5434.116582996206489;918.31567448160410549;-5435.1124258550817103;920.65498047297489848
-0.093690657292861884153;-0.49114362536434441608;0;-4094.4644775962419772;691.92680189272027746;-4095.2132364537815192;693.68733984553045957
-0.062666616782151865483;-0.49605735065723893795;0;-2738.6533914860915502;462.80721032805229243;-2739.1534090947106961;463.98371803730577767
-0.031395259764656603674;-0.49901336421413577948;0;-1372.0340916114664651;231.8611301407219969;-1372.2843437792769237;232.45020936707672377
-9.1848509936051484375e-17;-0.5;0;-3.513904830519632198e-12;5.9381756633634876695e-13;-9.989642564158627102e-07;-1.3125513062993627352e-05
0.031395259764656416324;-0.49901336421413577948;0;1372.0340916114596439;-231.86113014072313376;1372.2843397923329576;-232.45023491652366943
0.062666616782151671194;-0.49605735065723899346;0;2738.6533914860838195;-462.80721032805104187;2739.1534000364513304;-463.98374183434162887
0.093690657292861703742;-0.4911436253643444716;0;4094.4644775962347012;-691.92680189271891322;4095.2132215899919174;-693.68736177519508601
0.12434494358242660639;-0.48429158056431576007;0;5434.1165829962001226;-918.31567448160308231;5435.1124073388382385;-920.65500160095518822
0.15450849718747278194;-0.47552825814757709866;0;6752.3227128547969187;-1141.0803746418328046;6753.5632039726579023;-1143.9911734453958161
0.18406227634233790491;-0.46488824294412611771;0;8043.8805098085695136;-1359.3417518733865563;8045.3623472727540502;-1362.814502557575679
0.21288964578253510851;-0.45241352623301034352;0;9303.692785289569656;-1572.2384282344701205;9305.411589481829651;-1576.261205863765781
0.2408768370508563017;-0.43815334002193251361;0;10526.78763579995757;-1778.9301978067251184;10528.737827842995102;-1783.4885269021983731
0.26791339748949688504;-0.42216396275100842583;0;11708.338064743653376;-1978.6013426041383809;11710.512753636237903;-1983.6781090568190393
0.29389262614623506975;-0.40450849718747483585;0;12843.681032376660369;-2170.4638518392621336;12846.071942368907912;-2176.039285572256631
0.31871199487434326292;-0.38525662138789590339;0;13928.335858694592389;-2353.7605318417890885;13930.933308393683546;-2359.8122622209493784
0.34227355296434269771;-0.36448431371070727502;0;14958.021906629632213;-2527.7679943560624451;14960.814851033916057;-2534.2711672660097975
0.36448431371070411089;-0.34227355296434608389;0;15928.675475769383411;-2691.7995114239083705;15931.651733242104456;-2698.7268919692751297
0.38525662138789296129;-0.31871199487434687114;0;16836.465839925887849;-2845.2077255864096514;16839.61211808155349;-2852.5300573805079694
0.4045084971874720603;-0.293892626146238789;0;17677.810365261790139;-2987.3872047078175456;17681.112500795748929;-2995.0734777797097195
0.42216396275100598334;-0.26791339748950082633;0;18449.388649309337779;-3117.7768313395754376;18452.831829207498231;-3125.79460480449643
0.43815334002193029317;-0.24087683705086038177;0;19148.155625081984908;-3235.8620171948114148;19151.724614787683095;-3244.1777443330297501
0.45241352623300834512;-0.21288964578253932736;0;19771.353578562615439;-3341.1767339929156151;19775.032939806340437;-3349.7560701201837219
0.46488824294412439686;-0.18406227634234223478;0;20316.523032140914438;-3433.305352660436256;20320.297314518316853;-3442.1134291580901845
0.47552825814757565537;-0.15450849718747719508;0;20781.512451047830837;-3511.8842836289522893;20785.366344288140681;-3520.8859357382684721
0.48429158056431459434;-0.12434494358243111667;0;21164.486734480404266;-3576.6034117573326512;21168.405172353210219;-3585.763352702096654
0.49114362536434358342;-0.093690657292866269534;0;21463.934457906230818;-3627.2073202142159971;21467.902669468501699;-3636.4902593862011599
0.49605735065723838284;-0.062666616782156292498;0;21678.673837965598068;-3663.4962984915373454;21682.677346881930134;-3672.867006373168806
0.49901336421413550193;-0.031395259764661065383;0;21807.857396430510562;-3685.3271305710045453;21811.881973964165809;-3694.7504574341128318
