0.5;0;0;21850.975304814048286;-3692.6136601319208239;21919.589813869111822;-3860.0299701912467754
0.49901336421413577948;0.03139525976465668694;0;21807.857396430517838;-3685.3271305710063643;21876.354382179248205;-3852.4325519921289924
0.49605735065723893795;0.062666616782152129161;0;21678.673837965619896;-3663.4962984915409834;21746.817091395474563;-3829.6686378328827232
0.49114362536434436057;0.093690657292862314365;0;21463.934457906267198;-3627.2073202141846195;21531.484441583870648;-3791.8232709931203317
0.48429158056431553803;0.12434494358242739742;0;21164.486734480444284;-3576.6034117573399271;21231.198877477956557;-3739.0382546174168965
0.47552825814757676559;0.15450849718747369788;0;20781.512451047881768;-3511.8842836289954903;20847.136162274295202;-3671.5122172890701222
0.46488824294412572913;0.18406227634233895962;0;20316.523032140969008;-3433.3053526604116996;20380.801619744957861;-3589.5006434812557927
0.45241352623300978841;0.212889645782536302;0;19771.353578562680923;-3341.1767339929251648;19834.02517483479096;-3493.3158092471485361
0.43815334002193179197;0.24087683705085760622;0;19148.155625082050392;-3235.8620171948559801;19208.955118020643567;-3383.3265499690851357
0.42216396275100759317;0.26791339748949827282;0;18449.388649309410539;-3117.7768313395881705;18508.050523151916423;-3259.9577775473167094
0.40450849718747372563;0.29389262614623651304;0;17677.810365261862898;-2987.3872047078302785;17734.072262378394953;-3123.6896609927571262
0.38525662138789468214;0.31871199487434481723;0;16836.465839925967884;-2845.2077255864223844;16890.072584293509863;-2975.0563888003803186
0.36448431371070583173;0.34227355296434425203;0;15928.675475769459808;-2691.7995114239211034;15979.383250928371126;-2814.6444449763212106
0.34227355296434441856;0.3644843137107056652;0;14958.021906629706791;-2527.7679943560488027;15005.60226333870196;-2643.0903534393805785
0.31871199487434492825;0.38525662138789451561;0;13928.335858694665149;-2353.7605318418254683;13972.579241341667512;-2461.0778766939256457
0.29389262614623667957;0.40450849718747361461;0;12843.681032376731309;-2170.4638518392744118;12884.399557343756896;-2269.334691721697709
0.26791339748949838384;0.42216396275100748214;0;11708.338064743717041;-1978.6013426041495222;11745.367354080977748;-2068.6286052336699868
0.24087683705085766173;0.43815334002193179197;0;10526.787635800017597;-1778.9301978067355776;10559.987598793884899;-1859.7634071313595996
0.21288964578253632975;0.45241352623300978841;0;9303.6927852896242257;-1572.2384282344792155;9332.9473398960617487;-1643.5744903531417549
0.18406227634233893187;0.46488824294412572913;0;8043.8805098086140788;-1359.3417518733940597;8069.0963355067078737;-1420.9243827958625843
0.15450849718747364236;0.4755282581475768211;0;6752.322712854836027;-1141.0803746418391711;6773.4272162991856021;-1192.6983394979706645
0.12434494358242727252;0.48429158056431559354;0;5434.1165829962292264;-918.31567448160785716;5451.0553290097186618;-959.80012936974242166
0.093690657292862147831;0.49114362536434436057;0;4094.4644775962542553;-691.92680189272232383;4107.1983836164317836;-723.14812127819709531
0.062666616782151907117;0.49605735065723893795;0;2738.6533914860938239;-462.80721032805274717;2747.1559992789548232;-483.67173228469425794
0.031395259764656430201;0.49901336421413577948;0;1372.0340916114596439;-231.86113014072313376;1376.2892146312617569;-242.30825124210647914
-3.0245073740886312578e-16;0.5;0;-1.3217687188087733219e-11;2.2336674489458809478e-12;-6.3835901602112912072e-11;-3.1461951021429208147e-11
-0.031395259764657033885;0.49901336421413577948;0;-1372.0340916114860192;231.86113014072520855;-1376.2892146313929516;242.30825124204275767
-0.062666616782152503862;0.49605735065723888244;0;-2738.6533914861197445;462.8072103280572378;-2747.1559992790821525;483.67173228463246915
-0.093690657292862744576;0.49114362536434424955;0;-4094.4644775962801759;691.92680189272664393;-4107.1983836165600223;723.14812127814218456
-0.12434494358242785539;0.484291580564315427;0;-5434.1165829962546923;918.31567448161206357;-5451.0553290098296202;959.80012936969126258
-0.15450849718747419748;0.47552825814757659906;0;-6752.3227128548596738;1141.0803746418548599;-6773.4272162993056554;1192.6983394979251898
-0.18406227634233951473;0.46488824294412550708;0;-8043.8805098086395446;1359.3417518733986071;-8069.096335506833384;1420.9243827958212023
-0.21288964578253677384;0.45241352623300956637;0;-9303.6927852896424156;1572.2384282344828534;-9332.9473398961727071;1643.5744903531092405
-0.24087683705085810582;0.43815334002193151441;0;-10526.787635800035787;1778.9301978067385335;-10559.987598794003134;1859.7634071313368622
-0.26791339748949877242;0.42216396275100720459;0;-11708.33806474373705;1978.6013426041722596;-11745.367354081066878;2068.6286052336604371
-0.29389262614623706815;0.40450849718747333705;0;-12843.68103237674768;2170.463851839277595;-12884.399557343862398;2269.3346917216895235
-0.31871199487434537234;0.38525662138789418254;0;-13928.335858694683338;2353.7605318418045499;-13972.579241341769375;2461.0778766939129127
-0.34227355296434486265;0.36448431371070527662;0;-14958.0219066297268;2527.7679943560524407;-15005.602263338792909;2643.0903534393733025
-0.36448431371070627582;0.34227355296434380794;0;-15928.675475769477998;2691.7995114239238319;-15979.383250928462076;2814.6444449763225748
-0.38525662138789512623;0.31871199487434426212;0;-16836.465839925986074;2845.2077255864260223;-16890.072584293597174;2975.0563888003966895
-0.40450849718747422523;0.29389262614623590242;0;-17677.810365261881088;2987.3872047078039031;-17734.072262378471351;3123.689660992755762
-0.42216396275100803726;0.26791339748949755117;0;-18449.388649309428729;3117.7768313395913538;-18508.050523152007372;3259.9577775473394468
-0.43815334002193223606;0.24087683705085682906;0;-19148.155625082068582;3235.8620171948268762;-19208.955118020709051;3383.3265499691087825
-0.45241352623301017699;0.21288964578253544158;0;-19771.353578562699113;3341.1767339929288028;-19834.025174834849167;3493.3158092471799137
-0.46488824294412606219;0.18406227634233804369;0;-20316.52303214098356;3433.3053526604135186;-20380.801619744986965;3589.5006434812789848
-0.47552825814757709866;0.15450849718747269868;0;-20781.512451047892682;3511.8842836289622937;-20847.13616227433522;3671.5122172890892216
-0.48429158056431581558;0.12434494358242632883;0;-21164.486734480455198;3576.6034117573785807;-21231.198877477982023;3739.0382546174305389
-0.49114362536434452711;0.093690657292861190264;0;-21463.934457906270836;3627.2073202142223636;-21531.484441583881562;3791.8232709931367026
-0.49605735065723904897;0.062666616782150949549;0;-21678.673837965627172;3663.4962984915423476;-21746.817091395467287;3829.6686378329031868
-0.499013364214135835;0.031395259764655465695;0;-21807.857396430525114;3685.3271305710436536;-21876.354382179244567;3852.4325519921403611
-0.5;-1.2710352895928202744e-15;0;-21850.975304814048286;3692.6136601319208239;-21919.589813869082718;3860.0299701912331329
-0.49901336421413572397;-0.031395259764657998391;0;-21807.857396430517838;3685.3271305710063643;-21876.354382179219101;3852.4325519921212617
-0.49605735065723877142;-0.062666616782153475307;0;-21678.67383796561262;3663.4962984915391644;-21746.817091395438183;3829.6686378328768114
-0.49114362536434408302;-0.093690657292863688266;0;-21463.934457906252646;3627.2073202141828006;-21531.48444158386701;3791.8232709931285171
-0.48429158056431520496;-0.12434494358242879908;0;-21164.486734480429732;3576.6034117573371987;-21231.19887747793473;3739.0382546174096206
-0.4755282581475763215;-0.15450849718747511341;0;-20781.512451047863578;3511.8842836289577463;-20847.136162274240633;3671.5122172890764887
-0.46488824294412511851;-0.18406227634234040291;0;-20316.523032140943542;3433.3053526604412582;-20380.80161974490693;3589.5006434812717089
-0.45241352623300906677;-0.21288964578253774529;0;-19771.353578562648181;3341.1767339929547234;-19834.02517483477277;3493.3158092471744567
-0.43815334002193101481;-0.2408768370508590495;0;-19148.15562508201765;3235.8620171948173265;-19208.955118020629016;3383.3265499690887737
-0.42216396275100664948;-0.26791339748949971611;0;-18449.388649309374159;3117.7768313395808946;-18508.050523151912785;3259.9577775473380825
-0.40450849718747272643;-0.29389262614623795633;0;-17677.810365261822881;2987.3872047077929892;-17734.072262378365849;3123.6896609927580357
-0.38525662138789351641;-0.31871199487434620501;0;-16836.465839925916953;2845.2077255864151084;-16890.072584293455293;2975.0563888003889588
-0.36448431371070455498;-0.3422735529643456398;0;-15928.675475769407058;2691.7995114239124632;-15979.383250928343841;2814.6444449763175726
-0.34227355296434297527;-0.36448431371070699747;0;-14958.021906629646764;2527.7679943560642641;-15005.602263338674675;2643.090353439381488
-0.31871199487434342945;-0.38525662138789579236;0;-13928.335858694603303;2353.7605318417909075;-13972.579241341643865;2461.0778766939110938
-0.29389262614623518077;-0.40450849718747472483;0;-12843.681032376660369;2170.4638518392621336;-12884.399557343731431;2269.3346917216913425
-0.26791339748949705157;-0.42216396275100837032;0;-11708.338064743662471;1978.6013426041397452;-11745.367354080950463;2068.6286052336554349
-0.24087683705085646824;-0.4381533400219324581;0;-10526.787635799968484;1778.9301978067271648;-10559.987598793870347;1859.763407131356189
-0.21288964578253527504;-0.4524135262330102325;0;-9303.6927852895823889;1572.2384282344878557;-9332.9473398960544728;1643.574490353144256
-0.18406227634233807144;-0.46488824294412606219;0;-8043.88050980857588;1359.3417518733876932;-8069.0963355067096927;1420.9243827958584916
-0.15450849718747294848;-0.47552825814757704315;0;-6752.3227128548041946;1141.0803746418339415;-6773.4272162991883306;1192.6983394979667992
-0.1243449435824267868;-0.48429158056431570456;0;-5434.116582996206489;918.31567448160410549;-5451.0553290097195713;959.80012936974571858
-0.093690657292861884153;-0.49114362536434441608;0;-4094.4644775962419772;691.92680189272027746;-4107.198383616441788;723.14812127819811849
-0.062666616782151865483;-0.49605735065723893795;0;-2738.6533914860915502;462.80721032805229243;-2747.1559992789634634;483.6717322846928937
-0.031395259764656603674;-0.49901336421413577948;0;-1372.0340916114664651;231.8611301407219969;-1376.2892146312726709;242.30825124210750232
-9.1848509936051484375e-17;-0.5;0;-3.513904830519632198e-12;5.9381756633634876695e-13;5.1450748076627911192e-11;3.5781258812525357316e-11
0.031395259764656416324;-0.49901336421413577948;0;1372.0340916114596439;-231.86113014072313376;1376.2892146313788544;-242.3082512420383523
0.062666616782151671194;-0.49605735065723899346;0;2738.6533914860838195;-462.80721032805104187;2747.1559992790689648;-483.67173228462382895
0.093690657292861703742;-0.4911436253643444716;0;4094.4644775962347012;-691.92680189271891322;4107.1983836165436514;-723.14812127813365805
0.12434494358242660639;-0.48429158056431576007;0;5434.1165829962001226;-918.31567448160308231;5451.0553290098205252;-959.80012936968466875
0.15450849718747278194;-0.47552825814757709866;0;6752.3227128547969187;-1141.0803746418328046;6773.4272162992983795;-1192.6983394979138211
0.18406227634233790491;-0.46488824294412611771;0;8043.8805098085695136;-1359.3417518733865563;8069.0963355068133751;-1420.9243827958180191
0.21288964578253510851;-0.45241352623301034352;0;9303.692785289569656;-1572.2384282344701205;9332.9473398961708881;-1643.574490353108331
0.2408768370508563017;-0.43815334002193251361;0;10526.78763579995757;-1778.9301978067251184;10559.987598793984944;-1859.7634071313343611
0.26791339748949688504;-0.42216396275100842583;0;11708.338064743653376;-1978.6013426041383809;11745.367354081065059;-2068.6286052336563444
0.29389262614623506975;-0.40450849718747483585;0;12843.681032376660369;-2170.4638518392621336;12884.399557343842389;-2269.3346917216945258
0.31871199487434326292;-0.38525662138789590339;0;13928.335858694592389;-2353.7605318417890885;13972.579241341756642;-2461.0778766939229172
0.34227355296434269771;-0.36448431371070727502;0;14958.021906629632213;-2527.7679943560624451;15005.602263338769262;-2643.0903534393855807
0.36448431371070411089;-0.34227355296434608389;0;15928.675475769383411;-2691.7995114239083705;15979.383250928434791;-2814.6444449763512239
0.38525662138789296129;-0.31871199487434687114;0;16836.465839925887849;-2845.2077255864096514;16890.072584293560794;-2975.0563888004144246
0.4045084971874720603;-0.293892626146238789;0;17677.810365261790139;-2987.3872047078175456;17734.072262378467713;-3123.6896609927921418
0.42216396275100598334;-0.26791339748950082633;0;18449.388649309337779;-3117.7768313395754376;18508.050523151963716;-3259.9577775473471775
0.43815334002193029317;-0.24087683705086038177;0;19148.155625081984908;-3235.8620171948114148;19208.955118020687223;-3383.3265499691183322
0.45241352623300834512;-0.21288964578253932736;0;19771.353578562615439;-3341.1767339929156151;19834.025174834830977;-3493.3158092472067437
0.46488824294412439686;-0.18406227634234223478;0;20316.523032140914438;-3433.305352660436256;20380.801619744961499;-3589.5006434813085434
0.47552825814757565537;-0.15450849718747719508;0;20781.512451047830837;-3511.8842836289522893;20847.136162274306116;-3671.5122172891069567
0.48429158056431459434;-0.12434494358243111667;0;21164.486734480404266;-3576.6034117573326512;21231.198877477985661;-3739.0382546174469098
0.49114362536434358342;-0.093690657292866269534;0;21463.934457906230818;-3627.2073202142159971;21531.484441583877924;-3791.823270993157621
0.49605735065723838284;-0.062666616782156292498;0;21678.673837965598068;-3663.4962984915373454;21746.817091395470925;-3829.668637832904551
0.49901336421413550193;-0.031395259764661065383;0;21807.857396430510562;-3685.3271305710045453;21876.354382179266395;-3852.4325519921476371
