0.5;0;0;21850.975304814048286;-3692.6136601319208239;22032.579072900985921;-4152.4292623175133485
0.49901336421413577948;0.03139525976465668694;0;21807.857396430517838;-3685.3271305710063643;21989.168608003528789;-4144.296404163977968
0.49605735065723893795;0.062666616782152129161;0;21678.673837965619896;-3663.4962984915409834;21859.102433466745424;-4119.9247689095336682
0.49114362536434436057;0.093690657292862314365;0;21463.934457906267198;-3627.2073202141846195;21642.876153320543381;-4079.3954891659918758
0.48429158056431553803;0.12434494358242739742;0;21164.486734480444284;-3576.6034117573399271;21341.315527062244655;-4022.8448068501402304
0.47552825814757676559;0.15450849718747369788;0;20781.512451047881768;-3511.8842836289954903;20955.575897951825027;-3950.4655031069655706
0.46488824294412572913;0.18406227634233895962;0;20316.523032140969008;-3433.3053526604116996;20487.141011888925277;-3862.508699101739694
0.45241352623300978841;0.212889645782536302;0;19771.353578562680923;-3341.1767339929251648;19937.820893510899623;-3759.2858321683029317
0.43815334002193179197;0.24087683705085760622;0;19148.155625082050392;-3235.8620171948559801;19309.748414236652025;-3641.1705673383617068
0.42216396275100759317;0.26791339748949827282;0;18449.388649309410539;-3117.7768313395881705;18605.374194848707702;-3508.6003731132063876
0.40450849718747372563;0.29389262614623651304;0;17677.810365261862898;-2987.3872047078302785;17827.459533202192688;-3362.0774785688640804
0.38525662138789468214;0.31871199487434481723;0;16836.465839925967884;-2845.2077255864223844;16979.067131594703824;-3202.1689421120713632
0.36448431371070583173;0.34227355296434425203;0;15928.675475769459808;-2691.7995114239211034;16063.549509720902279;-3029.5056041427028504
0.34227355296434441856;0.3644843137107056652;0;14958.021906629706791;-2527.7679943560488027;15084.535116007136821;-2844.779767048796657
0.31871199487434492825;0.38525662138789451561;0;13928.335858694665149;-2353.7605318418254683;14045.912278557021637;-2648.7415427952878417
0.29389262614623667957;0.40450849718747361461;0;12843.681032376731309;-2170.4638518392744118;12951.81125295532911;-2442.1939229387558044
0.26791339748949838384;0.42216396275100748214;0;11708.338064743717041;-1978.6013426041495222;11806.584715657794732;-2225.9867464543258393
0.24087683705085766173;0.43815334002193179197;0;10526.787635800017597;-1778.9301978067355776;10614.787109990909812;-2001.0098529869735557
0.21288964578253632975;0.45241352623300978841;0;9303.6927852896242257;-1572.2384282344792155;9381.1532726817094954;-1768.1857980688478165
0.18406227634233893187;0.46488824294412572913;0;8043.8805098086140788;-1359.3417518733940597;8110.5767527235257148;-1528.4625590624091274
0.15450849718747364236;0.4755282581475768211;0;6752.322712854836027;-1141.0803746418391711;6808.0881856795604108;-1282.8066664325594957
0.12434494358242727252;0.48429158056431559354;0;5434.1165829962292264;-918.31567448160785716;5478.8340125806707874;-1032.1971503132303951
0.093690657292862147831;0.49114362536434436057;0;4094.4644775962542553;-691.92680189272232383;4128.0557423431228017;-777.62059974879639412
0.062666616782151907117;0.49605735065723893795;0;2738.6533914860938239;-462.80721032805274717;2761.069859452914443;-520.06750077257765952
0.031395259764656430201;0.49901336421413577948;0;1372.0340916114596439;-231.86113014072313376;1383.2483833320534359;-260.52986481623082682
-3.0245073740886312578e-16;0.5;0;-1.3217687188087733219e-11;2.2336674489458809478e-12;4.200446111621982633e-11;4.3781683996458406e-11
-0.031395259764657033885;0.49901336421413577948;0;-1372.0340916114860192;231.86113014072520855;-1383.2483833319661244;260.52986481631774041
-0.062666616782152503862;0.49605735065723888244;0;-2738.6533914861197445;462.8072103280572378;-2761.069859452822584;520.06750077265905929
-0.093690657292862744576;0.49114362536434424955;0;-4094.4644775962801759;691.92680189272664393;-4128.0557423430236668;777.62059974887336011
-0.12434494358242785539;0.484291580564315427;0;-5434.1165829962546923;918.31567448161206357;-5478.8340125805561911;1032.1971503132997441
-0.15450849718747419748;0.47552825814757659906;0;-6752.3227128548596738;1141.0803746418548599;-6808.0881856794267151;1282.8066664326213413
-0.18406227634233951473;0.46488824294412550708;0;-8043.8805098086395446;1359.3417518733986071;-8110.5767527233911096;1528.4625590624596043
-0.21288964578253677384;0.45241352623300956637;0;-9303.6927852896424156;1572.2384282344828534;-9381.1532726815421483;1768.1857980688878342
-0.24087683705085810582;0.43815334002193151441;0;-10526.787635800035787;1778.9301978067385335;-10614.787109990729732;2001.0098529870047059
-0.26791339748949877242;0.42216396275100720459;0;-11708.33806474373705;1978.6013426041722596;-11806.584715657605557;2225.9867464543481219
-0.29389262614623706815;0.40450849718747333705;0;-12843.68103237674768;2170.463851839277595;-12951.811252955121745;2442.1939229387630803
-0.31871199487434537234;0.38525662138789418254;0;-13928.335858694683338;2353.7605318418045499;-14045.91227855679972;2648.7415427952755635
-0.34227355296434486265;0.36448431371070527662;0;-14958.0219066297268;2527.7679943560524407;-15084.535116006896715;2844.7797670487798314
-0.36448431371070627582;0.34227355296434380794;0;-15928.675475769477998;2691.7995114239238319;-16063.54950972064762;3029.5056041426760203
-0.38525662138789512623;0.31871199487434426212;0;-16836.465839925986074;2845.2077255864260223;-16979.067131594449165;3202.1689421120408952
-0.40450849718747422523;0.29389262614623590242;0;-17677.810365261881088;2987.3872047078039031;-17827.459533201919839;3362.0774785688231532
-0.42216396275100803726;0.26791339748949755117;0;-18449.388649309428729;3117.7768313395913538;-18605.37419484842394;3508.6003731131777386
-0.43815334002193223606;0.24087683705085682906;0;-19148.155625082068582;3235.8620171948268762;-19309.748414236357348;3641.1705673383298745
-0.45241352623301017699;0.21288964578253544158;0;-19771.353578562699113;3341.1767339929288028;-19937.820893510608585;3759.2858321682838323
-0.46488824294412606219;0.18406227634233804369;0;-20316.52303214098356;3433.3053526604135186;-20487.141011888619687;3862.5086991017278706
-0.47552825814757709866;0.15450849718747269868;0;-20781.512451047892682;3511.8842836289622937;-20955.575897951526713;3950.465503106943288
-0.48429158056431581558;0.12434494358242632883;0;-21164.486734480455198;3576.6034117573785807;-21341.315527061942703;4022.8448068501311354
-0.49114362536434452711;0.093690657292861190264;0;-21463.934457906270836;3627.2073202142223636;-21642.876153320234152;4079.3954891660223439
-0.49605735065723904897;0.062666616782150949549;0;-21678.673837965627172;3663.4962984915423476;-21859.10243346642892;4119.9247689095691385
-0.499013364214135835;0.031395259764655465695;0;-21807.857396430525114;3685.3271305710436536;-21989.168608003212285;4144.2964041640152573
-0.5;-1.2710352895928202744e-15;0;-21850.975304814048286;3692.6136601319208239;-22032.579072900709434;4152.4292623175597328
-0.49901336421413572397;-0.031395259764657998391;0;-21807.857396430517838;3685.3271305710063643;-21989.168608003230474;4144.2964041640116193
-0.49605735065723877142;-0.062666616782153475307;0;-21678.67383796561262;3663.4962984915391644;-21859.102433466418006;4119.9247689095755049
-0.49114362536434408302;-0.093690657292863688266;0;-21463.934457906252646;3627.2073202141828006;-21642.876153320226877;4079.3954891660428075
-0.48429158056431520496;-0.12434494358242879908;0;-21164.486734480429732;3576.6034117573371987;-21341.315527061949979;4022.8448068501706985
-0.4755282581475763215;-0.15450849718747511341;0;-20781.512451047863578;3511.8842836289577463;-20955.575897951519437;3950.4655031069964934
-0.46488824294412511851;-0.18406227634234040291;0;-20316.523032140943542;3433.3053526604412582;-20487.141011888616049;3862.5086991017956279
-0.45241352623300906677;-0.21288964578253774529;0;-19771.353578562648181;3341.1767339929547234;-19937.820893510594033;3759.2858321683570466
-0.43815334002193101481;-0.2408768370508590495;0;-19148.15562508201765;3235.8620171948173265;-19309.748414236342796;3641.1705673383949033
-0.42216396275100664948;-0.26791339748949971611;0;-18449.388649309374159;3117.7768313395808946;-18605.374194848394836;3508.6003731132518624
-0.40450849718747272643;-0.29389262614623795633;0;-17677.810365261822881;2987.3872047077929892;-17827.45953320188346;3362.0774785688995507
-0.38525662138789351641;-0.31871199487434620501;0;-16836.465839925916953;2845.2077255864151084;-16979.067131594409148;3202.1689421121213854
-0.36448431371070455498;-0.3422735529643456398;0;-15928.675475769407058;2691.7995114239124632;-16063.54950972061124;3029.5056041427455966
-0.34227355296434297527;-0.36448431371070699747;0;-14958.021906629646764;2527.7679943560642641;-15084.535116006854878;2844.779767048848953
-0.31871199487434342945;-0.38525662138789579236;0;-13928.335858694603303;2353.7605318417909075;-14045.912278556741512;2648.7415427953292237
-0.29389262614623518077;-0.40450849718747472483;0;-12843.681032376660369;2170.4638518392621336;-12951.811252955067175;2442.1939229387999148
-0.26791339748949705157;-0.42216396275100837032;0;-11708.338064743662471;1978.6013426041397452;-11806.584715657541892;2225.9867464543690403
-0.24087683705085646824;-0.4381533400219324581;0;-10526.787635799968484;1778.9301978067271648;-10614.787109990671524;2001.0098529870185757
-0.21288964578253527504;-0.4524135262330102325;0;-9303.6927852895823889;1572.2384282344878557;-9381.1532726814857597;1768.1857980689057968
-0.18406227634233807144;-0.46488824294412606219;0;-8043.88050980857588;1359.3417518733876932;-8110.576752723329264;1528.4625590624566485
-0.15450849718747294848;-0.47552825814757704315;0;-6752.3227128548041946;1141.0803746418339415;-6808.0881856793721454;1282.8066664326024693
-0.1243449435824267868;-0.48429158056431570456;0;-5434.116582996206489;918.31567448160410549;-5478.8340125805052594;1032.1971503132763246
-0.093690657292861884153;-0.49114362536434441608;0;-4094.4644775962419772;691.92680189272027746;-4128.055742342974554;777.62059974883936775
-0.062666616782151865483;-0.49605735065723893795;0;-2738.6533914860915502;462.80721032805229243;-2761.0698594527843852;520.06750077261779097
-0.031395259764656603674;-0.49901336421413577948;0;-1372.0340916114664651;231.8611301407219969;-1383.2483833319358837;260.52986481626760451
-9.1848509936051484375e-17;-0.5;0;-3.513904830519632198e-12;5.9381756633634876695e-13;5.8519318530663377946e-11;-1.0041304229212111168e-11
0.031395259764656416324;-0.49901336421413577948;0;1372.0340916114596439;-231.86113014072313376;1383.2483833320575286;-260.5298648162840891
0.062666616782151671194;-0.49605735065723899346;0;2738.6533914860838195;-462.80721032805104187;2761.0698594529067122;-520.06750077262995546
0.093690657292861703742;-0.4911436253643444716;0;4094.4644775962347012;-691.92680189271891322;4128.0557423430946073;-777.6205997488441426
0.12434494358242660639;-0.48429158056431576007;0;5434.1165829962001226;-918.31567448160308231;5478.8340125806271317;-1032.1971503132726866
0.15450849718747278194;-0.47552825814757709866;0;6752.3227128547969187;-1141.0803746418328046;6808.0881856795003841;-1282.806666432591328
0.18406227634233790491;-0.46488824294412611771;0;8043.8805098085695136;-1359.3417518733865563;8110.5767527234575027;-1528.4625590624352753
0.21288964578253510851;-0.45241352623301034352;0;9303.692785289569656;-1572.2384282344701205;9381.1532726816167269;-1768.1857980688619136
0.2408768370508563017;-0.43815334002193251361;0;10526.78763579995757;-1778.9301978067251184;10614.787109990809768;-2001.0098529869728736
0.26791339748949688504;-0.42216396275100842583;0;11708.338064743653376;-1978.6013426041383809;11806.584715657687411;-2225.9867464543103779
0.29389262614623506975;-0.40450849718747483585;0;12843.681032376660369;-2170.4638518392621336;12951.811252955209056;-2442.1939229387126034
0.31871199487434326292;-0.38525662138789590339;0;13928.335858694592389;-2353.7605318417890885;14045.912278556896126;-2648.7415427952464597
0.34227355296434269771;-0.36448431371070727502;0;14958.021906629632213;-2527.7679943560624451;15084.535116006998578;-2844.7797670487429968
0.36448431371070411089;-0.34227355296434608389;0;15928.675475769383411;-2691.7995114239083705;16063.549509720773131;-3029.5056041426382762
0.38525662138789296129;-0.31871199487434687114;0;16836.465839925887849;-2845.2077255864096514;16979.067131594580133;-3202.1689421120045154
0.4045084971874720603;-0.293892626146238789;0;17677.810365261790139;-2987.3872047078175456;17827.459533202072635;-3362.0774785687895019
0.42216396275100598334;-0.26791339748950082633;0;18449.388649309337779;-3117.7768313395754376;18605.374194848587649;-3508.6003731131145287
0.43815334002193029317;-0.24087683705086038177;0;19148.155625081984908;-3235.8620171948114148;19309.748414236535609;-3641.1705673382689383
0.45241352623300834512;-0.21288964578253932736;0;19771.353578562615439;-3341.1767339929156151;19937.820893510808673;-3759.2858321682228961
0.46488824294412439686;-0.18406227634234223478;0;20316.523032140914438;-3433.305352660436256;20487.141011888834328;-3862.5086991016719367
0.47552825814757565537;-0.15450849718747719508;0;20781.512451047830837;-3511.8842836289522893;20955.575897951759544;-3950.4655031068841708
0.48429158056431459434;-0.12434494358243111667;0;21164.486734480404266;-3576.6034117573326512;21341.315527062190085;-4022.844806850076111
0.49114362536434358342;-0.093690657292866269534;0;21463.934457906230818;-3627.2073202142159971;21642.876153320492449;-4079.3954891659550412
0.49605735065723838284;-0.062666616782156292498;0;21678.673837965598068;-3663.4962984915373454;21859.102433466705406;-4119.9247689095100213
0.49901336421413550193;-0.031395259764661065383;0;21807.857396430510562;-3685.3271305710045453;21989.168608003514237;-4144.2964041639588686
