0.5;0;0;21850.975304814048286;-3692.6136601319208239;21903.241299330740731;-3819.1951783923041148
0.49901336421413577948;0.03139525976465668694;0;21807.857396430517838;-3685.3271305710063643;21860.031261528038158;-3811.6723885335150044
0.49605735065723893795;0.062666616782152129161;0;21678.673837965619896;-3663.4962984915409834;21730.570685374001187;-3789.1325631742251971
0.49114362536434436057;0.093690657292862314365;0;21463.934457906267198;-3627.2073202141846195;21515.367606057105149;-3751.661316261286629
0.48429158056431553803;0.12434494358242739742;0;21164.486734480444284;-3576.6034117573399271;21215.266820759137772;-3699.4012691090438238
0.47552825814757676559;0.15450849718747369788;0;20781.512451047881768;-3511.8842836289954903;20831.446975427461439;-3632.5519257528094386
0.46488824294412572913;0.18406227634233895962;0;20316.523032140969008;-3433.3053526604116996;20365.416446824197919;-3551.3694554670346406
0.45241352623300978841;0.212889645782536302;0;19771.353578562680923;-3341.1767339929251648;19819.007986375982;-3456.1663409873258388
0.43815334002193179197;0.24087683705085760622;0;19148.155625082050392;-3235.8620171948559801;19194.372090842240141;-3347.3108419523582597
0.42216396275100759317;0.26791339748949827282;0;18449.388649309410539;-3117.7768313395881705;18493.969068567676004;-3225.2262170906506071
0.40450849718747372563;0.29389262614623651304;0;17677.810365261862898;-2987.3872047078302785;17720.559779365306895;-3090.3896469941787473
0.38525662138789468214;0.31871199487434481723;0;16836.465839925967884;-2845.2077255864223844;16877.195040663656982;-2943.3308031149804265
0.36448431371070583173;0.34227355296434425203;0;15928.675475769459808;-2691.7995114239211034;15967.203711677422689;-2784.6300186671837764
0.34227355296434441856;0.3644843137107056652;0;14958.021906629706791;-2527.7679943560488027;14994.179489722733706;-2614.916033511004116
0.31871199487434492825;0.38525662138789451561;0;13928.335858694665149;-2353.7605318418254683;13961.966476675343074;-2434.8633070628034147
0.29389262614623667957;0.40450849718747361461;0;12843.681032376731309;-2170.4638518392744118;12874.643596948724735;-2245.1889190872129802
0.26791339748949838384;0.42216396275100748214;0;11708.338064743717041;-1978.6013426041495222;11736.507969196693011;-2046.6491053125255348
0.24087683705085766173;0.43815334002193179197;0;10526.787635800017597;-1778.9301978067355776;10552.057350344121005;-1840.0355000162730903
0.21288964578253632975;0.45241352623300978841;0;9303.6927852896242257;-1572.2384282344792155;9325.971781083750102;-1626.1711777440357309
0.18406227634233893187;0.46488824294412572913;0;8043.8805098086140788;-1359.3417518733940597;8063.0945658237806128;-1405.9065981763831132
0.15450849718747364236;0.4755282581475768211;0;6752.322712854836027;-1141.0803746418391711;6768.4127171365298636;-1180.115559708993942
0.12434494358242727252;0.48429158056431559354;0;5434.1165829962292264;-918.31567448160785716;5447.0369856829720447;-949.6912576642039312
0.093690657292862147831;0.49114362536434436057;0;4094.4644775962542553;-691.92680189272232383;4104.181582644709124;-715.54252280032983435
0.062666616782151907117;0.49605735065723893795;0;2738.6533914860938239;-462.80721032805274717;2745.1436846181359215;-478.59028702151289281
0.031395259764656430201;0.49901336421413577948;0;1372.0340916114596439;-231.86113014072313376;1375.2827926898803526;-239.76428929639126864
-3.0245073740886312578e-16;0.5;0;-1.3217687188087733219e-11;2.2336674489458809478e-12;-2.1585929337656834243e-11;7.1867878291970549259e-12
-0.031395259764657033885;0.49901336421413577948;0;-1372.0340916114860192;231.86113014072520855;-1375.282792689924463;239.76428929640206889
-0.062666616782152503862;0.49605735065723888244;0;-2738.6533914861197445;462.8072103280572378;-2745.1436846181877627;478.5902870215250573
-0.093690657292862744576;0.49114362536434424955;0;-4094.4644775962801759;691.92680189272664393;-4104.1815826447527797;715.54252280034313571
-0.12434494358242785539;0.484291580564315427;0;-5434.1165829962546923;918.31567448161206357;-5447.0369856830138815;949.69125766421609569
-0.15450849718747419748;0.47552825814757659906;0;-6752.3227128548596738;1141.0803746418548599;-6768.4127171365626054;1180.1155597090062201
-0.18406227634233951473;0.46488824294412550708;0;-8043.8805098086395446;1359.3417518733986071;-8063.0945658238260876;1405.906598176398802
-0.21288964578253677384;0.45241352623300956637;0;-9303.6927852896424156;1572.2384282344828534;-9325.9717810837937577;1626.1711777440464175
-0.24087683705085810582;0.43815334002193151441;0;-10526.787635800035787;1778.9301978067385335;-10552.057350344162842;1840.0355000162953729
-0.26791339748949877242;0.42216396275100720459;0;-11708.33806474373705;1978.6013426041722596;-11736.5079691967494;2046.649105312539632
-0.29389262614623706815;0.40450849718747333705;0;-12843.68103237674768;2170.463851839277595;-12874.643596948755658;2245.1889190872225299
-0.31871199487434537234;0.38525662138789418254;0;-13928.335858694683338;2353.7605318418045499;-13961.966476675370359;2434.863307062808417
-0.34227355296434486265;0.36448431371070527662;0;-14958.0219066297268;2527.7679943560524407;-14994.17948972276281;2614.9160335110072992
-0.36448431371070627582;0.34227355296434380794;0;-15928.675475769477998;2691.7995114239238319;-15967.203711677466345;2784.6300186671846859
-0.38525662138789512623;0.31871199487434426212;0;-16836.465839925986074;2845.2077255864260223;-16877.195040663707914;2943.3308031150008901
-0.40450849718747422523;0.29389262614623590242;0;-17677.810365261881088;2987.3872047078039031;-17720.559779365339637;3090.389646994179202
-0.42216396275100803726;0.26791339748949755117;0;-18449.388649309428729;3117.7768313395913538;-18493.969068567723298;3225.2262170906469692
-0.43815334002193223606;0.24087683705085682906;0;-19148.155625082068582;3235.8620171948268762;-19194.372090842240141;3347.3108419523618977
-0.45241352623301017699;0.21288964578253544158;0;-19771.353578562699113;3341.1767339929288028;-19819.007986376047484;3456.1663409873463024
-0.46488824294412606219;0.18406227634233804369;0;-20316.52303214098356;3433.3053526604135186;-20365.416446824234299;3551.369455467061016
-0.47552825814757709866;0.15450849718747269868;0;-20781.512451047892682;3511.8842836289622937;-20831.446975427479629;3632.551925752823081
-0.48429158056431581558;0.12434494358242632883;0;-21164.486734480455198;3576.6034117573785807;-21215.266820759166876;3699.4012691090620137
-0.49114362536434452711;0.093690657292861190264;0;-21463.934457906270836;3627.2073202142223636;-21515.367606057101511;3751.6613162613157328
-0.49605735065723904897;0.062666616782150949549;0;-21678.673837965627172;3663.4962984915423476;-21730.570685373993911;3789.1325631742615769
-0.499013364214135835;0.031395259764655465695;0;-21807.857396430525114;3685.3271305710436536;-21860.031261528067262;3811.6723885335486557
-0.5;-1.2710352895928202744e-15;0;-21850.975304814048286;3692.6136601319208239;-21903.241299330769834;3819.1951783923186667
-0.49901336421413572397;-0.031395259764657998391;0;-21807.857396430517838;3685.3271305710063643;-21860.031261528041796;3811.67238853353183
-0.49605735065723877142;-0.062666616782153475307;0;-21678.67383796561262;3663.4962984915391644;-21730.570685373972083;3789.1325631742297446
-0.49114362536434408302;-0.093690657292863688266;0;-21463.934457906252646;3627.2073202141828006;-21515.367606057086959;3751.6613162612966335
-0.48429158056431520496;-0.12434494358242879908;0;-21164.486734480429732;3576.6034117573371987;-21215.266820759130496;3699.4012691090324552
-0.4755282581475763215;-0.15450849718747511341;0;-20781.512451047863578;3511.8842836289577463;-20831.446975427425059;3632.5519257527994341
-0.46488824294412511851;-0.18406227634234040291;0;-20316.523032140943542;3433.3053526604412582;-20365.416446824187005;3551.3694554670323669
-0.45241352623300906677;-0.21288964578253774529;0;-19771.353578562648181;3341.1767339929547234;-19819.00798637596381;3456.1663409873358432
-0.43815334002193101481;-0.2408768370508590495;0;-19148.15562508201765;3235.8620171948173265;-19194.372090842174657;3347.3108419523346129
-0.42216396275100664948;-0.26791339748949971611;0;-18449.388649309374159;3117.7768313395808946;-18493.96906856762871;3225.226217090634691
-0.40450849718747272643;-0.29389262614623795633;0;-17677.810365261822881;2987.3872047077929892;-17720.559779365259601;3090.3896469941523719
-0.38525662138789351641;-0.31871199487434620501;0;-16836.465839925916953;2845.2077255864151084;-16877.195040663613327;2943.3308031149631461
-0.36448431371070455498;-0.3422735529643456398;0;-15928.675475769407058;2691.7995114239124632;-15967.203711677357205;2784.6300186671528536
-0.34227355296434297527;-0.36448431371070699747;0;-14958.021906629646764;2527.7679943560642641;-14994.17948972267186;2614.9160335109859261
-0.31871199487434342945;-0.38525662138789579236;0;-13928.335858694603303;2353.7605318417909075;-13961.966476675275771;2434.8633070627820416
-0.29389262614623518077;-0.40450849718747472483;0;-12843.681032376660369;2170.4638518392621336;-12874.64359694864288;2245.1889190871938808
-0.26791339748949705157;-0.42216396275100837032;0;-11708.338064743662471;1978.6013426041397452;-11736.507969196631166;2046.6491053125062081
-0.24087683705085646824;-0.4381533400219324581;0;-10526.787635799968484;1778.9301978067271648;-10552.057350344070073;1840.0355000162705892
-0.21288964578253527504;-0.4524135262330102325;0;-9303.6927852895823889;1572.2384282344878557;-9325.9717810837064462;1626.1711777440398237
-0.18406227634233807144;-0.46488824294412606219;0;-8043.88050980857588;1359.3417518733876932;-8063.0945658237424141;1405.906598176383568
-0.15450849718747294848;-0.47552825814757704315;0;-6752.3227128548041946;1141.0803746418339415;-6768.4127171364880269;1180.1155597089923504
-0.1243449435824267868;-0.48429158056431570456;0;-5434.116582996206489;918.31567448160410549;-5447.0369856829483979;949.69125766421302615
-0.093690657292861884153;-0.49114362536434441608;0;-4094.4644775962419772;691.92680189272027746;-4104.1815826446963911;715.54252280033711031
-0.062666616782151865483;-0.49605735065723893795;0;-2738.6533914860915502;462.80721032805229243;-2745.1436846181563851;478.59028702152062351
-0.031395259764656603674;-0.49901336421413577948;0;-1372.0340916114664651;231.8611301407219969;-1375.282792689903772;239.7642892964010457
-9.1848509936051484375e-17;-0.5;0;-3.513904830519632198e-12;5.9381756633634876695e-13;-1.7394061134761447078e-11;9.8703746628175048189e-12
0.031395259764656416324;-0.49901336421413577948;0;1372.0340916114596439;-231.86113014072313376;1375.2827926898685291;-239.76428929638566956
0.062666616782151671194;-0.49605735065723899346;0;2738.6533914860838195;-462.80721032805104187;2745.1436846181168221;-478.59028702150823165
0.093690657292861703742;-0.4911436253643444716;0;4094.4644775962347012;-691.92680189271891322;4104.1815826446663777;-715.54252280031926148
0.12434494358242660639;-0.48429158056431576007;0;5434.1165829962001226;-918.31567448160308231;5447.0369856829183846;-949.69125766419904267
0.15450849718747278194;-0.47552825814757709866;0;6752.3227128547969187;-1141.0803746418328046;6768.4127171364489186;-1180.1155597089800722
0.18406227634233790491;-0.46488824294412611771;0;8043.8805098085695136;-1359.3417518733865563;8063.0945658237033058;-1405.9065981763721993
0.21288964578253510851;-0.45241352623301034352;0;9303.692785289569656;-1572.2384282344701205;9325.9717810836700664;-1626.1711777440295918
0.2408768370508563017;-0.43815334002193251361;0;10526.78763579995757;-1778.9301978067251184;10552.057350344030056;-1840.0355000162626311
0.26791339748949688504;-0.42216396275100842583;0;11708.338064743653376;-1978.6013426041383809;11736.507969196609338;-2046.6491053125062081
0.29389262614623506975;-0.40450849718747483585;0;12843.681032376660369;-2170.4638518392621336;12874.643596948593768;-2245.1889190871847859
0.31871199487434326292;-0.38525662138789590339;0;13928.335858694592389;-2353.7605318417890885;13961.966476675223021;-2434.8633070627811321
0.34227355296434269771;-0.36448431371070727502;0;14958.021906629632213;-2527.7679943560624451;14994.179489722628205;-2614.9160335109754669
0.36448431371070411089;-0.34227355296434608389;0;15928.675475769383411;-2691.7995114239083705;15967.203711677322644;-2784.6300186671546726
0.38525662138789296129;-0.31871199487434687114;0;16836.465839925887849;-2845.2077255864096514;16877.195040663558757;-2943.3308031149504131
0.4045084971874720603;-0.293892626146238789;0;17677.810365261790139;-2987.3872047078175456;17720.559779365183203;-3090.3896469941555551
0.42216396275100598334;-0.26791339748950082633;0;18449.388649309337779;-3117.7768313395754376;18493.969068567574141;-3225.2262170906110441
0.43815334002193029317;-0.24087683705086038177;0;19148.155625081984908;-3235.8620171948114148;19194.372090842131001;-3347.3108419523168777
0.45241352623300834512;-0.21288964578253932736;0;19771.353578562615439;-3341.1767339929156151;19819.007986375894689;-3456.1663409873090131
0.46488824294412439686;-0.18406227634234223478;0;20316.523032140914438;-3433.305352660436256;20365.416446824110608;-3551.3694554670214529
0.47552825814757565537;-0.15450849718747719508;0;20781.512451047830837;-3511.8842836289522893;20831.446975427385041;-3632.551925752783518
0.48429158056431459434;-0.12434494358243111667;0;21164.486734480404266;-3576.6034117573326512;21215.266820759090479;-3699.401269109025634
0.49114362536434358342;-0.093690657292866269534;0;21463.934457906230818;-3627.2073202142159971;21515.36760605705058;-3751.6613162612798078
0.49605735065723838284;-0.062666616782156292498;0;21678.673837965598068;-3663.4962984915373454;21730.570685373946617;-3789.1325631742233782
0.49901336421413550193;-0.031395259764661065383;0;21807.857396430510562;-3685.3271305710045453;21860.031261528049072;-3811.6723885335190971
