0.5;0;0;21850.975304814048286;-3692.6136601319208239;21856.295022233378404;-3705.0942347625968978
0.49901336421413577948;0.03139525976465668694;0;21807.857396430517838;-3685.3271305710063643;21813.167870491921349;-3697.7845284295285637
0.49605735065723893795;0.062666616782152129161;0;21678.673837965619896;-3663.4962984915409834;21683.956506847836863;-3675.8841350123525444
0.49114362536434436057;0.093690657292862314365;0;21463.934457906267198;-3627.2073202141846195;21469.170543572232418;-3639.4791277329927652
0.48429158056431553803;0.12434494358242739742;0;21164.486734480444284;-3576.6034117573399271;21169.657132759617525;-3588.7126171484524093
0.47552825814757676559;0.15450849718747369788;0;20781.512451047881768;-3511.8842836289954903;20786.597669812672393;-3523.7842330585740456
0.46488824294412572913;0.18406227634233895962;0;20316.523032140969008;-3433.3053526604116996;20321.503190577022906;-3444.949397459685315
0.45241352623300978841;0.212889645782536302;0;19771.353578562680923;-3341.1767339929251648;19776.208474901857699;-3352.5183869507059171
0.43815334002193179197;0.24087683705085760622;0;19148.155625082050392;-3235.8620171948559801;19152.864873746762896;-3246.8551827962223797
0.42216396275100759317;0.26791339748949827282;0;18449.388649309410539;-3117.7768313395881705;18453.931881778873503;-3128.376106944165258
0.40450849718747372563;0.29389262614623651304;0;17677.810365261862898;-2987.3872047078302785;17682.16748270856624;-2997.5482428261329915
0.38525662138789468214;0.31871199487434481723;0;16836.465839925967884;-2845.2077255864223844;16840.617300391928438;-2854.8876408592404914
0.36448431371070583173;0.34227355296434425203;0;15928.675475769459808;-2691.7995114239211034;15932.602594898535244;-2700.9573103144230117
0.34227355296434441856;0.3644843137107056652;0;14958.021906629706791;-2527.7679943560488027;14961.707149161395137;-2536.3650016234569193
0.31871199487434492825;0.38525662138789451561;0;13928.335858694665149;-2353.7605318418254683;13931.763111029255015;-2361.7607244117070877
0.29389262614623667957;0.40450849718747361461;0;12843.681032376731309;-2170.4638518392744118;12846.835957413555661;-2177.8343511258071885
0.26791339748949838384;0.42216396275100748214;0;11708.338064743717041;-1978.6013426041495222;11711.207744177911081;-1985.3125683330783886
0.24087683705085766173;0.43815334002193179197;0;10526.787635800017597;-1778.9301978067355776;10529.360946242217324;-1784.9560881938843977
0.21288964578253632975;0.45241352623300978841;0;9303.6927852896242257;-1572.2384282344792155;9305.9605163470096159;-1577.5564700038121373
0.18406227634233893187;0.46488824294412572913;0;8043.8805098086140788;-1359.3417518733940597;8045.8352986499876351;-1363.9328921211983925
0.15450849718747364236;0.4755282581475768211;0;6752.322712854836027;-1141.0803746418391711;6753.9588657984313613;-1144.9288604543694419
0.12434494358242727252;0.48429158056431559354;0;5434.1165829962292264;-918.31567448160785716;5435.4298431237211844;-921.40885132111145595
0.093690657292862147831;0.49114362536434436057;0;4094.4644775962542553;-691.92680189272232383;4095.4517832223364167;-694.2548952584069184
0.062666616782151907117;0.49605735065723893795;0;2738.6533914860938239;-462.80721032805274717;2739.312656752244493;-464.36311339071863813
0.031395259764656430201;0.49901336421413577948;0;1372.0340916114596439;-231.86113014072313376;1372.364029272205471;-232.6402194614987593
-3.0245073740886312578e-16;0.5;0;-1.3217687188087733219e-11;2.2336674489458809478e-12;-1.8051786809384831222e-06;4.805203959967458827e-07
-0.031395259764657033885;0.49901336421413577948;0;-1372.0340916114860192;231.86113014072520855;-1372.3640323899512623;232.64022118917728221
-0.062666616782152503862;0.49605735065723888244;0;-2738.6533914861197445;462.8072103280572378;-2739.3126586143148415;464.36311705005761041
-0.093690657292862744576;0.49114362536434424955;0;-4094.4644775962801759;691.92680189272664393;-4095.4517836739332779;694.25490105388462325
-0.12434494358242785539;0.484291580564315427;0;-5434.1165829962546923;918.31567448161206357;-5435.4298428307765789;921.40885829291528353
-0.15450849718747419748;0.47552825814757659906;0;-6752.3227128548596738;1141.0803746418548599;-6753.9588661783118368;1144.9288667839582558
-0.18406227634233951473;0.46488824294412550708;0;-8043.8805098086395446;1359.3417518733986071;-8045.8353014489694033;1363.9328958867390611
-0.21288964578253677384;0.45241352623300956637;0;-9303.6927852896424156;1572.2384282344828534;-9305.9605228830732813;1577.5564701288733431
-0.24087683705085810582;0.43815334002193151441;0;-10526.787635800035787;1778.9301978067385335;-10529.360956500378961;1784.9560851736046061
-0.26791339748949877242;0.42216396275100720459;0;-11708.33806474373705;1978.6013426041722596;-11711.207756199497453;1985.312564267639118
-0.29389262614623706815;0.40450849718747333705;0;-12843.68103237674768;2170.463851839277595;-12846.835967743931178;2177.8343487139795798
-0.31871199487434537234;0.38525662138789418254;0;-13928.335858694683338;2353.7605318418045499;-13931.763117327096552;2361.7607249224824955
-0.34227355296434486265;0.36448431371070527662;0;-14958.0219066297268;2527.7679943560524407;-14961.707156336608023;2536.3650025175634255
-0.36448431371070627582;0.34227355296434380794;0;-15928.675475769477998;2691.7995114239238319;-15932.602602352244503;2700.9573113850428854
-0.38525662138789512623;0.31871199487434426212;0;-16836.465839925986074;2845.2077255864260223;-16840.617308059656352;2854.8876421426366505
-0.40450849718747422523;0.29389262614623590242;0;-17677.810365261881088;2987.3872047078039031;-17682.16749051745137;2997.5482443515179511
-0.42216396275100803726;0.26791339748949755117;0;-18449.388649309428729;3117.7768313395913538;-18453.931889650928497;3128.3761087321131527
-0.43815334002193223606;0.24087683705085682906;0;-19148.155625082068582;3235.8620171948268762;-19152.864881601846719;3246.8551848573251846
-0.45241352623301017699;0.21288964578253544158;0;-19771.353578562699113;3341.1767339929288028;-19776.208482661117159;3352.5183892853592624
-0.46488824294412606219;0.18406227634233804369;0;-20316.52303214098356;3433.3053526604135186;-20321.50319816567935;3444.9494000583335946
-0.47552825814757709866;0.15450849718747269868;0;-20781.512451047892682;3511.8842836289622937;-20786.597677162888431;3523.7842359026940358
-0.48429158056431581558;0.12434494358242632883;0;-21164.486734480455198;3576.6034117573785807;-21169.657139812945388;3588.7126202120307426
-0.49114362536434452711;0.093690657292861190264;0;-21463.934457906270836;3627.2073202142223636;-21469.170550280450698;3639.4791309843226372
-0.49605735065723904897;0.062666616782150949549;0;-21678.673837965627172;3663.4962984915423476;-21683.956513175064174;3675.8841384160482448
-0.499013364214135835;0.031395259764655465695;0;-21807.857396430525114;3685.3271305710436536;-21813.167876414576313;3697.7845319485982145
-0.5;-1.2710352895928202744e-15;0;-21850.975304814048286;3692.6136601319208239;-21856.295027740154183;3705.0942383604551651
-0.49901336421413572397;-0.031395259764657998391;0;-21807.857396430517838;3685.3271305710063643;-21813.167876063609583;3697.7845321211198097
-0.49605735065723877142;-0.062666616782153475307;0;-21678.67383796561262;3663.4962984915391644;-21683.956512484510313;3675.8841387580091578
-0.49114362536434408302;-0.093690657292863688266;0;-21463.934457906252646;3627.2073202141828006;-21469.170549272581411;3639.4791314896815493
-0.48429158056431520496;-0.12434494358242879908;0;-21164.486734480429732;3576.6034117573371987;-21169.65713851997134;3588.7126208714803397
-0.4755282581475763215;-0.15450849718747511341;0;-20781.512451047863578;3511.8842836289577463;-20786.59767562633715;3523.7842367039684177
-0.46488824294412511851;-0.18406227634234040291;0;-20316.523032140943542;3433.3053526604412582;-20321.503196434023266;3444.9494009858490244
-0.45241352623300906677;-0.21288964578253774529;0;-19771.353578562648181;3341.1767339929547234;-19776.208480788594898;3352.5183903207353069
-0.43815334002193101481;-0.2408768370508590495;0;-19148.15562508201765;3235.8620171948173265;-19152.864879646218469;3246.8551859795456949
-0.42216396275100664948;-0.26791339748949971611;0;-18449.388649309374159;3117.7768313395808946;-18453.931887671005825;3128.3761099181338068
-0.40450849718747272643;-0.29389262614623795633;0;-17677.810365261822881;2987.3872047077929892;-17682.167488571365539;2997.5482455769561057
-0.38525662138789351641;-0.31871199487434620501;0;-16836.465839925916953;2845.2077255864151084;-16840.61730620239905;2854.8876433826244465
-0.36448431371070455498;-0.3422735529643456398;0;-15928.675475769407058;2691.7995114239124632;-15932.602600633330439;2700.9573126155073624
-0.34227355296434297527;-0.36448431371070699747;0;-14958.021906629646764;2527.7679943560642641;-14961.707154798243209;2536.3650037163624802
-0.31871199487434342945;-0.38525662138789579236;0;-13928.335858694603303;2353.7605318417909075;-13931.763116105599693;2361.7607259729720681
-0.29389262614623518077;-0.40450849718747472483;0;-12843.681032376660369;2170.4638518392621336;-12846.835964862739274;2177.8343518327328638
-0.26791339748949705157;-0.42216396275100837032;0;-11708.338064743662471;1978.6013426041397452;-11711.207752415079085;1985.312568571834845
-0.24087683705085646824;-0.4381533400219324581;0;-10526.787635799968484;1778.9301978067271648;-10529.360953611807417;1784.956088832672549
-0.21288964578253527504;-0.4524135262330102325;0;-9303.6927852895823889;1572.2384282344878557;-9305.960522576195217;1577.5564716604017121
-0.18406227634233807144;-0.46488824294412606219;0;-8043.88050980857588;1359.3417518733876932;-8045.8353046156507844;1363.9328947385029096
-0.15450849718747294848;-0.47552825814757704315;0;-6752.3227128548041946;1141.0803746418339415;-6753.9588726515085;1144.9288633780699911
-0.1243449435824267868;-0.48429158056431570456;0;-5434.116582996206489;918.31567448160410549;-5435.4298514650336074;921.40885372709215062
-0.093690657292861884153;-0.49114362536434441608;0;-4094.4644775962419772;691.92680189272027746;-4095.4517926819253262;694.25489665331554079
-0.062666616782151865483;-0.49605735065723893795;0;-2738.6533914860915502;462.80721032805229243;-2739.3126660498128331;464.3631139377999375
-0.031395259764656603674;-0.49901336421413577948;0;-1372.0340916114664651;231.8611301407219969;-1372.3640366541585536;232.64021999483657055
-9.1848509936051484375e-17;-0.5;0;-3.513904830519632198e-12;5.9381756633634876695e-13;-2.0532805255619266058e-06;1.2465223419662783409e-06
0.031395259764656416324;-0.49901336421413577948;0;1372.0340916114596439;-231.86113014072313376;1372.3640329263373587;-232.64021718153244933
0.062666616782151671194;-0.49605735065723899346;0;2738.6533914860838195;-462.80721032805104187;2739.3126632924427213;-464.36311030227176389
0.093690657292861703742;-0.4911436253643444716;0;4094.4644775962347012;-691.92680189271891322;4095.4517910436802595;-694.25489205960866457
0.12434494358242660639;-0.48429158056431576007;0;5434.1165829962001226;-918.31567448160308231;5435.4298505282004044;-921.40884849671738266
0.15450849718747278194;-0.47552825814757709866;0;6752.3227128547969187;-1141.0803746418328046;6753.9588715331046842;-1144.9288581965020057
0.18406227634233790491;-0.46488824294412611771;0;8043.8805098085695136;-1359.3417518733865563;8045.8353023127619963;-1363.9328903843481839
0.21288964578253510851;-0.45241352623301034352;0;9303.692785289569656;-1572.2384282344701205;9305.9605184963038482;-1577.55646863433617
0.2408768370508563017;-0.43815334002193251361;0;10526.78763579995757;-1778.9301978067251184;10529.360948117497173;-1784.9560870304187574
0.26791339748949688504;-0.42216396275100842583;0;11708.338064743653376;-1978.6013426041383809;11711.207747062129783;-1985.3125671963873629
0.29389262614623506975;-0.40450849718747483585;0;12843.681032376660369;-2170.4638518392621336;12846.835961820175726;-2177.8343497510782072
0.31871199487434326292;-0.38525662138789590339;0;13928.335858694592389;-2353.7605318417890885;13931.763116016785716;-2361.7607226624031682
0.34227355296434269771;-0.36448431371070727502;0;14958.021906629632213;-2527.7679943560624451;14961.707152087470604;-2536.365000782115203
0.36448431371070411089;-0.34227355296434608389;0;15928.675475769383411;-2691.7995114239083705;15932.602597967344991;-2700.9573096099902614
0.38525662138789296129;-0.31871199487434687114;0;16836.465839925887849;-2845.2077255864096514;16840.617303539780551;-2854.8876403013459822
0.4045084971874720603;-0.293892626146238789;0;17677.810365261790139;-2987.3872047078175456;17682.167485867004871;-2997.5482424162287316
0.42216396275100598334;-0.26791339748950082633;0;18449.388649309337779;-3117.7768313395754376;18453.931884877456469;-3128.376106675603296
0.43815334002193029317;-0.24087683705086038177;0;19148.155625081984908;-3235.8620171948114148;19152.864876714851562;-3246.8551826545362928
0.45241352623300834512;-0.21288964578253932736;0;19771.353578562615439;-3341.1767339929156151;19776.208477671112632;-3352.5183869149896054
0.46488824294412439686;-0.18406227634234223478;0;20316.523032140914438;-3433.305352660436256;20321.503193083091901;-3444.9493975041991689
0.47552825814757565537;-0.15450849718747719508;0;20781.512451047830837;-3511.8842836289522893;20786.597671997144062;-3523.7842331549459232
0.48429158056431459434;-0.12434494358243111667;0;21164.486734480404266;-3576.6034117573326512;21169.657134571658389;-3588.712617268070062
0.49114362536434358342;-0.093690657292866269534;0;21463.934457906230818;-3627.2073202142159971;21469.170544969365437;-3639.4791278493567006
0.49605735065723838284;-0.062666616782156292498;0;21678.673837965598068;-3663.4962984915373454;21683.956507797698578;-3675.8841351033102001
0.49901336421413550193;-0.031395259764661065383;0;21807.857396430510562;-3685.3271305710045453;21813.167870972476521;-3697.7845284791387712
