0.5;0;0;21850.975304814048286;-3692.6136601319208239;21851.425993398774153;-3693.6622670927836225
0.49901336421413577948;0.03139525976465668694;0;21807.857396430517838;-3685.3271305710063643;21808.307352171250386;-3686.373821873322413
0.49605735065723893795;0.062666616782152129161;0;21678.673837965619896;-3663.4962984915409834;21679.121511843521148;-3664.5371852773346291
0.49114362536434436057;0.093690657292862314365;0;21463.934457906267198;-3627.2073202141846195;21464.378281794313807;-3628.2385042494552181
0.48429158056431553803;0.12434494358242739742;0;21164.486734480444284;-3576.6034117573399271;21164.925111359836592;-3577.6209831740829941
0.47552825814757676559;0.15450849718747369788;0;20781.512451047881768;-3511.8842836289954903;20781.943749186833884;-3512.8843227745433069
0.46488824294412572913;0.18406227634233895962;0;20316.523032140969008;-3433.3053526604116996;20316.945584322271316;-3434.2839372523631027
0.45241352623300978841;0.212889645782536302;0;19771.353578562680923;-3341.1767339929251648;19771.765687011073169;-3342.1299523741113262
0.43815334002193179197;0.24087683705085760622;0;19148.155625082050392;-3235.8620171948559801;19148.555572209996171;-3236.7859879950237882
0.42216396275100759317;0.26791339748949827282;0;18449.388649309410539;-3117.7768313395881705;18449.774713868260733;-3118.667729285436053
0.40450849718747372563;0.29389262614623651304;0;17677.810365261862898;-2987.3872047078302785;17678.180842963898613;-2988.2412917354386082
0.38525662138789468214;0.31871199487434481723;0;16836.465839925967884;-2845.2077255864223844;16836.819067165521119;-2846.0213858425736362
0.36448431371070583173;0.34227355296434425203;0;15928.675475769459808;-2691.7995114239211034;15929.009854745205303;-2692.5692882519624618
0.34227355296434441856;0.3644843137107056652;0;14958.021906629706791;-2527.7679943560488027;14958.335930005170667;-2528.4906270186652364
0.31871199487434492825;0.38525662138789451561;0;13928.335858694665149;-2353.7605318418254683;13928.628091381386184;-2354.4329654513107926
0.29389262614623667957;0.40450849718747361461;0;12843.681032376731309;-2170.4638518392744118;12843.950266991598255;-2171.0834106839347442
0.26791339748949838384;0.42216396275100748214;0;11708.338064743717041;-1978.6013426041495222;11708.5832164626554;-1979.1655514570518335
0.24087683705085766173;0.43815334002193179197;0;10526.787635800017597;-1778.9301978067355776;10527.00774644570447;-1779.4368356784352727
0.21288964578253632975;0.45241352623300978841;0;9303.6927852896242257;-1572.2384282344792155;9303.8870290164977632;-1572.685561022045249
0.18406227634233893187;0.46488824294412572913;0;8043.8805098086140788;-1359.3417518733940597;8044.0481963265156082;-1359.7277452424389139
0.15450849718747364236;0.4755282581475768211;0;6752.322712854836027;-1141.0803746418391711;6752.4632856272683057;-1141.4038901629737666
0.12434494358242727252;0.48429158056431559354;0;5434.1165829962292264;-918.31567448160785716;5434.2296116140596496;-918.57565328796704307
0.093690657292862147831;0.49114362536434436057;0;4094.4644775962542553;-691.92680189272232383;4094.5496452177412721;-692.1224408218362214
0.062666616782151907117;0.49605735065723893795;0;2738.6533914860938239;-462.80721032805274717;2738.7104795310897316;-462.9379356318206078
0.031395259764656430201;0.49901336421413577948;0;1372.0340916114596439;-231.86113014072313376;1372.0629646067995964;-231.92657343868290809
-3.0245073740886312578e-16;0.5;0;-1.3217687188087733219e-11;2.2336674489458809478e-12;0.00059350596924232716222;1.9695777694917382568e-05
-0.031395259764657033885;0.49901336421413577948;0;-1372.0340916114860192;231.86113014072520855;-1372.0617776556350691;231.92661566800720152
-0.062666616782152503862;0.49605735065723888244;0;-2738.6533914861197445;462.8072103280572378;-2738.7092927270423388;462.93798559227468559
-0.093690657292862744576;0.49114362536434424955;0;-4094.4644775962801759;691.92680189272664393;-4094.5484585798999433;692.1225012226658464
-0.12434494358242785539;0.484291580564315427;0;-5434.1165829962546923;918.31567448161206357;-5434.2284251569371918;918.57572371408400613
-0.15450849718747419748;0.47552825814757659906;0;-6752.3227128548596738;1141.0803746418548599;-6752.4620995156074059;1141.403966818999379
-0.18406227634233951473;0.46488824294412550708;0;-8043.8805098086395446;1359.3417518733986071;-8044.0470110541609756;1359.7278214819320965
-0.21288964578253677384;0.45241352623300956637;0;-9303.6927852896424156;1572.2384282344828534;-9303.885845490538486;1572.6856286033903416
-0.24087683705085810582;0.43815334002193151441;0;-10526.787635800035787;1778.9301978067385335;-10527.006565865562152;1779.436886514970638
-0.26791339748949877242;0.42216396275100720459;0;-11708.33806474373705;1978.6013426041722596;-11708.58203996276643;1979.1655794674225035
-0.29389262614623706815;0.40450849718747333705;0;-12843.68103237674768;2170.463851839277595;-12843.949095182677411;2171.0834132388890794
-0.31871199487434537234;0.38525662138789418254;0;-13928.335858694683338;2353.7605318418045499;-13928.6269241490063;2354.4329438919576205
-0.34227355296434486265;0.36448431371070527662;0;-14958.0219066297268;2527.7679943560524407;-14958.334767180014751;2528.4905858171305226
-0.36448431371070627582;0.34227355296434380794;0;-15928.675475769477998;2691.7995114239238319;-15929.008693842013599;2692.5692332706603338
-0.38525662138789512623;0.31871199487434426212;0;-16836.465839925986074;2845.2077255864260223;-16836.817907777280197;2846.0213171448854155
-0.40450849718747422523;0.29389262614623590242;0;-17677.810365261881088;2987.3872047078039031;-17678.179684634393197;2988.2412098628824424
-0.42216396275100803726;0.26791339748949755117;0;-18449.388649309428729;3117.7768313395913538;-18449.773556105297757;3118.6676352415315705
-0.43815334002193223606;0.24087683705085682906;0;-19148.155625082068582;3235.8620171948268762;-19148.554414496480604;3236.7858831898156495
-0.45241352623301017699;0.21288964578253544158;0;-19771.353578562699113;3341.1767339929288028;-19771.764528813124343;3342.1298385315949417
-0.46488824294412606219;0.18406227634233804369;0;-20316.52303214098356;3433.3053526604135186;-20316.944425098958163;3434.2838162869534244
-0.47552825814757709866;0.15450849718747269868;0;-20781.512451047892682;3511.8842836289622937;-20781.942588399040687;3512.8841966468721694
-0.48429158056431581558;0.12434494358242632883;0;-21164.486734480455198;3576.6034117573785807;-21164.923948485215078;3577.6208537350512415
-0.49114362536434452711;0.093690657292861190264;0;-21463.934457906270836;3627.2073202142223636;-21464.377116349420248;3628.2383730887954698
-0.49605735065723904897;0.062666616782150949549;0;-21678.673837965627172;3663.4962984915423476;-21679.120343419381243;3664.5370535852953253
-0.499013364214135835;0.031395259764655465695;0;-21807.857396430525114;3685.3271305710436536;-21808.306180480714829;3686.3736903292983698
-0.5;-1.2710352895928202744e-15;0;-21850.975304814048286;3692.6136601319208239;-21851.424818341791251;3693.6621357877452283
-0.49901336421413572397;-0.031395259764657998391;0;-21807.857396430517838;3685.3271305710063643;-21808.306097389693605;3686.3736372310172555
-0.49605735065723877142;-0.062666616782153475307;0;-21678.67383796561262;3663.4962984915391644;-21679.120178320597915;3664.5369493142184183
-0.49114362536434408302;-0.093690657292863688266;0;-21463.934457906252646;3627.2073202141828006;-21464.37687145208838;3628.238221407536912
-0.48429158056431520496;-0.12434494358242879908;0;-21164.486734480429732;3576.6034117573371987;-21164.923627202650096;3577.6206600704222183
-0.4755282581475763215;-0.15450849718747511341;0;-20781.512451047863578;3511.8842836289577463;-20781.94219544547741;3512.8839678337249097
-0.46488824294412511851;-0.18406227634234040291;0;-20316.523032140943542;3433.3053526604412582;-20316.943966583665315;3434.2835602374680093
-0.45241352623300906677;-0.21288964578253774529;0;-19771.353578562648181;3341.1767339929547234;-19771.764012307939993;3342.1295638386191058
-0.43815334002193101481;-0.2408768370508590495;0;-19148.15562508201765;3235.8620171948173265;-19148.553849053674639;3236.7855986820241014
-0.42216396275100664948;-0.26791339748949971611;0;-18449.388649309374159;3117.7768313395808946;-18449.772952209088544;3118.6673495076615836
-0.40450849718747272643;-0.29389262614623795633;0;-17677.810365261822881;2987.3872047077929892;-17678.179054069965787;2988.2409307704965613
-0.38525662138789351641;-0.31871199487434620501;0;-16836.465839925916953;2845.2077255864151084;-16836.817263418619405;2846.0210513824272311
-0.36448431371070455498;-0.3422735529643456398;0;-15928.675475769407058;2691.7995114239124632;-15929.008049360378209;2692.5689859439999054
-0.34227355296434297527;-0.36448431371070699747;0;-14958.021906629646764;2527.7679943560642641;-14958.334136684918121;2528.4903601306755263
-0.31871199487434342945;-0.38525662138789579236;0;-13928.335858694603303;2353.7605318417909075;-13928.626327850561211;2354.4327426222607755
-0.29389262614623518077;-0.40450849718747472483;0;-12843.681032376660369;2170.4638518392621336;-12843.94854302254862;2171.0832205561118826
-0.26791339748949705157;-0.42216396275100837032;0;-11708.338064743662471;1978.6013426041397452;-11708.581544271371968;1979.1653846450196852
-0.24087683705085646824;-0.4381533400219324581;0;-10526.787635799968484;1778.9301978067271648;-10527.006138672764791;1779.4366837471316103
-0.21288964578253527504;-0.4524135262330102325;0;-9303.6927852895823889;1572.2384282344878557;-9303.8854971865930565;1572.6854160657637749
-0.18406227634233807144;-0.46488824294412606219;0;-8043.88050980857588;1359.3417518733876932;-8044.046749813290262;1359.7275999014411809
-0.15450849718747294848;-0.47552825814757704315;0;-6752.3227128548041946;1141.0803746418339415;-6752.4619310849211615;1141.4037378973703198
-0.1243449435824267868;-0.48429158056431570456;0;-5434.116582996206489;918.31567448160410549;-5434.2283527994259202;918.57548872627967285
-0.093690657292861884153;-0.49114362536434441608;0;-4094.4644775962419772;691.92680189272027746;-4094.5484831082421806;692.1222600303492527
-0.062666616782151865483;-0.49605735065723893795;0;-2738.6533914860915502;462.80721032805229243;-2738.7094126461743144;462.93773621222652537
-0.031395259764656603674;-0.49901336421413577948;0;-1372.0340916114664651;231.8611301407219969;-1372.0619894528883833;231.92635444024691083
-9.1848509936051484375e-17;-0.5;0;-3.513904830519632198e-12;5.9381756633634876695e-13;0.00029491766722800636172;-0.00025798684182526811053
0.031395259764656416324;-0.49901336421413577948;0;1372.0340916114596439;-231.86113014072313376;1372.0625853397605169;-231.92687195043856718
0.062666616782151671194;-0.49605735065723899346;0;2738.6533914860838195;-462.80721032805104187;2738.7100261697114547;-462.93825766476004446
0.093690657292861703742;-0.4911436253643444716;0;4094.4644775962347012;-691.92680189271891322;4094.5491243896876767;-692.12278591552046692
0.12434494358242660639;-0.48429158056431576007;0;5434.1165829962001226;-918.31567448160308231;5434.2290298030347913;-918.57601664093510863
0.15450849718747278194;-0.47552825814757709866;0;6752.3227128547969187;-1141.0803746418328046;6752.4626492873840107;-1141.4042620519098818
0.18406227634233790491;-0.46488824294412611771;0;8043.8805098085695136;-1359.3417518733865563;8044.0475122690058924;-1359.7281113393007672
0.21288964578253510851;-0.45241352623301034352;0;9303.692785289569656;-1572.2384282344701205;9303.8863049320716527;-1572.6859037836143216
0.2408768370508563017;-0.43815334002193251361;0;10526.78763579995757;-1778.9301978067251184;10527.006991336585997;-1779.4371367761518741
0.26791339748949688504;-0.42216396275100842583;0;11708.338064743653376;-1978.6013426041383809;11708.582440714180848;-1979.165794929447884
0.29389262614623506975;-0.40450849718747483585;0;12843.681032376660369;-2170.4638518392621336;12843.949481855586782;-2171.0835861681052847
0.31871199487434326292;-0.38525662138789590339;0;13928.335858694592389;-2353.7605318417890885;13928.627307783219294;-2354.4330705447409855
0.34227355296434269771;-0.36448431371070727502;0;14958.021906629632213;-2527.7679943560624451;14958.335156841250864;-2528.4906676233931648
0.36448431371070411089;-0.34227355296434608389;0;15928.675475769383411;-2691.7995114239083705;15929.009106886825975;-2692.569267131673314
0.38525662138789296129;-0.31871199487434687114;0;16836.465839925887849;-2845.2077255864096514;16836.818353356731677;-2846.0213072454262146
0.4045084971874720603;-0.293892626146238789;0;17677.810365261790139;-2987.3872047078175456;17678.18017117528143;-2988.2411628288259635
0.42216396275100598334;-0.26791339748950082633;0;18449.388649309337779;-3117.7768313395754376;18449.774091219405818;-3118.6675597675462086
0.43815334002193029317;-0.24087683705086038177;0;19148.155625081984908;-3235.8620171948114148;19148.555004924892273;-3236.7857895561851365
0.45241352623300834512;-0.21288964578253932736;0;19771.353578562615439;-3341.1767339929156151;19771.765180405524006;-3342.1297380437626998
0.46488824294412439686;-0.18406227634234223478;0;20316.523032140914438;-3433.305352660436256;20316.945142823093192;-3434.2837206722297196
0.47552825814757565537;-0.15450849718747719508;0;20781.512451047830837;-3511.8842836289522893;20781.943376378490939;-3512.8841174398494331
0.48429158056431459434;-0.12434494358243111667;0;21164.486734480404266;-3576.6034117573326512;21164.924810051281383;-3577.6208016883406344
0.49114362536434358342;-0.093690657292866269534;0;21463.934457906230818;-3627.2073202142159971;21464.378054098302528;-3628.2383576324018577
0.49605735065723838284;-0.062666616782156292498;0;21678.673837965598068;-3663.4962984915373454;21679.121359257103904;-3664.5370823632647443
0.49901336421413550193;-0.031395259764661065383;0;21807.857396430510562;-3685.3271305710045453;21808.307275647555798;-3686.3737688312544378
