0.5;0;0;21850.975304814048286;-3692.6136601319208239;21853.299183743936737;-3698.0392698918349197
0.49901336421413577948;0.03139525976465668694;0;21807.857396430517838;-3685.3271305710063643;21810.177238734777347;-3690.7426656380202985
0.49605735065723893795;0.062666616782152129161;0;21678.673837965619896;-3663.4962984915409834;21680.981536898339982;-3668.8815935410557358
0.49114362536434436057;0.093690657292862314365;0;21463.934457906267198;-3627.2073202141846195;21466.221812166702875;-3632.5421739291787162
0.48429158056431553803;0.12434494358242739742;0;21164.486734480444284;-3576.6034117573399271;21166.74540011001227;-3581.8675771938242178
0.47552825814757676559;0.15450849718747369788;0;20781.512451047881768;-3511.8842836289954903;20783.733914312397246;-3517.0574790287491851
0.46488824294412572913;0.18406227634233895962;0;20316.523032140969008;-3433.3053526604116996;20318.698609080671304;-3438.3672987925247071
0.45241352623300978841;0.212889645782536302;0;19771.353578562680923;-3341.1767339929251648;19773.474444445844711;-3346.1072220668797854
0.43815334002193179197;0.24087683705085760622;0;19148.155625082050392;-3235.8620171948559801;19150.212874198950885;-3240.641008885285828
0.42216396275100759317;0.26791339748949827282;0;18449.388649309410539;-3117.7768313395881705;18451.373382649642735;-3122.3845896272773643
0.40450849718747372563;0.29389262614623651304;0;17677.810365261862898;-2987.3872047078302785;17679.713800880090275;-2991.8044512732085423
0.38525662138789468214;0.31871199487434481723;0;16836.465839925967884;-2845.2077255864223844;16838.279438485886203;-2849.4158176443120283
0.36448431371070583173;0.34227355296434425203;0;15928.675475769459808;-2691.7995114239211034;15930.391072103815532;-2695.7806284521971065
0.34227355296434441856;0.3644843137107056652;0;14958.021906629706791;-2527.7679943560488027;14959.631837347211331;-2531.5053234554370647
0.31871199487434492825;0.38525662138789451561;0;13928.335858694665149;-2353.7605318418254683;13929.833162702345362;-2357.2383223514298152
0.29389262614623667957;0.40450849718747361461;0;12843.681032376731309;-2170.4638518392744118;12845.059288672060575;-2173.667865132303632
0.26791339748949838384;0.42216396275100748214;0;11708.338064743717041;-1978.6013426041495222;11709.591683081616793;-1981.5187748737128004
0.24087683705085766173;0.43815334002193179197;0;10526.787635800017597;-1778.9301978067355776;10527.911837868192379;-1781.5497246058171186
0.21288964578253632975;0.45241352623300978841;0;9303.6927852896242257;-1572.2384282344792155;9304.6835827693084866;-1574.5502311801574251
0.18406227634233893187;0.46488824294412572913;0;8043.8805098086140788;-1359.3417518733940597;8044.7346690769018096;-1361.337511812878347
0.15450849718747364236;0.4755282581475768211;0;6752.322712854836027;-1141.0803746418391711;6753.0377005629079576;-1142.7532267764422613
0.12434494358242727252;0.48429158056431559354;0;5434.1165829962292264;-918.31567448160785716;5434.6904923504444014;-919.66013035137382303
0.093690657292862147831;0.49114362536434436057;0;4094.4644775962542553;-691.92680189272232383;4094.8959406841663622;-692.93864982541128938
0.062666616782151907117;0.49605735065723893795;0;2738.6533914860938239;-462.80721032805274717;2738.9414873100358818;-463.48340959113949111
0.031395259764656430201;0.49901336421413577948;0;1372.0340916114596439;-231.86113014072313376;1372.1782618084539536;-232.19971470157074123
-3.0245073740886312578e-16;0.5;0;-1.3217687188087733219e-11;2.2336674489458809478e-12;-1.5833245366780173151e-05;-5.9297466632590486432e-06
-0.031395259764657033885;0.49901336421413577948;0;-1372.0340916114860192;231.86113014072520855;-1372.1782914158072799;232.19970336607380546
-0.062666616782152503862;0.49605735065723888244;0;-2738.6533914861197445;462.8072103280572378;-2738.9415116207883329;463.48339937026446478
-0.093690657292862744576;0.49114362536434424955;0;-4094.4644775962801759;691.92680189272664393;-4094.8959587975305112;692.93864018920442049
-0.12434494358242785539;0.484291580564315427;0;-5434.1165829962546923;918.31567448161206357;-5434.6905063066442381;919.66011960507239564
-0.15450849718747419748;0.47552825814757659906;0;-6752.3227128548596738;1141.0803746418548599;-6753.0377147541003069;1142.7532126537648764
-0.18406227634233951473;0.46488824294412550708;0;-8043.8805098086395446;1359.3417518733986071;-8044.7346884745793432;1361.3374923254768873
-0.21288964578253677384;0.45241352623300956637;0;-9303.6927852896424156;1572.2384282344828534;-9304.6836104551475728;1574.550205121466206
-0.24087683705085810582;0.43815334002193151441;0;-10526.787635800035787;1778.9301978067385335;-10527.911872870787192;1781.5496913084818971
-0.26791339748949877242;0.42216396275100720459;0;-11708.33806474373705;1978.6013426041722596;-11709.591719888001535;1981.5187336210847207
-0.29389262614623706815;0.40450849718747333705;0;-12843.68103237674768;2170.463851839277595;-12845.059319735559257;2173.667816056281481
-0.31871199487434537234;0.38525662138789418254;0;-13928.335858694683338;2353.7605318418045499;-13929.833184501534561;2357.2382725315683274
-0.34227355296434486265;0.36448431371070527662;0;-14958.0219066297268;2527.7679943560524407;-14959.63185883805636;2531.5053038251789985
-0.36448431371070627582;0.34227355296434380794;0;-15928.675475769477998;2691.7995114239238319;-15930.391092409226985;2695.7806088901170369
-0.38525662138789512623;0.31871199487434426212;0;-16836.465839925986074;2845.2077255864260223;-16838.279457648994139;2849.4157984550943183
-0.40450849718747422523;0.29389262614623590242;0;-17677.810365261881088;2987.3872047078039031;-17679.71381895642844;2991.8044327695010907
-0.42216396275100803726;0.26791339748949755117;0;-18449.388649309428729;3117.7768313395913538;-18451.37339970404355;3122.3845721179818611
-0.43815334002193223606;0.24087683705085682906;0;-19148.155625082068582;3235.8620171948268762;-19150.212890302638698;3240.6409926643132167
-0.45241352623301017699;0.21288964578253544158;0;-19771.353578562699113;3341.1767339929288028;-19773.474459674456739;3346.1072074028243151
-0.46488824294412606219;0.18406227634233804369;0;-20316.52303214098356;3433.3053526604135186;-20318.698623511714686;3438.3672859202788459
-0.47552825814757709866;0.15450849718747269868;0;-20781.512451047892682;3511.8842836289622937;-20783.733928024037596;3517.0574681425764538
-0.48429158056431581558;0.12434494358242632883;0;-21164.486734480455198;3576.6034117573785807;-21166.745413179622119;3581.8675684419354184
-0.49114362536434452711;0.093690657292861190264;0;-21463.934457906270836;3627.2073202142223636;-21466.221824669926718;3632.5421674105314196
-0.49605735065723904897;0.062666616782150949549;0;-21678.673837965627172;3663.4962984915423476;-21680.981548908566765;3668.8815893035225599
-0.499013364214135835;0.031395259764655465695;0;-21807.857396430525114;3685.3271305710436536;-21810.177250322092732;3690.7426636781019624
-0.5;-1.2710352895928202744e-15;0;-21850.975304814048286;3692.6136601319208239;-21853.299194974788406;3698.0392701557511828
-0.49901336421413572397;-0.031395259764657998391;0;-21807.857396430517838;3685.3271305710063643;-21810.17724923237256;3690.7426655699541698
-0.49605735065723877142;-0.062666616782153475307;0;-21678.67383796561262;3663.4962984915391644;-21680.981546729504771;3668.8815930632349591
-0.49114362536434408302;-0.093690657292863688266;0;-21463.934457906252646;3627.2073202141828006;-21466.221821402243222;3632.542172989244591
-0.48429158056431520496;-0.12434494358242879908;0;-21164.486734480429732;3576.6034117573371987;-21166.745408825659979;3581.8675757651353706
-0.4755282581475763215;-0.15450849718747511341;0;-20781.512451047863578;3511.8842836289577463;-20783.733922588107816;3517.0574771086412511
-0.46488824294412511851;-0.18406227634234040291;0;-20316.523032140943542;3433.3053526604412582;-20318.698617002202809;3438.3672963994645215
-0.45241352623300906677;-0.21288964578253774529;0;-19771.353578562648181;3341.1767339929547234;-19773.474452104666852;3346.1072192364981674
-0.43815334002193101481;-0.2408768370508590495;0;-19148.15562508201765;3235.8620171948173265;-19150.212881693369127;3240.6410056656718552
-0.42216396275100664948;-0.26791339748949971611;0;-18449.388649309374159;3117.7768313395808946;-18451.37339008584604;3122.3845860736855684
-0.40450849718747272643;-0.29389262614623795633;0;-17677.810365261822881;2987.3872047077929892;-17679.713808371820051;2991.8044474429716502
-0.38525662138789351641;-0.31871199487434620501;0;-16836.465839925916953;2845.2077255864151084;-16838.279446154858306;2849.4158135915236016
-0.36448431371070455498;-0.3422735529643456398;0;-15928.675475769407058;2691.7995114239124632;-15930.391080078550658;2695.7806242233600642
-0.34227355296434297527;-0.36448431371070699747;0;-14958.021906629646764;2527.7679943560642641;-14959.631845761716249;2531.505319085696101
-0.31871199487434342945;-0.38525662138789579236;0;-13928.335858694603303;2353.7605318417909075;-13929.833149696585679;2357.2382724817352937
-0.29389262614623518077;-0.40450849718747472483;0;-12843.681032376660369;2170.4638518392621336;-12845.05926784003168;2173.6678484607637074
-0.26791339748949705157;-0.42216396275100837032;0;-11708.338064743662471;1978.6013426041397452;-11709.591647879333323;1981.5187913509091686
-0.24087683705085646824;-0.4381533400219324581;0;-10526.787635799968484;1778.9301978067271648;-10527.911786785243748;1781.5497574406335843
-0.21288964578253527504;-0.4524135262330102325;0;-9303.6927852895823889;1572.2384282344878557;-9304.6835254108573281;1574.5502697226520468
-0.18406227634233807144;-0.46488824294412606219;0;-8043.88050980857588;1359.3417518733876932;-8044.7346212871789248;1361.3375540055201327
-0.15450849718747294848;-0.47552825814757704315;0;-6752.3227128548041946;1141.0803746418339415;-6753.0376760412964359;1142.7532738750448971
-0.1243449435824267868;-0.48429158056431570456;0;-5434.116582996206489;918.31567448160410549;-5434.6904961885584271;919.66018139328036796
-0.093690657292861884153;-0.49114362536434441608;0;-4094.4644775962419772;691.92680189272027746;-4094.8959675799765137;692.93869919197425133
-0.062666616782151865483;-0.49605735065723893795;0;-2738.6533914860915502;462.80721032805229243;-2738.9415246070548164;463.48344810795003923
-0.031395259764656603674;-0.49901336421413577948;0;-1372.0340916114664651;231.8611301407219969;-1372.1782955460205358;232.19973301582709269
-9.1848509936051484375e-17;-0.5;0;-3.513904830519632198e-12;5.9381756633634876695e-13;-5.375223112072738735e-06;-1.7500831195985243297e-06
0.031395259764656416324;-0.49901336421413577948;0;1372.0340916114596439;-231.86113014072313376;1372.1782827959491442;-232.19973691293478169
0.062666616782151671194;-0.49605735065723899346;0;2738.6533914860838195;-462.80721032805104187;2738.9415067582635857;-463.48345277528261477
0.093690657292861703742;-0.4911436253643444716;0;4094.4644775962347012;-691.92680189271891322;4094.8959439181612652;-692.93870398728336113
0.12434494358242660639;-0.48429158056431576007;0;5434.1165829962001226;-918.31567448160308231;5434.6904689906732528;-919.66018466250261554
0.15450849718747278194;-0.47552825814757709866;0;6752.3227128547969187;-1141.0803746418328046;6753.0376499573831097;-1142.7532735518825575
0.18406227634233790491;-0.46488824294412611771;0;8043.8805098085695136;-1359.3417518733865563;8044.7346015175326102;-1361.3375483998515847
0.21288964578253510851;-0.45241352623301034352;0;9303.692785289569656;-1572.2384282344701205;9304.6835151921532088;-1574.5502578812950105
0.2408768370508563017;-0.43815334002193251361;0;10526.78763579995757;-1778.9301978067251184;10527.911785218399018;-1781.5497386990534778
0.26791339748949688504;-0.42216396275100842583;0;11708.338064743653376;-1978.6013426041383809;11709.591649482619687;-1981.518764559672718
0.29389262614623506975;-0.40450849718747483585;0;12843.681032376660369;-2170.4638518392621336;12845.059265108648106;-2173.6678128927619582
0.31871199487434326292;-0.38525662138789590339;0;13928.335858694592389;-2353.7605318417890885;13929.833139079801185;-2357.2382344125885538
0.34227355296434269771;-0.36448431371070727502;0;14958.021906629632213;-2527.7679943560624451;14959.63183560433572;-2531.5053100224181435
0.36448431371070411089;-0.34227355296434608389;0;15928.675475769383411;-2691.7995114239083705;15930.391069947323558;-2695.780614210458225
0.38525662138789296129;-0.31871199487434687114;0;16836.465839925887849;-2845.2077255864096514;16838.279436041397275;-2849.4158028598171768
0.4045084971874720603;-0.293892626146238789;0;17677.810365261790139;-2987.3872047078175456;17679.713798267439415;-2991.8044362543578245
0.42216396275100598334;-0.26791339748950082633;0;18449.388649309337779;-3117.7768313395754376;18451.373379980832397;-3122.3845747130799282
0.43815334002193029317;-0.24087683705086038177;0;19148.155625081984908;-3235.8620171948114148;19150.21287157615734;-3240.6409944329220707
0.45241352623300834512;-0.21288964578253932736;0;19771.353578562615439;-3341.1767339929156151;19773.474441959759133;-3346.107208437940244
0.46488824294412439686;-0.18406227634234223478;0;20316.523032140914438;-3433.305352660436256;20318.698606809870398;-3438.3672863396991488
0.47552825814757565537;-0.15450849718747719508;0;20781.512451047830837;-3511.8842836289522893;20783.733912323103141;-3517.0574680825188807
0.48429158056431459434;-0.12434494358243111667;0;21164.486734480404266;-3576.6034117573326512;21166.745398456441762;-3581.8675680503374679
0.49114362536434358342;-0.093690657292866269534;0;21463.934457906230818;-3627.2073202142159971;21466.221810890783672;-3632.542166839397396
0.49605735065723838284;-0.062666616782156292498;0;21678.673837965598068;-3663.4962984915373454;21680.981536030889401;-3668.8815887015712178
0.49901336421413550193;-0.031395259764661065383;0;21807.857396430510562;-3685.3271305710045453;21810.177238296058931;-3690.7426631838543472
