0.5;0;0;21850.975304814048286;-3692.6136601319208239;21876.412170564479311;-3753.3488557952628071
0.49901336421413577948;0.03139525976465668694;0;21807.857396430517838;-3685.3271305710063643;21833.250281071941572;-3745.9496376321467324
0.49605735065723893795;0.062666616782152129161;0;21678.673837965619896;-3663.4962984915409834;21703.934394116986368;-3723.7805796151596951
0.49114362536434436057;0.093690657292862314365;0;21463.934457906267198;-3627.2073202141846195;21488.973236002577323;-3686.9274077003747152
0.48429158056431553803;0.12434494358242739742;0;21164.486734480444284;-3576.6034117573399271;21189.212620736696408;-3635.5327839218157351
0.47552825814757676559;0.15450849718747369788;0;20781.512451047881768;-3511.8842836289954903;20805.832347710598697;-3569.7959740213191253
0.46488824294412572913;0.18406227634233895962;0;20316.523032140969008;-3433.3053526604116996;20340.341844730606681;-3489.9723612905559094
0.45241352623300978841;0.212889645782536302;0;19771.353578562680923;-3341.1767339929251648;19794.574545929790474;-3396.3727864707575463
0.43815334002193179197;0.24087683705085760622;0;19148.155625082050392;-3235.8620171948559801;19170.680995481772698;-3289.3626891471712952
0.42216396275100759317;0.26791339748949827282;0;18449.388649309410539;-3117.7768313395881705;18471.120672279710561;-3169.3610232022228956
0.40450849718747372563;0.29389262614623651304;0;17677.810365261862898;-2987.3872047078302785;17698.652537986494281;-3036.8389182451182933
0.38525662138789468214;0.31871199487434481723;0;16836.465839925967884;-2845.2077255864223844;16856.324320980074845;-2892.3180611631437387
0.36448431371070583173;0.34227355296434425203;0;15928.675475769459808;-2691.7995114239211034;15947.46056129984936;-2736.3687774810055089
0.34227355296434441856;0.3644843137107056652;0;14958.021906629706791;-2527.7679943560488027;14975.649456051625748;-2569.6078011479812631
0.31871199487434492825;0.38525662138789451561;0;13928.335858694665149;-2353.7605318418254683;13944.728559917375605;-2392.6957333096411276
0.29389262614623667957;0.40450849718747361461;0;12843.681032376731309;-2170.4638518392744118;12858.769410343204072;-2206.3342046514417234
0.26791339748949838384;0.42216396275100748214;0;11708.338064743717041;-1978.6013426041495222;11722.061160507613749;-2011.2627706580956328
0.24087683705085766173;0.43815334002193179197;0;10526.787635800017597;-1778.9301978067355776;10539.093314228124655;-1808.2555829249506587
0.21288964578253632975;0.45241352623300978841;0;9303.6927852896242257;-1572.2384282344792155;9314.5376647003504331;-1598.1178907013954813
0.18406227634233893187;0.46488824294412572913;0;8043.8805098086140788;-1359.3417518733940597;8053.2295428456418449;-1381.6824335326687105
0.15450849718747364236;0.4755282581475768211;0;6752.322712854836027;-1141.0803746418391711;6760.1484809369076174;-1159.8057870302395713
0.12434494358242727252;0.48429158056431559354;0;5434.1165829962292264;-918.31567448160785716;5440.3983933605941274;-933.364718946065409
0.093690657292862147831;0.49114362536434436057;0;4094.4644775962542553;-691.92680189272232383;4099.1873695182202937;-703.25260215263745067
0.062666616782151907117;0.49605735065723893795;0;2738.6533914860938239;-462.80721032805274717;2741.8071649314329079;-470.37591595407116074
0.031395259764656430201;0.49901336421413577948;0;1372.0340916114596439;-231.86113014072313376;1373.6124667249082449;-235.65084917858666813
-3.0245073740886312578e-16;0.5;0;-1.3217687188087733219e-11;2.2336674489458809478e-12;-3.9074720173760698288e-11;2.056284312019357359e-11
-0.031395259764657033885;0.49901336421413577948;0;-1372.0340916114860192;231.86113014072520855;-1373.612466724985552;235.65084917862205316
-0.062666616782152503862;0.49605735065723888244;0;-2738.6533914861197445;462.8072103280572378;-2741.8071649315033937;470.37591595410958689
-0.093690657292862744576;0.49114362536434424955;0;-4094.4644775962801759;691.92680189272664393;-4099.1873695182894153;703.25260215266337127
-0.12434494358242785539;0.484291580564315427;0;-5434.1165829962546923;918.31567448161206357;-5440.398393360668706;933.36471894609587707
-0.15450849718747419748;0.47552825814757659906;0;-6752.3227128548596738;1141.0803746418548599;-6760.14848093697492;1159.8057870302750416
-0.18406227634233951473;0.46488824294412550708;0;-8043.8805098086395446;1359.3417518733986071;-8053.2295428457209709;1381.6824335326964501
-0.21288964578253677384;0.45241352623300956637;0;-9303.6927852896424156;1572.2384282344828534;-9314.5376647004250117;1598.1178907014359538
-0.24087683705085810582;0.43815334002193151441;0;-10526.787635800035787;1778.9301978067385335;-10539.093314228179224;1808.2555829249852195
-0.26791339748949877242;0.42216396275100720459;0;-11708.33806474373705;1978.6013426041722596;-11722.061160507699242;2011.2627706581372422
-0.29389262614623706815;0.40450849718747333705;0;-12843.68103237674768;2170.463851839277595;-12858.769410343242271;2206.3342046514690082
-0.31871199487434537234;0.38525662138789418254;0;-13928.335858694683338;2353.7605318418045499;-13944.728559917433813;2392.6957333096665934
-0.34227355296434486265;0.36448431371070527662;0;-14958.0219066297268;2527.7679943560524407;-14975.649456051702145;2569.6078011480126406
-0.36448431371070627582;0.34227355296434380794;0;-15928.675475769477998;2691.7995114239238319;-15947.4605612999203;2736.3687774810346127
-0.38525662138789512623;0.31871199487434426212;0;-16836.465839925986074;2845.2077255864260223;-16856.324320980151242;2892.3180611631851207
-0.40450849718747422523;0.29389262614623590242;0;-17677.810365261881088;2987.3872047078039031;-17698.652537986574316;3036.8389182451428496
-0.42216396275100803726;0.26791339748949755117;0;-18449.388649309428729;3117.7768313395913538;-18471.120672279765131;3169.3610232022574564
-0.43815334002193223606;0.24087683705085682906;0;-19148.155625082068582;3235.8620171948268762;-19170.680995481849095;3289.3626891471908493
-0.45241352623301017699;0.21288964578253544158;0;-19771.353578562699113;3341.1767339929288028;-19794.57454592981594;3396.3727864707948356
-0.46488824294412606219;0.18406227634233804369;0;-20316.52303214098356;3433.3053526604135186;-20340.341844730683079;3489.9723612905959271
-0.47552825814757709866;0.15450849718747269868;0;-20781.512451047892682;3511.8842836289622937;-20805.832347710678732;3569.7959740213409532
-0.48429158056431581558;0.12434494358242632883;0;-21164.486734480455198;3576.6034117573785807;-21189.212620736769168;3635.5327839218407462
-0.49114362536434452711;0.093690657292861190264;0;-21463.934457906270836;3627.2073202142223636;-21488.973236002642807;3686.9274077004220089
-0.49605735065723904897;0.062666616782150949549;0;-21678.673837965627172;3663.4962984915423476;-21703.934394117015472;3723.7805796152233597
-0.499013364214135835;0.031395259764655465695;0;-21807.857396430525114;3685.3271305710436536;-21833.250281071988866;3745.9496376321903881
-0.5;-1.2710352895928202744e-15;0;-21850.975304814048286;3692.6136601319208239;-21876.412170564544795;3753.348855795284635
-0.49901336421413572397;-0.031395259764657998391;0;-21807.857396430517838;3685.3271305710063643;-21833.250281071974314;3745.9496376321676507
-0.49605735065723877142;-0.062666616782153475307;0;-21678.67383796561262;3663.4962984915391644;-21703.93439411701911;3723.7805796152051698
-0.49114362536434408302;-0.093690657292863688266;0;-21463.934457906252646;3627.2073202141828006;-21488.973236002599151;3686.9274077003960883
-0.48429158056431520496;-0.12434494358242879908;0;-21164.486734480429732;3576.6034117573371987;-21189.212620736725512;3635.5327839218221015
-0.4755282581475763215;-0.15450849718747511341;0;-20781.512451047863578;3511.8842836289577463;-20805.832347710638714;3569.795974021330494
-0.46488824294412511851;-0.18406227634234040291;0;-20316.523032140943542;3433.3053526604412582;-20340.341844730643061;3489.9723612905963819
-0.45241352623300906677;-0.21288964578253774529;0;-19771.353578562648181;3341.1767339929547234;-19794.574545929790474;3396.3727864707843764
-0.43815334002193101481;-0.2408768370508590495;0;-19148.15562508201765;3235.8620171948173265;-19170.680995481794525;3289.3626891471926683
-0.42216396275100664948;-0.26791339748949971611;0;-18449.388649309374159;3117.7768313395808946;-18471.120672279706923;3169.3610232022342643
-0.40450849718747272643;-0.29389262614623795633;0;-17677.810365261822881;2987.3872047077929892;-17698.652537986494281;3036.8389182451346642
-0.38525662138789351641;-0.31871199487434620501;0;-16836.465839925916953;2845.2077255864151084;-16856.324320980060293;2892.3180611631619286
-0.36448431371070455498;-0.3422735529643456398;0;-15928.675475769407058;2691.7995114239124632;-15947.46056129983117;2736.3687774810332485
-0.34227355296434297527;-0.36448431371070699747;0;-14958.021906629646764;2527.7679943560642641;-14975.649456051618472;2569.6078011480085479
-0.31871199487434342945;-0.38525662138789579236;0;-13928.335858694603303;2353.7605318417909075;-13944.728559917344683;2392.6957333096497678
-0.29389262614623518077;-0.40450849718747472483;0;-12843.681032376660369;2170.4638518392621336;-12858.769410343167692;2206.3342046514671893
-0.26791339748949705157;-0.42216396275100837032;0;-11708.338064743662471;1978.6013426041397452;-11722.061160507595559;2011.2627706580992708
-0.24087683705085646824;-0.4381533400219324581;0;-10526.787635799968484;1778.9301978067271648;-10539.093314228122836;1808.2555829249638464
-0.21288964578253527504;-0.4524135262330102325;0;-9303.6927852895823889;1572.2384282344878557;-9314.5376647003558901;1598.1178907014270862
-0.18406227634233807144;-0.46488824294412606219;0;-8043.88050980857588;1359.3417518733876932;-8053.2295428456600348;1381.6824335326909932
-0.15450849718747294848;-0.47552825814757704315;0;-6752.3227128548041946;1141.0803746418339415;-6760.1484809369103459;1159.8057870302636729
-0.1243449435824267868;-0.48429158056431570456;0;-5434.116582996206489;918.31567448160410549;-5440.3983933606277787;933.36471894609007904
-0.093690657292861884153;-0.49114362536434441608;0;-4094.4644775962419772;691.92680189272027746;-4099.187369518257583;703.25260215265632269
-0.062666616782151865483;-0.49605735065723893795;0;-2738.6533914860915502;462.80721032805229243;-2741.8071649314783826;470.37591595409895717
-0.031395259764656603674;-0.49901336421413577948;0;-1372.0340916114664651;231.8611301407219969;-1373.6124667249655431;235.65084917862671432
-9.1848509936051484375e-17;-0.5;0;-3.513904830519632198e-12;5.9381756633634876695e-13;-3.1700238228684807326e-11;1.7152835503371874612e-11
0.031395259764656416324;-0.49901336421413577948;0;1372.0340916114596439;-231.86113014072313376;1373.6124667248980131;-235.65084917858831659
0.062666616782151671194;-0.49605735065723899346;0;2738.6533914860838195;-462.80721032805104187;2741.8071649314151728;-470.37591595406723854
0.093690657292861703742;-0.4911436253643444716;0;4094.4644775962347012;-691.92680189271891322;4099.1873695181875519;-703.2526021526319937
0.12434494358242660639;-0.48429158056431576007;0;5434.1165829962001226;-918.31567448160308231;5440.3983933605550192;-933.36471894605517718
0.15450849718747278194;-0.47552825814757709866;0;6752.3227128547969187;-1141.0803746418328046;6760.1484809368448623;-1159.8057870302254742
0.18406227634233790491;-0.46488824294412611771;0;8043.8805098085695136;-1359.3417518733865563;8053.2295428455936417;-1381.6824335326566597
0.21288964578253510851;-0.45241352623301034352;0;9303.692785289569656;-1572.2384282344701205;9314.5376647002794925;-1598.1178907013961634
0.2408768370508563017;-0.43815334002193251361;0;10526.78763579995757;-1778.9301978067251184;10539.093314228053714;-1808.2555829249401995
0.26791339748949688504;-0.42216396275100842583;0;11708.338064743653376;-1978.6013426041383809;11722.061160507526438;-2011.2627706580781251
0.29389262614623506975;-0.40450849718747483585;0;12843.681032376660369;-2170.4638518392621336;12858.769410343118579;-2206.334204651422624
0.31871199487434326292;-0.38525662138789590339;0;13928.335858694592389;-2353.7605318417890885;13944.728559917284656;-2392.6957333096352158
0.34227355296434269771;-0.36448431371070727502;0;14958.021906629632213;-2527.7679943560624451;14975.64945605154935;-2569.6078011479812631
0.36448431371070411089;-0.34227355296434608389;0;15928.675475769383411;-2691.7995114239083705;15947.460561299751134;-2736.3687774810105111
0.38525662138789296129;-0.31871199487434687114;0;16836.465839925887849;-2845.2077255864096514;16856.324320979987533;-2892.318061163134189
0.4045084971874720603;-0.293892626146238789;0;17677.810365261790139;-2987.3872047078175456;17698.652537986399693;-3036.8389182451101078
0.42216396275100598334;-0.26791339748950082633;0;18449.388649309337779;-3117.7768313395754376;18471.120672279597784;-3169.361023202204251
0.43815334002193029317;-0.24087683705086038177;0;19148.155625081984908;-3235.8620171948114148;19170.680995481707214;-3289.3626891471540148
0.45241352623300834512;-0.21288964578253932736;0;19771.353578562615439;-3341.1767339929156151;19794.574545929724991;-3396.3727864707439039
0.46488824294412439686;-0.18406227634234223478;0;20316.523032140914438;-3433.305352660436256;20340.341844730512094;-3489.9723612905586378
0.47552825814757565537;-0.15450849718747719508;0;20781.512451047830837;-3511.8842836289522893;20805.832347710558679;-3569.7959740212895667
0.48429158056431459434;-0.12434494358243111667;0;21164.486734480404266;-3576.6034117573326512;21189.212620736641838;-3635.5327839218057306
0.49114362536434358342;-0.093690657292866269534;0;21463.934457906230818;-3627.2073202142159971;21488.973236002559133;-3686.9274077003747152
0.49605735065723838284;-0.062666616782156292498;0;21678.673837965598068;-3663.4962984915373454;21703.934394116946351;-3723.7805796151756113
0.49901336421413550193;-0.031395259764661065383;0;21807.857396430510562;-3685.3271305710045453;21833.250281071930658;-3745.9496376321453681
