0.5;0;0;21850.975304814048286;-3692.6136601319208239;21893.335875359720376;-3794.7382079899653036
0.49901336421413577948;0.03139525976465668694;0;21807.857396430517838;-3685.3271305710063643;21850.144747560836549;-3787.2620932678478312
0.49605735065723893795;0.062666616782152129161;0;21678.673837965619896;-3663.4962984915409834;21720.740883445443615;-3764.8622452954004984
0.49114362536434436057;0.093690657292862314365;0;21463.934457906267198;-3627.2073202141846195;21505.632259291716764;-3727.6241225989242594
0.48429158056431553803;0.12434494358242739742;0;21164.486734480444284;-3576.6034117573399271;21205.663557875941478;-3675.6900505215048724
0.47552825814757676559;0.15450849718747369788;0;20781.512451047881768;-3511.8842836289954903;20822.013232361845439;-3609.2590442832533881
0.46488824294412572913;0.18406227634233895962;0;20316.523032140969008;-3433.3053526604116996;20356.189359154486738;-3528.5865243712009942
0.45241352623300978841;0.212889645782536302;0;19771.353578562680923;-3341.1767339929251648;19810.024248928351881;-3433.9838885302874587
0.43815334002193179197;0.24087683705085760622;0;19148.155625082050392;-3235.8620171948559801;19185.66778403878925;-3325.8178967029657542
0.42216396275100759317;0.26791339748949827282;0;18449.388649309410539;-3117.7768313395881705;18485.579454529532086;-3204.5098199192889297
0.40450849718747372563;0.29389262614623651304;0;17677.810365261862898;-2987.3872047078302785;17712.519074163727055;-3070.5343025288275385
0.38525662138789468214;0.31871199487434481723;0;16836.465839925967884;-2845.2077255864223844;16869.536172061747493;-2924.4178903638139673
0.36448431371070583173;0.34227355296434425203;0;15928.675475769459808;-2691.7995114239211034;15959.95807384962427;-2766.7371861633123444
0.34227355296434441856;0.3644843137107056652;0;14958.021906629706791;-2527.7679943560488027;14987.376707480270852;-2598.1166079964564233
0.31871199487434492825;0.38525662138789451561;0;13928.335858694665149;-2353.7605318418254683;13955.634191466628181;-2419.2257458503590897
0.29389262614623667957;0.40450849718747361461;0;12843.681032376731309;-2170.4638518392744118;12868.807285330673039;-2230.7763344750246688
0.26791339748949838384;0.42216396275100748214;0;11708.338064743717041;-1978.6013426041495222;11731.190801735341665;-2033.5188847291258298
0.24087683705085766173;0.43815334002193179197;0;10526.787635800017597;-1778.9301978067355776;10547.280095326315859;-1828.2390382275045795
0.21288964578253632975;0.45241352623300978841;0;9303.6927852896242257;-1572.2384282344792155;9321.7527534387318155;-1615.7537280919866589
0.18406227634233893187;0.46488824294412572913;0;8043.8805098086140788;-1359.3417518733940597;8059.4496177421615357;-1396.9072393720159653
0.15450849718747364236;0.4755282581475768211;0;6752.322712854836027;-1141.0803746418391711;6765.3552634850402683;-1172.5672642986990013
0.12434494358242727252;0.48429158056431559354;0;5434.1165829962292264;-918.31567448160785716;5444.578054795697426;-943.62103914220654133
0.093690657292862147831;0.49114362536434436057;0;4094.4644775962542553;-691.92680189272232383;4102.3298816412407177;-710.97163156411272666
0.062666616782151907117;0.49605735065723893795;0;2738.6533914860938239;-462.80721032805274717;2743.9056681235670112;-475.53442185084895755
0.031395259764656430201;0.49901336421413577948;0;1372.0340916114596439;-231.86113014072313376;1374.6627246457037472;-238.23379129137853738
-3.0245073740886312578e-16;0.5;0;-1.3217687188087733219e-11;2.2336674489458809478e-12;5.2799851822693699765e-11;-7.6279885542867222258e-11
-0.031395259764657033885;0.49901336421413577948;0;-1372.0340916114860192;231.86113014072520855;-1374.6627246455998375;238.23379129122514541
-0.062666616782152503862;0.49605735065723888244;0;-2738.6533914861197445;462.8072103280572378;-2743.9056681234601456;475.5344218506978109
-0.093690657292862744576;0.49114362536434424955;0;-4094.4644775962801759;691.92680189272664393;-4102.3298816411370353;710.97163156396447903
-0.12434494358242785539;0.484291580564315427;0;-5434.1165829962546923;918.31567448161206357;-5444.5780547955973816;943.62103914206966238
-0.15450849718747419748;0.47552825814757659906;0;-6752.3227128548596738;1141.0803746418548599;-6765.3552634849493188;1172.5672642985605307
-0.18406227634233951473;0.46488824294412550708;0;-8043.8805098086395446;1359.3417518733986071;-8059.4496177420578533;1396.907239371883179
-0.21288964578253677384;0.45241352623300956637;0;-9303.6927852896424156;1572.2384282344828534;-9321.7527534386354091;1615.7537280918634224
-0.24087683705085810582;0.43815334002193151441;0;-10526.787635800035787;1778.9301978067385335;-10547.280095326203082;1828.2390382273865725
-0.26791339748949877242;0.42216396275100720459;0;-11708.33806474373705;1978.6013426041722596;-11731.19080173522525;2033.5188847290096419
-0.29389262614623706815;0.40450849718747333705;0;-12843.68103237674768;2170.463851839277595;-12868.807285330591185;2230.776334474907344
-0.31871199487434537234;0.38525662138789418254;0;-13928.335858694683338;2353.7605318418045499;-13955.634191466508128;2419.2257458502494956
-0.34227355296434486265;0.36448431371070527662;0;-14958.0219066297268;2527.7679943560524407;-14987.376707480156256;2598.1166079963595621
-0.36448431371070627582;0.34227355296434380794;0;-15928.675475769477998;2691.7995114239238319;-15959.958073849538778;2766.7371861631991123
-0.38525662138789512623;0.31871199487434426212;0;-16836.465839925986074;2845.2077255864260223;-16869.536172061652906;2924.4178903637189251
-0.40450849718747422523;0.29389262614623590242;0;-17677.810365261881088;2987.3872047078039031;-17712.519074163661571;3070.5343025287152159
-0.42216396275100803726;0.26791339748949755117;0;-18449.388649309428729;3117.7768313395913538;-18485.579454529437498;3204.5098199192079846
-0.43815334002193223606;0.24087683705085682906;0;-19148.155625082068582;3235.8620171948268762;-19185.667784038698301;3325.817896702870712
-0.45241352623301017699;0.21288964578253544158;0;-19771.353578562699113;3341.1767339929288028;-19810.024248928260931;3433.9838885301974187
-0.46488824294412606219;0.18406227634233804369;0;-20316.52303214098356;3433.3053526604135186;-20356.189359154399426;3528.5865243711223229
-0.47552825814757709866;0.15450849718747269868;0;-20781.512451047892682;3511.8842836289622937;-20822.013232361779956;3609.2590442831601649
-0.48429158056431581558;0.12434494358242632883;0;-21164.486734480455198;3576.6034117573785807;-21205.663557875850529;3675.6900505214052828
-0.49114362536434452711;0.093690657292861190264;0;-21463.934457906270836;3627.2073202142223636;-21505.632259291629452;3727.6241225988428596
-0.49605735065723904897;0.062666616782150949549;0;-21678.673837965627172;3663.4962984915423476;-21720.740883445341751;3764.862245295300454
-0.499013364214135835;0.031395259764655465695;0;-21807.857396430525114;3685.3271305710436536;-21850.144747560712858;3787.2620932677459678
-0.5;-1.2710352895928202744e-15;0;-21850.975304814048286;3692.6136601319208239;-21893.335875359625788;3794.7382079898625307
-0.49901336421413572397;-0.031395259764657998391;0;-21807.857396430517838;3685.3271305710063643;-21850.144747560705582;3787.2620932677186829
-0.49605735065723877142;-0.062666616782153475307;0;-21678.67383796561262;3663.4962984915391644;-21720.74088344529082;3764.8622452952799904
-0.49114362536434408302;-0.093690657292863688266;0;-21463.934457906252646;3627.2073202141828006;-21505.632259291585797;3727.6241225988101178
-0.48429158056431520496;-0.12434494358242879908;0;-21164.486734480429732;3576.6034117573371987;-21205.663557875777769;3675.690050521372541
-0.4755282581475763215;-0.15450849718747511341;0;-20781.512451047863578;3511.8842836289577463;-20822.0132323617363;3609.2590442831428845
-0.46488824294412511851;-0.18406227634234040291;0;-20316.523032140943542;3433.3053526604412582;-20356.189359154326667;3528.5865243710945833
-0.45241352623300906677;-0.21288964578253774529;0;-19771.353578562648181;3341.1767339929547234;-19810.024248928148154;3433.9838885301774098
-0.43815334002193101481;-0.2408768370508590495;0;-19148.15562508201765;3235.8620171948173265;-19185.667784038610989;3325.8178967028356965
-0.42216396275100664948;-0.26791339748949971611;0;-18449.388649309374159;3117.7768313395808946;-18485.579454529317445;3204.5098199191829735
-0.40450849718747272643;-0.29389262614623795633;0;-17677.810365261822881;2987.3872047077929892;-17712.519074163523328;3070.5343025286802003
-0.38525662138789351641;-0.31871199487434620501;0;-16836.465839925916953;2845.2077255864151084;-16869.536172061511024;2924.4178903636925497
-0.36448431371070455498;-0.3422735529643456398;0;-15928.675475769407058;2691.7995114239124632;-15959.958073849393259;2766.737186163163642
-0.34227355296434297527;-0.36448431371070699747;0;-14958.021906629646764;2527.7679943560642641;-14987.376707480016194;2598.1166079963413722
-0.31871199487434342945;-0.38525662138789579236;0;-13928.335858694603303;2353.7605318417909075;-13955.634191466373522;2419.2257458502203917
-0.29389262614623518077;-0.40450849718747472483;0;-12843.681032376660369;2170.4638518392621336;-12868.807285330449304;2230.7763344748900636
-0.26791339748949705157;-0.42216396275100837032;0;-11708.338064743662471;1978.6013426041397452;-11731.190801735085188;2033.5188847289805381
-0.24087683705085646824;-0.4381533400219324581;0;-10526.787635799968484;1778.9301978067271648;-10547.280095326075752;1828.2390382273752039
-0.21288964578253527504;-0.4524135262330102325;0;-9303.6927852895823889;1572.2384282344878557;-9321.7527534385026229;1615.7537280918727447
-0.18406227634233807144;-0.46488824294412606219;0;-8043.88050980857588;1359.3417518733876932;-8059.4496177419405285;1396.9072393718884086
-0.15450849718747294848;-0.47552825814757704315;0;-6752.3227128548041946;1141.0803746418339415;-6765.3552634848447269;1172.5672642985737184
-0.1243449435824267868;-0.48429158056431570456;0;-5434.116582996206489;918.31567448160410549;-5444.5780547954991562;943.62103914208262267
-0.093690657292861884153;-0.49114362536434441608;0;-4094.4644775962419772;691.92680189272027746;-4102.3298816410424479;710.97163156398767114
-0.062666616782151865483;-0.49605735065723893795;0;-2738.6533914860915502;462.80721032805229243;-2743.9056681233773816;475.5344218507232199
-0.031395259764656603674;-0.49901336421413577948;0;-1372.0340916114664651;231.8611301407219969;-1374.662724645529579;238.23379129125805775
-9.1848509936051484375e-17;-0.5;0;-3.513904830519632198e-12;5.9381756633634876695e-13;1.1097994605166534765e-10;-4.4590255664522760121e-11
0.031395259764656416324;-0.49901336421413577948;0;1372.0340916114596439;-231.86113014072313376;1374.6627246457453566;-238.23379129134431764
0.062666616782151671194;-0.49605735065723899346;0;2738.6533914860838195;-462.80721032805104187;2743.9056681235988435;-475.53442185081627258
0.093690657292861703742;-0.4911436253643444716;0;4094.4644775962347012;-691.92680189271891322;4102.3298816412643646;-710.97163156407930273
0.12434494358242660639;-0.48429158056431576007;0;5434.1165829962001226;-918.31567448160308231;5444.5780547957137969;-943.62103914217982492
0.15450849718747278194;-0.47552825814757709866;0;6752.3227128547969187;-1141.0803746418328046;6765.3552634850511822;-1172.5672642986685332
0.18406227634233790491;-0.46488824294412611771;0;8043.8805098085695136;-1359.3417518733865563;8059.4496177421588072;-1396.9072393719870888
0.21288964578253510851;-0.45241352623301034352;0;9303.692785289569656;-1572.2384282344701205;9321.7527534387227206;-1615.7537280919689238
0.2408768370508563017;-0.43815334002193251361;0;10526.78763579995757;-1778.9301978067251184;10547.280095326284936;-1828.2390382274788863
0.26791339748949688504;-0.42216396275100842583;0;11708.338064743653376;-1978.6013426041383809;11731.190801735296191;-2033.5188847290992271
0.29389262614623506975;-0.40450849718747483585;0;12843.681032376660369;-2170.4638518392621336;12868.807285330643936;-2230.7763344749928365
0.31871199487434326292;-0.38525662138789590339;0;13928.335858694592389;-2353.7605318417890885;13955.634191466566335;-2419.2257458503431735
0.34227355296434269771;-0.36448431371070727502;0;14958.021906629632213;-2527.7679943560624451;14987.376707480199912;-2598.1166079964555138
0.36448431371070411089;-0.34227355296434608389;0;15928.675475769383411;-2691.7995114239083705;15959.958073849555149;-2766.7371861632900618
0.38525662138789296129;-0.31871199487434687114;0;16836.465839925887849;-2845.2077255864096514;16869.536172061689285;-2924.4178903638080556
0.4045084971874720603;-0.293892626146238789;0;17677.810365261790139;-2987.3872047078175456;17712.519074163690675;-3070.5343025288234458
0.42216396275100598334;-0.26791339748950082633;0;18449.388649309337779;-3117.7768313395754376;18485.579454529481154;-3204.509819919273923
0.43815334002193029317;-0.24087683705086038177;0;19148.155625081984908;-3235.8620171948114148;19185.667784038745594;-3325.817896702955295
0.45241352623300834512;-0.21288964578253932736;0;19771.353578562615439;-3341.1767339929156151;19810.024248928297311;-3433.9838885302938252
0.46488824294412439686;-0.18406227634234223478;0;20316.523032140914438;-3433.305352660436256;20356.189359154450358;-3528.5865243712182746
0.47552825814757565537;-0.15450849718747719508;0;20781.512451047830837;-3511.8842836289522893;20822.013232361816335;-3609.2590442832574809
0.48429158056431459434;-0.12434494358243111667;0;21164.486734480404266;-3576.6034117573326512;21205.663557875912375;-3675.690050521502144
0.49114362536434358342;-0.093690657292866269534;0;21463.934457906230818;-3627.2073202142159971;21505.632259291709488;-3727.6241225989228951
0.49605735065723838284;-0.062666616782156292498;0;21678.673837965598068;-3663.4962984915373454;21720.740883445432701;-3764.8622452954004984
0.49901336421413550193;-0.031395259764661065383;0;21807.857396430510562;-3685.3271305710045453;21850.144747560821997;-3787.2620932678505596
