0.5;0;0;21850.975304814048286;-3692.6136601319208239;21884.771214363889158;-3773.7172062601821381
0.49901336421413577948;0.03139525976465668694;0;21807.857396430517838;-3685.3271305710063643;21841.594968739347678;-3766.280182861171852
0.49605735065723893795;0.062666616782152129161;0;21678.673837965619896;-3663.4962984915409834;21712.235875868409494;-3743.9976567571115993
0.49114362536434436057;0.093690657292862314365;0;21463.934457906267198;-3627.2073202141846195;21497.202268371078389;-3706.9552134123773612
0.48429158056431553803;0.12434494358242739742;0;21164.486734480444284;-3576.6034117573399271;21197.339365227737289;-3655.2953350458024033
0.47552825814757676559;0.15450849718747369788;0;20781.512451047881768;-3511.8842836289954903;20813.826254941683146;-3589.2171457566469144
0.46488824294412572913;0.18406227634233895962;0;20316.523032140969008;-3433.3053526604116996;20348.171646476796013;-3508.9760259122585921
0.45241352623300978841;0.212889645782536302;0;19771.353578562680923;-3341.1767339929251648;19802.208367053419352;-3414.8830679170591793
0.43815334002193179197;0.24087683705085760622;0;19148.155625082050392;-3235.8620171948559801;19178.086586063767754;-3307.3043393104089773
0.42216396275100759317;0.26791339748949827282;0;18449.388649309410539;-3117.7768313395881705;18478.265748497306049;-3186.6599150160409408
0.40450849718747372563;0.29389262614623651304;0;17677.810365261862898;-2987.3872047078302785;17705.505209531129367;-3053.422639412848639
0.38525662138789468214;0.31871199487434481723;0;16836.465839925967884;-2845.2077255864223844;16862.853574124252191;-2908.1165815799436132
0.36448431371070583173;0.34227355296434425203;0;15928.675475769459808;-2691.7995114239211034;15953.636760969628085;-2751.3151541839433776
0.34227355296434441856;0.3644843137107056652;0;14958.021906629706791;-2527.7679943560488027;14981.444828029436394;-2583.638878126824693
0.31871199487434492825;0.38525662138789451561;0;13928.335858694665149;-2353.7605318418254683;13950.117615839664722;-2405.7527907471298931
0.29389262614623667957;0.40450849718747361461;0;12843.681032376731309;-2170.4638518392744118;12863.72928334502285;-2218.3635138515528524
0.26791339748949838384;0.42216396275100748214;0;11708.338064743717041;-1978.6013426041495222;11726.571827706495242;-2022.2160173264974219
0.24087683705085766173;0.43815334002193179197;0;10526.787635800017597;-1778.9301978067355776;10543.137692912390776;-1818.0901322806980716
0.21288964578253632975;0.45241352623300978841;0;9303.6927852896242257;-1572.2384282344792155;9318.1015810255084943;-1606.7968822232908224
0.18406227634233893187;0.46488824294412572913;0;8043.8805098086140788;-1359.3417518733940597;8056.3015838446481212;-1389.1747095347202503
0.15450849718747364236;0.4755282581475768211;0;6752.322712854836027;-1141.0803746418391711;6762.7197515106290666;-1166.0856758878226174
0.12434494358242727252;0.48429158056431559354;0;5434.1165829962292264;-918.31567448160785716;5442.462208546859074;-938.41170865869833051
0.093690657292862147831;0.49114362536434436057;0;4094.4644775962542553;-691.92680189272232383;4100.7389178935445671;-707.05095113626293823
0.062666616782151907117;0.49605735065723893795;0;2738.6533914860938239;-462.80721032805274717;2742.8431809490903106;-472.91425398027416804
0.031395259764656430201;0.49901336421413577948;0;1372.0340916114596439;-231.86113014072313376;1374.1309479747651494;-236.92182130435347176
-3.0245073740886312578e-16;0.5;0;-1.3217687188087733219e-11;2.2336674489458809478e-12;-8.5927284909624143606e-11;3.2947733204522858834e-11
-0.031395259764657033885;0.49901336421413577948;0;-1372.0340916114860192;231.86113014072520855;-1374.1309479749384082;236.92182130441699428
-0.062666616782152503862;0.49605735065723888244;0;-2738.6533914861197445;462.8072103280572378;-2742.8431809492626599;472.91425398033578631
-0.093690657292862744576;0.49114362536434424955;0;-4094.4644775962801759;691.92680189272664393;-4100.7389178937146426;707.05095113632739867
-0.12434494358242785539;0.484291580564315427;0;-5434.1165829962546923;918.31567448161206357;-5442.46220854702824;938.41170865876938478
-0.15450849718747419748;0.47552825814757659906;0;-6752.3227128548596738;1141.0803746418548599;-6762.7197515107900472;1166.0856758878919663
-0.18406227634233951473;0.46488824294412550708;0;-8043.8805098086395446;1359.3417518733986071;-8056.3015838448081922;1389.1747095347889172
-0.21288964578253677384;0.45241352623300956637;0;-9303.6927852896424156;1572.2384282344828534;-9318.1015810256631084;1606.7968822233538049
-0.24087683705085810582;0.43815334002193151441;0;-10526.787635800035787;1778.9301978067385335;-10543.137692912567218;1818.0901322807694669
-0.26791339748949877242;0.42216396275100720459;0;-11708.33806474373705;1978.6013426041722596;-11726.571827706649856;2022.2160173265651792
-0.29389262614623706815;0.40450849718747333705;0;-12843.68103237674768;2170.463851839277595;-12863.72928334516655;2218.3635138516206098
-0.31871199487434537234;0.38525662138789418254;0;-13928.335858694683338;2353.7605318418045499;-13950.117615839822975;2405.7527907471935578
-0.34227355296434486265;0.36448431371070527662;0;-14958.0219066297268;2527.7679943560524407;-14981.44482802958737;2583.6388781268919956
-0.36448431371070627582;0.34227355296434380794;0;-15928.675475769477998;2691.7995114239238319;-15953.636760969791794;2751.315154184000221
-0.38525662138789512623;0.31871199487434426212;0;-16836.465839925986074;2845.2077255864260223;-16862.8535741244159;2908.11658158001228
-0.40450849718747422523;0.29389262614623590242;0;-17677.810365261881088;2987.3872047078039031;-17705.505209531271248;3053.4226394129136679
-0.42216396275100803726;0.26791339748949755117;0;-18449.388649309428729;3117.7768313395913538;-18478.265748497437016;3186.6599150161227954
-0.43815334002193223606;0.24087683705085682906;0;-19148.155625082068582;3235.8620171948268762;-19178.086586063880532;3307.3043393104730967
-0.45241352623301017699;0.21288964578253544158;0;-19771.353578562699113;3341.1767339929288028;-19802.208367053553957;3414.8830679171528573
-0.46488824294412606219;0.18406227634233804369;0;-20316.52303214098356;3433.3053526604135186;-20348.171646476897877;3508.9760259123577271
-0.47552825814757709866;0.15450849718747269868;0;-20781.512451047892682;3511.8842836289622937;-20813.826254941821389;3589.2171457567274047
-0.48429158056431581558;0.12434494358242632883;0;-21164.486734480455198;3576.6034117573785807;-21197.339365227853705;3655.2953350458933528
-0.49114362536434452711;0.093690657292861190264;0;-21463.934457906270836;3627.2073202142223636;-21497.202268371143873;3706.95521341246058
-0.49605735065723904897;0.062666616782150949549;0;-21678.673837965627172;3663.4962984915423476;-21712.235875868500443;3743.9976567572061867
-0.499013364214135835;0.031395259764655465695;0;-21807.857396430525114;3685.3271305710436536;-21841.594968739478645;3766.280182861254616
-0.5;-1.2710352895928202744e-15;0;-21850.975304814048286;3692.6136601319208239;-21884.771214364005573;3773.7172062602630831
-0.49901336421413572397;-0.031395259764657998391;0;-21807.857396430517838;3685.3271305710063643;-21841.594968739464093;3766.2801828612305144
-0.49605735065723877142;-0.062666616782153475307;0;-21678.67383796561262;3663.4962984915391644;-21712.235875868449511;3743.9976567571816304
-0.49114362536434408302;-0.093690657292863688266;0;-21463.934457906252646;3627.2073202141828006;-21497.202268371136597;3706.9552134124469376
-0.48429158056431520496;-0.12434494358242879908;0;-21164.486734480429732;3576.6034117573371987;-21197.339365227831877;3655.2953350458765271
-0.4755282581475763215;-0.15450849718747511341;0;-20781.512451047863578;3511.8842836289577463;-20813.826254941781372;3589.2171457567151265
-0.46488824294412511851;-0.18406227634234040291;0;-20316.523032140943542;3433.3053526604412582;-20348.171646476839669;3508.9760259123390824
-0.45241352623300906677;-0.21288964578253774529;0;-19771.353578562648181;3341.1767339929547234;-19802.208367053488473;3414.8830679171560405
-0.43815334002193101481;-0.2408768370508590495;0;-19148.15562508201765;3235.8620171948173265;-19178.086586063836876;3307.3043393104644565
-0.42216396275100664948;-0.26791339748949971611;0;-18449.388649309374159;3117.7768313395808946;-18478.265748497356981;3186.6599150161141552
-0.40450849718747272643;-0.29389262614623795633;0;-17677.810365261822881;2987.3872047077929892;-17705.505209531191213;3053.4226394129095752
-0.38525662138789351641;-0.31871199487434620501;0;-16836.465839925916953;2845.2077255864151084;-16862.85357412434314;2908.1165815800045493
-0.36448431371070455498;-0.3422735529643456398;0;-15928.675475769407058;2691.7995114239124632;-15953.636760969679017;2751.3151541839838501
-0.34227355296434297527;-0.36448431371070699747;0;-14958.021906629646764;2527.7679943560642641;-14981.444828029483688;2583.6388781268951789
-0.31871199487434342945;-0.38525662138789579236;0;-13928.335858694603303;2353.7605318417909075;-13950.117615839719292;2405.7527907471821891
-0.29389262614623518077;-0.40450849718747472483;0;-12843.681032376660369;2170.4638518392621336;-12863.729283345088334;2218.3635138516074221
-0.26791339748949705157;-0.42216396275100837032;0;-11708.338064743662471;1978.6013426041397452;-11726.571827706584372;2022.216017326548581
-0.24087683705085646824;-0.4381533400219324581;0;-10526.787635799968484;1778.9301978067271648;-10543.137692912481725;1818.0901322807608267
-0.21288964578253527504;-0.4524135262330102325;0;-9303.6927852895823889;1572.2384282344878557;-9318.1015810255994438;1606.7968822233576702
-0.18406227634233807144;-0.46488824294412606219;0;-8043.88050980857588;1359.3417518733876932;-8056.3015838447317947;1389.1747095347989216
-0.15450849718747294848;-0.47552825814757704315;0;-6752.3227128548041946;1141.0803746418339415;-6762.7197515107154686;1166.0856758878931032
-0.1243449435824267868;-0.48429158056431570456;0;-5434.116582996206489;918.31567448160410549;-5442.4622085469709418;938.41170865877461438
-0.093690657292861884153;-0.49114362536434441608;0;-4094.4644775962419772;691.92680189272027746;-4100.7389178936482494;707.05095113634035897
-0.062666616782151865483;-0.49605735065723893795;0;-2738.6533914860915502;462.80721032805229243;-2742.8431809492080902;472.91425398035306671
-0.031395259764656603674;-0.49901336421413577948;0;-1372.0340916114664651;231.8611301407219969;-1374.1309479748936155;236.92182130443546839
-9.1848509936051484375e-17;-0.5;0;-3.513904830519632198e-12;5.9381756633634876695e-13;-5.1183092766446652523e-11;5.2427658825214965288e-11
0.031395259764656416324;-0.49901336421413577948;0;1372.0340916114596439;-231.86113014072313376;1374.1309479747974365;-236.92182130433167231
0.062666616782151671194;-0.49605735065723899346;0;2738.6533914860838195;-462.80721032805104187;2742.8431809491125932;-472.91425398025234017
0.093690657292861703742;-0.4911436253643444716;0;4094.4644775962347012;-691.92680189271891322;4100.7389178935563905;-707.05095113623565339
0.12434494358242660639;-0.48429158056431576007;0;5434.1165829962001226;-918.31567448160308231;5442.4622085468663499;-938.41170865868002693
0.15450849718747278194;-0.47552825814757709866;0;6752.3227128547969187;-1141.0803746418328046;6762.7197515106327046;-1166.085675887801699
0.18406227634233790491;-0.46488824294412611771;0;8043.8805098085695136;-1359.3417518733865563;8056.3015838446344787;-1389.1747095347059258
0.21288964578253510851;-0.45241352623301034352;0;9303.692785289569656;-1572.2384282344701205;9318.1015810254975804;-1606.7968822232687671
0.2408768370508563017;-0.43815334002193251361;0;10526.78763579995757;-1778.9301978067251184;10543.137692912374405;-1818.0901322806830649
0.26791339748949688504;-0.42216396275100842583;0;11708.338064743653376;-1978.6013426041383809;11726.571827706458862;-2022.2160173264903733
0.29389262614623506975;-0.40450849718747483585;0;12843.681032376660369;-2170.4638518392621336;12863.729283344993746;-2218.3635138515328435
0.31871199487434326292;-0.38525662138789590339;0;13928.335858694592389;-2353.7605318417890885;13950.117615839617429;-2405.7527907471148865
0.34227355296434269771;-0.36448431371070727502;0;14958.021906629632213;-2527.7679943560624451;14981.444828029403652;-2583.6388781268155981
0.36448431371070411089;-0.34227355296434608389;0;15928.675475769383411;-2691.7995114239083705;15953.636760969606257;-2751.3151541839338279
0.38525662138789296129;-0.31871199487434687114;0;16836.465839925887849;-2845.2077255864096514;16862.853574124237639;-2908.1165815799472512
0.4045084971874720603;-0.293892626146238789;0;17677.810365261790139;-2987.3872047078175456;17705.505209531096625;-3053.4226394128586435
0.42216396275100598334;-0.26791339748950082633;0;18449.388649309337779;-3117.7768313395754376;18478.265748497280583;-3186.6599150160391218
0.43815334002193029317;-0.24087683705086038177;0;19148.155625081984908;-3235.8620171948114148;19178.086586063727736;-3307.3043393103935159
0.45241352623300834512;-0.21288964578253932736;0;19771.353578562615439;-3341.1767339929156151;19802.20836705336842;-3414.883067917076005
0.46488824294412439686;-0.18406227634234223478;0;20316.523032140914438;-3433.305352660436256;20348.171646476745082;-3508.9760259122776915
0.47552825814757565537;-0.15450849718747719508;0;20781.512451047830837;-3511.8842836289522893;20813.826254941664956;-3589.2171457566496429
0.48429158056431459434;-0.12434494358243111667;0;21164.486734480404266;-3576.6034117573326512;21197.33936522770091;-3655.2953350458078603
0.49114362536434358342;-0.093690657292866269534;0;21463.934457906230818;-3627.2073202142159971;21497.202268371049286;-3706.9552134123773612
0.49605735065723838284;-0.062666616782156292498;0;21678.673837965598068;-3663.4962984915373454;21712.235875868369476;-3743.9976567571243322
0.49901336421413550193;-0.031395259764661065383;0;21807.857396430510562;-3685.3271305710045453;21841.594968739387696;-3766.280182861173671
