0.5;0;0;21850.975304814048286;-3692.6136601319208239;21852.395575997194101;-3695.9227487749049033
0.49901336421413577948;0.03139525976465668694;0;21807.857396430517838;-3685.3271305710063643;21809.275199336363585;-3688.6300722922933346
0.49605735065723893795;0.062666616782152129161;0;21678.673837965619896;-3663.4962984915409834;21680.084216496310546;-3666.780792624843798
0.49114362536434436057;0.093690657292862314365;0;21463.934457906267198;-3627.2073202141846195;21465.332398377595382;-3630.4610444619302143
0.48429158056431553803;0.12434494358242739742;0;21164.486734480444284;-3576.6034117573399271;21165.8671363366484;-3579.8140164741321314
0.47552825814757676559;0.15450849718747369788;0;20781.512451047881768;-3511.8842836289954903;20782.870110370000475;-3515.0393985319824424
0.46488824294412572913;0.18406227634233895962;0;20316.523032140969008;-3433.3053526604116996;20317.852641414367099;-3436.3926096632785629
0.45241352623300978841;0.212889645782536302;0;19771.353578562680923;-3341.1767339929251648;19772.649744678517891;-3344.1838086231782654
0.43815334002193179197;0.24087683705085760622;0;19148.155625082050392;-3235.8620171948559801;19149.412905841723841;-3238.7766895350923733
0.42216396275100759317;0.26791339748949827282;0;18449.388649309410539;-3117.7768313395881705;18450.601606937085307;-3120.5870657066666354
0.40450849718747372563;0.29389262614623651304;0;17677.810365261862898;-2987.3872047078302785;17678.973633760764642;-2990.0812454828478621
0.38525662138789468214;0.31871199487434481723;0;16836.465839925967884;-2845.2077255864223844;16837.5742016990298;-2847.7742048728182453
0.36448431371070583173;0.34227355296434425203;0;15928.675475769459808;-2691.7995114239211034;15929.723941916805416;-2694.227562730628506
0.34227355296434441856;0.3644843137107056652;0;14958.021906629706791;-2527.7679943560488027;14959.005794841215902;-2530.0473654555580652
0.31871199487434492825;0.38525662138789451561;0;13928.335858694665149;-2353.7605318418254683;13929.250873927925568;-2355.8816947890418305
0.29389262614623667957;0.40450849718747361461;0;12843.681032376731309;-2170.4638518392744118;12844.523285874316571;-2172.4180877059266095
0.26791339748949838384;0.42216396275100748214;0;11708.338064743717041;-1978.6013426041495222;11709.104150660545201;-1980.3807948508845129
0.24087683705085766173;0.43815334002193179197;0;10526.787635800017597;-1778.9301978067355776;10527.474642119339478;-1780.5279293093840352
0.21288964578253632975;0.45241352623300978841;0;9303.6927852896242257;-1572.2384282344792155;9304.2982866295369604;-1573.6484425730141083
0.18406227634233893187;0.46488824294412572913;0;8043.8805098086140788;-1359.3417518733940597;8044.4025421348069358;-1360.5589825882059358
0.15450849718747364236;0.4755282581475768211;0;6752.322712854836027;-1141.0803746418391711;6752.7597331518600186;-1142.1006485332593456
0.12434494358242727252;0.48429158056431559354;0;5434.1165829962292264;-918.31567448160785716;5434.4674190022142284;-919.13565673515290655
0.093690657292862147831;0.49114362536434436057;0;4094.4644775962542553;-691.92680189272232383;4094.7282737571836151;-692.54393177630186074
0.062666616782151907117;0.49605735065723893795;0;2738.6533914860938239;-462.80721032805274717;2738.829557407532775;-463.2196363988801977
0.031395259764656430201;0.49901336421413577948;0;1372.0340916114596439;-231.86113014072313376;1372.1222586434410005;-232.0676533090428677
-3.0245073740886312578e-16;0.5;0;-1.3217687188087733219e-11;2.2336674489458809478e-12;-9.6183364184421305085e-06;-3.1467077702996850655e-05
-0.031395259764657033885;0.49901336421413577948;0;-1372.0340916114860192;231.86113014072520855;-1372.1222801726355556;232.06759102349576551
-0.062666616782152503862;0.49605735065723888244;0;-2738.6533914861197445;462.8072103280572378;-2738.8295846224718844;463.21957567895736929
-0.093690657292862744576;0.49114362536434424955;0;-4094.4644775962801759;691.92680189272664393;-4094.7283069673089813;692.54387250001491338
-0.12434494358242785539;0.484291580564315427;0;-5434.1165829962546923;918.31567448161206357;-5434.4674548579550901;919.13559737783975834
-0.15450849718747419748;0.47552825814757659906;0;-6752.3227128548596738;1141.0803746418548599;-6752.7597657729338607;1142.1005862660347248
-0.18406227634233951473;0.46488824294412550708;0;-8043.8805098086395446;1359.3417518733986071;-8044.4025657085885541;1360.5589139280998552
-0.21288964578253677384;0.45241352623300956637;0;-9303.6927852896424156;1572.2384282344828534;-9304.298298588488251;1573.6483645402129241
-0.24087683705085810582;0.43815334002193151441;0;-10526.787635800035787;1778.9301978067385335;-10527.474645484111534;1780.5278408381727786
-0.26791339748949877242;0.42216396275100720459;0;-11708.33806474373705;1978.6013426041722596;-11709.104153907557702;1980.380697948261286
-0.29389262614623706815;0.40450849718747333705;0;-12843.68103237674768;2170.463851839277595;-12844.523298873344174;2172.4179876059456546
-0.31871199487434537234;0.38525662138789418254;0;-13928.335858694683338;2353.7605318418045499;-13929.250899144186405;2355.8815982049391096
-0.34227355296434486265;0.36448431371070527662;0;-14958.0219066297268;2527.7679943560524407;-14959.005814056459712;2530.0472760777593066
-0.36448431371070627582;0.34227355296434380794;0;-15928.675475769477998;2691.7995114239238319;-15929.723959971823206;2694.2274714247873817
-0.38525662138789512623;0.31871199487434426212;0;-16836.465839925986074;2845.2077255864260223;-16837.574218398895027;2847.7741120356299689
-0.40450849718747422523;0.29389262614623590242;0;-17677.810365261881088;2987.3872047078039031;-17678.973648953669908;2990.0811515212344602
-0.42216396275100803726;0.26791339748949755117;0;-18449.388649309428729;3117.7768313395913538;-18450.601620517594711;3120.5869710163251511
-0.43815334002193223606;0.24087683705085682906;0;-19148.155625082068582;3235.8620171948268762;-19149.412917748413747;3238.77659448057193
-0.45241352623301017699;0.21288964578253544158;0;-19771.353578562699113;3341.1767339929288028;-19772.64975488735945;3344.1837135220657728
-0.46488824294412606219;0.18406227634233804369;0;-20316.52303214098356;3433.3053526604135186;-20317.852649928940082;3436.3925147735476457
-0.47552825814757709866;0.15450849718747269868;0;-20781.512451047892682;3511.8842836289622937;-20782.870117210626631;3515.0393040454418951
-0.48429158056431581558;0.12434494358242632883;0;-21164.486734480455198;3576.6034117573785807;-21165.86714153110006;3579.8139225136956156
-0.49114362536434452711;0.093690657292861190264;0;-21463.934457906270836;3627.2073202142223636;-21465.332401952469809;3630.4609510851669256
-0.49605735065723904897;0.062666616782150949549;0;-21678.673837965627172;3663.4962984915423476;-21680.084218472744396;3666.7806998322867003
-0.499013364214135835;0.031395259764655465695;0;-21807.857396430525114;3685.3271305710436536;-21809.275199729352607;3688.6299800391211647
-0.5;-1.2710352895928202744e-15;0;-21850.975304814048286;3692.6136601319208239;-21852.395574820486218;3695.9226569869611012
-0.49901336421413572397;-0.031395259764657998391;0;-21807.857396430517838;3685.3271305710063643;-21809.275197200484399;3688.6299821540019366
-0.49605735065723877142;-0.062666616782153475307;0;-21678.67383796561262;3663.4962984915391644;-21680.084213447047659;3666.7807040360235078
-0.49114362536434408302;-0.093690657292863688266;0;-21463.934457906252646;3627.2073202141828006;-21465.332394496250345;3630.4609573264019673
-0.48429158056431520496;-0.12434494358242879908;0;-21164.486734480429732;3576.6034117573371987;-21165.867131746286759;3579.8139307169044514
-0.4755282581475763215;-0.15450849718747511341;0;-20781.512451047863578;3511.8842836289577463;-20782.870105239278928;3515.0393141130903132
-0.46488824294412511851;-0.18406227634234040291;0;-20316.523032140943542;3433.3053526604412582;-20317.852635955412552;3436.3925265878101527
-0.45241352623300906677;-0.21288964578253774529;0;-19771.353578562648181;3341.1767339929547234;-19772.649739141132159;3344.1837269468619525
-0.43815334002193101481;-0.2408768370508590495;0;-19148.15562508201765;3235.8620171948173265;-19149.412900504223217;3238.7766093634031677
-0.42216396275100664948;-0.26791339748949971611;0;-18449.388649309374159;3117.7768313395808946;-18450.601602093418478;3120.5869871896493351
-0.40450849718747272643;-0.29389262614623795633;0;-17677.810365261822881;2987.3872047077929892;-17678.973629706215434;2990.0811688034318649
-0.38525662138789351641;-0.31871199487434620501;0;-16836.465839925916953;2845.2077255864151084;-16837.574198715676175;2847.7741302315171197
-0.36448431371070455498;-0.3422735529643456398;0;-15928.675475769407058;2691.7995114239124632;-15929.723940260222662;2694.2274903262764383
-0.34227355296434297527;-0.36448431371070699747;0;-14958.021906629646764;2527.7679943560642641;-14959.005794728225737;2530.047295463979026
-0.31871199487434342945;-0.38525662138789579236;0;-13928.335858694603303;2353.7605318417909075;-13929.250872630043887;2355.8816365705451972
-0.29389262614623518077;-0.40450849718747472483;0;-12843.681032376660369;2170.4638518392621336;-12844.523286541918424;2172.4180210257272847
-0.26791339748949705157;-0.42216396275100837032;0;-11708.338064743662471;1978.6013426041397452;-11709.104153590800706;1980.3807206381661672
-0.24087683705085646824;-0.4381533400219324581;0;-10526.787635799968484;1778.9301978067271648;-10527.474648076284211;1780.5278557959493355
-0.21288964578253527504;-0.4524135262330102325;0;-9303.6927852895823889;1572.2384282344878557;-9304.2982969155291357;1573.6483770013733192
-0.18406227634233807144;-0.46488824294412606219;0;-8043.88050980857588;1359.3417518733876932;-8044.4025575810019291;1360.5589277595584008
-0.15450849718747294848;-0.47552825814757704315;0;-6752.3227128548041946;1141.0803746418339415;-6752.7597533352436585;1142.1006027703665495
-0.1243449435824267868;-0.48429158056431570456;0;-5434.116582996206489;918.31567448160410549;-5434.4674422182206399;919.1356156584835162
-0.093690657292861884153;-0.49114362536434441608;0;-4094.4644775962419772;691.92680189272027746;-4094.7282976879355374;692.54389051436044156
-0.062666616782151865483;-0.49605735065723893795;0;-2738.6533914860915502;462.80721032805229243;-2738.8295800899873029;463.21959130499226376
-0.031395259764656603674;-0.49901336421413577948;0;-1372.0340916114664651;231.8611301407219969;-1372.1222792571506943;232.06760276706069135
-9.1848509936051484375e-17;-0.5;0;-3.513904830519632198e-12;5.9381756633634876695e-13;-9.4968412442772842522e-06;-2.420080169947805263e-05
0.031395259764656416324;-0.49901336421413577948;0;1372.0340916114596439;-231.86113014072313376;1372.122261002425148;-232.06765026078235792
0.062666616782151671194;-0.49605735065723899346;0;2738.6533914860838195;-462.80721032805104187;2738.8295637625387826;-463.21963663467442984
0.093690657292861703742;-0.4911436253643444716;0;4094.4644775962347012;-691.92680189271891322;4094.7282837195393768;-692.54393387759216694
0.12434494358242660639;-0.48429158056431576007;0;5434.1165829962001226;-918.31567448160308231;5434.4674301189561447;-919.1356589999878679
0.15450849718747278194;-0.47552825814757709866;0;6752.3227128547969187;-1141.0803746418328046;6752.7597419246330901;-1142.1006492870474176
0.18406227634233790491;-0.46488824294412611771;0;8043.8805098085695136;-1359.3417518733865563;8044.4025455737046286;-1360.5589807012870551
0.21288964578253510851;-0.45241352623301034352;0;9303.692785289569656;-1572.2384282344701205;9304.2982836738228798;-1573.648438141960014
0.2408768370508563017;-0.43815334002193251361;0;10526.78763579995757;-1778.9301978067251184;10527.474634231628443;-1780.5279242035735479
0.26791339748949688504;-0.42216396275100842583;0;11708.338064743653376;-1978.6013426041383809;11709.104141199082733;-1980.3807925594287553
0.29389262614623506975;-0.40450849718747483585;0;12843.681032376660369;-2170.4638518392621336;12844.523278509115698;-2172.4180917952407981
0.31871199487434326292;-0.38525662138789590339;0;13928.335858694592389;-2353.7605318417890885;13929.250871341244419;-2355.8817054961673421
0.34227355296434269771;-0.36448431371070727502;0;14958.021906629632213;-2527.7679943560624451;14959.005800115810416;-2530.0473746318657504
0.36448431371070411089;-0.34227355296434608389;0;15928.675475769383411;-2691.7995114239083705;15929.723947455564485;-2694.2275721166820404
0.38525662138789296129;-0.31871199487434687114;0;16836.465839925887849;-2845.2077255864096514;16837.574207304940501;-2847.7742142732367938
0.4045084971874720603;-0.293892626146238789;0;17677.810365261790139;-2987.3872047078175456;17678.973639247149549;-2990.0812547091577471
0.42216396275100598334;-0.26791339748950082633;0;18449.388649309337779;-3117.7768313395754376;18450.601612139606004;-3120.58707457916762
0.43815334002193029317;-0.24087683705086038177;0;19148.155625081984908;-3235.8620171948114148;19149.412910625829682;-3238.776697884949499
0.45241352623300834512;-0.21288964578253932736;0;19771.353578562615439;-3341.1767339929156151;19772.649748944080784;-3344.1838162945332442
0.46488824294412439686;-0.18406227634234223478;0;20316.523032140914438;-3433.305352660436256;20317.8526450952304;-3436.3926165149832741
0.47552825814757565537;-0.15450849718747719508;0;20781.512451047830837;-3511.8842836289522893;20782.870113430326455;-3515.0394044396666686
0.48429158056431459434;-0.12434494358243111667;0;21164.486734480404266;-3576.6034117573326512;21165.86713876540307;-3579.8140213313345157
0.49114362536434358342;-0.093690657292866269534;0;21463.934457906230818;-3627.2073202142159971;21465.332400180061086;-3630.4610481820241148
0.49605735065723838284;-0.062666616782156292498;0;21678.673837965598068;-3663.4962984915373454;21680.084217685944168;-3666.7807951419813435
0.49901336421413550193;-0.031395259764661065383;0;21807.857396430510562;-3685.3271305710045453;21809.275199927000358;-3688.6300735620484375
