0.5;0;0;21850.975304814048286;-3692.6136601319208239;21851.60401183940121;-3694.0745557971795279
0.49901336421413577948;0.03139525976465668694;0;21807.857396430517838;-3685.3271305710063643;21808.485014771729766;-3686.7853031351060054
0.49605735065723893795;0.062666616782152129161;0;21678.673837965619896;-3663.4962984915409834;21679.298171367710893;-3664.9463129922946791
0.49114362536434436057;0.093690657292862314365;0;21463.934457906267198;-3627.2073202141846195;21464.553284695623006;-3628.6437325739580047
0.48429158056431553803;0.12434494358242739742;0;21164.486734480444284;-3576.6034117573399271;21165.097794695728226;-3578.0207664601730357
0.47552825814757676559;0.15450849718747369788;0;20781.512451047881768;-3511.8842836289954903;20782.113439223132445;-3513.2771168395888708
0.46488824294412572913;0.18406227634233895962;0;20316.523032140969008;-3433.3053526604116996;20317.11159727381164;-3434.6682024106885365
0.45241352623300978841;0.212889645782536302;0;19771.353578562680923;-3341.1767339929251648;19771.927332138275233;-3342.5041585157823647
0.43815334002193179197;0.24087683705085760622;0;19148.155625082050392;-3235.8620171948559801;19148.71215727485469;-3237.1486218251707214
0.42216396275100759317;0.26791339748949827282;0;18449.388649309410539;-3117.7768313395881705;18449.925552700333355;-3119.0173036405312814
0.40450849718747372563;0.29389262614623651304;0;17677.810365261862898;-2987.3872047078302785;17678.325264669052558;-2988.5763566881123552
0.38525662138789468214;0.31871199487434481723;0;16836.465839925967884;-2845.2077255864223844;16836.956426326480141;-2846.3405411146313782
0.36448431371070583173;0.34227355296434425203;0;15928.675475769459808;-2691.7995114239211034;15929.139541835918862;-2692.8711962875117933
0.34227355296434441856;0.3644843137107056652;0;14958.021906629706791;-2527.7679943560488027;14958.457381189877196;-2528.7740259525594411
0.31871199487434492825;0.38525662138789451561;0;13928.335858694665149;-2353.7605318418254683;13928.740874414583232;-2354.6966470437878343
0.29389262614623667957;0.40450849718747361461;0;12843.681032376731309;-2170.4638518392744118;12844.053808700618902;-2171.3262531636419226
0.26791339748949838384;0.42216396275100748214;0;11708.338064743717041;-1978.6013426041495222;11708.677097115176366;-1979.386586739087079
0.24087683705085766173;0.43815334002193179197;0;10526.787635800017597;-1778.9301978067355776;10527.091660027472244;-1779.6352275820720479
0.21288964578253632975;0.45241352623300978841;0;9303.6927852896242257;-1572.2384282344792155;9303.9607518792963674;-1572.8605918870150617
0.18406227634233893187;0.46488824294412572913;0;8043.8805098086140788;-1359.3417518733940597;8044.1115632899845878;-1359.8788073728896961
0.15450849718747364236;0.4755282581475768211;0;6752.322712854836027;-1141.0803746418391711;6752.5161726485803229;-1141.5304794768542251
0.12434494358242727252;0.48429158056431559354;0;5434.1165829962292264;-918.31567448160785716;5434.2719240628284751;-918.67736357905334899
0.093690657292862147831;0.49114362536434436057;0;4094.4644775962542553;-691.92680189272232383;4094.5813106927157605;-692.19895797614083222
0.062666616782151907117;0.49605735065723893795;0;2738.6533914860938239;-462.80721032805274717;2738.7314441099447322;-462.98903185514586767
0.031395259764656430201;0.49901336421413577948;0;1372.0340916114596439;-231.86113014072313376;1372.07319144586927;-231.95210197982896716
-3.0245073740886312578e-16;0.5;0;-1.3217687188087733219e-11;2.2336674489458809478e-12;6.2819928192101503681e-05;0.00012870303329430481738
-0.031395259764657033885;0.49901336421413577948;0;-1372.0340916114860192;231.86113014072520855;-1372.0730680149463296;231.95235772345884584
-0.062666616782152503862;0.49605735065723888244;0;-2738.6533914861197445;462.8072103280572378;-2738.7313266105447838;462.98928243971681695
-0.093690657292862744576;0.49114362536434424955;0;-4094.4644775962801759;691.92680189272664393;-4094.5812009948922423;692.19919957913464259
-0.12434494358242785539;0.484291580564315427;0;-5434.1165829962546923;918.31567448161206357;-5434.2718216599787411;918.67759238097698926
-0.15450849718747419748;0.47552825814757659906;0;-6752.3227128548596738;1141.0803746418548599;-6752.5160749816532189;1141.5306925379611585
-0.18406227634233951473;0.46488824294412550708;0;-8043.8805098086395446;1359.3417518733986071;-8044.1114668767668263;1359.8790038217782694
-0.21288964578253677384;0.45241352623300956637;0;-9303.6927852896424156;1572.2384282344828534;-9303.9606539378492016;1572.86077391385993
-0.24087683705085810582;0.43815334002193151441;0;-10526.787635800035787;1778.9301978067385335;-10527.09156005627483;1779.6354005919408792
-0.26791339748949877242;0.42216396275100720459;0;-11708.33806474373705;1978.6013426041722596;-11708.676997754950207;1979.386758096640051
-0.29389262614623706815;0.40450849718747333705;0;-12843.68103237674768;2170.463851839277595;-12844.05371516381274;2171.32642927310917
-0.31871199487434537234;0.38525662138789418254;0;-13928.335858694683338;2353.7605318418045499;-13928.740791827916837;2354.6968290093236646
-0.34227355296434486265;0.36448431371070527662;0;-14958.0219066297268;2527.7679943560524407;-14958.457309335448372;2528.774204630794884
-0.36448431371070627582;0.34227355296434380794;0;-15928.675475769477998;2691.7995114239238319;-15929.139476602147624;2692.8713655742462834
-0.38525662138789512623;0.31871199487434426212;0;-16836.465839925986074;2845.2077255864260223;-16836.956367095637688;2846.3407003724450988
-0.40450849718747422523;0.29389262614623590242;0;-17677.810365261881088;2987.3872047078039031;-17678.325210541785054;2988.5765050317236273
-0.42216396275100803726;0.26791339748949755117;0;-18449.388649309428729;3117.7768313395913538;-18449.925502514492109;3119.0174399483144043
-0.43815334002193223606;0.24087683705085682906;0;-19148.155625082068582;3235.8620171948268762;-19148.712109641524876;3237.1487447807744502
-0.45241352623301017699;0.21288964578253544158;0;-19771.353578562699113;3341.1767339929288028;-19771.927285497586126;3342.5042666737076615
-0.46488824294412606219;0.18406227634233804369;0;-20316.52303214098356;3433.3053526604135186;-20317.111549965949962;3434.6682942823308622
-0.47552825814757709866;0.15450849718747269868;0;-20781.512451047892682;3511.8842836289622937;-20782.113389571335574;3513.2771909873617915
-0.48429158056431581558;0.12434494358242632883;0;-21164.486734480455198;3576.6034117573785807;-21165.097741093439254;3578.0208215914990433
-0.49114362536434452711;0.093690657292861190264;0;-21463.934457906270836;3627.2073202142223636;-21464.553225693696731;3628.6437676275440936
-0.49605735065723904897;0.062666616782150949549;0;-21678.673837965627172;3663.4962984915423476;-21679.298105753146956;3664.9463272059442716
-0.499013364214135835;0.031395259764655465695;0;-21807.857396430525114;3685.3271305710436536;-21808.484941629525565;3686.785296091350574
-0.5;-1.2710352895928202744e-15;0;-21850.975304814048286;3692.6136601319208239;-21851.603930597193539;3694.0745274419596171
-0.49901336421413572397;-0.031395259764657998391;0;-21807.857396430517838;3685.3271305710063643;-21808.484915272842045;3686.7852683803175751
-0.49605735065723877142;-0.062666616782153475307;0;-21678.67383796561262;3663.4962984915391644;-21679.298053922422696;3664.9462722950952411
-0.49114362536434408302;-0.093690657292863688266;0;-21463.934457906252646;3627.2073202141828006;-21464.553150103569351;3628.6436865073633271
-0.48429158056431520496;-0.12434494358242879908;0;-21164.486734480429732;3576.6034117573371987;-21165.097644192999724;3578.0207156722412947
-0.4755282581475763215;-0.15450849718747511341;0;-20781.512451047863578;3511.8842836289577463;-20782.113274410581653;3513.2770620153055461
-0.46488824294412511851;-0.18406227634234040291;0;-20316.523032140943542;3433.3053526604412582;-20317.111420029585133;3434.6681442388558025
-0.45241352623300906677;-0.21288964578253774529;0;-19771.353578562648181;3341.1767339929547234;-19771.927144528577628;3342.5040976672612487
-0.43815334002193101481;-0.2408768370508590495;0;-19148.15562508201765;3235.8620171948173265;-19148.71196145749127;3237.1485589382423314
-0.42216396275100664948;-0.26791339748949971611;0;-18449.388649309374159;3117.7768313395808946;-18449.925350837434962;3119.0172393166913025
-0.40450849718747272643;-0.29389262614623795633;0;-17677.810365261822881;2987.3872047077929892;-17678.325058846552565;2988.5762914954880216
-0.38525662138789351641;-0.31871199487434620501;0;-16836.465839925916953;2845.2077255864151084;-16836.956218488779996;2846.3404755953306449
-0.36448431371070455498;-0.3422735529643456398;0;-15928.675475769407058;2691.7995114239124632;-15929.139333735329274;2692.8711309665832232
-0.34227355296434297527;-0.36448431371070699747;0;-14958.021906629646764;2527.7679943560642641;-14958.45717435577717;2528.7739613457338237
-0.31871199487434342945;-0.38525662138789579236;0;-13928.335858694603303;2353.7605318417909075;-13928.740663527392826;2354.6965883275952365
-0.29389262614623518077;-0.40450849718747472483;0;-12843.681032376660369;2170.4638518392621336;-12844.053612735195202;2171.3262239044574926
-0.26791339748949705157;-0.42216396275100837032;0;-11708.338064743662471;1978.6013426041397452;-11708.676921144946391;1979.386595504205161
-0.24087683705085646824;-0.4381533400219324581;0;-10526.787635799968484;1778.9301978067271648;-10527.091501053768297;1779.6352732293717054
-0.21288964578253527504;-0.4524135262330102325;0;-9303.6927852895823889;1572.2384282344878557;-9303.960603259407435;1572.8606667246972393
-0.18406227634233807144;-0.46488824294412606219;0;-8043.88050980857588;1359.3417518733876932;-8044.1114179873211469;1359.8788994558815375
-0.15450849718747294848;-0.47552825814757704315;0;-6752.3227128548041946;1141.0803746418339415;-6752.5160254380461993;1141.5305747815709765
-0.1243449435824267868;-0.48429158056431570456;0;-5434.116582996206489;918.31567448160410549;-5434.2717727539693442;918.67744828000002144
-0.093690657292861884153;-0.49114362536434441608;0;-4094.4644775962419772;691.92680189272027746;-4094.5811564169916892;692.1990206528427052
-0.062666616782151865483;-0.49605735065723893795;0;-2738.6533914860915502;462.80721032805229243;-2738.7312907566374633;462.9890652524180723
-0.031395259764656603674;-0.49901336421413577948;0;-1372.0340916114664651;231.8611301407219969;-1372.0730444265159349;231.95210393863371223
-9.1848509936051484375e-17;-0.5;0;-3.513904830519632198e-12;5.9381756633634876695e-13;7.2537848620111831282e-05;-0.00015536859479188693369
0.031395259764656416324;-0.49901336421413577948;0;1372.0340916114596439;-231.86113014072313376;1372.0731880389737398;-231.95240637400098649
0.062666616782151671194;-0.49605735065723899346;0;2738.6533914860838195;-462.80721032805104187;2738.7314303725052014;-462.98934448799661823
0.093690657292861703742;-0.4911436253643444716;0;4094.4644775962347012;-691.92680189271891322;4094.5812905259731451;-692.19926659999748608
0.12434494358242660639;-0.48429158056431576007;0;5434.1165829962001226;-918.31567448160308231;5434.2719010811169937;-918.67765787809332778
0.15450849718747278194;-0.47552825814757709866;0;6752.3227128547969187;-1141.0803746418328046;6752.516148625481037;-1141.5307528647622348
0.18406227634233790491;-0.46488824294412611771;0;8043.8805098085695136;-1359.3417518733865563;8044.1115368454766212;-1359.8790579761532626
0.21288964578253510851;-0.45241352623301034352;0;9303.692785289569656;-1572.2384282344701205;9303.9607179310987704;-1572.8608222614225269
0.2408768370508563017;-0.43815334002193251361;0;10526.78763579995757;-1778.9301978067251184;10527.091610654713804;-1779.6354429650859856
0.26791339748949688504;-0.42216396275100842583;0;11708.338064743653376;-1978.6013426041383809;11708.67702459652719;-1979.3867920962286462
0.29389262614623506975;-0.40450849718747483585;0;12843.681032376660369;-2170.4638518392621336;12844.053711554148322;-2171.3264499023416647
0.31871199487434326292;-0.38525662138789590339;0;13928.335858694592389;-2353.7605318417890885;13928.740767255156243;-2354.6968309426779342
0.34227355296434269771;-0.36448431371070727502;0;14958.021906629632213;-2527.7679943560624451;14958.457309094103039;-2528.7741884408842452
0.36448431371070411089;-0.34227355296434608389;0;15928.675475769383411;-2691.7995114239083705;15929.139468278342974;-2692.8713474672404118
0.38525662138789296129;-0.31871199487434687114;0;16836.465839925887849;-2845.2077255864096514;16836.9563526922866;-2846.340681170492644
0.4045084971874720603;-0.293892626146238789;0;17677.810365261790139;-2987.3872047078175456;17678.32519236823282;-2988.576485691470225
0.42216396275100598334;-0.26791339748950082633;0;18449.388649309337779;-3117.7768313395754376;18449.925483125465689;-3119.0174215244319385
0.43815334002193029317;-0.24087683705086038177;0;19148.155625081984908;-3235.8620171948114148;19148.712091761935881;-3237.148728377338557
0.45241352623300834512;-0.21288964578253932736;0;19771.353578562615439;-3341.1767339929156151;19771.927271932945587;-3342.504253389528003
0.46488824294412439686;-0.18406227634234223478;0;20316.523032140914438;-3433.305352660436256;20317.111543503742723;-3434.6682851527716593
0.47552825814757565537;-0.15450849718747719508;0;20781.512451047830837;-3511.8842836289522893;20782.113392877330625;-3513.2771869293801501
0.48429158056431459434;-0.12434494358243111667;0;21164.486734480404266;-3576.6034117573326512;21165.097756608629425;-3578.0208233569182994
0.49114362536434358342;-0.093690657292866269534;0;21463.934457906230818;-3627.2073202142159971;21464.553255539758538;-3628.6437757677917944
0.49605735065723838284;-0.062666616782156292498;0;21678.673837965598068;-3663.4962984915373454;21679.298151649614738;-3664.9463420513343408
0.49901336421413550193;-0.031395259764661065383;0;21807.857396430510562;-3685.3271305710045453;21808.485004828318779;-3686.7853177466172383
