0.5;0;0;21850.975304814048286;-3692.6136601319208239;21854.087276684593235;-3699.8899078936433398
0.49901336421413577948;0.03139525976465668694;0;21807.857396430517838;-3685.3271305710063643;21810.963958998901944;-3692.5898624335368368
0.49605735065723893795;0.062666616782152129161;0;21678.673837965619896;-3663.4962984915409834;21681.764128626491583;-3670.7184643796263117
0.49114362536434436057;0.093690657292862314365;0;21463.934457906267198;-3627.2073202141846195;21466.997488307773892;-3634.3618226760117977
0.48429158056431553803;0.12434494358242739742;0;21164.486734480444284;-3576.6034117573399271;21167.511326612944686;-3583.6630935362532
0.47552825814757676559;0.15450849718747369788;0;20781.512451047881768;-3511.8842836289954903;20784.487201330775861;-3518.8219425467000292
0.46488824294412572913;0.18406227634233895962;0;20316.523032140969008;-3433.3053526604116996;20319.436311084366025;-3440.0937919343987232
0.45241352623300978841;0.212889645782536302;0;19771.353578562680923;-3341.1767339929251648;19774.193570308452763;-3347.7888533861864744
0.43815334002193179197;0.24087683705085760622;0;19148.155625082050392;-3235.8620171948559801;19150.910407396931987;-3242.270947051368239
0.42216396275100759317;0.26791339748949827282;0;18449.388649309410539;-3117.7768313395881705;18452.04631073677956;-3123.9561077714938619
0.40450849718747372563;0.29389262614623651304;0;17677.810365261862898;-2987.3872047078302785;17680.35915248852325;-2993.3109802350986683
0.38525662138789468214;0.31871199487434481723;0;16836.465839925967884;-2845.2077255864223844;16838.894325338060298;-2850.8510057252069601
0.36448431371070583173;0.34227355296434425203;0;15928.675475769459808;-2691.7995114239211034;15930.972732973144957;-2697.1384044691139934
0.34227355296434441856;0.3644843137107056652;0;14958.021906629706791;-2527.7679943560488027;14960.177680644388602;-2532.7799593109107263
0.31871199487434492825;0.38525662138789451561;0;13928.335858694665149;-2353.7605318418254683;13930.340716371401868;-2358.4246134978516238
0.29389262614623667957;0.40450849718747361461;0;12843.681032376731309;-2170.4638518392744118;12845.526486581880818;-2174.7609208563771972
0.26791339748949838384;0.42216396275100748214;0;11708.338064743717041;-1978.6013426041495222;11710.016670115139277;-1982.5141016399695673
0.24087683705085766173;0.43815334002193179197;0;10526.787635800017597;-1778.9301978067355776;10528.293000804394978;-1782.4433663407596669
0.21288964578253632975;0.45241352623300978841;0;9303.6927852896242257;-1572.2384282344792155;9305.0195674215829058;-1575.3388111921747168
0.18406227634233893187;0.46488824294412572913;0;8043.8805098086140788;-1359.3417518733940597;8045.0243772686471857;-1362.0182155541558586
0.15450849718747364236;0.4755282581475768211;0;6752.322712854836027;-1141.0803746418391711;6753.2802694946985866;-1143.3237561843038748
0.12434494358242727252;0.48429158056431559354;0;5434.1165829962292264;-918.31567448160785716;5434.8852635961538908;-920.11865099646377075
0.093690657292862147831;0.49114362536434436057;0;4094.4644775962542553;-691.92680189272232383;4095.0424269836257736;-693.28374334130307943
0.062666616782151907117;0.49605735065723893795;0;2738.6533914860938239;-462.80721032805274717;2739.0393437057032315;-463.7140369984643371
0.031395259764656430201;0.49901336421413577948;0;1372.0340916114596439;-231.86113014072313376;1372.2272649010710666;-232.31519172806912366
-3.0245073740886312578e-16;0.5;0;-1.3217687188087733219e-11;2.2336674489458809478e-12;2.0538583702891507815e-05;1.0869972820206001997e-05
-0.031395259764657033885;0.49901336421413577948;0;-1372.0340916114860192;231.86113014072520855;-1372.2272284587336344;232.31522147543500978
-0.062666616782152503862;0.49605735065723888244;0;-2738.6533914861197445;462.8072103280572378;-2739.0393186256242188;463.71408749729334886
-0.093690657292862744576;0.49114362536434424955;0;-4094.4644775962801759;691.92680189272664393;-4095.0424135344705974;693.28381830159901256
-0.12434494358242785539;0.484291580564315427;0;-5434.1165829962546923;918.31567448161206357;-5434.8852547339365628;920.11874170167686771
-0.15450849718747419748;0.47552825814757659906;0;-6752.3227128548596738;1141.0803746418548599;-6753.2802537437019055;1143.3238420618761211
-0.18406227634233951473;0.46488824294412550708;0;-8043.8805098086395446;1359.3417518733986071;-8045.024344336438844;1362.0182699229135324
-0.21288964578253677384;0.45241352623300956637;0;-9303.6927852896424156;1572.2384282344828534;-9305.0195139589632163;1575.338812218063822
-0.24087683705085810582;0.43815334002193151441;0;-10526.787635800035787;1778.9301978067385335;-10528.292932947646477;1782.4433108585856189
-0.26791339748949877242;0.42216396275100720459;0;-11708.33806474373705;1978.6013426041722596;-11710.016600320330326;1982.5140157574519435
-0.29389262614623706815;0.40450849718747333705;0;-12843.68103237674768;2170.463851839277595;-12845.526425593918248;2174.7608563467911154
-0.31871199487434537234;0.38525662138789418254;0;-13928.335858694683338;2353.7605318418045499;-13930.340667518543341;2358.424613540743394
-0.34227355296434486265;0.36448431371070527662;0;-14958.0219066297268;2527.7679943560524407;-14960.177653063714388;2532.7799722041540917
-0.36448431371070627582;0.34227355296434380794;0;-15928.675475769477998;2691.7995114239238319;-15930.972706732307415;2697.1384169845250653
-0.38525662138789512623;0.31871199487434426212;0;-16836.465839925986074;2845.2077255864260223;-16838.894300310177641;2850.851018084485986
-0.40450849718747422523;0.29389262614623590242;0;-17677.810365261881088;2987.3872047078039031;-17680.359128527230496;2993.3109926704973986
-0.42216396275100803726;0.26791339748949755117;0;-18449.388649309428729;3117.7768313395913538;-18452.046287681478134;3123.9561205164554849
-0.43815334002193223606;0.24087683705085682906;0;-19148.155625082068582;3235.8620171948268762;-19150.910385078277614;3242.2709603311868705
-0.45241352623301017699;0.21288964578253544158;0;-19771.353578562699113;3341.1767339929288028;-19774.193548552706488;3347.7888674095411261
-0.46488824294412606219;0.18406227634233804369;0;-20316.52303214098356;3433.3053526604135186;-20319.436289717938052;3440.0938068849804949
-0.47552825814757709866;0.15450849718747269868;0;-20781.512451047892682;3511.8842836289622937;-20784.487180183488817;3518.8219585763536088
-0.48429158056431581558;0.12434494358242632883;0;-21164.486734480455198;3576.6034117573785807;-21167.511305521493341;3583.6631107588477789
-0.49114362536434452711;0.093690657292861190264;0;-21463.934457906270836;3627.2073202142223636;-21466.997467117533233;3634.3618411628117428
-0.49605735065723904897;0.062666616782150949549;0;-21678.673837965627172;3663.4962984915423476;-21681.764107192815572;3670.7184841561752364
-0.499013364214135835;0.031395259764655465695;0;-21807.857396430525114;3685.3271305710436536;-21810.963937188895216;3692.5898834784597966
-0.5;-1.2710352895928202744e-15;0;-21850.975304814048286;3692.6136601319208239;-21854.087254377805948;3699.8899301388751155
-0.49901336421413572397;-0.031395259764657998391;0;-21807.857396430517838;3685.3271305710063643;-21810.963936047544848;3692.58988524323604
-0.49605735065723877142;-0.062666616782153475307;0;-21678.67383796561262;3663.4962984915391644;-21681.764104929759924;3670.7184876182518565
-0.49114362536434408302;-0.093690657292863688266;0;-21463.934457906252646;3627.2073202141828006;-21466.997463771647745;3634.3618461907476558
-0.48429158056431520496;-0.12434494358242879908;0;-21164.486734480429732;3576.6034117573371987;-21167.511301150916552;3583.6631171642102345
-0.4755282581475763215;-0.15450849718747511341;0;-20781.512451047863578;3511.8842836289577463;-20784.487174864920235;3518.821966123402035
-0.46488824294412511851;-0.18406227634234040291;0;-20316.523032140943542;3433.3053526604412582;-20319.436283545863262;3440.0938153027232147
-0.45241352623300906677;-0.21288964578253774529;0;-19771.353578562648181;3341.1767339929547234;-19774.193541639244359;3347.7888764049644124
-0.43815334002193101481;-0.2408768370508590495;0;-19148.15562508201765;3235.8620171948173265;-19150.910377550731937;3242.2709696032929969
-0.42216396275100664948;-0.26791339748949971611;0;-18449.388649309374159;3117.7768313395808946;-18452.046279681475426;3123.9561297697136979
-0.40450849718747272643;-0.29389262614623795633;0;-17677.810365261822881;2987.3872047077929892;-17680.359120207991509;2993.3110016275163616
-0.38525662138789351641;-0.31871199487434620501;0;-16836.465839925916953;2845.2077255864151084;-16838.894291834199976;2850.8510264969700074
-0.36448431371070455498;-0.3422735529643456398;0;-15928.675475769407058;2691.7995114239124632;-15930.972698267953092;2697.1384246419333977
-0.34227355296434297527;-0.36448431371070699747;0;-14958.021906629646764;2527.7679943560642641;-14960.177644781600975;2532.7799789400223744
-0.31871199487434342945;-0.38525662138789579236;0;-13928.335858694603303;2353.7605318417909075;-13930.340730009867912;2358.4246051663299113
-0.29389262614623518077;-0.40450849718747472483;0;-12843.681032376660369;2170.4638518392621336;-12845.52653264651417;2174.7608855312455489
-0.26791339748949705157;-0.42216396275100837032;0;-11708.338064743662471;1978.6013426041397452;-11710.016700224790839;1982.5140599065637161
-0.24087683705085646824;-0.4381533400219324581;0;-10526.787635799968484;1778.9301978067271648;-10528.292983985977116;1782.4433357936379707
-0.21288964578253527504;-0.4524135262330102325;0;-9303.6927852895823889;1572.2384282344878557;-9305.0195001948341087;1575.3387982327117243
-0.18406227634233807144;-0.46488824294412606219;0;-8043.88050980857588;1359.3417518733876932;-8045.0242758639633394;1362.0182169618797161
-0.15450849718747294848;-0.47552825814757704315;0;-6752.3227128548041946;1141.0803746418339415;-6753.280157339501784;1143.3237648675340097
-0.1243449435824267868;-0.48429158056431570456;0;-5434.116582996206489;918.31567448160410549;-5434.8851609557987103;920.11866135289437807
-0.093690657292861884153;-0.49114362536434441608;0;-4094.4644775962419772;691.92680189272027746;-4095.0423452448026183;693.28375372920311293
-0.062666616782151865483;-0.49605735065723893795;0;-2738.6533914860915502;462.80721032805229243;-2739.0392842002602265;463.71404899695352242
-0.031395259764656603674;-0.49901336421413577948;0;-1372.0340916114664651;231.8611301407219969;-1372.2272209976611066;232.3152074458245977
-9.1848509936051484375e-17;-0.5;0;-3.513904830519632198e-12;5.9381756633634876695e-13;1.8527028742046812226e-05;8.4585128662599530052e-06
0.031395259764656416324;-0.49901336421413577948;0;1372.0340916114596439;-231.86113014072313376;1372.2272733587496987;-232.31520206661122074
0.062666616782151671194;-0.49605735065723899346;0;2738.6533914860838195;-462.80721032805104187;2739.039376351062856;-463.71407396773867049
0.093690657292861703742;-0.4911436253643444716;0;4094.4644775962347012;-691.92680189271891322;4095.0424851857828799;-693.28381633345361479
0.12434494358242660639;-0.48429158056431576007;0;5434.1165829962001226;-918.31567448160308231;5434.8853351764537365;-920.11875363942669992
0.15450849718747278194;-0.47552825814757709866;0;6752.3227128547969187;-1141.0803746418328046;6753.2803333210486016;-1143.3238651254810065
0.18406227634233790491;-0.46488824294412611771;0;8043.8805098085695136;-1359.3417518733865563;8045.0244124358860063;-1362.0182968479887222
0.21288964578253510851;-0.45241352623301034352;0;9303.692785289569656;-1572.2384282344701205;9305.0195636750904669;-1575.3388343727337997
0.2408768370508563017;-0.43815334002193251361;0;10526.78763579995757;-1778.9301978067251184;10528.29296538259041;-1782.4433225159268659
0.26791339748949688504;-0.42216396275100842583;0;11708.338064743653376;-1978.6013426041383809;11710.016626183103654;-1982.514017096552152
0.29389262614623506975;-0.40450849718747483585;0;12843.681032376660369;-2170.4638518392621336;12845.52646065150293;-2174.760852514675662
0.31871199487434326292;-0.38525662138789590339;0;13928.335858694592389;-2353.7605318417890885;13930.340716985037943;-2358.4246082450799804
0.34227355296434269771;-0.36448431371070727502;0;14958.021906629632213;-2527.7679943560624451;14960.177677997611681;-2532.779957112565171
0.36448431371070411089;-0.34227355296434608389;0;15928.675475769383411;-2691.7995114239083705;15930.972730731351476;-2697.1384019507518133
0.38525662138789296129;-0.31871199487434687114;0;16836.465839925887849;-2845.2077255864096514;16838.894323483447806;-2850.8510029658950771
0.4045084971874720603;-0.293892626146238789;0;17677.810365261790139;-2987.3872047078175456;17680.359150990752823;-2993.3109773220016905
0.42216396275100598334;-0.26791339748950082633;0;18449.388649309337779;-3117.7768313395754376;18452.046309556997585;-3123.9561047968441017
0.43815334002193029317;-0.24087683705086038177;0;19148.155625081984908;-3235.8620171948114148;19150.910406491515459;-3242.2709441093734313
0.45241352623300834512;-0.21288964578253932736;0;19771.353578562615439;-3341.1767339929156151;19774.193569632207073;-3347.7888505701153008
0.46488824294412439686;-0.18406227634234223478;0;20316.523032140914438;-3433.305352660436256;20319.436310593853705;-3440.0937893331856685
0.47552825814757565537;-0.15450849718747719508;0;20781.512451047830837;-3511.8842836289522893;20784.487200986070093;-3518.8219402421118502
0.48429158056431459434;-0.12434494358243111667;0;21164.486734480404266;-3576.6034117573326512;21167.511326379772072;-3583.6630916004128267
0.49114362536434358342;-0.093690657292866269534;0;21463.934457906230818;-3627.2073202142159971;21466.997488157714542;-3634.3618211691609758
0.49605735065723838284;-0.062666616782156292498;0;21678.673837965598068;-3663.4962984915373454;21681.764128538390651;-3670.7184633484694132
0.49901336421413550193;-0.031395259764661065383;0;21807.857396430510562;-3685.3271305710045453;21810.963958958407602;-3692.5898619098870768
