0.4;0;0;5651.38;22352.2;2806.5;30287
0.399968;0.00502642;0;4829.59;21969.5;2805.5;30276.2
0.399874;0.010052;0;3991.18;21579.2;2804.49;30265.2
0.399716;0.0150761;0;3152.55;21188.7;2803.47;30254.3
0.399495;0.0200977;0;2313.83;20798.2;2802.45;30243.3
0.399211;0.0251162;0;1475.16;20407.7;2801.44;30232.3
0.398864;0.0301307;0;636.657;20017.3;2800.42;30221.4
0.398453;0.0351405;0;-201.536;19627.1;2799.4;30210.4
0.39798;0.0401447;0;-1039.29;19237;2798.39;30199.4
0.397445;0.0451426;0;-1216.74;18801.4;2796.28;30176.7
0.396846;0.0501333;0;-1098.28;18329.8;2793.6;30147.8
0.396185;0.0551161;0;-979.118;17858.3;2790.92;30118.9
0.395461;0.0600902;0;-859.29;17386.8;2788.25;30090
0.394674;0.0650549;0;-1233.74;17301.5;2780.85;30010.1
0.393826;0.0700092;0;-1687.1;17265.1;2772.56;29920.6
0.392915;0.0749525;0;-2139.92;17228.6;2764.26;29831.1
0.391942;0.079884;0;-2592.14;17191.9;2755.96;29741.6
0.390907;0.0848028;0;-3043.69;17155.2;2747.66;29652
0.389811;0.0897083;0;-3494.5;17118.5;2739.36;29562.4
0.388653;0.0945996;0;-3944.48;17081.6;2731.06;29472.8
0.387433;0.099476;0;-4393.59;17044.7;2722.76;29383.3
0.386153;0.104337;0;-4578;16980.8;2714.04;29289.2
0.384811;0.109181;0;-4171.73;16852.6;2703.86;29179.3
0.383409;0.114008;0;-3764.72;16724.3;2693.69;29069.5
0.381946;0.118817;0;-3357.05;16596;2683.51;28959.7
0.380423;0.123607;0;-2948.78;16467.7;2673.33;28849.9
0.378839;0.128377;0;-2968.81;16275.1;2650.32;28601.6
0.377196;0.133128;0;-3199.77;16043.4;2620.11;28275.5
0.375494;0.137857;0;-3297.17;15811.1;2591.78;27969.8
0.373732;0.142565;0;-3391.44;15578.7;2563.47;27664.2
0.371911;0.14725;0;-3484.87;15346.2;2535.14;27358.5
0.370031;0.151912;0;-3577.46;15113.4;2506.8;27052.7
0.368093;0.156549;0;-3669.18;14880.6;2478.46;26746.8
0.366096;0.161163;0;-3760.02;14647.6;2450.11;26440.9
0.364042;0.16575;0;-3849.97;14414.7;2421.77;26135.1
0.361931;0.170312;0;-3939.02;14181.7;2393.44;25829.3
0.359762;0.174846;0;-4027.14;13948.8;2365.12;25523.7
0.357537;0.179353;0;-4114.33;13715.9;2336.81;25218.2
0.355255;0.183832;0;-4200.57;13483.1;2308.52;24912.9
0.352916;0.188282;0;-4204.37;13202.3;2260.85;24398.5
0.350523;0.192701;0;-4043.41;12836.2;2195.69;23695.3
0.348074;0.197091;0;-3881.79;12469.9;2130.47;22991.4
0.345569;0.201449;0;-3719.53;12103.2;2065.2;22287.1
0.343011;0.205776;0;-3556.64;11736.4;1999.9;21582.3
0.340398;0.21007;0;-3393.17;11369.3;1934.57;20877.3
0.337731;0.214331;0;-3229.13;11002.2;1869.22;20172.1
0.335011;0.218558;0;-3064.55;10635.1;1803.87;19466.9
0.332238;0.22275;0;-2899.46;10267.9;1738.52;18761.7
0.329413;0.226908;0;-2733.88;9900.82;1673.19;18056.6
0.326536;0.231029;0;-2567.84;9533.87;1607.88;17351.8
0.323607;0.235114;0;-2387.28;9166.58;1542.57;16647
0.320627;0.239162;0;-2179.57;8796.59;1477.14;15940.9
0.317596;0.243172;0;-1970.97;8426.8;1411.77;15235.4
0.314515;0.247144;0;-1857.59;7904.1;1322.45;14271.5
0.311385;0.251077;0;-1715.5;7308.49;1218.85;13153.5
0.308205;0.25497;0;-1573.22;6712.18;1115.17;12034.6
0.304977;0.258822;0;-1430.24;6113.48;1011.38;10914.5
0.301701;0.262634;0;-1286.09;5510.78;907.441;9792.84
0.298376;0.266405;0;-1141.58;4906;803.403;8670.1
0.295005;0.270133;0;-996.608;4298.32;699.243;7546.03
0.291587;0.273819;0;-851.602;3690.42;595.084;6421.98
0.288124;0.277461;0;-706.59;3082.4;490.944;5298.13
0.284614;0.28106;0;-561.595;2474.35;386.839;4174.66
0.28106;0.284614;0;-416.641;1866.38;282.785;3051.74
0.277461;0.288124;0;-310.697;1276.74;176.654;1906.4
0.273819;0.291587;0;-218.196;543.841;55.3972;597.831
0.270133;0.295005;0;-125.758;-189.701;-65.9718;-711.95
0.266405;0.298376;0;-33.3964;-923.765;-187.434;-2022.74
0.262634;0.301701;0;58.8732;-1658.24;-308.971;-3334.33
0.258822;0.304977;0;151.037;-2393;-430.564;-4646.52
0.25497;0.308205;0;243.079;-3127.93;-552.192;-5959.1
0.251077;0.311385;0;331.737;-3862.5;-673.925;-7272.81
0.247144;0.314515;0;419.535;-4597;-795.686;-8586.82
0.243172;0.317596;0;504.222;-5331.71;-917.589;-9902.36
0.239162;0.320627;0;588.753;-6066.16;-1039.45;-11217.5
0.235114;0.323607;0;673.114;-6800.24;-1161.26;-12532
0.231029;0.326536;0;757.292;-7533.83;-1282.99;-13845.7
0.226908;0.329413;0;841.275;-8266.82;-1404.63;-15158.4
0.22275;0.332238;0;846.398;-8908.57;-1510.77;-16303.8
0.218558;0.335011;0;882.419;-9504.84;-1602.76;-17296.5
0.214331;0.337731;0;917.878;-10101.4;-1694.83;-18290.1
0.21007;0.340398;0;952.769;-10698.2;-1786.96;-19284.3
0.205776;0.343011;0;987.088;-11295.1;-1879.14;-20279.1
0.201449;0.345569;0;1020.83;-11892;-1971.35;-21274.2
0.197091;0.348074;0;1053.99;-12488.9;-2063.58;-22269.6
0.192701;0.350523;0;1086.55;-13085.5;-2155.81;-23264.9
0.188282;0.352916;0;1118.53;-13681.9;-2248.04;-24260.2
0.183832;0.355255;0;1149.9;-14278;-2340.24;-25255.2
0.179353;0.357537;0;1180.67;-14873.6;-2432.39;-26249.7
0.174846;0.359762;0;1210.83;-15468.6;-2524.5;-27243.7
0.170312;0.361931;0;1184.71;-16016.9;-2597.61;-28032.7
0.16575;0.364042;0;525.442;-16294.3;-2615.24;-28222.9
0.161163;0.366096;0;-160.607;-16564.9;-2632.48;-28409
0.156549;0.368093;0;-847.348;-16835.7;-2649.73;-28595.2
0.151912;0.370031;0;-1534.67;-17106.8;-2667;-28781.6
0.14725;0.371911;0;-2222.47;-17378;-2684.29;-28968.1
0.142565;0.373732;0;-2910.64;-17649.4;-2701.58;-29154.7
0.137857;0.375494;0;-3599.07;-17920.9;-2718.88;-29341.3
0.133128;0.377196;0;-4287.64;-18192.5;-2736.18;-29528.1
0.128377;0.378839;0;-4976.26;-18464;-2753.48;-29714.8
0.123607;0.380423;0;-5664.81;-18735.6;-2770.78;-29901.5
0.118817;0.381946;0;-5796.82;-18585.4;-2742.39;-29595.1
0.114008;0.383409;0;-5310.16;-17946.8;-2660.12;-28707.3
0.109181;0.384811;0;-4823.28;-17307.9;-2577.81;-27819
0.104337;0.386153;0;-4336.26;-16668.8;-2495.49;-26930.6
0.099476;0.387433;0;-3849.19;-16029.6;-2413.15;-26042
0.0945996;0.388653;0;-3362.14;-15390.5;-2330.81;-25153.5
0.0897083;0.389811;0;-2875.19;-14751.5;-2248.49;-24265.1
0.0848028;0.390907;0;-2388.4;-14112.7;-2166.2;-23377.1
0.079884;0.391942;0;-1901.87;-13474.2;-2083.95;-22489.5
0.0749525;0.392915;0;-1415.66;-12836.2;-2001.76;-21602.4
0.0700092;0.393826;0;-929.859;-12198.6;-1919.64;-20716.2
0.0650549;0.394674;0;-444.535;-11561.8;-1837.59;-19830.8
0.0600902;0.395461;0;40.2327;-10925.6;-1755.64;-18946.4
0.0551161;0.396185;0;524.367;-10290.3;-1673.8;-18063.1
0.0501333;0.396846;0;536.005;-9377.56;-1528.15;-16491.3
0.0451426;0.397445;0;485.096;-8426.15;-1373.21;-14819.3
0.0401447;0.39798;0;434.122;-7473.66;-1218.1;-13145.4
0.0351405;0.398453;0;383.092;-6520.25;-1062.83;-11469.8
0.0301307;0.398864;0;332.014;-5566.05;-907.441;-9792.85
0.0251162;0.399211;0;280.897;-4611.22;-751.946;-8114.79
0.0200977;0.399495;0;229.747;-3655.92;-596.372;-6435.88
0.0150761;0.399716;0;178.574;-2700.29;-440.745;-4756.4
0.010052;0.399874;0;127.385;-1744.48;-285.089;-3076.6
0.00502642;0.399968;0;76.188;-788.641;-129.429;-1396.76
2.44929e-17;0.4;0;24.9917;167.069;26.2121;282.874
-0.00502642;0.399968;0;-26.1961;1122.5;181.808;1962.02
-0.010052;0.399874;0;-77.3672;2077.51;337.335;3640.43
-0.0150761;0.399716;0;-128.514;3031.94;492.768;5317.82
-0.0200977;0.399495;0;-179.627;3985.64;648.083;6993.93
-0.0251162;0.399211;0;-230.7;4938.46;803.255;8668.5
-0.0301307;0.398864;0;-281.724;5890.26;958.26;10341.3
-0.0351405;0.398453;0;-136.181;6764.8;1109.26;11970.8
-0.0401447;0.39798;0;81.2275;7482.58;1236.91;13348.3
-0.0451426;0.397445;0;39.8168;8156.64;1345.05;14515.4
-0.0501333;0.396846;0;-1.22716;8831.16;1453.29;15683.5
-0.0551161;0.396185;0;-41.898;9506.05;1561.61;16852.4
-0.0600902;0.395461;0;-82.1892;10181.2;1669.99;18022
-0.0650549;0.394674;0;-122.094;10856.5;1778.41;19192.1
-0.0700092;0.393826;0;-161.607;11531.8;1886.86;20362.4
-0.0749525;0.392915;0;-200.722;12207.1;1995.32;21532.9
-0.079884;0.391942;0;-239.432;12882.2;2103.77;22703.3
-0.0848028;0.390907;0;-277.731;13557;2212.19;23873.4
-0.0897083;0.389811;0;-315.613;14231.5;2320.58;25043
-0.0945996;0.388653;0;-353.072;14905.4;2428.9;26212
-0.099476;0.387433;0;-390.102;15578.8;2537.15;27380.2
-0.104337;0.386153;0;-318.68;16125.3;2624.74;28325.5
-0.109181;0.384811;0;-248.72;16290.4;2650.92;28608
-0.114008;0.383409;0;-377.656;16252.7;2644.31;28536.7
-0.118817;0.381946;0;-506.157;16215;2637.71;28465.4
-0.123607;0.380423;0;-634.201;16177.3;2631.11;28394.2
-0.128377;0.378839;0;-761.77;16139.4;2624.52;28323.1
-0.133128;0.377196;0;-888.842;16101.6;2617.94;28252
-0.137857;0.375494;0;-1015.4;16063.7;2611.37;28181.1
-0.142565;0.373732;0;-1141.42;16025.7;2604.8;28110.3
-0.14725;0.371911;0;-1266.88;15987.8;2598.26;28039.6
-0.151912;0.370031;0;-1331;15943.1;2592.92;27982
-0.156549;0.368093;0;-1288.73;15879.2;2589.6;27946.3
-0.161163;0.366096;0;-1245.82;15815.3;2586.3;27910.7
-0.16575;0.364042;0;-1202.27;15751.2;2583.02;27875.2
-0.170312;0.361931;0;-1158.09;15687;2579.75;27839.9
-0.174846;0.359762;0;-1274.21;15478.5;2539.56;27406.2
-0.179353;0.357537;0;-1192.95;14907.5;2447.84;26416.4
-0.183832;0.355255;0;-1111.14;14335.9;2356.05;25425.8
-0.188282;0.352916;0;-1028.79;13763.9;2264.21;24434.8
-0.192701;0.350523;0;-945.909;13191.4;2172.34;23443.3
-0.197091;0.348074;0;-862.513;12618.7;2080.45;22451.6
-0.201449;0.345569;0;-778.616;12045.8;1988.55;21459.9
-0.205776;0.343011;0;-694.23;11472.7;1896.66;20468.2
-0.21007;0.340398;0;-609.368;10899.6;1804.79;19476.8
-0.214331;0.337731;0;-524.045;10326.6;1712.96;18485.8
-0.218558;0.335011;0;-438.274;9753.79;1621.18;17495.3
-0.22275;0.332238;0;-462.787;9188.42;1525.03;16457.6
-0.226908;0.329413;0;-833.397;8629.36;1412.29;15241
-0.231029;0.326536;0;-741.118;7889.79;1292.56;13948.9
-0.235114;0.323607;0;-648.263;7140.21;1171.16;12638.8
-0.239162;0.320627;0;-555.279;6390.11;1049.68;11327.8
-0.243172;0.317596;0;-462.18;5639.61;928.139;10016.2
-0.247144;0.314515;0;-368.981;4888.83;806.558;8704.15
-0.251077;0.311385;0;-275.698;4137.89;684.956;7391.85
-0.25497;0.308205;0;-182.343;3386.9;563.351;6079.52
-0.258822;0.304977;0;-88.9334;2636;441.762;4767.37
-0.262634;0.301701;0;4.51743;1885.28;320.209;3455.61
-0.266405;0.298376;0;97.9944;1134.88;198.712;2144.44
-0.270133;0.295005;0;191.483;384.91;77.2882;834.073
-0.273819;0.291587;0;284.968;-364.51;-44.0419;-475.287
-0.277461;0.288124;0;173.493;-881.975;-160.648;-1733.66
-0.28106;0.284614;0;133.704;-1393.96;-271.124;-2925.89
-0.284614;0.28106;0;328.277;-2048.25;-375.748;-4054.97
-0.288124;0.277461;0;522.819;-2702.65;-480.42;-5184.56
-0.291587;0.273819;0;717.299;-3357.06;-585.122;-6314.47
-0.295005;0.270133;0;911.687;-4011.37;-689.837;-7444.53
-0.298376;0.266405;0;1105.95;-4665.49;-794.55;-8574.56
-0.301701;0.262634;0;1300.06;-5319.3;-899.244;-9704.38
-0.304977;0.258822;0;1493.99;-5972.7;-1003.9;-10833.8
-0.308205;0.25497;0;1687.7;-6625.6;-1108.51;-11962.7
-0.311385;0.251077;0;1881.16;-7277.88;-1213.04;-13090.8
-0.314515;0.247144;0;2074.35;-7929.45;-1317.49;-14218
-0.317596;0.243172;0;1852.42;-8526.28;-1410.13;-15217.7
-0.320627;0.239162;0;2063.38;-8913.93;-1475.25;-15920.5
-0.323607;0.235114;0;2273.91;-9301.79;-1540.43;-16623.9
-0.326536;0.231029;0;2483.96;-9689.79;-1605.65;-17327.7
-0.329413;0.226908;0;2693.51;-10077.9;-1670.9;-18031.9
-0.332238;0.22275;0;2902.51;-10466;-1736.17;-18736.3
-0.335011;0.218558;0;3110.67;-10854;-1801.45;-19440.8
-0.337731;0.214331;0;3190.63;-11228.3;-1866.21;-20139.6
-0.340398;0.21007;0;3240.24;-11605.2;-1931.12;-20840.1
-0.343011;0.205776;0;3289.28;-11982;-1996.02;-21540.5
-0.345569;0.201449;0;3337.76;-12358.8;-2060.89;-22240.6
-0.348074;0.197091;0;3385.67;-12735.3;-2125.74;-22940.4
-0.350523;0.192701;0;3432.98;-13111.7;-2190.55;-23639.8
-0.352916;0.188282;0;3479.71;-13487.8;-2255.3;-24338.6
-0.355255;0.183832;0;3861.11;-13523.9;-2310.72;-24936.6
-0.357537;0.179353;0;3986.72;-13659.4;-2341.27;-25266.3
-0.359762;0.174846;0;4108.14;-13799;-2371.78;-25595.6
-0.361931;0.170312;0;4229.14;-13938.2;-2402.31;-25925
-0.364042;0.16575;0;4349.7;-14077;-2432.84;-26254.5
-0.366096;0.161163;0;4469.8;-14215.3;-2463.37;-26584
-0.368093;0.156549;0;4589.42;-14353.2;-2493.89;-26913.4
-0.370031;0.151912;0;4708.53;-14490.6;-2524.4;-27242.7
-0.371911;0.14725;0;4827.13;-14627.6;-2554.9;-27571.8
-0.373732;0.142565;0;4945.2;-14764;-2585.38;-27900.7
-0.375494;0.137857;0;5062.7;-14899.9;-2615.84;-28229.4
-0.377196;0.133128;0;4879.89;-15212.8;-2644.58;-28539.6
-0.378839;0.128377;0;4776.15;-15375.1;-2657.65;-28680.6
-0.380423;0.123607;0;4883.5;-15389.6;-2667.93;-28791.6
-0.381946;0.118817;0;4990.16;-15404.3;-2678.22;-28902.6
-0.383409;0.114008;0;5096.12;-15419;-2688.52;-29013.7
-0.384811;0.109181;0;5201.35;-15433.9;-2698.82;-29124.9
-0.386153;0.104337;0;5305.84;-15448.9;-2709.12;-29236.1
-0.387433;0.099476;0;5409.58;-15464;-2719.42;-29347.2
-0.388653;0.0945996;0;5512.55;-15479.3;-2729.73;-29458.4
-0.389811;0.0897083;0;5614.74;-15494.6;-2740.03;-29569.6
-0.390907;0.0848028;0;5716.11;-15510;-2750.32;-29680.7
-0.391942;0.079884;0;5816.67;-15525.6;-2760.61;-29791.8
-0.392915;0.0749525;0;5916.39;-15541.2;-2770.9;-29902.7
-0.393826;0.0700092;0;6015.27;-15557;-2781.17;-30013.6
-0.394674;0.0650549;0;6118.46;-15566.4;-2791.34;-30123.4
-0.395461;0.0600902;0;6225.6;-15504.8;-2793.9;-30151
-0.396185;0.0551161;0;6286.22;-15505.1;-2795.57;-30169
-0.396846;0.0501333;0;6345.92;-15505.3;-2797.23;-30187
-0.397445;0.0451426;0;6404.69;-15505.3;-2798.9;-30204.9
-0.39798;0.0401447;0;6462.5;-15505.1;-2800.56;-30222.9
-0.398453;0.0351405;0;6489.62;-15500.7;-2802.18;-30240.3
-0.398864;0.0301307;0;6474.75;-15491.7;-2803.74;-30257.1
-0.399211;0.0251162;0;6447.48;-15481.4;-2805.28;-30273.8
-0.399495;0.0200977;0;6419.2;-15471.1;-2806.82;-30290.4
-0.399716;0.0150761;0;6389.91;-15460.6;-2808.36;-30307
-0.399874;0.010052;0;6359.62;-15450.1;-2809.9;-30323.6
-0.399968;0.00502642;0;6328.34;-15439.5;-2811.43;-30340.2
-0.4;4.89859e-17;0;6296.06;-15428.8;-2812.96;-30356.7
-0.399968;-0.00502642;0;6295.3;-15439.8;-2811.88;-30345
-0.399874;-0.010052;0;6309.99;-15449.5;-2810.25;-30327.4
-0.399716;-0.0150761;0;6323.64;-15459.1;-2808.62;-30309.8
-0.399495;-0.0200977;0;6336.26;-15468.7;-2806.99;-30292.2
-0.399211;-0.0251162;0;6347.85;-15478.1;-2805.35;-30274.6
-0.398864;-0.0301307;0;6358.41;-15487.5;-2803.72;-30256.9
-0.398453;-0.0351405;0;6367.92;-15496.8;-2802.08;-30239.3
-0.39798;-0.0401447;0;6376.4;-15506;-2800.44;-30221.6
-0.397445;-0.0451426;0;6383.84;-15515.2;-2798.8;-30203.9
-0.396846;-0.0501333;0;6390.23;-15524.2;-2797.16;-30186.2
-0.396185;-0.0551161;0;6395.59;-15533.2;-2795.52;-30168.5
-0.395461;-0.0600902;0;6399.9;-15542.1;-2793.88;-30150.8
-0.394674;-0.0650549;0;6397.79;-15550.1;-2792.23;-30133
-0.393826;-0.0700092;0;6244.93;-15538.2;-2782.67;-30029.7
-0.392915;-0.0749525;0;6079.48;-15525.5;-2772.8;-29923.3
-0.391942;-0.079884;0;5912.88;-15512.9;-2762.93;-29816.8
-0.390907;-0.0848028;0;5745.18;-15500.2;-2753.05;-29710.2
-0.389811;-0.0897083;0;5576.4;-15487.7;-2743.16;-29603.5
-0.388653;-0.0945996;0;5406.56;-15475.2;-2733.27;-29496.7
-0.387433;-0.099476;0;5235.69;-15462.7;-2723.38;-29389.9
-0.386153;-0.104337;0;5063.82;-15450.3;-2713.48;-29283.2
-0.384811;-0.109181;0;4890.97;-15438;-2703.59;-29176.4
-0.383409;-0.114008;0;4717.17;-15425.7;-2693.69;-29069.6
-0.381946;-0.118817;0;4542.45;-15413.5;-2683.8;-28962.8
-0.380423;-0.123607;0;4366.84;-15401.4;-2673.92;-28856.1
-0.378839;-0.128377;0;4238.82;-15384.5;-2661.99;-28727.4
-0.377196;-0.133128;0;4428.4;-15332.4;-2634.44;-28430.1
-0.375494;-0.137857;0;4616.76;-15280.5;-2606.86;-28132.6
-0.373732;-0.142565;0;4803.38;-15228.6;-2579.28;-27834.9
-0.371911;-0.14725;0;4336.69;-15139.8;-2549.33;-27511.6
-0.370031;-0.151912;0;3844.69;-15044.8;-2519.02;-27184.6
-0.368093;-0.156549;0;3351.84;-14949.5;-2488.7;-26857.4
-0.366096;-0.161163;0;2858.21;-14854.1;-2458.37;-26530
-0.364042;-0.16575;0;2363.88;-14758.4;-2428.03;-26202.7
-0.361931;-0.170312;0;1868.93;-14662.6;-2397.69;-25875.2
-0.359762;-0.174846;0;1373.45;-14566.7;-2367.36;-25547.9
-0.357537;-0.179353;0;877.502;-14470.6;-2337.03;-25220.6
-0.355255;-0.183832;0;856.595;-14382.3;-2287.14;-24682.2
-0.352916;-0.188282;0;848.391;-14291.5;-2235.58;-24125.7
-0.350523;-0.192701;0;930.051;-13993.5;-2177.89;-23503.2
-0.348074;-0.197091;0;1090.8;-13540.2;-2114.21;-22815.9
-0.345569;-0.201449;0;1251.17;-13086.8;-2050.49;-22128.3
-0.343011;-0.205776;0;1411.14;-12633.2;-1986.76;-21440.5
-0.340398;-0.21007;0;1570.68;-12179.6;-1923.01;-20752.6
-0.337731;-0.214331;0;1729.76;-11726;-1859.27;-20064.7
-0.335011;-0.218558;0;1888.36;-11272.4;-1795.54;-19377
-0.332238;-0.22275;0;2046.46;-10819.1;-1731.83;-18689.4
-0.329413;-0.226908;0;2204.03;-10365.9;-1668.15;-18002.2
-0.326536;-0.231029;0;1999.24;-9870.46;-1603.91;-17308.9
-0.323607;-0.235114;0;1741.73;-9360.5;-1538.95;-16608
-0.320627;-0.239162;0;1483.82;-8850.71;-1474.04;-15907.4
-0.317596;-0.243172;0;1298.23;-8341.25;-1407.2;-15186.2
-0.314515;-0.247144;0;1703.91;-7758.86;-1312.08;-14159.6
-0.311385;-0.251077;0;1496.92;-7123.76;-1207.58;-13031.8
-0.308205;-0.25497;0;1289.65;-6487.99;-1102.98;-11903.1
-0.304977;-0.258822;0;1082.14;-5851.67;-998.323;-10773.6
-0.301701;-0.262634;0;874.418;-5214.89;-893.607;-9643.56
-0.298376;-0.266405;0;666.521;-4577.76;-788.855;-8513.1
-0.295005;-0.270133;0;458.481;-3940.37;-684.083;-7382.43
-0.291587;-0.273819;0;250.329;-3302.82;-579.307;-6251.72
-0.288124;-0.277461;0;42.0988;-2665.22;-474.544;-5121.14
-0.284614;-0.28106;0;-166.177;-2027.66;-369.81;-3990.89
-0.28106;-0.284614;0;-374.465;-1390.25;-265.123;-2861.13
-0.277461;-0.288124;0;-235.38;-900.331;-151.436;-1634.26
-0.273819;-0.291587;0;-54.3916;-418.345;-34.7548;-375.064
-0.270133;-0.295005;0;-112.126;319.93;83.8132;904.488
-0.266405;-0.298376;0;-187.076;1089.49;204.853;2210.72
-0.262634;-0.301701;0;-262.028;1859.43;325.954;3517.61
-0.258822;-0.304977;0;-336.972;2629.62;447.098;4824.96
-0.25497;-0.308205;0;-411.895;3399.94;568.265;6132.55
-0.251077;-0.311385;0;-486.786;4170.28;689.436;7440.2
-0.247144;-0.314515;0;-561.632;4940.5;810.592;8747.68
-0.243172;-0.317596;0;-636.422;5710.48;931.713;10054.8
-0.239162;-0.320627;0;-711.144;6480.11;1052.78;11361.3
-0.235114;-0.323607;0;-785.787;7249.27;1173.78;12667.1
-0.231029;-0.326536;0;-860.338;8017.82;1294.68;13971.8
-0.226908;-0.329413;0;-671.959;8667.79;1409.85;15214.7
-0.22275;-0.332238;0;-165.021;9199.46;1522.21;16427.2
-0.218558;-0.335011;0;-206.972;9761.02;1614.75;17425.9
-0.214331;-0.337731;0;-270.291;10329.2;1707.42;18426
-0.21007;-0.340398;0;-333.165;10897.5;1800.14;19426.6
-0.205776;-0.343011;0;-395.583;11465.9;1892.9;20427.6
-0.201449;-0.345569;0;-457.535;12034.3;1985.68;21428.9
-0.197091;-0.348074;0;-519.013;12602.6;2078.47;22430.2
-0.192701;-0.350523;0;-580.005;13170.7;2171.25;23431.5
-0.188282;-0.352916;0;-640.503;13738.5;2264.01;24432.6
-0.183832;-0.355255;0;-700.497;14306;2356.74;25433.3
-0.179353;-0.357537;0;-759.977;14872.9;2449.41;26433.4
-0.174846;-0.359762;0;-818.935;15439.4;2542.02;27432.8
-0.170312;-0.361931;0;-565.63;15730.6;2590.13;27952
-0.16575;-0.364042;0;-566.252;15804.4;2600.62;28065.2
-0.161163;-0.366096;0;-599.196;15862.1;2608.1;28145.9
-0.156549;-0.368093;0;-631.598;15919.7;2615.6;28226.8
-0.151912;-0.370031;0;-663.453;15977.4;2623.11;28307.8
-0.14725;-0.371911;0;-694.756;16035;2630.62;28389
-0.142565;-0.373732;0;-725.501;16092.5;2638.15;28470.2
-0.137857;-0.375494;0;-755.685;16149.9;2645.69;28551.5
-0.133128;-0.377196;0;-785.301;16207.3;2653.23;28632.9
-0.128377;-0.378839;0;-814.346;16264.6;2660.78;28714.4
-0.123607;-0.380423;0;-842.815;16321.8;2668.34;28796
-0.118817;-0.381946;0;-870.703;16378.9;2675.9;28877.5
-0.114008;-0.383409;0;-898.006;16435.8;2683.46;28959.2
-0.109181;-0.384811;0;-947.792;16478.7;2688.7;29015.7
-0.104337;-0.386153;0;-1022.7;15954.6;2601.76;28077.5
-0.099476;-0.387433;0;-982.635;15390.5;2508.43;27070.3
-0.0945996;-0.388653;0;-942.11;14826;2415.06;26062.6
-0.0897083;-0.389811;0;-901.134;14261;2321.65;25054.6
-0.0848028;-0.390907;0;-850.592;13691.9;2228.44;24048.7
-0.079884;-0.391942;0;-773.33;13112.3;2135.43;23045
-0.0749525;-0.392915;0;-691.01;12530.8;2042.44;22041.4
-0.0700092;-0.393826;0;-608.218;11949.3;1949.46;21038
-0.0650549;-0.394674;0;-524.968;11367.8;1856.51;20035
-0.0600902;-0.395461;0;-441.272;10786.4;1763.62;19032.5
-0.0551161;-0.396185;0;-357.145;10205.2;1670.79;18030.7
-0.0501333;-0.396846;0;-433.737;9403.43;1532.04;16533.3
-0.0451426;-0.397445;0;-390.411;8457.28;1378.17;14872.8
-0.0401447;-0.39798;0;-347.028;7510.61;1224.22;13211.4
-0.0351405;-0.398453;0;-303.597;6563.55;1070.2;11549.3
-0.0301307;-0.398864;0;-258.467;5618.85;916.488;9890.49
-0.0251162;-0.399211;0;-213.603;4672.28;762.432;8227.95
-0.0200977;-0.399495;0;-168.749;3725.65;608.366;6565.32
-0.0150761;-0.399716;0;-123.912;2779.12;454.315;4902.83
-0.010052;-0.399874;0;-79.0982;1832.84;300.302;3240.77
-0.00502642;-0.399968;0;-34.3157;886.944;146.352;1579.39
-7.34788e-17;-0.4;0;10.4288;-58.4039;-7.51027;-81.0488
0.00502642;-0.399968;0;46.8714;-1001.8;-159.047;-1716.39
0.010052;-0.399874;0;64.72;-1961.9;-308.56;-3329.89
0.0150761;-0.399716;0;82.5684;-2922.79;-458.196;-4944.72
0.0200977;-0.399495;0;100.414;-3884.31;-607.933;-6560.64
0.0251162;-0.399211;0;118.253;-4846.33;-757.746;-8177.39
0.0301307;-0.398864;0;136.084;-5808.67;-907.613;-9794.7
0.0351405;-0.398453;0;153.904;-6771.2;-1057.51;-11412.3
0.0401447;-0.39798;0;171.709;-7733.77;-1207.41;-13030
0.0451426;-0.397445;0;189.497;-8696.21;-1357.29;-14647.5
0.0501333;-0.396846;0;207.265;-9658.38;-1507.14;-16264.6
0.0551161;-0.396185;0;-168.874;-10367.8;-1655;-17860.3
0.0600902;-0.395461;0;-553.385;-11075.4;-1803.36;-19461.3
0.0650549;-0.394674;0;-388.756;-11764.6;-1889.23;-20388
0.0700092;-0.393826;0;-196.448;-12464.8;-1973.75;-21300.1
0.0749525;-0.392915;0;-4.51088;-13165;-2058.28;-22212.4
0.079884;-0.391942;0;187.024;-13864.8;-2142.81;-23124.7
0.0848028;-0.390907;0;130.725;-14454.1;-2224.85;-24009.9
0.0897083;-0.389811;0;-163.918;-14959.6;-2306.67;-24892.9
0.0945996;-0.388653;0;-459.085;-15465.2;-2388.51;-25776.1
0.099476;-0.387433;0;-754.727;-15970.8;-2470.35;-26659.3
0.104337;-0.386153;0;-1050.8;-16476.1;-2552.19;-27542.5
0.109181;-0.384811;0;-1347.25;-16981.3;-2634;-28425.4
0.114008;-0.383409;0;-1644.04;-17486.2;-2715.78;-29307.9
0.118817;-0.381946;0;-1618.57;-17572.7;-2736.09;-29527.1
0.123607;-0.380423;0;-1409.25;-17429.7;-2722.87;-29384.4
0.128377;-0.378839;0;-1200.18;-17286.5;-2709.65;-29241.7
0.133128;-0.377196;0;-991.397;-17143.2;-2696.42;-29099
0.137857;-0.375494;0;-782.933;-16999.9;-2683.2;-28956.3
0.142565;-0.373732;0;-574.821;-16856.5;-2669.97;-28813.6
0.14725;-0.371911;0;-367.092;-16713.1;-2656.75;-28670.9
0.151912;-0.370031;0;-159.781;-16569.7;-2643.54;-28528.4
0.156549;-0.368093;0;47.0809;-16426.3;-2630.34;-28385.9
0.161163;-0.366096;0;253.46;-16282.9;-2617.14;-28243.5
0.16575;-0.364042;0;459.324;-16139.6;-2603.96;-28101.2
0.170312;-0.361931;0;667.528;-15940.6;-2584.06;-27886.4
0.174846;-0.359762;0;810.606;-15598.4;-2540.02;-27411.1
0.179353;-0.357537;0;787.511;-15025;-2446.97;-26407.1
0.183832;-0.355255;0;763.859;-14451.2;-2353.87;-25402.4
0.188282;-0.352916;0;739.653;-13876.9;-2260.73;-24397.2
0.192701;-0.350523;0;714.897;-13302.4;-2167.56;-23391.7
0.197091;-0.348074;0;689.595;-12727.6;-2074.38;-22386.1
0.201449;-0.345569;0;663.75;-12152.7;-1981.2;-21380.6
0.205776;-0.343011;0;637.367;-11577.7;-1888.04;-20375.2
0.21007;-0.340398;0;610.45;-11002.8;-1794.9;-19370.1
0.214331;-0.337731;0;583.003;-10428;-1701.82;-18365.5
0.218558;-0.335011;0;555.031;-9853.47;-1608.79;-17361.6
0.22275;-0.332238;0;526.537;-9279.25;-1515.84;-16358.5
0.226908;-0.329413;0;814.949;-8675.18;-1410.1;-15217.4
0.231029;-0.326536;0;713.01;-7901.68;-1288.54;-13905.6
0.235114;-0.323607;0;610.866;-7127.48;-1166.89;-12592.7
0.239162;-0.320627;0;508.533;-6352.73;-1045.15;-11279
0.243172;-0.317596;0;406.029;-5577.53;-923.357;-9964.61
0.247144;-0.314515;0;303.368;-4802.01;-801.52;-8649.78
0.251077;-0.311385;0;200.568;-4026.3;-679.661;-7334.71
0.25497;-0.308205;0;97.6442;-3250.51;-557.799;-6019.61
0.258822;-0.304977;0;-5.38694;-2474.76;-435.953;-4704.68
0.262634;-0.301701;0;-108.509;-1699.19;-314.143;-3390.15
0.266405;-0.298376;0;-211.706;-923.905;-192.389;-2076.2
0.270133;-0.295005;0;-314.961;-149.038;-70.7081;-763.062
0.273819;-0.291587;0;-418.259;625.292;50.879;549.072
0.277461;-0.288124;0;-435.765;1307.33;171.006;1845.45
0.28106;-0.284614;0;-470.447;1870.46;278.502;3005.52
0.284614;-0.28106;0;-620.615;2496.83;382.206;4124.66
0.288124;-0.277461;0;-770.782;3123.35;485.965;5244.39
0.291587;-0.273819;0;-920.925;3749.92;589.761;6364.53
0.295005;-0.270133;0;-1071.02;4376.44;693.579;7484.91
0.298376;-0.266405;0;-1221.04;5002.82;797.402;8605.34
0.301701;-0.262634;0;-1370.97;5628.94;901.214;9725.64
0.304977;-0.258822;0;-1520.78;6254.72;1005;10845.7
0.308205;-0.25497;0;-1670.44;6880.06;1108.74;11965.2
0.311385;-0.251077;0;-1819.94;7504.85;1212.42;13084.1
0.314515;-0.247144;0;-1969.25;8128.99;1316.02;14202.1
0.317596;-0.243172;0;-1785.58;8788.12;1413.54;15254.5
0.320627;-0.239162;0;-1932.04;9119.72;1478.55;15956.1
0.323607;-0.235114;0;-2078.08;9451.6;1543.62;16658.3
0.326536;-0.231029;0;-2223.7;9783.71;1608.73;17361
0.329413;-0.226908;0;-2368.86;10116;1673.88;18064
0.332238;-0.22275;0;-2513.54;10448.4;1739.05;18767.4
0.335011;-0.218558;0;-2657.73;10780.9;1804.24;19470.8
0.337731;-0.214331;0;-2801.39;11113.4;1869.43;20174.4
0.340398;-0.21007;0;-2944.51;11445.9;1934.61;20877.8
0.343011;-0.205776;0;-3087.07;11778.2;1999.78;21581.1
0.345569;-0.201449;0;-3229.03;12110.5;2064.92;22284.1
0.348074;-0.197091;0;-3370.38;12442.5;2130.03;22986.7
0.350523;-0.192701;0;-3511.1;12774.4;2195.09;23688.7
0.352916;-0.188282;0;-3651.16;13105.9;2260.08;24390.2
0.355255;-0.183832;0;-3850.23;13294.2;2309.08;24918.9
0.357537;-0.179353;0;-4071.32;13481.1;2339.12;25243.2
0.359762;-0.174846;0;-4291.8;13667.8;2369.18;25567.6
0.361931;-0.170312;0;-4358.92;13795.9;2397.75;25875.8
0.364042;-0.16575;0;-4383.88;13908;2426.09;26181.7
0.366096;-0.161163;0;-4408.08;14019.8;2454.43;26487.6
0.368093;-0.156549;0;-4431.52;14131.3;2482.78;26793.5
0.370031;-0.151912;0;-4454.18;14242.5;2511.13;27099.4
0.371911;-0.14725;0;-4476.06;14353.4;2539.47;27405.3
0.373732;-0.142565;0;-4497.17;14464;2567.8;27711
0.375494;-0.137857;0;-4517.49;14574.2;2596.12;28016.6
0.377196;-0.133128;0;-4537.03;14684.1;2624.42;28322
0.378839;-0.128377;0;-4323.59;14954.9;2652.76;28627.9
0.380423;-0.123607;0;-3939.73;15407.5;2676.54;28884.5
0.381946;-0.118817;0;-4290.47;15592.6;2686.03;28986.9
0.383409;-0.114008;0;-4640.46;15777.9;2695.52;29089.3
0.384811;-0.109181;0;-4989.64;15963.2;2705.01;29191.7
0.386153;-0.104337;0;-5117.7;16151.8;2714.05;29289.3
0.387433;-0.099476;0;-4710.16;16353.6;2722.32;29378.6
0.388653;-0.0945996;0;-4301.77;16555.5;2730.6;29467.9
0.389811;-0.0897083;0;-3892.59;16757.5;2738.88;29557.2
0.390907;-0.0848028;0;-3482.69;16959.6;2747.16;29646.6
0.391942;-0.079884;0;-3072.12;17161.7;2755.44;29735.9
0.392915;-0.0749525;0;-2660.96;17363.7;2763.71;29825.2
0.393826;-0.0700092;0;-2249.28;17565.7;2771.98;29914.5
0.394674;-0.0650549;0;-1837.12;17767.6;2780.25;30003.7
0.395461;-0.0600902;0;-1424.57;17969.4;2788.51;30092.9
0.396185;-0.0551161;0;-1364.81;18282.5;2792.64;30137.3
0.396846;-0.0501333;0;-1461.34;18659.2;2795.05;30163.4
0.397445;-0.0451426;0;-1557.22;19036.1;2797.46;30189.4
0.39798;-0.0401447;0;-1165.39;19402.9;2799.07;30206.8
0.398453;-0.0351405;0;-312.069;19772.1;2800;30216.8
0.398864;-0.0301307;0;541.732;20141.5;2800.93;30226.8
0.399211;-0.0251162;0;1395.87;20511;2801.86;30236.9
0.399495;-0.0200977;0;2250.22;20880.7;2802.79;30246.9
0.399716;-0.0150761;0;3104.65;21250.3;2803.72;30257
0.399874;-0.010052;0;3959.01;21620;2804.65;30267
0.399968;-0.00502642;0;4813.17;21989.5;2805.59;30277.1
