0.4;0;0;5550.62;55162.8;2806.5;30287
0.399968;0.00502642;0;7462.85;55627;2805.5;30276.2
0.399874;0.010052;0;9413.75;56100.6;2804.49;30265.2
0.399716;0.0150761;0;11365.2;56574.3;2803.47;30254.3
0.399495;0.0200977;0;13316.8;57048;2802.45;30243.3
0.399211;0.0251162;0;15268.3;57521.7;2801.44;30232.3
0.398864;0.0301307;0;17219.5;57995.3;2800.42;30221.4
0.398453;0.0351405;0;19169.9;58468.7;2799.4;30210.4
0.39798;0.0401447;0;21119.3;58941.8;2798.39;30199.4
0.397445;0.0451426;0;22680;59168.3;2796.28;30176.7
0.396846;0.0501333;0;24114.4;59297.3;2793.6;30147.8
0.396185;0.0551161;0;25548.1;59426.1;2790.92;30118.9
0.395461;0.0600902;0;26980.8;59554.8;2788.25;30090
0.394674;0.0650549;0;27101.9;58631.5;2780.85;30010.1
0.393826;0.0700092;0;27050.8;57535;2772.56;29920.6
0.392915;0.0749525;0;26999.2;56437.9;2764.26;29831.1
0.391942;0.079884;0;26947.3;55340.4;2755.96;29741.6
0.390907;0.0848028;0;26895;54242.7;2747.66;29652
0.389811;0.0897083;0;26842.4;53145;2739.36;29562.4
0.388653;0.0945996;0;26789.3;52047.4;2731.06;29472.8
0.387433;0.099476;0;26735.9;50950.2;2722.76;29383.3
0.386153;0.104337;0;26557.3;49713.1;2714.04;29289.2
0.384811;0.109181;0;26091.5;48029.4;2703.86;29179.3
0.383409;0.114008;0;25625.4;46345.1;2693.69;29069.5
0.381946;0.118817;0;25159.2;44660.5;2683.51;28959.7
0.380423;0.123607;0;24692.8;42975.8;2673.33;28849.9
0.378839;0.128377;0;24918.4;41901.2;2650.32;28601.6
0.377196;0.133128;0;25495.9;41090.5;2620.11;28275.5
0.375494;0.137857;0;25495.1;40048.9;2591.78;27969.8
0.373732;0.142565;0;25486.7;39002.9;2563.47;27664.2
0.371911;0.14725;0;25478.4;37955.5;2535.14;27358.5
0.370031;0.151912;0;25470.1;36907.1;2506.8;27052.7
0.368093;0.156549;0;25461.8;35857.6;2478.46;26746.8
0.366096;0.161163;0;25453.6;34807.4;2450.11;26440.9
0.364042;0.16575;0;25445.5;33756.5;2421.77;26135.1
0.361931;0.170312;0;25437.5;32705.2;2393.44;25829.3
0.359762;0.174846;0;25429.5;31653.6;2365.12;25523.7
0.357537;0.179353;0;25421.6;30601.8;2336.81;25218.2
0.355255;0.183832;0;25413.8;29550;2308.52;24912.9
0.352916;0.188282;0;25243.1;28154.5;2260.85;24398.5
0.350523;0.192701;0;25844.3;27432;2195.69;23695.3
0.348074;0.197091;0;26444.8;26706.8;2130.47;22991.4
0.345569;0.201449;0;27044.5;25979;2065.2;22287.1
0.343011;0.205776;0;27643.4;25248.8;1999.9;21582.3
0.340398;0.21007;0;28241.2;24516.2;1934.57;20877.3
0.337731;0.214331;0;28838;23781.5;1869.22;20172.1
0.335011;0.218558;0;29433.6;23044.6;1803.87;19466.9
0.332238;0.22275;0;30027.9;22305.8;1738.52;18761.7
0.329413;0.226908;0;30620.9;21565.1;1673.19;18056.6
0.326536;0.231029;0;31212.4;20822.7;1607.88;17351.8
0.323607;0.235114;0;31770.2;20024.1;1542.57;16647
0.320627;0.239162;0;32294.8;19133.5;1477.14;15940.9
0.317596;0.243172;0;32817.7;18240;1411.77;15235.4
0.314515;0.247144;0;30836.6;16004.3;1322.45;14271.5
0.311385;0.251077;0;27161.5;12668.8;1218.85;13153.5
0.308205;0.25497;0;23484.4;9330.59;1115.17;12034.6
0.304977;0.258822;0;19807.4;5986.91;1011.38;10914.5
0.301701;0.262634;0;16132.9;2635.2;907.441;9792.84
0.298376;0.266405;0;12464.3;-721.008;803.403;8670.1
0.295005;0.270133;0;8805.04;-4082.99;699.243;7546.03
0.291587;0.273819;0;5147.33;-7445.09;595.084;6421.98
0.288124;0.277461;0;1491.69;-10806.8;490.944;5298.13
0.284614;0.28106;0;-2161.3;-14167.6;386.839;4174.66
0.28106;0.284614;0;-5811.07;-17526.9;282.785;3051.74
0.277461;0.288124;0;-8922.4;-20365.2;176.654;1906.4
0.273819;0.291587;0;-8870.92;-21330.3;55.3972;597.831
0.270133;0.295005;0;-8818.59;-22295.6;-65.9718;-711.95
0.266405;0.298376;0;-8765.41;-23260.9;-187.434;-2022.74
0.262634;0.301701;0;-8711.4;-24226;-308.971;-3334.33
0.258822;0.304977;0;-8656.56;-25190.8;-430.564;-4646.52
0.25497;0.308205;0;-8600.91;-26155.2;-552.192;-5959.1
0.251077;0.311385;0;-8526.44;-27103;-673.925;-7272.81
0.247144;0.314515;0;-8445.35;-28046;-795.686;-8586.82
0.243172;0.317596;0;-8331.18;-28967.5;-917.589;-9902.36
0.239162;0.320627;0;-8215.72;-29887.9;-1039.45;-11217.5
0.235114;0.323607;0;-8098.98;-30807;-1161.26;-12532
0.231029;0.326536;0;-7980.98;-31724.5;-1282.99;-13845.7
0.226908;0.329413;0;-7861.75;-32640.5;-1404.63;-15158.4
0.22275;0.332238;0;-8645.61;-33237.4;-1510.77;-16303.8
0.218558;0.335011;0;-10223.7;-33444.1;-1602.76;-17296.5
0.214331;0.337731;0;-11801.2;-33650.3;-1694.83;-18290.1
0.21007;0.340398;0;-13378;-33856;-1786.96;-19284.3
0.205776;0.343011;0;-14953.8;-34061;-1879.14;-20279.1
0.201449;0.345569;0;-16528.3;-34265.3;-1971.35;-21274.2
0.197091;0.348074;0;-18101.2;-34469;-2063.58;-22269.6
0.192701;0.350523;0;-19672.4;-34672;-2155.81;-23264.9
0.188282;0.352916;0;-21241.6;-34874.3;-2248.04;-24260.2
0.183832;0.355255;0;-22808.6;-35075.7;-2340.24;-25255.2
0.179353;0.357537;0;-24373;-35276.4;-2432.39;-26249.7
0.174846;0.359762;0;-25934.7;-35476.3;-2524.5;-27243.7
0.170312;0.361931;0;-27680.5;-35214.9;-2597.61;-28032.7
0.16575;0.364042;0;-28822.5;-32741.4;-2615.24;-28222.9
0.161163;0.366096;0;-29916.2;-30205.1;-2632.48;-28409
0.156549;0.368093;0;-31011;-27666.2;-2649.73;-28595.2
0.151912;0.370031;0;-32106.7;-25125.2;-2667;-28781.6
0.14725;0.371911;0;-33203.3;-22582.4;-2684.29;-28968.1
0.142565;0.373732;0;-34300.4;-20038.2;-2701.58;-29154.7
0.137857;0.375494;0;-35397.9;-17493.1;-2718.88;-29341.3
0.133128;0.377196;0;-36495.7;-14947.4;-2736.18;-29528.1
0.128377;0.378839;0;-37593.6;-12401.5;-2753.48;-29714.8
0.123607;0.380423;0;-38691.3;-9855.9;-2770.78;-29901.5
0.118817;0.381946;0;-39037.1;-8346.55;-2742.39;-29595.1
0.114008;0.383409;0;-38558.1;-7891.59;-2660.12;-28707.3
0.109181;0.384811;0;-38079;-7436.44;-2577.81;-27819
0.104337;0.386153;0;-37599.7;-6981.18;-2495.49;-26930.6
0.099476;0.387433;0;-37120.4;-6525.86;-2413.15;-26042
0.0945996;0.388653;0;-36641;-6070.56;-2330.81;-25153.5
0.0897083;0.389811;0;-36161.8;-5615.36;-2248.49;-24265.1
0.0848028;0.390907;0;-35682.7;-5160.33;-2166.2;-23377.1
0.079884;0.391942;0;-35203.8;-4705.54;-2083.95;-22489.5
0.0749525;0.392915;0;-34725.2;-4251.05;-2001.76;-21602.4
0.0700092;0.393826;0;-34247.1;-3796.95;-1919.64;-20716.2
0.0650549;0.394674;0;-33769.3;-3343.3;-1837.59;-19830.8
0.0600902;0.395461;0;-33292.2;-2890.17;-1755.64;-18946.4
0.0551161;0.396185;0;-32815.6;-2437.65;-1673.8;-18063.1
0.0501333;0.396846;0;-30669.7;-1905.96;-1528.15;-16491.3
0.0451426;0.397445;0;-28426.1;-1310.03;-1373.21;-14819.3
0.0401447;0.39798;0;-26179.6;-713.534;-1218.1;-13145.4
0.0351405;0.398453;0;-23930.4;-116.565;-1062.83;-11469.8
0.0301307;0.398864;0;-21679.1;480.783;-907.441;-9792.85
0.0251162;0.399211;0;-19425.9;1078.41;-751.946;-8114.79
0.0200977;0.399495;0;-17171.2;1676.24;-596.372;-6435.88
0.0150761;0.399716;0;-14915.4;2274.15;-440.745;-4756.4
0.010052;0.399874;0;-12658.8;2872.07;-285.089;-3076.6
0.00502642;0.399968;0;-10401.7;3469.89;-129.429;-1396.76
2.44929e-17;0.4;0;-8144.56;4067.53;26.2121;282.874
-0.00502642;0.399968;0;-5887.7;4664.88;181.808;1962.02
-0.010052;0.399874;0;-3631.47;5261.86;337.335;3640.43
-0.0150761;0.399716;0;-1376.24;5858.36;492.768;5317.82
-0.0200977;0.399495;0;877.649;6454.3;648.083;6993.93
-0.0251162;0.399211;0;3129.83;7049.58;803.255;8668.5
-0.0301307;0.398864;0;5379.96;7644.11;958.26;10341.3
-0.0351405;0.398453;0;6421.81;8505.87;1109.26;11970.8
-0.0401447;0.39798;0;6338.13;9765;1236.91;13348.3
-0.0451426;0.397445;0;7077.17;10988.1;1345.05;14515.4
-0.0501333;0.396846;0;7815.76;12212.3;1453.29;15683.5
-0.0551161;0.396185;0;8553.76;13437.4;1561.61;16852.4
-0.0600902;0.395461;0;9291.07;14663.1;1669.99;18022
-0.0650549;0.394674;0;10027.6;15889.2;1778.41;19192.1
-0.0700092;0.393826;0;10763.1;17115.6;1886.86;20362.4
-0.0749525;0.392915;0;11497.7;18342.1;1995.32;21532.9
-0.079884;0.391942;0;12231;19568.5;2103.77;22703.3
-0.0848028;0.390907;0;12963.1;20794.5;2212.19;23873.4
-0.0897083;0.389811;0;13693.8;22020.1;2320.58;25043
-0.0945996;0.388653;0;14423;23244.9;2428.9;26212
-0.099476;0.387433;0;15150.5;24468.8;2537.15;27380.2
-0.104337;0.386153;0;15085;25250.4;2624.74;28325.5
-0.109181;0.384811;0;15046.4;25627.6;2650.92;28608
-0.114008;0.383409;0;16430.4;26315.8;2644.31;28536.7
-0.118817;0.381946;0;17813;27004.1;2637.71;28465.4
-0.123607;0.380423;0;19194.2;27692.3;2631.11;28394.2
-0.128377;0.378839;0;20573.7;28380.3;2624.52;28323.1
-0.133128;0.377196;0;21951.2;29068.1;2617.94;28252
-0.137857;0.375494;0;23326.6;29755.5;2611.37;28181.1
-0.142565;0.373732;0;24699.7;30442.4;2604.8;28110.3
-0.14725;0.371911;0;26070.1;31128.7;2598.26;28039.6
-0.151912;0.370031;0;27174.1;31760;2592.92;27982
-0.156549;0.368093;0;27836;32306.5;2589.6;27946.3
-0.161163;0.366096;0;28494.8;32852.1;2586.3;27910.7
-0.16575;0.364042;0;29150.5;33396.9;2583.02;27875.2
-0.170312;0.361931;0;29802.9;33940.7;2579.75;27839.9
-0.174846;0.359762;0;30206.5;33684.2;2539.56;27406.2
-0.179353;0.357537;0;27881;33358.4;2447.84;26416.4
-0.183832;0.355255;0;25552;33030.7;2356.05;25425.8
-0.188282;0.352916;0;23219.9;32701.2;2264.21;24434.8
-0.192701;0.350523;0;20885;32370;2172.34;23443.3
-0.197091;0.348074;0;18547.7;32037;2080.45;22451.6
-0.201449;0.345569;0;16208.4;31702.4;1988.55;21459.9
-0.205776;0.343011;0;13867.5;31366.2;1896.66;20468.2
-0.21007;0.340398;0;11525.2;31028.5;1804.79;19476.8
-0.214331;0.337731;0;9182.09;30689.2;1712.96;18485.8
-0.218558;0.335011;0;6838.4;30348.5;1621.18;17495.3
-0.22275;0.332238;0;4649.31;29859.4;1525.03;16457.6
-0.226908;0.329413;0;2871.12;28867.1;1412.29;15241
-0.231029;0.326536;0;3280.43;27952;1292.56;13948.9
-0.235114;0.323607;0;3708.81;27035;1171.16;12638.8
-0.239162;0.320627;0;4136.17;26116.4;1049.68;11327.8
-0.243172;0.317596;0;4562.45;25196.2;928.139;10016.2
-0.247144;0.314515;0;4987.59;24274.7;806.558;8704.15
-0.251077;0.311385;0;5411.51;23352;684.956;7391.85
-0.25497;0.308205;0;5834.16;22428.2;563.351;6079.52
-0.258822;0.304977;0;6255.46;21503.5;441.762;4767.37
-0.262634;0.301701;0;6675.34;20578;320.209;3455.61
-0.266405;0.298376;0;7093.75;19651.9;198.712;2144.44
-0.270133;0.295005;0;7510.61;18725.3;77.2882;834.073
-0.273819;0.291587;0;7925.86;17798.3;-44.0419;-475.287
-0.277461;0.288124;0;9588.7;18236;-160.648;-1733.66
-0.28106;0.284614;0;9254.87;17449.2;-271.124;-2925.89
-0.284614;0.28106;0;5292.98;14056.3;-375.748;-4054.97
-0.288124;0.277461;0;1328.98;10661.8;-480.42;-5184.56
-0.291587;0.273819;0;-2636.53;7266.31;-585.122;-6314.47
-0.295005;0.270133;0;-6602.92;3870.26;-689.837;-7444.53
-0.298376;0.266405;0;-10569.5;474.239;-794.55;-8574.56
-0.301701;0.262634;0;-14535.8;-2921.23;-899.244;-9704.38
-0.304977;0.258822;0;-18501;-6315.61;-1003.9;-10833.8
-0.308205;0.25497;0;-22464.7;-9708.37;-1108.51;-11962.7
-0.311385;0.251077;0;-26426;-13099;-1213.04;-13090.8
-0.314515;0.247144;0;-30384.5;-16486.9;-1317.49;-14218
-0.317596;0.243172;0;-32128.1;-17958.9;-1410.13;-15217.7
-0.320627;0.239162;0;-31153;-18425.8;-1475.25;-15920.5
-0.323607;0.235114;0;-30176.7;-18892;-1540.43;-16623.9
-0.326536;0.231029;0;-29199.3;-19357.3;-1605.65;-17327.7
-0.329413;0.226908;0;-28221;-19821.8;-1670.9;-18031.9
-0.332238;0.22275;0;-27242;-20285.3;-1736.17;-18736.3
-0.335011;0.218558;0;-26262.3;-20747.3;-1801.45;-19440.8
-0.337731;0.214331;0;-25165.7;-20995.2;-1866.21;-20139.6
-0.340398;0.21007;0;-24022.2;-21200.4;-1931.12;-20840.1
-0.343011;0.205776;0;-22878.1;-21404.7;-1996.02;-21540.5
-0.345569;0.201449;0;-21733.6;-21608.3;-2060.89;-22240.6
-0.348074;0.197091;0;-20588.8;-21810.9;-2125.74;-22940.4
-0.350523;0.192701;0;-19443.9;-22012.6;-2190.55;-23639.8
-0.352916;0.188282;0;-18299.1;-22213.4;-2255.3;-24338.6
-0.355255;0.183832;0;-18332.3;-22264.6;-2310.72;-24936.6
-0.357537;0.179353;0;-21031.7;-26620.5;-2341.27;-25266.3
-0.359762;0.174846;0;-23763;-31042.3;-2371.78;-25595.6
-0.361931;0.170312;0;-26495;-35463.4;-2402.31;-25925
-0.364042;0.16575;0;-29227.3;-39883;-2432.84;-26254.5
-0.366096;0.161163;0;-31959.5;-44300.4;-2463.37;-26584
-0.368093;0.156549;0;-34691;-48714.9;-2493.89;-26913.4
-0.370031;0.151912;0;-37421.6;-53125.9;-2524.4;-27242.7
-0.371911;0.14725;0;-40150.7;-57532.6;-2554.9;-27571.8
-0.373732;0.142565;0;-42878;-61934.3;-2585.38;-27900.7
-0.375494;0.137857;0;-45602.9;-66330.4;-2615.84;-28229.4
-0.377196;0.133128;0;-46873;-68730;-2644.58;-28539.6
-0.378839;0.128377;0;-46368.8;-68483.4;-2657.65;-28680.6
-0.380423;0.123607;0;-46335.7;-68839.1;-2667.93;-28791.6
-0.381946;0.118817;0;-46300.4;-69191.2;-2678.22;-28902.6
-0.383409;0.114008;0;-46263.1;-69539.6;-2688.52;-29013.7
-0.384811;0.109181;0;-46223.6;-69884.3;-2698.82;-29124.9
-0.386153;0.104337;0;-46182.1;-70225.3;-2709.12;-29236.1
-0.387433;0.099476;0;-46138.4;-70562.4;-2719.42;-29347.2
-0.388653;0.0945996;0;-46092.7;-70895.7;-2729.73;-29458.4
-0.389811;0.0897083;0;-46044.9;-71225;-2740.03;-29569.6
-0.390907;0.0848028;0;-45995;-71550.4;-2750.32;-29680.7
-0.391942;0.079884;0;-45943.1;-71871.7;-2760.61;-29791.8
-0.392915;0.0749525;0;-45889.1;-72189;-2770.9;-29902.7
-0.393826;0.0700092;0;-45833;-72502.1;-2781.17;-30013.6
-0.394674;0.0650549;0;-45813.1;-72848.8;-2791.34;-30123.4
-0.395461;0.0600902;0;-46434.8;-73852.5;-2793.9;-30151
-0.396185;0.0551161;0;-46781.6;-74632.2;-2795.57;-30169
-0.396846;0.0501333;0;-47127;-75407.8;-2797.23;-30187
-0.397445;0.0451426;0;-47471;-76179.4;-2798.9;-30204.9
-0.39798;0.0401447;0;-47813.5;-76946.7;-2800.56;-30222.9
-0.398453;0.0351405;0;-48104.6;-77570.1;-2802.18;-30240.3
-0.398864;0.0301307;0;-48332.6;-77998.9;-2803.74;-30257.1
-0.399211;0.0251162;0;-48542.6;-78370.4;-2805.28;-30273.8
-0.399495;0.0200977;0;-48751.2;-78737.2;-2806.82;-30290.4
-0.399716;0.0150761;0;-48958.2;-79099.1;-2808.36;-30307
-0.399874;0.010052;0;-49163.6;-79456.2;-2809.9;-30323.6
-0.399968;0.00502642;0;-49367.4;-79808.3;-2811.43;-30340.2
-0.4;4.89859e-17;0;-49569.6;-80155.4;-2812.96;-30356.7
-0.399968;-0.00502642;0;-49504.1;-80059.3;-2811.88;-30345
-0.399874;-0.010052;0;-49401.4;-79767.1;-2810.25;-30327.4
-0.399716;-0.0150761;0;-49297.1;-79470.3;-2808.62;-30309.8
-0.399495;-0.0200977;0;-49191.2;-79168.9;-2806.99;-30292.2
-0.399211;-0.0251162;0;-49083.8;-78863;-2805.35;-30274.6
-0.398864;-0.0301307;0;-48974.8;-78552.6;-2803.72;-30256.9
-0.398453;-0.0351405;0;-48864.3;-78237.7;-2802.08;-30239.3
-0.39798;-0.0401447;0;-48752.2;-77918.4;-2800.44;-30221.6
-0.397445;-0.0451426;0;-48638.7;-77594.7;-2798.8;-30203.9
-0.396846;-0.0501333;0;-48523.7;-77266.8;-2797.16;-30186.2
-0.396185;-0.0551161;0;-48407.2;-76934.5;-2795.52;-30168.5
-0.395461;-0.0600902;0;-48289.2;-76598.1;-2793.88;-30150.8
-0.394674;-0.0650549;0;-48161.6;-76233.6;-2792.23;-30133
-0.393826;-0.0700092;0;-47763.5;-75089.8;-2782.67;-30029.7
-0.392915;-0.0749525;0;-47345.8;-73896;-2772.8;-29923.3
-0.391942;-0.079884;0;-46926.5;-72698.8;-2762.93;-29816.8
-0.390907;-0.0848028;0;-46505.7;-71498.5;-2753.05;-29710.2
-0.389811;-0.0897083;0;-46083.5;-70295.1;-2743.16;-29603.5
-0.388653;-0.0945996;0;-45659.9;-69089;-2733.27;-29496.7
-0.387433;-0.099476;0;-45235.1;-67880.2;-2723.38;-29389.9
-0.386153;-0.104337;0;-44808.9;-66669.1;-2713.48;-29283.2
-0.384811;-0.109181;0;-44381.6;-65455.7;-2703.59;-29176.4
-0.383409;-0.114008;0;-43953.2;-64240.3;-2693.69;-29069.6
-0.381946;-0.118817;0;-43523.8;-63023.1;-2683.8;-28962.8
-0.380423;-0.123607;0;-43093.4;-61804.2;-2673.92;-28856.1
-0.378839;-0.128377;0;-42307.1;-60321.2;-2661.99;-28727.4
-0.377196;-0.133128;0;-38895;-56796.3;-2634.44;-28430.1
-0.375494;-0.137857;0;-35479;-53266;-2606.86;-28132.6
-0.373732;-0.142565;0;-32059.3;-49729.9;-2579.28;-27834.9
-0.371911;-0.14725;0;-28086.7;-44535.8;-2549.33;-27511.6
-0.370031;-0.151912;0;-24089.3;-39249.1;-2519.02;-27184.6
-0.368093;-0.156549;0;-20090.5;-33958.5;-2488.7;-26857.4
-0.366096;-0.161163;0;-16090.8;-28665.1;-2458.37;-26530
-0.364042;-0.16575;0;-12091;-23369.6;-2428.03;-26202.7
-0.361931;-0.170312;0;-8091.51;-18072.9;-2397.69;-25875.2
-0.359762;-0.174846;0;-4093.12;-12775.7;-2367.36;-25547.9
-0.357537;-0.179353;0;-96.4264;-7478.99;-2337.03;-25220.6
-0.355255;-0.183832;0;795.096;-6723.3;-2287.14;-24682.2
-0.352916;-0.188282;0;1584.55;-6113.28;-2235.58;-24125.7
-0.350523;-0.192701;0;357.482;-6485.97;-2177.89;-23503.2
-0.348074;-0.197091;0;-2344.81;-7590.41;-2114.21;-22815.9
-0.345569;-0.201449;0;-5047.85;-8694.44;-2050.49;-22128.3
-0.343011;-0.205776;0;-7751.19;-9797.91;-1986.76;-21440.5
-0.340398;-0.21007;0;-10454.4;-10900.6;-1923.01;-20752.6
-0.337731;-0.214331;0;-13157.1;-12002.4;-1859.27;-20064.7
-0.335011;-0.218558;0;-15858.8;-13103.1;-1795.54;-19377
-0.332238;-0.22275;0;-18559.1;-14202.5;-1731.83;-18689.4
-0.329413;-0.226908;0;-21257.6;-15300.5;-1668.15;-18002.2
-0.326536;-0.231029;0;-23763.8;-15632.7;-1603.91;-17308.9
-0.323607;-0.235114;0;-26282.8;-15857;-1538.95;-16608
-0.320627;-0.239162;0;-28800.4;-16080;-1474.04;-15907.4
-0.317596;-0.243172;0;-30992.1;-16236.9;-1407.2;-15186.2
-0.314515;-0.247144;0;-29854.3;-15402.5;-1312.08;-14159.6
-0.311385;-0.251077;0;-25355.6;-12023.4;-1207.58;-13031.8
-0.308205;-0.25497;0;-20854.3;-8641.34;-1102.98;-11903.1
-0.304977;-0.258822;0;-16351.1;-5256.84;-998.323;-10773.6
-0.301701;-0.262634;0;-11846.7;-1870.43;-893.607;-9643.56
-0.298376;-0.266405;0;-7341.86;1517.34;-788.855;-8513.1
-0.295005;-0.270133;0;-2837.21;4905.95;-684.083;-7382.43
-0.291587;-0.273819;0;1666.51;8294.86;-579.307;-6251.72
-0.288124;-0.277461;0;6168.57;11683.5;-474.544;-5121.14
-0.284614;-0.28106;0;10668.3;15071.4;-369.81;-3990.89
-0.28106;-0.284614;0;15164.9;18458;-265.123;-2861.13
-0.277461;-0.288124;0;14193.3;17095;-151.436;-1634.26
-0.273819;-0.291587;0;12571.1;15163;-34.7548;-375.064
-0.270133;-0.295005;0;12199.6;16068.2;83.8132;904.488
-0.266405;-0.298376;0;11931.8;17197.6;204.853;2210.72
-0.262634;-0.301701;0;11662.8;18326.5;325.954;3517.61
-0.258822;-0.304977;0;11392.6;19454.9;447.098;4824.96
-0.25497;-0.308205;0;11121.2;20582.6;568.265;6132.55
-0.251077;-0.311385;0;10848.7;21709.4;689.436;7440.2
-0.247144;-0.314515;0;10575.1;22835.1;810.592;8747.68
-0.243172;-0.317596;0;10300.5;23959.5;931.713;10054.8
-0.239162;-0.320627;0;10024.8;25082.5;1052.78;11361.3
-0.235114;-0.323607;0;9748.22;26203.9;1173.78;12667.1
-0.231029;-0.326536;0;9470.7;27323.5;1294.68;13971.8
-0.226908;-0.329413;0;9499.82;28716.7;1409.85;15214.7
-0.22275;-0.332238;0;9848.46;30444.8;1522.21;16427.2
-0.218558;-0.335011;0;11432.7;30789.3;1614.75;17425.9
-0.214331;-0.337731;0;13084.3;31093.6;1707.42;18426
-0.21007;-0.340398;0;14734.3;31397;1800.14;19426.6
-0.205776;-0.343011;0;16382.4;31699.4;1892.9;20427.6
-0.201449;-0.345569;0;18028.3;32000.9;1985.68;21428.9
-0.197091;-0.348074;0;19671.9;32301.3;2078.47;22430.2
-0.192701;-0.350523;0;21312.8;32600.6;2171.25;23431.5
-0.188282;-0.352916;0;22950.8;32898.8;2264.01;24432.6
-0.183832;-0.355255;0;24585.6;33195.8;2356.74;25433.3
-0.179353;-0.357537;0;26216.9;33491.6;2449.41;26433.4
-0.174846;-0.359762;0;27844.6;33786.1;2542.02;27432.8
-0.170312;-0.361931;0;27695.7;34265.9;2590.13;27952
-0.16575;-0.364042;0;27636.2;33647.6;2600.62;28065.2
-0.161163;-0.366096;0;27625.9;32921.4;2608.1;28145.9
-0.156549;-0.368093;0;27613.1;32194.5;2615.6;28226.8
-0.151912;-0.370031;0;27597.9;31466.9;2623.11;28307.8
-0.14725;-0.371911;0;27580.4;30738.8;2630.62;28389
-0.142565;-0.373732;0;27560.4;30010.3;2638.15;28470.2
-0.137857;-0.375494;0;27538;29281.5;2645.69;28551.5
-0.133128;-0.377196;0;27513.2;28552.5;2653.23;28632.9
-0.128377;-0.378839;0;27486;27823.5;2660.78;28714.4
-0.123607;-0.380423;0;27456.4;27094.5;2668.34;28796
-0.118817;-0.381946;0;27424.5;26365.8;2675.9;28877.5
-0.114008;-0.383409;0;27390.1;25637.3;2683.46;28959.2
-0.109181;-0.384811;0;27457.8;24894.9;2688.7;29015.7
-0.104337;-0.386153;0;28404.1;22953.6;2601.76;28077.5
-0.099476;-0.387433;0;28986.9;20857.3;2508.43;27070.3
-0.0945996;-0.388653;0;29567.8;18759.6;2415.06;26062.6
-0.0897083;-0.389811;0;30146.7;16660.8;2321.65;25054.6
-0.0848028;-0.390907;0;30676.9;14557.4;2228.44;24048.7
-0.079884;-0.391942;0;31069.6;12460.6;2135.43;23045
-0.0749525;-0.392915;0;31436.1;10367;2042.44;22041.4
-0.0700092;-0.393826;0;31800.1;8274.2;1949.46;21038
-0.0650549;-0.394674;0;32161.3;6182.44;1856.51;20035
-0.0600902;-0.395461;0;32519.8;4092.09;1763.62;19032.5
-0.0551161;-0.396185;0;32875.6;2003.47;1670.79;18030.7
-0.0501333;-0.396846;0;31944.3;887.07;1532.04;16533.3
-0.0451426;-0.397445;0;30195.2;24.5028;1378.17;14872.8
-0.0401447;-0.39798;0;28443.7;-837.924;1224.22;13211.4
-0.0351405;-0.398453;0;26689.8;-1700.07;1070.2;11549.3
-0.0301307;-0.398864;0;24776.3;-2483.01;916.488;9890.49
-0.0251162;-0.399211;0;22828.4;-3247.55;762.432;8227.95
-0.0200977;-0.399495;0;20879.7;-4011.63;608.366;6565.32
-0.0150761;-0.399716;0;18930.5;-4775.16;454.315;4902.83
-0.010052;-0.399874;0;16981.1;-5537.99;300.302;3240.77
-0.00502642;-0.399968;0;15031.8;-6300.02;146.352;1579.39
-7.34788e-17;-0.4;0;13082.9;-7061.12;-7.51027;-81.0488
0.00502642;-0.399968;0;10729.7;-7571.68;-159.047;-1716.39
0.010052;-0.399874;0;7377.87;-7507.81;-308.56;-3329.89
0.0150761;-0.399716;0;4022.41;-7443.32;-458.196;-4944.72
0.0200977;-0.399495;0;663.896;-7378.2;-607.933;-6560.64
0.0251162;-0.399211;0;-2697.16;-7312.47;-757.746;-8177.39
0.0301307;-0.398864;0;-6060.21;-7246.14;-907.613;-9794.7
0.0351405;-0.398453;0;-9424.74;-7179.22;-1057.51;-11412.3
0.0401447;-0.39798;0;-12790.2;-7111.72;-1207.41;-13030
0.0451426;-0.397445;0;-16156.1;-7043.65;-1357.29;-14647.5
0.0501333;-0.396846;0;-19521.9;-6975.02;-1507.14;-16264.6
0.0551161;-0.396185;0;-20411.1;-7988.38;-1655;-17860.3
0.0600902;-0.395461;0;-21264;-9021.52;-1803.36;-19461.3
0.0650549;-0.394674;0;-24128.6;-9019.54;-1889.23;-20388
0.0700092;-0.393826;0;-27133.2;-8970.8;-1973.75;-21300.1
0.0749525;-0.392915;0;-30136.8;-8922.42;-2058.28;-22212.4
0.079884;-0.391942;0;-33138.9;-8874.4;-2142.81;-23124.7
0.0848028;-0.390907;0;-35153.3;-9086.52;-2224.85;-24009.9
0.0897083;-0.389811;0;-36276;-9556.78;-2306.67;-24892.9
0.0945996;-0.388653;0;-37397.3;-10027.7;-2388.51;-25776.1
0.099476;-0.387433;0;-38516.9;-10499.2;-2470.35;-26659.3
0.104337;-0.386153;0;-39634.7;-10971.1;-2552.19;-27542.5
0.109181;-0.384811;0;-40750.5;-11443.5;-2634;-28425.4
0.114008;-0.383409;0;-41864;-11916.2;-2715.78;-29307.9
0.118817;-0.381946;0;-41750.1;-13091.7;-2736.09;-29527.1
0.123607;-0.380423;0;-40958.3;-14700.3;-2722.87;-29384.4
0.128377;-0.378839;0;-40165;-16310;-2709.65;-29241.7
0.133128;-0.377196;0;-39370.1;-17920.7;-2696.42;-29099
0.137857;-0.375494;0;-38573.9;-19532;-2683.2;-28956.3
0.142565;-0.373732;0;-37776.5;-21143.7;-2669.97;-28813.6
0.14725;-0.371911;0;-36977.9;-22755.5;-2656.75;-28670.9
0.151912;-0.370031;0;-36178.4;-24367.2;-2643.54;-28528.4
0.156549;-0.368093;0;-35378;-25978.6;-2630.34;-28385.9
0.161163;-0.366096;0;-34576.8;-27589.3;-2617.14;-28243.5
0.16575;-0.364042;0;-33775;-29199.1;-2603.96;-28101.2
0.170312;-0.361931;0;-32906.9;-30343.3;-2584.06;-27886.4
0.174846;-0.359762;0;-31729.8;-30826.4;-2540.02;-27411.1
0.179353;-0.357537;0;-29985.1;-30876.2;-2446.97;-26407.1
0.183832;-0.355255;0;-28237.3;-30926;-2353.87;-25402.4
0.188282;-0.352916;0;-26486.7;-30975.6;-2260.73;-24397.2
0.192701;-0.350523;0;-24733.6;-31025.1;-2167.56;-23391.7
0.197091;-0.348074;0;-22978.1;-31074.4;-2074.38;-22386.1
0.201449;-0.345569;0;-21220.7;-31123.7;-1981.2;-21380.6
0.205776;-0.343011;0;-19461.6;-31172.8;-1888.04;-20375.2
0.21007;-0.340398;0;-17701;-31221.7;-1794.9;-19370.1
0.214331;-0.337731;0;-15939.2;-31270.5;-1701.82;-18365.5
0.218558;-0.335011;0;-14176.6;-31319.1;-1608.79;-17361.6
0.22275;-0.332238;0;-12413.3;-31367.6;-1515.84;-16358.5
0.226908;-0.329413;0;-12064.8;-30323.1;-1410.1;-15217.4
0.231029;-0.326536;0;-12114.3;-29548.4;-1288.54;-13905.6
0.235114;-0.323607;0;-12163.1;-28772.3;-1166.89;-12592.7
0.239162;-0.320627;0;-12211;-27995.1;-1045.15;-11279
0.243172;-0.317596;0;-12258.2;-27216.8;-923.357;-9964.61
0.247144;-0.314515;0;-12304.6;-26437.5;-801.52;-8649.78
0.251077;-0.311385;0;-12350.1;-25657.4;-679.661;-7334.71
0.25497;-0.308205;0;-12394.9;-24876.6;-557.799;-6019.61
0.258822;-0.304977;0;-12438.8;-24095.2;-435.953;-4704.68
0.262634;-0.301701;0;-12481.9;-23313.4;-314.143;-3390.15
0.266405;-0.298376;0;-12524.2;-22531.2;-192.389;-2076.2
0.270133;-0.295005;0;-12565.7;-21748.8;-70.7081;-763.062
0.273819;-0.291587;0;-12606.2;-20966.3;50.879;549.072
0.277461;-0.288124;0;-12527.3;-20567.4;171.006;1845.45
0.28106;-0.284614;0;-9985.86;-18611.6;278.502;3005.52
0.284614;-0.28106;0;-6493.96;-15473.4;382.206;4124.66
0.288124;-0.277461;0;-2998.58;-12333.9;485.965;5244.39
0.291587;-0.273819;0;499.722;-9193.32;589.761;6364.53
0.295005;-0.270133;0;4000.4;-6052.32;693.579;7484.91
0.298376;-0.266405;0;7502.9;-2911.38;797.402;8605.34
0.301701;-0.262634;0;11006.7;229.034;901.214;9725.64
0.304977;-0.258822;0;14511.1;3368.41;1005;10845.7
0.308205;-0.25497;0;18015.8;6506.25;1108.74;11965.2
0.311385;-0.251077;0;21520;9642.07;1212.42;13084.1
0.314515;-0.247144;0;25023.3;12775.4;1316.02;14202.1
0.317596;-0.243172;0;26354.2;14380;1413.54;15254.5
0.320627;-0.239162;0;26141.5;15371.2;1478.55;15956.1
0.323607;-0.235114;0;25927.7;16361.5;1543.62;16658.3
0.326536;-0.231029;0;25712.7;17350.6;1608.73;17361
0.329413;-0.226908;0;25496.5;18338.5;1673.88;18064
0.332238;-0.22275;0;25279.3;19325;1739.05;18767.4
0.335011;-0.218558;0;25061;20310;1804.24;19470.8
0.337731;-0.214331;0;24841.7;21293.2;1869.43;20174.4
0.340398;-0.21007;0;24621.4;22274.6;1934.61;20877.8
0.343011;-0.205776;0;24400.1;23253.9;1999.78;21581.1
0.345569;-0.201449;0;24177.9;24231.1;2064.92;22284.1
0.348074;-0.197091;0;23954.8;25205.9;2130.03;22986.7
0.350523;-0.192701;0;23730.8;26178.2;2195.09;23688.7
0.352916;-0.188282;0;23506;27147.9;2260.08;24390.2
0.355255;-0.183832;0;24364.9;29349.4;2309.08;24918.9
0.357537;-0.179353;0;25299.5;31450.7;2339.12;25243.2
0.359762;-0.174846;0;26235.1;33553;2369.18;25567.6
0.361931;-0.170312;0;27185.1;35384.9;2397.75;25875.8
0.364042;-0.16575;0;28136.8;37117.1;2426.09;26181.7
0.366096;-0.161163;0;29088.8;38847.8;2454.43;26487.6
0.368093;-0.156549;0;30040.9;40576.5;2482.78;26793.5
0.370031;-0.151912;0;30993.1;42303.1;2511.13;27099.4
0.371911;-0.14725;0;31945.1;44027.2;2539.47;27405.3
0.373732;-0.142565;0;32896.8;45748.7;2567.8;27711
0.375494;-0.137857;0;33848;47467.2;2596.12;28016.6
0.377196;-0.133128;0;34798.7;49182.4;2624.42;28322
0.378839;-0.128377;0;35340;50387.9;2652.76;28627.9
0.380423;-0.123607;0;34923.2;50632.4;2676.54;28884.5
0.381946;-0.118817;0;33560.4;50561.4;2686.03;28986.9
0.383409;-0.114008;0;32196.2;50487.9;2695.52;29089.3
0.384811;-0.109181;0;30830.8;50412.1;2705.01;29191.7
0.386153;-0.104337;0;29399.2;50056.1;2714.05;29289.3
0.387433;-0.099476;0;27774.1;49208.3;2722.32;29378.6
0.388653;-0.0945996;0;26148.1;48360.7;2730.6;29467.9
0.389811;-0.0897083;0;24521.4;47513.3;2738.88;29557.2
0.390907;-0.0848028;0;22894.4;46666.4;2747.16;29646.6
0.391942;-0.079884;0;21267.1;45820;2755.44;29735.9
0.392915;-0.0749525;0;19640;44974.3;2763.71;29825.2
0.393826;-0.0700092;0;18013.3;44129.4;2771.98;29914.5
0.394674;-0.0650549;0;16387.2;43285.5;2780.25;30003.7
0.395461;-0.0600902;0;14762;42442.7;2788.51;30092.9
0.396185;-0.0551161;0;13822.6;42378.4;2792.64;30137.3
0.396846;-0.0501333;0;13155.2;42666.1;2795.05;30163.4
0.397445;-0.0451426;0;12487.6;42954.6;2797.46;30189.4
0.39798;-0.0401447;0;11774.1;43813.4;2799.07;30206.8
0.398453;-0.0351405;0;10995;45234.2;2800;30216.8
0.398864;-0.0301307;0;10215.5;46655.8;2800.93;30226.8
0.399211;-0.0251162;0;9435.73;48077.9;2801.86;30236.9
0.399495;-0.0200977;0;8655.74;49500.3;2802.79;30246.9
0.399716;-0.0150761;0;7875.68;50922.8;2803.72;30257
0.399874;-0.010052;0;7095.68;52345.3;2804.65;30267
0.399968;-0.00502642;0;6315.87;53767.3;2805.59;30277.1
