0.4;0;0;4819.47;25467.8;2806.5;30287
0.399968;0.00502642;0;4564.23;25550.2;2805.5;30276.2
0.399874;0.010052;0;4303.82;25634.2;2804.49;30265.2
0.399716;0.0150761;0;4043.33;25718.3;2803.47;30254.3
0.399495;0.0200977;0;3782.79;25802.4;2802.45;30243.3
0.399211;0.0251162;0;3522.26;25886.4;2801.44;30232.3
0.398864;0.0301307;0;3261.76;25970.5;2800.42;30221.4
0.398453;0.0351405;0;3001.34;26054.4;2799.4;30210.4
0.39798;0.0401447;0;2741.05;26138.4;2798.39;30199.4
0.397445;0.0451426;0;2382.01;26096.5;2796.28;30176.7
0.396846;0.0501333;0;1972.79;25998.3;2793.6;30147.8
0.396185;0.0551161;0;1563.7;25900.1;2790.92;30118.9
0.395461;0.0600902;0;1154.79;25801.9;2788.25;30090
0.394674;0.0650549;0;1299.59;25877.3;2780.85;30010.1
0.393826;0.0700092;0;1523.8;25978.7;2772.56;29920.6
0.392915;0.0749525;0;1748.13;26080;2764.26;29831.1
0.391942;0.079884;0;1972.53;26181.2;2755.96;29741.6
0.390907;0.0848028;0;2196.98;26282.4;2747.66;29652
0.389811;0.0897083;0;2421.44;26383.5;2739.36;29562.4
0.388653;0.0945996;0;2645.87;26484.4;2731.06;29472.8
0.387433;0.099476;0;2870.24;26585.3;2722.76;29383.3
0.386153;0.104337;0;3093.77;26663.3;2714.04;29289.2
0.384811;0.109181;0;3323.67;26698.6;2703.86;29179.3
0.383409;0.114008;0;3553.5;26733.7;2693.69;29069.5
0.381946;0.118817;0;3783.23;26768.9;2683.51;28959.7
0.380423;0.123607;0;4012.82;26804;2673.33;28849.9
0.378839;0.128377;0;3978.99;26651.7;2650.32;28601.6
0.377196;0.133128;0;3812.32;26400.5;2620.11;28275.5
0.375494;0.137857;0;3619.88;26204.2;2591.78;27969.8
0.373732;0.142565;0;3427.08;26008.6;2563.47;27664.2
0.371911;0.14725;0;3234.19;25812.8;2535.14;27358.5
0.370031;0.151912;0;3041.23;25616.9;2506.8;27052.7
0.368093;0.156549;0;2848.23;25420.8;2478.46;26746.8
0.366096;0.161163;0;2655.23;25224.7;2450.11;26440.9
0.364042;0.16575;0;2462.26;25028.6;2421.77;26135.1
0.361931;0.170312;0;2269.34;24832.4;2393.44;25829.3
0.359762;0.174846;0;2076.51;24636.3;2365.12;25523.7
0.357537;0.179353;0;1883.79;24440.2;2336.81;25218.2
0.355255;0.183832;0;1691.23;24244.1;2308.52;24912.9
0.352916;0.188282;0;1620.49;23744.3;2260.85;24398.5
0.350523;0.192701;0;1578.79;23015.3;2195.69;23695.3
0.348074;0.197091;0;1537.12;22285.5;2130.47;22991.4
0.345569;0.201449;0;1495.51;21555.2;2065.2;22287.1
0.343011;0.205776;0;1453.94;20824.4;1999.9;21582.3
0.340398;0.21007;0;1412.43;20093.1;1934.57;20877.3
0.337731;0.214331;0;1370.99;19361.7;1869.22;20172.1
0.335011;0.218558;0;1329.62;18630;1803.87;19466.9
0.332238;0.22275;0;1288.33;17898.4;1738.52;18761.7
0.329413;0.226908;0;1247.12;17166.8;1673.19;18056.6
0.326536;0.231029;0;1206;16435.4;1607.88;17351.8
0.323607;0.235114;0;1166.96;15701.6;1542.57;16647
0.320627;0.239162;0;1132.77;14958.6;1477.14;15940.9
0.317596;0.243172;0;1098.79;14215.8;1411.77;15235.4
0.314515;0.247144;0;1046.88;13263;1322.45;14271.5
0.311385;0.251077;0;982.311;12159.5;1218.85;13153.5
0.308205;0.25497;0;917.884;11055.1;1115.17;12034.6
0.304977;0.258822;0;854.698;9949.29;1011.38;10914.5
0.301701;0.262634;0;793.789;8841.49;907.441;9792.84
0.298376;0.266405;0;732.524;7733.11;803.403;8670.1
0.295005;0.270133;0;670.749;6624.12;699.243;7546.03
0.291587;0.273819;0;608.931;5515.23;595.084;6421.98
0.288124;0.277461;0;547.078;4406.61;490.944;5298.13
0.284614;0.28106;0;485.201;3298.43;386.839;4174.66
0.28106;0.284614;0;423.308;2190.87;282.785;3051.74
0.277461;0.288124;0;357.795;1090.75;176.654;1906.4
0.273819;0.291587;0;176.401;-76.4227;55.3972;597.831
0.270133;0.295005;0;-5.11545;-1244.57;-65.9718;-711.95
0.266405;0.298376;0;-186.727;-2413.5;-187.434;-2022.74
0.262634;0.301701;0;-368.403;-3583.05;-308.971;-3334.33
0.258822;0.304977;0;-550.117;-4753.01;-430.564;-4646.52
0.25497;0.308205;0;-731.838;-5923.21;-552.192;-5959.1
0.251077;0.311385;0;-912.649;-7091.88;-673.925;-7272.81
0.247144;0.314515;0;-1093.15;-8259.98;-795.686;-8586.82
0.243172;0.317596;0;-1272.18;-9425.56;-917.589;-9902.36
0.239162;0.320627;0;-1451.09;-10590.6;-1039.45;-11217.5
0.235114;0.323607;0;-1629.84;-11755;-1161.26;-12532
0.231029;0.326536;0;-1808.42;-12918.4;-1282.99;-13845.7
0.226908;0.329413;0;-1986.79;-14080.8;-1404.63;-15158.4
0.22275;0.332238;0;-2161.14;-15075.9;-1510.77;-16303.8
0.218558;0.335011;0;-2340.3;-15926.8;-1602.76;-17296.5
0.214331;0.337731;0;-2519.48;-16778.1;-1694.83;-18290.1
0.21007;0.340398;0;-2698.65;-17629.8;-1786.96;-19284.3
0.205776;0.343011;0;-2877.78;-18481.7;-1879.14;-20279.1
0.201449;0.345569;0;-3056.85;-19333.7;-1971.35;-21274.2
0.197091;0.348074;0;-3235.83;-20185.6;-2063.58;-22269.6
0.192701;0.350523;0;-3414.68;-21037.3;-2155.81;-23264.9
0.188282;0.352916;0;-3593.39;-21888.7;-2248.04;-24260.2
0.183832;0.355255;0;-3771.91;-22739.6;-2340.24;-25255.2
0.179353;0.357537;0;-3950.24;-23589.9;-2432.39;-26249.7
0.174846;0.359762;0;-4128.32;-24439.5;-2524.5;-27243.7
0.170312;0.361931;0;-4410.74;-25094.5;-2597.61;-28032.7
0.16575;0.364042;0;-4672.87;-25022.8;-2615.24;-28222.9
0.161163;0.366096;0;-4920.88;-24938.6;-2632.48;-28409
0.156549;0.368093;0;-5169.14;-24854.3;-2649.73;-28595.2
0.151912;0.370031;0;-5417.6;-24769.9;-2667;-28781.6
0.14725;0.371911;0;-5666.23;-24685.5;-2684.29;-28968.1
0.142565;0.373732;0;-5914.99;-24601;-2701.58;-29154.7
0.137857;0.375494;0;-6163.83;-24516.5;-2718.88;-29341.3
0.133128;0.377196;0;-6412.72;-24432;-2736.18;-29528.1
0.128377;0.378839;0;-6661.63;-24347.5;-2753.48;-29714.8
0.123607;0.380423;0;-6910.5;-24262.9;-2770.78;-29901.5
0.118817;0.381946;0;-6960.25;-23906.7;-2742.39;-29595.1
0.114008;0.383409;0;-6789.84;-23215.3;-2660.12;-28707.3
0.109181;0.384811;0;-6619.36;-22523.5;-2577.81;-27819
0.104337;0.386153;0;-6448.85;-21831.6;-2495.49;-26930.6
0.099476;0.387433;0;-6278.32;-21139.6;-2413.15;-26042
0.0945996;0.388653;0;-6107.81;-20447.6;-2330.81;-25153.5
0.0897083;0.389811;0;-5937.34;-19755.7;-2248.49;-24265.1
0.0848028;0.390907;0;-5766.93;-19064.1;-2166.2;-23377.1
0.079884;0.391942;0;-5596.62;-18372.8;-2083.95;-22489.5
0.0749525;0.392915;0;-5426.44;-17682;-2001.76;-21602.4
0.0700092;0.393826;0;-5256.4;-16991.8;-1919.64;-20716.2
0.0650549;0.394674;0;-5086.53;-16302.2;-1837.59;-19830.8
0.0600902;0.395461;0;-4916.87;-15613.5;-1755.64;-18946.4
0.0551161;0.396185;0;-4747.44;-14925.6;-1673.8;-18063.1
0.0501333;0.396846;0;-4361.09;-13512.8;-1528.15;-16491.3
0.0451426;0.397445;0;-3917.16;-11986.8;-1373.21;-14819.3
0.0401447;0.39798;0;-3472.72;-10459.1;-1218.1;-13145.4
0.0351405;0.398453;0;-3027.85;-8929.98;-1062.83;-11469.8
0.0301307;0.398864;0;-2582.62;-7399.64;-907.441;-9792.85
0.0251162;0.399211;0;-2137.09;-5868.34;-751.946;-8114.79
0.0200977;0.399495;0;-1691.34;-4336.3;-596.372;-6435.88
0.0150761;0.399716;0;-1245.44;-2803.78;-440.745;-4756.4
0.010052;0.399874;0;-799.462;-1271.01;-285.089;-3076.6
0.00502642;0.399968;0;-353.47;261.757;-129.429;-1396.76
2.44929e-17;0.4;0;92.4625;1794.28;26.2121;282.874
-0.00502642;0.399968;0;538.265;3326.33;181.808;1962.02
-0.010052;0.399874;0;983.868;4857.65;337.335;3640.43
-0.0150761;0.399716;0;1429.2;6388.01;492.768;5317.82
-0.0200977;0.399495;0;1874.19;7917.15;648.083;6993.93
-0.0251162;0.399211;0;2318.77;9444.85;803.255;8668.5
-0.0301307;0.398864;0;2762.87;10970.9;958.26;10341.3
-0.0351405;0.398453;0;3171.84;12425.8;1109.26;11970.8
-0.0401447;0.39798;0;3382.27;13622.1;1236.91;13348.3
-0.0451426;0.397445;0;3438.99;14653.8;1345.05;14515.4
-0.0501333;0.396846;0;3495.81;15686.2;1453.29;15683.5
-0.0551161;0.396185;0;3552.72;16719.1;1561.61;16852.4
-0.0600902;0.395461;0;3609.7;17752.5;1669.99;18022
-0.0650549;0.394674;0;3666.76;18786.1;1778.41;19192.1
-0.0700092;0.393826;0;3723.89;19819.8;1886.86;20362.4
-0.0749525;0.392915;0;3781.07;20853.4;1995.32;21532.9
-0.079884;0.391942;0;3838.29;21886.8;2103.77;22703.3
-0.0848028;0.390907;0;3895.55;22919.8;2212.19;23873.4
-0.0897083;0.389811;0;3952.84;23952.2;2320.58;25043
-0.0945996;0.388653;0;4010.14;24983.8;2428.9;26212
-0.099476;0.387433;0;4067.45;26014.6;2537.15;27380.2
-0.104337;0.386153;0;4143.37;26803.6;2624.74;28325.5
-0.109181;0.384811;0;4159.89;26923.3;2650.92;28608
-0.114008;0.383409;0;4077.15;26719.9;2644.31;28536.7
-0.118817;0.381946;0;3994.47;26516.4;2637.71;28465.4
-0.123607;0.380423;0;3911.86;26312.6;2631.11;28394.2
-0.128377;0.378839;0;3829.33;26108.7;2624.52;28323.1
-0.133128;0.377196;0;3746.89;25904.6;2617.94;28252
-0.137857;0.375494;0;3664.55;25700.4;2611.37;28181.1
-0.142565;0.373732;0;3582.34;25496.2;2604.8;28110.3
-0.14725;0.371911;0;3500.26;25291.9;2598.26;28039.6
-0.151912;0.370031;0;3429.03;25077.3;2592.92;27982
-0.156549;0.368093;0;3368.8;24835;2589.6;27946.3
-0.161163;0.366096;0;3308.63;24592.6;2586.3;27910.7
-0.16575;0.364042;0;3248.53;24350.1;2583.02;27875.2
-0.170312;0.361931;0;3188.5;24107.6;2579.75;27839.9
-0.174846;0.359762;0;3058.56;23797.4;2539.56;27406.2
-0.179353;0.357537;0;3036.49;22990.8;2447.84;26416.4
-0.183832;0.355255;0;3014.27;22183.5;2356.05;25425.8
-0.188282;0.352916;0;2991.9;21375.8;2264.21;24434.8
-0.192701;0.350523;0;2969.38;20567.7;2172.34;23443.3
-0.197091;0.348074;0;2946.71;19759.3;2080.45;22451.6
-0.201449;0.345569;0;2923.9;18950.9;1988.55;21459.9
-0.205776;0.343011;0;2900.96;18142.4;1896.66;20468.2
-0.21007;0.340398;0;2877.88;17334.1;1804.79;19476.8
-0.214331;0.337731;0;2854.67;16526.1;1712.96;18485.8
-0.218558;0.335011;0;2831.33;15718.4;1621.18;17495.3
-0.22275;0.332238;0;2788.37;14812.7;1525.03;16457.6
-0.226908;0.329413;0;2680.3;13569.4;1412.29;15241
-0.231029;0.326536;0;2353;12450.9;1292.56;13948.9
-0.235114;0.323607;0;2021.63;11318.2;1171.16;12638.8
-0.239162;0.320627;0;1690;10184.6;1049.68;11327.8
-0.243172;0.317596;0;1358.15;9050.33;928.139;10016.2
-0.247144;0.314515;0;1026.15;7915.53;806.558;8704.15
-0.251077;0.311385;0;694.038;6780.41;684.956;7391.85
-0.25497;0.308205;0;361.873;5645.13;563.351;6079.52
-0.258822;0.304977;0;29.7056;4509.89;441.762;4767.37
-0.262634;0.301701;0;-302.411;3374.85;320.209;3455.61
-0.266405;0.298376;0;-634.425;2240.2;198.712;2144.44
-0.270133;0.295005;0;-966.283;1106.11;77.2882;834.073
-0.273819;0.291587;0;-1297.93;-27.2303;-44.0419;-475.287
-0.277461;0.288124;0;-1542.25;-881.064;-160.648;-1733.66
-0.28106;0.284614;0;-1645.47;-1760.79;-271.124;-2925.89
-0.284614;0.28106;0;-1601.38;-2854.3;-375.748;-4054.97
-0.288124;0.277461;0;-1557.31;-3948.25;-480.42;-5184.56
-0.291587;0.273819;0;-1513.29;-5042.48;-585.122;-6314.47
-0.295005;0.270133;0;-1469.3;-6136.8;-689.837;-7444.53
-0.298376;0.266405;0;-1425.38;-7231.04;-794.55;-8574.56
-0.301701;0.262634;0;-1381.51;-8325.03;-899.244;-9704.38
-0.304977;0.258822;0;-1337.7;-9418.6;-1003.9;-10833.8
-0.308205;0.25497;0;-1293.97;-10511.6;-1108.51;-11962.7
-0.311385;0.251077;0;-1250.32;-11603.8;-1213.04;-13090.8
-0.314515;0.247144;0;-1206.75;-12695.1;-1317.49;-14218
-0.317596;0.243172;0;-1240.51;-13637.1;-1410.13;-15217.7
-0.320627;0.239162;0;-1356.62;-14351.8;-1475.25;-15920.5
-0.323607;0.235114;0;-1472.88;-15066.9;-1540.43;-16623.9
-0.326536;0.231029;0;-1589.29;-15782.5;-1605.65;-17327.7
-0.329413;0.226908;0;-1705.82;-16498.3;-1670.9;-18031.9
-0.332238;0.22275;0;-1822.45;-17214.3;-1736.17;-18736.3
-0.335011;0.218558;0;-1939.2;-17930.2;-1801.45;-19440.8
-0.337731;0.214331;0;-2067.83;-18631.6;-1866.21;-20139.6
-0.340398;0.21007;0;-2199.6;-19335.5;-1931.12;-20840.1
-0.343011;0.205776;0;-2331.41;-20039.3;-1996.02;-21540.5
-0.345569;0.201449;0;-2463.23;-20742.9;-2060.89;-22240.6
-0.348074;0.197091;0;-2595.04;-21446.2;-2125.74;-22940.4
-0.350523;0.192701;0;-2726.82;-22149.1;-2190.55;-23639.8
-0.352916;0.188282;0;-2858.54;-22851.4;-2255.3;-24338.6
-0.355255;0.183832;0;-2913.25;-23371.5;-2310.72;-24936.6
-0.357537;0.179353;0;-2848.86;-23643.4;-2341.27;-25266.3
-0.359762;0.174846;0;-2783.5;-23915.5;-2371.78;-25595.6
-0.361931;0.170312;0;-2718.13;-24187.6;-2402.31;-25925
-0.364042;0.16575;0;-2652.76;-24459.6;-2432.84;-26254.5
-0.366096;0.161163;0;-2587.4;-24731.4;-2463.37;-26584
-0.368093;0.156549;0;-2522.06;-25003.2;-2493.89;-26913.4
-0.370031;0.151912;0;-2456.76;-25274.7;-2524.4;-27242.7
-0.371911;0.14725;0;-2391.5;-25546;-2554.9;-27571.8
-0.373732;0.142565;0;-2326.28;-25817.1;-2585.38;-27900.7
-0.375494;0.137857;0;-2261.13;-26087.8;-2615.84;-28229.4
-0.377196;0.133128;0;-2213.08;-26338.3;-2644.58;-28539.6
-0.378839;0.128377;0;-2151.57;-26477;-2657.65;-28680.6
-0.380423;0.123607;0;-2075.38;-26601.5;-2667.93;-28791.6
-0.381946;0.118817;0;-1999.18;-26726;-2678.22;-28902.6
-0.383409;0.114008;0;-1922.98;-26850.5;-2688.52;-29013.7
-0.384811;0.109181;0;-1846.79;-26975;-2698.82;-29124.9
-0.386153;0.104337;0;-1770.62;-27099.4;-2709.12;-29236.1
-0.387433;0.099476;0;-1694.48;-27223.8;-2719.42;-29347.2
-0.388653;0.0945996;0;-1618.4;-27348.1;-2729.73;-29458.4
-0.389811;0.0897083;0;-1542.37;-27472.3;-2740.03;-29569.6
-0.390907;0.0848028;0;-1466.41;-27596.4;-2750.32;-29680.7
-0.391942;0.079884;0;-1390.53;-27720.4;-2760.61;-29791.8
-0.392915;0.0749525;0;-1314.75;-27844.2;-2770.9;-29902.7
-0.393826;0.0700092;0;-1239.08;-27967.8;-2781.17;-30013.6
-0.394674;0.0650549;0;-1163.74;-28091.6;-2791.34;-30123.4
-0.395461;0.0600902;0;-1134.21;-28135.6;-2793.9;-30151
-0.396185;0.0551161;0;-1113.46;-28155.9;-2795.57;-30169
-0.396846;0.0501333;0;-1092.76;-28176.1;-2797.23;-30187
-0.397445;0.0451426;0;-1072.11;-28196.2;-2798.9;-30204.9
-0.39798;0.0401447;0;-1051.51;-28216.3;-2800.56;-30222.9
-0.398453;0.0351405;0;-1032.79;-28234.5;-2802.18;-30240.3
-0.398864;0.0301307;0;-1014.11;-28244.7;-2803.74;-30257.1
-0.399211;0.0251162;0;-995.178;-28252.1;-2805.28;-30273.8
-0.399495;0.0200977;0;-976.234;-28259.2;-2806.82;-30290.4
-0.399716;0.0150761;0;-957.276;-28266;-2808.36;-30307
-0.399874;0.010052;0;-938.309;-28272.7;-2809.9;-30323.6
-0.399968;0.00502642;0;-919.334;-28279;-2811.43;-30340.2
-0.4;4.89859e-17;0;-900.355;-28285.2;-2812.96;-30356.7
-0.399968;-0.00502642;0;-926.842;-28287.5;-2811.88;-30345
-0.399874;-0.010052;0;-957.34;-28291;-2810.25;-30327.4
-0.399716;-0.0150761;0;-987.854;-28294.2;-2808.62;-30309.8
-0.399495;-0.0200977;0;-1018.38;-28297.2;-2806.99;-30292.2
-0.399211;-0.0251162;0;-1048.91;-28300;-2805.35;-30274.6
-0.398864;-0.0301307;0;-1079.45;-28302.5;-2803.72;-30256.9
-0.398453;-0.0351405;0;-1109.99;-28304.8;-2802.08;-30239.3
-0.39798;-0.0401447;0;-1140.51;-28306.8;-2800.44;-30221.6
-0.397445;-0.0451426;0;-1171.03;-28308.6;-2798.8;-30203.9
-0.396846;-0.0501333;0;-1201.53;-28310.2;-2797.16;-30186.2
-0.396185;-0.0551161;0;-1232;-28311.5;-2795.52;-30168.5
-0.395461;-0.0600902;0;-1262.45;-28312.5;-2793.88;-30150.8
-0.394674;-0.0650549;0;-1293.01;-28312.5;-2792.23;-30133
-0.393826;-0.0700092;0;-1317.01;-28172.2;-2782.67;-30029.7
-0.392915;-0.0749525;0;-1341.58;-28025.7;-2772.8;-29923.3
-0.391942;-0.079884;0;-1366.29;-27879;-2762.93;-29816.8
-0.390907;-0.0848028;0;-1391.14;-27731.9;-2753.05;-29710.2
-0.389811;-0.0897083;0;-1416.11;-27584.6;-2743.16;-29603.5
-0.388653;-0.0945996;0;-1441.2;-27437.1;-2733.27;-29496.7
-0.387433;-0.099476;0;-1466.41;-27289.3;-2723.38;-29389.9
-0.386153;-0.104337;0;-1491.74;-27141.3;-2713.48;-29283.2
-0.384811;-0.109181;0;-1517.18;-26993.2;-2703.59;-29176.4
-0.383409;-0.114008;0;-1542.72;-26844.9;-2693.69;-29069.6
-0.381946;-0.118817;0;-1568.37;-26696.5;-2683.8;-28962.8
-0.380423;-0.123607;0;-1594.12;-26547.9;-2673.92;-28856.1
-0.378839;-0.128377;0;-1628.25;-26394.6;-2661.99;-28727.4
-0.377196;-0.133128;0;-1726.56;-26191.7;-2634.44;-28430.1
-0.375494;-0.137857;0;-1825.08;-25988.5;-2606.86;-28132.6
-0.373732;-0.142565;0;-1923.85;-25784.8;-2579.28;-27834.9
-0.371911;-0.14725;0;-2066.94;-25485.6;-2549.33;-27511.6
-0.370031;-0.151912;0;-2210.48;-25183.1;-2519.02;-27184.6
-0.368093;-0.156549;0;-2354.05;-24880.5;-2488.7;-26857.4
-0.366096;-0.161163;0;-2497.64;-24577.8;-2458.37;-26530
-0.364042;-0.16575;0;-2641.23;-24275;-2428.03;-26202.7
-0.361931;-0.170312;0;-2784.78;-23972.2;-2397.69;-25875.2
-0.359762;-0.174846;0;-2928.29;-23669.4;-2367.36;-25547.9
-0.357537;-0.179353;0;-3071.72;-23366.8;-2337.03;-25220.6
-0.355255;-0.183832;0;-3102.32;-22793.2;-2287.14;-24682.2
-0.352916;-0.188282;0;-3129.09;-22198.8;-2235.58;-24125.7
-0.350523;-0.192701;0;-3107.29;-21553.2;-2177.89;-23503.2
-0.348074;-0.197091;0;-3050.72;-20853.1;-2114.21;-22815.9
-0.345569;-0.201449;0;-2994.13;-20152.6;-2050.49;-22128.3
-0.343011;-0.205776;0;-2937.51;-19451.9;-1986.76;-21440.5
-0.340398;-0.21007;0;-2880.87;-18751;-1923.01;-20752.6
-0.337731;-0.214331;0;-2824.23;-18050.2;-1859.27;-20064.7
-0.335011;-0.218558;0;-2767.59;-17349.5;-1795.54;-19377
-0.332238;-0.22275;0;-2710.96;-16649;-1731.83;-18689.4
-0.329413;-0.226908;0;-2654.36;-15948.9;-1668.15;-18002.2
-0.326536;-0.231029;0;-2596.22;-15203;-1603.91;-17308.9
-0.323607;-0.235114;0;-2537.68;-14441;-1538.95;-16608
-0.320627;-0.239162;0;-2479.18;-13679.4;-1474.04;-15907.4
-0.317596;-0.243172;0;-2428.3;-12928.2;-1407.2;-15186.2
-0.314515;-0.247144;0;-2431.66;-12163.4;-1312.08;-14159.6
-0.311385;-0.251077;0;-2302.52;-11236.2;-1207.58;-13031.8
-0.308205;-0.25497;0;-2173.38;-10308.1;-1102.98;-11903.1
-0.304977;-0.258822;0;-2044.25;-9379.45;-998.323;-10773.6
-0.301701;-0.262634;0;-1915.17;-8450.28;-893.607;-9643.56
-0.298376;-0.266405;0;-1786.14;-7520.77;-788.855;-8513.1
-0.295005;-0.270133;0;-1657.19;-6591.07;-684.083;-7382.43
-0.291587;-0.273819;0;-1528.34;-5661.32;-579.307;-6251.72
-0.288124;-0.277461;0;-1399.61;-4731.67;-474.544;-5121.14
-0.284614;-0.28106;0;-1271.02;-3802.26;-369.81;-3990.89
-0.28106;-0.284614;0;-1142.59;-2873.25;-265.123;-2861.13
-0.277461;-0.288124;0;-740.866;-1919.29;-151.436;-1634.26
-0.273819;-0.291587;0;-301.226;-945.941;-34.7548;-375.064
-0.270133;-0.295005;0;-156.686;299.112;83.8132;904.488
-0.266405;-0.298376;0;-29.2794;1587.96;204.853;2210.72
-0.262634;-0.301701;0;98.2399;2877.39;325.954;3517.61
-0.258822;-0.304977;0;225.852;4167.21;447.098;4824.96
-0.25497;-0.308205;0;353.536;5457.21;568.265;6132.55
-0.251077;-0.311385;0;481.273;6747.18;689.436;7440.2
-0.247144;-0.314515;0;609.042;8036.93;810.592;8747.68
-0.243172;-0.317596;0;736.823;9326.24;931.713;10054.8
-0.239162;-0.320627;0;864.596;10614.9;1052.78;11361.3
-0.235114;-0.323607;0;992.341;11902.8;1173.78;12667.1
-0.231029;-0.326536;0;1120.04;13189.6;1294.68;13971.8
-0.226908;-0.329413;0;1152.9;14310.8;1409.85;15214.7
-0.22275;-0.332238;0;1076.72;15272.4;1522.21;16427.2
-0.218558;-0.335011;0;1434.55;16043.4;1614.75;17425.9
-0.214331;-0.337731;0;1811.22;16815.4;1707.42;18426
-0.21007;-0.340398;0;2187.94;17587.6;1800.14;19426.6
-0.205776;-0.343011;0;2564.65;18360;1892.9;20427.6
-0.201449;-0.345569;0;2941.27;19132.3;1985.68;21428.9
-0.197091;-0.348074;0;3317.75;19904.5;2078.47;22430.2
-0.192701;-0.350523;0;3694.04;20676.4;2171.25;23431.5
-0.188282;-0.352916;0;4070.08;21448;2264.01;24432.6
-0.183832;-0.355255;0;4445.79;22219.1;2356.74;25433.3
-0.179353;-0.357537;0;4821.14;22989.5;2449.41;26433.4
-0.174846;-0.359762;0;5196.04;23759.2;2542.02;27432.8
-0.170312;-0.361931;0;5579.01;24154.4;2590.13;27952
-0.16575;-0.364042;0;5519.32;24191;2600.62;28065.2
-0.161163;-0.366096;0;5416.75;24199;2608.1;28145.9
-0.156549;-0.368093;0;5314.19;24207;2615.6;28226.8
-0.151912;-0.370031;0;5211.67;24214.9;2623.11;28307.8
-0.14725;-0.371911;0;5109.19;24222.8;2630.62;28389
-0.142565;-0.373732;0;5006.77;24230.6;2638.15;28470.2
-0.137857;-0.375494;0;4904.44;24238.4;2645.69;28551.5
-0.133128;-0.377196;0;4802.2;24246;2653.23;28632.9
-0.128377;-0.378839;0;4700.08;24253.7;2660.78;28714.4
-0.123607;-0.380423;0;4598.08;24261.2;2668.34;28796
-0.118817;-0.381946;0;4496.23;24268.7;2675.9;28877.5
-0.114008;-0.383409;0;4394.54;24276.1;2683.46;28959.2
-0.109181;-0.384811;0;4283.47;24272.9;2688.7;29015.7
-0.104337;-0.386153;0;4146.91;23771.4;2601.76;28077.5
-0.099476;-0.387433;0;4057.63;23225.7;2508.43;27070.3
-0.0945996;-0.388653;0;3968.18;22679.5;2415.06;26062.6
-0.0897083;-0.389811;0;3878.57;22133.1;2321.65;25054.6
-0.0848028;-0.390907;0;3786.29;21584.1;2228.44;24048.7
-0.079884;-0.391942;0;3697.71;21026.6;2135.43;23045
-0.0749525;-0.392915;0;3610.95;20467.4;2042.44;22041.4
-0.0700092;-0.393826;0;3524.38;19908.2;1949.46;21038
-0.0650549;-0.394674;0;3438.02;19349;1856.51;20035
-0.0600902;-0.395461;0;3351.88;18789.9;1763.62;19032.5
-0.0551161;-0.396185;0;3265.97;18231.1;1670.79;18030.7
-0.0501333;-0.396846;0;3048.14;16881.4;1532.04;16533.3
-0.0451426;-0.397445;0;2907.05;15190;1378.17;14872.8
-0.0401447;-0.39798;0;2765.75;13497.6;1224.22;13211.4
-0.0351405;-0.398453;0;2624.27;11804.6;1070.2;11549.3
-0.0301307;-0.398864;0;2467.98;10113.8;916.488;9890.49
-0.0251162;-0.399211;0;2307.7;8419.35;762.432;8227.95
-0.0200977;-0.399495;0;2147.33;6724.81;608.366;6565.32
-0.0150761;-0.399716;0;1986.89;5030.44;454.315;4902.83
-0.010052;-0.399874;0;1826.4;3336.5;300.302;3240.77
-0.00502642;-0.399968;0;1665.88;1643.26;146.352;1579.39
-7.34788e-17;-0.4;0;1505.37;-49.0072;-7.51027;-81.0488
0.00502642;-0.399968;0;1252.2;-1678.81;-159.047;-1716.39
0.010052;-0.399874;0;776.609;-3199.25;-308.56;-3329.89
0.0150761;-0.399716;0;300.514;-4720.93;-458.196;-4944.72
0.0200977;-0.399495;0;-176.01;-6243.62;-607.933;-6560.64
0.0251162;-0.399211;0;-652.888;-7767.07;-757.746;-8177.39
0.0301307;-0.398864;0;-1130.05;-9291.06;-907.613;-9794.7
0.0351405;-0.398453;0;-1607.41;-10815.3;-1057.51;-11412.3
0.0401447;-0.39798;0;-2084.9;-12339.7;-1207.41;-13030
0.0451426;-0.397445;0;-2562.44;-13863.8;-1357.29;-14647.5
0.0501333;-0.396846;0;-3039.96;-15387.5;-1507.14;-16264.6
0.0551161;-0.396185;0;-3231.76;-16674;-1655;-17860.3
0.0600902;-0.395461;0;-3419.76;-17961;-1803.36;-19461.3
0.0650549;-0.394674;0;-3865.18;-18831.6;-1889.23;-20388
0.0700092;-0.393826;0;-4329.86;-19698.5;-1973.75;-21300.1
0.0749525;-0.392915;0;-4794.44;-20565.2;-2058.28;-22212.4
0.079884;-0.391942;0;-5258.85;-21431.8;-2142.81;-23124.7
0.0848028;-0.390907;0;-5616.58;-22187.1;-2224.85;-24009.9
0.0897083;-0.389811;0;-5882.01;-22861.2;-2306.67;-24892.9
0.0945996;-0.388653;0;-6147.33;-23535.4;-2388.51;-25776.1
0.099476;-0.387433;0;-6412.49;-24209.4;-2470.35;-26659.3
0.104337;-0.386153;0;-6677.45;-24883.3;-2552.19;-27542.5
0.109181;-0.384811;0;-6942.16;-25557;-2634;-28425.4
0.114008;-0.383409;0;-7206.6;-26230.2;-2715.78;-29307.9
0.118817;-0.381946;0;-7177.24;-26399;-2736.09;-29527.1
0.123607;-0.380423;0;-6984;-26293.4;-2722.87;-29384.4
0.128377;-0.378839;0;-6790.56;-26187.6;-2709.65;-29241.7
0.133128;-0.377196;0;-6596.93;-26081.7;-2696.42;-29099
0.137857;-0.375494;0;-6403.15;-25975.8;-2683.2;-28956.3
0.142565;-0.373732;0;-6209.25;-25869.9;-2669.97;-28813.6
0.14725;-0.371911;0;-6015.26;-25763.8;-2656.75;-28670.9
0.151912;-0.370031;0;-5821.21;-25657.8;-2643.54;-28528.4
0.156549;-0.368093;0;-5627.14;-25551.8;-2630.34;-28385.9
0.161163;-0.366096;0;-5433.06;-25445.7;-2617.14;-28243.5
0.16575;-0.364042;0;-5239.02;-25339.7;-2603.96;-28101.2
0.170312;-0.361931;0;-5165.98;-25163.5;-2584.06;-27886.4
0.174846;-0.359762;0;-5142.86;-24750.1;-2540.02;-27411.1
0.179353;-0.357537;0;-4873.4;-23876.3;-2446.97;-26407.1
0.183832;-0.355255;0;-4603.83;-23001.9;-2353.87;-25402.4
0.188282;-0.352916;0;-4334.21;-22126.9;-2260.73;-24397.2
0.192701;-0.350523;0;-4064.56;-21251.5;-2167.56;-23391.7
0.197091;-0.348074;0;-3794.93;-20375.9;-2074.38;-22386.1
0.201449;-0.345569;0;-3525.38;-19500.1;-1981.2;-21380.6
0.205776;-0.343011;0;-3255.93;-18624.3;-1888.04;-20375.2
0.21007;-0.340398;0;-2986.63;-17748.7;-1794.9;-19370.1
0.214331;-0.337731;0;-2717.52;-16873.4;-1701.82;-18365.5
0.218558;-0.335011;0;-2448.66;-15998.5;-1608.79;-17361.6
0.22275;-0.332238;0;-2180.07;-15124.2;-1515.84;-16358.5
0.226908;-0.329413;0;-1835.07;-14116;-1410.1;-15217.4
0.231029;-0.326536;0;-1598.21;-12940.9;-1288.54;-13905.6
0.235114;-0.323607;0;-1361.14;-11764.7;-1166.89;-12592.7
0.239162;-0.320627;0;-1123.9;-10587.6;-1045.15;-11279
0.243172;-0.317596;0;-886.524;-9409.84;-923.357;-9964.61
0.247144;-0.314515;0;-649.049;-8231.59;-801.52;-8649.78
0.251077;-0.311385;0;-411.514;-7053.03;-679.661;-7334.71
0.25497;-0.308205;0;-173.955;-5874.34;-557.799;-6019.61
0.258822;-0.304977;0;63.5889;-4695.72;-435.953;-4704.68
0.262634;-0.301701;0;301.081;-3517.35;-314.143;-3390.15
0.266405;-0.298376;0;538.484;-2339.41;-192.389;-2076.2
0.270133;-0.295005;0;775.76;-1162.09;-70.7081;-763.062
0.273819;-0.291587;0;1012.87;14.4286;50.879;549.072
0.277461;-0.288124;0;1207.71;1168.57;171.006;1845.45
0.28106;-0.284614;0;1274.66;2193.25;278.502;3005.52
0.284614;-0.28106;0;1337.53;3187.48;382.206;4124.66
0.288124;-0.277461;0;1400.33;4182.38;485.965;5244.39
0.291587;-0.273819;0;1463.06;5177.79;589.761;6364.53
0.295005;-0.270133;0;1525.7;6173.55;693.579;7484.91
0.298376;-0.266405;0;1588.25;7169.5;797.402;8605.34
0.301701;-0.262634;0;1650.7;8165.48;901.214;9725.64
0.304977;-0.258822;0;1713.04;9161.35;1005;10845.7
0.308205;-0.25497;0;1775.25;10156.9;1108.74;11965.2
0.311385;-0.251077;0;1837.33;11152.1;1212.42;13084.1
0.314515;-0.247144;0;1899.27;12146.6;1316.02;14202.1
0.317596;-0.243172;0;2055.48;13058.3;1413.54;15254.5
0.320627;-0.239162;0;2010.95;13720;1478.55;15956.1
0.323607;-0.235114;0;1966.48;14382.3;1543.62;16658.3
0.326536;-0.231029;0;1922.08;15045.1;1608.73;17361
0.329413;-0.226908;0;1877.75;15708.2;1673.88;18064
0.332238;-0.22275;0;1833.51;16371.7;1739.05;18767.4
0.335011;-0.218558;0;1789.36;17035.4;1804.24;19470.8
0.337731;-0.214331;0;1745.3;17699.2;1869.43;20174.4
0.340398;-0.21007;0;1701.35;18363;1934.61;20877.8
0.343011;-0.205776;0;1657.5;19026.6;1999.78;21581.1
0.345569;-0.201449;0;1613.77;19690;2064.92;22284.1
0.348074;-0.197091;0;1570.17;20353.1;2130.03;22986.7
0.350523;-0.192701;0;1526.7;21015.8;2195.09;23688.7
0.352916;-0.188282;0;1483.36;21677.9;2260.08;24390.2
0.355255;-0.183832;0;1396.42;22194.3;2309.08;24918.9
0.357537;-0.179353;0;1339.17;22621.9;2339.12;25243.2
0.359762;-0.174846;0;1281.94;23049.7;2369.18;25567.6
0.361931;-0.170312;0;1236.52;23441.5;2397.75;25875.8
0.364042;-0.16575;0;1194.88;23822.6;2426.09;26181.7
0.366096;-0.161163;0;1153.3;24203.7;2454.43;26487.6
0.368093;-0.156549;0;1111.8;24584.5;2482.78;26793.5
0.370031;-0.151912;0;1070.37;24965.2;2511.13;27099.4
0.371911;-0.14725;0;1029.02;25345.6;2539.47;27405.3
0.373732;-0.142565;0;987.762;25725.7;2567.8;27711
0.375494;-0.137857;0;946.6;26105.4;2596.12;28016.6
0.377196;-0.133128;0;905.54;26484.6;2624.42;28322
0.378839;-0.128377;0;871.819;26817.5;2652.76;28627.9
0.380423;-0.123607;0;900.332;27034.9;2676.54;28884.5
0.381946;-0.118817;0;1098.93;27141.1;2686.03;28986.9
0.383409;-0.114008;0;1297.7;27247.2;2695.52;29089.3
0.384811;-0.109181;0;1496.61;27353.2;2705.01;29191.7
0.386153;-0.104337;0;1695.93;27416.9;2714.05;29289.3
0.387433;-0.099476;0;1898.02;27388.5;2722.32;29378.6
0.388653;-0.0945996;0;2100.18;27360;2730.6;29467.9
0.389811;-0.0897083;0;2302.37;27331.4;2738.88;29557.2
0.390907;-0.0848028;0;2504.58;27302.7;2747.16;29646.6
0.391942;-0.079884;0;2706.75;27273.9;2755.44;29735.9
0.392915;-0.0749525;0;2908.88;27245.2;2763.71;29825.2
0.393826;-0.0700092;0;3110.91;27216.3;2771.98;29914.5
0.394674;-0.0650549;0;3312.82;27187.4;2780.25;30003.7
0.395461;-0.0600902;0;3514.58;27158.4;2788.51;30092.9
0.396185;-0.0551161;0;3576.29;27062.9;2792.64;30137.3
0.396846;-0.0501333;0;3576.9;26933;2795.05;30163.4
0.397445;-0.0451426;0;3577.49;26803;2797.46;30189.4
0.39798;-0.0401447;0;3649.41;26663.8;2799.07;30206.8
0.398453;-0.0351405;0;3795.93;26514.1;2800;30216.8
0.398864;-0.0301307;0;3942.52;26364.4;2800.93;30226.8
0.399211;-0.0251162;0;4089.15;26214.5;2801.86;30236.9
0.399495;-0.0200977;0;4235.8;26064.6;2802.79;30246.9
0.399716;-0.0150761;0;4382.45;25914.7;2803.72;30257
0.399874;-0.010052;0;4529.07;25764.8;2804.65;30267
0.399968;-0.00502642;0;4675.64;25614.9;2805.59;30277.1
