0.4;0;0;2333.91;26864.6;2806.5;30287
0.399968;0.00502642;0;2275.8;26815;2805.5;30276.2
0.399874;0.010052;0;2216.52;26764.4;2804.49;30265.2
0.399716;0.0150761;0;2157.22;26713.8;2803.47;30254.3
0.399495;0.0200977;0;2097.91;26663.2;2802.45;30243.3
0.399211;0.0251162;0;2038.61;26612.6;2801.44;30232.3
0.398864;0.0301307;0;1979.31;26562;2800.42;30221.4
0.398453;0.0351405;0;1920.04;26511.4;2799.4;30210.4
0.39798;0.0401447;0;1860.81;26460.8;2798.39;30199.4
0.397445;0.0451426;0;1861.29;26382.5;2796.28;30176.7
0.396846;0.0501333;0;1888.97;26291.8;2793.6;30147.8
0.396185;0.0551161;0;1916.71;26201.2;2790.92;30118.9
0.395461;0.0600902;0;1944.5;26110.7;2788.25;30090
0.394674;0.0650549;0;2098.86;26063.5;2780.85;30010.1
0.393826;0.0700092;0;2275.6;26020.5;2772.56;29920.6
0.392915;0.0749525;0;2452.48;25977.5;2764.26;29831.1
0.391942;0.079884;0;2629.47;25934.5;2755.96;29741.6
0.390907;0.0848028;0;2806.53;25891.5;2747.66;29652
0.389811;0.0897083;0;2983.65;25848.6;2739.36;29562.4
0.388653;0.0945996;0;3160.78;25805.7;2731.06;29472.8
0.387433;0.099476;0;3337.92;25762.9;2722.76;29383.3
0.386153;0.104337;0;3529.65;25723.2;2714.04;29289.2
0.384811;0.109181;0;3761.55;25684.4;2703.86;29179.3
0.383409;0.114008;0;3993.44;25645.7;2693.69;29069.5
0.381946;0.118817;0;4225.26;25606.9;2683.51;28959.7
0.380423;0.123607;0;4457;25568.1;2673.33;28849.9
0.378839;0.128377;0;4458.73;25379.5;2650.32;28601.6
0.377196;0.133128;0;4345.73;25109.5;2620.11;28275.5
0.375494;0.137857;0;4265.2;24874.8;2591.78;27969.8
0.373732;0.142565;0;4185.1;24640.4;2563.47;27664.2
0.371911;0.14725;0;4104.97;24406;2535.14;27358.5
0.370031;0.151912;0;4024.82;24171.4;2506.8;27052.7
0.368093;0.156549;0;3944.66;23936.7;2478.46;26746.8
0.366096;0.161163;0;3864.49;23702.1;2450.11;26440.9
0.364042;0.16575;0;3784.34;23467.4;2421.77;26135.1
0.361931;0.170312;0;3704.22;23232.7;2393.44;25829.3
0.359762;0.174846;0;3624.14;22998.1;2365.12;25523.7
0.357537;0.179353;0;3544.11;22763.7;2336.81;25218.2
0.355255;0.183832;0;3464.15;22529.3;2308.52;24912.9
0.352916;0.188282;0;3425.21;22038.4;2260.85;24398.5
0.350523;0.192701;0;3394.4;21355.9;2195.69;23695.3
0.348074;0.197091;0;3363.59;20672.7;2130.47;22991.4
0.345569;0.201449;0;3332.78;19989;2065.2;22287.1
0.343011;0.205776;0;3301.99;19304.8;1999.9;21582.3
0.340398;0.21007;0;3271.21;18620.3;1934.57;20877.3
0.337731;0.214331;0;3240.46;17935.6;1869.22;20172.1
0.335011;0.218558;0;3209.73;17250.7;1803.87;19466.9
0.332238;0.22275;0;3179.04;16565.9;1738.52;18761.7
0.329413;0.226908;0;3148.38;15881.1;1673.19;18056.6
0.326536;0.231029;0;3117.76;15196.5;1607.88;17351.8
0.323607;0.235114;0;3087.94;14510.3;1542.57;16647
0.320627;0.239162;0;3059.54;13819.2;1477.14;15940.9
0.317596;0.243172;0;3031.21;13128.5;1411.77;15235.4
0.314515;0.247144;0;2972.12;12225.6;1322.45;14271.5
0.311385;0.251077;0;2895.05;11184.7;1218.85;13153.5
0.308205;0.25497;0;2817.97;10143.1;1115.17;12034.6
0.304977;0.258822;0;2741.11;9100.27;1011.38;10914.5
0.301701;0.262634;0;2664.7;8055.8;907.441;9792.84
0.298376;0.266405;0;2588.06;7010.2;803.403;8670.1
0.295005;0.270133;0;2511.11;5963.18;699.243;7546.03
0.291587;0.273819;0;2434.14;4916.16;595.084;6421.98
0.288124;0.277461;0;2357.17;3869.3;490.944;5298.13
0.284614;0.28106;0;2280.19;2822.78;386.839;4174.66
0.28106;0.284614;0;2203.23;1776.75;282.785;3051.74
0.277461;0.288124;0;2106.03;736.737;176.654;1906.4
0.273819;0.291587;0;1916.09;-383.574;55.3972;597.831
0.270133;0.295005;0;1725.93;-1504.87;-65.9718;-711.95
0.266405;0.298376;0;1535.58;-2626.97;-187.434;-2022.74
0.262634;0.301701;0;1345.09;-3749.71;-308.971;-3334.33
0.258822;0.304977;0;1154.47;-4872.9;-430.564;-4646.52
0.25497;0.308205;0;963.759;-5996.36;-552.192;-5959.1
0.251077;0.311385;0;772.03;-7119.48;-673.925;-7272.81
0.247144;0.314515;0;580.092;-8242.62;-795.686;-8586.82
0.243172;0.317596;0;387.56;-9366.68;-917.589;-9902.36
0.239162;0.320627;0;195.073;-10490.4;-1039.45;-11217.5
0.235114;0.323607;0;2.66259;-11613.5;-1161.26;-12532
0.231029;0.326536;0;-189.642;-12736;-1282.99;-13845.7
0.226908;0.329413;0;-381.811;-13857.5;-1404.63;-15158.4
0.22275;0.332238;0;-592.612;-14823.3;-1510.77;-16303.8
0.218558;0.335011;0;-806.27;-15644.5;-1602.76;-17296.5
0.214331;0.337731;0;-1020.18;-16466.5;-1694.83;-18290.1
0.21007;0.340398;0;-1234.29;-17289;-1786.96;-19284.3
0.205776;0.343011;0;-1448.59;-18111.9;-1879.14;-20279.1
0.201449;0.345569;0;-1663.04;-18935.2;-1971.35;-21274.2
0.197091;0.348074;0;-1877.6;-19758.5;-2063.58;-22269.6
0.192701;0.350523;0;-2092.23;-20581.9;-2155.81;-23264.9
0.188282;0.352916;0;-2306.91;-21405.2;-2248.04;-24260.2
0.183832;0.355255;0;-2521.6;-22228.3;-2340.24;-25255.2
0.179353;0.357537;0;-2736.27;-23051;-2432.39;-26249.7
0.174846;0.359762;0;-2950.88;-23873.2;-2524.5;-27243.7
0.170312;0.361931;0;-3182.43;-24520.7;-2597.61;-28032.7
0.16575;0.364042;0;-3522.68;-24578.7;-2615.24;-28222.9
0.161163;0.366096;0;-3867.32;-24628.4;-2632.48;-28409
0.156549;0.368093;0;-4212.3;-24678.2;-2649.73;-28595.2
0.151912;0.370031;0;-4557.58;-24728.1;-2667;-28781.6
0.14725;0.371911;0;-4903.1;-24777.9;-2684.29;-28968.1
0.142565;0.373732;0;-5248.8;-24827.8;-2701.58;-29154.7
0.137857;0.375494;0;-5594.63;-24877.7;-2718.88;-29341.3
0.133128;0.377196;0;-5940.54;-24927.6;-2736.18;-29528.1
0.128377;0.378839;0;-6286.46;-24977.5;-2753.48;-29714.8
0.123607;0.380423;0;-6632.36;-25027.5;-2770.78;-29901.5
0.118817;0.381946;0;-6713.55;-24701.2;-2742.39;-29595.1
0.114008;0.383409;0;-6501.88;-23924.4;-2660.12;-28707.3
0.109181;0.384811;0;-6290.11;-23147.4;-2577.81;-27819
0.104337;0.386153;0;-6078.28;-22370.1;-2495.49;-26930.6
0.099476;0.387433;0;-5866.43;-21592.7;-2413.15;-26042
0.0945996;0.388653;0;-5654.59;-20815.3;-2330.81;-25153.5
0.0897083;0.389811;0;-5442.79;-20038.1;-2248.49;-24265.1
0.0848028;0.390907;0;-5231.07;-19261.2;-2166.2;-23377.1
0.079884;0.391942;0;-5019.45;-18484.7;-2083.95;-22489.5
0.0749525;0.392915;0;-4807.97;-17708.7;-2001.76;-21602.4
0.0700092;0.393826;0;-4596.67;-16933.3;-1919.64;-20716.2
0.0650549;0.394674;0;-4385.58;-16158.7;-1837.59;-19830.8
0.0600902;0.395461;0;-4174.73;-15385;-1755.64;-18946.4
0.0551161;0.396185;0;-3964.16;-14612.3;-1673.8;-18063.1
0.0501333;0.396846;0;-3611.16;-13257.4;-1528.15;-16491.3
0.0451426;0.397445;0;-3234.5;-11799.5;-1373.21;-14819.3
0.0401447;0.39798;0;-2857.42;-10340;-1218.1;-13145.4
0.0351405;0.398453;0;-2479.97;-8879.04;-1062.83;-11469.8
0.0301307;0.398864;0;-2102.22;-7416.95;-907.441;-9792.85
0.0251162;0.399211;0;-1724.23;-5953.92;-751.946;-8114.79
0.0200977;0.399495;0;-1346.05;-4490.19;-596.372;-6435.88
0.0150761;0.399716;0;-967.75;-3025.99;-440.745;-4756.4
0.010052;0.399874;0;-589.385;-1561.56;-285.089;-3076.6
0.00502642;0.399968;0;-211.016;-97.1124;-129.429;-1396.76
2.44929e-17;0.4;0;167.299;1367.11;26.2121;282.874
-0.00502642;0.399968;0;545.498;2830.87;181.808;1962.02
-0.010052;0.399874;0;923.522;4293.95;337.335;3640.43
-0.0150761;0.399716;0;1301.31;5756.11;492.768;5317.82
-0.0200977;0.399495;0;1678.81;7217.12;648.083;6993.93
-0.0251162;0.399211;0;2055.95;8676.75;803.255;8668.5
-0.0301307;0.398864;0;2432.68;10134.8;958.26;10341.3
-0.0351405;0.398453;0;2794.59;11555.1;1109.26;11970.8
-0.0401447;0.39798;0;2992.9;12750.8;1236.91;13348.3
-0.0451426;0.397445;0;3040.71;13760.6;1345.05;14515.4
-0.0501333;0.396846;0;3088.63;14771.3;1453.29;15683.5
-0.0551161;0.396185;0;3136.64;15782.6;1561.61;16852.4
-0.0600902;0.395461;0;3184.75;16794.4;1669.99;18022
-0.0650549;0.394674;0;3232.93;17806.5;1778.41;19192.1
-0.0700092;0.393826;0;3281.18;18818.8;1886.86;20362.4
-0.0749525;0.392915;0;3329.5;19831;1995.32;21532.9
-0.079884;0.391942;0;3377.87;20843.1;2103.77;22703.3
-0.0848028;0.390907;0;3426.3;21854.8;2212.19;23873.4
-0.0897083;0.389811;0;3474.77;22866.1;2320.58;25043
-0.0945996;0.388653;0;3523.27;23876.7;2428.9;26212
-0.099476;0.387433;0;3571.8;24886.6;2537.15;27380.2
-0.104337;0.386153;0;3655.07;25674.5;2624.74;28325.5
-0.109181;0.384811;0;3669.03;25840.6;2650.92;28608
-0.114008;0.383409;0;3544.72;25699.9;2644.31;28536.7
-0.118817;0.381946;0;3420.48;25559.1;2637.71;28465.4
-0.123607;0.380423;0;3296.32;25418.2;2631.11;28394.2
-0.128377;0.378839;0;3172.27;25277.2;2624.52;28323.1
-0.133128;0.377196;0;3048.34;25136.2;2617.94;28252
-0.137857;0.375494;0;2924.56;24995.1;2611.37;28181.1
-0.142565;0.373732;0;2800.94;24854.1;2604.8;28110.3
-0.14725;0.371911;0;2677.51;24713.1;2598.26;28039.6
-0.151912;0.370031;0;2572.19;24573.6;2592.92;27982
-0.156549;0.368093;0;2495.09;24438.6;2589.6;27946.3
-0.161163;0.366096;0;2418.19;24303.8;2586.3;27910.7
-0.16575;0.364042;0;2341.51;24169.1;2583.02;27875.2
-0.170312;0.361931;0;2265.06;24034.5;2579.75;27839.9
-0.174846;0.359762;0;2154.97;23682.2;2539.56;27406.2
-0.179353;0.357537;0;2119.05;22890.5;2447.84;26416.4
-0.183832;0.355255;0;2083.2;22098.2;2356.05;25425.8
-0.188282;0.352916;0;2047.45;21305.6;2264.21;24434.8
-0.192701;0.350523;0;2011.78;20512.7;2172.34;23443.3
-0.197091;0.348074;0;1976.21;19719.7;2080.45;22451.6
-0.201449;0.345569;0;1940.74;18926.7;1988.55;21459.9
-0.205776;0.343011;0;1905.38;18133.8;1896.66;20468.2
-0.21007;0.340398;0;1870.13;17341.1;1804.79;19476.8
-0.214331;0.337731;0;1835;16548.8;1712.96;18485.8
-0.218558;0.335011;0;1800;15757;1621.18;17495.3
-0.22275;0.332238;0;1697.17;14888.6;1525.03;16457.6
-0.226908;0.329413;0;1376.92;13752.6;1412.29;15241
-0.231029;0.326536;0;1064.74;12685;1292.56;13948.9
-0.235114;0.323607;0;748.278;11602.9;1171.16;12638.8
-0.239162;0.320627;0;431.603;10520.1;1049.68;11327.8
-0.243172;0.317596;0;114.764;9436.67;928.139;10016.2
-0.247144;0.314515;0;-202.189;8352.87;806.558;8704.15
-0.251077;0.311385;0;-519.204;7268.83;684.956;7391.85
-0.25497;0.308205;0;-836.234;6184.74;563.351;6079.52
-0.258822;0.304977;0;-1153.23;5100.75;441.762;4767.37
-0.262634;0.301701;0;-1470.13;4017.05;320.209;3455.61
-0.266405;0.298376;0;-1786.9;2933.79;198.712;2144.44
-0.270133;0.295005;0;-2103.48;1851.16;77.2882;834.073
-0.273819;0.291587;0;-2419.83;769.328;-44.0419;-475.287
-0.277461;0.288124;0;-2664.08;-224.357;-160.648;-1733.66
-0.28106;0.284614;0;-2801.24;-1222.24;-271.124;-2925.89
-0.284614;0.28106;0;-2831.49;-2280.91;-375.748;-4054.97
-0.288124;0.277461;0;-2861.74;-3340.06;-480.42;-5184.56
-0.291587;0.273819;0;-2891.98;-4399.52;-585.122;-6314.47
-0.295005;0.270133;0;-2922.2;-5459.12;-689.837;-7444.53
-0.298376;0.266405;0;-2952.4;-6518.69;-794.55;-8574.56
-0.301701;0.262634;0;-2982.57;-7578.07;-899.244;-9704.38
-0.304977;0.258822;0;-3012.71;-8637.09;-1003.9;-10833.8
-0.308205;0.25497;0;-3042.82;-9695.58;-1108.51;-11962.7
-0.311385;0.251077;0;-3072.88;-10753.4;-1213.04;-13090.8
-0.314515;0.247144;0;-3102.9;-11810.3;-1317.49;-14218
-0.317596;0.243172;0;-3189.86;-12762.8;-1410.13;-15217.7
-0.320627;0.239162;0;-3274.23;-13415.9;-1475.25;-15920.5
-0.323607;0.235114;0;-3358.69;-14069.5;-1540.43;-16623.9
-0.326536;0.231029;0;-3443.24;-14723.5;-1605.65;-17327.7
-0.329413;0.226908;0;-3527.86;-15377.9;-1670.9;-18031.9
-0.332238;0.22275;0;-3612.53;-16032.5;-1736.17;-18736.3
-0.335011;0.218558;0;-3697.26;-16687.2;-1801.45;-19440.8
-0.337731;0.214331;0;-3786.07;-17342.9;-1866.21;-20139.6
-0.340398;0.21007;0;-3875.72;-18002.1;-1931.12;-20840.1
-0.343011;0.205776;0;-3965.37;-18661.3;-1996.02;-21540.5
-0.345569;0.201449;0;-4055.01;-19320.3;-2060.89;-22240.6
-0.348074;0.197091;0;-4144.62;-19979;-2125.74;-22940.4
-0.350523;0.192701;0;-4234.18;-20637.3;-2190.55;-23639.8
-0.352916;0.188282;0;-4323.68;-21295.1;-2255.3;-24338.6
-0.355255;0.183832;0;-4370.26;-21807.8;-2310.72;-24936.6
-0.357537;0.179353;0;-4304.39;-22064.5;-2341.27;-25266.3
-0.359762;0.174846;0;-4237.36;-22320.9;-2371.78;-25595.6
-0.361931;0.170312;0;-4170.3;-22577.4;-2402.31;-25925
-0.364042;0.16575;0;-4103.21;-22833.9;-2432.84;-26254.5
-0.366096;0.161163;0;-4036.11;-23090.4;-2463.37;-26584
-0.368093;0.156549;0;-3968.99;-23346.8;-2493.89;-26913.4
-0.370031;0.151912;0;-3901.88;-23603.1;-2524.4;-27242.7
-0.371911;0.14725;0;-3834.79;-23859.3;-2554.9;-27571.8
-0.373732;0.142565;0;-3767.72;-24115.3;-2585.38;-27900.7
-0.375494;0.137857;0;-3700.68;-24371.1;-2615.84;-28229.4
-0.377196;0.133128;0;-3645.68;-24619.6;-2644.58;-28539.6
-0.378839;0.128377;0;-3591.61;-24751.7;-2657.65;-28680.6
-0.380423;0.123607;0;-3529.84;-24860;-2667.93;-28791.6
-0.381946;0.118817;0;-3468.04;-24968.4;-2678.22;-28902.6
-0.383409;0.114008;0;-3406.23;-25076.8;-2688.52;-29013.7
-0.384811;0.109181;0;-3344.4;-25185.3;-2698.82;-29124.9
-0.386153;0.104337;0;-3282.57;-25293.8;-2709.12;-29236.1
-0.387433;0.099476;0;-3220.75;-25402.3;-2719.42;-29347.2
-0.388653;0.0945996;0;-3158.95;-25510.8;-2729.73;-29458.4
-0.389811;0.0897083;0;-3097.18;-25619.3;-2740.03;-29569.6
-0.390907;0.0848028;0;-3035.44;-25727.7;-2750.32;-29680.7
-0.391942;0.079884;0;-2973.76;-25836.1;-2760.61;-29791.8
-0.392915;0.0749525;0;-2912.13;-25944.4;-2770.9;-29902.7
-0.393826;0.0700092;0;-2850.57;-26052.6;-2781.17;-30013.6
-0.394674;0.0650549;0;-2790.02;-26160.2;-2791.34;-30123.4
-0.395461;0.0600902;0;-2776.35;-26189.4;-2793.9;-30151
-0.396185;0.0551161;0;-2762.95;-26204.2;-2795.57;-30169
-0.396846;0.0501333;0;-2749.6;-26219;-2797.23;-30187
-0.397445;0.0451426;0;-2736.3;-26233.8;-2798.9;-30204.9
-0.39798;0.0401447;0;-2723.04;-26248.6;-2800.56;-30222.9
-0.398453;0.0351405;0;-2711.49;-26263.7;-2802.18;-30240.3
-0.398864;0.0301307;0;-2702.21;-26279.2;-2803.74;-30257.1
-0.399211;0.0251162;0;-2693.61;-26294.9;-2805.28;-30273.8
-0.399495;0.0200977;0;-2685.06;-26310.6;-2806.82;-30290.4
-0.399716;0.0150761;0;-2676.57;-26326.2;-2808.36;-30307
-0.399874;0.010052;0;-2668.14;-26341.9;-2809.9;-30323.6
-0.399968;0.00502642;0;-2659.77;-26357.6;-2811.43;-30340.2
-0.4;4.89859e-17;0;-2651.46;-26373.3;-2812.96;-30356.7
-0.399968;-0.00502642;0;-2671.08;-26371;-2811.88;-30345
-0.399874;-0.010052;0;-2696.79;-26365.6;-2810.25;-30327.4
-0.399716;-0.0150761;0;-2722.56;-26360.1;-2808.62;-30309.8
-0.399495;-0.0200977;0;-2748.41;-26354.7;-2806.99;-30292.2
-0.399211;-0.0251162;0;-2774.32;-26349.4;-2805.35;-30274.6
-0.398864;-0.0301307;0;-2800.3;-26344;-2803.72;-30256.9
-0.398453;-0.0351405;0;-2826.32;-26338.6;-2802.08;-30239.3
-0.39798;-0.0401447;0;-2852.41;-26333.2;-2800.44;-30221.6
-0.397445;-0.0451426;0;-2878.54;-26327.9;-2798.8;-30203.9
-0.396846;-0.0501333;0;-2904.71;-26322.5;-2797.16;-30186.2
-0.396185;-0.0551161;0;-2930.93;-26317.2;-2795.52;-30168.5
-0.395461;-0.0600902;0;-2957.18;-26311.8;-2793.88;-30150.8
-0.394674;-0.0650549;0;-2983.75;-26306.6;-2792.23;-30133
-0.393826;-0.0700092;0;-3010.65;-26208.1;-2782.67;-30029.7
-0.392915;-0.0749525;0;-3037.87;-26106.3;-2772.8;-29923.3
-0.391942;-0.079884;0;-3065.14;-26004.4;-2762.93;-29816.8
-0.390907;-0.0848028;0;-3092.46;-25902.5;-2753.05;-29710.2
-0.389811;-0.0897083;0;-3119.82;-25800.5;-2743.16;-29603.5
-0.388653;-0.0945996;0;-3147.22;-25698.5;-2733.27;-29496.7
-0.387433;-0.099476;0;-3174.66;-25596.6;-2723.38;-29389.9
-0.386153;-0.104337;0;-3202.13;-25494.6;-2713.48;-29283.2
-0.384811;-0.109181;0;-3229.62;-25392.6;-2703.59;-29176.4
-0.383409;-0.114008;0;-3257.14;-25290.7;-2693.69;-29069.6
-0.381946;-0.118817;0;-3284.68;-25188.9;-2683.8;-28962.8
-0.380423;-0.123607;0;-3312.23;-25087.1;-2673.92;-28856.1
-0.378839;-0.128377;0;-3334;-24973.3;-2661.99;-28727.4
-0.377196;-0.133128;0;-3316.62;-24764;-2634.44;-28430.1
-0.375494;-0.137857;0;-3299.26;-24554.5;-2606.86;-28132.6
-0.373732;-0.142565;0;-3281.95;-24344.9;-2579.28;-27834.9
-0.371911;-0.14725;0;-3289.96;-24125;-2549.33;-27511.6
-0.370031;-0.151912;0;-3299.29;-23902.1;-2519.02;-27184.6
-0.368093;-0.156549;0;-3308.66;-23679;-2488.7;-26857.4
-0.366096;-0.161163;0;-3318.07;-23455.9;-2458.37;-26530
-0.364042;-0.16575;0;-3327.52;-23232.7;-2428.03;-26202.7
-0.361931;-0.170312;0;-3337;-23009.5;-2397.69;-25875.2
-0.359762;-0.174846;0;-3346.52;-22786.3;-2367.36;-25547.9
-0.357537;-0.179353;0;-3356.08;-22563.1;-2337.03;-25220.6
-0.355255;-0.183832;0;-3334.76;-22037.2;-2287.14;-24682.2
-0.352916;-0.188282;0;-3312.17;-21490;-2235.58;-24125.7
-0.350523;-0.192701;0;-3336.37;-20849.9;-2177.89;-23503.2
-0.348074;-0.197091;0;-3394.5;-20125.6;-2114.21;-22815.9
-0.345569;-0.201449;0;-3452.65;-19400.9;-2050.49;-22128.3
-0.343011;-0.205776;0;-3510.81;-18676;-1986.76;-21440.5
-0.340398;-0.21007;0;-3568.98;-17951;-1923.01;-20752.6
-0.337731;-0.214331;0;-3627.14;-17226;-1859.27;-20064.7
-0.335011;-0.218558;0;-3685.28;-16501.2;-1795.54;-19377
-0.332238;-0.22275;0;-3743.4;-15776.6;-1731.83;-18689.4
-0.329413;-0.226908;0;-3801.48;-15052.3;-1668.15;-18002.2
-0.326536;-0.231029;0;-3861.94;-14316.8;-1603.91;-17308.9
-0.323607;-0.235114;0;-3923.85;-13572.1;-1538.95;-16608
-0.320627;-0.239162;0;-3985.74;-12827.8;-1474.04;-15907.4
-0.317596;-0.243172;0;-4035.36;-12083.4;-1407.2;-15186.2
-0.314515;-0.247144;0;-3958.06;-11239.8;-1312.08;-14159.6
-0.311385;-0.251077;0;-3769.37;-10350.7;-1207.58;-13031.8
-0.308205;-0.25497;0;-3580.56;-9460.8;-1102.98;-11903.1
-0.304977;-0.258822;0;-3391.68;-8570.34;-998.323;-10773.6
-0.301701;-0.262634;0;-3202.75;-7679.43;-893.607;-9643.56
-0.298376;-0.266405;0;-3013.81;-6788.21;-788.855;-8513.1
-0.295005;-0.270133;0;-2824.87;-5896.83;-684.083;-7382.43
-0.291587;-0.273819;0;-2635.98;-5005.42;-579.307;-6251.72
-0.288124;-0.277461;0;-2447.16;-4114.12;-474.544;-5121.14
-0.284614;-0.28106;0;-2258.44;-3223.07;-369.81;-3990.89
-0.28106;-0.284614;0;-2069.86;-2332.42;-265.123;-2861.13
-0.277461;-0.288124;0;-1698.23;-1229.94;-151.436;-1634.26
-0.273819;-0.291587;0;-1299.35;-84.0868;-34.7548;-375.064
-0.270133;-0.295005;0;-1152.06;1119.95;83.8132;904.488
-0.266405;-0.298376;0;-1019.38;2351.75;204.853;2210.72
-0.262634;-0.301701;0;-886.576;3584.18;325.954;3517.61
-0.258822;-0.304977;0;-753.665;4817.03;447.098;4824.96
-0.25497;-0.308205;0;-620.672;6050.11;568.265;6132.55
-0.251077;-0.311385;0;-487.617;7283.22;689.436;7440.2
-0.247144;-0.314515;0;-354.522;8516.17;810.592;8747.68
-0.243172;-0.317596;0;-221.406;9748.77;931.713;10054.8
-0.239162;-0.320627;0;-88.2923;10980.8;1052.78;11361.3
-0.235114;-0.323607;0;44.7994;12212.1;1173.78;12667.1
-0.231029;-0.326536;0;177.848;13442.5;1294.68;13971.8
-0.226908;-0.329413;0;285.61;14553.1;1409.85;15214.7
-0.22275;-0.332238;0;369.455;15560.3;1522.21;16427.2
-0.218558;-0.335011;0;698.812;16304.5;1614.75;17425.9
-0.214331;-0.337731;0;1039.64;17046.2;1707.42;18426
-0.21007;-0.340398;0;1380.64;17788.3;1800.14;19426.6
-0.205776;-0.343011;0;1721.75;18530.7;1892.9;20427.6
-0.201449;-0.345569;0;2062.92;19273.2;1985.68;21428.9
-0.197091;-0.348074;0;2404.1;20015.8;2078.47;22430.2
-0.192701;-0.350523;0;2745.22;20758.3;2171.25;23431.5
-0.188282;-0.352916;0;3086.25;21500.7;2264.01;24432.6
-0.183832;-0.355255;0;3427.11;22242.7;2356.74;25433.3
-0.179353;-0.357537;0;3767.77;22984.3;2449.41;26433.4
-0.174846;-0.359762;0;4108.17;23725.3;2542.02;27432.8
-0.170312;-0.361931;0;4358.23;24214.9;2590.13;27952
-0.16575;-0.364042;0;4335.62;24233.4;2600.62;28065.2
-0.161163;-0.366096;0;4287.48;24209.3;2608.1;28145.9
-0.156549;-0.368093;0;4239.4;24185.3;2615.6;28226.8
-0.151912;-0.370031;0;4191.38;24161.4;2623.11;28307.8
-0.14725;-0.371911;0;4143.44;24137.7;2630.62;28389
-0.142565;-0.373732;0;4095.58;24114.2;2638.15;28470.2
-0.137857;-0.375494;0;4047.82;24090.8;2645.69;28551.5
-0.133128;-0.377196;0;4000.15;24067.6;2653.23;28632.9
-0.128377;-0.378839;0;3952.59;24044.5;2660.78;28714.4
-0.123607;-0.380423;0;3905.14;24021.6;2668.34;28796
-0.118817;-0.381946;0;3857.81;23998.9;2675.9;28877.5
-0.114008;-0.383409;0;3810.61;23976.4;2683.46;28959.2
-0.109181;-0.384811;0;3761.05;23931;2688.7;29015.7
-0.104337;-0.386153;0;3656.93;23310.9;2601.76;28077.5
-0.099476;-0.387433;0;3554.9;22696.8;2508.43;27070.3
-0.0945996;-0.388653;0;3452.96;22082.4;2415.06;26062.6
-0.0897083;-0.389811;0;3351.12;21467.7;2321.65;25054.6
-0.0848028;-0.390907;0;3252.44;20852.9;2228.44;24048.7
-0.079884;-0.391942;0;3162.4;20236.3;2135.43;23045
-0.0749525;-0.392915;0;3073.99;19619.2;2042.44;22041.4
-0.0700092;-0.393826;0;2985.75;19002.3;1949.46;21038
-0.0650549;-0.394674;0;2897.69;18385.5;1856.51;20035
-0.0600902;-0.395461;0;2809.84;17769;1763.62;19032.5
-0.0551161;-0.396185;0;2722.21;17152.9;1670.79;18030.7
-0.0501333;-0.396846;0;2532.4;15835.3;1532.04;16533.3
-0.0451426;-0.397445;0;2402.87;14263.6;1378.17;14872.8
-0.0401447;-0.39798;0;2273.19;12690.9;1224.22;13211.4
-0.0351405;-0.398453;0;2143.37;11117.6;1070.2;11549.3
-0.0301307;-0.398864;0;2003.95;9544.75;916.488;9890.49
-0.0251162;-0.399211;0;1861.71;7967.94;762.432;8227.95
-0.0200977;-0.399495;0;1719.41;6391.03;608.366;6565.32
-0.0150761;-0.399716;0;1577.05;4814.25;454.315;4902.83
-0.010052;-0.399874;0;1434.67;3237.85;300.302;3240.77
-0.00502642;-0.399968;0;1292.28;1662.1;146.352;1579.39
-7.34788e-17;-0.4;0;1149.92;87.2264;-7.51027;-81.0488
0.00502642;-0.399968;0;927.561;-1454.54;-159.047;-1716.39
0.010052;-0.399874;0;513.107;-2953.63;-308.56;-3329.89
0.0150761;-0.399716;0;98.2306;-4453.96;-458.196;-4944.72
0.0200977;-0.399495;0;-317.003;-5955.32;-607.933;-6560.64
0.0251162;-0.399211;0;-732.529;-7457.45;-757.746;-8177.39
0.0301307;-0.398864;0;-1148.28;-8960.12;-907.613;-9794.7
0.0351405;-0.398453;0;-1564.19;-10463.1;-1057.51;-11412.3
0.0401447;-0.39798;0;-1980.2;-11966.1;-1207.41;-13030
0.0451426;-0.397445;0;-2396.23;-13469;-1357.29;-14647.5
0.0501333;-0.396846;0;-2812.23;-14971.5;-1507.14;-16264.6
0.0551161;-0.396185;0;-3143.01;-16346.2;-1655;-17860.3
0.0600902;-0.395461;0;-3473.86;-17723.6;-1803.36;-19461.3
0.0650549;-0.394674;0;-3710.6;-18476.5;-1889.23;-20388
0.0700092;-0.393826;0;-3947.15;-19214.2;-1973.75;-21300.1
0.0749525;-0.392915;0;-4183.75;-19951.9;-2058.28;-22212.4
0.079884;-0.391942;0;-4420.35;-20689.5;-2142.81;-23124.7
0.0848028;-0.390907;0;-4649.52;-21372.9;-2224.85;-24009.9
0.0897083;-0.389811;0;-4876.76;-22024.4;-2306.67;-24892.9
0.0945996;-0.388653;0;-5104.03;-22676;-2388.51;-25776.1
0.099476;-0.387433;0;-5331.31;-23327.6;-2470.35;-26659.3
0.104337;-0.386153;0;-5558.55;-23979.1;-2552.19;-27542.5
0.109181;-0.384811;0;-5785.73;-24630.4;-2634;-28425.4
0.114008;-0.383409;0;-6012.79;-25281.4;-2715.78;-29307.9
0.118817;-0.381946;0;-5967.44;-25444.4;-2736.09;-29527.1
0.123607;-0.380423;0;-5768.46;-25341.6;-2722.87;-29384.4
0.128377;-0.378839;0;-5569.38;-25238.7;-2709.65;-29241.7
0.133128;-0.377196;0;-5370.23;-25135.8;-2696.42;-29099
0.137857;-0.375494;0;-5171.05;-25032.8;-2683.2;-28956.3
0.142565;-0.373732;0;-4971.87;-24929.9;-2669.97;-28813.6
0.14725;-0.371911;0;-4772.73;-24826.9;-2656.75;-28670.9
0.151912;-0.370031;0;-4573.64;-24724;-2643.54;-28528.4
0.156549;-0.368093;0;-4374.65;-24621.1;-2630.34;-28385.9
0.161163;-0.366096;0;-4175.78;-24518.2;-2617.14;-28243.5
0.16575;-0.364042;0;-3977.07;-24415.5;-2603.96;-28101.2
0.170312;-0.361931;0;-3807.37;-24275.2;-2584.06;-27886.4
0.174846;-0.359762;0;-3636.12;-23926;-2540.02;-27411.1
0.179353;-0.357537;0;-3363.32;-23085.6;-2446.97;-26407.1
0.183832;-0.355255;0;-3090.42;-22244.8;-2353.87;-25402.4
0.188282;-0.352916;0;-2817.47;-21403.6;-2260.73;-24397.2
0.192701;-0.350523;0;-2544.5;-20562.1;-2167.56;-23391.7
0.197091;-0.348074;0;-2271.57;-19720.5;-2074.38;-22386.1
0.201449;-0.345569;0;-1998.71;-18878.9;-1981.2;-21380.6
0.205776;-0.343011;0;-1725.96;-18037.4;-1888.04;-20375.2
0.21007;-0.340398;0;-1453.38;-17196.3;-1794.9;-19370.1
0.214331;-0.337731;0;-1181;-16355.5;-1701.82;-18365.5
0.218558;-0.335011;0;-908.865;-15515.3;-1608.79;-17361.6
0.22275;-0.332238;0;-637.02;-14675.7;-1515.84;-16358.5
0.226908;-0.329413;0;-387.969;-13641.5;-1410.1;-15217.4
0.231029;-0.326536;0;-142.344;-12519.1;-1288.54;-13905.6
0.235114;-0.323607;0;103.418;-11395.7;-1166.89;-12592.7
0.239162;-0.320627;0;349.278;-10271.5;-1045.15;-11279
0.243172;-0.317596;0;595.196;-9146.74;-923.357;-9964.61
0.247144;-0.314515;0;841.134;-8021.53;-801.52;-8649.78
0.251077;-0.311385;0;1087.05;-6896.06;-679.661;-7334.71
0.25497;-0.308205;0;1332.92;-5770.51;-557.799;-6019.61
0.258822;-0.304977;0;1578.68;-4645.06;-435.953;-4704.68
0.262634;-0.301701;0;1824.31;-3519.88;-314.143;-3390.15
0.266405;-0.298376;0;2069.76;-2395.16;-192.389;-2076.2
0.270133;-0.295005;0;2315.01;-1271.07;-70.7081;-763.062
0.273819;-0.291587;0;2560;-147.793;50.879;549.072
0.277461;-0.288124;0;2812.66;943.363;171.006;1845.45
0.28106;-0.284614;0;2952.17;1900.17;278.502;3005.52
0.284614;-0.28106;0;3031.63;2837.11;382.206;4124.66
0.288124;-0.277461;0;3111.07;3774.57;485.965;5244.39
0.291587;-0.273819;0;3190.47;4712.41;589.761;6364.53
0.295005;-0.270133;0;3269.82;5650.48;693.579;7484.91
0.298376;-0.266405;0;3349.11;6588.62;797.402;8605.34
0.301701;-0.262634;0;3428.31;7526.69;901.214;9725.64
0.304977;-0.258822;0;3507.43;8464.55;1005;10845.7
0.308205;-0.25497;0;3586.45;9402.04;1108.74;11965.2
0.311385;-0.251077;0;3665.36;10339;1212.42;13084.1
0.314515;-0.247144;0;3744.14;11275.3;1316.02;14202.1
0.317596;-0.243172;0;3861.93;12194.6;1413.54;15254.5
0.320627;-0.239162;0;3827;12807.9;1478.55;15956.1
0.323607;-0.235114;0;3792.09;13421.7;1543.62;16658.3
0.326536;-0.231029;0;3757.19;14036;1608.73;17361
0.329413;-0.226908;0;3722.31;14650.8;1673.88;18064
0.332238;-0.22275;0;3687.46;15265.8;1739.05;18767.4
0.335011;-0.218558;0;3652.65;15881.1;1804.24;19470.8
0.337731;-0.214331;0;3617.87;16496.4;1869.43;20174.4
0.340398;-0.21007;0;3583.14;17111.8;1934.61;20877.8
0.343011;-0.205776;0;3548.45;17727;1999.78;21581.1
0.345569;-0.201449;0;3513.83;18342.1;2064.92;22284.1
0.348074;-0.197091;0;3479.26;18956.9;2130.03;22986.7
0.350523;-0.192701;0;3444.76;19571.4;2195.09;23688.7
0.352916;-0.188282;0;3410.33;20185.3;2260.08;24390.2
0.355255;-0.183832;0;3350.87;20661.4;2309.08;24918.9
0.357537;-0.179353;0;3271.66;21060.9;2339.12;25243.2
0.359762;-0.174846;0;3192.45;21460.6;2369.18;25567.6
0.361931;-0.170312;0;3129.76;21844.4;2397.75;25875.8
0.364042;-0.16575;0;3072.77;22225.8;2426.09;26181.7
0.366096;-0.161163;0;3015.87;22607.4;2454.43;26487.6
0.368093;-0.156549;0;2959.09;22989.1;2482.78;26793.5
0.370031;-0.151912;0;2902.43;23370.7;2511.13;27099.4
0.371911;-0.14725;0;2845.9;23752.2;2539.47;27405.3
0.373732;-0.142565;0;2789.5;24133.7;2567.8;27711
0.375494;-0.137857;0;2733.25;24514.9;2596.12;28016.6
0.377196;-0.133128;0;2677.16;24895.9;2624.42;28322
0.378839;-0.128377;0;2581.24;25270;2652.76;28627.9
0.380423;-0.123607;0;2468.14;25566.3;2676.54;28884.5
0.381946;-0.118817;0;2514.85;25655.7;2686.03;28986.9
0.383409;-0.114008;0;2561.61;25745.1;2695.52;29089.3
0.384811;-0.109181;0;2608.4;25834.6;2705.01;29191.7
0.386153;-0.104337;0;2660.39;25914.9;2714.05;29289.3
0.387433;-0.099476;0;2729.25;25972.6;2722.32;29378.6
0.388653;-0.0945996;0;2798.19;26030.3;2730.6;29467.9
0.389811;-0.0897083;0;2867.17;26087.9;2738.88;29557.2
0.390907;-0.0848028;0;2936.21;26145.6;2747.16;29646.6
0.391942;-0.079884;0;3005.28;26203.2;2755.44;29735.9
0.392915;-0.0749525;0;3074.37;26260.7;2763.71;29825.2
0.393826;-0.0700092;0;3143.47;26318.2;2771.98;29914.5
0.394674;-0.0650549;0;3212.58;26375.6;2780.25;30003.7
0.395461;-0.0600902;0;3281.68;26432.9;2788.51;30092.9
0.396185;-0.0551161;0;3227.27;26467.1;2792.64;30137.3
0.396846;-0.0501333;0;3114.58;26492.2;2795.05;30163.4
0.397445;-0.0451426;0;3001.87;26517.2;2797.46;30189.4
0.39798;-0.0401447;0;2911.87;26547.8;2799.07;30206.8
0.398453;-0.0351405;0;2839.52;26587.5;2800;30216.8
0.398864;-0.0301307;0;2767.13;26627.2;2800.93;30226.8
0.399211;-0.0251162;0;2694.71;26666.9;2801.86;30236.9
0.399495;-0.0200977;0;2622.27;26706.6;2802.79;30246.9
0.399716;-0.0150761;0;2549.83;26746.3;2803.72;30257
0.399874;-0.010052;0;2477.4;26786;2804.65;30267
0.399968;-0.00502642;0;2404.98;26825.6;2805.59;30277.1
