0.4;0;0;406.548;15276.6;2806.5;30287
0.399968;0.00502642;0;236.962;14330.1;2805.5;30276.2
0.399874;0.010052;0;63.9862;13364.5;2804.49;30265.2
0.399716;0.0150761;0;-108.997;12398.6;2803.47;30254.3
0.399495;0.0200977;0;-281.96;11432.7;2802.45;30243.3
0.399211;0.0251162;0;-454.876;10466.7;2801.44;30232.3
0.398864;0.0301307;0;-627.717;9500.96;2800.42;30221.4
0.398453;0.0351405;0;-800.456;8535.57;2799.4;30210.4
0.39798;0.0401447;0;-973.065;7570.68;2798.39;30199.4
0.397445;0.0451426;0;-854.91;7273.81;2796.28;30176.7
0.396846;0.0501333;0;-618.706;7274.51;2793.6;30147.8
0.396185;0.0551161;0;-382.633;7275.97;2790.92;30118.9
0.395461;0.0600902;0;-146.73;7278.2;2788.25;30090
0.394674;0.0650549;0;-356.662;6734.2;2780.85;30010.1
0.393826;0.0700092;0;-633.8;6098.47;2772.56;29920.6
0.392915;0.0749525;0;-911.122;5463.25;2764.26;29831.1
0.391942;0.079884;0;-1188.58;4828.63;2755.96;29741.6
0.390907;0.0848028;0;-1466.14;4194.72;2747.66;29652
0.389811;0.0897083;0;-1743.76;3561.61;2739.36;29562.4
0.388653;0.0945996;0;-2021.38;2929.4;2731.06;29472.8
0.387433;0.099476;0;-2298.96;2298.2;2722.76;29383.3
0.386153;0.104337;0;-2503.61;1913.74;2714.04;29289.2
0.384811;0.109181;0;-2501.91;2048.21;2703.86;29179.3
0.383409;0.114008;0;-2499.63;2183.27;2693.69;29069.5
0.381946;0.118817;0;-2496.74;2318.87;2683.51;28959.7
0.380423;0.123607;0;-2493.27;2455.01;2673.33;28849.9
0.378839;0.128377;0;-2604.82;2357.58;2650.32;28601.6
0.377196;0.133128;0;-2774.89;2142.93;2620.11;28275.5
0.375494;0.137857;0;-2830.56;1791.12;2591.78;27969.8
0.373732;0.142565;0;-2883.7;1438.77;2563.47;27664.2
0.371911;0.14725;0;-2936.23;1087.12;2535.14;27358.5
0.370031;0.151912;0;-2988.14;736.239;2506.8;27052.7
0.368093;0.156549;0;-3039.4;386.168;2478.46;26746.8
0.366096;0.161163;0;-3090.03;36.9676;2450.11;26440.9
0.364042;0.16575;0;-3140.01;-311.308;2421.77;26135.1
0.361931;0.170312;0;-3189.32;-658.603;2393.44;25829.3
0.359762;0.174846;0;-3237.97;-1004.86;2365.12;25523.7
0.357537;0.179353;0;-3285.95;-1350.03;2336.81;25218.2
0.355255;0.183832;0;-3333.24;-1694.06;2308.52;24912.9
0.352916;0.188282;0;-3395.34;-1915.51;2260.85;24398.5
0.350523;0.192701;0;-3378.06;-2038.5;2195.69;23695.3
0.348074;0.197091;0;-3360.41;-2160.96;2130.47;22991.4
0.345569;0.201449;0;-3342.38;-2282.87;2065.2;22287.1
0.343011;0.205776;0;-3323.98;-2404.21;1999.9;21582.3
0.340398;0.21007;0;-3305.21;-2524.97;1934.57;20877.3
0.337731;0.214331;0;-3286.08;-2645.11;1869.22;20172.1
0.335011;0.218558;0;-3266.59;-2764.63;1803.87;19466.9
0.332238;0.22275;0;-3246.73;-2883.5;1738.52;18761.7
0.329413;0.226908;0;-3226.52;-3001.7;1673.19;18056.6
0.326536;0.231029;0;-3205.96;-3119.22;1607.88;17351.8
0.323607;0.235114;0;-3175.43;-3219.14;1542.57;16647
0.320627;0.239162;0;-3132.43;-3274.12;1477.14;15940.9
0.317596;0.243172;0;-3089;-3327.23;1411.77;15235.4
0.314515;0.247144;0;-3024.97;-3483.01;1322.45;14271.5
0.311385;0.251077;0;-2957.25;-3603.97;1218.85;13153.5
0.308205;0.25497;0;-2888.99;-3724.35;1115.17;12034.6
0.304977;0.258822;0;-2817.3;-3840.35;1011.38;10914.5
0.301701;0.262634;0;-2739.45;-3948.37;907.441;9792.84
0.298376;0.266405;0;-2659.88;-4053.18;803.403;8670.1
0.295005;0.270133;0;-2577.8;-4153.25;699.243;7546.03
0.291587;0.273819;0;-2495.48;-4252.82;595.084;6421.98
0.288124;0.277461;0;-2412.92;-4351.87;490.944;5298.13
0.284614;0.28106;0;-2330.14;-4450.38;386.839;4174.66
0.28106;0.284614;0;-2247.14;-4548.33;282.785;3051.74
0.277461;0.288124;0;-2239.47;-4675.78;176.654;1906.4
0.273819;0.291587;0;-2114.34;-4845.49;55.3972;597.831
0.270133;0.295005;0;-1989.39;-5015.14;-65.9718;-711.95
0.266405;0.298376;0;-1864.62;-5184.71;-187.434;-2022.74
0.262634;0.301701;0;-1740.07;-5354.18;-308.971;-3334.33
0.258822;0.304977;0;-1615.74;-5523.51;-430.564;-4646.52
0.25497;0.308205;0;-1491.66;-5692.69;-552.192;-5959.1
0.251077;0.311385;0;-1374.17;-5857.1;-673.925;-7272.81
0.247144;0.314515;0;-1257.1;-6020.15;-795.686;-8586.82
0.243172;0.317596;0;-1135.53;-6177.62;-917.589;-9902.36
0.239162;0.320627;0;-1013.82;-6334.8;-1039.45;-11217.5
0.235114;0.323607;0;-891.995;-6491.67;-1161.26;-12532
0.231029;0.326536;0;-770.068;-6648.21;-1282.99;-13845.7
0.226908;0.329413;0;-648.062;-6804.4;-1404.63;-15158.4
0.22275;0.332238;0;-548.623;-7007.9;-1510.77;-16303.8
0.218558;0.335011;0;-447.426;-7106.61;-1602.76;-17296.5
0.214331;0.337731;0;-346.007;-7205.71;-1694.83;-18290.1
0.21007;0.340398;0;-244.382;-7305.18;-1786.96;-19284.3
0.205776;0.343011;0;-142.567;-7405.01;-1879.14;-20279.1
0.201449;0.345569;0;-40.5784;-7505.19;-1971.35;-21274.2
0.197091;0.348074;0;61.5679;-7605.69;-2063.58;-22269.6
0.192701;0.350523;0;163.856;-7706.51;-2155.81;-23264.9
0.188282;0.352916;0;266.269;-7807.62;-2248.04;-24260.2
0.183832;0.355255;0;368.792;-7909.01;-2340.24;-25255.2
0.179353;0.357537;0;471.408;-8010.66;-2432.39;-26249.7
0.174846;0.359762;0;574.1;-8112.56;-2524.5;-27243.7
0.170312;0.361931;0;614.814;-8215.45;-2597.61;-28032.7
0.16575;0.364042;0;272.435;-8453.03;-2615.24;-28222.9
0.161163;0.366096;0;-83.935;-8697.43;-2632.48;-28409
0.156549;0.368093;0;-440.672;-8942.08;-2649.73;-28595.2
0.151912;0.370031;0;-797.721;-9186.93;-2667;-28781.6
0.14725;0.371911;0;-1155.03;-9431.95;-2684.29;-28968.1
0.142565;0.373732;0;-1512.53;-9677.1;-2701.58;-29154.7
0.137857;0.375494;0;-1870.17;-9922.34;-2718.88;-29341.3
0.133128;0.377196;0;-2227.9;-10167.6;-2736.18;-29528.1
0.128377;0.378839;0;-2585.66;-10412.9;-2753.48;-29714.8
0.123607;0.380423;0;-2943.4;-10658.2;-2770.78;-29901.5
0.118817;0.381946;0;-2999.46;-10562.6;-2742.39;-29595.1
0.114008;0.383409;0;-2717.44;-10074.8;-2660.12;-28707.3
0.109181;0.384811;0;-2435.3;-9586.78;-2577.81;-27819
0.104337;0.386153;0;-2153.06;-9098.62;-2495.49;-26930.6
0.099476;0.387433;0;-1870.77;-8610.41;-2413.15;-26042
0.0945996;0.388653;0;-1588.49;-8122.22;-2330.81;-25153.5
0.0897083;0.389811;0;-1306.25;-7634.13;-2248.49;-24265.1
0.0848028;0.390907;0;-1024.1;-7146.22;-2166.2;-23377.1
0.079884;0.391942;0;-742.082;-6658.56;-2083.95;-22489.5
0.0749525;0.392915;0;-460.242;-6171.23;-2001.76;-21602.4
0.0700092;0.393826;0;-178.625;-5684.31;-1919.64;-20716.2
0.0650549;0.394674;0;102.726;-5197.87;-1837.59;-19830.8
0.0600902;0.395461;0;383.765;-4711.99;-1755.64;-18946.4
0.0551161;0.396185;0;664.448;-4226.75;-1673.8;-18063.1
0.0501333;0.396846;0;660.459;-3841.59;-1528.15;-16491.3
0.0451426;0.397445;0;582.806;-3456.09;-1373.21;-14819.3
0.0401447;0.39798;0;505.06;-3070.16;-1218.1;-13145.4
0.0351405;0.398453;0;427.232;-2683.85;-1062.83;-11469.8
0.0301307;0.398864;0;349.335;-2297.23;-907.441;-9792.85
0.0251162;0.399211;0;271.382;-1910.35;-751.946;-8114.79
0.0200977;0.399495;0;193.384;-1523.29;-596.372;-6435.88
0.0150761;0.399716;0;115.354;-1136.09;-440.745;-4756.4
0.010052;0.399874;0;37.3043;-748.822;-285.089;-3076.6
0.00502642;0.399968;0;-40.753;-361.546;-129.429;-1396.76
2.44929e-17;0.4;0;-118.805;25.6781;26.2121;282.874
-0.00502642;0.399968;0;-196.84;412.788;181.808;1962.02
-0.010052;0.399874;0;-274.846;799.723;337.335;3640.43
-0.0150761;0.399716;0;-352.81;1186.42;492.768;5317.82
-0.0200977;0.399495;0;-430.72;1572.82;648.083;6993.93
-0.0251162;0.399211;0;-508.563;1958.87;803.255;8668.5
-0.0301307;0.398864;0;-586.327;2344.49;958.26;10341.3
-0.0351405;0.398453;0;-473.053;2780.43;1109.26;11970.8
-0.0401447;0.39798;0;-278.462;3189.05;1236.91;13348.3
-0.0451426;0.397445;0;-323.092;3478.91;1345.05;14515.4
-0.0501333;0.396846;0;-367.376;3769.14;1453.29;15683.5
-0.0551161;0.396185;0;-411.306;4059.69;1561.61;16852.4
-0.0600902;0.395461;0;-454.875;4350.52;1669.99;18022
-0.0650549;0.394674;0;-498.076;4641.57;1778.41;19192.1
-0.0700092;0.393826;0;-540.903;4932.81;1886.86;20362.4
-0.0749525;0.392915;0;-583.349;5224.19;1995.32;21532.9
-0.079884;0.391942;0;-625.407;5515.65;2103.77;22703.3
-0.0848028;0.390907;0;-667.071;5807.17;2212.19;23873.4
-0.0897083;0.389811;0;-708.333;6098.68;2320.58;25043
-0.0945996;0.388653;0;-749.188;6390.15;2428.9;26212
-0.099476;0.387433;0;-789.629;6681.52;2537.15;27380.2
-0.104337;0.386153;0;-669.406;6931.16;2624.74;28325.5
-0.109181;0.384811;0;-492.145;7078.52;2650.92;28608
-0.114008;0.383409;0;-538.902;7180.4;2644.31;28536.7
-0.118817;0.381946;0;-585.119;7282.45;2637.71;28465.4
-0.123607;0.380423;0;-630.787;7384.68;2631.11;28394.2
-0.128377;0.378839;0;-675.901;7487.07;2624.52;28323.1
-0.133128;0.377196;0;-720.452;7589.59;2617.94;28252
-0.137857;0.375494;0;-764.434;7692.23;2611.37;28181.1
-0.142565;0.373732;0;-807.839;7794.98;2604.8;28110.3
-0.14725;0.371911;0;-850.662;7897.82;2598.26;28039.6
-0.151912;0.370031;0;-845.232;8021.5;2592.92;27982
-0.156549;0.368093;0;-799.048;8205.2;2589.6;27946.3
-0.161163;0.366096;0;-752.886;8389.3;2586.3;27910.7
-0.16575;0.364042;0;-706.754;8573.79;2583.02;27875.2
-0.170312;0.361931;0;-660.659;8758.63;2579.75;27839.9
-0.174846;0.359762;0;-725.685;8677.22;2539.56;27406.2
-0.179353;0.357537;0;-653.796;8646.19;2447.84;26416.4
-0.183832;0.355255;0;-582.094;8615.4;2356.05;25425.8
-0.188282;0.352916;0;-510.59;8584.86;2264.21;24434.8
-0.192701;0.350523;0;-439.296;8554.56;2172.34;23443.3
-0.197091;0.348074;0;-368.223;8524.52;2080.45;22451.6
-0.201449;0.345569;0;-297.382;8494.74;1988.55;21459.9
-0.205776;0.343011;0;-226.784;8465.22;1896.66;20468.2
-0.21007;0.340398;0;-156.44;8435.98;1804.79;19476.8
-0.214331;0.337731;0;-86.362;8407;1712.96;18485.8
-0.218558;0.335011;0;-16.5604;8378.3;1621.18;17495.3
-0.22275;0.332238;0;70.2875;8129.74;1525.03;16457.6
-0.226908;0.329413;0;211.22;7177.85;1412.29;15241
-0.231029;0.326536;0;295.167;7014.7;1292.56;13948.9
-0.235114;0.323607;0;381.368;6851.68;1171.16;12638.8
-0.239162;0.320627;0;467.521;6688.32;1049.68;11327.8
-0.243172;0.317596;0;553.611;6524.65;928.139;10016.2
-0.247144;0.314515;0;639.626;6360.69;806.558;8704.15
-0.251077;0.311385;0;725.551;6196.47;684.956;7391.85
-0.25497;0.308205;0;811.374;6032.02;563.351;6079.52
-0.258822;0.304977;0;897.08;5867.35;441.762;4767.37
-0.262634;0.301701;0;982.656;5702.51;320.209;3455.61
-0.266405;0.298376;0;1068.09;5537.51;198.712;2144.44
-0.270133;0.295005;0;1153.36;5372.38;77.2882;834.073
-0.273819;0.291587;0;1238.47;5207.14;-44.0419;-475.287
-0.277461;0.288124;0;1181.61;4861.43;-160.648;-1733.66
-0.28106;0.284614;0;1156.59;4572.11;-271.124;-2925.89
-0.284614;0.28106;0;1274.71;4492.04;-375.748;-4054.97
-0.288124;0.277461;0;1392.52;4411.28;-480.42;-5184.56
-0.291587;0.273819;0;1510;4329.84;-585.122;-6314.47
-0.295005;0.270133;0;1627.14;4247.74;-689.837;-7444.53
-0.298376;0.266405;0;1743.91;4164.98;-794.55;-8574.56
-0.301701;0.262634;0;1860.31;4081.59;-899.244;-9704.38
-0.304977;0.258822;0;1976.3;3997.57;-1003.9;-10833.8
-0.308205;0.25497;0;2091.87;3912.93;-1108.51;-11962.7
-0.311385;0.251077;0;2207;3827.69;-1213.04;-13090.8
-0.314515;0.247144;0;2321.68;3741.87;-1317.49;-14218
-0.317596;0.243172;0;2453.73;3248.4;-1410.13;-15217.7
-0.320627;0.239162;0;2528.92;3219.5;-1475.25;-15920.5
-0.323607;0.235114;0;2603.94;3189.56;-1540.43;-16623.9
-0.326536;0.231029;0;2678.78;3158.58;-1605.65;-17327.7
-0.329413;0.226908;0;2753.41;3126.57;-1670.9;-18031.9
-0.332238;0.22275;0;2827.83;3093.53;-1736.17;-18736.3
-0.335011;0.218558;0;2901.92;3059.03;-1801.45;-19440.8
-0.337731;0.214331;0;2915.07;2841.85;-1866.21;-20139.6
-0.340398;0.21007;0;2909.59;2590.06;-1931.12;-20840.1
-0.343011;0.205776;0;2903.78;2337.7;-1996.02;-21540.5
-0.345569;0.201449;0;2897.63;2084.8;-2060.89;-22240.6
-0.348074;0.197091;0;2891.14;1831.4;-2125.74;-22940.4
-0.350523;0.192701;0;2884.32;1577.55;-2190.55;-23639.8
-0.352916;0.188282;0;2877.17;1323.28;-2255.3;-24338.6
-0.355255;0.183832;0;2905.92;1166.39;-2310.72;-24936.6
-0.357537;0.179353;0;2900.63;1159.61;-2341.27;-25266.3
-0.359762;0.174846;0;2894.79;1153.75;-2371.78;-25595.6
-0.361931;0.170312;0;2888.38;1146.82;-2402.31;-25925
-0.364042;0.16575;0;2881.4;1138.84;-2432.84;-26254.5
-0.366096;0.161163;0;2873.85;1129.8;-2463.37;-26584
-0.368093;0.156549;0;2865.73;1119.7;-2493.89;-26913.4
-0.370031;0.151912;0;2857.04;1108.55;-2524.4;-27242.7
-0.371911;0.14725;0;2847.79;1096.35;-2554.9;-27571.8
-0.373732;0.142565;0;2837.97;1083.09;-2585.38;-27900.7
-0.375494;0.137857;0;2827.59;1068.79;-2615.84;-28229.4
-0.377196;0.133128;0;2702.85;968.572;-2644.58;-28539.6
-0.378839;0.128377;0;2608.24;935.05;-2657.65;-28680.6
-0.380423;0.123607;0;2594.94;976.041;-2667.93;-28791.6
-0.381946;0.118817;0;2581.14;1016.36;-2678.22;-28902.6
-0.383409;0.114008;0;2566.84;1055.99;-2688.52;-29013.7
-0.384811;0.109181;0;2552.04;1094.94;-2698.82;-29124.9
-0.386153;0.104337;0;2536.76;1133.2;-2709.12;-29236.1
-0.387433;0.099476;0;2520.98;1170.75;-2719.42;-29347.2
-0.388653;0.0945996;0;2504.71;1207.61;-2729.73;-29458.4
-0.389811;0.0897083;0;2487.96;1243.75;-2740.03;-29569.6
-0.390907;0.0848028;0;2470.72;1279.17;-2750.32;-29680.7
-0.391942;0.079884;0;2453.01;1313.87;-2760.61;-29791.8
-0.392915;0.0749525;0;2434.82;1347.85;-2770.9;-29902.7
-0.393826;0.0700092;0;2416.15;1381.09;-2781.17;-30013.6
-0.394674;0.0650549;0;2400.39;1418.67;-2791.34;-30123.4
-0.395461;0.0600902;0;2417.21;1499.35;-2793.9;-30151
-0.396185;0.0551161;0;2412.44;1544.17;-2795.57;-30169
-0.396846;0.0501333;0;2407.04;1588.13;-2797.23;-30187
-0.397445;0.0451426;0;2401;1631.22;-2798.9;-30204.9
-0.39798;0.0401447;0;2394.33;1673.43;-2800.56;-30222.9
-0.398453;0.0351405;0;2367.71;1687.39;-2802.18;-30240.3
-0.398864;0.0301307;0;2330.9;1648.69;-2803.74;-30257.1
-0.399211;0.0251162;0;2292.81;1593.03;-2805.28;-30273.8
-0.399495;0.0200977;0;2254.61;1535.99;-2806.82;-30290.4
-0.399716;0.0150761;0;2216.33;1477.58;-2808.36;-30307
-0.399874;0.010052;0;2177.96;1417.81;-2809.9;-30323.6
-0.399968;0.00502642;0;2139.51;1356.69;-2811.43;-30340.2
-0.4;4.89859e-17;0;2100.99;1294.24;-2812.96;-30356.7
-0.399968;-0.00502642;0;2124.07;1319.07;-2811.88;-30345
-0.399874;-0.010052;0;2158.65;1365.29;-2810.25;-30327.4
-0.399716;-0.0150761;0;2193.15;1410.14;-2808.62;-30309.8
-0.399495;-0.0200977;0;2227.57;1453.62;-2806.99;-30292.2
-0.399211;-0.0251162;0;2261.91;1495.73;-2805.35;-30274.6
-0.398864;-0.0301307;0;2296.15;1536.45;-2803.72;-30256.9
-0.398453;-0.0351405;0;2330.29;1575.77;-2802.08;-30239.3
-0.39798;-0.0401447;0;2364.33;1613.7;-2800.44;-30221.6
-0.397445;-0.0451426;0;2398.26;1650.23;-2798.8;-30203.9
-0.396846;-0.0501333;0;2432.08;1685.34;-2797.16;-30186.2
-0.396185;-0.0551161;0;2465.78;1719.04;-2795.52;-30168.5
-0.395461;-0.0600902;0;2499.36;1751.32;-2793.88;-30150.8
-0.394674;-0.0650549;0;2531.02;1775.79;-2792.23;-30133
-0.393826;-0.0700092;0;2515.03;1686.16;-2782.67;-30029.7
-0.392915;-0.0749525;0;2495.49;1584.15;-2772.8;-29923.3
-0.391942;-0.079884;0;2475.86;1480.79;-2762.93;-29816.8
-0.390907;-0.0848028;0;2456.15;1376.1;-2753.05;-29710.2
-0.389811;-0.0897083;0;2436.36;1270.1;-2743.16;-29603.5
-0.388653;-0.0945996;0;2416.5;1162.8;-2733.27;-29496.7
-0.387433;-0.099476;0;2396.57;1054.22;-2723.38;-29389.9
-0.386153;-0.104337;0;2376.57;944.375;-2713.48;-29283.2
-0.384811;-0.109181;0;2356.51;833.288;-2703.59;-29176.4
-0.383409;-0.114008;0;2336.39;720.972;-2693.69;-29069.6
-0.381946;-0.118817;0;2316.21;607.447;-2683.8;-28962.8
-0.380423;-0.123607;0;2295.98;492.729;-2673.92;-28856.1
-0.378839;-0.128377;0;2293.86;409.294;-2661.99;-28727.4
-0.377196;-0.133128;0;2420.34;527.544;-2634.44;-28430.1
-0.375494;-0.137857;0;2546.8;644.163;-2606.86;-28132.6
-0.373732;-0.142565;0;2673.21;758.507;-2579.28;-27834.9
-0.371911;-0.14725;0;2591.67;146.797;-2549.33;-27511.6
-0.370031;-0.151912;0;2492.55;-487.263;-2519.02;-27184.6
-0.368093;-0.156549;0;2392.87;-1122.11;-2488.7;-26857.4
-0.366096;-0.161163;0;2292.67;-1757.65;-2458.37;-26530
-0.364042;-0.16575;0;2191.94;-2393.77;-2428.03;-26202.7
-0.361931;-0.170312;0;2090.72;-3030.38;-2397.69;-25875.2
-0.359762;-0.174846;0;1989.01;-3667.38;-2367.36;-25547.9
-0.357537;-0.179353;0;1886.83;-4304.66;-2337.03;-25220.6
-0.355255;-0.183832;0;2039.27;-4212;-2287.14;-24682.2
-0.352916;-0.188282;0;2200.32;-4094.05;-2235.58;-24125.7
-0.350523;-0.192701;0;2302.92;-3652.41;-2177.89;-23503.2
-0.348074;-0.197091;0;2376.03;-2955.66;-2114.21;-22815.9
-0.345569;-0.201449;0;2448.87;-2259.07;-2050.49;-22128.3
-0.343011;-0.205776;0;2521.43;-1562.72;-1986.76;-21440.5
-0.340398;-0.21007;0;2593.69;-866.744;-1923.01;-20752.6
-0.337731;-0.214331;0;2665.65;-171.241;-1859.27;-20064.7
-0.335011;-0.218558;0;2737.3;523.677;-1795.54;-19377
-0.332238;-0.22275;0;2808.62;1217.9;-1731.83;-18689.4
-0.329413;-0.226908;0;2879.6;1911.32;-1668.15;-18002.2
-0.326536;-0.231029;0;2739.5;2125.92;-1603.91;-17308.9
-0.323607;-0.235114;0;2571.12;2266.43;-1538.95;-16608
-0.320627;-0.239162;0;2402.57;2405.91;-1474.04;-15907.4
-0.317596;-0.243172;0;2240.96;2604.89;-1407.2;-15186.2
-0.314515;-0.247144;0;2111.14;3287;-1312.08;-14159.6
-0.311385;-0.251077;0;1960.73;3286.12;-1207.58;-13031.8
-0.308205;-0.25497;0;1809.9;3284.71;-1102.98;-11903.1
-0.304977;-0.258822;0;1658.7;3282.74;-998.323;-10773.6
-0.301701;-0.262634;0;1507.14;3280.24;-893.607;-9643.56
-0.298376;-0.266405;0;1355.25;3277.2;-788.855;-8513.1
-0.295005;-0.270133;0;1203.05;3273.61;-684.083;-7382.43
-0.291587;-0.273819;0;1050.57;3269.49;-579.307;-6251.72
-0.288124;-0.277461;0;897.822;3264.82;-474.544;-5121.14
-0.284614;-0.28106;0;744.84;3259.62;-369.81;-3990.89
-0.28106;-0.284614;0;591.646;3253.87;-265.123;-2861.13
-0.277461;-0.288124;0;682.021;3609.81;-151.436;-1634.26
-0.273819;-0.291587;0;800.755;4011.13;-34.7548;-375.064
-0.270133;-0.295005;0;758.164;4250.31;83.8132;904.488
-0.266405;-0.298376;0;706.689;4489.52;204.853;2210.72
-0.262634;-0.301701;0;655.115;4728.65;325.954;3517.61
-0.258822;-0.304977;0;603.447;4967.68;447.098;4824.96
-0.25497;-0.308205;0;551.696;5206.56;568.265;6132.55
-0.251077;-0.311385;0;499.868;5445.26;689.436;7440.2
-0.247144;-0.314515;0;447.973;5683.74;810.592;8747.68
-0.243172;-0.317596;0;396.018;5921.96;931.713;10054.8
-0.239162;-0.320627;0;344.011;6159.88;1052.78;11361.3
-0.235114;-0.323607;0;291.961;6397.47;1173.78;12667.1
-0.231029;-0.326536;0;239.876;6634.69;1294.68;13971.8
-0.226908;-0.329413;0;202.354;7180.06;1409.85;15214.7
-0.22275;-0.332238;0;177.842;8100.95;1522.21;16427.2
-0.218558;-0.335011;0;95.7043;8194.45;1614.75;17425.9
-0.214331;-0.337731;0;11.3045;8259.4;1707.42;18426
-0.21007;-0.340398;0;-73.2485;8324.58;1800.14;19426.6
-0.205776;-0.343011;0;-157.941;8389.97;1892.9;20427.6
-0.201449;-0.345569;0;-242.76;8455.55;1985.68;21428.9
-0.197091;-0.348074;0;-327.692;8521.33;2078.47;22430.2
-0.192701;-0.350523;0;-412.724;8587.29;2171.25;23431.5
-0.188282;-0.352916;0;-497.842;8653.42;2264.01;24432.6
-0.183832;-0.355255;0;-583.033;8719.71;2356.74;25433.3
-0.179353;-0.357537;0;-668.283;8786.15;2449.41;26433.4
-0.174846;-0.359762;0;-753.578;8852.72;2542.02;27432.8
-0.170312;-0.361931;0;-587.175;9154.27;2590.13;27952
-0.16575;-0.364042;0;-615.71;9065.3;2600.62;28065.2
-0.161163;-0.366096;0;-666.336;8932.94;2608.1;28145.9
-0.156549;-0.368093;0;-716.926;8800.87;2615.6;28226.8
-0.151912;-0.370031;0;-767.473;8669.11;2623.11;28307.8
-0.14725;-0.371911;0;-817.968;8537.69;2630.62;28389
-0.142565;-0.373732;0;-868.403;8406.63;2638.15;28470.2
-0.137857;-0.375494;0;-918.771;8275.95;2645.69;28551.5
-0.133128;-0.377196;0;-969.063;8145.67;2653.23;28632.9
-0.128377;-0.378839;0;-1019.27;8015.8;2660.78;28714.4
-0.123607;-0.380423;0;-1069.39;7886.37;2668.34;28796
-0.118817;-0.381946;0;-1119.41;7757.41;2675.9;28877.5
-0.114008;-0.383409;0;-1169.32;7628.92;2683.46;28959.2
-0.109181;-0.384811;0;-1225.32;7491.75;2688.7;29015.7
-0.104337;-0.386153;0;-1233.87;7177.73;2601.76;28077.5
-0.099476;-0.387433;0;-1199.04;6875.35;2508.43;27070.3
-0.0945996;-0.388653;0;-1164.29;6573.39;2415.06;26062.6
-0.0897083;-0.389811;0;-1129.61;6271.91;2321.65;25054.6
-0.0848028;-0.390907;0;-1096.94;5983.65;2228.44;24048.7
-0.079884;-0.391942;0;-1053.64;5714.67;2135.43;23045
-0.0749525;-0.392915;0;-1006.7;5447.59;2042.44;22041.4
-0.0700092;-0.393826;0;-959.419;5180.75;1949.46;21038
-0.0650549;-0.394674;0;-911.805;4914.19;1856.51;20035
-0.0600902;-0.395461;0;-863.865;4647.95;1763.62;19032.5
-0.0551161;-0.396185;0;-815.606;4382.07;1670.79;18030.7
-0.0501333;-0.396846;0;-840.937;3970.5;1532.04;16533.3
-0.0451426;-0.397445;0;-761.915;3586.82;1378.17;14872.8
-0.0401447;-0.39798;0;-682.831;3202.91;1224.22;13211.4
-0.0351405;-0.398453;0;-603.698;2818.84;1070.2;11549.3
-0.0301307;-0.398864;0;-522.958;2434.17;916.488;9890.49
-0.0251162;-0.399211;0;-441.726;2048.27;762.432;8227.95
-0.0200977;-0.399495;0;-360.481;1662.33;608.366;6565.32
-0.0150761;-0.399716;0;-279.238;1276.41;454.315;4902.83
-0.010052;-0.399874;0;-198.007;890.588;300.302;3240.77
-0.00502642;-0.399968;0;-116.803;504.911;146.352;1579.39
-7.34788e-17;-0.4;0;-35.6381;119.443;-7.51027;-81.0488
0.00502642;-0.399968;0;40.8474;-273.82;-159.047;-1716.39
0.010052;-0.399874;0;108.11;-694.176;-308.56;-3329.89
0.0150761;-0.399716;0;175.436;-1114.89;-458.196;-4944.72
0.0200977;-0.399495;0;242.814;-1535.9;-607.933;-6560.64
0.0251162;-0.399211;0;310.234;-1957.14;-757.746;-8177.39
0.0301307;-0.398864;0;377.685;-2378.54;-907.613;-9794.7
0.0351405;-0.398453;0;445.156;-2800.04;-1057.51;-11412.3
0.0401447;-0.39798;0;512.637;-3221.56;-1207.41;-13030
0.0451426;-0.397445;0;580.118;-3643.05;-1357.29;-14647.5
0.0501333;-0.396846;0;647.586;-4064.43;-1507.14;-16264.6
0.0551161;-0.396185;0;715.082;-4876.94;-1655;-17860.3
0.0600902;-0.395461;0;782.857;-5699.31;-1803.36;-19461.3
0.0650549;-0.394674;0;837.51;-5733.34;-1889.23;-20388
0.0700092;-0.393826;0;892.505;-5732.31;-1973.75;-21300.1
0.0749525;-0.392915;0;947.515;-5731.69;-2058.28;-22212.4
0.079884;-0.391942;0;1002.53;-5731.46;-2142.81;-23124.7
0.0848028;-0.390907;0;874.62;-5874.7;-2224.85;-24009.9
0.0897083;-0.389811;0;548.015;-6147.61;-2306.67;-24892.9
0.0945996;-0.388653;0;220.739;-6420.72;-2388.51;-25776.1
0.099476;-0.387433;0;-107.155;-6693.98;-2470.35;-26659.3
0.104337;-0.386153;0;-435.616;-6967.34;-2552.19;-27542.5
0.109181;-0.384811;0;-764.591;-7240.76;-2634;-28425.4
0.114008;-0.383409;0;-1094.03;-7514.2;-2715.78;-29307.9
0.118817;-0.381946;0;-1160.42;-7615.29;-2736.09;-29527.1
0.123607;-0.380423;0;-1078.57;-7623.17;-2722.87;-29384.4
0.128377;-0.378839;0;-997.127;-7631.16;-2709.65;-29241.7
0.133128;-0.377196;0;-916.116;-7639.26;-2696.42;-29099
0.137857;-0.375494;0;-835.548;-7647.47;-2683.2;-28956.3
0.142565;-0.373732;0;-755.434;-7655.77;-2669.97;-28813.6
0.14725;-0.371911;0;-675.789;-7664.19;-2656.75;-28670.9
0.151912;-0.370031;0;-596.624;-7672.7;-2643.54;-28528.4
0.156549;-0.368093;0;-517.952;-7681.31;-2630.34;-28385.9
0.161163;-0.366096;0;-439.785;-7690.03;-2617.14;-28243.5
0.16575;-0.364042;0;-362.136;-7698.84;-2603.96;-28101.2
0.170312;-0.361931;0;-167.809;-7642.75;-2584.06;-27886.4
0.174846;-0.359762;0;43.8964;-7523.93;-2540.02;-27411.1
0.179353;-0.357537;0;-39.8912;-7427.07;-2446.97;-26407.1
0.183832;-0.355255;0;-124.218;-7330.2;-2353.87;-25402.4
0.188282;-0.352916;0;-209.07;-7233.33;-2260.73;-24397.2
0.192701;-0.350523;0;-294.435;-7136.49;-2167.56;-23391.7
0.197091;-0.348074;0;-380.299;-7039.69;-2074.38;-22386.1
0.201449;-0.345569;0;-466.649;-6942.94;-1981.2;-21380.6
0.205776;-0.343011;0;-553.47;-6846.26;-1888.04;-20375.2
0.21007;-0.340398;0;-640.749;-6749.67;-1794.9;-19370.1
0.214331;-0.337731;0;-728.472;-6653.17;-1701.82;-18365.5
0.218558;-0.335011;0;-816.626;-6556.79;-1608.79;-17361.6
0.22275;-0.332238;0;-905.197;-6460.54;-1515.84;-16358.5
0.226908;-0.329413;0;-888.271;-6075.24;-1410.1;-15217.4
0.231029;-0.326536;0;-996.233;-5929.07;-1288.54;-13905.6
0.235114;-0.323607;0;-1104.54;-5782.63;-1166.89;-12592.7
0.239162;-0.320627;0;-1213.16;-5635.92;-1045.15;-11279
0.243172;-0.317596;0;-1322.1;-5488.97;-923.357;-9964.61
0.247144;-0.314515;0;-1431.33;-5341.82;-801.52;-8649.78
0.251077;-0.311385;0;-1540.82;-5194.47;-679.661;-7334.71
0.25497;-0.308205;0;-1650.58;-5046.95;-557.799;-6019.61
0.258822;-0.304977;0;-1760.57;-4899.29;-435.953;-4704.68
0.262634;-0.301701;0;-1870.79;-4751.51;-314.143;-3390.15
0.266405;-0.298376;0;-1981.2;-4603.63;-192.389;-2076.2
0.270133;-0.295005;0;-2091.81;-4455.68;-70.7081;-763.062
0.273819;-0.291587;0;-2202.58;-4307.68;50.879;549.072
0.277461;-0.288124;0;-2123.19;-4112.66;171.006;1845.45
0.28106;-0.284614;0;-1992.45;-3939.54;278.502;3005.52
0.284614;-0.28106;0;-2077.47;-3837.47;382.206;4124.66
0.288124;-0.277461;0;-2162.35;-3734.89;485.965;5244.39
0.291587;-0.273819;0;-2247.05;-3631.82;589.761;6364.53
0.295005;-0.270133;0;-2331.57;-3528.27;693.579;7484.91
0.298376;-0.266405;0;-2415.9;-3424.27;797.402;8605.34
0.301701;-0.262634;0;-2500.01;-3319.83;901.214;9725.64
0.304977;-0.258822;0;-2583.91;-3214.96;1005;10845.7
0.308205;-0.25497;0;-2667.57;-3109.68;1108.74;11965.2
0.311385;-0.251077;0;-2750.97;-3004.01;1212.42;13084.1
0.314515;-0.247144;0;-2834.12;-2897.97;1316.02;14202.1
0.317596;-0.243172;0;-2780.67;-2602.02;1413.54;15254.5
0.320627;-0.239162;0;-2811.46;-2547.05;1478.55;15956.1
0.323607;-0.235114;0;-2841.96;-2491.44;1543.62;16658.3
0.326536;-0.231029;0;-2872.16;-2435.21;1608.73;17361
0.329413;-0.226908;0;-2902.07;-2378.36;1673.88;18064
0.332238;-0.22275;0;-2931.67;-2320.9;1739.05;18767.4
0.335011;-0.218558;0;-2960.95;-2262.84;1804.24;19470.8
0.337731;-0.214331;0;-2989.93;-2204.19;1869.43;20174.4
0.340398;-0.21007;0;-3018.58;-2144.96;1934.61;20877.8
0.343011;-0.205776;0;-3046.91;-2085.16;1999.78;21581.1
0.345569;-0.201449;0;-3074.92;-2024.79;2064.92;22284.1
0.348074;-0.197091;0;-3102.59;-1963.87;2130.03;22986.7
0.350523;-0.192701;0;-3129.92;-1902.41;2195.09;23688.7
0.352916;-0.188282;0;-3156.92;-1840.42;2260.08;24390.2
0.355255;-0.183832;0;-3112.85;-1833.75;2309.08;24918.9
0.357537;-0.179353;0;-3092.38;-1899.66;2339.12;25243.2
0.359762;-0.174846;0;-3071.25;-1964.7;2369.18;25567.6
0.361931;-0.170312;0;-2949.22;-1805.15;2397.75;25875.8
0.364042;-0.16575;0;-2804.94;-1573.57;2426.09;26181.7
0.366096;-0.161163;0;-2660.28;-1340.47;2454.43;26487.6
0.368093;-0.156549;0;-2515.27;-1105.86;2482.78;26793.5
0.370031;-0.151912;0;-2369.91;-869.803;2511.13;27099.4
0.371911;-0.14725;0;-2224.25;-632.321;2539.47;27405.3
0.373732;-0.142565;0;-2078.3;-393.457;2567.8;27711
0.375494;-0.137857;0;-1932.08;-153.248;2596.12;28016.6
0.377196;-0.133128;0;-1785.62;88.2688;2624.42;28322
0.378839;-0.128377;0;-1759.35;395.379;2652.76;28627.9
0.380423;-0.123607;0;-1934.5;678.866;2676.54;28884.5
0.381946;-0.118817;0;-2124.09;506.759;2686.03;28986.9
0.383409;-0.114008;0;-2313.73;335.734;2695.52;29089.3
0.384811;-0.109181;0;-2503.4;165.819;2705.01;29191.7
0.386153;-0.104337;0;-2621.8;222.394;2714.05;29289.3
0.387433;-0.099476;0;-2524.22;801.938;2722.32;29378.6
0.388653;-0.0945996;0;-2426.06;1382.22;2730.6;29467.9
0.389811;-0.0897083;0;-2327.34;1963.15;2738.88;29557.2
0.390907;-0.0848028;0;-2228.08;2544.63;2747.16;29646.6
0.391942;-0.079884;0;-2128.3;3126.57;2755.44;29735.9
0.392915;-0.0749525;0;-2028;3708.88;2763.71;29825.2
0.393826;-0.0700092;0;-1927.21;4291.48;2771.98;29914.5
0.394674;-0.0650549;0;-1825.94;4874.26;2780.25;30003.7
0.395461;-0.0600902;0;-1724.2;5457.13;2788.51;30092.9
0.396185;-0.0551161;0;-1697.01;5843.73;2792.64;30137.3
0.396846;-0.0501333;0;-1701.4;6158.29;2795.05;30163.4
0.397445;-0.0451426;0;-1705.23;6473.45;2797.46;30189.4
0.39798;-0.0401447;0;-1571.28;7142.36;2799.07;30206.8
0.398453;-0.0351405;0;-1323.83;8160.62;2800;30216.8
0.398864;-0.0301307;0;-1076.2;9179.45;2800.93;30226.8
0.399211;-0.0251162;0;-828.439;10198.7;2801.86;30236.9
0.399495;-0.0200977;0;-580.575;11218.2;2802.79;30246.9
0.399716;-0.0150761;0;-332.652;12237.7;2803.72;30257
0.399874;-0.010052;0;-84.7084;13257.2;2804.65;30267
0.399968;-0.00502642;0;163.216;14276.4;2805.59;30277.1
