0.4;0;0;9947.91;19548;2806.5;30287
0.399968;0.00502642;0;8803.31;18176.4;2805.5;30276.2
0.399874;0.010052;0;7635.6;16777.1;2804.49;30265.2
0.399716;0.0150761;0;6467.6;15377.4;2803.47;30254.3
0.399495;0.0200977;0;5299.51;13977.5;2802.45;30243.3
0.399211;0.0251162;0;4131.51;12577.7;2801.44;30232.3
0.398864;0.0301307;0;2963.78;11178.1;2800.42;30221.4
0.398453;0.0351405;0;1796.51;9779.1;2799.4;30210.4
0.39798;0.0401447;0;629.878;8380.79;2798.39;30199.4
0.397445;0.0451426;0;193.691;7454.87;2796.28;30176.7
0.396846;0.0501333;0;62.3161;6718.77;2793.6;30147.8
0.396185;0.0551161;0;-68.545;5983.44;2790.92;30118.9
0.395461;0.0600902;0;-198.871;5249;2788.25;30090
0.394674;0.0650549;0;-1517.34;4922.16;2780.85;30010.1
0.393826;0.0700092;0;-3040.76;4639.14;2772.56;29920.6
0.392915;0.0749525;0;-4564.32;4356.59;2764.26;29831.1
0.391942;0.079884;0;-6087.78;4074.54;2755.96;29741.6
0.390907;0.0848028;0;-7610.9;3793.05;2747.66;29652
0.389811;0.0897083;0;-9133.44;3512.16;2739.36;29562.4
0.388653;0.0945996;0;-10655.2;3231.92;2731.06;29472.8
0.387433;0.099476;0;-12175.8;2952.36;2722.76;29383.3
0.386153;0.104337;0;-13356;2871.87;2714.04;29289.2
0.384811;0.109181;0;-13746.4;3230.49;2703.86;29179.3
0.383409;0.114008;0;-14135;3589.59;2693.69;29069.5
0.381946;0.118817;0;-14522;3949.12;2683.51;28959.7
0.380423;0.123607;0;-14907.1;4309.02;2673.33;28849.9
0.378839;0.128377;0;-15426;4107.38;2650.32;28601.6
0.377196;0.133128;0;-16022;3620.89;2620.11;28275.5
0.375494;0.137857;0;-15152.6;3020.51;2591.78;27969.8
0.373732;0.142565;0;-14262.2;2419.77;2563.47;27664.2
0.371911;0.14725;0;-13370.7;1819.55;2535.14;27358.5
0.370031;0.151912;0;-12478.1;1219.94;2506.8;27052.7
0.368093;0.156549;0;-11584.7;621.025;2478.46;26746.8
0.366096;0.161163;0;-10690.5;22.9073;2450.11;26440.9
0.364042;0.16575;0;-9795.68;-574.321;2421.77;26135.1
0.361931;0.170312;0;-8900.43;-1170.57;2393.44;25829.3
0.359762;0.174846;0;-8004.85;-1765.73;2365.12;25523.7
0.357537;0.179353;0;-7109.1;-2359.73;2336.81;25218.2
0.355255;0.183832;0;-6213.31;-2952.45;2308.52;24912.9
0.352916;0.188282;0;-5774.2;-3029.49;2260.85;24398.5
0.350523;0.192701;0;-5834.71;-2611.87;2195.69;23695.3
0.348074;0.197091;0;-5894.42;-2193.45;2130.47;22991.4
0.345569;0.201449;0;-5953.33;-1774.29;2065.2;22287.1
0.343011;0.205776;0;-6011.44;-1354.46;1999.9;21582.3
0.340398;0.21007;0;-6068.73;-934.027;1934.57;20877.3
0.337731;0.214331;0;-6125.19;-513.051;1869.22;20172.1
0.335011;0.218558;0;-6180.81;-91.6026;1803.87;19466.9
0.332238;0.22275;0;-6235.59;330.252;1738.52;18761.7
0.329413;0.226908;0;-6289.52;752.447;1673.19;18056.6
0.326536;0.231029;0;-6342.59;1174.92;1607.88;17351.8
0.323607;0.235114;0;-6372.42;1609.44;1542.57;16647
0.320627;0.239162;0;-6363.5;2063.3;1477.14;15940.9
0.317596;0.243172;0;-6353.08;2517.52;1411.77;15235.4
0.314515;0.247144;0;-6337.31;2466.76;1322.45;14271.5
0.311385;0.251077;0;-6257.8;2150.26;1218.85;13153.5
0.308205;0.25497;0;-6177.49;1833.75;1115.17;12034.6
0.304977;0.258822;0;-6092.07;1518.4;1011.38;10914.5
0.301701;0.262634;0;-5997.43;1205.33;907.441;9792.84
0.298376;0.266405;0;-5900.1;893.723;803.403;8670.1
0.295005;0.270133;0;-5798.86;584.333;699.243;7546.03
0.291587;0.273819;0;-5697.22;275.218;595.084;6421.98
0.288124;0.277461;0;-5595.2;-33.5754;490.944;5298.13
0.284614;0.28106;0;-5492.82;-341.997;386.839;4174.66
0.28106;0.284614;0;-5390.1;-649.999;282.785;3051.74
0.277461;0.288124;0;-5317.83;-979.006;176.654;1906.4
0.273819;0.291587;0;-4729.66;-1131.91;55.3972;597.831
0.270133;0.295005;0;-4141.24;-1285.03;-65.9718;-711.95
0.266405;0.298376;0;-3552.68;-1438.34;-187.434;-2022.74
0.262634;0.301701;0;-2964.05;-1591.83;-308.971;-3334.33
0.258822;0.304977;0;-2375.46;-1745.46;-430.564;-4646.52
0.25497;0.308205;0;-1787.01;-1899.21;-552.192;-5959.1
0.251077;0.311385;0;-1205.13;-2054.91;-673.925;-7272.81
0.247144;0.314515;0;-625.329;-2211.47;-795.686;-8586.82
0.243172;0.317596;0;-54.7674;-2373.07;-917.589;-9902.36
0.239162;0.320627;0;515.215;-2534.81;-1039.45;-11217.5
0.235114;0.323607;0;1084.53;-2696.67;-1161.26;-12532
0.231029;0.326536;0;1653.08;-2858.63;-1282.99;-13845.7
0.226908;0.329413;0;2220.79;-3020.65;-1404.63;-15158.4
0.22275;0.332238;0;2663.79;-3198.36;-1510.77;-16303.8
0.218558;0.335011;0;3095.16;-3279.94;-1602.76;-17296.5
0.214331;0.337731;0;3525.95;-3362.31;-1694.83;-18290.1
0.21007;0.340398;0;3956.09;-3445.45;-1786.96;-19284.3
0.205776;0.343011;0;4385.49;-3529.35;-1879.14;-20279.1
0.201449;0.345569;0;4814.11;-3614;-1971.35;-21274.2
0.197091;0.348074;0;5241.87;-3699.38;-2063.58;-22269.6
0.192701;0.350523;0;5668.7;-3785.48;-2155.81;-23264.9
0.188282;0.352916;0;6094.53;-3872.29;-2248.04;-24260.2
0.183832;0.355255;0;6519.31;-3959.79;-2340.24;-25255.2
0.179353;0.357537;0;6942.95;-4047.98;-2432.39;-26249.7
0.174846;0.359762;0;7365.4;-4136.82;-2524.5;-27243.7
0.170312;0.361931;0;7602.04;-4354.92;-2597.61;-28032.7
0.16575;0.364042;0;6279.72;-5399.79;-2615.24;-28222.9
0.161163;0.366096;0;4896.98;-6472.75;-2632.48;-28409
0.156549;0.368093;0;3512.83;-7546.79;-2649.73;-28595.2
0.151912;0.370031;0;2127.5;-8621.74;-2667;-28781.6
0.14725;0.371911;0;741.205;-9697.44;-2684.29;-28968.1
0.142565;0.373732;0;-645.838;-10773.7;-2701.58;-29154.7
0.137857;0.375494;0;-2033.41;-11850.4;-2718.88;-29341.3
0.133128;0.377196;0;-3421.29;-12927.3;-2736.18;-29528.1
0.128377;0.378839;0;-4809.25;-14004.2;-2753.48;-29714.8
0.123607;0.380423;0;-6197.09;-15081.1;-2770.78;-29901.5
0.118817;0.381946;0;-6545.27;-15203.7;-2742.39;-29595.1
0.114008;0.383409;0;-5744.4;-14258;-2660.12;-28707.3
0.109181;0.384811;0;-4943.18;-13311.8;-2577.81;-27819
0.104337;0.386153;0;-4141.72;-12365.4;-2495.49;-26930.6
0.099476;0.387433;0;-3340.16;-11418.9;-2413.15;-26042
0.0945996;0.388653;0;-2538.62;-10472.4;-2330.81;-25153.5
0.0897083;0.389811;0;-1737.23;-9526.15;-2248.49;-24265.1
0.0848028;0.390907;0;-936.113;-8580.21;-2166.2;-23377.1
0.079884;0.391942;0;-135.399;-7634.76;-2083.95;-22489.5
0.0749525;0.392915;0;664.786;-6689.94;-2001.76;-21602.4
0.0700092;0.393826;0;1464.32;-5745.91;-1919.64;-20716.2
0.0650549;0.394674;0;2263.07;-4802.82;-1837.59;-19830.8
0.0600902;0.395461;0;3060.91;-3860.81;-1755.64;-18946.4
0.0551161;0.396185;0;3857.72;-2920.04;-1673.8;-18063.1
0.0501333;0.396846;0;3607.05;-2648.56;-1528.15;-16491.3
0.0451426;0.397445;0;3192.03;-2455.76;-1373.21;-14819.3
0.0401447;0.39798;0;2776.5;-2262.74;-1218.1;-13145.4
0.0351405;0.398453;0;2360.54;-2069.53;-1062.83;-11469.8
0.0301307;0.398864;0;1944.21;-1876.15;-907.441;-9792.85
0.0251162;0.399211;0;1527.56;-1682.65;-751.946;-8114.79
0.0200977;0.399495;0;1110.68;-1489.04;-596.372;-6435.88
0.0150761;0.399716;0;693.618;-1295.36;-440.745;-4756.4
0.010052;0.399874;0;276.447;-1101.65;-285.089;-3076.6
0.00502642;0.399968;0;-140.769;-907.926;-129.429;-1396.76
2.44929e-17;0.4;0;-557.962;-714.225;26.2121;282.874
-0.00502642;0.399968;0;-975.068;-520.576;181.808;1962.02
-0.010052;0.399874;0;-1392.02;-327.011;337.335;3640.43
-0.0150761;0.399716;0;-1808.75;-133.559;492.768;5317.82
-0.0200977;0.399495;0;-2225.2;59.7484;648.083;6993.93
-0.0251162;0.399211;0;-2641.3;252.881;803.255;8668.5
-0.0301307;0.398864;0;-3056.98;445.808;958.26;10341.3
-0.0351405;0.398453;0;-3144.41;740.759;1109.26;11970.8
-0.0401447;0.39798;0;-3052.25;1086.47;1236.91;13348.3
-0.0451426;0.397445;0;-3324.07;1308.97;1345.05;14515.4
-0.0501333;0.396846;0;-3595.55;1531.87;1453.29;15683.5
-0.0551161;0.396185;0;-3866.64;1755.14;1561.61;16852.4
-0.0600902;0.395461;0;-4137.3;1978.72;1669.99;18022
-0.0650549;0.394674;0;-4407.49;2202.6;1778.41;19192.1
-0.0700092;0.393826;0;-4677.16;2426.73;1886.86;20362.4
-0.0749525;0.392915;0;-4946.27;2651.08;1995.32;21532.9
-0.079884;0.391942;0;-5214.77;2875.61;2103.77;22703.3
-0.0848028;0.390907;0;-5482.64;3100.29;2212.19;23873.4
-0.0897083;0.389811;0;-5749.82;3325.08;2320.58;25043
-0.0945996;0.388653;0;-6016.26;3549.95;2428.9;26212
-0.099476;0.387433;0;-6281.94;3774.86;2537.15;27380.2
-0.104337;0.386153;0;-6279.41;4054.16;2624.74;28325.5
-0.109181;0.384811;0;-6163.62;4273.52;2650.92;28608
-0.114008;0.383409;0;-6399.1;4326.34;2644.31;28536.7
-0.118817;0.381946;0;-6633.88;4379.53;2637.71;28465.4
-0.123607;0.380423;0;-6867.92;4433.08;2631.11;28394.2
-0.128377;0.378839;0;-7101.18;4486.97;2624.52;28323.1
-0.133128;0.377196;0;-7333.63;4541.2;2617.94;28252
-0.137857;0.375494;0;-7565.22;4595.76;2611.37;28181.1
-0.142565;0.373732;0;-7795.93;4650.64;2604.8;28110.3
-0.14725;0.371911;0;-8025.71;4705.83;2598.26;28039.6
-0.151912;0.370031;0;-8159.09;4805.58;2592.92;27982
-0.156549;0.368093;0;-8138.57;5004.11;2589.6;27946.3
-0.161163;0.366096;0;-8117.18;5203.27;2586.3;27910.7
-0.16575;0.364042;0;-8094.91;5403.04;2583.02;27875.2
-0.170312;0.361931;0;-8071.77;5603.37;2579.75;27839.9
-0.174846;0.359762;0;-8156.21;5501.02;2539.56;27406.2
-0.179353;0.357537;0;-7661.05;5388.65;2447.84;26416.4
-0.183832;0.355255;0;-7164.96;5276.75;2356.05;25425.8
-0.188282;0.352916;0;-6668;5165.33;2264.21;24434.8
-0.192701;0.350523;0;-6170.26;5054.41;2172.34;23443.3
-0.197091;0.348074;0;-5671.82;4944.01;2080.45;22451.6
-0.201449;0.345569;0;-5172.75;4834.14;1988.55;21459.9
-0.205776;0.343011;0;-4673.14;4724.83;1896.66;20468.2
-0.21007;0.340398;0;-4173.07;4616.09;1804.79;19476.8
-0.214331;0.337731;0;-3672.6;4507.93;1712.96;18485.8
-0.218558;0.335011;0;-3171.83;4400.38;1621.18;17495.3
-0.22275;0.332238;0;-2783.31;4178.36;1525.03;16457.6
-0.226908;0.329413;0;-2734.66;3591.93;1412.29;15241
-0.231029;0.326536;0;-2350.64;3564.94;1292.56;13948.9
-0.235114;0.323607;0;-1962.65;3536.8;1171.16;12638.8
-0.239162;0.320627;0;-1574.28;3508.71;1049.68;11327.8
-0.243172;0.317596;0;-1185.58;3480.69;928.139;10016.2
-0.247144;0.314515;0;-796.621;3452.73;806.558;8704.15
-0.251077;0.311385;0;-407.455;3424.84;684.956;7391.85
-0.25497;0.308205;0;-18.1461;3397.03;563.351;6079.52
-0.258822;0.304977;0;371.243;3369.3;441.762;4767.37
-0.262634;0.301701;0;760.652;3341.65;320.209;3455.61
-0.266405;0.298376;0;1150.02;3314.09;198.712;2144.44
-0.270133;0.295005;0;1539.28;3286.62;77.2882;834.073
-0.273819;0.291587;0;1928.38;3259.24;-44.0419;-475.287
-0.277461;0.288124;0;1925.59;2805.81;-160.648;-1733.66
-0.28106;0.284614;0;2036.46;2406.76;-271.124;-2925.89
-0.284614;0.28106;0;2561.46;2362.35;-375.748;-4054.97
-0.288124;0.277461;0;3086.48;2317.57;-480.42;-5184.56
-0.291587;0.273819;0;3611.45;2272.44;-585.122;-6314.47
-0.295005;0.270133;0;4136.29;2226.95;-689.837;-7444.53
-0.298376;0.266405;0;4660.9;2181.13;-794.55;-8574.56
-0.301701;0.262634;0;5185.21;2134.97;-899.244;-9704.38
-0.304977;0.258822;0;5709.13;2088.48;-1003.9;-10833.8
-0.308205;0.25497;0;6232.59;2041.67;-1108.51;-11962.7
-0.311385;0.251077;0;6755.49;1994.55;-1213.04;-13090.8
-0.314515;0.247144;0;7277.76;1947.12;-1317.49;-14218
-0.317596;0.243172;0;7259.15;1616.4;-1410.13;-15217.7
-0.320627;0.239162;0;7711.26;1639.26;-1475.25;-15920.5
-0.323607;0.235114;0;8162.94;1661.51;-1540.43;-16623.9
-0.326536;0.231029;0;8614.12;1683.13;-1605.65;-17327.7
-0.329413;0.226908;0;9064.71;1704.13;-1670.9;-18031.9
-0.332238;0.22275;0;9514.65;1724.5;-1736.17;-18736.3
-0.335011;0.218558;0;9963.5;1743.96;-1801.45;-19440.8
-0.337731;0.214331;0;10217.1;1636.4;-1866.21;-20139.6
-0.340398;0.21007;0;10415.8;1499.74;-1931.12;-20840.1
-0.343011;0.205776;0;10613.5;1362.59;-1996.02;-21540.5
-0.345569;0.201449;0;10810.1;1224.96;-2060.89;-22240.6
-0.348074;0.197091;0;11005.6;1086.87;-2125.74;-22940.4
-0.350523;0.192701;0;11199.9;948.351;-2190.55;-23639.8
-0.352916;0.188282;0;11393.1;809.418;-2255.3;-24338.6
-0.355255;0.183832;0;12150;870.067;-2310.72;-24936.6
-0.357537;0.179353;0;12374.2;927.327;-2341.27;-25266.3
-0.359762;0.174846;0;12590.5;983.537;-2371.78;-25595.6
-0.361931;0.170312;0;12805.9;1039.09;-2402.31;-25925
-0.364042;0.16575;0;13020.5;1093.96;-2432.84;-26254.5
-0.366096;0.161163;0;13234.2;1148.16;-2463.37;-26584
-0.368093;0.156549;0;13447;1201.67;-2493.89;-26913.4
-0.370031;0.151912;0;13658.8;1254.48;-2524.4;-27242.7
-0.371911;0.14725;0;13869.7;1306.58;-2554.9;-27571.8
-0.373732;0.142565;0;14079.5;1357.98;-2585.38;-27900.7
-0.375494;0.137857;0;14288.3;1408.65;-2615.84;-28229.4
-0.377196;0.133128;0;14002.5;1191.98;-2644.58;-28539.6
-0.378839;0.128377;0;13799.2;1174.55;-2657.65;-28680.6
-0.380423;0.123607;0;13931.5;1378.93;-2667.93;-28791.6
-0.381946;0.118817;0;14062.6;1582.6;-2678.22;-28902.6
-0.383409;0.114008;0;14192.5;1785.54;-2688.52;-29013.7
-0.384811;0.109181;0;14321.1;1987.69;-2698.82;-29124.9
-0.386153;0.104337;0;14448.5;2189.05;-2709.12;-29236.1
-0.387433;0.099476;0;14574.6;2389.56;-2719.42;-29347.2
-0.388653;0.0945996;0;14699.3;2589.21;-2729.73;-29458.4
-0.389811;0.0897083;0;14822.7;2787.96;-2740.03;-29569.6
-0.390907;0.0848028;0;14944.8;2985.78;-2750.32;-29680.7
-0.391942;0.079884;0;15065.5;3182.64;-2760.61;-29791.8
-0.392915;0.0749525;0;15184.7;3378.5;-2770.9;-29902.7
-0.393826;0.0700092;0;15302.6;3573.34;-2781.17;-30013.6
-0.394674;0.0650549;0;15434;3773.34;-2791.34;-30123.4
-0.395461;0.0600902;0;15642.6;3952.25;-2793.9;-30151
-0.396185;0.0551161;0;15711.9;4065.82;-2795.57;-30169
-0.396846;0.0501333;0;15779.9;4178.42;-2797.23;-30187
-0.397445;0.0451426;0;15846.6;4290.03;-2798.9;-30204.9
-0.39798;0.0401447;0;15911.9;4400.63;-2800.56;-30222.9
-0.398453;0.0351405;0;15934.3;4477.97;-2802.18;-30240.3
-0.398864;0.0301307;0;15899.2;4505.23;-2803.74;-30257.1
-0.399211;0.0251162;0;15847.3;4517.22;-2805.28;-30273.8
-0.399495;0.0200977;0;15794.1;4527.97;-2806.82;-30290.4
-0.399716;0.0150761;0;15739.5;4537.46;-2808.36;-30307
-0.399874;0.010052;0;15683.6;4545.7;-2809.9;-30323.6
-0.399968;0.00502642;0;15626.3;4552.68;-2811.43;-30340.2
-0.4;4.89859e-17;0;15567.7;4558.4;-2812.96;-30356.7
-0.399968;-0.00502642;0;15577.8;4544.24;-2811.88;-30345
-0.399874;-0.010052;0;15610;4514.2;-2810.25;-30327.4
-0.399716;-0.0150761;0;15640.9;4482.92;-2808.62;-30309.8
-0.399495;-0.0200977;0;15670.3;4450.41;-2806.99;-30292.2
-0.399211;-0.0251162;0;15698.4;4416.66;-2805.35;-30274.6
-0.398864;-0.0301307;0;15725;4381.68;-2803.72;-30256.9
-0.398453;-0.0351405;0;15750.3;4345.48;-2802.08;-30239.3
-0.39798;-0.0401447;0;15774.2;4308.07;-2800.44;-30221.6
-0.397445;-0.0451426;0;15796.7;4269.44;-2798.8;-30203.9
-0.396846;-0.0501333;0;15817.7;4229.61;-2797.16;-30186.2
-0.396185;-0.0551161;0;15837.4;4188.59;-2795.52;-30168.5
-0.395461;-0.0600902;0;15855.7;4146.37;-2793.88;-30150.8
-0.394674;-0.0650549;0;15865.2;4096.92;-2792.23;-30133
-0.393826;-0.0700092;0;15571.7;3884.49;-2782.67;-30029.7
-0.392915;-0.0749525;0;15258;3658.64;-2772.8;-29923.3
-0.391942;-0.079884;0;14942.8;3431.55;-2762.93;-29816.8
-0.390907;-0.0848028;0;14626.1;3203.26;-2753.05;-29710.2
-0.389811;-0.0897083;0;14308;2973.8;-2743.16;-29603.5
-0.388653;-0.0945996;0;13988.6;2743.21;-2733.27;-29496.7
-0.387433;-0.099476;0;13667.8;2511.52;-2723.38;-29389.9
-0.386153;-0.104337;0;13345.7;2278.77;-2713.48;-29283.2
-0.384811;-0.109181;0;13022.5;2045;-2703.59;-29176.4
-0.383409;-0.114008;0;12698;1810.25;-2693.69;-29069.6
-0.381946;-0.118817;0;12372.5;1574.55;-2683.8;-28962.8
-0.380423;-0.123607;0;12045.9;1337.94;-2673.92;-28856.1
-0.378839;-0.128377;0;11793.1;1118.58;-2661.99;-28727.4
-0.377196;-0.133128;0;12032.3;991.561;-2634.44;-28430.1
-0.375494;-0.137857;0;12269.9;863.048;-2606.86;-28132.6
-0.373732;-0.142565;0;12505.3;732.556;-2579.28;-27834.9
-0.371911;-0.14725;0;11868.8;11.0309;-2549.33;-27511.6
-0.370031;-0.151912;0;11195.3;-729.196;-2519.02;-27184.6
-0.368093;-0.156549;0;10520.5;-1470.12;-2488.7;-26857.4
-0.366096;-0.161163;0;9844.56;-2211.63;-2458.37;-26530
-0.364042;-0.16575;0;9167.62;-2953.59;-2428.03;-26202.7
-0.361931;-0.170312;0;8489.76;-3695.91;-2397.69;-25875.2
-0.359762;-0.174846;0;7811.09;-4438.45;-2367.36;-25547.9
-0.357537;-0.179353;0;7131.71;-5181.1;-2337.03;-25220.6
-0.355255;-0.183832;0;6856.37;-5249.58;-2287.14;-24682.2
-0.352916;-0.188282;0;6584.11;-5296.82;-2235.58;-24125.7
-0.350523;-0.192701;0;6539.41;-4981.95;-2177.89;-23503.2
-0.348074;-0.197091;0;6676.79;-4390.66;-2114.21;-22815.9
-0.345569;-0.201449;0;6813.46;-3799.5;-2050.49;-22128.3
-0.343011;-0.205776;0;6949.4;-3208.54;-1986.76;-21440.5
-0.340398;-0.21007;0;7084.59;-2617.9;-1923.01;-20752.6
-0.337731;-0.214331;0;7219;-2027.65;-1859.27;-20064.7
-0.335011;-0.218558;0;7352.62;-1437.9;-1795.54;-19377
-0.332238;-0.22275;0;7485.42;-848.729;-1731.83;-18689.4
-0.329413;-0.226908;0;7617.39;-260.239;-1668.15;-18002.2
-0.326536;-0.231029;0;7218.15;4.43281;-1603.91;-17308.9
-0.323607;-0.235114;0;6747.91;225.109;-1538.95;-16608
-0.320627;-0.239162;0;6277.28;445.123;-1474.04;-15907.4
-0.317596;-0.243172;0;5889.47;709.354;-1407.2;-15186.2
-0.314515;-0.247144;0;6141.39;1341.67;-1312.08;-14159.6
-0.311385;-0.251077;0;5563.77;1339.65;-1207.58;-13031.8
-0.308205;-0.25497;0;4985.61;1337.5;-1102.98;-11903.1
-0.304977;-0.258822;0;4407;1335.21;-998.323;-10773.6
-0.301701;-0.262634;0;3828.02;1332.79;-893.607;-9643.56
-0.298376;-0.266405;0;3248.77;1330.23;-788.855;-8513.1
-0.295005;-0.270133;0;2669.34;1327.54;-684.083;-7382.43
-0.291587;-0.273819;0;2089.82;1324.72;-579.307;-6251.72
-0.288124;-0.277461;0;1510.3;1321.77;-474.544;-5121.14
-0.284614;-0.28106;0;930.878;1318.68;-369.81;-3990.89
-0.28106;-0.284614;0;351.639;1315.47;-265.123;-2861.13
-0.277461;-0.288124;0;406.126;1766.43;-151.436;-1634.26
-0.273819;-0.291587;0;534.151;2276.84;-34.7548;-375.064
-0.270133;-0.295005;0;271.427;2404.14;83.8132;904.488
-0.266405;-0.298376;0;-24.266;2507.84;204.853;2210.72
-0.262634;-0.301701;0;-320.001;2611.67;325.954;3517.61
-0.258822;-0.304977;0;-615.732;2715.59;447.098;4824.96
-0.25497;-0.308205;0;-911.411;2819.61;568.265;6132.55
-0.251077;-0.311385;0;-1206.99;2923.69;689.436;7440.2
-0.247144;-0.314515;0;-1502.43;3027.84;810.592;8747.68
-0.243172;-0.317596;0;-1797.68;3132.01;931.713;10054.8
-0.239162;-0.320627;0;-2092.69;3236.22;1052.78;11361.3
-0.235114;-0.323607;0;-2387.41;3340.42;1173.78;12667.1
-0.231029;-0.326536;0;-2681.8;3444.62;1294.68;13971.8
-0.226908;-0.329413;0;-2740.54;3776.92;1409.85;15214.7
-0.22275;-0.332238;0;-2518.63;4392.9;1522.21;16427.2
-0.218558;-0.335011;0;-2924.4;4497.62;1614.75;17425.9
-0.214331;-0.337731;0;-3358.17;4583.49;1707.42;18426
-0.21007;-0.340398;0;-3791.54;4669.91;1800.14;19426.6
-0.205776;-0.343011;0;-4224.43;4756.86;1892.9;20427.6
-0.201449;-0.345569;0;-4656.77;4844.32;1985.68;21428.9
-0.197091;-0.348074;0;-5088.5;4932.29;2078.47;22430.2
-0.192701;-0.350523;0;-5519.54;5020.76;2171.25;23431.5
-0.188282;-0.352916;0;-5949.84;5109.7;2264.01;24432.6
-0.183832;-0.355255;0;-6379.32;5199.1;2356.74;25433.3
-0.179353;-0.357537;0;-6807.91;5288.95;2449.41;26433.4
-0.174846;-0.359762;0;-7235.55;5379.24;2542.02;27432.8
-0.170312;-0.361931;0;-6991.96;5747.82;2590.13;27952
-0.16575;-0.364042;0;-6922.97;5673.45;2600.62;28065.2
-0.161163;-0.366096;0;-6884.02;5548.03;2608.1;28145.9
-0.156549;-0.368093;0;-6844.3;5423.18;2615.6;28226.8
-0.151912;-0.370031;0;-6803.82;5298.93;2623.11;28307.8
-0.14725;-0.371911;0;-6762.59;5175.29;2630.62;28389
-0.142565;-0.373732;0;-6720.61;5052.28;2638.15;28470.2
-0.137857;-0.375494;0;-6677.89;4929.93;2645.69;28551.5
-0.133128;-0.377196;0;-6634.44;4808.25;2653.23;28632.9
-0.128377;-0.378839;0;-6590.26;4687.27;2660.78;28714.4
-0.123607;-0.380423;0;-6545.36;4566.99;2668.34;28796
-0.118817;-0.381946;0;-6499.75;4447.45;2675.9;28877.5
-0.114008;-0.383409;0;-6453.44;4328.66;2683.46;28959.2
-0.109181;-0.384811;0;-6440.92;4185.43;2688.7;29015.7
-0.104337;-0.386153;0;-6554.83;3892.57;2601.76;28077.5
-0.099476;-0.387433;0;-6515.08;3701.08;2508.43;27070.3
-0.0945996;-0.388653;0;-6474.8;3510.11;2415.06;26062.6
-0.0897083;-0.389811;0;-6434;3319.71;2321.65;25054.6
-0.0848028;-0.390907;0;-6381.99;3143.37;2228.44;24048.7
-0.079884;-0.391942;0;-6300.36;2992.84;2135.43;23045
-0.0749525;-0.392915;0;-6213.27;2845.86;2042.44;22041.4
-0.0700092;-0.393826;0;-6125.68;2699.24;1949.46;21038
-0.0650549;-0.394674;0;-6037.6;2553.02;1856.51;20035
-0.0600902;-0.395461;0;-5949.04;2407.22;1763.62;19032.5
-0.0551161;-0.396185;0;-5860.01;2261.86;1670.79;18030.7
-0.0501333;-0.396846;0;-5587.86;2027.8;1532.04;16533.3
-0.0451426;-0.397445;0;-4984.25;1929.4;1378.17;14872.8
-0.0401447;-0.39798;0;-4380.43;1830.88;1224.22;13211.4
-0.0351405;-0.398453;0;-3776.51;1732.25;1070.2;11549.3
-0.0301307;-0.398864;0;-3193.36;1620.63;916.488;9890.49
-0.0251162;-0.399211;0;-2615.18;1503.69;762.432;8227.95
-0.0200977;-0.399495;0;-2037.12;1386.61;608.366;6565.32
-0.0150761;-0.399716;0;-1459.28;1269.41;454.315;4902.83
-0.010052;-0.399874;0;-881.743;1152.11;300.302;3240.77
-0.00502642;-0.399968;0;-304.602;1034.73;146.352;1579.39
-7.34788e-17;-0.4;0;272.053;917.275;-7.51027;-81.0488
0.00502642;-0.399968;0;749.924;722.855;-159.047;-1716.39
0.010052;-0.399874;0;1007.55;344.053;-308.56;-3329.89
0.0150761;-0.399716;0;1265.19;-35.2194;-458.196;-4944.72
0.0200977;-0.399495;0;1522.82;-414.902;-607.933;-6560.64
0.0251162;-0.399211;0;1780.4;-794.936;-757.746;-8177.39
0.0301307;-0.398864;0;2037.88;-1175.26;-907.613;-9794.7
0.0351405;-0.398453;0;2295.22;-1555.81;-1057.51;-11412.3
0.0401447;-0.39798;0;2552.38;-1936.54;-1207.41;-13030
0.0451426;-0.397445;0;2809.32;-2317.37;-1357.29;-14647.5
0.0501333;-0.396846;0;3066.01;-2698.26;-1507.14;-16264.6
0.0551161;-0.396185;0;3092.44;-3409.1;-1655;-17860.3
0.0600902;-0.395461;0;3113.94;-4129.09;-1803.36;-19461.3
0.0650549;-0.394674;0;3658.38;-4220.65;-1889.23;-20388
0.0700092;-0.393826;0;4235.83;-4285.29;-1973.75;-21300.1
0.0749525;-0.392915;0;4812.91;-4350.44;-2058.28;-22212.4
0.079884;-0.391942;0;5389.51;-4416.08;-2142.81;-23124.7
0.0848028;-0.390907;0;5556.34;-4697.77;-2224.85;-24009.9
0.0897083;-0.389811;0;5323.29;-5184.15;-2306.67;-24892.9
0.0945996;-0.388653;0;5089.3;-5670.93;-2388.51;-25776.1
0.099476;-0.387433;0;4854.38;-6158.05;-2470.35;-26659.3
0.104337;-0.386153;0;4618.59;-6645.41;-2552.19;-27542.5
0.109181;-0.384811;0;4381.96;-7132.94;-2634;-28425.4
0.114008;-0.383409;0;4144.53;-7620.57;-2715.78;-29307.9
0.118817;-0.381946;0;4236.22;-7666.56;-2736.09;-29527.1
0.123607;-0.380423;0;4521.07;-7465.9;-2722.87;-29384.4
0.128377;-0.378839;0;4805.37;-7265.38;-2709.65;-29241.7
0.133128;-0.377196;0;5089.08;-7065.03;-2696.42;-29099
0.137857;-0.375494;0;5372.16;-6864.89;-2683.2;-28956.3
0.142565;-0.373732;0;5654.56;-6664.99;-2669.97;-28813.6
0.14725;-0.371911;0;5936.23;-6465.35;-2656.75;-28670.9
0.151912;-0.370031;0;6217.13;-6266.01;-2643.54;-28528.4
0.156549;-0.368093;0;6497.21;-6067;-2630.34;-28385.9
0.161163;-0.366096;0;6776.44;-5868.35;-2617.14;-28243.5
0.16575;-0.364042;0;7054.77;-5670.1;-2603.96;-28101.2
0.170312;-0.361931;0;7475.16;-5391.96;-2584.06;-27886.4
0.174846;-0.359762;0;7795.68;-5082.5;-2540.02;-27411.1
0.179353;-0.357537;0;7410.62;-4925.55;-2446.97;-26407.1
0.183832;-0.355255;0;7024.57;-4768.73;-2353.87;-25402.4
0.188282;-0.352916;0;6637.61;-4612.06;-2260.73;-24397.2
0.192701;-0.350523;0;6249.78;-4455.56;-2167.56;-23391.7
0.197091;-0.348074;0;5861.16;-4299.26;-2074.38;-22386.1
0.201449;-0.345569;0;5471.8;-4143.19;-1981.2;-21380.6
0.205776;-0.343011;0;5081.77;-3987.36;-1888.04;-20375.2
0.21007;-0.340398;0;4691.12;-3831.8;-1794.9;-19370.1
0.214331;-0.337731;0;4299.91;-3676.54;-1701.82;-18365.5
0.218558;-0.335011;0;3908.22;-3521.61;-1608.79;-17361.6
0.22275;-0.332238;0;3516.1;-3367.02;-1515.84;-16358.5
0.226908;-0.329413;0;3446.16;-2990.88;-1410.1;-15217.4
0.231029;-0.326536;0;2964.81;-2794.78;-1288.54;-13905.6
0.235114;-0.323607;0;2482.82;-2598.53;-1166.89;-12592.7
0.239162;-0.320627;0;2000.26;-2402.16;-1045.15;-11279
0.243172;-0.317596;0;1517.22;-2205.68;-923.357;-9964.61
0.247144;-0.314515;0;1033.77;-2009.15;-801.52;-8649.78
0.251077;-0.311385;0;549.986;-1812.58;-679.661;-7334.71
0.25497;-0.308205;0;65.9445;-1616.01;-557.799;-6019.61
0.258822;-0.304977;0;-418.278;-1419.47;-435.953;-4704.68
0.262634;-0.301701;0;-902.604;-1222.99;-314.143;-3390.15
0.266405;-0.298376;0;-1386.96;-1026.6;-192.389;-2076.2
0.270133;-0.295005;0;-1871.26;-830.336;-70.7081;-763.062
0.273819;-0.291587;0;-2355.44;-634.223;50.879;549.072
0.277461;-0.288124;0;-2601.89;-386.424;171.006;1845.45
0.28106;-0.284614;0;-2661.95;-292.858;278.502;3005.52
0.284614;-0.28106;0;-2937.5;-334.292;382.206;4124.66
0.288124;-0.277461;0;-3212.84;-375.559;485.965;5244.39
0.291587;-0.273819;0;-3487.93;-416.651;589.761;6364.53
0.295005;-0.270133;0;-3762.72;-457.562;693.579;7484.91
0.298376;-0.266405;0;-4037.18;-498.285;797.402;8605.34
0.301701;-0.262634;0;-4311.25;-538.815;901.214;9725.64
0.304977;-0.258822;0;-4584.9;-579.144;1005;10845.7
0.308205;-0.25497;0;-4858.08;-619.267;1108.74;11965.2
0.311385;-0.251077;0;-5130.74;-659.176;1212.42;13084.1
0.314515;-0.247144;0;-5402.85;-698.867;1316.02;14202.1
0.317596;-0.243172;0;-5240.18;-492.566;1413.54;15254.5
0.320627;-0.239162;0;-5419.35;-771.944;1478.55;15956.1
0.323607;-0.235114;0;-5597.83;-1051.01;1543.62;16658.3
0.326536;-0.231029;0;-5775.6;-1329.72;1608.73;17361
0.329413;-0.226908;0;-5952.62;-1608.04;1673.88;18064
0.332238;-0.22275;0;-6128.87;-1885.91;1739.05;18767.4
0.335011;-0.218558;0;-6304.33;-2163.3;1804.24;19470.8
0.337731;-0.214331;0;-6478.96;-2440.15;1869.43;20174.4
0.340398;-0.21007;0;-6652.74;-2716.44;1934.61;20877.8
0.343011;-0.205776;0;-6825.63;-2992.1;1999.78;21581.1
0.345569;-0.201449;0;-6997.62;-3267.1;2064.92;22284.1
0.348074;-0.197091;0;-7168.67;-3541.4;2130.03;22986.7
0.350523;-0.192701;0;-7338.77;-3814.96;2195.09;23688.7
0.352916;-0.188282;0;-7507.87;-4087.72;2260.08;24390.2
0.355255;-0.183832;0;-8074.08;-4393.76;2309.08;24918.9
0.357537;-0.179353;0;-8859.62;-4742.1;2339.12;25243.2
0.359762;-0.174846;0;-9644.8;-5089.82;2369.18;25567.6
0.361931;-0.170312;0;-10262.6;-5231.15;2397.75;25875.8
0.364042;-0.16575;0;-10840.4;-5309.39;2426.09;26181.7
0.366096;-0.161163;0;-11417.6;-5386.42;2454.43;26487.6
0.368093;-0.156549;0;-11994.4;-5462.21;2482.78;26793.5
0.370031;-0.151912;0;-12570.4;-5536.77;2511.13;27099.4
0.371911;-0.14725;0;-13145.8;-5610.07;2539.47;27405.3
0.373732;-0.142565;0;-13720.3;-5682.11;2567.8;27711
0.375494;-0.137857;0;-14293.9;-5752.88;2596.12;28016.6
0.377196;-0.133128;0;-14866.4;-5822.36;2624.42;28322
0.378839;-0.128377;0;-14902.5;-5611.25;2652.76;28627.9
0.380423;-0.123607;0;-14205.5;-5013.7;2676.54;28884.5
0.381946;-0.118817;0;-14041.2;-4682.12;2686.03;28986.9
0.383409;-0.114008;0;-13875.4;-4348.99;2695.52;29089.3
0.384811;-0.109181;0;-13708.3;-4014.38;2705.01;29191.7
0.386153;-0.104337;0;-13260.1;-3439.04;2714.05;29289.3
0.387433;-0.099476;0;-12115.7;-2293.66;2722.32;29378.6
0.388653;-0.0945996;0;-10970;-1147.25;2730.6;29467.9
0.389811;-0.0897083;0;-9823.02;0.021081;2738.88;29557.2
0.390907;-0.0848028;0;-8675.06;1147.96;2747.16;29646.6
0.391942;-0.079884;0;-7526.28;2296.39;2755.44;29735.9
0.392915;-0.0749525;0;-6376.84;3445.13;2763.71;29825.2
0.393826;-0.0700092;0;-5226.95;4593.99;2771.98;29914.5
0.394674;-0.0650549;0;-4076.77;5742.81;2780.25;30003.7
0.395461;-0.0600902;0;-2926.49;6891.38;2788.51;30092.9
0.396185;-0.0551161;0;-2227.32;7560.52;2792.64;30137.3
0.396846;-0.0501333;0;-1702.09;8040.85;2795.05;30163.4
0.397445;-0.0451426;0;-1175.82;8521.85;2797.46;30189.4
0.39798;-0.0401447;0;-266.286;9396.8;2799.07;30206.8
0.398453;-0.0351405;0;1012.23;10667.6;2800;30216.8
0.398864;-0.0301307;0;2291.48;11939;2800.93;30226.8
0.399211;-0.0251162;0;3571.28;13211;2801.86;30236.9
0.399495;-0.0200977;0;4851.42;14483.3;2802.79;30246.9
0.399716;-0.0150761;0;6131.7;15755.6;2803.72;30257
0.399874;-0.010052;0;7411.91;17027.9;2804.65;30267
0.399968;-0.00502642;0;8691.85;18299.8;2805.59;30277.1
