0.4;0;0;1123.64;8706.47;2806.5;30287
0.399968;0.00502642;0;1015.23;9000;2805.5;30276.2
0.399874;0.010052;0;904.621;9299.48;2804.49;30265.2
0.399716;0.0150761;0;793.984;9599.04;2803.47;30254.3
0.399495;0.0200977;0;683.333;9898.63;2802.45;30243.3
0.399211;0.0251162;0;572.686;10198.2;2801.44;30232.3
0.398864;0.0301307;0;462.06;10497.8;2800.42;30221.4
0.398453;0.0351405;0;351.473;10797.2;2799.4;30210.4
0.39798;0.0401447;0;240.942;11096.5;2798.39;30199.4
0.397445;0.0451426;0;278.397;11128.1;2796.28;30176.7
0.396846;0.0501333;0;385.707;11035.1;2793.6;30147.8
0.396185;0.0551161;0;493.174;10941.8;2790.92;30118.9
0.395461;0.0600902;0;600.781;10848.1;2788.25;30090
0.394674;0.0650549;0;456.89;11062.1;2780.85;30010.1
0.393826;0.0700092;0;274.35;11324.6;2772.56;29920.6
0.392915;0.0749525;0;91.9181;11586.8;2764.26;29831.1
0.391942;0.079884;0;-90.3756;11848.8;2755.96;29741.6
0.390907;0.0848028;0;-272.503;12110.4;2747.66;29652
0.389811;0.0897083;0;-454.435;12371.6;2739.36;29562.4
0.388653;0.0945996;0;-636.143;12632.4;2731.06;29472.8
0.387433;0.099476;0;-817.598;12892.8;2722.76;29383.3
0.386153;0.104337;0;-939.029;13059.2;2714.04;29289.2
0.384811;0.109181;0;-935.427;13043.4;2703.86;29179.3
0.383409;0.114008;0;-931.678;13027.4;2693.69;29069.5
0.381946;0.118817;0;-927.783;13011.4;2683.51;28959.7
0.380423;0.123607;0;-923.741;12995.2;2673.33;28849.9
0.378839;0.128377;0;-951.697;12946;2650.32;28601.6
0.377196;0.133128;0;-995.907;12878;2620.11;28275.5
0.375494;0.137857;0;-946.71;12845;2591.78;27969.8
0.373732;0.142565;0;-896.095;12812.1;2563.47;27664.2
0.371911;0.14725;0;-845.352;12779;2535.14;27358.5
0.370031;0.151912;0;-794.491;12745.8;2506.8;27052.7
0.368093;0.156549;0;-743.518;12712.3;2478.46;26746.8
0.366096;0.161163;0;-692.443;12678.7;2450.11;26440.9
0.364042;0.16575;0;-641.273;12644.9;2421.77;26135.1
0.361931;0.170312;0;-590.016;12610.9;2393.44;25829.3
0.359762;0.174846;0;-538.68;12576.8;2365.12;25523.7
0.357537;0.179353;0;-487.274;12542.5;2336.81;25218.2
0.355255;0.183832;0;-435.805;12508.1;2308.52;24912.9
0.352916;0.188282;0;-417.723;12289.6;2260.85;24398.5
0.350523;0.192701;0;-333.29;12080.1;2195.69;23695.3
0.348074;0.197091;0;-248.83;11870.1;2130.47;22991.4
0.345569;0.201449;0;-164.357;11659.7;2065.2;22287.1
0.343011;0.205776;0;-79.8849;11448.7;1999.9;21582.3
0.340398;0.21007;0;4.57358;11237.3;1934.57;20877.3
0.337731;0.214331;0;89.0049;11025.4;1869.22;20172.1
0.335011;0.218558;0;173.396;10813.2;1803.87;19466.9
0.332238;0.22275;0;257.733;10600.7;1738.52;18761.7
0.329413;0.226908;0;342.003;10387.9;1673.19;18056.6
0.326536;0.231029;0;426.192;10174.7;1607.88;17351.8
0.323607;0.235114;0;509.063;9951.7;1542.57;16647
0.320627;0.239162;0;584.655;9706.49;1477.14;15940.9
0.317596;0.243172;0;659.875;9460.6;1411.77;15235.4
0.314515;0.247144;0;744.518;9134.9;1322.45;14271.5
0.311385;0.251077;0;852.018;8720.96;1218.85;13153.5
0.308205;0.25497;0;959.152;8306.33;1115.17;12034.6
0.304977;0.258822;0;1063.38;7888.74;1011.38;10914.5
0.301701;0.262634;0;1162.28;7466.01;907.441;9792.84
0.298376;0.266405;0;1260.06;7040.13;803.403;8670.1
0.295005;0.270133;0;1356.15;6609.71;699.243;7546.03
0.291587;0.273819;0;1452.06;6178.88;595.084;6421.98
0.288124;0.277461;0;1547.76;5747.7;490.944;5298.13
0.284614;0.28106;0;1643.25;5316.25;386.839;4174.66
0.28106;0.284614;0;1738.5;4884.6;282.785;3051.74
0.277461;0.288124;0;1779;4401.63;176.654;1906.4
0.273819;0.291587;0;1853.94;3884.95;55.3972;597.831
0.270133;0.295005;0;1928.54;3367.3;-65.9718;-711.95
0.266405;0.298376;0;2002.81;2848.77;-187.434;-2022.74
0.262634;0.301701;0;2076.73;2329.44;-308.971;-3334.33
0.258822;0.304977;0;2150.28;1809.39;-430.564;-4646.52
0.25497;0.308205;0;2223.46;1288.7;-552.192;-5959.1
0.251077;0.311385;0;2287.4;756.223;-673.925;-7272.81
0.247144;0.314515;0;2348.11;221.489;-795.686;-8586.82
0.243172;0.317596;0;2392.8;-318.182;-917.589;-9902.36
0.239162;0.320627;0;2436.83;-857.858;-1039.45;-11217.5
0.235114;0.323607;0;2480.18;-1397.45;-1161.26;-12532
0.231029;0.326536;0;2522.86;-1936.88;-1282.99;-13845.7
0.226908;0.329413;0;2564.86;-2476.06;-1404.63;-15158.4
0.22275;0.332238;0;2578.29;-2949.13;-1510.77;-16303.8
0.218558;0.335011;0;2575.96;-3400.51;-1602.76;-17296.5
0.214331;0.337731;0;2572.74;-3852.33;-1694.83;-18290.1
0.21007;0.340398;0;2568.63;-4304.52;-1786.96;-19284.3
0.205776;0.343011;0;2563.63;-4757;-1879.14;-20279.1
0.201449;0.345569;0;2557.74;-5209.71;-1971.35;-21274.2
0.197091;0.348074;0;2550.96;-5662.58;-2063.58;-22269.6
0.192701;0.350523;0;2543.29;-6115.52;-2155.81;-23264.9
0.188282;0.352916;0;2534.73;-6568.48;-2248.04;-24260.2
0.183832;0.355255;0;2525.28;-7021.38;-2340.24;-25255.2
0.179353;0.357537;0;2514.95;-7474.14;-2432.39;-26249.7
0.174846;0.359762;0;2503.74;-7926.7;-2524.5;-27243.7
0.170312;0.361931;0;2568.9;-8291.7;-2597.61;-28032.7
0.16575;0.364042;0;2136.36;-8583.14;-2615.24;-28222.9
0.161163;0.366096;0;1668.07;-8883.14;-2632.48;-28409
0.156549;0.368093;0;1199.31;-9183.44;-2649.73;-28595.2
0.151912;0.370031;0;730.15;-9484.01;-2667;-28781.6
0.14725;0.371911;0;260.665;-9784.78;-2684.29;-28968.1
0.142565;0.373732;0;-209.069;-10085.7;-2701.58;-29154.7
0.137857;0.375494;0;-678.981;-10386.8;-2718.88;-29341.3
0.133128;0.377196;0;-1148.99;-10687.9;-2736.18;-29528.1
0.128377;0.378839;0;-1619.04;-10989;-2753.48;-29714.8
0.123607;0.380423;0;-2089.03;-11290.2;-2770.78;-29901.5
0.118817;0.381946;0;-2213.41;-11274.6;-2742.39;-29595.1
0.114008;0.383409;0;-1956.89;-10899.3;-2660.12;-28707.3
0.109181;0.384811;0;-1700.26;-10523.8;-2577.81;-27819
0.104337;0.386153;0;-1443.57;-10148.2;-2495.49;-26930.6
0.099476;0.387433;0;-1186.84;-9772.6;-2413.15;-26042
0.0945996;0.388653;0;-930.116;-9396.97;-2330.81;-25153.5
0.0897083;0.389811;0;-673.447;-9021.42;-2248.49;-24265.1
0.0848028;0.390907;0;-416.869;-8645.98;-2166.2;-23377.1
0.079884;0.391942;0;-160.423;-8270.74;-2083.95;-22489.5
0.0749525;0.392915;0;95.8507;-7895.74;-2001.76;-21602.4
0.0700092;0.393826;0;351.912;-7521.05;-1919.64;-20716.2
0.0650549;0.394674;0;607.72;-7146.72;-1837.59;-19830.8
0.0600902;0.395461;0;863.235;-6772.82;-1755.64;-18946.4
0.0551161;0.396185;0;1118.42;-6399.4;-1673.8;-18063.1
0.0501333;0.396846;0;1042.56;-5813.97;-1528.15;-16491.3
0.0451426;0.397445;0;921.783;-5209.18;-1373.21;-14819.3
0.0401447;0.39798;0;800.862;-4603.7;-1218.1;-13145.4
0.0351405;0.398453;0;679.821;-3997.64;-1062.83;-11469.8
0.0301307;0.398864;0;558.679;-3391.09;-907.441;-9792.85
0.0251162;0.399211;0;437.455;-2784.14;-751.946;-8114.79
0.0200977;0.399495;0;316.168;-2176.9;-596.372;-6435.88
0.0150761;0.399716;0;194.837;-1569.45;-440.745;-4756.4
0.010052;0.399874;0;73.4824;-961.903;-285.089;-3076.6
0.00502642;0.399968;0;-47.8778;-354.34;-129.429;-1396.76
2.44929e-17;0.4;0;-169.224;253.138;26.2121;282.874
-0.00502642;0.399968;0;-290.537;860.434;181.808;1962.02
-0.010052;0.399874;0;-411.799;1467.45;337.335;3640.43
-0.0150761;0.399716;0;-532.988;2074.1;492.768;5317.82
-0.0200977;0.399495;0;-654.088;2680.27;648.083;6993.93
-0.0251162;0.399211;0;-775.077;3285.89;803.255;8668.5
-0.0301307;0.398864;0;-895.938;3890.84;958.26;10341.3
-0.0351405;0.398453;0;-855.073;4586.34;1109.26;11970.8
-0.0401447;0.39798;0;-760.759;5221.91;1236.91;13348.3
-0.0451426;0.397445;0;-884.729;5633.58;1345.05;14515.4
-0.0501333;0.396846;0;-1008.46;6045.82;1453.29;15683.5
-0.0551161;0.396185;0;-1131.92;6458.57;1561.61;16852.4
-0.0600902;0.395461;0;-1255.11;6871.77;1669.99;18022
-0.0650549;0.394674;0;-1378;7285.34;1778.41;19192.1
-0.0700092;0.393826;0;-1500.56;7699.22;1886.86;20362.4
-0.0749525;0.392915;0;-1622.79;8113.36;1995.32;21532.9
-0.079884;0.391942;0;-1744.66;8527.67;2103.77;22703.3
-0.0848028;0.390907;0;-1866.15;8942.1;2212.19;23873.4
-0.0897083;0.389811;0;-1987.24;9356.58;2320.58;25043
-0.0945996;0.388653;0;-2107.92;9771.04;2428.9;26212
-0.099476;0.387433;0;-2228.16;10185.4;2537.15;27380.2
-0.104337;0.386153;0;-2227.57;10566.3;2624.74;28325.5
-0.109181;0.384811;0;-2153.92;10644.5;2650.92;28608
-0.114008;0.383409;0;-2216.46;10438.4;2644.31;28536.7
-0.118817;0.381946;0;-2278.58;10232.5;2637.71;28465.4
-0.123607;0.380423;0;-2340.28;10026.8;2631.11;28394.2
-0.128377;0.378839;0;-2401.55;9821.4;2624.52;28323.1
-0.133128;0.377196;0;-2462.38;9616.26;2617.94;28252
-0.137857;0.375494;0;-2522.77;9411.44;2611.37;28181.1
-0.142565;0.373732;0;-2582.69;9206.96;2604.8;28110.3
-0.14725;0.371911;0;-2642.15;9002.86;2598.26;28039.6
-0.151912;0.370031;0;-2643.7;8827.48;2592.92;27982
-0.156549;0.368093;0;-2530.59;8672.09;2589.6;27946.3
-0.161163;0.366096;0;-2416.74;8516.74;2586.3;27910.7
-0.16575;0.364042;0;-2302.16;8361.46;2583.02;27875.2
-0.170312;0.361931;0;-2186.89;8206.26;2579.75;27839.9
-0.174846;0.359762;0;-2226.77;8090.55;2539.56;27406.2
-0.179353;0.357537;0;-2131.67;7644.85;2447.84;26416.4
-0.183832;0.355255;0;-2035.79;7199.05;2356.05;25425.8
-0.188282;0.352916;0;-1939.14;6753.22;2264.21;24434.8
-0.192701;0.350523;0;-1841.73;6307.43;2172.34;23443.3
-0.197091;0.348074;0;-1743.58;5861.75;2080.45;22451.6
-0.201449;0.345569;0;-1644.71;5416.25;1988.55;21459.9
-0.205776;0.343011;0;-1545.13;4971;1896.66;20468.2
-0.21007;0.340398;0;-1444.85;4526.07;1804.79;19476.8
-0.214331;0.337731;0;-1343.9;4081.53;1712.96;18485.8
-0.218558;0.335011;0;-1242.28;3637.46;1621.18;17495.3
-0.22275;0.332238;0;-1136.6;3193.17;1525.03;16457.6
-0.226908;0.329413;0;-1007.36;2738.14;1412.29;15241
-0.231029;0.326536;0;-959.66;2226.92;1292.56;13948.9
-0.235114;0.323607;0;-915.602;1707.1;1171.16;12638.8
-0.239162;0.320627;0;-871.098;1187.09;1049.68;11327.8
-0.243172;0.317596;0;-826.158;666.961;928.139;10016.2
-0.247144;0.314515;0;-780.786;146.799;806.558;8704.15
-0.251077;0.311385;0;-734.991;-373.315;684.956;7391.85
-0.25497;0.308205;0;-688.78;-893.299;563.351;6079.52
-0.258822;0.304977;0;-642.16;-1413.07;441.762;4767.37
-0.262634;0.301701;0;-595.138;-1932.55;320.209;3455.61
-0.266405;0.298376;0;-547.722;-2451.65;198.712;2144.44
-0.270133;0.295005;0;-499.919;-2970.29;77.2882;834.073
-0.273819;0.291587;0;-451.738;-3488.39;-44.0419;-475.287
-0.277461;0.288124;0;-800.957;-3947.09;-160.648;-1733.66
-0.28106;0.284614;0;-1086.69;-4383.72;-271.124;-2925.89
-0.284614;0.28106;0;-1037.9;-4832.91;-375.748;-4054.97
-0.288124;0.277461;0;-988.76;-5281.99;-480.42;-5184.56
-0.291587;0.273819;0;-939.283;-5730.89;-585.122;-6314.47
-0.295005;0.270133;0;-889.475;-6179.53;-689.837;-7444.53
-0.298376;0.266405;0;-839.344;-6627.86;-794.55;-8574.56
-0.301701;0.262634;0;-788.898;-7075.8;-899.244;-9704.38
-0.304977;0.258822;0;-738.144;-7523.27;-1003.9;-10833.8
-0.308205;0.25497;0;-687.091;-7970.21;-1108.51;-11962.7
-0.311385;0.251077;0;-635.747;-8416.54;-1213.04;-13090.8
-0.314515;0.247144;0;-584.12;-8862.2;-1317.49;-14218
-0.317596;0.243172;0;-620.017;-9076.78;-1410.13;-15217.7
-0.320627;0.239162;0;-554.69;-9358.79;-1475.25;-15920.5
-0.323607;0.235114;0;-489.18;-9640.56;-1540.43;-16623.9
-0.326536;0.231029;0;-423.496;-9922.07;-1605.65;-17327.7
-0.329413;0.226908;0;-357.65;-10203.3;-1670.9;-18031.9
-0.332238;0.22275;0;-291.651;-10484.1;-1736.17;-18736.3
-0.335011;0.218558;0;-225.456;-10764.3;-1801.45;-19440.8
-0.337731;0.214331;0;-142.855;-10957.1;-1866.21;-20139.6
-0.340398;0.21007;0;-59.6399;-11133.4;-1931.12;-20840.1
-0.343011;0.205776;0;23.5696;-11309.2;-1996.02;-21540.5
-0.345569;0.201449;0;106.76;-11484.8;-2060.89;-22240.6
-0.348074;0.197091;0;189.919;-11659.9;-2125.74;-22940.4
-0.350523;0.192701;0;273.033;-11834.6;-2190.55;-23639.8
-0.352916;0.188282;0;356.089;-12008.9;-2255.3;-24338.6
-0.355255;0.183832;0;243.621;-12730.6;-2310.72;-24936.6
-0.357537;0.179353;0;299.653;-12814.5;-2341.27;-25266.3
-0.359762;0.174846;0;359.038;-12888.7;-2371.78;-25595.6
-0.361931;0.170312;0;418.14;-12963.3;-2402.31;-25925
-0.364042;0.16575;0;476.95;-13038.4;-2432.84;-26254.5
-0.366096;0.161163;0;535.458;-13113.8;-2463.37;-26584
-0.368093;0.156549;0;593.655;-13189.6;-2493.89;-26913.4
-0.370031;0.151912;0;651.533;-13265.8;-2524.4;-27242.7
-0.371911;0.14725;0;709.081;-13342.3;-2554.9;-27571.8
-0.373732;0.142565;0;766.291;-13419.2;-2585.38;-27900.7
-0.375494;0.137857;0;823.155;-13496.4;-2615.84;-28229.4
-0.377196;0.133128;0;892.061;-13362.4;-2644.58;-28539.6
-0.378839;0.128377;0;931.358;-13240.1;-2657.65;-28680.6
-0.380423;0.123607;0;956.792;-13252.5;-2667.93;-28791.6
-0.381946;0.118817;0;982.116;-13264.7;-2678.22;-28902.6
-0.383409;0.114008;0;1007.33;-13276.8;-2688.52;-29013.7
-0.384811;0.109181;0;1032.42;-13288.8;-2698.82;-29124.9
-0.386153;0.104337;0;1057.39;-13300.6;-2709.12;-29236.1
-0.387433;0.099476;0;1082.23;-13312.2;-2719.42;-29347.2
-0.388653;0.0945996;0;1106.95;-13323.7;-2729.73;-29458.4
-0.389811;0.0897083;0;1131.53;-13335;-2740.03;-29569.6
-0.390907;0.0848028;0;1155.98;-13346.2;-2750.32;-29680.7
-0.391942;0.079884;0;1180.28;-13357.2;-2760.61;-29791.8
-0.392915;0.0749525;0;1204.44;-13368.1;-2770.9;-29902.7
-0.393826;0.0700092;0;1228.44;-13378.8;-2781.17;-30013.6
-0.394674;0.0650549;0;1252.09;-13397.2;-2791.34;-30123.4
-0.395461;0.0600902;0;1256.08;-13465.5;-2793.9;-30151
-0.396185;0.0551161;0;1260.99;-13447.4;-2795.57;-30169
-0.396846;0.0501333;0;1265.7;-13429.4;-2797.23;-30187
-0.397445;0.0451426;0;1270.2;-13411.5;-2798.9;-30204.9
-0.39798;0.0401447;0;1274.48;-13393.8;-2800.56;-30222.9
-0.398453;0.0351405;0;1272.05;-13381.3;-2802.18;-30240.3
-0.398864;0.0301307;0;1257.26;-13357.4;-2803.74;-30257.1
-0.399211;0.0251162;0;1238.51;-13328.3;-2805.28;-30273.8
-0.399495;0.0200977;0;1219.43;-13298.7;-2806.82;-30290.4
-0.399716;0.0150761;0;1200.04;-13268.8;-2808.36;-30307
-0.399874;0.010052;0;1180.33;-13238.4;-2809.9;-30323.6
-0.399968;0.00502642;0;1160.31;-13207.6;-2811.43;-30340.2
-0.4;4.89859e-17;0;1139.98;-13176.5;-2812.96;-30356.7
-0.399968;-0.00502642;0;1144.8;-13180.9;-2811.88;-30345
-0.399874;-0.010052;0;1153.98;-13203.7;-2810.25;-30327.4
-0.399716;-0.0150761;0;1162.84;-13225.9;-2808.62;-30309.8
-0.399495;-0.0200977;0;1171.38;-13247.8;-2806.99;-30292.2
-0.399211;-0.0251162;0;1179.61;-13269.2;-2805.35;-30274.6
-0.398864;-0.0301307;0;1187.51;-13290.1;-2803.72;-30256.9
-0.398453;-0.0351405;0;1195.1;-13310.6;-2802.08;-30239.3
-0.39798;-0.0401447;0;1202.36;-13330.6;-2800.44;-30221.6
-0.397445;-0.0451426;0;1209.3;-13350.2;-2798.8;-30203.9
-0.396846;-0.0501333;0;1215.92;-13369.3;-2797.16;-30186.2
-0.396185;-0.0551161;0;1222.2;-13388;-2795.52;-30168.5
-0.395461;-0.0600902;0;1228.17;-13406.2;-2793.88;-30150.8
-0.394674;-0.0650549;0;1232.31;-13423.1;-2792.23;-30133
-0.393826;-0.0700092;0;1176.78;-13360.1;-2782.67;-30029.7
-0.392915;-0.0749525;0;1117.68;-13292.2;-2772.8;-29923.3
-0.391942;-0.079884;0;1058.34;-13223.6;-2762.93;-29816.8
-0.390907;-0.0848028;0;998.761;-13154.4;-2753.05;-29710.2
-0.389811;-0.0897083;0;938.959;-13084.6;-2743.16;-29603.5
-0.388653;-0.0945996;0;878.942;-13014.3;-2733.27;-29496.7
-0.387433;-0.099476;0;818.717;-12943.3;-2723.38;-29389.9
-0.386153;-0.104337;0;758.296;-12871.8;-2713.48;-29283.2
-0.384811;-0.109181;0;697.688;-12799.7;-2703.59;-29176.4
-0.383409;-0.114008;0;636.901;-12727.1;-2693.69;-29069.6
-0.381946;-0.118817;0;575.947;-12654;-2683.8;-28962.8
-0.380423;-0.123607;0;514.834;-12580.3;-2673.92;-28856.1
-0.378839;-0.128377;0;466.453;-12533.1;-2661.99;-28727.4
-0.377196;-0.133128;0;502.695;-12664.1;-2634.44;-28430.1
-0.375494;-0.137857;0;538.701;-12794.5;-2606.86;-28132.6
-0.373732;-0.142565;0;574.37;-12923.8;-2579.28;-27834.9
-0.371911;-0.14725;0;492.251;-12794;-2549.33;-27511.6
-0.370031;-0.151912;0;406.089;-12661;-2519.02;-27184.6
-0.368093;-0.156549;0;319.789;-12527.9;-2488.7;-26857.4
-0.366096;-0.161163;0;233.365;-12394.7;-2458.37;-26530
-0.364042;-0.16575;0;146.831;-12261.5;-2428.03;-26202.7
-0.361931;-0.170312;0;60.2003;-12128.2;-2397.69;-25875.2
-0.359762;-0.174846;0;-26.5132;-11994.8;-2367.36;-25547.9
-0.357537;-0.179353;0;-113.296;-11861.5;-2337.03;-25220.6
-0.355255;-0.183832;0;-10.1679;-11344.2;-2287.14;-24682.2
-0.352916;-0.188282;0;101.237;-10802.7;-2235.58;-24125.7
-0.350523;-0.192701;0;102.968;-10546;-2177.89;-23503.2
-0.348074;-0.197091;0;26.5947;-10491;-2114.21;-22815.9
-0.345569;-0.201449;0;-49.7912;-10435.7;-2050.49;-22128.3
-0.343011;-0.205776;0;-126.178;-10380.2;-1986.76;-21440.5
-0.340398;-0.21007;0;-202.553;-10324.4;-1923.01;-20752.6
-0.337731;-0.214331;0;-278.905;-10268.3;-1859.27;-20064.7
-0.335011;-0.218558;0;-355.222;-10212;-1795.54;-19377
-0.332238;-0.22275;0;-431.491;-10155.4;-1731.83;-18689.4
-0.329413;-0.226908;0;-507.7;-10098.5;-1668.15;-18002.2
-0.326536;-0.231029;0;-528.095;-9791.28;-1603.91;-17308.9
-0.323607;-0.235114;0;-537.7;-9443.34;-1538.95;-16608
-0.320627;-0.239162;0;-547.141;-9095.16;-1474.04;-15907.4
-0.317596;-0.243172;0;-538.638;-8771.71;-1407.2;-15186.2
-0.314515;-0.247144;0;-367.525;-8593.86;-1312.08;-14159.6
-0.311385;-0.251077;0;-407.487;-8109.44;-1207.58;-13031.8
-0.308205;-0.25497;0;-447.132;-7624.34;-1102.98;-11903.1
-0.304977;-0.258822;0;-486.455;-7138.65;-998.323;-10773.6
-0.301701;-0.262634;0;-525.449;-6652.45;-893.607;-9643.56
-0.298376;-0.266405;0;-564.109;-6165.8;-788.855;-8513.1
-0.295005;-0.270133;0;-602.427;-5678.79;-684.083;-7382.43
-0.291587;-0.273819;0;-640.398;-5191.48;-579.307;-6251.72
-0.288124;-0.277461;0;-678.017;-4703.97;-474.544;-5121.14
-0.284614;-0.28106;0;-715.276;-4216.33;-369.81;-3990.89
-0.28106;-0.284614;0;-752.171;-3728.63;-265.123;-2861.13
-0.277461;-0.288124;0;-455.196;-3309.14;-151.436;-1634.26
-0.273819;-0.291587;0;-113.176;-2889.08;-34.7548;-375.064
-0.270133;-0.295005;0;-159.351;-2424.67;83.8132;904.488
-0.266405;-0.298376;0;-239.278;-1951.47;204.853;2210.72
-0.262634;-0.301701;0;-318.955;-1477.92;325.954;3517.61
-0.258822;-0.304977;0;-398.371;-1004.09;447.098;4824.96
-0.25497;-0.308205;0;-477.511;-530.056;568.265;6132.55
-0.251077;-0.311385;0;-556.365;-55.8954;689.436;7440.2
-0.247144;-0.314515;0;-634.919;418.318;810.592;8747.68
-0.243172;-0.317596;0;-713.161;892.511;931.713;10054.8
-0.239162;-0.320627;0;-791.079;1366.61;1052.78;11361.3
-0.235114;-0.323607;0;-868.661;1840.53;1173.78;12667.1
-0.231029;-0.326536;0;-945.893;2314.21;1294.68;13971.8
-0.226908;-0.329413;0;-920.067;2685.63;1409.85;15214.7
-0.22275;-0.332238;0;-760.265;2953.44;1522.21;16427.2
-0.218558;-0.335011;0;-812.833;3391.24;1614.75;17425.9
-0.214331;-0.337731;0;-876.265;3838.52;1707.42;18426
-0.21007;-0.340398;0;-939.01;4286.11;1800.14;19426.6
-0.205776;-0.343011;0;-1001.06;4733.93;1892.9;20427.6
-0.201449;-0.345569;0;-1062.4;5181.91;1985.68;21428.9
-0.197091;-0.348074;0;-1123.02;5629.99;2078.47;22430.2
-0.192701;-0.350523;0;-1182.92;6078.09;2171.25;23431.5
-0.188282;-0.352916;0;-1242.08;6526.15;2264.01;24432.6
-0.183832;-0.355255;0;-1300.5;6974.08;2356.74;25433.3
-0.179353;-0.357537;0;-1358.16;7421.82;2449.41;26433.4
-0.174846;-0.359762;0;-1415.06;7869.31;2542.02;27432.8
-0.170312;-0.361931;0;-1381.34;7925.37;2590.13;27952
-0.16575;-0.364042;0;-1409.31;8056.96;2600.62;28065.2
-0.161163;-0.366096;0;-1449.49;8201.91;2608.1;28145.9
-0.156549;-0.368093;0;-1489.09;8346.88;2615.6;28226.8
-0.151912;-0.370031;0;-1528.1;8491.84;2623.11;28307.8
-0.14725;-0.371911;0;-1566.52;8636.77;2630.62;28389
-0.142565;-0.373732;0;-1604.34;8781.64;2638.15;28470.2
-0.137857;-0.375494;0;-1641.56;8926.45;2645.69;28551.5
-0.133128;-0.377196;0;-1678.17;9071.15;2653.23;28632.9
-0.128377;-0.378839;0;-1714.16;9215.74;2660.78;28714.4
-0.123607;-0.380423;0;-1749.54;9360.18;2668.34;28796
-0.118817;-0.381946;0;-1784.28;9504.46;2675.9;28877.5
-0.114008;-0.383409;0;-1818.4;9648.55;2683.46;28959.2
-0.109181;-0.384811;0;-1875.88;9796.41;2688.7;29015.7
-0.104337;-0.386153;0;-1950.16;9578.89;2601.76;28077.5
-0.099476;-0.387433;0;-1903;9263.91;2508.43;27070.3
-0.0945996;-0.388653;0;-1855.33;8948.99;2415.06;26062.6
-0.0897083;-0.389811;0;-1807.16;8634.17;2321.65;25054.6
-0.0848028;-0.390907;0;-1748.34;8324.38;2228.44;24048.7
-0.079884;-0.391942;0;-1663.76;8034.41;2135.43;23045
-0.0749525;-0.392915;0;-1574.71;7748.76;2042.44;22041.4
-0.0700092;-0.393826;0;-1485.24;7463.59;1949.46;21038
-0.0650549;-0.394674;0;-1395.38;7178.94;1856.51;20035
-0.0600902;-0.395461;0;-1305.13;6894.86;1763.62;19032.5
-0.0551161;-0.396185;0;-1214.51;6611.39;1670.79;18030.7
-0.0501333;-0.396846;0;-1224.59;5976.7;1532.04;16533.3
-0.0451426;-0.397445;0;-1110.33;5380.85;1378.17;14872.8
-0.0401447;-0.39798;0;-995.978;4784.67;1224.22;13211.4
-0.0351405;-0.398453;0;-881.564;4188.26;1070.2;11549.3
-0.0301307;-0.398864;0;-765.966;3593.71;916.488;9890.49
-0.0251162;-0.399211;0;-650.197;2998;762.432;8227.95
-0.0200977;-0.399495;0;-534.425;2402.25;608.366;6565.32
-0.0150761;-0.399716;0;-418.669;1806.55;454.315;4902.83
-0.010052;-0.399874;0;-302.945;1211.02;300.302;3240.77
-0.00502642;-0.399968;0;-187.273;615.728;146.352;1579.39
-7.34788e-17;-0.4;0;-71.671;20.7803;-7.51027;-81.0488
0.00502642;-0.399968;0;23.8768;-552.072;-159.047;-1716.39
0.010052;-0.399874;0;74.6728;-1086.15;-308.56;-3329.89
0.0150761;-0.399716;0;125.504;-1620.67;-458.196;-4944.72
0.0200977;-0.399495;0;176.362;-2155.54;-607.933;-6560.64
0.0251162;-0.399211;0;227.238;-2690.67;-757.746;-8177.39
0.0301307;-0.398864;0;278.126;-3225.99;-907.613;-9794.7
0.0351405;-0.398453;0;329.016;-3761.41;-1057.51;-11412.3
0.0401447;-0.39798;0;379.901;-4296.84;-1207.41;-13030
0.0451426;-0.397445;0;430.773;-4832.21;-1357.29;-14647.5
0.0501333;-0.396846;0;481.623;-5367.41;-1507.14;-16264.6
0.0551161;-0.396185;0;123.104;-5937.37;-1655;-17860.3
0.0600902;-0.395461;0;-243.959;-6509.93;-1803.36;-19461.3
0.0650549;-0.394674;0;246.292;-6995.56;-1889.23;-20388
0.0700092;-0.393826;0;783.674;-7485.57;-1973.75;-21300.1
0.0749525;-0.392915;0;1320.69;-7975.66;-2058.28;-22212.4
0.079884;-0.391942;0;1857.27;-8465.75;-2142.81;-23124.7
0.0848028;-0.390907;0;2115.69;-8985.51;-2224.85;-24009.9
0.0897083;-0.389811;0;2115.26;-9551.25;-2306.67;-24892.9
0.0945996;-0.388653;0;2114.33;-10117.3;-2388.51;-25776.1
0.099476;-0.387433;0;2112.91;-10683.4;-2470.35;-26659.3
0.104337;-0.386153;0;2111;-11249.7;-2552.19;-27542.5
0.109181;-0.384811;0;2108.58;-11815.9;-2634;-28425.4
0.114008;-0.383409;0;2105.68;-12382;-2715.78;-29307.9
0.118817;-0.381946;0;2149.75;-12412.9;-2736.09;-29527.1
0.123607;-0.380423;0;2225.03;-12145.5;-2722.87;-29384.4
0.128377;-0.378839;0;2299.97;-11878;-2709.65;-29241.7
0.133128;-0.377196;0;2374.56;-11610.6;-2696.42;-29099
0.137857;-0.375494;0;2448.8;-11343.2;-2683.2;-28956.3
0.142565;-0.373732;0;2522.67;-11075.9;-2669.97;-28813.6
0.14725;-0.371911;0;2596.15;-10808.8;-2656.75;-28670.9
0.151912;-0.370031;0;2669.24;-10542;-2643.54;-28528.4
0.156549;-0.368093;0;2741.93;-10275.3;-2630.34;-28385.9
0.161163;-0.366096;0;2814.21;-10008.9;-2617.14;-28243.5
0.16575;-0.364042;0;2886.05;-9742.91;-2603.96;-28101.2
0.170312;-0.361931;0;2956.06;-9607.32;-2584.06;-27886.4
0.174846;-0.359762;0;2992.48;-9492.32;-2540.02;-27411.1
0.179353;-0.357537;0;2972.01;-8989.37;-2446.97;-26407.1
0.183832;-0.355255;0;2950.93;-8486.6;-2353.87;-25402.4
0.188282;-0.352916;0;2929.24;-7984.08;-2260.73;-24397.2
0.192701;-0.350523;0;2906.95;-7481.9;-2167.56;-23391.7
0.197091;-0.348074;0;2884.06;-6980.14;-2074.38;-22386.1
0.201449;-0.345569;0;2860.57;-6478.87;-1981.2;-21380.6
0.205776;-0.343011;0;2836.5;-5978.18;-1888.04;-20375.2
0.21007;-0.340398;0;2811.83;-5478.14;-1794.9;-19370.1
0.214331;-0.337731;0;2786.58;-4978.83;-1701.82;-18365.5
0.218558;-0.335011;0;2760.75;-4480.33;-1608.79;-17361.6
0.22275;-0.332238;0;2734.35;-3982.72;-1515.84;-16358.5
0.226908;-0.329413;0;2790.25;-3504.73;-1410.1;-15217.4
0.231029;-0.326536;0;2706.31;-2939.9;-1288.54;-13905.6
0.235114;-0.323607;0;2621.96;-2374.98;-1166.89;-12592.7
0.239162;-0.320627;0;2537.21;-1810.08;-1045.15;-11279
0.243172;-0.317596;0;2452.09;-1245.28;-923.357;-9964.61
0.247144;-0.314515;0;2366.6;-680.663;-801.52;-8649.78
0.251077;-0.311385;0;2280.76;-116.327;-679.661;-7334.71
0.25497;-0.308205;0;2194.58;447.64;-557.799;-6019.61
0.258822;-0.304977;0;2108.07;1011.15;-435.953;-4704.68
0.262634;-0.301701;0;2021.25;1574.12;-314.143;-3390.15
0.266405;-0.298376;0;1934.13;2136.45;-192.389;-2076.2
0.270133;-0.295005;0;1846.73;2698.05;-70.7081;-763.062
0.273819;-0.291587;0;1759.06;3258.85;50.879;549.072
0.277461;-0.288124;0;1785.74;3894.47;171.006;1845.45
0.28106;-0.284614;0;1817.18;4457.08;278.502;3005.52
0.284614;-0.28106;0;1708.84;4895.67;382.206;4124.66
0.288124;-0.277461;0;1600.23;5334.11;485.965;5244.39
0.291587;-0.273819;0;1491.39;5772.32;589.761;6364.53
0.295005;-0.270133;0;1382.32;6210.24;693.579;7484.91
0.298376;-0.266405;0;1273.05;6647.8;797.402;8605.34
0.301701;-0.262634;0;1163.59;7084.93;901.214;9725.64
0.304977;-0.258822;0;1053.95;7521.56;1005;10845.7
0.308205;-0.25497;0;944.165;7957.62;1108.74;11965.2
0.311385;-0.251077;0;834.24;8393.04;1212.42;13084.1
0.314515;-0.247144;0;724.194;8827.76;1316.02;14202.1
0.317596;-0.243172;0;679.854;9165.46;1413.54;15254.5
0.320627;-0.239162;0;592.994;9403.28;1478.55;15956.1
0.323607;-0.235114;0;506.016;9640.96;1543.62;16658.3
0.326536;-0.231029;0;418.931;9878.46;1608.73;17361
0.329413;-0.226908;0;331.755;10115.7;1673.88;18064
0.332238;-0.22275;0;244.5;10352.7;1739.05;18767.4
0.335011;-0.218558;0;157.181;10589.5;1804.24;19470.8
0.337731;-0.214331;0;69.8111;10825.8;1869.43;20174.4
0.340398;-0.21007;0;-17.5956;11061.8;1934.61;20877.8
0.343011;-0.205776;0;-105.025;11297.4;1999.78;21581.1
0.345569;-0.201449;0;-192.464;11532.6;2064.92;22284.1
0.348074;-0.197091;0;-279.899;11767.3;2130.03;22986.7
0.350523;-0.192701;0;-367.315;12001.4;2195.09;23688.7
0.352916;-0.188282;0;-454.699;12235;2260.08;24390.2
0.355255;-0.183832;0;-450.169;12553.4;2309.08;24918.9
0.357537;-0.179353;0;-482.381;12621.3;2339.12;25243.2
0.359762;-0.174846;0;-514.468;12689.1;2369.18;25567.6
0.361931;-0.170312;0;-522.717;12711;2397.75;25875.8
0.364042;-0.16575;0;-525.613;12714;2426.09;26181.7
0.366096;-0.161163;0;-528.427;12716.6;2454.43;26487.6
0.368093;-0.156549;0;-531.159;12718.7;2482.78;26793.5
0.370031;-0.151912;0;-533.81;12720.5;2511.13;27099.4
0.371911;-0.14725;0;-536.378;12721.8;2539.47;27405.3
0.373732;-0.142565;0;-538.863;12722.7;2567.8;27711
0.375494;-0.137857;0;-541.265;12723.1;2596.12;28016.6
0.377196;-0.133128;0;-543.583;12723.1;2624.42;28322
0.378839;-0.128377;0;-469.471;12603.4;2652.76;28627.9
0.380423;-0.123607;0;-354.022;12410;2676.54;28884.5
0.381946;-0.118817;0;-527.36;12641.8;2686.03;28986.9
0.383409;-0.114008;0;-700.604;12873.3;2695.52;29089.3
0.384811;-0.109181;0;-873.727;13104.3;2705.01;29191.7
0.386153;-0.104337;0;-997.805;13241.9;2714.05;29289.3
0.387433;-0.099476;0;-1005.29;13180;2722.32;29378.6
0.388653;-0.0945996;0;-1012.63;13118;2730.6;29467.9
0.389811;-0.0897083;0;-1019.83;13055.9;2738.88;29557.2
0.390907;-0.0848028;0;-1026.87;12993.6;2747.16;29646.6
0.391942;-0.079884;0;-1033.77;12931.2;2755.44;29735.9
0.392915;-0.0749525;0;-1040.52;12868.7;2763.71;29825.2
0.393826;-0.0700092;0;-1047.11;12806.2;2771.98;29914.5
0.394674;-0.0650549;0;-1053.55;12743.5;2780.25;30003.7
0.395461;-0.0600902;0;-1059.84;12680.8;2788.51;30092.9
0.396185;-0.0551161;0;-1058.69;12557.6;2792.64;30137.3
0.396846;-0.0501333;0;-1053.78;12401.5;2795.05;30163.4
0.397445;-0.0451426;0;-1048.71;12245.2;2797.46;30189.4
0.39798;-0.0401447;0;-916.08;11964.4;2799.07;30206.8
0.398453;-0.0351405;0;-660.74;11556.5;2800;30216.8
0.398864;-0.0301307;0;-405.259;11148.5;2800.93;30226.8
0.399211;-0.0251162;0;-149.679;10740.2;2801.86;30236.9
0.399495;-0.0200977;0;105.962;10331.9;2802.79;30246.9
0.399716;-0.0150761;0;361.621;9923.56;2803.72;30257
0.399874;-0.010052;0;617.26;9515.25;2804.65;30267
0.399968;-0.00502642;0;872.838;9107.05;2805.59;30277.1
