0.4;0;0;-32232.8;93511.2;2806.5;30287
0.399968;0.00502642;0;-29692.9;86154.4;2805.5;30276.2
0.399874;0.010052;0;-27101.6;78649.1;2804.49;30265.2
0.399716;0.0150761;0;-24509.7;71141.9;2803.47;30254.3
0.399495;0.0200977;0;-21917.6;63634;2802.45;30243.3
0.399211;0.0251162;0;-19325.6;56126.7;2801.44;30232.3
0.398864;0.0301307;0;-16734.3;48621;2800.42;30221.4
0.398453;0.0351405;0;-14143.9;41118.2;2799.4;30210.4
0.39798;0.0401447;0;-11554.9;33619.5;2798.39;30199.4
0.397445;0.0451426;0;-8772.68;26144.6;2796.28;30176.7
0.396846;0.0501333;0;-5784.88;18363.4;2793.6;30147.8
0.396185;0.0551161;0;-2796.99;10582.5;2790.92;30118.9
0.395461;0.0600902;0;190.497;2803.04;2788.25;30090
0.394674;0.0650549;0;-422.84;-79.7142;2780.85;30010.1
0.393826;0.0700092;0;-1540.59;-2405.59;2772.56;29920.6
0.392915;0.0749525;0;-2657.97;-4734.08;2764.26;29831.1
0.391942;0.079884;0;-3774.81;-7064.82;2755.96;29741.6
0.390907;0.0848028;0;-4890.92;-9397.43;2747.66;29652
0.389811;0.0897083;0;-6006.13;-11731.6;2739.36;29562.4
0.388653;0.0945996;0;-7120.27;-14066.8;2731.06;29472.8
0.387433;0.099476;0;-8233.15;-16402.9;2722.76;29383.3
0.386153;0.104337;0;-8769.76;-18689.9;2714.04;29289.2
0.384811;0.109181;0;-7884.68;-20648.8;2703.86;29179.3
0.383409;0.114008;0;-6996.97;-22604.7;2693.69;29069.5
0.381946;0.118817;0;-6106.77;-24557.4;2683.51;28959.7
0.380423;0.123607;0;-5214.23;-26506.5;2673.33;28849.9
0.378839;0.128377;0;-3831.74;-26019.9;2650.32;28601.6
0.377196;0.133128;0;-2144.65;-24288.3;2620.11;28275.5
0.375494;0.137857;0;1648.3;-26782.5;2591.78;27969.8
0.373732;0.142565;0;5471.97;-29323.5;2563.47;27664.2
0.371911;0.14725;0;9298.89;-31858.9;2535.14;27358.5
0.370031;0.151912;0;13128.5;-34388.2;2506.8;27052.7
0.368093;0.156549;0;16960.1;-36911.2;2478.46;26746.8
0.366096;0.161163;0;20793.2;-39427.3;2450.11;26440.9
0.364042;0.16575;0;24627.1;-41936.3;2421.77;26135.1
0.361931;0.170312;0;28461.2;-44437.6;2393.44;25829.3
0.359762;0.174846;0;32295;-46930.9;2365.12;25523.7
0.357537;0.179353;0;36127.7;-49415.9;2336.81;25218.2
0.355255;0.183832;0;39958.9;-51892.1;2308.52;24912.9
0.352916;0.188282;0;40005.2;-53571.5;2260.85;24398.5
0.350523;0.192701;0;39714.4;-51580.9;2195.69;23695.3
0.348074;0.197091;0;39421.1;-49587.8;2130.47;22991.4
0.345569;0.201449;0;39125.3;-47592.6;2065.2;22287.1
0.343011;0.205776;0;38826.9;-45595.5;1999.9;21582.3
0.340398;0.21007;0;38526.1;-43596.8;1934.57;20877.3
0.337731;0.214331;0;38223;-41597;1869.22;20172.1
0.335011;0.218558;0;37917.5;-39596.3;1803.87;19466.9
0.332238;0.22275;0;37609.7;-37595;1738.52;18761.7
0.329413;0.226908;0;37299.7;-35593.4;1673.19;18056.6
0.326536;0.231029;0;36987.4;-33591.9;1607.88;17351.8
0.323607;0.235114;0;36611.3;-31570.3;1542.57;16647
0.320627;0.239162;0;36152.9;-29533.1;1477.14;15940.9
0.317596;0.243172;0;35691.8;-27497.1;1411.77;15235.4
0.314515;0.247144;0;32841.8;-24464.5;1322.45;14271.5
0.311385;0.251077;0;28509;-20452.7;1218.85;13153.5
0.308205;0.25497;0;24170.7;-16441.3;1115.17;12034.6
0.304977;0.258822;0;19811.7;-12448.7;1011.38;10914.5
0.301701;0.262634;0;15417.8;-8492.16;907.441;9792.84
0.298376;0.266405;0;11005.6;-4549.56;803.403;8670.1
0.295005;0.270133;0;6567.51;-628.288;699.243;7546.03
0.291587;0.273819;0;2127.38;3290.22;595.084;6421.98
0.288124;0.277461;0;-2314.1;7205.34;490.944;5298.13
0.284614;0.28106;0;-6756.24;11116.5;386.839;4174.66
0.28106;0.284614;0;-11198.3;15023;282.785;3051.74
0.277461;0.288124;0;-14334.7;18448.9;176.654;1906.4
0.273819;0.291587;0;-13790.2;19397.9;55.3972;597.831
0.270133;0.295005;0;-13243.5;20346;-65.9718;-711.95
0.266405;0.298376;0;-12694.6;21292.9;-187.434;-2022.74
0.262634;0.301701;0;-12143.7;22238.5;-308.971;-3334.33
0.258822;0.304977;0;-11590.9;23182.7;-430.564;-4646.52
0.25497;0.308205;0;-11036.1;24125.3;-552.192;-5959.1
0.251077;0.311385;0;-10440.9;25025;-673.925;-7272.81
0.247144;0.314515;0;-9840.29;25915;-795.686;-8586.82
0.243172;0.317596;0;-9242.82;26775.2;-917.589;-9902.36
0.239162;0.320627;0;-8645.69;27633.9;-1039.45;-11217.5
0.235114;0.323607;0;-8049;28491;-1161.26;-12532
0.231029;0.326536;0;-7452.84;29346.2;-1282.99;-13845.7
0.226908;0.329413;0;-6857.31;30199.6;-1404.63;-15158.4
0.22275;0.332238;0;-6276.27;32217.9;-1510.77;-16303.8
0.218558;0.335011;0;-5651.79;35421.2;-1602.76;-17296.5
0.214331;0.337731;0;-5027.25;38624.7;-1694.83;-18290.1
0.21007;0.340398;0;-4402.76;41827.9;-1786.96;-19284.3
0.205776;0.343011;0;-3778.4;45030.3;-1879.14;-20279.1
0.201449;0.345569;0;-3154.27;48231.4;-1971.35;-21274.2
0.197091;0.348074;0;-2530.48;51430.7;-2063.58;-22269.6
0.192701;0.350523;0;-1907.13;54627.7;-2155.81;-23264.9
0.188282;0.352916;0;-1284.3;57821.8;-2248.04;-24260.2
0.183832;0.355255;0;-662.107;61012.6;-2340.24;-25255.2
0.179353;0.357537;0;-40.6421;64199.6;-2432.39;-26249.7
0.174846;0.359762;0;579.997;67382.2;-2524.5;-27243.7
0.170312;0.361931;0;1225.27;68263.2;-2597.61;-28032.7
0.16575;0.364042;0;1807.42;58109.8;-2615.24;-28222.9
0.161163;0.366096;0;2386.1;47645.9;-2632.48;-28409
0.156549;0.368093;0;2965.36;37171.4;-2649.73;-28595.2
0.151912;0.370031;0;3545.13;26687.9;-2667;-28781.6
0.14725;0.371911;0;4125.3;16197;-2684.29;-28968.1
0.142565;0.373732;0;4705.79;5700.53;-2701.58;-29154.7
0.137857;0.375494;0;5286.5;-4799.97;-2718.88;-29341.3
0.133128;0.377196;0;5867.34;-15302.8;-2736.18;-29528.1
0.128377;0.378839;0;6448.23;-25806.3;-2753.48;-29714.8
0.123607;0.380423;0;7029.07;-36308.9;-2770.78;-29901.5
0.118817;0.381946;0;8271.7;-40361.7;-2742.39;-29595.1
0.114008;0.383409;0;10358.7;-37430.7;-2660.12;-28707.3
0.109181;0.384811;0;12446.6;-34498.3;-2577.81;-27819
0.104337;0.386153;0;14535;-31565;-2495.49;-26930.6
0.099476;0.387433;0;16623.7;-28631.3;-2413.15;-26042
0.0945996;0.388653;0;18712.4;-25697.6;-2330.81;-25153.5
0.0897083;0.389811;0;20800.6;-22764.5;-2248.49;-24265.1
0.0848028;0.390907;0;22888;-19832.3;-2166.2;-23377.1
0.079884;0.391942;0;24974.4;-16901.5;-2083.95;-22489.5
0.0749525;0.392915;0;27059.4;-13972.7;-2001.76;-21602.4
0.0700092;0.393826;0;29142.7;-11046.1;-1919.64;-20716.2
0.0650549;0.394674;0;31223.9;-8122.43;-1837.59;-19830.8
0.0600902;0.395461;0;33302.7;-5202.01;-1755.64;-18946.4
0.0551161;0.396185;0;35378.8;-2285.32;-1673.8;-18063.1
0.0501333;0.396846;0;34227.5;-3526.07;-1528.15;-16491.3
0.0451426;0.397445;0;32810.8;-5727;-1373.21;-14819.3
0.0401447;0.39798;0;31391.9;-7929.95;-1218.1;-13145.4
0.0351405;0.398453;0;29971;-10134.6;-1062.83;-11469.8
0.0301307;0.398864;0;28548.2;-12340.5;-907.441;-9792.85
0.0251162;0.399211;0;27124;-14547.5;-751.946;-8114.79
0.0200977;0.399495;0;25698.4;-16755;-596.372;-6435.88
0.0150761;0.399716;0;24271.7;-18962.9;-440.745;-4756.4
0.010052;0.399874;0;22844.1;-21170.6;-285.089;-3076.6
0.00502642;0.399968;0;21415.9;-23378;-129.429;-1396.76
2.44929e-17;0.4;0;19987.3;-25584.6;26.2121;282.874
-0.00502642;0.399968;0;18558.4;-27790.1;181.808;1962.02
-0.010052;0.399874;0;17129.6;-29994.1;337.335;3640.43
-0.0150761;0.399716;0;15701;-32196.3;492.768;5317.82
-0.0200977;0.399495;0;14272.9;-34396.3;648.083;6993.93
-0.0251162;0.399211;0;12845.5;-36593.9;803.255;8668.5
-0.0301307;0.398864;0;11419.1;-38788.6;958.26;10341.3
-0.0351405;0.398453;0;10480;-40149.4;1109.26;11970.8
-0.0401447;0.39798;0;10604;-41811.4;1236.91;13348.3
-0.0451426;0.397445;0;11080;-45227.5;1345.05;14515.4
-0.0501333;0.396846;0;11555.1;-48642.9;1453.29;15683.5
-0.0551161;0.396185;0;12029.3;-52056.9;1561.61;16852.4
-0.0600902;0.395461;0;12502.4;-55469.2;1669.99;18022
-0.0650549;0.394674;0;12974.4;-58879;1778.41;19192.1
-0.0700092;0.393826;0;13445.2;-62286;1886.86;20362.4
-0.0749525;0.392915;0;13914.7;-65689.5;1995.32;21532.9
-0.079884;0.391942;0;14383;-69089;2103.77;22703.3
-0.0848028;0.390907;0;14849.8;-72484;2212.19;23873.4
-0.0897083;0.389811;0;15315.1;-75873.9;2320.58;25043
-0.0945996;0.388653;0;15778.9;-79258.3;2428.9;26212
-0.099476;0.387433;0;16241;-82636.5;2537.15;27380.2
-0.104337;0.386153;0;16775.8;-84128.9;2624.74;28325.5
-0.109181;0.384811;0;16462.4;-83103.1;2650.92;28608
-0.114008;0.383409;0;15118.2;-82629.1;2644.31;28536.7
-0.118817;0.381946;0;13772.5;-82150.1;2637.71;28465.4
-0.123607;0.380423;0;12425.7;-81666;2631.11;28394.2
-0.128377;0.378839;0;11077.8;-81177.1;2624.52;28323.1
-0.133128;0.377196;0;9729.21;-80683.3;2617.94;28252
-0.137857;0.375494;0;8379.99;-80184.8;2611.37;28181.1
-0.142565;0.373732;0;7030.42;-79681.5;2604.8;28110.3
-0.14725;0.371911;0;5680.69;-79173.7;2598.26;28039.6
-0.151912;0.370031;0;4292.42;-78200.8;2592.92;27982
-0.156549;0.368093;0;2823.26;-76573.3;2589.6;27946.3
-0.161163;0.366096;0;1354.35;-74943.6;2586.3;27910.7
-0.16575;0.364042;0;-114.066;-73311.8;2583.02;27875.2
-0.170312;0.361931;0;-1581.76;-71678.2;2579.75;27839.9
-0.174846;0.359762;0;-1842.04;-70726.2;2539.56;27406.2
-0.179353;0.357537;0;226.186;-66090.2;2447.84;26416.4
-0.183832;0.355255;0;2295.17;-61450.2;2356.05;25425.8
-0.188282;0.352916;0;4364.59;-56806.9;2264.21;24434.8
-0.192701;0.350523;0;6434.1;-52161.2;2172.34;23443.3
-0.197091;0.348074;0;8503.4;-47513.7;2080.45;22451.6
-0.201449;0.345569;0;10572.1;-42865.1;1988.55;21459.9
-0.205776;0.343011;0;12640;-38216.3;1896.66;20468.2
-0.21007;0.340398;0;14706.7;-33567.9;1804.79;19476.8
-0.214331;0.337731;0;16771.8;-28920.7;1712.96;18485.8
-0.218558;0.335011;0;18835.1;-24275.5;1621.18;17495.3
-0.22275;0.332238;0;20480.6;-20018.4;1525.03;16457.6
-0.226908;0.329413;0;20835.6;-16870.2;1412.29;15241
-0.231029;0.326536;0;21377.5;-16101.1;1292.56;13948.9
-0.235114;0.323607;0;21936.1;-15325.4;1171.16;12638.8
-0.239162;0.320627;0;22494.1;-14548.9;1049.68;11327.8
-0.243172;0.317596;0;23051.6;-13771.5;928.139;10016.2
-0.247144;0.314515;0;23608.3;-12993.5;806.558;8704.15
-0.251077;0.311385;0;24164.3;-12215;684.956;7391.85
-0.25497;0.308205;0;24719.4;-11436;563.351;6079.52
-0.258822;0.304977;0;25273.6;-10656.7;441.762;4767.37
-0.262634;0.301701;0;25826.8;-9877.3;320.209;3455.61
-0.266405;0.298376;0;26378.8;-9097.81;198.712;2144.44
-0.270133;0.295005;0;26929.6;-8318.38;77.2882;834.073
-0.273819;0.291587;0;27479.1;-7539.15;-44.0419;-475.287
-0.277461;0.288124;0;29800;-5814.72;-160.648;-1733.66
-0.28106;0.284614;0;28919.4;-3575.1;-271.124;-2925.89
-0.284614;0.28106;0;22322.3;-1235.74;-375.748;-4054.97
-0.288124;0.277461;0;15723.6;1106.31;-480.42;-5184.56
-0.291587;0.273819;0;9124.42;3450.67;-585.122;-6314.47
-0.295005;0.270133;0;2525.79;5796.97;-689.837;-7444.53
-0.298376;0.266405;0;-4071.24;8144.84;-794.55;-8574.56
-0.301701;0.262634;0;-10665.6;10493.9;-899.244;-9704.38
-0.304977;0.258822;0;-17256.3;12843.8;-1003.9;-10833.8
-0.308205;0.25497;0;-23842.3;15194.2;-1108.51;-11962.7
-0.311385;0.251077;0;-30422.6;17544.6;-1213.04;-13090.8
-0.314515;0.247144;0;-36996;19894.8;-1317.49;-14218
-0.317596;0.243172;0;-39434.1;22254.9;-1410.13;-15217.7
-0.320627;0.239162;0;-39583.9;25647.5;-1475.25;-15920.5
-0.323607;0.235114;0;-39730.4;29043.7;-1540.43;-16623.9
-0.326536;0.231029;0;-39873.4;32442.8;-1605.65;-17327.7
-0.329413;0.226908;0;-40012.9;35844.4;-1670.9;-18031.9
-0.332238;0.22275;0;-40149;39247.8;-1736.17;-18736.3
-0.335011;0.218558;0;-40280;42652.7;-1801.45;-19440.8
-0.337731;0.214331;0;-39624.6;45998.1;-1866.21;-20139.6
-0.340398;0.21007;0;-38758.2;49276.4;-1931.12;-20840.1
-0.343011;0.205776;0;-37888;52552.8;-1996.02;-21540.5
-0.345569;0.201449;0;-37014.4;55826.7;-2060.89;-22240.6
-0.348074;0.197091;0;-36137.4;59097.8;-2125.74;-22940.4
-0.350523;0.192701;0;-35257.1;62365.4;-2190.55;-23639.8
-0.352916;0.188282;0;-34373.8;65629.1;-2255.3;-24338.6
-0.355255;0.183832;0;-36691.8;67086.2;-2310.72;-24936.6
-0.357537;0.179353;0;-32837.3;61408.4;-2341.27;-25266.3
-0.359762;0.174846;0;-28879.9;55644;-2371.78;-25595.6
-0.361931;0.170312;0;-24919.9;49873.9;-2402.31;-25925
-0.364042;0.16575;0;-20957.8;44098.9;-2432.84;-26254.5
-0.366096;0.161163;0;-16994.4;38319.9;-2463.37;-26584
-0.368093;0.156549;0;-13030.1;32537.8;-2493.89;-26913.4
-0.370031;0.151912;0;-9065.73;26753.6;-2524.4;-27242.7
-0.371911;0.14725;0;-5101.79;20968.2;-2554.9;-27571.8
-0.373732;0.142565;0;-1138.95;15182.4;-2585.38;-27900.7
-0.375494;0.137857;0;2822.17;9397.26;-2615.84;-28229.4
-0.377196;0.133128;0;4839.66;3992.94;-2644.58;-28539.6
-0.378839;0.128377;0;4004.36;3019.04;-2657.65;-28680.6
-0.380423;0.123607;0;3670.16;2929.05;-2667.93;-28791.6
-0.381946;0.118817;0;3333.88;2836.55;-2678.22;-28902.6
-0.383409;0.114008;0;2995.57;2741.54;-2688.52;-29013.7
-0.384811;0.109181;0;2655.28;2644.04;-2698.82;-29124.9
-0.386153;0.104337;0;2313.06;2544.06;-2709.12;-29236.1
-0.387433;0.099476;0;1968.98;2441.64;-2719.42;-29347.2
-0.388653;0.0945996;0;1623.08;2336.77;-2729.73;-29458.4
-0.389811;0.0897083;0;1275.41;2229.47;-2740.03;-29569.6
-0.390907;0.0848028;0;926.046;2119.77;-2750.32;-29680.7
-0.391942;0.079884;0;575.027;2007.68;-2760.61;-29791.8
-0.392915;0.0749525;0;222.412;1893.22;-2770.9;-29902.7
-0.393826;0.0700092;0;-131.742;1776.4;-2781.17;-30013.6
-0.394674;0.0650549;0;-487.898;1764;-2791.34;-30123.4
-0.395461;0.0600902;0;-351.49;2569;-2793.9;-30151
-0.396185;0.0551161;0;-29.0406;2268.65;-2795.57;-30169
-0.396846;0.0501333;0;290.362;1969.59;-2797.23;-30187
-0.397445;0.0451426;0;606.666;1671.85;-2798.9;-30204.9
-0.39798;0.0401447;0;919.822;1375.49;-2800.56;-30222.9
-0.398453;0.0351405;0;1129.26;1126.54;-2802.18;-30240.3
-0.398864;0.0301307;0;1179.51;1005.87;-2803.74;-30257.1
-0.399211;0.0251162;0;1180.98;929.444;-2805.28;-30273.8
-0.399495;0.0200977;0;1178.47;856.663;-2806.82;-30290.4
-0.399716;0.0150761;0;1171.96;787.534;-2808.36;-30307
-0.399874;0.010052;0;1161.46;722.068;-2809.9;-30323.6
-0.399968;0.00502642;0;1146.97;660.276;-2811.43;-30340.2
-0.4;4.89859e-17;0;1128.49;602.166;-2812.96;-30356.7
-0.399968;-0.00502642;0;1155.5;860.1;-2811.88;-30345
-0.399874;-0.010052;0;1184.92;1043.44;-2810.25;-30327.4
-0.399716;-0.0150761;0;1210.38;1230.92;-2808.62;-30309.8
-0.399495;-0.0200977;0;1231.88;1422.51;-2806.99;-30292.2
-0.399211;-0.0251162;0;1249.4;1618.18;-2805.35;-30274.6
-0.398864;-0.0301307;0;1262.96;1817.89;-2803.72;-30256.9
-0.398453;-0.0351405;0;1272.54;2021.62;-2802.08;-30239.3
-0.39798;-0.0401447;0;1278.15;2229.34;-2800.44;-30221.6
-0.397445;-0.0451426;0;1279.78;2441;-2798.8;-30203.9
-0.396846;-0.0501333;0;1277.44;2656.58;-2797.16;-30186.2
-0.396185;-0.0551161;0;1271.12;2876.04;-2795.52;-30168.5
-0.395461;-0.0600902;0;1260.82;3099.36;-2793.88;-30150.8
-0.394674;-0.0650549;0;1226.41;3343.21;-2792.23;-30133
-0.393826;-0.0700092;0;387.655;5454.76;-2782.67;-30029.7
-0.392915;-0.0749525;0;-497.097;7636.94;-2772.8;-29923.3
-0.391942;-0.079884;0;-1384.54;9820.99;-2762.93;-29816.8
-0.390907;-0.0848028;0;-2274.54;12006.6;-2753.05;-29710.2
-0.389811;-0.0897083;0;-3166.95;14193.4;-2743.16;-29603.5
-0.388653;-0.0945996;0;-4061.64;16381;-2733.27;-29496.7
-0.387433;-0.099476;0;-4958.46;18569.1;-2723.38;-29389.9
-0.386153;-0.104337;0;-5857.26;20757.4;-2713.48;-29283.2
-0.384811;-0.109181;0;-6757.91;22945.5;-2703.59;-29176.4
-0.383409;-0.114008;0;-7660.27;25133;-2693.69;-29069.6
-0.381946;-0.118817;0;-8564.19;27319.7;-2683.8;-28962.8
-0.380423;-0.123607;0;-9469.53;29505.1;-2673.92;-28856.1
-0.378839;-0.128377;0;-10444.1;31698.4;-2661.99;-28727.4
-0.377196;-0.133128;0;-12019.6;34134.3;-2634.44;-28430.1
-0.375494;-0.137857;0;-13598.7;36571.7;-2606.86;-28132.6
-0.373732;-0.142565;0;-15182;39010;-2579.28;-27834.9
-0.371911;-0.14725;0;-17396.2;40162.5;-2549.33;-27511.6
-0.370031;-0.151912;0;-19606.1;41202;-2519.02;-27184.6
-0.368093;-0.156549;0;-21816.3;42238.3;-2488.7;-26857.4
-0.366096;-0.161163;0;-24026.4;43271.3;-2458.37;-26530
-0.364042;-0.16575;0;-26236.1;44300.6;-2428.03;-26202.7
-0.361931;-0.170312;0;-28445.1;45326.3;-2397.69;-25875.2
-0.359762;-0.174846;0;-30652.9;46348.1;-2367.36;-25547.9
-0.357537;-0.179353;0;-32859.2;47365.8;-2337.03;-25220.6
-0.355255;-0.183832;0;-29640.7;49960;-2287.14;-24682.2
-0.352916;-0.188282;0;-26154.6;52633.7;-2235.58;-24125.7
-0.350523;-0.192701;0;-25613;52366.2;-2177.89;-23503.2
-0.348074;-0.197091;0;-27228.9;50033.6;-2114.21;-22815.9
-0.345569;-0.201449;0;-28842.4;47699.3;-2050.49;-22128.3
-0.343011;-0.205776;0;-30453.2;45363.5;-1986.76;-21440.5
-0.340398;-0.21007;0;-32061.1;43026.7;-1923.01;-20752.6
-0.337731;-0.214331;0;-33665.9;40689.2;-1859.27;-20064.7
-0.335011;-0.218558;0;-35267.1;38351.3;-1795.54;-19377
-0.332238;-0.22275;0;-36864.7;36013.5;-1731.83;-18689.4
-0.329413;-0.226908;0;-38458.4;33676.1;-1668.15;-18002.2
-0.326536;-0.231029;0;-37830.6;31303;-1603.91;-17308.9
-0.323607;-0.235114;0;-36910.9;28948.8;-1538.95;-16608
-0.320627;-0.239162;0;-35988.8;26597;-1474.04;-15907.4
-0.317596;-0.243172;0;-35008.9;24334.1;-1407.2;-15186.2
-0.314515;-0.247144;0;-32665.5;22717.3;-1312.08;-14159.6
-0.311385;-0.251077;0;-25790.6;21041.8;-1207.58;-13031.8
-0.308205;-0.25497;0;-18909.1;19366.4;-1102.98;-11903.1
-0.304977;-0.258822;0;-12022.1;17691.2;-998.323;-10773.6
-0.301701;-0.262634;0;-5130.72;16016.6;-893.607;-9643.56
-0.298376;-0.266405;0;1763.94;14342.8;-788.855;-8513.1
-0.295005;-0.270133;0;8660.81;12670.2;-684.083;-7382.43
-0.291587;-0.273819;0;15558.8;10998.8;-579.307;-6251.72
-0.288124;-0.277461;0;22456.8;9329.12;-474.544;-5121.14
-0.284614;-0.28106;0;29353.8;7661.3;-369.81;-3990.89
-0.28106;-0.284614;0;36248.6;5995.62;-265.123;-2861.13
-0.277461;-0.288124;0;33990;4072.77;-151.436;-1634.26
-0.273819;-0.291587;0;30643.4;2093.33;-34.7548;-375.064
-0.270133;-0.295005;0;29330.4;653.117;83.8132;904.488
-0.266405;-0.298376;0;28136.7;-796.002;204.853;2210.72
-0.262634;-0.301701;0;26941.7;-2245.36;325.954;3517.61
-0.258822;-0.304977;0;25745.7;-3694.72;447.098;4824.96
-0.25497;-0.308205;0;24548.9;-5143.86;568.265;6132.55
-0.251077;-0.311385;0;23351.5;-6592.56;689.436;7440.2
-0.247144;-0.314515;0;22153.6;-8040.58;810.592;8747.68
-0.243172;-0.317596;0;20955.5;-9487.69;931.713;10054.8
-0.239162;-0.320627;0;19757.4;-10933.7;1052.78;11361.3
-0.235114;-0.323607;0;18559.3;-12378.3;1173.78;12667.1
-0.231029;-0.326536;0;17361.6;-13821.3;1294.68;13971.8
-0.226908;-0.329413;0;16614.1;-15493.9;1409.85;15214.7
-0.22275;-0.332238;0;16349.7;-17476.1;1522.21;16427.2
-0.218558;-0.335011;0;14752.4;-21411.3;1614.75;17425.9
-0.214331;-0.337731;0;13095.9;-25456.1;1707.42;18426
-0.21007;-0.340398;0;11438.2;-29501.4;1800.14;19426.6
-0.205776;-0.343011;0;9779.71;-33546.6;1892.9;20427.6
-0.201449;-0.345569;0;8120.6;-37590.9;1985.68;21428.9
-0.197091;-0.348074;0;6461.15;-41633.7;2078.47;22430.2
-0.192701;-0.350523;0;4801.63;-45674.5;2171.25;23431.5
-0.188282;-0.352916;0;3142.3;-49712.6;2264.01;24432.6
-0.183832;-0.355255;0;1483.42;-53747.3;2356.74;25433.3
-0.179353;-0.357537;0;-174.752;-57778;2449.41;26433.4
-0.174846;-0.359762;0;-1831.95;-61804.1;2542.02;27432.8
-0.170312;-0.361931;0;-2593.89;-60548.9;2590.13;27952
-0.16575;-0.364042;0;-1896.85;-62033.2;2600.62;28065.2
-0.161163;-0.366096;0;-1062.48;-63880.9;2608.1;28145.9
-0.156549;-0.368093;0;-228.186;-65726;2615.6;28226.8
-0.151912;-0.370031;0;605.894;-67568.2;2623.11;28307.8
-0.14725;-0.371911;0;1439.63;-69407.2;2630.62;28389
-0.142565;-0.373732;0;2272.89;-71242.6;2638.15;28470.2
-0.137857;-0.375494;0;3105.54;-73074.3;2645.69;28551.5
-0.133128;-0.377196;0;3937.46;-74901.8;2653.23;28632.9
-0.128377;-0.378839;0;4768.5;-76725;2660.78;28714.4
-0.123607;-0.380423;0;5598.54;-78543.5;2668.34;28796
-0.118817;-0.381946;0;6427.45;-80357.1;2675.9;28877.5
-0.114008;-0.383409;0;7255.1;-82165.4;2683.46;28959.2
-0.109181;-0.384811;0;8063.32;-84056.7;2688.7;29015.7
-0.104337;-0.386153;0;4342.5;-78146.5;2601.76;28077.5
-0.099476;-0.387433;0;-210.423;-70176.1;2508.43;27070.3
-0.0945996;-0.388653;0;-4764.58;-62201.7;2415.06;26062.6
-0.0897083;-0.389811;0;-9319.27;-54224.4;2321.65;25054.6
-0.0848028;-0.390907;0;-13844.3;-46257.8;2228.44;24048.7
-0.079884;-0.391942;0;-18318.3;-38217.7;2135.43;23045
-0.0749525;-0.392915;0;-22785.6;-30153.5;2042.44;22041.4
-0.0700092;-0.393826;0;-27251.5;-22088.6;1949.46;21038
-0.0650549;-0.394674;0;-31715;-14024.3;1856.51;20035
-0.0600902;-0.395461;0;-36175.6;-5961.96;1763.62;19032.5
-0.0551161;-0.396185;0;-40632.6;2097.28;1670.79;18030.7
-0.0501333;-0.396846;0;-39807.6;4138.17;1532.04;16533.3
-0.0451426;-0.397445;0;-37181;4956.74;1378.17;14872.8
-0.0401447;-0.39798;0;-34551.8;5775.27;1224.22;13211.4
-0.0351405;-0.398453;0;-31920.5;6593.64;1070.2;11549.3
-0.0301307;-0.398864;0;-29172.4;7310.52;916.488;9890.49
-0.0251162;-0.399211;0;-26392.9;7988.86;762.432;8227.95
-0.0200977;-0.399495;0;-23612.7;8666.19;608.366;6565.32
-0.0150761;-0.399716;0;-20832.1;9342.41;454.315;4902.83
-0.010052;-0.399874;0;-18051.7;10017.4;300.302;3240.77
-0.00502642;-0.399968;0;-15271.8;10691.1;146.352;1579.39
-7.34788e-17;-0.4;0;-12492.9;11363.3;-7.51027;-81.0488
0.00502642;-0.399968;0;-9390.25;11134.3;-159.047;-1716.39
0.010052;-0.399874;0;-5460.6;8792.17;-308.56;-3329.89
0.0150761;-0.399716;0;-1526.98;6446.83;-458.196;-4944.72
0.0200977;-0.399495;0;2409.97;4098.64;-607.933;-6560.64
0.0251162;-0.399211;0;6349.64;1747.96;-757.746;-8177.39
0.0301307;-0.398864;0;10291.4;-604.824;-907.613;-9794.7
0.0351405;-0.398453;0;14234.6;-2959.35;-1057.51;-11412.3
0.0401447;-0.39798;0;18178.7;-5315.24;-1207.41;-13030
0.0451426;-0.397445;0;22123;-7672.13;-1357.29;-14647.5
0.0501333;-0.396846;0;26067;-10029.6;-1507.14;-16264.6
0.0551161;-0.396185;0;27513.4;-7526.15;-1655;-17860.3
0.0600902;-0.395461;0;28924.6;-4934.4;-1803.36;-19461.3
0.0650549;-0.394674;0;26155.9;814.021;-1889.23;-20388
0.0700092;-0.393826;0;23152.2;6801.89;-1973.75;-21300.1
0.0749525;-0.392915;0;20147;12792.9;-2058.28;-22212.4
0.079884;-0.391942;0;17141;18786.2;-2142.81;-23124.7
0.0848028;-0.390907;0;14202.7;23539;-2224.85;-24009.9
0.0897083;-0.389811;0;11317.8;26953.1;-2306.67;-24892.9
0.0945996;-0.388653;0;8433.02;30362.5;-2388.51;-25776.1
0.099476;-0.387433;0;5548.9;33766.6;-2470.35;-26659.3
0.104337;-0.386153;0;2665.85;37164.9;-2552.19;-27542.5
0.109181;-0.384811;0;-215.672;40556.8;-2634;-28425.4
0.114008;-0.383409;0;-3095.21;43941.8;-2715.78;-29307.9
0.118817;-0.381946;0;-4021.52;46347.4;-2736.09;-29527.1
0.123607;-0.380423;0;-3898.53;48334.8;-2722.87;-29384.4
0.128377;-0.378839;0;-3774.97;50319.1;-2709.65;-29241.7
0.133128;-0.377196;0;-3650.85;52300;-2696.42;-29099
0.137857;-0.375494;0;-3526.2;54277.2;-2683.2;-28956.3
0.142565;-0.373732;0;-3401.03;56250.4;-2669.97;-28813.6
0.14725;-0.371911;0;-3275.37;58219.2;-2656.75;-28670.9
0.151912;-0.370031;0;-3149.23;60183.3;-2643.54;-28528.4
0.156549;-0.368093;0;-3022.64;62142.5;-2630.34;-28385.9
0.161163;-0.366096;0;-2895.61;64096.4;-2617.14;-28243.5
0.16575;-0.364042;0;-2768.17;66044.7;-2603.96;-28101.2
0.170312;-0.361931;0;-2273.13;69315.9;-2584.06;-27886.4
0.174846;-0.359762;0;-1700.08;71822.4;-2540.02;-27411.1
0.179353;-0.357537;0;-2180.84;68021.1;-2446.97;-26407.1
0.183832;-0.355255;0;-2660.24;64214.4;-2353.87;-25402.4
0.188282;-0.352916;0;-3138.2;60402.6;-2260.73;-24397.2
0.192701;-0.350523;0;-3614.65;56586.6;-2167.56;-23391.7
0.197091;-0.348074;0;-4089.5;52766.7;-2074.38;-22386.1
0.201449;-0.345569;0;-4562.69;48943.8;-1981.2;-21380.6
0.205776;-0.343011;0;-5034.13;45118.3;-1888.04;-20375.2
0.21007;-0.340398;0;-5503.77;41290.8;-1794.9;-19370.1
0.214331;-0.337731;0;-5971.51;37462.1;-1701.82;-18365.5
0.218558;-0.335011;0;-6437.29;33632.5;-1608.79;-17361.6
0.22275;-0.332238;0;-6901.03;29802.9;-1515.84;-16358.5
0.226908;-0.329413;0;-7116.88;27888.1;-1410.1;-15217.4
0.231029;-0.326536;0;-8286.45;27626.5;-1288.54;-13905.6
0.235114;-0.323607;0;-9455.42;27363.1;-1166.89;-12592.7
0.239162;-0.320627;0;-10623.6;27097.7;-1045.15;-11279
0.243172;-0.317596;0;-11790.9;26830.6;-923.357;-9964.61
0.247144;-0.314515;0;-12957;26561.6;-801.52;-8649.78
0.251077;-0.311385;0;-14121.7;26291;-679.661;-7334.71
0.25497;-0.308205;0;-15285;26018.6;-557.799;-6019.61
0.258822;-0.304977;0;-16446.6;25744.5;-435.953;-4704.68
0.262634;-0.301701;0;-17606.3;25468.9;-314.143;-3390.15
0.266405;-0.298376;0;-18763.9;25191.6;-192.389;-2076.2
0.270133;-0.295005;0;-19919.3;24912.8;-70.7081;-763.062
0.273819;-0.291587;0;-21072.2;24632.6;50.879;549.072
0.277461;-0.288124;0;-23291.3;24382.2;171.006;1845.45
0.28106;-0.284614;0;-21094.6;21545.7;278.502;3005.52
0.284614;-0.28106;0;-15569.7;17521.7;382.206;4124.66
0.288124;-0.277461;0;-10043.2;13492.9;485.965;5244.39
0.291587;-0.273819;0;-4516.02;9459.86;589.761;6364.53
0.295005;-0.270133;0;1011;5423.36;693.579;7484.91
0.298376;-0.266405;0;6536.98;1383.98;797.402;8605.34
0.301701;-0.262634;0;12061;-2657.65;901.214;9725.64
0.304977;-0.258822;0;17582.3;-6700.88;1005;10845.7
0.308205;-0.25497;0;23099.9;-10745.1;1108.74;11965.2
0.311385;-0.251077;0;28613;-14789.6;1212.42;13084.1
0.314515;-0.247144;0;34120.7;-18833.8;1316.02;14202.1
0.317596;-0.243172;0;37926.6;-20931.1;1413.54;15254.5
0.320627;-0.239162;0;37786.7;-23757.1;1478.55;15956.1
0.323607;-0.235114;0;37644.8;-26584.7;1543.62;16658.3
0.326536;-0.231029;0;37500.9;-29413.6;1608.73;17361
0.329413;-0.226908;0;37355.2;-32243.3;1673.88;18064
0.332238;-0.22275;0;37207.5;-35073.3;1739.05;18767.4
0.335011;-0.218558;0;37058;-37903.2;1804.24;19470.8
0.337731;-0.214331;0;36906.7;-40732.6;1869.43;20174.4
0.340398;-0.21007;0;36753.5;-43561;1934.61;20877.8
0.343011;-0.205776;0;36598.6;-46387.9;1999.78;21581.1
0.345569;-0.201449;0;36441.9;-49213;2064.92;22284.1
0.348074;-0.197091;0;36283.5;-52035.7;2130.03;22986.7
0.350523;-0.192701;0;36123.3;-54855.6;2195.09;23688.7
0.352916;-0.188282;0;35961.4;-57672.4;2260.08;24390.2
0.355255;-0.183832;0;36486.3;-56991.5;2309.08;24918.9
0.357537;-0.179353;0;34111;-55892.2;2339.12;25243.2
0.359762;-0.174846;0;31736.2;-54785.2;2369.18;25567.6
0.361931;-0.170312;0;29606.3;-52480;2397.75;25875.8
0.364042;-0.16575;0;27491.2;-49873.5;2426.09;26181.7
0.366096;-0.161163;0;25375.1;-47260.9;2454.43;26487.6
0.368093;-0.156549;0;23258.1;-44642.9;2482.78;26793.5
0.370031;-0.151912;0;21140.7;-42019.6;2511.13;27099.4
0.371911;-0.14725;0;19023.2;-39391.6;2539.47;27405.3
0.373732;-0.142565;0;16905.9;-36759.3;2567.8;27711
0.375494;-0.137857;0;14789.2;-34123;2596.12;28016.6
0.377196;-0.133128;0;12673.4;-31483.3;2624.42;28322
0.378839;-0.128377;0;12333;-30859.9;2652.76;28627.9
0.380423;-0.123607;0;14082.6;-32486.9;2676.54;28884.5
0.381946;-0.118817;0;12930.7;-30441.3;2686.03;28986.9
0.383409;-0.114008;0;11780.7;-28394.1;2695.52;29089.3
0.384811;-0.109181;0;10632.9;-26345.8;2705.01;29191.7
0.386153;-0.104337;0;9821.04;-24272.5;2714.05;29289.3
0.387433;-0.099476;0;9564.21;-22061.8;2722.32;29378.6
0.388653;-0.0945996;0;9306.59;-19849.8;2730.6;29467.9
0.389811;-0.0897083;0;9048.23;-17637;2738.88;29557.2
0.390907;-0.0848028;0;8789.17;-15423.6;2747.16;29646.6
0.391942;-0.079884;0;8529.44;-13210;2755.44;29735.9
0.392915;-0.0749525;0;8269.09;-10996.6;2763.71;29825.2
0.393826;-0.0700092;0;8008.16;-8783.62;2771.98;29914.5
0.394674;-0.0650549;0;7746.69;-6571.51;2780.25;30003.7
0.395461;-0.0600902;0;7484.72;-4360.6;2788.51;30092.9
0.396185;-0.0551161;0;5291.68;2711.86;2792.64;30137.3
0.396846;-0.0501333;0;2128.96;12286.9;2795.05;30163.4
0.397445;-0.0451426;0;-1035.72;21866;2797.46;30189.4
0.39798;-0.0401447;0;-4325.89;30451.3;2799.07;30206.8
0.398453;-0.0351405;0;-7819.13;38344.7;2800;30216.8
0.398864;-0.0301307;0;-11314.4;46242.6;2800.93;30226.8
0.399211;-0.0251162;0;-14811.1;54143.9;2801.86;30236.9
0.399495;-0.0200977;0;-18308.6;62047.1;2802.79;30246.9
0.399716;-0.0150761;0;-21806.5;69951.2;2803.72;30257
0.399874;-0.010052;0;-25304.2;77854.8;2804.65;30267
0.399968;-0.00502642;0;-28801.2;85756.7;2805.59;30277.1
