0.4;0;0;2481.52;7817.95;2806.5;30287
0.399968;0.00502642;0;2195.11;7916.53;2805.5;30276.2
0.399874;0.010052;0;1902.91;8017.1;2804.49;30265.2
0.399716;0.0150761;0;1610.64;8117.7;2803.47;30254.3
0.399495;0.0200977;0;1318.34;8218.32;2802.45;30243.3
0.399211;0.0251162;0;1026.06;8318.93;2801.44;30232.3
0.398864;0.0301307;0;733.838;8419.52;2800.42;30221.4
0.398453;0.0351405;0;441.727;8520.08;2799.4;30210.4
0.39798;0.0401447;0;149.773;8620.59;2798.39;30199.4
0.397445;0.0451426;0;-52.0464;8844.46;2796.28;30176.7
0.396846;0.0501333;0;-220.638;9131.11;2793.6;30147.8
0.396185;0.0551161;0;-389.122;9417.81;2790.92;30118.9
0.395461;0.0600902;0;-557.472;9704.52;2788.25;30090
0.394674;0.0650549;0;-765.823;9659.21;2780.85;30010.1
0.393826;0.0700092;0;-986.721;9567.8;2772.56;29920.6
0.392915;0.0749525;0;-1207.64;9476.47;2764.26;29831.1
0.391942;0.079884;0;-1428.56;9385.24;2755.96;29741.6
0.390907;0.0848028;0;-1649.42;9294.13;2747.66;29652
0.389811;0.0897083;0;-1870.21;9203.14;2739.36;29562.4
0.388653;0.0945996;0;-2090.88;9112.29;2731.06;29472.8
0.387433;0.099476;0;-2311.41;9021.6;2722.76;29383.3
0.386153;0.104337;0;-2470.77;8982.47;2714.04;29289.2
0.384811;0.109181;0;-2480.98;9061.87;2703.86;29179.3
0.383409;0.114008;0;-2490.87;9141.45;2693.69;29069.5
0.381946;0.118817;0;-2500.43;9221.18;2683.51;28959.7
0.380423;0.123607;0;-2509.66;9301.06;2673.33;28849.9
0.378839;0.128377;0;-2499.96;9317.94;2650.32;28601.6
0.377196;0.133128;0;-2478.99;9304.77;2620.11;28275.5
0.375494;0.137857;0;-2633.97;9224.73;2591.78;27969.8
0.373732;0.142565;0;-2790.49;9144.22;2563.47;27664.2
0.371911;0.14725;0;-2946.54;9063.95;2535.14;27358.5
0.370031;0.151912;0;-3102.09;8983.94;2506.8;27052.7
0.368093;0.156549;0;-3257.11;8904.2;2478.46;26746.8
0.366096;0.161163;0;-3411.59;8824.74;2450.11;26440.9
0.364042;0.16575;0;-3565.49;8745.58;2421.77;26135.1
0.361931;0.170312;0;-3718.8;8666.72;2393.44;25829.3
0.359762;0.174846;0;-3871.49;8588.19;2365.12;25523.7
0.357537;0.179353;0;-4023.53;8509.99;2336.81;25218.2
0.355255;0.183832;0;-4174.9;8432.13;2308.52;24912.9
0.352916;0.188282;0;-4212.86;8251.19;2260.85;24398.5
0.350523;0.192701;0;-4248.14;8024.37;2195.69;23695.3
0.348074;0.197091;0;-4282.91;7797.51;2130.47;22991.4
0.345569;0.201449;0;-4317.18;7570.66;2065.2;22287.1
0.343011;0.205776;0;-4350.94;7343.83;1999.9;21582.3
0.340398;0.21007;0;-4384.17;7117.08;1934.57;20877.3
0.337731;0.214331;0;-4416.89;6890.43;1869.22;20172.1
0.335011;0.218558;0;-4449.08;6663.92;1803.87;19466.9
0.332238;0.22275;0;-4480.73;6437.6;1738.52;18761.7
0.329413;0.226908;0;-4511.84;6211.48;1673.19;18056.6
0.326536;0.231029;0;-4542.42;5985.61;1607.88;17351.8
0.323607;0.235114;0;-4558.32;5764.2;1542.57;16647
0.320627;0.239162;0;-4555.78;5550.26;1477.14;15940.9
0.317596;0.243172;0;-4552.56;5336.8;1411.77;15235.4
0.314515;0.247144;0;-4560.67;5002.3;1322.45;14271.5
0.311385;0.251077;0;-4540.88;4609.32;1218.85;13153.5
0.308205;0.25497;0;-4520.8;4216.19;1115.17;12034.6
0.304977;0.258822;0;-4498.87;3823.54;1011.38;10914.5
0.301701;0.262634;0;-4473.58;3431.98;907.441;9792.84
0.298376;0.266405;0;-4445.16;3040.92;803.403;8670.1
0.295005;0.270133;0;-4412.13;2650.69;699.243;7546.03
0.291587;0.273819;0;-4378.63;2260.6;595.084;6421.98
0.288124;0.277461;0;-4344.66;1870.72;490.944;5298.13
0.284614;0.28106;0;-4310.23;1481.09;386.839;4174.66
0.28106;0.284614;0;-4275.35;1091.8;282.785;3051.74
0.277461;0.288124;0;-4211.31;711.02;176.654;1906.4
0.273819;0.291587;0;-4165.55;206.796;55.3972;597.831
0.270133;0.295005;0;-4119.29;-297.682;-65.9718;-711.95
0.266405;0.298376;0;-4072.55;-802.336;-187.434;-2022.74
0.262634;0.301701;0;-4025.34;-1307.09;-308.971;-3334.33
0.258822;0.304977;0;-3977.65;-1811.85;-430.564;-4646.52
0.25497;0.308205;0;-3929.5;-2316.55;-552.192;-5959.1
0.251077;0.311385;0;-3870.82;-2816.7;-673.925;-7272.81
0.247144;0.314515;0;-3809.53;-3315.55;-795.686;-8586.82
0.243172;0.317596;0;-3738.88;-3809.13;-917.589;-9902.36
0.239162;0.320627;0;-3667.88;-4302.31;-1039.45;-11217.5
0.235114;0.323607;0;-3596.54;-4795.02;-1161.26;-12532
0.231029;0.326536;0;-3524.87;-5287.19;-1282.99;-13845.7
0.226908;0.329413;0;-3452.88;-5778.74;-1404.63;-15158.4
0.22275;0.332238;0;-3417.58;-6250.47;-1510.77;-16303.8
0.218558;0.335011;0;-3347.08;-6652.24;-1602.76;-17296.5
0.214331;0.337731;0;-3276.33;-7054.24;-1694.83;-18290.1
0.21007;0.340398;0;-3205.32;-7456.41;-1786.96;-19284.3
0.205776;0.343011;0;-3134.07;-7858.69;-1879.14;-20279.1
0.201449;0.345569;0;-3062.59;-8261.02;-1971.35;-21274.2
0.197091;0.348074;0;-2990.89;-8663.32;-2063.58;-22269.6
0.192701;0.350523;0;-2918.98;-9065.55;-2155.81;-23264.9
0.188282;0.352916;0;-2846.87;-9467.63;-2248.04;-24260.2
0.183832;0.355255;0;-2774.58;-9869.5;-2340.24;-25255.2
0.179353;0.357537;0;-2702.11;-10271.1;-2432.39;-26249.7
0.174846;0.359762;0;-2629.48;-10672.4;-2524.5;-27243.7
0.170312;0.361931;0;-2531.72;-10898.2;-2597.61;-28032.7
0.16575;0.364042;0;-2186.7;-10516.2;-2615.24;-28222.9
0.161163;0.366096;0;-1831.3;-10124.1;-2632.48;-28409
0.156549;0.368093;0;-1475.55;-9731.62;-2649.73;-28595.2
0.151912;0.370031;0;-1119.5;-9338.79;-2667;-28781.6
0.14725;0.371911;0;-763.194;-8945.69;-2684.29;-28968.1
0.142565;0.373732;0;-406.702;-8552.38;-2701.58;-29154.7
0.137857;0.375494;0;-50.0757;-8158.92;-2718.88;-29341.3
0.133128;0.377196;0;306.629;-7765.37;-2736.18;-29528.1
0.128377;0.378839;0;663.354;-7371.8;-2753.48;-29714.8
0.123607;0.380423;0;1020.04;-6978.26;-2770.78;-29901.5
0.118817;0.381946;0;1131.79;-6792.12;-2742.39;-29595.1
0.114008;0.383409;0;975.397;-6825.89;-2660.12;-28707.3
0.109181;0.384811;0;818.931;-6859.67;-2577.81;-27819
0.104337;0.386153;0;662.422;-6893.46;-2495.49;-26930.6
0.099476;0.387433;0;505.895;-6927.26;-2413.15;-26042
0.0945996;0.388653;0;349.373;-6961.05;-2330.81;-25153.5
0.0897083;0.389811;0;192.881;-6994.84;-2248.49;-24265.1
0.0848028;0.390907;0;36.4455;-7028.61;-2166.2;-23377.1
0.079884;0.391942;0;-119.91;-7062.37;-2083.95;-22489.5
0.0749525;0.392915;0;-276.162;-7096.11;-2001.76;-21602.4
0.0700092;0.393826;0;-432.283;-7129.82;-1919.64;-20716.2
0.0650549;0.394674;0;-588.251;-7163.49;-1837.59;-19830.8
0.0600902;0.395461;0;-744.04;-7197.13;-1755.64;-18946.4
0.0551161;0.396185;0;-899.626;-7230.72;-1673.8;-18063.1
0.0501333;0.396846;0;-849.557;-6645.64;-1528.15;-16491.3
0.0451426;0.397445;0;-771.125;-5971.21;-1373.21;-14819.3
0.0401447;0.39798;0;-692.602;-5296.01;-1218.1;-13145.4
0.0351405;0.398453;0;-614;-4620.14;-1062.83;-11469.8
0.0301307;0.398864;0;-535.331;-3943.73;-907.441;-9792.85
0.0251162;0.399211;0;-456.608;-3266.86;-751.946;-8114.79
0.0200977;0.399495;0;-377.842;-2589.65;-596.372;-6435.88
0.0150761;0.399716;0;-299.047;-1912.21;-440.745;-4756.4
0.010052;0.399874;0;-220.235;-1234.63;-285.089;-3076.6
0.00502642;0.399968;0;-141.418;-557.039;-129.429;-1396.76
2.44929e-17;0.4;0;-62.6091;120.469;26.2121;282.874
-0.00502642;0.399968;0;16.1798;797.784;181.808;1962.02
-0.010052;0.399874;0;94.936;1474.8;337.335;3640.43
-0.0150761;0.399716;0;173.647;2151.41;492.768;5317.82
-0.0200977;0.399495;0;252.301;2827.5;648.083;6993.93
-0.0251162;0.399211;0;330.884;3502.98;803.255;8668.5
-0.0301307;0.398864;0;409.386;4177.73;958.26;10341.3
-0.0351405;0.398453;0;475.158;4795.13;1109.26;11970.8
-0.0401447;0.39798;0;534.505;5292.07;1236.91;13348.3
-0.0451426;0.397445;0;607.727;5752.36;1345.05;14515.4
-0.0501333;0.396846;0;680.989;6212.98;1453.29;15683.5
-0.0551161;0.396185;0;754.28;6673.85;1561.61;16852.4
-0.0600902;0.395461;0;827.588;7134.91;1669.99;18022
-0.0650549;0.394674;0;900.901;7596.07;1778.41;19192.1
-0.0700092;0.393826;0;974.208;8057.27;1886.86;20362.4
-0.0749525;0.392915;0;1047.5;8518.43;1995.32;21532.9
-0.079884;0.391942;0;1120.76;8979.48;2103.77;22703.3
-0.0848028;0.390907;0;1193.98;9440.35;2212.19;23873.4
-0.0897083;0.389811;0;1267.14;9900.96;2320.58;25043
-0.0945996;0.388653;0;1340.25;10361.2;2428.9;26212
-0.099476;0.387433;0;1413.27;10821.1;2537.15;27380.2
-0.104337;0.386153;0;1395.4;11097.7;2624.74;28325.5
-0.109181;0.384811;0;1358.52;11095.1;2650.92;28608
-0.114008;0.383409;0;1457.78;11099.9;2644.31;28536.7
-0.118817;0.381946;0;1556.94;11104.5;2637.71;28465.4
-0.123607;0.380423;0;1656;11108.9;2631.11;28394.2
-0.128377;0.378839;0;1754.93;11113.1;2624.52;28323.1
-0.133128;0.377196;0;1853.73;11117.1;2617.94;28252
-0.137857;0.375494;0;1952.37;11121;2611.37;28181.1
-0.142565;0.373732;0;2050.85;11124.7;2604.8;28110.3
-0.14725;0.371911;0;2149.14;11128.2;2598.26;28039.6
-0.151912;0.370031;0;2229.44;11115;2592.92;27982
-0.156549;0.368093;0;2282.63;11082.5;2589.6;27946.3
-0.161163;0.366096;0;2335.63;11050;2586.3;27910.7
-0.16575;0.364042;0;2388.45;11017.4;2583.02;27875.2
-0.170312;0.361931;0;2441.07;10984.8;2579.75;27839.9
-0.174846;0.359762;0;2549.57;10912.8;2539.56;27406.2
-0.179353;0.357537;0;2595.4;10527.7;2447.84;26416.4
-0.183832;0.355255;0;2641.2;10142.4;2356.05;25425.8
-0.188282;0.352916;0;2686.95;9757.03;2264.21;24434.8
-0.192701;0.350523;0;2732.65;9371.54;2172.34;23443.3
-0.197091;0.348074;0;2778.3;8986.04;2080.45;22451.6
-0.201449;0.345569;0;2823.88;8600.59;1988.55;21459.9
-0.205776;0.343011;0;2869.4;8215.24;1896.66;20468.2
-0.21007;0.340398;0;2914.83;7830.07;1804.79;19476.8
-0.214331;0.337731;0;2960.19;7445.12;1712.96;18485.8
-0.218558;0.335011;0;3005.45;7060.46;1621.18;17495.3
-0.22275;0.332238;0;2929.41;6540.55;1525.03;16457.6
-0.226908;0.329413;0;2464.8;5576.85;1412.29;15241
-0.231029;0.326536;0;2501.61;5093.63;1292.56;13948.9
-0.235114;0.323607;0;2541.62;4605.52;1171.16;12638.8
-0.239162;0.320627;0;2581.41;4116.93;1049.68;11327.8
-0.243172;0.317596;0;2620.95;3627.9;928.139;10016.2
-0.247144;0.314515;0;2660.24;3138.54;806.558;8704.15
-0.251077;0.311385;0;2699.28;2648.91;684.956;7391.85
-0.25497;0.308205;0;2738.07;2159.09;563.351;6079.52
-0.258822;0.304977;0;2776.58;1669.16;441.762;4767.37
-0.262634;0.301701;0;2814.83;1179.19;320.209;3455.61
-0.266405;0.298376;0;2852.8;689.268;198.712;2144.44
-0.270133;0.295005;0;2890.49;199.465;77.2882;834.073
-0.273819;0.291587;0;2927.88;-290.14;-44.0419;-475.287
-0.277461;0.288124;0;3210.61;-597.904;-160.648;-1733.66
-0.28106;0.284614;0;3468.95;-897.203;-271.124;-2925.89
-0.284614;0.28106;0;3542.08;-1295.62;-375.748;-4054.97
-0.288124;0.277461;0;3615.03;-1694.37;-480.42;-5184.56
-0.291587;0.273819;0;3687.79;-2093.38;-585.122;-6314.47
-0.295005;0.270133;0;3760.36;-2492.6;-689.837;-7444.53
-0.298376;0.266405;0;3832.7;-2891.97;-794.55;-8574.56
-0.301701;0.262634;0;3904.83;-3291.41;-899.244;-9704.38
-0.304977;0.258822;0;3976.72;-3690.86;-1003.9;-10833.8
-0.308205;0.25497;0;4048.36;-4090.27;-1108.51;-11962.7
-0.311385;0.251077;0;4119.75;-4489.57;-1213.04;-13090.8
-0.314515;0.247144;0;4190.87;-4888.69;-1317.49;-14218
-0.317596;0.243172;0;4112.76;-5286.26;-1410.13;-15217.7
-0.320627;0.239162;0;4145.9;-5484.02;-1475.25;-15920.5
-0.323607;0.235114;0;4178.74;-5682.14;-1540.43;-16623.9
-0.326536;0.231029;0;4211.28;-5880.57;-1605.65;-17327.7
-0.329413;0.226908;0;4243.51;-6079.29;-1670.9;-18031.9
-0.332238;0.22275;0;4275.42;-6278.26;-1736.17;-18736.3
-0.335011;0.218558;0;4306.86;-6477.54;-1801.45;-19440.8
-0.337731;0.214331;0;4255.42;-6711.12;-1866.21;-20139.6
-0.340398;0.21007;0;4178.52;-6952.64;-1931.12;-20840.1
-0.343011;0.205776;0;4101.16;-7194.24;-1996.02;-21540.5
-0.345569;0.201449;0;4023.38;-7435.91;-2060.89;-22240.6
-0.348074;0.197091;0;3945.17;-7677.59;-2125.74;-22940.4
-0.350523;0.192701;0;3866.55;-7919.26;-2190.55;-23639.8
-0.352916;0.188282;0;3787.53;-8160.86;-2255.3;-24338.6
-0.355255;0.183832;0;3934.36;-8566;-2310.72;-24936.6
-0.357537;0.179353;0;3901.76;-8648.75;-2341.27;-25266.3
-0.359762;0.174846;0;3865.7;-8727.49;-2371.78;-25595.6
-0.361931;0.170312;0;3829.14;-8806.85;-2402.31;-25925
-0.364042;0.16575;0;3792.09;-8886.81;-2432.84;-26254.5
-0.366096;0.161163;0;3754.55;-8967.36;-2463.37;-26584
-0.368093;0.156549;0;3716.52;-9048.49;-2493.89;-26913.4
-0.370031;0.151912;0;3678.02;-9130.18;-2524.4;-27242.7
-0.371911;0.14725;0;3639.04;-9212.41;-2554.9;-27571.8
-0.373732;0.142565;0;3599.6;-9295.19;-2585.38;-27900.7
-0.375494;0.137857;0;3559.71;-9378.49;-2615.84;-28229.4
-0.377196;0.133128;0;3489.35;-9337.08;-2644.58;-28539.6
-0.378839;0.128377;0;3437.63;-9284.19;-2657.65;-28680.6
-0.380423;0.123607;0;3411.17;-9305.16;-2667.93;-28791.6
-0.381946;0.118817;0;3384.39;-9326.24;-2678.22;-28902.6
-0.383409;0.114008;0;3357.29;-9347.42;-2688.52;-29013.7
-0.384811;0.109181;0;3329.87;-9368.7;-2698.82;-29124.9
-0.386153;0.104337;0;3302.14;-9390.08;-2709.12;-29236.1
-0.387433;0.099476;0;3274.11;-9411.56;-2719.42;-29347.2
-0.388653;0.0945996;0;3245.77;-9433.12;-2729.73;-29458.4
-0.389811;0.0897083;0;3217.13;-9454.78;-2740.03;-29569.6
-0.390907;0.0848028;0;3188.21;-9476.52;-2750.32;-29680.7
-0.391942;0.079884;0;3158.99;-9498.34;-2760.61;-29791.8
-0.392915;0.0749525;0;3129.49;-9520.24;-2770.9;-29902.7
-0.393826;0.0700092;0;3099.71;-9542.22;-2781.17;-30013.6
-0.394674;0.0650549;0;3073.99;-9568.44;-2791.34;-30123.4
-0.395461;0.0600902;0;3101.01;-9610.82;-2793.9;-30151
-0.396185;0.0551161;0;3094.15;-9600.15;-2795.57;-30169
-0.396846;0.0501333;0;3087;-9589.84;-2797.23;-30187
-0.397445;0.0451426;0;3079.56;-9579.9;-2798.9;-30204.9
-0.39798;0.0401447;0;3071.83;-9570.33;-2800.56;-30222.9
-0.398453;0.0351405;0;3055.13;-9572.66;-2802.18;-30240.3
-0.398864;0.0301307;0;3029.71;-9586.44;-2803.74;-30257.1
-0.399211;0.0251162;0;3002.07;-9603.12;-2805.28;-30273.8
-0.399495;0.0200977;0;2974.26;-9620.04;-2806.82;-30290.4
-0.399716;0.0150761;0;2946.27;-9637.19;-2808.36;-30307
-0.399874;0.010052;0;2918.12;-9654.56;-2809.9;-30323.6
-0.399968;0.00502642;0;2889.81;-9672.16;-2811.43;-30340.2
-0.4;4.89859e-17;0;2861.33;-9689.99;-2812.96;-30356.7
-0.399968;-0.00502642;0;2875.22;-9678.76;-2811.88;-30345
-0.399874;-0.010052;0;2901.08;-9668.27;-2810.25;-30327.4
-0.399716;-0.0150761;0;2926.77;-9657.99;-2808.62;-30309.8
-0.399495;-0.0200977;0;2952.29;-9647.93;-2806.99;-30292.2
-0.399211;-0.0251162;0;2977.62;-9638.08;-2805.35;-30274.6
-0.398864;-0.0301307;0;3002.78;-9628.44;-2803.72;-30256.9
-0.398453;-0.0351405;0;3027.74;-9619.03;-2802.08;-30239.3
-0.39798;-0.0401447;0;3052.52;-9609.83;-2800.44;-30221.6
-0.397445;-0.0451426;0;3077.1;-9600.86;-2798.8;-30203.9
-0.396846;-0.0501333;0;3101.48;-9592.11;-2797.16;-30186.2
-0.396185;-0.0551161;0;3125.66;-9583.58;-2795.52;-30168.5
-0.395461;-0.0600902;0;3149.64;-9575.27;-2793.88;-30150.8
-0.394674;-0.0650549;0;3172.15;-9568.87;-2792.23;-30133
-0.393826;-0.0700092;0;3171.41;-9554.06;-2782.67;-30029.7
-0.392915;-0.0749525;0;3167.75;-9540.34;-2772.8;-29923.3
-0.391942;-0.079884;0;3163.82;-9526.69;-2762.93;-29816.8
-0.390907;-0.0848028;0;3159.61;-9513.12;-2753.05;-29710.2
-0.389811;-0.0897083;0;3155.12;-9499.62;-2743.16;-29603.5
-0.388653;-0.0945996;0;3150.35;-9486.2;-2733.27;-29496.7
-0.387433;-0.099476;0;3145.31;-9472.86;-2723.38;-29389.9
-0.386153;-0.104337;0;3139.99;-9459.59;-2713.48;-29283.2
-0.384811;-0.109181;0;3134.4;-9446.42;-2703.59;-29176.4
-0.383409;-0.114008;0;3128.53;-9433.33;-2693.69;-29069.6
-0.381946;-0.118817;0;3122.39;-9420.32;-2683.8;-28962.8
-0.380423;-0.123607;0;3115.98;-9407.41;-2673.92;-28856.1
-0.378839;-0.128377;0;3122.16;-9376.82;-2661.99;-28727.4
-0.377196;-0.133128;0;3215.67;-9218.25;-2634.44;-28430.1
-0.375494;-0.137857;0;3308.86;-9059.69;-2606.86;-28132.6
-0.373732;-0.142565;0;3401.58;-8901.21;-2579.28;-27834.9
-0.371911;-0.14725;0;3253.24;-8864.79;-2549.33;-27511.6
-0.370031;-0.151912;0;3092.2;-8836.5;-2519.02;-27184.6
-0.368093;-0.156549;0;2930.74;-8808.45;-2488.7;-26857.4
-0.366096;-0.161163;0;2768.9;-8780.65;-2458.37;-26530
-0.364042;-0.16575;0;2606.69;-8753.09;-2428.03;-26202.7
-0.361931;-0.170312;0;2444.15;-8725.79;-2397.69;-25875.2
-0.359762;-0.174846;0;2281.29;-8698.74;-2367.36;-25547.9
-0.357537;-0.179353;0;2118.16;-8671.96;-2337.03;-25220.6
-0.355255;-0.183832;0;1961.95;-8388.88;-2287.14;-24682.2
-0.352916;-0.188282;0;1800.59;-8092.87;-2235.58;-24125.7
-0.350523;-0.192701;0;1874.44;-7828.86;-2177.89;-23503.2
-0.348074;-0.197091;0;2128.21;-7575.92;-2114.21;-22815.9
-0.345569;-0.201449;0;2381.7;-7322.99;-2050.49;-22128.3
-0.343011;-0.205776;0;2634.87;-7070.12;-1986.76;-21440.5
-0.340398;-0.21007;0;2887.68;-6817.35;-1923.01;-20752.6
-0.337731;-0.214331;0;3140.09;-6564.71;-1859.27;-20064.7
-0.335011;-0.218558;0;3392.06;-6312.26;-1795.54;-19377
-0.332238;-0.22275;0;3643.55;-6060.02;-1731.83;-18689.4
-0.329413;-0.226908;0;3894.53;-5808.05;-1668.15;-18002.2
-0.326536;-0.231029;0;3884.54;-5676.59;-1603.91;-17308.9
-0.323607;-0.235114;0;3842.5;-5561.93;-1538.95;-16608
-0.320627;-0.239162;0;3800.17;-5447.55;-1474.04;-15907.4
-0.317596;-0.243172;0;3773.07;-5305.06;-1407.2;-15186.2
-0.314515;-0.247144;0;3853.92;-4881.7;-1312.08;-14159.6
-0.311385;-0.251077;0;3736.18;-4481.41;-1207.58;-13031.8
-0.308205;-0.25497;0;3618.13;-4080.96;-1102.98;-11903.1
-0.304977;-0.258822;0;3499.82;-3680.39;-998.323;-10773.6
-0.301701;-0.262634;0;3381.24;-3279.78;-893.607;-9643.56
-0.298376;-0.266405;0;3262.42;-2879.19;-788.855;-8513.1
-0.295005;-0.270133;0;3143.39;-2478.68;-684.083;-7382.43
-0.291587;-0.273819;0;3024.15;-2078.32;-579.307;-6251.72
-0.288124;-0.277461;0;2904.73;-1678.17;-474.544;-5121.14
-0.284614;-0.28106;0;2785.15;-1278.29;-369.81;-3990.89
-0.28106;-0.284614;0;2665.42;-878.749;-265.123;-2861.13
-0.277461;-0.288124;0;2322.98;-647.507;-151.436;-1634.26
-0.273819;-0.291587;0;1948.16;-432.336;-34.7548;-375.064
-0.270133;-0.295005;0;1952.34;34.2622;83.8132;904.488
-0.266405;-0.298376;0;1986.58;530.421;204.853;2210.72
-0.262634;-0.301701;0;2020.63;1026.68;325.954;3517.61
-0.258822;-0.304977;0;2054.48;1522.95;447.098;4824.96
-0.25497;-0.308205;0;2088.12;2019.17;568.265;6132.55
-0.251077;-0.311385;0;2121.56;2515.25;689.436;7440.2
-0.247144;-0.314515;0;2154.78;3011.11;810.592;8747.68
-0.243172;-0.317596;0;2187.78;3506.68;931.713;10054.8
-0.239162;-0.320627;0;2220.55;4001.88;1052.78;11361.3
-0.235114;-0.323607;0;2253.09;4496.63;1173.78;12667.1
-0.231029;-0.326536;0;2285.4;4990.85;1294.68;13971.8
-0.226908;-0.329413;0;2427.41;5573.43;1409.85;15214.7
-0.22275;-0.332238;0;2695.72;6274.54;1522.21;16427.2
-0.218558;-0.335011;0;2668.69;6684.78;1614.75;17425.9
-0.214331;-0.337731;0;2632.11;7089.15;1707.42;18426
-0.21007;-0.340398;0;2595.3;7493.61;1800.14;19426.6
-0.205776;-0.343011;0;2558.27;7898.09;1892.9;20427.6
-0.201449;-0.345569;0;2521.02;8302.54;1985.68;21428.9
-0.197091;-0.348074;0;2483.56;8706.9;2078.47;22430.2
-0.192701;-0.350523;0;2445.9;9111.09;2171.25;23431.5
-0.188282;-0.352916;0;2408.04;9515.05;2264.01;24432.6
-0.183832;-0.355255;0;2369.98;9918.73;2356.74;25433.3
-0.179353;-0.357537;0;2331.74;10322;2449.41;26433.4
-0.174846;-0.359762;0;2293.32;10724.9;2542.02;27432.8
-0.170312;-0.361931;0;2195.56;10747.4;2590.13;27952
-0.16575;-0.364042;0;2141.79;10806.8;2600.62;28065.2
-0.161163;-0.366096;0;2094.09;10876.3;2608.1;28145.9
-0.156549;-0.368093;0;2046.17;10945.6;2615.6;28226.8
-0.151912;-0.370031;0;1998.04;11014.8;2623.11;28307.8
-0.14725;-0.371911;0;1949.68;11083.8;2630.62;28389
-0.142565;-0.373732;0;1901.13;11152.6;2638.15;28470.2
-0.137857;-0.375494;0;1852.37;11221.2;2645.69;28551.5
-0.133128;-0.377196;0;1803.43;11289.6;2653.23;28632.9
-0.128377;-0.378839;0;1754.31;11357.8;2660.78;28714.4
-0.123607;-0.380423;0;1705.01;11425.7;2668.34;28796
-0.118817;-0.381946;0;1655.54;11493.4;2675.9;28877.5
-0.114008;-0.383409;0;1605.92;11560.9;2683.46;28959.2
-0.109181;-0.384811;0;1574.89;11643.2;2688.7;29015.7
-0.104337;-0.386153;0;1584.34;11381.9;2601.76;28077.5
-0.099476;-0.387433;0;1502.85;10969.4;2508.43;27070.3
-0.0945996;-0.388653;0;1421.47;10556.9;2415.06;26062.6
-0.0897083;-0.389811;0;1340.22;10144.6;2321.65;25054.6
-0.0848028;-0.390907;0;1262.5;9738.91;2228.44;24048.7
-0.079884;-0.391942;0;1192.29;9343.57;2135.43;23045
-0.0749525;-0.392915;0;1123.26;8949.36;2042.44;22041.4
-0.0700092;-0.393826;0;1054.37;8555.35;1949.46;21038
-0.0650549;-0.394674;0;985.619;8161.58;1856.51;20035
-0.0600902;-0.395461;0;917.018;7768.14;1763.62;19032.5
-0.0551161;-0.396185;0;848.578;7375.06;1670.79;18030.7
-0.0501333;-0.396846;0;737.911;6739.99;1532.04;16533.3
-0.0451426;-0.397445;0;661.415;6070.28;1378.17;14872.8
-0.0401447;-0.39798;0;584.87;5400.19;1224.22;13211.4
-0.0351405;-0.398453;0;508.287;4729.83;1070.2;11549.3
-0.0301307;-0.398864;0;431.768;4060.11;916.488;9890.49
-0.0251162;-0.399211;0;355.334;3388.97;762.432;8227.95
-0.0200977;-0.399495;0;278.903;2717.79;608.366;6565.32
-0.0150761;-0.399716;0;202.486;2046.68;454.315;4902.83
-0.010052;-0.399874;0;126.096;1375.74;300.302;3240.77
-0.00502642;-0.399968;0;49.7455;705.075;146.352;1579.39
-7.34788e-17;-0.4;0;-26.5545;34.7954;-7.51027;-81.0488
0.00502642;-0.399968;0;-101.763;-619.437;-159.047;-1716.39
0.010052;-0.399874;0;-176.115;-1250.87;-308.56;-3329.89
0.0150761;-0.399716;0;-250.521;-1882.83;-458.196;-4944.72
0.0200977;-0.399495;0;-324.968;-2515.21;-607.933;-6560.64
0.0251162;-0.399211;0;-399.445;-3147.91;-757.746;-8177.39
0.0301307;-0.398864;0;-473.94;-3780.82;-907.613;-9794.7
0.0351405;-0.398453;0;-548.441;-4413.86;-1057.51;-11412.3
0.0401447;-0.39798;0;-622.937;-5046.92;-1207.41;-13030
0.0451426;-0.397445;0;-697.416;-5679.9;-1357.29;-14647.5
0.0501333;-0.396846;0;-771.866;-6312.69;-1507.14;-16264.6
0.0551161;-0.396185;0;-881.902;-7028.1;-1655;-17860.3
0.0600902;-0.395461;0;-992.917;-7747.49;-1803.36;-19461.3
0.0650549;-0.394674;0;-1037.52;-8024.52;-1889.23;-20388
0.0700092;-0.393826;0;-1079.9;-8286.35;-1973.75;-21300.1
0.0749525;-0.392915;0;-1122.3;-8548.3;-2058.28;-22212.4
0.079884;-0.391942;0;-1164.72;-8810.32;-2142.81;-23124.7
0.0848028;-0.390907;0;-1162.97;-9016.09;-2224.85;-24009.9
0.0897083;-0.389811;0;-1112.54;-9162.26;-2306.67;-24892.9
0.0945996;-0.388653;0;-1061.95;-9308.24;-2388.51;-25776.1
0.099476;-0.387433;0;-1011.19;-9453.98;-2470.35;-26659.3
0.104337;-0.386153;0;-960.273;-9599.48;-2552.19;-27542.5
0.109181;-0.384811;0;-909.209;-9744.71;-2634;-28425.4
0.114008;-0.383409;0;-858.006;-9889.65;-2715.78;-29307.9
0.118817;-0.381946;0;-917.28;-9963.96;-2736.09;-29527.1
0.123607;-0.380423;0;-1041.53;-10003.3;-2722.87;-29384.4
0.128377;-0.378839;0;-1165.71;-10042.4;-2709.65;-29241.7
0.133128;-0.377196;0;-1289.81;-10081.4;-2696.42;-29099
0.137857;-0.375494;0;-1413.81;-10120.2;-2683.2;-28956.3
0.142565;-0.373732;0;-1537.68;-10158.8;-2669.97;-28813.6
0.14725;-0.371911;0;-1661.41;-10197.3;-2656.75;-28670.9
0.151912;-0.370031;0;-1784.98;-10235.6;-2643.54;-28528.4
0.156549;-0.368093;0;-1908.37;-10273.7;-2630.34;-28385.9
0.161163;-0.366096;0;-2031.56;-10311.6;-2617.14;-28243.5
0.16575;-0.364042;0;-2154.52;-10349.3;-2603.96;-28101.2
0.170312;-0.361931;0;-2280.84;-10454.4;-2584.06;-27886.4
0.174846;-0.359762;0;-2394.68;-10485.5;-2540.02;-27411.1
0.179353;-0.357537;0;-2472.31;-10088.8;-2446.97;-26407.1
0.183832;-0.355255;0;-2549.78;-9691.64;-2353.87;-25402.4
0.188282;-0.352916;0;-2627.11;-9294.26;-2260.73;-24397.2
0.192701;-0.350523;0;-2704.27;-8896.67;-2167.56;-23391.7
0.197091;-0.348074;0;-2781.25;-8498.93;-2074.38;-22386.1
0.201449;-0.345569;0;-2858.04;-8101.12;-1981.2;-21380.6
0.205776;-0.343011;0;-2934.62;-7703.29;-1888.04;-20375.2
0.21007;-0.340398;0;-3010.99;-7305.5;-1794.9;-19370.1
0.214331;-0.337731;0;-3087.14;-6907.82;-1701.82;-18365.5
0.218558;-0.335011;0;-3163.04;-6510.31;-1608.79;-17361.6
0.22275;-0.332238;0;-3238.7;-6113.04;-1515.84;-16358.5
0.226908;-0.329413;0;-2969.45;-5505.14;-1410.1;-15217.4
0.231029;-0.326536;0;-3037.88;-5016.82;-1288.54;-13905.6
0.235114;-0.323607;0;-3105.97;-4527.91;-1166.89;-12592.7
0.239162;-0.320627;0;-3173.72;-4038.5;-1045.15;-11279
0.243172;-0.317596;0;-3241.12;-3548.66;-923.357;-9964.61
0.247144;-0.314515;0;-3308.15;-3058.46;-801.52;-8649.78
0.251077;-0.311385;0;-3374.8;-2567.99;-679.661;-7334.71
0.25497;-0.308205;0;-3441.06;-2077.33;-557.799;-6019.61
0.258822;-0.304977;0;-3506.93;-1586.54;-435.953;-4704.68
0.262634;-0.301701;0;-3572.39;-1095.72;-314.143;-3390.15
0.266405;-0.298376;0;-3637.44;-604.927;-192.389;-2076.2
0.270133;-0.295005;0;-3702.05;-114.25;-70.7081;-763.062
0.273819;-0.291587;0;-3766.23;376.237;50.879;549.072
0.277461;-0.288124;0;-3893.77;805.197;171.006;1845.45
0.28106;-0.284614;0;-4011.49;1151.62;278.502;3005.52
0.284614;-0.28106;0;-4048.08;1537.33;382.206;4124.66
0.288124;-0.277461;0;-4084.24;1923.37;485.965;5244.39
0.291587;-0.273819;0;-4119.95;2309.7;589.761;6364.53
0.295005;-0.270133;0;-4155.21;2696.24;693.579;7484.91
0.298376;-0.266405;0;-4190.02;3082.94;797.402;8605.34
0.301701;-0.262634;0;-4224.36;3469.73;901.214;9725.64
0.304977;-0.258822;0;-4258.24;3856.56;1005;10845.7
0.308205;-0.25497;0;-4291.65;4243.36;1108.74;11965.2
0.311385;-0.251077;0;-4324.57;4630.07;1212.42;13084.1
0.314515;-0.247144;0;-4357.02;5016.63;1316.02;14202.1
0.317596;-0.243172;0;-4247.25;5407.12;1413.54;15254.5
0.320627;-0.239162;0;-4241.75;5623.37;1478.55;15956.1
0.323607;-0.235114;0;-4235.74;5839.95;1543.62;16658.3
0.326536;-0.231029;0;-4229.22;6056.81;1608.73;17361
0.329413;-0.226908;0;-4222.21;6273.93;1673.88;18064
0.332238;-0.22275;0;-4214.69;6491.27;1739.05;18767.4
0.335011;-0.218558;0;-4206.66;6708.79;1804.24;19470.8
0.337731;-0.214331;0;-4198.14;6926.46;1869.43;20174.4
0.340398;-0.21007;0;-4189.12;7144.25;1934.61;20877.8
0.343011;-0.205776;0;-4179.6;7362.12;1999.78;21581.1
0.345569;-0.201449;0;-4169.58;7580.03;2064.92;22284.1
0.348074;-0.197091;0;-4159.07;7797.96;2130.03;22986.7
0.350523;-0.192701;0;-4148.06;8015.87;2195.09;23688.7
0.352916;-0.188282;0;-4136.56;8233.72;2260.08;24390.2
0.355255;-0.183832;0;-4197.87;8427.69;2309.08;24918.9
0.357537;-0.179353;0;-4181.97;8466.52;2339.12;25243.2
0.359762;-0.174846;0;-4165.51;8505.73;2369.18;25567.6
0.361931;-0.170312;0;-4061.64;8613.57;2397.75;25875.8
0.364042;-0.16575;0;-3937.8;8740.26;2426.09;26181.7
0.366096;-0.161163;0;-3813.62;8867.33;2454.43;26487.6
0.368093;-0.156549;0;-3689.1;8994.77;2482.78;26793.5
0.370031;-0.151912;0;-3564.27;9122.56;2511.13;27099.4
0.371911;-0.14725;0;-3439.15;9250.67;2539.47;27405.3
0.373732;-0.142565;0;-3313.76;9379.08;2567.8;27711
0.375494;-0.137857;0;-3188.11;9507.78;2596.12;28016.6
0.377196;-0.133128;0;-3062.23;9636.75;2624.42;28322
0.378839;-0.128377;0;-2933.02;9678.25;2652.76;28627.9
0.380423;-0.123607;0;-2831.43;9572.26;2676.54;28884.5
0.381946;-0.118817;0;-2840.56;9452.58;2686.03;28986.9
0.383409;-0.114008;0;-2849.45;9332.94;2695.52;29089.3
0.384811;-0.109181;0;-2858.11;9213.36;2705.01;29191.7
0.386153;-0.104337;0;-2811.06;9127.07;2714.05;29289.3
0.387433;-0.099476;0;-2622.81;9122.9;2722.32;29378.6
0.388653;-0.0945996;0;-2434.29;9118.85;2730.6;29467.9
0.389811;-0.0897083;0;-2245.51;9114.92;2738.88;29557.2
0.390907;-0.0848028;0;-2056.5;9111.12;2747.16;29646.6
0.391942;-0.079884;0;-1867.3;9107.43;2755.44;29735.9
0.392915;-0.0749525;0;-1677.94;9103.87;2763.71;29825.2
0.393826;-0.0700092;0;-1488.44;9100.44;2771.98;29914.5
0.394674;-0.0650549;0;-1298.84;9097.12;2780.25;30003.7
0.395461;-0.0600902;0;-1109.16;9093.94;2788.51;30092.9
0.396185;-0.0551161;0;-968.621;8945.95;2792.64;30137.3
0.396846;-0.0501333;0;-844.12;8726.3;2795.05;30163.4
0.397445;-0.0451426;0;-719.37;8506.7;2797.46;30189.4
0.39798;-0.0401447;0;-470.843;8368.52;2799.07;30206.8
0.398453;-0.0351405;0;-101.273;8299.59;2800;30216.8
0.398864;-0.0301307;0;268.505;8230.63;2800.93;30226.8
0.399211;-0.0251162;0;638.433;8161.64;2801.86;30236.9
0.399495;-0.0200977;0;1008.45;8092.63;2802.79;30246.9
0.399716;-0.0150761;0;1378.51;8023.63;2803.72;30257
0.399874;-0.010052;0;1748.54;7954.63;2804.65;30267
0.399968;-0.00502642;0;2118.48;7885.64;2805.59;30277.1
