0.4;0;0;4066.25;17158.6;2806.5;30287
0.399968;0.00502642;0;3658.64;16920.4;2805.5;30276.2
0.399874;0.010052;0;3242.78;16677.3;2804.49;30265.2
0.399716;0.0150761;0;2826.8;16434.2;2803.47;30254.3
0.399495;0.0200977;0;2410.77;16191.1;2802.45;30243.3
0.399211;0.0251162;0;1994.75;15948;2801.44;30232.3
0.398864;0.0301307;0;1578.8;15705;2800.42;30221.4
0.398453;0.0351405;0;1163;15462;2799.4;30210.4
0.39798;0.0401447;0;747.401;15219.2;2798.39;30199.4
0.397445;0.0451426;0;321.206;15047.6;2796.28;30176.7
0.396846;0.0501333;0;-119.19;14900;2793.6;30147.8
0.396185;0.0551161;0;-559.401;14752.4;2790.92;30118.9
0.395461;0.0600902;0;-999.356;14604.9;2788.25;30090
0.394674;0.0650549;0;-973.557;14639.8;2780.85;30010.1
0.393826;0.0700092;0;-884.25;14700.5;2772.56;29920.6
0.392915;0.0749525;0;-794.833;14761.2;2764.26;29831.1
0.391942;0.079884;0;-705.318;14822;2755.96;29741.6
0.390907;0.0848028;0;-615.722;14882.7;2747.66;29652
0.389811;0.0897083;0;-526.057;14943.5;2739.36;29562.4
0.388653;0.0945996;0;-436.338;15004.3;2731.06;29472.8
0.387433;0.099476;0;-346.579;15065;2722.76;29383.3
0.386153;0.104337;0;-214.249;15162.1;2714.04;29289.2
0.384811;0.109181;0;30.8002;15364.2;2703.86;29179.3
0.383409;0.114008;0;276.003;15566.5;2693.69;29069.5
0.381946;0.118817;0;521.321;15769;2683.51;28959.7
0.380423;0.123607;0;766.714;15971.6;2673.33;28849.9
0.378839;0.128377;0;873.959;15897.1;2650.32;28601.6
0.377196;0.133128;0;916.754;15682.6;2620.11;28275.5
0.375494;0.137857;0;748.784;15372.3;2591.78;27969.8
0.373732;0.142565;0;578.6;15061.2;2563.47;27664.2
0.371911;0.14725;0;408.753;14750.4;2535.14;27358.5
0.370031;0.151912;0;239.269;14439.9;2506.8;27052.7
0.368093;0.156549;0;70.1766;14129.7;2478.46;26746.8
0.366096;0.161163;0;-98.4985;13820;2450.11;26440.9
0.364042;0.16575;0;-266.729;13510.6;2421.77;26135.1
0.361931;0.170312;0;-434.49;13201.7;2393.44;25829.3
0.359762;0.174846;0;-601.753;12893.4;2365.12;25523.7
0.357537;0.179353;0;-768.493;12585.6;2336.81;25218.2
0.355255;0.183832;0;-934.682;12278.5;2308.52;24912.9
0.352916;0.188282;0;-977.312;11922.7;2260.85;24398.5
0.350523;0.192701;0;-999.712;11479.7;2195.69;23695.3
0.348074;0.197091;0;-1021.72;11036.7;2130.47;22991.4
0.345569;0.201449;0;-1043.32;10593.7;2065.2;22287.1
0.343011;0.205776;0;-1064.52;10150.8;1999.9;21582.3
0.340398;0.21007;0;-1085.31;9708.12;1934.57;20877.3
0.337731;0.214331;0;-1105.69;9265.62;1869.22;20172.1
0.335011;0.218558;0;-1125.65;8823.43;1803.87;19466.9
0.332238;0.22275;0;-1145.2;8381.62;1738.52;18761.7
0.329413;0.226908;0;-1164.33;7940.24;1673.19;18056.6
0.326536;0.231029;0;-1183.03;7499.38;1607.88;17351.8
0.323607;0.235114;0;-1190.25;7067.94;1542.57;16647
0.320627;0.239162;0;-1189.68;6646.54;1477.14;15940.9
0.317596;0.243172;0;-1188.84;6225.86;1411.77;15235.4
0.314515;0.247144;0;-1208.38;5648.59;1322.45;14271.5
0.311385;0.251077;0;-1218.62;4990.44;1218.85;13153.5
0.308205;0.25497;0;-1228.85;4332.03;1115.17;12034.6
0.304977;0.258822;0;-1239.01;3674.45;1011.38;10914.5
0.301701;0.262634;0;-1249.04;3018.76;907.441;9792.84
0.298376;0.266405;0;-1256.37;2364.17;803.403;8670.1
0.295005;0.270133;0;-1259.73;1711.37;699.243;7546.03
0.291587;0.273819;0;-1262.69;1058.84;595.084;6421.98
0.288124;0.277461;0;-1265.23;406.695;490.944;5298.13
0.284614;0.28106;0;-1267.36;-244.968;386.839;4174.66
0.28106;0.284614;0;-1269.08;-896.046;282.785;3051.74
0.277461;0.288124;0;-1269.91;-1537.07;176.654;1906.4
0.273819;0.291587;0;-1331.62;-2275.36;55.3972;597.831
0.270133;0.295005;0;-1393.08;-3014.06;-65.9718;-711.95
0.266405;0.298376;0;-1454.27;-3753.06;-187.434;-2022.74
0.262634;0.301701;0;-1515.19;-4492.23;-308.971;-3334.33
0.258822;0.304977;0;-1575.83;-5231.46;-430.564;-4646.52
0.25497;0.308205;0;-1636.18;-5970.63;-552.192;-5959.1
0.251077;0.311385;0;-1689.3;-6704;-673.925;-7272.81
0.247144;0.314515;0;-1741.11;-7435.26;-795.686;-8586.82
0.243172;0.317596;0;-1790.6;-8156.09;-917.589;-9902.36
0.239162;0.320627;0;-1839.97;-8876.25;-1039.45;-11217.5
0.235114;0.323607;0;-1889.22;-9595.61;-1161.26;-12532
0.231029;0.326536;0;-1938.35;-10314.1;-1282.99;-13845.7
0.226908;0.329413;0;-1987.34;-11031.5;-1404.63;-15158.4
0.22275;0.332238;0;-2056.69;-11665.4;-1510.77;-16303.8
0.218558;0.335011;0;-2112.13;-12185.2;-1602.76;-17296.5
0.214331;0.337731;0;-2167.61;-12704.9;-1694.83;-18290.1
0.21007;0.340398;0;-2223.15;-13224.6;-1786.96;-19284.3
0.205776;0.343011;0;-2278.71;-13744.1;-1879.14;-20279.1
0.201449;0.345569;0;-2334.3;-14263.3;-1971.35;-21274.2
0.197091;0.348074;0;-2389.91;-14782.3;-2063.58;-22269.6
0.192701;0.350523;0;-2445.52;-15300.8;-2155.81;-23264.9
0.188282;0.352916;0;-2501.14;-15818.8;-2248.04;-24260.2
0.183832;0.355255;0;-2556.74;-16336.2;-2340.24;-25255.2
0.179353;0.357537;0;-2612.33;-16853;-2432.39;-26249.7
0.174846;0.359762;0;-2667.89;-17369;-2524.5;-27243.7
0.170312;0.361931;0;-2737.87;-17738.5;-2597.61;-28032.7
0.16575;0.364042;0;-2882.96;-17363.3;-2615.24;-28222.9
0.161163;0.366096;0;-3030.6;-16967.7;-2632.48;-28409
0.156549;0.368093;0;-3178.39;-16571.8;-2649.73;-28595.2
0.151912;0.370031;0;-3326.31;-16175.6;-2667;-28781.6
0.14725;0.371911;0;-3474.33;-15779;-2684.29;-28968.1
0.142565;0.373732;0;-3622.42;-15382.3;-2701.58;-29154.7
0.137857;0.375494;0;-3770.58;-14985.4;-2718.88;-29341.3
0.133128;0.377196;0;-3918.77;-14588.5;-2736.18;-29528.1
0.128377;0.378839;0;-4066.96;-14191.5;-2753.48;-29714.8
0.123607;0.380423;0;-4215.15;-13794.5;-2770.78;-29901.5
0.118817;0.381946;0;-4204.43;-13503.9;-2742.39;-29595.1
0.114008;0.383409;0;-4013.12;-13310.6;-2660.12;-28707.3
0.109181;0.384811;0;-3821.72;-13117.2;-2577.81;-27819
0.104337;0.386153;0;-3630.27;-12923.7;-2495.49;-26930.6
0.099476;0.387433;0;-3438.79;-12730.3;-2413.15;-26042
0.0945996;0.388653;0;-3247.32;-12536.8;-2330.81;-25153.5
0.0897083;0.389811;0;-3055.89;-12343.3;-2248.49;-24265.1
0.0848028;0.390907;0;-2864.52;-12150;-2166.2;-23377.1
0.079884;0.391942;0;-2673.25;-11956.7;-2083.95;-22489.5
0.0749525;0.392915;0;-2482.11;-11763.5;-2001.76;-21602.4
0.0700092;0.393826;0;-2291.13;-11570.5;-1919.64;-20716.2
0.0650549;0.394674;0;-2100.33;-11377.7;-1837.59;-19830.8
0.0600902;0.395461;0;-1909.75;-11185.1;-1755.64;-18946.4
0.0551161;0.396185;0;-1719.41;-10992.8;-1673.8;-18063.1
0.0501333;0.396846;0;-1553.65;-10063;-1528.15;-16491.3
0.0451426;0.397445;0;-1393.89;-9032.56;-1373.21;-14819.3
0.0401447;0.39798;0;-1233.95;-8000.92;-1218.1;-13145.4
0.0351405;0.398453;0;-1073.86;-6968.26;-1062.83;-11469.8
0.0301307;0.398864;0;-913.634;-5934.76;-907.441;-9792.85
0.0251162;0.399211;0;-753.305;-4900.57;-751.946;-8114.79
0.0200977;0.399495;0;-592.896;-3865.86;-596.372;-6435.88
0.0150761;0.399716;0;-432.432;-2830.8;-440.745;-4756.4
0.010052;0.399874;0;-271.939;-1795.54;-285.089;-3076.6
0.00502642;0.399968;0;-111.442;-760.252;-129.429;-1396.76
2.44929e-17;0.4;0;49.0332;274.903;26.2121;282.874
-0.00502642;0.399968;0;209.462;1309.76;181.808;1962.02
-0.010052;0.399874;0;369.818;2344.16;337.335;3640.43
-0.0150761;0.399716;0;530.077;3377.93;492.768;5317.82
-0.0200977;0.399495;0;690.213;4410.92;648.083;6993.93
-0.0251162;0.399211;0;850.201;5442.95;803.255;8668.5
-0.0301307;0.398864;0;1010.02;6473.88;958.26;10341.3
-0.0351405;0.398453;0;1155.13;7452.56;1109.26;11970.8
-0.0401447;0.39798;0;1272.57;8284.78;1236.91;13348.3
-0.0451426;0.397445;0;1384.23;9040.36;1345.05;14515.4
-0.0501333;0.396846;0;1495.96;9796.54;1453.29;15683.5
-0.0551161;0.396185;0;1607.75;10553.2;1561.61;16852.4
-0.0600902;0.395461;0;1719.58;11310.2;1669.99;18022
-0.0650549;0.394674;0;1831.42;12067.4;1778.41;19192.1
-0.0700092;0.393826;0;1943.27;12824.8;1886.86;20362.4
-0.0749525;0.392915;0;2055.11;13582.1;1995.32;21532.9
-0.079884;0.391942;0;2166.91;14339.3;2103.77;22703.3
-0.0848028;0.390907;0;2278.66;15096.3;2212.19;23873.4
-0.0897083;0.389811;0;2390.34;15852.9;2320.58;25043
-0.0945996;0.388653;0;2501.94;16609;2428.9;26212
-0.099476;0.387433;0;2613.43;17364.6;2537.15;27380.2
-0.104337;0.386153;0;2672.97;17919.1;2624.74;28325.5
-0.109181;0.384811;0;2666;18030.9;2650.92;28608
-0.114008;0.383409;0;2675.25;17998.4;2644.31;28536.7
-0.118817;0.381946;0;2684.44;17965.7;2637.71;28465.4
-0.123607;0.380423;0;2693.58;17932.9;2631.11;28394.2
-0.128377;0.378839;0;2702.66;17900.1;2624.52;28323.1
-0.133128;0.377196;0;2711.67;17867.1;2617.94;28252
-0.137857;0.375494;0;2720.63;17834.1;2611.37;28181.1
-0.142565;0.373732;0;2729.52;17801;2604.8;28110.3
-0.14725;0.371911;0;2738.34;17767.8;2598.26;28039.6
-0.151912;0.370031;0;2742.34;17719.7;2592.92;27982
-0.156549;0.368093;0;2744.01;17630;2589.6;27946.3
-0.161163;0.366096;0;2745.7;17540;2586.3;27910.7
-0.16575;0.364042;0;2747.4;17449.8;2583.02;27875.2
-0.170312;0.361931;0;2749.13;17359.2;2579.75;27839.9
-0.174846;0.359762;0;2756.82;17197.6;2539.56;27406.2
-0.179353;0.357537;0;2729.73;16588.6;2447.84;26416.4
-0.183832;0.355255;0;2702.69;15978.9;2356.05;25425.8
-0.188282;0.352916;0;2675.69;15368.6;2264.21;24434.8
-0.192701;0.350523;0;2648.73;14757.8;2172.34;23443.3
-0.197091;0.348074;0;2621.83;14146.7;2080.45;22451.6
-0.201449;0.345569;0;2594.98;13535.3;1988.55;21459.9
-0.205776;0.343011;0;2568.19;12923.6;1896.66;20468.2
-0.21007;0.340398;0;2541.47;12311.9;1804.79;19476.8
-0.214331;0.337731;0;2514.81;11700.2;1712.96;18485.8
-0.218558;0.335011;0;2488.23;11088.6;1621.18;17495.3
-0.22275;0.332238;0;2391.77;10377.3;1525.03;16457.6
-0.226908;0.329413;0;2071.01;9326.44;1412.29;15241
-0.231029;0.326536;0;2021.55;8628.13;1292.56;13948.9
-0.235114;0.323607;0;1972.35;7923.06;1171.16;12638.8
-0.239162;0.320627;0;1923.02;7217.25;1049.68;11327.8
-0.243172;0.317596;0;1873.58;6510.79;928.139;10016.2
-0.247144;0.314515;0;1824.03;5803.82;806.558;8704.15
-0.251077;0.311385;0;1774.38;5096.43;684.956;7391.85
-0.25497;0.308205;0;1724.64;4388.73;563.351;6079.52
-0.258822;0.304977;0;1674.81;3680.85;441.762;4767.37
-0.262634;0.301701;0;1624.91;2972.89;320.209;3455.61
-0.266405;0.298376;0;1574.94;2264.97;198.712;2144.44
-0.270133;0.295005;0;1524.9;1557.19;77.2882;834.073
-0.273819;0.291587;0;1474.82;849.667;-44.0419;-475.287
-0.277461;0.288124;0;1546.31;502.695;-160.648;-1733.66
-0.28106;0.284614;0;1609.67;147.946;-271.124;-2925.89
-0.284614;0.28106;0;1585.46;-441.754;-375.748;-4054.97
-0.288124;0.277461;0;1561.2;-1031.88;-480.42;-5184.56
-0.291587;0.273819;0;1536.89;-1622.33;-585.122;-6314.47
-0.295005;0.270133;0;1512.54;-2213.02;-689.837;-7444.53
-0.298376;0.266405;0;1488.16;-2803.85;-794.55;-8574.56
-0.301701;0.262634;0;1463.74;-3394.73;-899.244;-9704.38
-0.304977;0.258822;0;1439.3;-3985.57;-1003.9;-10833.8
-0.308205;0.25497;0;1414.83;-4576.27;-1108.51;-11962.7
-0.311385;0.251077;0;1390.34;-5166.74;-1213.04;-13090.8
-0.314515;0.247144;0;1365.83;-5756.89;-1317.49;-14218
-0.317596;0.243172;0;1280.31;-6342.25;-1410.13;-15217.7
-0.320627;0.239162;0;1257.39;-6754.09;-1475.25;-15920.5
-0.323607;0.235114;0;1234.35;-7166.43;-1540.43;-16623.9
-0.326536;0.231029;0;1211.19;-7579.22;-1605.65;-17327.7
-0.329413;0.226908;0;1187.92;-7992.39;-1670.9;-18031.9
-0.332238;0.22275;0;1164.53;-8405.87;-1736.17;-18736.3
-0.335011;0.218558;0;1141;-8819.67;-1801.45;-19440.8
-0.337731;0.214331;0;1071.99;-9279.24;-1866.21;-20139.6
-0.340398;0.21007;0;982.926;-9756.29;-1931.12;-20840.1
-0.343011;0.205776;0;893.522;-10233.6;-1996.02;-21540.5
-0.345569;0.201449;0;803.786;-10711;-2060.89;-22240.6
-0.348074;0.197091;0;713.733;-11188.5;-2125.74;-22940.4
-0.350523;0.192701;0;623.377;-11666;-2190.55;-23639.8
-0.352916;0.188282;0;532.733;-12143.4;-2255.3;-24338.6
-0.355255;0.183832;0;712.406;-12348;-2310.72;-24936.6
-0.357537;0.179353;0;737.072;-12558;-2341.27;-25266.3
-0.359762;0.174846;0;758.472;-12771;-2371.78;-25595.6
-0.361931;0.170312;0;779.638;-12984.3;-2402.31;-25925
-0.364042;0.16575;0;800.569;-13197.8;-2432.84;-26254.5
-0.366096;0.161163;0;821.26;-13411.5;-2463.37;-26584
-0.368093;0.156549;0;841.709;-13625.4;-2493.89;-26913.4
-0.370031;0.151912;0;861.911;-13839.4;-2524.4;-27242.7
-0.371911;0.14725;0;881.865;-14053.5;-2554.9;-27571.8
-0.373732;0.142565;0;901.566;-14267.6;-2585.38;-27900.7
-0.375494;0.137857;0;921.012;-14481.9;-2615.84;-28229.4
-0.377196;0.133128;0;873.147;-14756.4;-2644.58;-28539.6
-0.378839;0.128377;0;861.239;-14889.6;-2657.65;-28680.6
-0.380423;0.123607;0;901.762;-14949.1;-2667.93;-28791.6
-0.381946;0.118817;0;942.068;-15008.8;-2678.22;-28902.6
-0.383409;0.114008;0;982.15;-15068.9;-2688.52;-29013.7
-0.384811;0.109181;0;1022;-15129.2;-2698.82;-29124.9
-0.386153;0.104337;0;1061.62;-15189.7;-2709.12;-29236.1
-0.387433;0.099476;0;1100.99;-15250.5;-2719.42;-29347.2
-0.388653;0.0945996;0;1140.12;-15311.5;-2729.73;-29458.4
-0.389811;0.0897083;0;1178.99;-15372.8;-2740.03;-29569.6
-0.390907;0.0848028;0;1217.6;-15434.2;-2750.32;-29680.7
-0.391942;0.079884;0;1255.94;-15495.9;-2760.61;-29791.8
-0.392915;0.0749525;0;1294.01;-15557.7;-2770.9;-29902.7
-0.393826;0.0700092;0;1331.8;-15619.7;-2781.17;-30013.6
-0.394674;0.0650549;0;1372.72;-15679.8;-2791.34;-30123.4
-0.395461;0.0600902;0;1440.93;-15661.9;-2793.9;-30151
-0.396185;0.0551161;0;1477.89;-15645;-2795.57;-30169
-0.396846;0.0501333;0;1514.66;-15628.4;-2797.23;-30187
-0.397445;0.0451426;0;1551.21;-15612;-2798.9;-30204.9
-0.39798;0.0401447;0;1587.55;-15595.9;-2800.56;-30222.9
-0.398453;0.0351405;0;1616.67;-15589.5;-2802.18;-30240.3
-0.398864;0.0301307;0;1641.08;-15584.8;-2803.74;-30257.1
-0.399211;0.0251162;0;1664.63;-15579.5;-2805.28;-30273.8
-0.399495;0.0200977;0;1688.11;-15574.2;-2806.82;-30290.4
-0.399716;0.0150761;0;1711.5;-15568.8;-2808.36;-30307
-0.399874;0.010052;0;1734.81;-15563.4;-2809.9;-30323.6
-0.399968;0.00502642;0;1758.03;-15557.9;-2811.43;-30340.2
-0.4;4.89859e-17;0;1781.16;-15552.3;-2812.96;-30356.7
-0.399968;-0.00502642;0;1771.21;-15549.7;-2811.88;-30345
-0.399874;-0.010052;0;1757.52;-15546.5;-2810.25;-30327.4
-0.399716;-0.0150761;0;1743.74;-15543.2;-2808.62;-30309.8
-0.399495;-0.0200977;0;1729.88;-15539.8;-2806.99;-30292.2
-0.399211;-0.0251162;0;1715.93;-15536.4;-2805.35;-30274.6
-0.398864;-0.0301307;0;1701.9;-15533;-2803.72;-30256.9
-0.398453;-0.0351405;0;1687.78;-15529.5;-2802.08;-30239.3
-0.39798;-0.0401447;0;1673.59;-15526;-2800.44;-30221.6
-0.397445;-0.0451426;0;1659.31;-15522.4;-2798.8;-30203.9
-0.396846;-0.0501333;0;1644.97;-15518.8;-2797.16;-30186.2
-0.396185;-0.0551161;0;1630.55;-15515.1;-2795.52;-30168.5
-0.395461;-0.0600902;0;1616.06;-15511.4;-2793.88;-30150.8
-0.394674;-0.0650549;0;1600.73;-15508.3;-2792.23;-30133
-0.393826;-0.0700092;0;1605.76;-15408.1;-2782.67;-30029.7
-0.392915;-0.0749525;0;1610.01;-15305.5;-2772.8;-29923.3
-0.391942;-0.079884;0;1614.09;-15202.8;-2762.93;-29816.8
-0.390907;-0.0848028;0;1618;-15100.1;-2753.05;-29710.2
-0.389811;-0.0897083;0;1621.72;-14997.4;-2743.16;-29603.5
-0.388653;-0.0945996;0;1625.27;-14894.7;-2733.27;-29496.7
-0.387433;-0.099476;0;1628.65;-14792;-2723.38;-29389.9
-0.386153;-0.104337;0;1631.84;-14689.3;-2713.48;-29283.2
-0.384811;-0.109181;0;1634.86;-14586.7;-2703.59;-29176.4
-0.383409;-0.114008;0;1637.69;-14484.1;-2693.69;-29069.6
-0.381946;-0.118817;0;1640.35;-14381.6;-2683.8;-28962.8
-0.380423;-0.123607;0;1642.82;-14279.2;-2673.92;-28856.1
-0.378839;-0.128377;0;1624.59;-14176.5;-2661.99;-28727.4
-0.377196;-0.133128;0;1454.71;-14063.2;-2634.44;-28430.1
-0.375494;-0.137857;0;1284.46;-13949.9;-2606.86;-28132.6
-0.373732;-0.142565;0;1113.81;-13836.6;-2579.28;-27834.9
-0.371911;-0.14725;0;775.38;-13831.2;-2549.33;-27511.6
-0.370031;-0.151912;0;426.44;-13834.4;-2519.02;-27184.6
-0.368093;-0.156549;0;77.1208;-13837.8;-2488.7;-26857.4
-0.366096;-0.161163;0;-272.523;-13841.5;-2458.37;-26530
-0.364042;-0.16575;0;-622.436;-13845.4;-2428.03;-26202.7
-0.361931;-0.170312;0;-972.563;-13849.6;-2397.69;-25875.2
-0.359762;-0.174846;0;-1322.85;-13854;-2367.36;-25547.9
-0.357537;-0.179353;0;-1673.24;-13858.7;-2337.03;-25220.6
-0.355255;-0.183832;0;-1822.5;-13586.9;-2287.14;-24682.2
-0.352916;-0.188282;0;-1968.65;-13301.7;-2235.58;-24125.7
-0.350523;-0.192701;0;-1849.7;-12852.7;-2177.89;-23503.2
-0.348074;-0.197091;0;-1531.28;-12267.4;-2114.21;-22815.9
-0.345569;-0.201449;0;-1213.02;-11682.1;-2050.49;-22128.3
-0.343011;-0.205776;0;-894.958;-11096.9;-1986.76;-21440.5
-0.340398;-0.21007;0;-577.148;-10511.9;-1923.01;-20752.6
-0.337731;-0.214331;0;-259.64;-9927.18;-1859.27;-20064.7
-0.335011;-0.218558;0;57.5166;-9342.79;-1795.54;-19377
-0.332238;-0.22275;0;374.271;-8758.84;-1731.83;-18689.4
-0.329413;-0.226908;0;690.574;-8175.44;-1668.15;-18002.2
-0.326536;-0.231029;0;860.585;-7748.62;-1603.91;-17308.9
-0.323607;-0.235114;0;1019.15;-7335.94;-1538.95;-16608
-0.320627;-0.239162;0;1177.55;-6923.66;-1474.04;-15907.4
-0.317596;-0.243172;0;1329.15;-6502.18;-1407.2;-15186.2
-0.314515;-0.247144;0;1419.87;-5947.97;-1312.08;-14159.6
-0.311385;-0.251077;0;1433.09;-5401.66;-1207.58;-13031.8
-0.308205;-0.25497;0;1446.28;-4855.07;-1102.98;-11903.1
-0.304977;-0.258822;0;1459.43;-4308.27;-998.323;-10773.6
-0.301701;-0.262634;0;1472.53;-3761.36;-893.607;-9643.56
-0.298376;-0.266405;0;1485.58;-3214.43;-788.855;-8513.1
-0.295005;-0.270133;0;1498.59;-2667.55;-684.083;-7382.43
-0.291587;-0.273819;0;1511.54;-2120.82;-579.307;-6251.72
-0.288124;-0.277461;0;1524.45;-1574.32;-474.544;-5121.14
-0.284614;-0.28106;0;1537.3;-1028.13;-369.81;-3990.89
-0.28106;-0.284614;0;1550.09;-482.354;-265.123;-2861.13
-0.277461;-0.288124;0;1423.69;-210.464;-151.436;-1634.26
-0.273819;-0.291587;0;1278.87;33.8921;-34.7548;-375.064
-0.270133;-0.295005;0;1325.35;748.52;83.8132;904.488
-0.266405;-0.298376;0;1387.27;1513.42;204.853;2210.72
-0.262634;-0.301701;0;1449.13;2278.49;325.954;3517.61
-0.258822;-0.304977;0;1510.93;3043.6;447.098;4824.96
-0.25497;-0.308205;0;1572.65;3808.63;568.265;6132.55
-0.251077;-0.311385;0;1634.3;4573.47;689.436;7440.2
-0.247144;-0.314515;0;1695.85;5337.99;810.592;8747.68
-0.243172;-0.317596;0;1757.29;6102.07;931.713;10054.8
-0.239162;-0.320627;0;1818.63;6865.59;1052.78;11361.3
-0.235114;-0.323607;0;1879.85;7628.44;1173.78;12667.1
-0.231029;-0.326536;0;1940.93;8390.48;1294.68;13971.8
-0.226908;-0.329413;0;2085.82;9166.63;1409.85;15214.7
-0.22275;-0.332238;0;2331.44;9977.6;1522.21;16427.2
-0.218558;-0.335011;0;2379.3;10565;1614.75;17425.9
-0.214331;-0.337731;0;2420.86;11151.4;1707.42;18426
-0.21007;-0.340398;0;2462.41;11737.7;1800.14;19426.6
-0.205776;-0.343011;0;2503.96;12324;1892.9;20427.6
-0.201449;-0.345569;0;2545.49;12910;1985.68;21428.9
-0.197091;-0.348074;0;2587;13495.7;2078.47;22430.2
-0.192701;-0.350523;0;2628.48;14081;2171.25;23431.5
-0.188282;-0.352916;0;2669.93;14665.8;2264.01;24432.6
-0.183832;-0.355255;0;2711.34;15250.1;2356.74;25433.3
-0.179353;-0.357537;0;2752.7;15833.6;2449.41;26433.4
-0.174846;-0.359762;0;2794;16416.4;2542.02;27432.8
-0.170312;-0.361931;0;2828.11;16543.9;2590.13;27952
-0.16575;-0.364042;0;2822.3;16623.2;2600.62;28065.2
-0.161163;-0.366096;0;2812.79;16706.8;2608.1;28145.9
-0.156549;-0.368093;0;2803.27;16790.1;2615.6;28226.8
-0.151912;-0.370031;0;2793.75;16873;2623.11;28307.8
-0.14725;-0.371911;0;2784.22;16955.7;2630.62;28389
-0.142565;-0.373732;0;2774.69;17038;2638.15;28470.2
-0.137857;-0.375494;0;2765.15;17120;2645.69;28551.5
-0.133128;-0.377196;0;2755.62;17201.7;2653.23;28632.9
-0.128377;-0.378839;0;2746.09;17282.9;2660.78;28714.4
-0.123607;-0.380423;0;2736.55;17363.8;2668.34;28796
-0.118817;-0.381946;0;2727.03;17444.2;2675.9;28877.5
-0.114008;-0.383409;0;2717.5;17524.3;2683.46;28959.2
-0.109181;-0.384811;0;2711.43;17613.1;2688.7;29015.7
-0.104337;-0.386153;0;2644.45;17165.8;2601.76;28077.5
-0.099476;-0.387433;0;2546.5;16561.8;2508.43;27070.3
-0.0945996;-0.388653;0;2448.64;15957.4;2415.06;26062.6
-0.0897083;-0.389811;0;2350.88;15352.7;2321.65;25054.6
-0.0848028;-0.390907;0;2256.33;14747;2228.44;24048.7
-0.079884;-0.391942;0;2164.04;14140;2135.43;23045
-0.0749525;-0.392915;0;2071.51;13532.8;2042.44;22041.4
-0.0700092;-0.393826;0;1978.97;12925.7;1949.46;21038
-0.0650549;-0.394674;0;1886.45;12318.9;1856.51;20035
-0.0600902;-0.395461;0;1793.95;11712.3;1763.62;19032.5
-0.0551161;-0.396185;0;1701.48;11106.2;1670.79;18030.7
-0.0501333;-0.396846;0;1567;10191.6;1532.04;16533.3
-0.0451426;-0.397445;0;1409.83;9172.4;1378.17;14872.8
-0.0401447;-0.39798;0;1252.57;8152.58;1224.22;13211.4
-0.0351405;-0.398453;0;1095.24;7132.35;1070.2;11549.3
-0.0301307;-0.398864;0;938.093;6113.8;916.488;9890.49
-0.0251162;-0.399211;0;780.572;5093.11;762.432;8227.95
-0.0200977;-0.399495;0;623.041;4072.36;608.366;6565.32
-0.0150761;-0.399716;0;465.524;3051.71;454.315;4902.83
-0.010052;-0.399874;0;308.046;2031.32;300.302;3240.77
-0.00502642;-0.399968;0;150.633;1011.36;146.352;1579.39
-7.34788e-17;-0.4;0;-6.69165;-8.02556;-7.51027;-81.0488
0.00502642;-0.399968;0;-170.889;-979.024;-159.047;-1716.39
0.010052;-0.399874;0;-354.862;-1858.74;-308.56;-3329.89
0.0150761;-0.399716;0;-538.989;-2739.17;-458.196;-4944.72
0.0200977;-0.399495;0;-723.241;-3620.18;-607.933;-6560.64
0.0251162;-0.399211;0;-907.59;-4501.63;-757.746;-8177.39
0.0301307;-0.398864;0;-1092.01;-5383.39;-907.613;-9794.7
0.0351405;-0.398453;0;-1276.46;-6265.31;-1057.51;-11412.3
0.0401447;-0.39798;0;-1460.92;-7147.25;-1207.41;-13030
0.0451426;-0.397445;0;-1645.36;-8029.08;-1357.29;-14647.5
0.0501333;-0.396846;0;-1829.75;-8910.65;-1507.14;-16264.6
0.0551161;-0.396185;0;-2044.47;-9702.13;-1655;-17860.3
0.0600902;-0.395461;0;-2260.5;-10494.8;-1803.36;-19461.3
0.0650549;-0.394674;0;-2380.2;-11322.1;-1889.23;-20388
0.0700092;-0.393826;0;-2497.59;-12165.2;-1973.75;-21300.1
0.0749525;-0.392915;0;-2615.03;-13008.2;-2058.28;-22212.4
0.079884;-0.391942;0;-2732.5;-13851.1;-2142.81;-23124.7
0.0848028;-0.390907;0;-2837.16;-14570.5;-2224.85;-24009.9
0.0897083;-0.389811;0;-2929.23;-15187.6;-2306.67;-24892.9
0.0945996;-0.388653;0;-3021.26;-15804.6;-2388.51;-25776.1
0.099476;-0.387433;0;-3113.24;-16421.5;-2470.35;-26659.3
0.104337;-0.386153;0;-3205.16;-17038.1;-2552.19;-27542.5
0.109181;-0.384811;0;-3297;-17654.2;-2634;-28425.4
0.114008;-0.383409;0;-3388.74;-18269.9;-2715.78;-29307.9
0.118817;-0.381946;0;-3382.14;-18484;-2736.09;-29527.1
0.123607;-0.380423;0;-3320.81;-18483.6;-2722.87;-29384.4
0.128377;-0.378839;0;-3259.4;-18483;-2709.65;-29241.7
0.133128;-0.377196;0;-3197.94;-18482.3;-2696.42;-29099
0.137857;-0.375494;0;-3136.43;-18481.4;-2683.2;-28956.3
0.142565;-0.373732;0;-3074.88;-18480.4;-2669.97;-28813.6
0.14725;-0.371911;0;-3013.3;-18479.2;-2656.75;-28670.9
0.151912;-0.370031;0;-2951.7;-18477.9;-2643.54;-28528.4
0.156549;-0.368093;0;-2890.09;-18476.4;-2630.34;-28385.9
0.161163;-0.366096;0;-2828.48;-18474.8;-2617.14;-28243.5
0.16575;-0.364042;0;-2766.88;-18473;-2603.96;-28101.2
0.170312;-0.361931;0;-2633.74;-18469.5;-2584.06;-27886.4
0.174846;-0.359762;0;-2457.06;-18320.5;-2540.02;-27411.1
0.179353;-0.357537;0;-2395.63;-17761.8;-2446.97;-26407.1
0.183832;-0.355255;0;-2333.95;-17202.7;-2353.87;-25402.4
0.188282;-0.352916;0;-2272.04;-16643.1;-2260.73;-24397.2
0.192701;-0.350523;0;-2209.9;-16083.1;-2167.56;-23391.7
0.197091;-0.348074;0;-2147.55;-15522.9;-2074.38;-22386.1
0.201449;-0.345569;0;-2084.98;-14962.5;-1981.2;-21380.6
0.205776;-0.343011;0;-2022.23;-14402;-1888.04;-20375.2
0.21007;-0.340398;0;-1959.28;-13841.5;-1794.9;-19370.1
0.214331;-0.337731;0;-1896.16;-13281.1;-1701.82;-18365.5
0.218558;-0.335011;0;-1832.87;-12720.9;-1608.79;-17361.6
0.22275;-0.332238;0;-1769.42;-12161;-1515.84;-16358.5
0.226908;-0.329413;0;-1573.94;-11333.1;-1410.1;-15217.4
0.231029;-0.326536;0;-1522.72;-10578.1;-1288.54;-13905.6
0.235114;-0.323607;0;-1471.22;-9822.15;-1166.89;-12592.7
0.239162;-0.320627;0;-1419.44;-9065.48;-1045.15;-11279
0.243172;-0.317596;0;-1367.39;-8308.17;-923.357;-9964.61
0.247144;-0.314515;0;-1315.08;-7550.34;-801.52;-8649.78
0.251077;-0.311385;0;-1262.51;-6792.11;-679.661;-7334.71
0.25497;-0.308205;0;-1209.69;-6033.59;-557.799;-6019.61
0.258822;-0.304977;0;-1156.64;-5274.92;-435.953;-4704.68
0.262634;-0.301701;0;-1103.36;-4516.2;-314.143;-3390.15
0.266405;-0.298376;0;-1049.85;-3757.56;-192.389;-2076.2
0.270133;-0.295005;0;-996.138;-2999.11;-70.7081;-763.062
0.273819;-0.291587;0;-942.218;-2240.99;50.879;549.072
0.277461;-0.288124;0;-902.692;-1548.33;171.006;1845.45
0.28106;-0.284614;0;-894.989;-933.099;278.502;3005.52
0.284614;-0.28106;0;-885.676;-271.917;382.206;4124.66
0.288124;-0.277461;0;-875.975;389.88;485.965;5244.39
0.291587;-0.273819;0;-865.889;1052.19;589.761;6364.53
0.295005;-0.270133;0;-855.418;1714.9;693.579;7484.91
0.298376;-0.266405;0;-844.564;2377.92;797.402;8605.34
0.301701;-0.262634;0;-833.33;3041.14;901.214;9725.64
0.304977;-0.258822;0;-821.716;3704.45;1005;10845.7
0.308205;-0.25497;0;-809.726;4367.74;1108.74;11965.2
0.311385;-0.251077;0;-797.359;5030.92;1212.42;13084.1
0.314515;-0.247144;0;-784.62;5693.88;1316.02;14202.1
0.317596;-0.243172;0;-692.674;6417.47;1413.54;15254.5
0.320627;-0.239162;0;-710.096;6840.31;1478.55;15956.1
0.323607;-0.235114;0;-727.153;7263.82;1543.62;16658.3
0.326536;-0.231029;0;-743.844;7687.95;1608.73;17361
0.329413;-0.226908;0;-760.165;8112.63;1673.88;18064
0.332238;-0.22275;0;-776.115;8537.79;1739.05;18767.4
0.335011;-0.218558;0;-791.69;8963.36;1804.24;19470.8
0.337731;-0.214331;0;-806.889;9389.28;1869.43;20174.4
0.340398;-0.21007;0;-821.708;9815.48;1934.61;20877.8
0.343011;-0.205776;0;-836.146;10241.9;1999.78;21581.1
0.345569;-0.201449;0;-850.2;10668.5;2064.92;22284.1
0.348074;-0.197091;0;-863.868;11095.1;2130.03;22986.7
0.350523;-0.192701;0;-877.148;11521.7;2195.09;23688.7
0.352916;-0.188282;0;-890.037;11948.3;2260.08;24390.2
0.355255;-0.183832;0;-1007.77;12197.5;2309.08;24918.9
0.357537;-0.179353;0;-1126.35;12308.9;2339.12;25243.2
0.359762;-0.174846;0;-1244.6;12420.8;2369.18;25567.6
0.361931;-0.170312;0;-1310.08;12575.2;2397.75;25875.8
0.364042;-0.16575;0;-1367.36;12737;2426.09;26181.7
0.366096;-0.161163;0;-1424.6;12898.9;2454.43;26487.6
0.368093;-0.156549;0;-1481.79;13060.9;2482.78;26793.5
0.370031;-0.151912;0;-1538.91;13223;2511.13;27099.4
0.371911;-0.14725;0;-1595.95;13385.2;2539.47;27405.3
0.373732;-0.142565;0;-1652.91;13547.3;2567.8;27711
0.375494;-0.137857;0;-1709.78;13709.5;2596.12;28016.6
0.377196;-0.133128;0;-1766.55;13871.7;2624.42;28322
0.378839;-0.128377;0;-1761.23;14023.3;2652.76;28627.9
0.380423;-0.123607;0;-1628.14;14172;2676.54;28884.5
0.381946;-0.118817;0;-1407.69;14378.2;2686.03;28986.9
0.383409;-0.114008;0;-1186.97;14584.5;2695.52;29089.3
0.384811;-0.109181;0;-966.02;14790.9;2705.01;29191.7
0.386153;-0.104337;0;-721.694;15013.9;2714.05;29289.3
0.387433;-0.099476;0;-411.822;15298.7;2722.32;29378.6
0.388653;-0.0945996;0;-101.721;15583.8;2730.6;29467.9
0.389811;-0.0897083;0;208.559;15869.1;2738.88;29557.2
0.390907;-0.0848028;0;518.97;16154.7;2747.16;29646.6
0.391942;-0.079884;0;829.462;16440.3;2755.44;29735.9
0.392915;-0.0749525;0;1139.99;16726.1;2763.71;29825.2
0.393826;-0.0700092;0;1450.5;17012;2771.98;29914.5
0.394674;-0.0650549;0;1760.94;17297.9;2780.25;30003.7
0.395461;-0.0600902;0;2071.27;17583.7;2788.51;30092.9
0.396185;-0.0551161;0;2158.44;17576.9;2792.64;30137.3
0.396846;-0.0501333;0;2148.08;17437.2;2795.05;30163.4
0.397445;-0.0451426;0;2137.8;17297.6;2797.46;30189.4
0.39798;-0.0401447;0;2247.22;17228.8;2799.07;30206.8
0.398453;-0.0351405;0;2474.96;17220;2800;30216.8
0.398864;-0.0301307;0;2702.82;17211.2;2800.93;30226.8
0.399211;-0.0251162;0;2930.76;17202.4;2801.86;30236.9
0.399495;-0.0200977;0;3158.74;17193.6;2802.79;30246.9
0.399716;-0.0150761;0;3386.74;17184.8;2803.72;30257
0.399874;-0.010052;0;3614.7;17176;2804.65;30267
0.399968;-0.00502642;0;3842.61;17167.2;2805.59;30277.1
