0.4;0;0;39241;42784.1;2806.5;30287
0.399968;0.00502642;0;38194;39863.6;2805.5;30276.2
0.399874;0.010052;0;37125.5;36883.7;2804.49;30265.2
0.399716;0.0150761;0;36056.4;33902.5;2803.47;30254.3
0.399495;0.0200977;0;34986.9;30920.6;2802.45;30243.3
0.399211;0.0251162;0;33917.1;27938.4;2801.44;30232.3
0.398864;0.0301307;0;32847.3;24956.4;2800.42;30221.4
0.398453;0.0351405;0;31777.6;21975;2799.4;30210.4
0.39798;0.0401447;0;30708.1;18994.7;2798.39;30199.4
0.397445;0.0451426;0;24809.2;11100.8;2796.28;30176.7
0.396846;0.0501333;0;16651.7;908.761;2793.6;30147.8
0.396185;0.0551161;0;8493.83;-9281.98;2790.92;30118.9
0.395461;0.0600902;0;336.836;-19469.8;2788.25;30090
0.394674;0.0650549;0;3304.33;-19948.7;2780.85;30010.1
0.393826;0.0700092;0;7867.4;-19140.9;2772.56;29920.6
0.392915;0.0749525;0;12429.9;-18333.9;2764.26;29831.1
0.391942;0.079884;0;16991;-17527.9;2755.96;29741.6
0.390907;0.0848028;0;21550.2;-16723.2;2747.66;29652
0.389811;0.0897083;0;26106.6;-15919.7;2739.36;29562.4
0.388653;0.0945996;0;30659.5;-15117.6;2731.06;29472.8
0.387433;0.099476;0;35208.2;-14317.1;2722.76;29383.3
0.386153;0.104337;0;38574.7;-13598.2;2714.04;29289.2
0.384811;0.109181;0;39308.3;-12821.9;2703.86;29179.3
0.383409;0.114008;0;40037.1;-12044.5;2693.69;29069.5
0.381946;0.118817;0;40761.2;-11266.2;2683.51;28959.7
0.380423;0.123607;0;41480.5;-10487;2673.33;28849.9
0.378839;0.128377;0;46601.5;-9351.63;2650.32;28601.6
0.377196;0.133128;0;54074.8;-7994.01;2620.11;28275.5
0.375494;0.137857;0;52242;-11105.1;2591.78;27969.8
0.373732;0.142565;0;50286.7;-14268.5;2563.47;27664.2
0.371911;0.14725;0;48332.6;-17428;2535.14;27358.5
0.370031;0.151912;0;46379.9;-20583.2;2506.8;27052.7
0.368093;0.156549;0;44429;-23733.6;2478.46;26746.8
0.366096;0.161163;0;42480.2;-26878.7;2450.11;26440.9
0.364042;0.16575;0;40533.8;-30018;2421.77;26135.1
0.361931;0.170312;0;38590;-33150.9;2393.44;25829.3
0.359762;0.174846;0;36649.3;-36277;2365.12;25523.7
0.357537;0.179353;0;34711.9;-39395.8;2336.81;25218.2
0.355255;0.183832;0;32778.1;-42506.9;2308.52;24912.9
0.352916;0.188282;0;30322.5;-44479.2;2260.85;24398.5
0.350523;0.192701;0;27353.5;-44195.6;2195.69;23695.3
0.348074;0.197091;0;24383.5;-43909.8;2130.47;22991.4
0.345569;0.201449;0;21413;-43621.9;2065.2;22287.1
0.343011;0.205776;0;18442.4;-43332;1999.9;21582.3
0.340398;0.21007;0;15472.1;-43040;1934.57;20877.3
0.337731;0.214331;0;12502.8;-42746;1869.22;20172.1
0.335011;0.218558;0;9534.77;-42450;1803.87;19466.9
0.332238;0.22275;0;6568.56;-42152.2;1738.52;18761.7
0.329413;0.226908;0;3604.61;-41852.5;1673.19;18056.6
0.326536;0.231029;0;643.409;-41551.1;1607.88;17351.8
0.323607;0.235114;0;-2273.85;-41196.7;1542.57;16647
0.320627;0.239162;0;-5106.31;-40647.3;1477.14;15940.9
0.317596;0.243172;0;-7932.98;-40090.2;1411.77;15235.4
0.314515;0.247144;0;-10142.7;-37245;1322.45;14271.5
0.311385;0.251077;0;-11895.1;-31573.3;1218.85;13153.5
0.308205;0.25497;0;-13646.4;-25904.4;1115.17;12034.6
0.304977;0.258822;0;-15383;-20276.8;1011.38;10914.5
0.301701;0.262634;0;-17092.3;-14727;907.441;9792.84
0.298376;0.266405;0;-18812.7;-9208.05;803.403;8670.1
0.295005;0.270133;0;-20549.2;-3735.55;699.243;7546.03
0.291587;0.273819;0;-22287.1;1731.36;595.084;6421.98
0.288124;0.277461;0;-24026.2;7191.81;490.944;5298.13
0.284614;0.28106;0;-25766.1;12644.9;386.839;4174.66
0.28106;0.284614;0;-27506.6;18089.9;282.785;3051.74
0.277461;0.288124;0;-27710.1;23139.2;176.654;1906.4
0.273819;0.291587;0;-20221.2;21480.1;55.3972;597.831
0.270133;0.295005;0;-12725.3;19819.6;-65.9718;-711.95
0.266405;0.298376;0;-5223.61;18158;-187.434;-2022.74
0.262634;0.301701;0;2282.81;16495.5;-308.971;-3334.33
0.258822;0.304977;0;9792.72;14832.5;-430.564;-4646.52
0.25497;0.308205;0;17304.9;13169.2;-552.192;-5959.1
0.251077;0.311385;0;24825.6;11508.7;-673.925;-7272.81
0.247144;0.314515;0;32332.3;9848.46;-795.686;-8586.82
0.243172;0.317596;0;39712.4;8186.65;-917.589;-9902.36
0.239162;0.320627;0;47084.8;6525.38;-1039.45;-11217.5
0.235114;0.323607;0;54448.3;4864.9;-1161.26;-12532
0.231029;0.326536;0;61801.6;3205.48;-1282.99;-13845.7
0.226908;0.329413;0;69143.8;1547.39;-1404.63;-15158.4
0.22275;0.332238;0;67254.3;902.396;-1510.77;-16303.8
0.218558;0.335011;0;55620.4;2501;-1602.76;-17296.5
0.214331;0.337731;0;43977.2;4095.13;-1694.83;-18290.1
0.21007;0.340398;0;32326.7;5684.55;-1786.96;-19284.3
0.205776;0.343011;0;20670.6;7269;-1879.14;-20279.1
0.201449;0.345569;0;9010.87;8848.23;-1971.35;-21274.2
0.197091;0.348074;0;-2650.72;10422;-2063.58;-22269.6
0.192701;0.350523;0;-14312.3;11990;-2155.81;-23264.9
0.188282;0.352916;0;-25972.1;13552.1;-2248.04;-24260.2
0.183832;0.355255;0;-37628.1;15108;-2340.24;-25255.2
0.179353;0.357537;0;-49278.7;16657.4;-2432.39;-26249.7
0.174846;0.359762;0;-60921.9;18200.1;-2524.5;-27243.7
0.170312;0.361931;0;-68188.4;19837.7;-2597.61;-28032.7
0.16575;0.364042;0;-61025;13643.9;-2615.24;-28222.9
0.161163;0.366096;0;-53650.1;7011.2;-2632.48;-28409
0.156549;0.368093;0;-46267.8;371.723;-2649.73;-28595.2
0.151912;0.370031;0;-38879.1;-6273.49;-2667;-28781.6
0.14725;0.371911;0;-31485.3;-12923.4;-2684.29;-28968.1
0.142565;0.373732;0;-24087.5;-19576.9;-2701.58;-29154.7
0.137857;0.375494;0;-16686.9;-26233.1;-2718.88;-29341.3
0.133128;0.377196;0;-9284.66;-32890.7;-2736.18;-29528.1
0.128377;0.378839;0;-1881.94;-39548.8;-2753.48;-29714.8
0.123607;0.380423;0;5520.08;-46206.4;-2770.78;-29901.5
0.118817;0.381946;0;10292.3;-47498.2;-2742.39;-29595.1
0.114008;0.383409;0;12460;-42809.9;-2660.12;-28707.3
0.109181;0.384811;0;14628.7;-38119.6;-2577.81;-27819
0.104337;0.386153;0;16797.9;-33427.8;-2495.49;-26930.6
0.099476;0.387433;0;18967.3;-28735.3;-2413.15;-26042
0.0945996;0.388653;0;21136.6;-24042.9;-2330.81;-25153.5
0.0897083;0.389811;0;23305.4;-19351.3;-2248.49;-24265.1
0.0848028;0.390907;0;25473.5;-14661.2;-2166.2;-23377.1
0.079884;0.391942;0;27640.4;-9973.4;-2083.95;-22489.5
0.0749525;0.392915;0;29805.9;-5288.63;-2001.76;-21602.4
0.0700092;0.393826;0;31969.5;-607.625;-1919.64;-20716.2
0.0650549;0.394674;0;34130.9;4068.88;-1837.59;-19830.8
0.0600902;0.395461;0;36289.9;8740.15;-1755.64;-18946.4
0.0551161;0.396185;0;38446;13405.4;-1673.8;-18063.1
0.0501333;0.396846;0;34814.5;11595.8;-1528.15;-16491.3
0.0451426;0.397445;0;30466;8573.93;-1373.21;-14819.3
0.0401447;0.39798;0;26112.6;5548.33;-1218.1;-13145.4
0.0351405;0.398453;0;21754.9;2519.5;-1062.83;-11469.8
0.0301307;0.398864;0;17393.5;-512.094;-907.441;-9792.85
0.0251162;0.399211;0;13029.2;-3545.96;-751.946;-8114.79
0.0200977;0.399495;0;8662.67;-6581.63;-596.372;-6435.88
0.0150761;0.399716;0;4294.55;-9618.61;-440.745;-4756.4
0.010052;0.399874;0;-74.4352;-12656.4;-285.089;-3076.6
0.00502642;0.399968;0;-4443.61;-15694.6;-129.429;-1396.76
2.44929e-17;0.4;0;-8812.27;-18732.7;26.2121;282.874
-0.00502642;0.399968;0;-13179.7;-21770.1;181.808;1962.02
-0.010052;0.399874;0;-17545.3;-24806.5;337.335;3640.43
-0.0150761;0.399716;0;-21908.3;-27841.4;492.768;5317.82
-0.0200977;0.399495;0;-26268;-30874.1;648.083;6993.93
-0.0251162;0.399211;0;-30623.8;-33904.4;803.255;8668.5
-0.0301307;0.398864;0;-34975;-36931.7;958.26;10341.3
-0.0351405;0.398453;0;-37581.6;-37987.6;1109.26;11970.8
-0.0401447;0.39798;0;-32770.4;-39196.2;1236.91;13348.3
-0.0451426;0.397445;0;-23082.9;-43873;1345.05;14515.4
-0.0501333;0.396846;0;-13388.9;-48549.6;1453.29;15683.5
-0.0551161;0.396185;0;-3689.92;-53225.2;1561.61;16852.4
-0.0600902;0.395461;0;6012.56;-57899;1669.99;18022
-0.0650549;0.394674;0;15717;-62570.3;1778.41;19192.1
-0.0700092;0.393826;0;25421.8;-67238.4;1886.86;20362.4
-0.0749525;0.392915;0;35125.5;-71902.5;1995.32;21532.9
-0.079884;0.391942;0;44826.6;-76561.9;2103.77;22703.3
-0.0848028;0.390907;0;54523.5;-81215.9;2212.19;23873.4
-0.0897083;0.389811;0;64214.6;-85863.7;2320.58;25043
-0.0945996;0.388653;0;73898.5;-90504.6;2428.9;26212
-0.099476;0.387433;0;83573.6;-95137.9;2537.15;27380.2
-0.104337;0.386153;0;89464.1;-98109.3;2624.74;28325.5
-0.109181;0.384811;0;89545.5;-96671.2;2650.92;28608
-0.114008;0.383409;0;89741;-93320;2644.31;28536.7
-0.118817;0.381946;0;89932.5;-89962.7;2637.71;28465.4
-0.123607;0.380423;0;90120.2;-86599.8;2631.11;28394.2
-0.128377;0.378839;0;90303.9;-83231.9;2624.52;28323.1
-0.133128;0.377196;0;90483.6;-79859.4;2617.94;28252
-0.137857;0.375494;0;90659.4;-76483.1;2611.37;28181.1
-0.142565;0.373732;0;90831.2;-73103.2;2604.8;28110.3
-0.14725;0.371911;0;90998.9;-69720.5;2598.26;28039.6
-0.151912;0.370031;0;90642.6;-65947.9;2592.92;27982
-0.156549;0.368093;0;89204.1;-61445.1;2589.6;27946.3
-0.161163;0.366096;0;87758.7;-56939.9;2586.3;27910.7
-0.16575;0.364042;0;86306.5;-52433.2;2583.02;27875.2
-0.170312;0.361931;0;84847.7;-47925.5;2579.75;27839.9
-0.174846;0.359762;0;84316.5;-45080.5;2539.56;27406.2
-0.179353;0.357537;0;70980.9;-39561.7;2447.84;26416.4
-0.183832;0.355255;0;57636;-34036.9;2356.05;25425.8
-0.188282;0.352916;0;44283.7;-28506.8;2264.21;24434.8
-0.192701;0.350523;0;30926.3;-22972.3;2172.34;23443.3
-0.197091;0.348074;0;17565.8;-17434.4;2080.45;22451.6
-0.201449;0.345569;0;4204.27;-11893.8;1988.55;21459.9
-0.205776;0.343011;0;-9156.11;-6351.55;1896.66;20468.2
-0.21007;0.340398;0;-22513.2;-808.409;1804.79;19476.8
-0.214331;0.337731;0;-35865;4734.72;1712.96;18485.8
-0.218558;0.335011;0;-49209.3;10277;1621.18;17495.3
-0.22275;0.332238;0;-59280.6;14259.3;1525.03;16457.6
-0.226908;0.329413;0;-59223.3;13415.5;1412.29;15241
-0.231029;0.326536;0;-50090.4;11520.2;1292.56;13948.9
-0.235114;0.323607;0;-40845.5;9600.11;1171.16;12638.8
-0.239162;0.320627;0;-31593.1;7678.63;1049.68;11327.8
-0.243172;0.317596;0;-22334.6;5756.05;928.139;10016.2
-0.247144;0.314515;0;-13071.5;3832.65;806.558;8704.15
-0.251077;0.311385;0;-3805.32;1908.74;684.956;7391.85
-0.25497;0.308205;0;5462.52;-15.3673;563.351;6079.52
-0.258822;0.304977;0;14730.6;-1939.37;441.762;4767.37
-0.262634;0.301701;0;23997.3;-3862.98;320.209;3455.61
-0.266405;0.298376;0;33261.3;-5785.87;198.712;2144.44
-0.270133;0.295005;0;42521.2;-7707.75;77.2882;834.073
-0.273819;0.291587;0;51775.3;-9628.31;-44.0419;-475.287
-0.277461;0.288124;0;55476.4;-8012.75;-160.648;-1733.66
-0.28106;0.284614;0;54483.6;-4371.96;-271.124;-2925.89
-0.284614;0.28106;0;50335.4;-140.9;-375.748;-4054.97
-0.288124;0.277461;0;46183.8;4094.86;-480.42;-5184.56
-0.291587;0.273819;0;42029.6;8334.67;-585.122;-6314.47
-0.295005;0.270133;0;37873.4;12577.8;-689.837;-7444.53
-0.298376;0.266405;0;33715.8;16823.7;-794.55;-8574.56
-0.301701;0.262634;0;29557.5;21071.6;-899.244;-9704.38
-0.304977;0.258822;0;25399.1;25320.9;-1003.9;-10833.8
-0.308205;0.25497;0;21241.4;29570.8;-1108.51;-11962.7
-0.311385;0.251077;0;17084.9;33820.8;-1213.04;-13090.8
-0.314515;0.247144;0;12930.4;38070.1;-1317.49;-14218
-0.317596;0.243172;0;9845.14;39401.3;-1410.13;-15217.7
-0.320627;0.239162;0;8684.11;41307.8;-1475.25;-15920.5
-0.323607;0.235114;0;7521.14;43215.2;-1540.43;-16623.9
-0.326536;0.231029;0;6356.43;45123.3;-1605.65;-17327.7
-0.329413;0.226908;0;5190.15;47031.8;-1670.9;-18031.9
-0.332238;0.22275;0;4022.49;48940.4;-1736.17;-18736.3
-0.335011;0.218558;0;2853.25;50848.4;-1801.45;-19440.8
-0.337731;0.214331;0;1459.26;52658.4;-1866.21;-20139.6
-0.340398;0.21007;0;-4.98273;54463.8;-1931.12;-20840.1
-0.343011;0.205776;0;-1470.2;56268.7;-1996.02;-21540.5
-0.345569;0.201449;0;-2936.17;58072.9;-2060.89;-22240.6
-0.348074;0.197091;0;-4402.65;59876;-2125.74;-22940.4
-0.350523;0.192701;0;-5869.42;61677.9;-2190.55;-23639.8
-0.352916;0.188282;0;-7336.24;63478.1;-2255.3;-24338.6
-0.355255;0.183832;0;-8938.59;63547.4;-2310.72;-24936.6
-0.357537;0.179353;0;-15863.1;52811;-2341.27;-25266.3
-0.359762;0.174846;0;-22874;41925.5;-2371.78;-25595.6
-0.361931;0.170312;0;-29889.3;31035.1;-2402.31;-25925
-0.364042;0.16575;0;-36907.7;20141.6;-2432.84;-26254.5
-0.366096;0.161163;0;-43928.3;9246.57;-2463.37;-26584
-0.368093;0.156549;0;-50949.8;-1648.14;-2493.89;-26913.4
-0.370031;0.151912;0;-57971.2;-12540.8;-2524.4;-27242.7
-0.371911;0.14725;0;-64991.4;-23429.8;-2554.9;-27571.8
-0.373732;0.142565;0;-72009.2;-34313.4;-2585.38;-27900.7
-0.375494;0.137857;0;-79023.6;-45189.8;-2615.84;-28229.4
-0.377196;0.133128;0;-82956.6;-52585.8;-2644.58;-28539.6
-0.378839;0.128377;0;-78935.4;-46730.9;-2657.65;-28680.6
-0.380423;0.123607;0;-74825;-39692.5;-2667.93;-28791.6
-0.381946;0.118817;0;-70709.6;-32647.5;-2678.22;-28902.6
-0.383409;0.114008;0;-66589.9;-25597;-2688.52;-29013.7
-0.384811;0.109181;0;-62466.6;-18542;-2698.82;-29124.9
-0.386153;0.104337;0;-58340.3;-11483.8;-2709.12;-29236.1
-0.387433;0.099476;0;-54211.6;-4423.31;-2719.42;-29347.2
-0.388653;0.0945996;0;-50081.3;2638.21;-2729.73;-29458.4
-0.389811;0.0897083;0;-45949.9;9699.68;-2740.03;-29569.6
-0.390907;0.0848028;0;-41818.1;16760;-2750.32;-29680.7
-0.391942;0.079884;0;-37686.6;23818;-2760.61;-29791.8
-0.392915;0.0749525;0;-33556;30872.7;-2770.9;-29902.7
-0.393826;0.0700092;0;-29426.9;37922.8;-2781.17;-30013.6
-0.394674;0.0650549;0;-25359.9;44782.7;-2791.34;-30123.4
-0.395461;0.0600902;0;-21546.4;40136.9;-2793.9;-30151
-0.396185;0.0551161;0;-17164.3;34868.5;-2795.57;-30169
-0.396846;0.0501333;0;-12778.9;29594.1;-2797.23;-30187
-0.397445;0.0451426;0;-8391.14;24314.4;-2798.9;-30204.9
-0.39798;0.0401447;0;-4001.6;19030.4;-2800.56;-30222.9
-0.398453;0.0351405;0;386.72;13676.3;-2802.18;-30240.3
-0.398864;0.0301307;0;4816.2;8189.04;-2803.74;-30257.1
-0.399211;0.0251162;0;9261.87;2659.04;-2805.28;-30273.8
-0.399495;0.0200977;0;13707.9;-2873.3;-2806.82;-30290.4
-0.399716;0.0150761;0;18153.7;-8407.12;-2808.36;-30307
-0.399874;0.010052;0;22598.4;-13941.5;-2809.9;-30323.6
-0.399968;0.00502642;0;27041.5;-19475.6;-2811.43;-30340.2
-0.4;4.89859e-17;0;31482.1;-25008.6;-2812.96;-30356.7
-0.399968;-0.00502642;0;29398.8;-21762.2;-2811.88;-30345
-0.399874;-0.010052;0;26042.4;-17394.6;-2810.25;-30327.4
-0.399716;-0.0150761;0;22684.4;-13025.2;-2808.62;-30309.8
-0.399495;-0.0200977;0;19325.5;-8654.86;-2806.99;-30292.2
-0.399211;-0.0251162;0;15966.2;-4284.18;-2805.35;-30274.6
-0.398864;-0.0301307;0;12607.1;86.1402;-2803.72;-30256.9
-0.398453;-0.0351405;0;9248.56;4455.4;-2802.08;-30239.3
-0.39798;-0.0401447;0;5891.22;8822.92;-2800.44;-30221.6
-0.397445;-0.0451426;0;2535.6;13188;-2798.8;-30203.9
-0.396846;-0.0501333;0;-817.773;17550;-2797.16;-30186.2
-0.396185;-0.0551161;0;-4168.38;21908.1;-2795.52;-30168.5
-0.395461;-0.0600902;0;-7515.68;26261.7;-2793.88;-30150.8
-0.394674;-0.0650549;0;-10859.8;30601.5;-2792.23;-30133
-0.393826;-0.0700092;0;-15931;24631.6;-2782.67;-30029.7
-0.392915;-0.0749525;0;-21040.3;18316.1;-2772.8;-29923.3
-0.391942;-0.079884;0;-26147.7;11999.8;-2762.93;-29816.8
-0.390907;-0.0848028;0;-31252.5;5683.78;-2753.05;-29710.2
-0.389811;-0.0897083;0;-36353.9;-631.003;-2743.16;-29603.5
-0.388653;-0.0945996;0;-41451.1;-6943.55;-2733.27;-29496.7
-0.387433;-0.099476;0;-46543.2;-13252.9;-2723.38;-29389.9
-0.386153;-0.104337;0;-51629.5;-19558;-2713.48;-29283.2
-0.384811;-0.109181;0;-56709.1;-25857.8;-2703.59;-29176.4
-0.383409;-0.114008;0;-61781.3;-32151.5;-2693.69;-29069.6
-0.381946;-0.118817;0;-66845.3;-38437.9;-2683.8;-28962.8
-0.380423;-0.123607;0;-71900.2;-44716.1;-2673.92;-28856.1
-0.378839;-0.128377;0;-76353.6;-49280.6;-2661.99;-28727.4
-0.377196;-0.133128;0;-76812.2;-41927;-2634.44;-28430.1
-0.375494;-0.137857;0;-77262.4;-34561.7;-2606.86;-28132.6
-0.373732;-0.142565;0;-77700.9;-27184;-2579.28;-27834.9
-0.371911;-0.14725;0;-74743.7;-16669.1;-2549.33;-27511.6
-0.370031;-0.151912;0;-71703.6;-6000.05;-2519.02;-27184.6
-0.368093;-0.156549;0;-68660.4;4675.56;-2488.7;-26857.4
-0.366096;-0.161163;0;-65614.6;15356.1;-2458.37;-26530
-0.364042;-0.16575;0;-62566.8;26039.7;-2428.03;-26202.7
-0.361931;-0.170312;0;-59517.3;36724.9;-2397.69;-25875.2
-0.359762;-0.174846;0;-56466.7;47410;-2367.36;-25547.9
-0.357537;-0.179353;0;-53415.5;58093.1;-2337.03;-25220.6
-0.355255;-0.183832;0;-51522.8;58480.3;-2287.14;-24682.2
-0.352916;-0.188282;0;-49626;58502.8;-2235.58;-24125.7
-0.350523;-0.192701;0;-46357.8;57648.9;-2177.89;-23503.2
-0.348074;-0.197091;0;-42031.2;56143.9;-2114.21;-22815.9
-0.345569;-0.201449;0;-37702.5;54638.4;-2050.49;-22128.3
-0.343011;-0.205776;0;-33372.3;53132.8;-1986.76;-21440.5
-0.340398;-0.21007;0;-29041.3;51627.1;-1923.01;-20752.6
-0.337731;-0.214331;0;-24710.2;50121.7;-1859.27;-20064.7
-0.335011;-0.218558;0;-20379.6;48616.9;-1795.54;-19377
-0.332238;-0.22275;0;-16050.3;47112.7;-1731.83;-18689.4
-0.329413;-0.226908;0;-11722.9;45609.6;-1668.15;-18002.2
-0.326536;-0.231029;0;-7302.3;43883.2;-1603.91;-17308.9
-0.323607;-0.235114;0;-2833.26;42075.3;-1538.95;-16608
-0.320627;-0.239162;0;1633.13;40267.5;-1474.04;-15907.4
-0.317596;-0.243172;0;5782.93;39077.3;-1407.2;-15186.2
-0.314515;-0.247144;0;7377.3;42710;-1312.08;-14159.6
-0.311385;-0.251077;0;9527.54;36930.6;-1207.58;-13031.8
-0.308205;-0.25497;0;11678.3;31152.3;-1102.98;-11903.1
-0.304977;-0.258822;0;13829.3;25376;-998.323;-10773.6
-0.301701;-0.262634;0;15980.2;19602.5;-893.607;-9643.56
-0.298376;-0.266405;0;18130.6;13832.7;-788.855;-8513.1
-0.295005;-0.270133;0;20280.3;8067.71;-684.083;-7382.43
-0.291587;-0.273819;0;22428.7;2308.29;-579.307;-6251.72
-0.288124;-0.277461;0;24575.7;-3444.62;-474.544;-5121.14
-0.284614;-0.28106;0;26720.9;-9190.12;-369.81;-3990.89
-0.28106;-0.284614;0;28863.9;-14927.3;-265.123;-2861.13
-0.277461;-0.288124;0;32530.6;-20219.1;-151.436;-1634.26
-0.273819;-0.291587;0;36430.6;-25525.6;-34.7548;-375.064
-0.270133;-0.295005;0;31654.2;-24965.2;83.8132;904.488
-0.266405;-0.298376;0;26179.1;-24054.6;204.853;2210.72
-0.262634;-0.301701;0;20703.2;-23142.5;325.954;3517.61
-0.258822;-0.304977;0;15227.3;-22229;447.098;4824.96
-0.25497;-0.308205;0;9752.37;-21314.3;568.265;6132.55
-0.251077;-0.311385;0;4279.2;-20398.4;689.436;7440.2
-0.247144;-0.314515;0;-1191.32;-19481.6;810.592;8747.68
-0.243172;-0.317596;0;-6658.34;-18563.9;931.713;10054.8
-0.239162;-0.320627;0;-12121;-17645.6;1052.78;11361.3
-0.235114;-0.323607;0;-17578.4;-16726.7;1173.78;12667.1
-0.231029;-0.326536;0;-23029.7;-15807.4;1294.68;13971.8
-0.226908;-0.329413;0;-27305.7;-15402;1409.85;15214.7
-0.22275;-0.332238;0;-30264;-15547.7;1522.21;16427.2
-0.218558;-0.335011;0;-21783.1;-17745;1614.75;17425.9
-0.214331;-0.337731;0;-12830.3;-20044;1707.42;18426
-0.21007;-0.340398;0;-3872.98;-22341.5;1800.14;19426.6
-0.205776;-0.343011;0;5087.36;-24637.3;1892.9;20427.6
-0.201449;-0.345569;0;14049.3;-26930.9;1985.68;21428.9
-0.197091;-0.348074;0;23011.6;-29222.1;2078.47;22430.2
-0.192701;-0.350523;0;31972.6;-31510.4;2171.25;23431.5
-0.188282;-0.352916;0;40931;-33795.5;2264.01;24432.6
-0.183832;-0.355255;0;49885.4;-36077;2356.74;25433.3
-0.179353;-0.357537;0;58834.4;-38354.6;2449.41;26433.4
-0.174846;-0.359762;0;67776.5;-40627.9;2542.02;27432.8
-0.170312;-0.361931;0;62502.2;-43671.3;2590.13;27952
-0.16575;-0.364042;0;62154.2;-45198.6;2600.62;28065.2
-0.161163;-0.366096;0;62484.8;-46595;2608.1;28145.9
-0.156549;-0.368093;0;62809.6;-47991.3;2615.6;28226.8
-0.151912;-0.370031;0;63128.5;-49387.2;2623.11;28307.8
-0.14725;-0.371911;0;63441.5;-50782.4;2630.62;28389
-0.142565;-0.373732;0;63748.6;-52176.8;2638.15;28470.2
-0.137857;-0.375494;0;64049.6;-53570.1;2645.69;28551.5
-0.133128;-0.377196;0;64344.5;-54962.2;2653.23;28632.9
-0.128377;-0.378839;0;64633.4;-56352.7;2660.78;28714.4
-0.123607;-0.380423;0;64916;-57741.4;2668.34;28796
-0.118817;-0.381946;0;65192.5;-59128.3;2675.9;28877.5
-0.114008;-0.383409;0;65462.8;-60512.9;2683.46;28959.2
-0.109181;-0.384811;0;65837.8;-61941.9;2688.7;29015.7
-0.104337;-0.386153;0;57690.1;-58832.3;2601.76;28077.5
-0.099476;-0.387433;0;47253.8;-54534.2;2508.43;27070.3
-0.0945996;-0.388653;0;36808.7;-50236;2415.06;26062.6
-0.0897083;-0.389811;0;26356.5;-45938.6;2321.65;25054.6
-0.0848028;-0.390907;0;15841.7;-41695.1;2228.44;24048.7
-0.079884;-0.391942;0;5195.04;-37361.1;2135.43;23045
-0.0749525;-0.392915;0;-5472.22;-32985.8;2042.44;22041.4
-0.0700092;-0.393826;0;-16139.3;-28607.5;1949.46;21038
-0.0650549;-0.394674;0;-26804.5;-24226.7;1856.51;20035
-0.0600902;-0.395461;0;-37466.1;-19844.3;1763.62;19032.5
-0.0551161;-0.396185;0;-48122.4;-15460.9;1670.79;18030.7
-0.0501333;-0.396846;0;-46501.2;-13763.1;1532.04;16533.3
-0.0451426;-0.397445;0;-40360.5;-11926.6;1378.17;14872.8
-0.0401447;-0.39798;0;-34217.8;-10088.2;1224.22;13211.4
-0.0351405;-0.398453;0;-28074;-8248.21;1070.2;11549.3
-0.0301307;-0.398864;0;-22140.8;-6241.63;916.488;9890.49
-0.0251162;-0.399211;0;-16254.9;-4164.34;762.432;8227.95
-0.0200977;-0.399495;0;-10370.2;-2085.2;608.366;6565.32
-0.0150761;-0.399716;0;-4487.48;-4.53634;454.315;4902.83
-0.010052;-0.399874;0;1392.19;2077.32;300.302;3240.77
-0.00502642;-0.399968;0;7267.93;4160.05;146.352;1579.39
-7.34788e-17;-0.4;0;13138.8;6243.32;-7.51027;-81.0488
0.00502642;-0.399968;0;17099.1;7140.65;-159.047;-1716.39
0.010052;-0.399874;0;16680.2;5284.13;-308.56;-3329.89
0.0150761;-0.399716;0;16259;3427.8;-458.196;-4944.72
0.0200977;-0.399495;0;15835.6;1571.96;-607.933;-6560.64
0.0251162;-0.399211;0;15410.1;-283.111;-757.746;-8177.39
0.0301307;-0.398864;0;14982.4;-2137.11;-907.613;-9794.7
0.0351405;-0.398453;0;14552.7;-3989.74;-1057.51;-11412.3
0.0401447;-0.39798;0;14121.1;-5840.72;-1207.41;-13030
0.0451426;-0.397445;0;13687.6;-7689.75;-1357.29;-14647.5
0.0501333;-0.396846;0;13252.3;-9536.55;-1507.14;-16264.6
0.0551161;-0.396185;0;16101.8;-10718.8;-1655;-17860.3
0.0600902;-0.395461;0;19009.6;-11884.8;-1803.36;-19461.3
0.0650549;-0.394674;0;10011.7;-5378.08;-1889.23;-20388
0.0700092;-0.393826;0;323.448;1584.56;-1973.75;-21300.1
0.0749525;-0.392915;0;-9364.3;8549.86;-2058.28;-22212.4
0.079884;-0.391942;0;-19050;15516.7;-2142.81;-23124.7
0.0848028;-0.390907;0;-26248.1;20567.5;-2224.85;-24009.9
0.0897083;-0.389811;0;-31134.9;23613.2;-2306.67;-24892.9
0.0945996;-0.388653;0;-36017;26652.6;-2388.51;-25776.1
0.099476;-0.387433;0;-40893.6;29685;-2470.35;-26659.3
0.104337;-0.386153;0;-45764.1;32710.1;-2552.19;-27542.5
0.109181;-0.384811;0;-50627.6;35727.3;-2634;-28425.4
0.114008;-0.383409;0;-55483.4;38736.2;-2715.78;-29307.9
0.118817;-0.381946;0;-57986.3;39780.6;-2736.09;-29527.1
0.123607;-0.380423;0;-59310;39816;-2722.87;-29384.4
0.128377;-0.378839;0;-60630.1;39846.3;-2709.65;-29241.7
0.133128;-0.377196;0;-61946.5;39871.3;-2696.42;-29099
0.137857;-0.375494;0;-63258.9;39891.2;-2683.2;-28956.3
0.142565;-0.373732;0;-64567.2;39905.9;-2669.97;-28813.6
0.14725;-0.371911;0;-65871.1;39915.4;-2656.75;-28670.9
0.151912;-0.370031;0;-67170.5;39919.6;-2643.54;-28528.4
0.156549;-0.368093;0;-68465.1;39918.7;-2630.34;-28385.9
0.161163;-0.366096;0;-69754.7;39912.6;-2617.14;-28243.5
0.16575;-0.364042;0;-71039.1;39901.3;-2603.96;-28101.2
0.170312;-0.361931;0;-73917.7;40981.9;-2584.06;-27886.4
0.174846;-0.359762;0;-73931.2;41282.5;-2540.02;-27411.1
0.179353;-0.357537;0;-60526.8;36122.8;-2446.97;-26407.1
0.183832;-0.355255;0;-47112.3;30954.3;-2353.87;-25402.4
0.188282;-0.352916;0;-33690;25777.8;-2260.73;-24397.2
0.192701;-0.350523;0;-20262;20594.2;-2167.56;-23391.7
0.197091;-0.348074;0;-6830.25;15404.2;-2074.38;-22386.1
0.201449;-0.345569;0;6602.97;10208.6;-1981.2;-21380.6
0.205776;-0.343011;0;20035.6;5008.38;-1888.04;-20375.2
0.21007;-0.340398;0;33465.4;-195.748;-1794.9;-19370.1
0.214331;-0.337731;0;46890.5;-5402.94;-1701.82;-18365.5
0.218558;-0.335011;0;60308.5;-10612.4;-1608.79;-17361.6
0.22275;-0.332238;0;73717.5;-15823.2;-1515.84;-16358.5
0.226908;-0.329413;0;74071.2;-9955.25;-1410.1;-15217.4
0.231029;-0.326536;0;63780.6;-7552.24;-1288.54;-13905.6
0.235114;-0.323607;0;53479.3;-5144.89;-1166.89;-12592.7
0.239162;-0.320627;0;43168.8;-2733.56;-1045.15;-11279
0.243172;-0.317596;0;32850.9;-318.647;-923.357;-9964.61
0.247144;-0.314515;0;22527.1;2099.47;-801.52;-8649.78
0.251077;-0.311385;0;12199;4520.42;-679.661;-7334.71
0.25497;-0.308205;0;1868.33;6943.81;-557.799;-6019.61
0.258822;-0.304977;0;-8463.32;9369.26;-435.953;-4704.68
0.262634;-0.301701;0;-18794.3;11796.4;-314.143;-3390.15
0.266405;-0.298376;0;-29123;14224.8;-192.389;-2076.2
0.270133;-0.295005;0;-39447.8;16654.1;-70.7081;-763.062
0.273819;-0.291587;0;-49767.1;19084;50.879;549.072
0.277461;-0.288124;0;-57823.1;18289.7;171.006;1845.45
0.28106;-0.284614;0;-57032.1;10791.7;278.502;3005.52
0.284614;-0.28106;0;-55106.2;4341.19;382.206;4124.66
0.288124;-0.277461;0;-53176.7;-2119.01;485.965;5244.39
0.291587;-0.273819;0;-51243.9;-8587.85;589.761;6364.53
0.295005;-0.270133;0;-49308.1;-15064.3;693.579;7484.91
0.298376;-0.266405;0;-47369.6;-21547.4;797.402;8605.34
0.301701;-0.262634;0;-45428.7;-28036;901.214;9725.64
0.304977;-0.258822;0;-43485.8;-34529.2;1005;10845.7
0.308205;-0.25497;0;-41541;-41025.9;1108.74;11965.2
0.311385;-0.251077;0;-39594.8;-47525.1;1212.42;13084.1
0.314515;-0.247144;0;-37647.5;-54025.8;1316.02;14202.1
0.317596;-0.243172;0;-33313.5;-54122.4;1413.54;15254.5
0.320627;-0.239162;0;-30823.7;-53323.7;1478.55;15956.1
0.323607;-0.235114;0;-28326.8;-52521.2;1543.62;16658.3
0.326536;-0.231029;0;-25823.2;-51715.3;1608.73;17361
0.329413;-0.226908;0;-23313.3;-50905.9;1673.88;18064
0.332238;-0.22275;0;-20797.5;-50093.2;1739.05;18767.4
0.335011;-0.218558;0;-18276.2;-49277.3;1804.24;19470.8
0.337731;-0.214331;0;-15749.8;-48458.4;1869.43;20174.4
0.340398;-0.21007;0;-13218.7;-47636.5;1934.61;20877.8
0.343011;-0.205776;0;-10683.3;-46811.9;1999.78;21581.1
0.345569;-0.201449;0;-8143.92;-45984.6;2064.92;22284.1
0.348074;-0.197091;0;-5601.08;-45154.8;2130.03;22986.7
0.350523;-0.192701;0;-3055.14;-44322.6;2195.09;23688.7
0.352916;-0.188282;0;-506.488;-43488.1;2260.08;24390.2
0.355255;-0.183832;0;3280.97;-41353.9;2309.08;24918.9
0.357537;-0.179353;0;8589.64;-36468.1;2339.12;25243.2
0.359762;-0.174846;0;13909.7;-31575.6;2369.18;25567.6
0.361931;-0.170312;0;20117.4;-25891.8;2397.75;25875.8
0.364042;-0.16575;0;26464.3;-19930.2;2426.09;26181.7
0.366096;-0.161163;0;32814.3;-13960.7;2454.43;26487.6
0.368093;-0.156549;0;39166.6;-7984.38;2482.78;26793.5
0.370031;-0.151912;0;45520;-2002.12;2511.13;27099.4
0.371911;-0.14725;0;51873.6;3985.11;2539.47;27405.3
0.373732;-0.142565;0;58226.4;9976.38;2567.8;27711
0.375494;-0.137857;0;64577.3;15970.7;2596.12;28016.6
0.377196;-0.133128;0;70925.4;21967.2;2624.42;28322
0.378839;-0.128377;0;73283.2;23710.8;2652.76;28627.9
0.380423;-0.123607;0;70224.3;19111.3;2676.54;28884.5
0.381946;-0.118817;0;71295.8;16836.8;2686.03;28986.9
0.383409;-0.114008;0;72362.2;14558.5;2695.52;29089.3
0.384811;-0.109181;0;73423.5;12276.8;2705.01;29191.7
0.386153;-0.104337;0;73445;9583.71;2714.05;29289.3
0.387433;-0.099476;0;71125.8;5845.22;2722.32;29378.6
0.388653;-0.0945996;0;68803.6;2103.95;2730.6;29467.9
0.389811;-0.0897083;0;66479;-1639.49;2738.88;29557.2
0.390907;-0.0848028;0;64152.2;-5384.53;2747.16;29646.6
0.391942;-0.079884;0;61823.7;-9130.57;2755.44;29735.9
0.392915;-0.0749525;0;59493.8;-12877;2763.71;29825.2
0.393826;-0.0700092;0;57162.8;-16623.3;2771.98;29914.5
0.394674;-0.0650549;0;54831.2;-20368.8;2780.25;30003.7
0.395461;-0.0600902;0;52499.3;-24112.9;2788.51;30092.9
0.396185;-0.0551161;0;50261.8;-23705.2;2792.64;30137.3
0.396846;-0.0501333;0;47970.3;-21397.3;2795.05;30163.4
0.397445;-0.0451426;0;45676;-19089.3;2797.46;30189.4
0.39798;-0.0401447;0;44205.9;-14439.8;2799.07;30206.8
0.398453;-0.0351405;0;43585.5;-7274.88;2800;30216.8
0.398864;-0.0301307;0;42964.4;-106.457;2800.93;30226.8
0.399211;-0.0251162;0;42342.7;7064.38;2801.86;30236.9
0.399495;-0.0200977;0;41720.6;14236.5;2802.79;30246.9
0.399716;-0.0150761;0;41098.1;21408.8;2803.72;30257
0.399874;-0.010052;0;40475.4;28580.1;2804.65;30267
0.399968;-0.00502642;0;39852.5;35749.2;2805.59;30277.1
