0.4;0;0;-1139.07;17389.3;2806.5;30287
0.399968;0.00502642;0;-596.376;17181.9;2805.5;30276.2
0.399874;0.010052;0;-42.7177;16970.3;2804.49;30265.2
0.399716;0.0150761;0;511.081;16758.7;2803.47;30254.3
0.399495;0.0200977;0;1064.93;16547;2802.45;30243.3
0.399211;0.0251162;0;1618.75;16335.3;2801.44;30232.3
0.398864;0.0301307;0;2172.45;16123.7;2800.42;30221.4
0.398453;0.0351405;0;2725.93;15912.1;2799.4;30210.4
0.39798;0.0401447;0;3279.12;15700.6;2798.39;30199.4
0.397445;0.0451426;0;3565.33;15532.3;2796.28;30176.7
0.396846;0.0501333;0;3742.19;15381.1;2793.6;30147.8
0.396185;0.0551161;0;3918.78;15230.1;2790.92;30118.9
0.395461;0.0600902;0;4095.09;15079.2;2788.25;30090
0.394674;0.0650549;0;4206.26;14814.5;2780.85;30010.1
0.393826;0.0700092;0;4312.4;14525.4;2772.56;29920.6
0.392915;0.0749525;0;4418.36;14236.4;2764.26;29831.1
0.391942;0.079884;0;4524.14;13947.3;2755.96;29741.6
0.390907;0.0848028;0;4629.71;13658.4;2747.66;29652
0.389811;0.0897083;0;4735.06;13369.5;2739.36;29562.4
0.388653;0.0945996;0;4840.17;13080.9;2731.06;29472.8
0.387433;0.099476;0;4945.02;12792.4;2722.76;29383.3
0.386153;0.104337;0;4957.42;12551.1;2714.04;29289.2
0.384811;0.109181;0;4753.66;12407;2703.86;29179.3
0.383409;0.114008;0;4549.6;12263.2;2693.69;29069.5
0.381946;0.118817;0;4345.27;12119.6;2683.51;28959.7
0.380423;0.123607;0;4140.71;11976.2;2673.33;28849.9
0.378839;0.128377;0;4085.85;11731.6;2650.32;28601.6
0.377196;0.133128;0;4102.37;11428.8;2620.11;28275.5
0.375494;0.137857;0;4215.82;11273.8;2591.78;27969.8
0.373732;0.142565;0;4329.83;11120.8;2563.47;27664.2
0.371911;0.14725;0;4443.41;10967.9;2535.14;27358.5
0.370031;0.151912;0;4556.54;10815.1;2506.8;27052.7
0.368093;0.156549;0;4669.19;10662.3;2478.46;26746.8
0.366096;0.161163;0;4781.35;10509.6;2450.11;26440.9
0.364042;0.16575;0;4893.01;10357.1;2421.77;26135.1
0.361931;0.170312;0;5004.14;10204.7;2393.44;25829.3
0.359762;0.174846;0;5114.72;10052.4;2365.12;25523.7
0.357537;0.179353;0;5224.75;9900.37;2336.81;25218.2
0.355255;0.183832;0;5334.2;9748.54;2308.52;24912.9
0.352916;0.188282;0;5296;9497.38;2260.85;24398.5
0.350523;0.192701;0;5082.67;9213.56;2195.69;23695.3
0.348074;0.197091;0;4868.86;8929.49;2130.47;22991.4
0.345569;0.201449;0;4654.62;8645.21;2065.2;22287.1
0.343011;0.205776;0;4439.97;8360.78;1999.9;21582.3
0.340398;0.21007;0;4224.95;8076.22;1934.57;20877.3
0.337731;0.214331;0;4009.59;7791.59;1869.22;20172.1
0.335011;0.218558;0;3793.93;7506.94;1803.87;19466.9
0.332238;0.22275;0;3578.01;7222.31;1738.52;18761.7
0.329413;0.226908;0;3361.85;6937.74;1673.19;18056.6
0.326536;0.231029;0;3145.49;6653.28;1607.88;17351.8
0.323607;0.235114;0;2921.29;6368.77;1542.57;16647
0.320627;0.239162;0;2689.53;6083.61;1477.14;15940.9
0.317596;0.243172;0;2457.7;5798.67;1411.77;15235.4
0.314515;0.247144;0;2226.87;5374.47;1322.45;14271.5
0.311385;0.251077;0;1954.99;4867.97;1218.85;13153.5
0.308205;0.25497;0;1683.1;4361.08;1115.17;12034.6
0.304977;0.258822;0;1412.22;3853.53;1011.38;10914.5
0.301701;0.262634;0;1143.32;3345.07;907.441;9792.84
0.298376;0.266405;0;874.645;2836.2;803.403;8670.1
0.295005;0.270133;0;606.354;2326.86;699.243;7546.03
0.291587;0.273819;0;338.14;1817.54;595.084;6421.98
0.288124;0.277461;0;70.0473;1308.33;490.944;5298.13
0.284614;0.28106;0;-197.883;799.296;386.839;4174.66
0.28106;0.284614;0;-465.609;290.528;282.785;3051.74
0.277461;0.288124;0;-752.046;-280.803;176.654;1906.4
0.273819;0.291587;0;-1045.8;-786.02;55.3972;597.831
0.270133;0.295005;0;-1339.87;-1292.06;-65.9718;-711.95
0.266405;0.298376;0;-1634.21;-1798.83;-187.434;-2022.74
0.262634;0.301701;0;-1928.77;-2306.26;-308.971;-3334.33
0.258822;0.304977;0;-2223.51;-2814.27;-430.564;-4646.52
0.25497;0.308205;0;-2518.37;-3322.78;-552.192;-5959.1
0.251077;0.311385;0;-2814.47;-3839.86;-673.925;-7272.81
0.247144;0.314515;0;-3110.65;-4359.31;-795.686;-8586.82
0.243172;0.317596;0;-3406.13;-4888.54;-917.589;-9902.36
0.239162;0.320627;0;-3701.48;-5417.98;-1039.45;-11217.5
0.235114;0.323607;0;-3996.65;-5947.54;-1161.26;-12532
0.231029;0.326536;0;-4291.6;-6477.13;-1282.99;-13845.7
0.226908;0.329413;0;-4586.27;-7006.68;-1404.63;-15158.4
0.22275;0.332238;0;-4841.61;-7455.44;-1510.77;-16303.8
0.218558;0.335011;0;-5105.2;-7818.31;-1602.76;-17296.5
0.214331;0.337731;0;-5368.78;-8182.02;-1694.83;-18290.1
0.21007;0.340398;0;-5632.29;-8546.52;-1786.96;-19284.3
0.205776;0.343011;0;-5895.69;-8911.75;-1879.14;-20279.1
0.201449;0.345569;0;-6158.94;-9277.65;-1971.35;-21274.2
0.197091;0.348074;0;-6422.01;-9644.17;-2063.58;-22269.6
0.192701;0.350523;0;-6684.84;-10011.2;-2155.81;-23264.9
0.188282;0.352916;0;-6947.41;-10378.8;-2248.04;-24260.2
0.183832;0.355255;0;-7209.66;-10746.8;-2340.24;-25255.2
0.179353;0.357537;0;-7471.55;-11115.2;-2432.39;-26249.7
0.174846;0.359762;0;-7733.05;-11483.9;-2524.5;-27243.7
0.170312;0.361931;0;-7838.18;-11762.6;-2597.61;-28032.7
0.16575;0.364042;0;-7246.02;-12228.5;-2615.24;-28222.9
0.161163;0.366096;0;-6636.17;-12716.3;-2632.48;-28409
0.156549;0.368093;0;-6025.71;-13204.7;-2649.73;-28595.2
0.151912;0.370031;0;-5414.72;-13693.4;-2667;-28781.6
0.14725;0.371911;0;-4803.31;-14182.5;-2684.29;-28968.1
0.142565;0.373732;0;-4191.58;-14671.8;-2701.58;-29154.7
0.137857;0.375494;0;-3579.61;-15161.4;-2718.88;-29341.3
0.133128;0.377196;0;-2967.51;-15651;-2736.18;-29528.1
0.128377;0.378839;0;-2355.37;-16140.7;-2753.48;-29714.8
0.123607;0.380423;0;-1743.29;-16630.3;-2770.78;-29901.5
0.118817;0.381946;0;-1549.72;-16556.9;-2742.39;-29595.1
0.114008;0.383409;0;-1814.26;-15841.5;-2660.12;-28707.3
0.109181;0.384811;0;-2078.91;-15125.7;-2577.81;-27819
0.104337;0.386153;0;-2343.65;-14409.7;-2495.49;-26930.6
0.099476;0.387433;0;-2608.41;-13693.7;-2413.15;-26042
0.0945996;0.388653;0;-2873.16;-12977.6;-2330.81;-25153.5
0.0897083;0.389811;0;-3137.87;-12261.7;-2248.49;-24265.1
0.0848028;0.390907;0;-3402.48;-11546.1;-2166.2;-23377.1
0.079884;0.391942;0;-3666.96;-10830.8;-2083.95;-22489.5
0.0749525;0.392915;0;-3931.26;-10116;-2001.76;-21602.4
0.0700092;0.393826;0;-4195.34;-9401.8;-1919.64;-20716.2
0.0650549;0.394674;0;-4459.16;-8688.29;-1837.59;-19830.8
0.0600902;0.395461;0;-4722.69;-7975.6;-1755.64;-18946.4
0.0551161;0.396185;0;-4985.87;-7263.84;-1673.8;-18063.1
0.0501333;0.396846;0;-4617.29;-6598.89;-1528.15;-16491.3
0.0451426;0.397445;0;-4155.15;-5938.01;-1373.21;-14819.3
0.0401447;0.39798;0;-3692.47;-5276.39;-1218.1;-13145.4
0.0351405;0.398453;0;-3229.34;-4614.13;-1062.83;-11469.8
0.0301307;0.398864;0;-2765.83;-3951.33;-907.441;-9792.85
0.0251162;0.399211;0;-2302.01;-3288.1;-751.946;-8114.79
0.0200977;0.399495;0;-1837.96;-2624.54;-596.372;-6435.88
0.0150761;0.399716;0;-1373.74;-1960.76;-440.745;-4756.4
0.010052;0.399874;0;-909.437;-1296.86;-285.089;-3076.6
0.00502642;0.399968;0;-445.117;-632.954;-129.429;-1396.76
2.44929e-17;0.4;0;19.1443;30.8625;26.2121;282.874
-0.00502642;0.399968;0;483.274;694.482;181.808;1962.02
-0.010052;0.399874;0;947.2;1357.8;337.335;3640.43
-0.0150761;0.399716;0;1410.85;2020.71;492.768;5317.82
-0.0200977;0.399495;0;1874.14;2683.11;648.083;6993.93
-0.0251162;0.399211;0;2337.02;3344.89;803.255;8668.5
-0.0301307;0.398864;0;2799.39;4005.96;958.26;10341.3
-0.0351405;0.398453;0;3180.09;4805.77;1109.26;11970.8
-0.0401447;0.39798;0;3466.95;5570.57;1236.91;13348.3
-0.0451426;0.397445;0;3789.11;6054.78;1345.05;14515.4
-0.0501333;0.396846;0;4111.41;6539.72;1453.29;15683.5
-0.0551161;0.396185;0;4433.8;7025.31;1561.61;16852.4
-0.0600902;0.395461;0;4756.23;7511.47;1669.99;18022
-0.0650549;0.394674;0;5078.64;7998.14;1778.41;19192.1
-0.0700092;0.393826;0;5400.98;8485.23;1886.86;20362.4
-0.0749525;0.392915;0;5723.21;8972.66;1995.32;21532.9
-0.079884;0.391942;0;6045.27;9460.36;2103.77;22703.3
-0.0848028;0.390907;0;6367.11;9948.26;2212.19;23873.4
-0.0897083;0.389811;0;6688.69;10436.3;2320.58;25043
-0.0945996;0.388653;0;7009.94;10924.3;2428.9;26212
-0.099476;0.387433;0;7330.83;11412.3;2537.15;27380.2
-0.104337;0.386153;0;7577.6;11928.4;2624.74;28325.5
-0.109181;0.384811;0;7660.33;12192.2;2650.92;28608
-0.114008;0.383409;0;7691.72;12118.7;2644.31;28536.7
-0.118817;0.381946;0;7723;12045.7;2637.71;28465.4
-0.123607;0.380423;0;7754.18;11973.1;2631.11;28394.2
-0.128377;0.378839;0;7785.25;11900.9;2624.52;28323.1
-0.133128;0.377196;0;7816.2;11829.3;2617.94;28252
-0.137857;0.375494;0;7847.03;11758.2;2611.37;28181.1
-0.142565;0.373732;0;7877.73;11687.5;2604.8;28110.3
-0.14725;0.371911;0;7908.3;11617.4;2598.26;28039.6
-0.151912;0.370031;0;7923.7;11603.9;2592.92;27982
-0.156549;0.368093;0;7911.01;11685.2;2589.6;27946.3
-0.161163;0.366096;0;7898.14;11767.1;2586.3;27910.7
-0.16575;0.364042;0;7885.09;11849.5;2583.02;27875.2
-0.170312;0.361931;0;7871.87;11932.3;2579.75;27839.9
-0.174846;0.359762;0;7706.72;11685.3;2539.56;27406.2
-0.179353;0.357537;0;7357.87;11301.3;2447.84;26416.4
-0.183832;0.355255;0;7008.45;10917.4;2356.05;25425.8
-0.188282;0.352916;0;6658.52;10533.7;2264.21;24434.8
-0.192701;0.350523;0;6308.13;10150.2;2172.34;23443.3
-0.197091;0.348074;0;5957.35;9766.97;2080.45;22451.6
-0.201449;0.345569;0;5606.22;9384.11;1988.55;21459.9
-0.205776;0.343011;0;5254.8;9001.67;1896.66;20468.2
-0.21007;0.340398;0;4903.15;8619.69;1804.79;19476.8
-0.214331;0.337731;0;4551.32;8238.24;1712.96;18485.8
-0.218558;0.335011;0;4199.36;7857.39;1621.18;17495.3
-0.22275;0.332238;0;3940.21;7489.93;1525.03;16457.6
-0.226908;0.329413;0;3965.54;7158.91;1412.29;15241
-0.231029;0.326536;0;3658.18;6640.94;1292.56;13948.9
-0.235114;0.323607;0;3346.62;6112.95;1171.16;12638.8
-0.239162;0.320627;0;3034.85;5584.89;1049.68;11327.8
-0.243172;0.317596;0;2722.92;5056.83;928.139;10016.2
-0.247144;0.314515;0;2410.87;4528.87;806.558;8704.15
-0.251077;0.311385;0;2098.76;4001.08;684.956;7391.85
-0.25497;0.308205;0;1786.64;3473.56;563.351;6079.52
-0.258822;0.304977;0;1474.55;2946.38;441.762;4767.37
-0.262634;0.301701;0;1162.54;2419.62;320.209;3455.61
-0.266405;0.298376;0;850.669;1893.38;198.712;2144.44
-0.270133;0.295005;0;538.977;1367.72;77.2882;834.073
-0.273819;0.291587;0;227.518;842.746;-44.0419;-475.287
-0.277461;0.288124;0;-106.336;-42.9928;-160.648;-1733.66
-0.28106;0.284614;0;-405.362;-829.468;-271.124;-2925.89
-0.284614;0.28106;0;-638.985;-1247.37;-375.748;-4054.97
-0.288124;0.277461;0;-872.773;-1665.38;-480.42;-5184.56
-0.291587;0.273819;0;-1106.69;-2083.46;-585.122;-6314.47
-0.295005;0.270133;0;-1340.69;-2501.52;-689.837;-7444.53
-0.298376;0.266405;0;-1574.75;-2919.5;-794.55;-8574.56
-0.301701;0.262634;0;-1808.83;-3337.34;-899.244;-9704.38
-0.304977;0.258822;0;-2042.88;-3754.96;-1003.9;-10833.8
-0.308205;0.25497;0;-2276.88;-4172.32;-1108.51;-11962.7
-0.311385;0.251077;0;-2510.78;-4589.33;-1213.04;-13090.8
-0.314515;0.247144;0;-2744.56;-5005.93;-1317.49;-14218
-0.317596;0.243172;0;-2783.67;-5451.53;-1410.13;-15217.7
-0.320627;0.239162;0;-2954.33;-5744.91;-1475.25;-15920.5
-0.323607;0.235114;0;-3124.94;-6038.56;-1540.43;-16623.9
-0.326536;0.231029;0;-3295.5;-6332.43;-1605.65;-17327.7
-0.329413;0.226908;0;-3465.97;-6626.47;-1670.9;-18031.9
-0.332238;0.22275;0;-3636.32;-6920.64;-1736.17;-18736.3
-0.335011;0.218558;0;-3806.45;-7214.88;-1801.45;-19440.8
-0.337731;0.214331;0;-3924.45;-7513.14;-1866.21;-20139.6
-0.340398;0.21007;0;-4024.96;-7813.84;-1931.12;-20840.1
-0.343011;0.205776;0;-4125.14;-8114.52;-1996.02;-21540.5
-0.345569;0.201449;0;-4224.96;-8415.14;-2060.89;-22240.6
-0.348074;0.197091;0;-4324.42;-8715.65;-2125.74;-22940.4
-0.350523;0.192701;0;-4423.49;-9016;-2190.55;-23639.8
-0.352916;0.188282;0;-4522.16;-9316.14;-2255.3;-24338.6
-0.355255;0.183832;0;-4828.01;-9768.17;-2310.72;-24936.6
-0.357537;0.179353;0;-4925.12;-9921.81;-2341.27;-25266.3
-0.359762;0.174846;0;-5019.24;-10072.1;-2371.78;-25595.6
-0.361931;0.170312;0;-5113.15;-10222.9;-2402.31;-25925
-0.364042;0.16575;0;-5206.85;-10374.1;-2432.84;-26254.5
-0.366096;0.161163;0;-5300.32;-10525.7;-2463.37;-26584
-0.368093;0.156549;0;-5393.54;-10677.6;-2493.89;-26913.4
-0.370031;0.151912;0;-5486.51;-10829.9;-2524.4;-27242.7
-0.371911;0.14725;0;-5579.21;-10982.4;-2554.9;-27571.8
-0.373732;0.142565;0;-5671.62;-11135.3;-2585.38;-27900.7
-0.375494;0.137857;0;-5763.72;-11288.5;-2615.84;-28229.4
-0.377196;0.133128;0;-5696.53;-11407.5;-2644.58;-28539.6
-0.378839;0.128377;0;-5657.58;-11455.6;-2657.65;-28680.6
-0.380423;0.123607;0;-5727.18;-11506.3;-2667.93;-28791.6
-0.381946;0.118817;0;-5796.44;-11557.3;-2678.22;-28902.6
-0.383409;0.114008;0;-5865.34;-11608.4;-2688.52;-29013.7
-0.384811;0.109181;0;-5933.88;-11659.8;-2698.82;-29124.9
-0.386153;0.104337;0;-6002.04;-11711.2;-2709.12;-29236.1
-0.387433;0.099476;0;-6069.81;-11762.9;-2719.42;-29347.2
-0.388653;0.0945996;0;-6137.18;-11814.7;-2729.73;-29458.4
-0.389811;0.0897083;0;-6204.14;-11866.6;-2740.03;-29569.6
-0.390907;0.0848028;0;-6270.68;-11918.7;-2750.32;-29680.7
-0.391942;0.079884;0;-6336.79;-11970.9;-2760.61;-29791.8
-0.392915;0.0749525;0;-6402.46;-12023.2;-2770.9;-29902.7
-0.393826;0.0700092;0;-6467.67;-12075.6;-2781.17;-30013.6
-0.394674;0.0650549;0;-6536.09;-12127.8;-2791.34;-30123.4
-0.395461;0.0600902;0;-6611.3;-12143.3;-2793.9;-30151
-0.396185;0.0551161;0;-6650.67;-12148.7;-2795.57;-30169
-0.396846;0.0501333;0;-6689.62;-12154.3;-2797.23;-30187
-0.397445;0.0451426;0;-6728.14;-12160.2;-2798.9;-30204.9
-0.39798;0.0401447;0;-6766.23;-12166.4;-2800.56;-30222.9
-0.398453;0.0351405;0;-6790.11;-12180.5;-2802.18;-30240.3
-0.398864;0.0301307;0;-6797.05;-12206.8;-2803.74;-30257.1
-0.399211;0.0251162;0;-6799.23;-12236.7;-2805.28;-30273.8
-0.399495;0.0200977;0;-6801.02;-12266.9;-2806.82;-30290.4
-0.399716;0.0150761;0;-6802.41;-12297.4;-2808.36;-30307
-0.399874;0.010052;0;-6803.42;-12328.2;-2809.9;-30323.6
-0.399968;0.00502642;0;-6804.04;-12359.2;-2811.43;-30340.2
-0.4;4.89859e-17;0;-6804.26;-12390.6;-2812.96;-30356.7
-0.399968;-0.00502642;0;-6801.23;-12373.1;-2811.88;-30345
-0.399874;-0.010052;0;-6799.12;-12345.5;-2810.25;-30327.4
-0.399716;-0.0150761;0;-6796.61;-12318.1;-2808.62;-30309.8
-0.399495;-0.0200977;0;-6793.71;-12291;-2806.99;-30292.2
-0.399211;-0.0251162;0;-6790.41;-12264.2;-2805.35;-30274.6
-0.398864;-0.0301307;0;-6786.72;-12237.8;-2803.72;-30256.9
-0.398453;-0.0351405;0;-6782.63;-12211.6;-2802.08;-30239.3
-0.39798;-0.0401447;0;-6778.15;-12185.7;-2800.44;-30221.6
-0.397445;-0.0451426;0;-6773.28;-12160.1;-2798.8;-30203.9
-0.396846;-0.0501333;0;-6768.01;-12134.8;-2797.16;-30186.2
-0.396185;-0.0551161;0;-6762.36;-12109.8;-2795.52;-30168.5
-0.395461;-0.0600902;0;-6756.31;-12085.2;-2793.88;-30150.8
-0.394674;-0.0650549;0;-6747.64;-12062.4;-2792.23;-30133
-0.393826;-0.0700092;0;-6693.73;-12050.3;-2782.67;-30029.7
-0.392915;-0.0749525;0;-6635.36;-12040.3;-2772.8;-29923.3
-0.391942;-0.079884;0;-6576.59;-12030.5;-2762.93;-29816.8
-0.390907;-0.0848028;0;-6517.42;-12020.9;-2753.05;-29710.2
-0.389811;-0.0897083;0;-6457.87;-12011.6;-2743.16;-29603.5
-0.388653;-0.0945996;0;-6397.93;-12002.5;-2733.27;-29496.7
-0.387433;-0.099476;0;-6337.63;-11993.5;-2723.38;-29389.9
-0.386153;-0.104337;0;-6276.97;-11984.9;-2713.48;-29283.2
-0.384811;-0.109181;0;-6215.96;-11976.4;-2703.59;-29176.4
-0.383409;-0.114008;0;-6154.61;-11968.2;-2693.69;-29069.6
-0.381946;-0.118817;0;-6092.93;-11960.2;-2683.8;-28962.8
-0.380423;-0.123607;0;-6030.93;-11952.5;-2673.92;-28856.1
-0.378839;-0.128377;0;-5972.98;-11930.2;-2661.99;-28727.4
-0.377196;-0.133128;0;-5934.86;-11805.1;-2634.44;-28430.1
-0.375494;-0.137857;0;-5896.23;-11680.3;-2606.86;-28132.6
-0.373732;-0.142565;0;-5856.93;-11555.8;-2579.28;-27834.9
-0.371911;-0.14725;0;-5550.6;-11552.2;-2549.33;-27511.6
-0.370031;-0.151912;0;-5231.37;-11551;-2519.02;-27184.6
-0.368093;-0.156549;0;-4911.69;-11549.9;-2488.7;-26857.4
-0.366096;-0.161163;0;-4591.62;-11548.9;-2458.37;-26530
-0.364042;-0.16575;0;-4271.2;-11547.9;-2428.03;-26202.7
-0.361931;-0.170312;0;-3950.49;-11547;-2397.69;-25875.2
-0.359762;-0.174846;0;-3629.53;-11546.2;-2367.36;-25547.9
-0.357537;-0.179353;0;-3308.37;-11545.5;-2337.03;-25220.6
-0.355255;-0.183832;0;-3147.99;-11146.1;-2287.14;-24682.2
-0.352916;-0.188282;0;-2988.42;-10725;-2235.58;-24125.7
-0.350523;-0.192701;0;-2944.1;-10341.4;-2177.89;-23503.2
-0.348074;-0.197091;0;-2987.83;-9973.97;-2114.21;-22815.9
-0.345569;-0.201449;0;-3031.3;-9606.31;-2050.49;-22128.3
-0.343011;-0.205776;0;-3074.53;-9238.51;-1986.76;-21440.5
-0.340398;-0.21007;0;-3117.49;-8870.63;-1923.01;-20752.6
-0.337731;-0.214331;0;-3160.17;-8502.74;-1859.27;-20064.7
-0.335011;-0.218558;0;-3202.58;-8134.89;-1795.54;-19377
-0.332238;-0.22275;0;-3244.71;-7767.13;-1731.83;-18689.4
-0.329413;-0.226908;0;-3286.55;-7399.53;-1668.15;-18002.2
-0.326536;-0.231029;0;-3164.67;-7011.88;-1603.91;-17308.9
-0.323607;-0.235114;0;-3023.02;-6617.79;-1538.95;-16608
-0.320627;-0.239162;0;-2881.29;-6223.91;-1474.04;-15907.4
-0.317596;-0.243172;0;-2758.3;-5817.57;-1407.2;-15186.2
-0.314515;-0.247144;0;-2774.11;-5255.65;-1312.08;-14159.6
-0.311385;-0.251077;0;-2592.07;-4857.31;-1207.58;-13031.8
-0.308205;-0.25497;0;-2409.87;-4458.48;-1102.98;-11903.1
-0.304977;-0.258822;0;-2227.52;-4059.23;-998.323;-10773.6
-0.301701;-0.262634;0;-2045.06;-3659.62;-893.607;-9643.56
-0.298376;-0.266405;0;-1862.52;-3259.72;-788.855;-8513.1
-0.295005;-0.270133;0;-1679.92;-2859.58;-684.083;-7382.43
-0.291587;-0.273819;0;-1497.3;-2459.28;-579.307;-6251.72
-0.288124;-0.277461;0;-1314.68;-2058.87;-474.544;-5121.14
-0.284614;-0.28106;0;-1132.1;-1658.41;-369.81;-3990.89
-0.28106;-0.284614;0;-949.571;-1257.98;-265.123;-2861.13
-0.277461;-0.288124;0;-700.868;-421.559;-151.436;-1634.26
-0.273819;-0.291587;0;-440.18;480.117;-34.7548;-375.064
-0.270133;-0.295005;0;-93.5125;1047.19;83.8132;904.488
-0.266405;-0.298376;0;265.806;1598.96;204.853;2210.72
-0.262634;-0.301701;0;625.295;2151.21;325.954;3517.61
-0.258822;-0.304977;0;984.897;2703.83;447.098;4824.96
-0.25497;-0.308205;0;1344.56;3256.76;568.265;6132.55
-0.251077;-0.311385;0;1704.22;3809.88;689.436;7440.2
-0.247144;-0.314515;0;2063.82;4363.13;810.592;8747.68
-0.243172;-0.317596;0;2423.31;4916.42;931.713;10054.8
-0.239162;-0.320627;0;2782.63;5469.64;1052.78;11361.3
-0.235114;-0.323607;0;3141.72;6022.73;1173.78;12667.1
-0.231029;-0.326536;0;3500.53;6575.58;1294.68;13971.8
-0.226908;-0.329413;0;3771.92;7157.47;1409.85;15214.7
-0.22275;-0.332238;0;3948.94;7801.14;1522.21;16427.2
-0.218558;-0.335011;0;4240.04;8187.81;1614.75;17425.9
-0.214331;-0.337731;0;4538.24;8566.99;1707.42;18426
-0.21007;-0.340398;0;4836.46;8946.85;1800.14;19426.6
-0.205776;-0.343011;0;5134.66;9327.34;1892.9;20427.6
-0.201449;-0.345569;0;5432.78;9708.4;1985.68;21428.9
-0.197091;-0.348074;0;5730.79;10090;2078.47;22430.2
-0.192701;-0.350523;0;6028.63;10472;2171.25;23431.5
-0.188282;-0.352916;0;6326.26;10854.4;2264.01;24432.6
-0.183832;-0.355255;0;6623.63;11237.1;2356.74;25433.3
-0.179353;-0.357537;0;6920.69;11620.1;2449.41;26433.4
-0.174846;-0.359762;0;7217.4;12003.3;2542.02;27432.8
-0.170312;-0.361931;0;7318.15;12299.3;2590.13;27952
-0.16575;-0.364042;0;7380.3;12300.7;2600.62;28065.2
-0.161163;-0.366096;0;7442.74;12271.4;2608.1;28145.9
-0.156549;-0.368093;0;7505.07;12242.6;2615.6;28226.8
-0.151912;-0.370031;0;7567.31;12214.2;2623.11;28307.8
-0.14725;-0.371911;0;7629.43;12186.3;2630.62;28389
-0.142565;-0.373732;0;7691.43;12158.9;2638.15;28470.2
-0.137857;-0.375494;0;7753.29;12132;2645.69;28551.5
-0.133128;-0.377196;0;7815.02;12105.6;2653.23;28632.9
-0.128377;-0.378839;0;7876.59;12079.6;2660.78;28714.4
-0.123607;-0.380423;0;7937.99;12054.2;2668.34;28796
-0.118817;-0.381946;0;7999.23;12029.2;2675.9;28877.5
-0.114008;-0.383409;0;8060.28;12004.8;2683.46;28959.2
-0.109181;-0.384811;0;8111.41;11948.9;2688.7;29015.7
-0.104337;-0.386153;0;7851.47;11437.3;2601.76;28077.5
-0.099476;-0.387433;0;7581.38;11001.9;2508.43;27070.3
-0.0945996;-0.388653;0;7310.78;10566.6;2415.06;26062.6
-0.0897083;-0.389811;0;7039.71;10131.4;2321.65;25054.6
-0.0848028;-0.390907;0;6760.69;9702.8;2228.44;24048.7
-0.079884;-0.391942;0;6463.48;9291.58;2135.43;23045
-0.0749525;-0.392915;0;6163.21;8883.57;2042.44;22041.4
-0.0700092;-0.393826;0;5862.71;8475.95;1949.46;21038
-0.0650549;-0.394674;0;5562.03;8068.79;1856.51;20035
-0.0600902;-0.395461;0;5261.21;7662.15;1763.62;19032.5
-0.0551161;-0.396185;0;4960.3;7256.1;1670.79;18030.7
-0.0501333;-0.396846;0;4620.93;6573.5;1532.04;16533.3
-0.0451426;-0.397445;0;4159.86;5911.93;1378.17;14872.8
-0.0401447;-0.39798;0;3698.52;5250;1224.22;13211.4
-0.0351405;-0.398453;0;3236.99;4587.83;1070.2;11549.3
-0.0301307;-0.398864;0;2774.74;3927.67;916.488;9890.49
-0.0251162;-0.399211;0;2310.92;3265.74;762.432;8227.95
-0.0200977;-0.399495;0;1847.06;2603.77;608.366;6565.32
-0.0150761;-0.399716;0;1383.23;1941.84;454.315;4902.83
-0.010052;-0.399874;0;919.506;1280.08;300.302;3240.77
-0.00502642;-0.399968;0;455.957;618.573;146.352;1579.39
-7.34788e-17;-0.4;0;-7.3417;-42.5636;-7.51027;-81.0488
0.00502642;-0.399968;0;-443.024;-695.599;-159.047;-1716.39
0.010052;-0.399874;0;-823.926;-1344.4;-308.56;-3329.89
0.0150761;-0.399716;0;-1205.16;-1993.74;-458.196;-4944.72
0.0200977;-0.399495;0;-1586.65;-2643.53;-607.933;-6560.64
0.0251162;-0.399211;0;-1968.36;-3293.67;-757.746;-8177.39
0.0301307;-0.398864;0;-2350.21;-3944.04;-907.613;-9794.7
0.0351405;-0.398453;0;-2732.15;-4594.55;-1057.51;-11412.3
0.0401447;-0.39798;0;-3114.11;-5245.1;-1207.41;-13030
0.0451426;-0.397445;0;-3496.04;-5895.58;-1357.29;-14647.5
0.0501333;-0.396846;0;-3877.88;-6545.89;-1507.14;-16264.6
0.0551161;-0.396185;0;-4098.35;-7458.71;-1655;-17860.3
0.0600902;-0.395461;0;-4316.82;-8379.48;-1803.36;-19461.3
0.0650549;-0.394674;0;-4445.84;-8613.97;-1889.23;-20388
0.0700092;-0.393826;0;-4573.1;-8821.5;-1973.75;-21300.1
0.0749525;-0.392915;0;-4700.24;-9029.32;-2058.28;-22212.4
0.079884;-0.391942;0;-4827.26;-9237.41;-2142.81;-23124.7
0.0848028;-0.390907;0;-4905.37;-9648.07;-2224.85;-24009.9
0.0897083;-0.389811;0;-4942.16;-10267.6;-2306.67;-24892.9
0.0945996;-0.388653;0;-4978.9;-10887.8;-2388.51;-25776.1
0.099476;-0.387433;0;-5015.61;-11508.5;-2470.35;-26659.3
0.104337;-0.386153;0;-5052.27;-12129.5;-2552.19;-27542.5
0.109181;-0.384811;0;-5088.88;-12750.8;-2634;-28425.4
0.114008;-0.383409;0;-5125.42;-13372.4;-2715.78;-29307.9
0.118817;-0.381946;0;-5256.55;-13512.2;-2736.09;-29527.1
0.123607;-0.380423;0;-5445.72;-13385.5;-2722.87;-29384.4
0.128377;-0.378839;0;-5634.95;-13259.1;-2709.65;-29241.7
0.133128;-0.377196;0;-5824.21;-13133;-2696.42;-29099
0.137857;-0.375494;0;-6013.46;-13007.3;-2683.2;-28956.3
0.142565;-0.373732;0;-6202.68;-12881.9;-2669.97;-28813.6
0.14725;-0.371911;0;-6391.83;-12756.9;-2656.75;-28670.9
0.151912;-0.370031;0;-6580.89;-12632.2;-2643.54;-28528.4
0.156549;-0.368093;0;-6769.82;-12508;-2630.34;-28385.9
0.161163;-0.366096;0;-6958.61;-12384.2;-2617.14;-28243.5
0.16575;-0.364042;0;-7147.21;-12260.9;-2603.96;-28101.2
0.170312;-0.361931;0;-7257.45;-12071.5;-2584.06;-27886.4
0.174846;-0.359762;0;-7215.97;-11781.6;-2540.02;-27411.1
0.179353;-0.357537;0;-6991.74;-11381.8;-2446.97;-26407.1
0.183832;-0.355255;0;-6767.22;-10982.2;-2353.87;-25402.4
0.188282;-0.352916;0;-6542.42;-10582.9;-2260.73;-24397.2
0.192701;-0.350523;0;-6317.39;-10183.9;-2167.56;-23391.7
0.197091;-0.348074;0;-6092.16;-9785.41;-2074.38;-22386.1
0.201449;-0.345569;0;-5866.78;-9387.38;-1981.2;-21380.6
0.205776;-0.343011;0;-5641.26;-8989.88;-1888.04;-20375.2
0.21007;-0.340398;0;-5415.66;-8593;-1794.9;-19370.1
0.214331;-0.337731;0;-5190;-8196.79;-1701.82;-18365.5
0.218558;-0.335011;0;-4964.32;-7801.32;-1608.79;-17361.6
0.22275;-0.332238;0;-4738.65;-7406.64;-1515.84;-16358.5
0.226908;-0.329413;0;-4665.86;-6935.17;-1410.1;-15217.4
0.231029;-0.326536;0;-4345.22;-6441.66;-1288.54;-13905.6
0.235114;-0.323607;0;-4024.35;-5948.07;-1166.89;-12592.7
0.239162;-0.320627;0;-3703.3;-5454.45;-1045.15;-11279
0.243172;-0.317596;0;-3382.12;-4960.9;-923.357;-9964.61
0.247144;-0.314515;0;-3060.86;-4467.5;-801.52;-8649.78
0.251077;-0.311385;0;-2739.57;-3974.31;-679.661;-7334.71
0.25497;-0.308205;0;-2418.3;-3481.42;-557.799;-6019.61
0.258822;-0.304977;0;-2097.1;-2988.91;-435.953;-4704.68
0.262634;-0.301701;0;-1776.03;-2496.85;-314.143;-3390.15
0.266405;-0.298376;0;-1455.13;-2005.32;-192.389;-2076.2
0.270133;-0.295005;0;-1134.45;-1514.4;-70.7081;-763.062
0.273819;-0.291587;0;-814.047;-1024.16;50.879;549.072
0.277461;-0.288124;0;-488.238;-384.756;171.006;1845.45
0.28106;-0.284614;0;-218.156;255.623;278.502;3005.52
0.284614;-0.28106;0;20.3457;710.289;382.206;4124.66
0.288124;-0.277461;0;258.956;1165.18;485.965;5244.39
0.291587;-0.273819;0;497.637;1620.23;589.761;6364.53
0.295005;-0.270133;0;736.351;2075.35;693.579;7484.91
0.298376;-0.266405;0;975.061;2530.49;797.402;8605.34
0.301701;-0.262634;0;1213.73;2985.56;901.214;9725.64
0.304977;-0.258822;0;1452.32;3440.51;1005;10845.7
0.308205;-0.25497;0;1690.79;3895.24;1108.74;11965.2
0.311385;-0.251077;0;1929.1;4349.7;1212.42;13084.1
0.314515;-0.247144;0;2167.22;4803.81;1316.02;14202.1
0.317596;-0.243172;0;2203.17;5278.18;1413.54;15254.5
0.320627;-0.239162;0;2397.76;5629.83;1478.55;15956.1
0.323607;-0.235114;0;2592.23;5981.83;1543.62;16658.3
0.326536;-0.231029;0;2786.54;6334.11;1608.73;17361
0.329413;-0.226908;0;2980.66;6686.61;1673.88;18064
0.332238;-0.22275;0;3174.56;7039.29;1739.05;18767.4
0.335011;-0.218558;0;3368.21;7392.09;1804.24;19470.8
0.337731;-0.214331;0;3561.58;7744.95;1869.43;20174.4
0.340398;-0.21007;0;3754.64;8097.81;1934.61;20877.8
0.343011;-0.205776;0;3947.36;8450.63;1999.78;21581.1
0.345569;-0.201449;0;4139.71;8803.34;2064.92;22284.1
0.348074;-0.197091;0;4331.66;9155.88;2130.03;22986.7
0.350523;-0.192701;0;4523.17;9508.22;2195.09;23688.7
0.352916;-0.188282;0;4714.22;9860.27;2260.08;24390.2
0.355255;-0.183832;0;4942.63;10143.1;2309.08;24918.9
0.357537;-0.179353;0;5141.05;10284.1;2339.12;25243.2
0.359762;-0.174846;0;5339.24;10425.3;2369.18;25567.6
0.361931;-0.170312;0;5475.26;10589.7;2397.75;25875.8
0.364042;-0.16575;0;5597.14;10762.2;2426.09;26181.7
0.366096;-0.161163;0;5718.84;10934.8;2454.43;26487.6
0.368093;-0.156549;0;5840.34;11107.7;2482.78;26793.5
0.370031;-0.151912;0;5961.63;11280.7;2511.13;27099.4
0.371911;-0.14725;0;6082.67;11453.8;2539.47;27405.3
0.373732;-0.142565;0;6203.46;11627.1;2567.8;27711
0.375494;-0.137857;0;6323.97;11800.5;2596.12;28016.6
0.377196;-0.133128;0;6444.19;11973.9;2624.42;28322
0.378839;-0.128377;0;6422.92;12190.4;2652.76;28627.9
0.380423;-0.123607;0;6213.18;12420.5;2676.54;28884.5
0.381946;-0.118817;0;6159.33;12463.9;2686.03;28986.9
0.383409;-0.114008;0;6105.05;12507.5;2695.52;29089.3
0.384811;-0.109181;0;6050.36;12551.3;2705.01;29191.7
0.386153;-0.104337;0;5911.13;12630.5;2714.05;29289.3
0.387433;-0.099476;0;5559.28;12793.9;2722.32;29378.6
0.388653;-0.0945996;0;5206.99;12957.5;2730.6;29467.9
0.389811;-0.0897083;0;4854.32;13121.2;2738.88;29557.2
0.390907;-0.0848028;0;4501.33;13284.9;2747.16;29646.6
0.391942;-0.079884;0;4148.07;13448.8;2755.44;29735.9
0.392915;-0.0749525;0;3794.59;13612.7;2763.71;29825.2
0.393826;-0.0700092;0;3440.95;13776.6;2771.98;29914.5
0.394674;-0.0650549;0;3087.22;13940.5;2780.25;30003.7
0.395461;-0.0600902;0;2733.43;14104.4;2788.51;30092.9
0.396185;-0.0551161;0;2550.84;14248.3;2792.64;30137.3
0.396846;-0.0501333;0;2437.81;14389.2;2795.05;30163.4
0.397445;-0.0451426;0;2324.46;14530.3;2797.46;30189.4
0.39798;-0.0401447;0;2064.19;14763.5;2799.07;30206.8
0.398453;-0.0351405;0;1663.23;15092.2;2800;30216.8
0.398864;-0.0301307;0;1262.04;15421.1;2800.93;30226.8
0.399211;-0.0251162;0;860.678;15750.1;2801.86;30236.9
0.399495;-0.0200977;0;459.215;16079.2;2802.79;30246.9
0.399716;-0.0150761;0;57.7119;16408.4;2803.72;30257
0.399874;-0.010052;0;-343.769;16737.4;2804.65;30267
0.399968;-0.00502642;0;-745.163;17066.4;2805.59;30277.1
