0.4;0;0;1899.24;15996;2806.5;30287
0.399968;0.00502642;0;1841.6;16048.9;2805.5;30276.2
0.399874;0.010052;0;1782.8;16102.9;2804.49;30265.2
0.399716;0.0150761;0;1723.99;16156.9;2803.47;30254.3
0.399495;0.0200977;0;1665.18;16211;2802.45;30243.3
0.399211;0.0251162;0;1606.38;16265;2801.44;30232.3
0.398864;0.0301307;0;1547.59;16319;2800.42;30221.4
0.398453;0.0351405;0;1488.84;16373;2799.4;30210.4
0.39798;0.0401447;0;1430.12;16427;2798.39;30199.4
0.397445;0.0451426;0;1520.37;16491.1;2796.28;30176.7
0.396846;0.0501333;0;1678.84;16560.8;2793.6;30147.8
0.396185;0.0551161;0;1837.37;16630.5;2790.92;30118.9
0.395461;0.0600902;0;1995.95;16700.2;2788.25;30090
0.394674;0.0650549;0;2022.62;16724.5;2780.85;30010.1
0.393826;0.0700092;0;2032.56;16743.6;2772.56;29920.6
0.392915;0.0749525;0;2042.61;16762.7;2764.26;29831.1
0.391942;0.079884;0;2052.77;16781.8;2755.96;29741.6
0.390907;0.0848028;0;2063.04;16800.9;2747.66;29652
0.389811;0.0897083;0;2073.41;16820;2739.36;29562.4
0.388653;0.0945996;0;2083.88;16839;2731.06;29472.8
0.387433;0.099476;0;2094.46;16858.1;2722.76;29383.3
0.386153;0.104337;0;2144.56;16862.9;2714.04;29289.2
0.384811;0.109181;0;2287.71;16830.4;2703.86;29179.3
0.383409;0.114008;0;2430.96;16797.8;2693.69;29069.5
0.381946;0.118817;0;2574.29;16765.1;2683.51;28959.7
0.380423;0.123607;0;2717.67;16732.3;2673.33;28849.9
0.378839;0.128377;0;2776.26;16551.8;2650.32;28601.6
0.377196;0.133128;0;2795.07;16291;2620.11;28275.5
0.375494;0.137857;0;2772.39;16108.8;2591.78;27969.8
0.373732;0.142565;0;2749.43;15927.5;2563.47;27664.2
0.371911;0.14725;0;2726.64;15746;2535.14;27358.5
0.370031;0.151912;0;2704.04;15564.2;2506.8;27052.7
0.368093;0.156549;0;2681.61;15382.3;2478.46;26746.8
0.366096;0.161163;0;2659.38;15200.2;2450.11;26440.9
0.364042;0.16575;0;2637.33;15018;2421.77;26135.1
0.361931;0.170312;0;2615.48;14835.7;2393.44;25829.3
0.359762;0.174846;0;2593.82;14653.4;2365.12;25523.7
0.357537;0.179353;0;2572.37;14471;2336.81;25218.2
0.355255;0.183832;0;2551.11;14288.6;2308.52;24912.9
0.352916;0.188282;0;2499.12;13967.7;2260.85;24398.5
0.350523;0.192701;0;2529.03;13525.4;2195.69;23695.3
0.348074;0.197091;0;2558.96;13082.5;2130.47;22991.4
0.345569;0.201449;0;2588.9;12639.2;2065.2;22287.1
0.343011;0.205776;0;2618.85;12195.5;1999.9;21582.3
0.340398;0.21007;0;2648.81;11751.5;1934.57;20877.3
0.337731;0.214331;0;2678.76;11307.3;1869.22;20172.1
0.335011;0.218558;0;2708.71;10863;1803.87;19466.9
0.332238;0.22275;0;2738.65;10418.6;1738.52;18761.7
0.329413;0.226908;0;2768.57;9974.17;1673.19;18056.6
0.326536;0.231029;0;2798.47;9529.8;1607.88;17351.8
0.323607;0.235114;0;2828.14;9082.33;1542.57;16647
0.320627;0.239162;0;2854.61;8629.84;1477.14;15940.9
0.317596;0.243172;0;2880.93;8177.55;1411.77;15235.4
0.314515;0.247144;0;2914.74;7587.82;1322.45;14271.5
0.311385;0.251077;0;2947.35;6913.17;1218.85;13153.5
0.308205;0.25497;0;2979.91;6237.91;1115.17;12034.6
0.304977;0.258822;0;3012.05;5561.18;1011.38;10914.5
0.301701;0.262634;0;3043.41;4882.14;907.441;9792.84
0.298376;0.266405;0;3074.6;4201.25;803.403;8670.1
0.295005;0.270133;0;3105.53;3517.81;699.243;7546.03
0.291587;0.273819;0;3136.43;2834.19;595.084;6421.98
0.288124;0.277461;0;3167.29;2150.52;490.944;5298.13
0.284614;0.28106;0;3198.11;1466.89;386.839;4174.66
0.28106;0.284614;0;3228.88;783.42;282.785;3051.74
0.277461;0.288124;0;3182.42;96.4099;176.654;1906.4
0.273819;0.291587;0;3150.35;-650.277;55.3972;597.831
0.270133;0.295005;0;3117.85;-1397.76;-65.9718;-711.95
0.266405;0.298376;0;3084.94;-2145.91;-187.434;-2022.74
0.262634;0.301701;0;3051.62;-2894.62;-308.971;-3334.33
0.258822;0.304977;0;3017.89;-3643.77;-430.564;-4646.52
0.25497;0.308205;0;2983.77;-4393.24;-552.192;-5959.1
0.251077;0.311385;0;2940.48;-5145.66;-673.925;-7272.81
0.247144;0.314515;0;2894.8;-5898.79;-795.686;-8586.82
0.243172;0.317596;0;2839.94;-6654.59;-917.589;-9902.36
0.239162;0.320627;0;2784.73;-7410.23;-1039.45;-11217.5
0.235114;0.323607;0;2729.17;-8165.58;-1161.26;-12532
0.231029;0.326536;0;2673.29;-8920.53;-1282.99;-13845.7
0.226908;0.329413;0;2617.07;-9674.96;-1404.63;-15158.4
0.22275;0.332238;0;2538.15;-10310.6;-1510.77;-16303.8
0.218558;0.335011;0;2427.12;-10850.6;-1602.76;-17296.5
0.214331;0.337731;0;2315.57;-11391.2;-1694.83;-18290.1
0.21007;0.340398;0;2203.51;-11932.1;-1786.96;-19284.3
0.205776;0.343011;0;2090.97;-12473.3;-1879.14;-20279.1
0.201449;0.345569;0;1977.97;-13014.8;-1971.35;-21274.2
0.197091;0.348074;0;1864.51;-13556.5;-2063.58;-22269.6
0.192701;0.350523;0;1750.62;-14098.2;-2155.81;-23264.9
0.188282;0.352916;0;1636.32;-14639.9;-2248.04;-24260.2
0.183832;0.355255;0;1521.63;-15181.5;-2340.24;-25255.2
0.179353;0.357537;0;1406.56;-15722.9;-2432.39;-26249.7
0.174846;0.359762;0;1291.13;-16264.1;-2524.5;-27243.7
0.170312;0.361931;0;1122.48;-16622.1;-2597.61;-28032.7
0.16575;0.364042;0;371.702;-16462.9;-2615.24;-28222.9
0.161163;0.366096;0;-404.33;-16299.8;-2632.48;-28409
0.156549;0.368093;0;-1181.15;-16136.5;-2649.73;-28595.2
0.151912;0.370031;0;-1958.63;-15973.1;-2667;-28781.6
0.14725;0.371911;0;-2736.65;-15809.5;-2684.29;-28968.1
0.142565;0.373732;0;-3515.09;-15645.9;-2701.58;-29154.7
0.137857;0.375494;0;-4293.82;-15482.2;-2718.88;-29341.3
0.133128;0.377196;0;-5072.72;-15318.5;-2736.18;-29528.1
0.128377;0.378839;0;-5851.68;-15154.7;-2753.48;-29714.8
0.123607;0.380423;0;-6630.55;-14991;-2770.78;-29901.5
0.118817;0.381946;0;-6800.73;-14759;-2742.39;-29595.1
0.114008;0.383409;0;-6295.83;-14431.8;-2660.12;-28707.3
0.109181;0.384811;0;-5790.7;-14104.4;-2577.81;-27819
0.104337;0.386153;0;-5285.43;-13776.9;-2495.49;-26930.6
0.099476;0.387433;0;-4780.1;-13449.4;-2413.15;-26042
0.0945996;0.388653;0;-4274.78;-13121.9;-2330.81;-25153.5
0.0897083;0.389811;0;-3769.56;-12794.5;-2248.49;-24265.1
0.0848028;0.390907;0;-3264.52;-12467.2;-2166.2;-23377.1
0.079884;0.391942;0;-2759.73;-12140;-2083.95;-22489.5
0.0749525;0.392915;0;-2255.28;-11813.1;-2001.76;-21602.4
0.0700092;0.393826;0;-1751.24;-11486.4;-1919.64;-20716.2
0.0650549;0.394674;0;-1247.7;-11160.1;-1837.59;-19830.8
0.0600902;0.395461;0;-744.727;-10834.1;-1755.64;-18946.4
0.0551161;0.396185;0;-242.412;-10508.6;-1673.8;-18063.1
0.0501333;0.396846;0;-161.893;-9617.89;-1528.15;-16491.3
0.0451426;0.397445;0;-146.326;-8644.9;-1373.21;-14819.3
0.0401447;0.39798;0;-130.747;-7670.79;-1218.1;-13145.4
0.0351405;0.398453;0;-115.16;-6695.73;-1062.83;-11469.8
0.0301307;0.398864;0;-99.5673;-5719.86;-907.441;-9792.85
0.0251162;0.399211;0;-83.9706;-4743.35;-751.946;-8114.79
0.0200977;0.399495;0;-68.3726;-3766.34;-596.372;-6435.88
0.0150761;0.399716;0;-52.776;-2788.99;-440.745;-4756.4
0.010052;0.399874;0;-37.1831;-1811.45;-285.089;-3076.6
0.00502642;0.399968;0;-21.5965;-833.878;-129.429;-1396.76
2.44929e-17;0.4;0;-6.01845;143.57;26.2121;282.874
-0.00502642;0.399968;0;9.54843;1120.74;181.808;1962.02
-0.010052;0.399874;0;25.1017;2097.48;337.335;3640.43
-0.0150761;0.399716;0;40.639;3073.64;492.768;5317.82
-0.0200977;0.399495;0;56.1577;4049.05;648.083;6993.93
-0.0251162;0.399211;0;71.6555;5023.57;803.255;8668.5
-0.0301307;0.398864;0;87.1299;5997.05;958.26;10341.3
-0.0351405;0.398453;0;241.466;6936.02;1109.26;11970.8
-0.0401447;0.39798;0;428.439;7722.94;1236.91;13348.3
-0.0451426;0.397445;0;413.105;8397.44;1345.05;14515.4
-0.0501333;0.396846;0;398.048;9072.51;1453.29;15683.5
-0.0551161;0.396185;0;383.271;9748.07;1561.61;16852.4
-0.0600902;0.395461;0;368.775;10424;1669.99;18022
-0.0650549;0.394674;0;354.563;11100.2;1778.41;19192.1
-0.0700092;0.393826;0;340.638;11776.5;1886.86;20362.4
-0.0749525;0.392915;0;327.001;12452.9;1995.32;21532.9
-0.079884;0.391942;0;313.655;13129.3;2103.77;22703.3
-0.0848028;0.390907;0;300.601;13805.4;2212.19;23873.4
-0.0897083;0.389811;0;287.842;14481.3;2320.58;25043
-0.0945996;0.388653;0;275.38;15156.9;2428.9;26212
-0.099476;0.387433;0;263.217;15831.9;2537.15;27380.2
-0.104337;0.386153;0;365.489;16392.1;2624.74;28325.5
-0.109181;0.384811;0;447.116;16596;2650.92;28608
-0.114008;0.383409;0;301.079;16601;2644.31;28536.7
-0.118817;0.381946;0;155.394;16606.1;2637.71;28465.4
-0.123607;0.380423;0;10.0842;16611.3;2631.11;28394.2
-0.128377;0.378839;0;-134.827;16616.6;2624.52;28323.1
-0.133128;0.377196;0;-279.318;16621.9;2617.94;28252
-0.137857;0.375494;0;-423.365;16627.3;2611.37;28181.1
-0.142565;0.373732;0;-566.945;16632.7;2604.8;28110.3
-0.14725;0.371911;0;-710.036;16638.3;2598.26;28039.6
-0.151912;0.370031;0;-802.917;16651.2;2592.92;27982
-0.156549;0.368093;0;-817.177;16677.1;2589.6;27946.3
-0.161163;0.366096;0;-830.984;16703;2586.3;27910.7
-0.16575;0.364042;0;-844.335;16729;2583.02;27875.2
-0.170312;0.361931;0;-857.229;16755;2579.75;27839.9
-0.174846;0.359762;0;-1024.13;16526.2;2539.56;27406.2
-0.179353;0.357537;0;-1065.88;15952.3;2447.84;26416.4
-0.183832;0.355255;0;-1107.39;15378;2356.05;25425.8
-0.188282;0.352916;0;-1148.65;14803.3;2264.21;24434.8
-0.192701;0.350523;0;-1189.66;14228.5;2172.34;23443.3
-0.197091;0.348074;0;-1230.41;13653.5;2080.45;22451.6
-0.201449;0.345569;0;-1270.9;13078.4;1988.55;21459.9
-0.205776;0.343011;0;-1311.11;12503.4;1896.66;20468.2
-0.21007;0.340398;0;-1351.05;11928.5;1804.79;19476.8
-0.214331;0.337731;0;-1390.7;11353.8;1712.96;18485.8
-0.218558;0.335011;0;-1430.06;10779.5;1621.18;17495.3
-0.22275;0.332238;0;-1423.2;10207;1525.03;16457.6
-0.226908;0.329413;0;-1266.31;9624.48;1412.29;15241
-0.231029;0.326536;0;-1313.1;8884.01;1292.56;13948.9
-0.235114;0.323607;0;-1363;8132.75;1171.16;12638.8
-0.239162;0.320627;0;-1412.7;7381.05;1049.68;11327.8
-0.243172;0.317596;0;-1462.18;6629.02;928.139;10016.2
-0.247144;0.314515;0;-1511.44;5876.78;806.558;8704.15
-0.251077;0.311385;0;-1560.48;5124.45;684.956;7391.85
-0.25497;0.308205;0;-1609.28;4372.15;563.351;6079.52
-0.258822;0.304977;0;-1657.83;3620;441.762;4767.37
-0.262634;0.301701;0;-1706.14;2868.12;320.209;3455.61
-0.266405;0.298376;0;-1754.18;2116.63;198.712;2144.44
-0.270133;0.295005;0;-1801.96;1365.64;77.2882;834.073
-0.273819;0.291587;0;-1849.47;615.269;-44.0419;-475.287
-0.277461;0.288124;0;-2281.31;-90.3416;-160.648;-1733.66
-0.28106;0.284614;0;-2655.19;-770.088;-271.124;-2925.89
-0.284614;0.28106;0;-2703.42;-1443.03;-375.748;-4054.97
-0.288124;0.277461;0;-2751.67;-2116.17;-480.42;-5184.56
-0.291587;0.273819;0;-2799.93;-2789.39;-585.122;-6314.47
-0.295005;0.270133;0;-2848.19;-3462.6;-689.837;-7444.53
-0.298376;0.266405;0;-2896.46;-4135.68;-794.55;-8574.56
-0.301701;0.262634;0;-2944.7;-4808.53;-899.244;-9704.38
-0.304977;0.258822;0;-2992.93;-5481.04;-1003.9;-10833.8
-0.308205;0.25497;0;-3041.13;-6153.11;-1108.51;-11962.7
-0.311385;0.251077;0;-3089.3;-6824.63;-1213.04;-13090.8
-0.314515;0.247144;0;-3137.42;-7495.49;-1317.49;-14218
-0.317596;0.243172;0;-3144.42;-8083.6;-1410.13;-15217.7
-0.320627;0.239162;0;-3117.97;-8543.89;-1475.25;-15920.5
-0.323607;0.235114;0;-3091.47;-9004.44;-1540.43;-16623.9
-0.326536;0.231029;0;-3064.94;-9465.18;-1605.65;-17327.7
-0.329413;0.226908;0;-3038.37;-9926.05;-1670.9;-18031.9
-0.332238;0.22275;0;-3011.77;-10387;-1736.17;-18736.3
-0.335011;0.218558;0;-2985.13;-10847.8;-1801.45;-19440.8
-0.337731;0.214331;0;-2955.87;-11283.3;-1866.21;-20139.6
-0.340398;0.21007;0;-2926.45;-11714.9;-1931.12;-20840.1
-0.343011;0.205776;0;-2897.03;-12146.3;-1996.02;-21540.5
-0.345569;0.201449;0;-2867.62;-12577.4;-2060.89;-22240.6
-0.348074;0.197091;0;-2838.23;-13008.3;-2125.74;-22940.4
-0.350523;0.192701;0;-2808.85;-13438.8;-2190.55;-23639.8
-0.352916;0.188282;0;-2779.49;-13868.9;-2255.3;-24338.6
-0.355255;0.183832;0;-2847.93;-14213.4;-2310.72;-24936.6
-0.357537;0.179353;0;-2812.3;-14437.7;-2341.27;-25266.3
-0.359762;0.174846;0;-2774.76;-14662.5;-2371.78;-25595.6
-0.361931;0.170312;0;-2737.37;-14887.2;-2402.31;-25925
-0.364042;0.16575;0;-2700.13;-15111.7;-2432.84;-26254.5
-0.366096;0.161163;0;-2663.06;-15336;-2463.37;-26584
-0.368093;0.156549;0;-2626.14;-15560;-2493.89;-26913.4
-0.370031;0.151912;0;-2589.4;-15783.8;-2524.4;-27242.7
-0.371911;0.14725;0;-2552.84;-16007.2;-2554.9;-27571.8
-0.373732;0.142565;0;-2516.45;-16230.3;-2585.38;-27900.7
-0.375494;0.137857;0;-2480.26;-16452.9;-2615.84;-28229.4
-0.377196;0.133128;0;-2456.16;-16698.7;-2644.58;-28539.6
-0.378839;0.128377;0;-2432.73;-16828.5;-2657.65;-28680.6
-0.380423;0.123607;0;-2401.15;-16915.8;-2667.93;-28791.6
-0.381946;0.118817;0;-2369.65;-17003.1;-2678.22;-28902.6
-0.383409;0.114008;0;-2338.23;-17090.5;-2688.52;-29013.7
-0.384811;0.109181;0;-2306.9;-17177.8;-2698.82;-29124.9
-0.386153;0.104337;0;-2275.67;-17265.1;-2709.12;-29236.1
-0.387433;0.099476;0;-2244.54;-17352.3;-2719.42;-29347.2
-0.388653;0.0945996;0;-2213.51;-17439.5;-2729.73;-29458.4
-0.389811;0.0897083;0;-2182.6;-17526.7;-2740.03;-29569.6
-0.390907;0.0848028;0;-2151.8;-17613.7;-2750.32;-29680.7
-0.391942;0.079884;0;-2121.12;-17700.7;-2760.61;-29791.8
-0.392915;0.0749525;0;-2090.56;-17787.5;-2770.9;-29902.7
-0.393826;0.0700092;0;-2060.14;-17874.3;-2781.17;-30013.6
-0.394674;0.0650549;0;-2030.42;-17960.1;-2791.34;-30123.4
-0.395461;0.0600902;0;-2014.5;-17984.8;-2793.9;-30151
-0.396185;0.0551161;0;-1992.22;-18004.1;-2795.57;-30169
-0.396846;0.0501333;0;-1970.12;-18023.3;-2797.23;-30187
-0.397445;0.0451426;0;-1948.2;-18042.5;-2798.9;-30204.9
-0.39798;0.0401447;0;-1926.47;-18061.5;-2800.56;-30222.9
-0.398453;0.0351405;0;-1910.92;-18077.7;-2802.18;-30240.3
-0.398864;0.0301307;0;-1902.33;-18089.2;-2803.74;-30257.1
-0.399211;0.0251162;0;-1895.64;-18099.4;-2805.28;-30273.8
-0.399495;0.0200977;0;-1889.11;-18109.4;-2806.82;-30290.4
-0.399716;0.0150761;0;-1882.75;-18119.3;-2808.36;-30307
-0.399874;0.010052;0;-1876.54;-18129.1;-2809.9;-30323.6
-0.399968;0.00502642;0;-1870.49;-18138.7;-2811.43;-30340.2
-0.4;4.89859e-17;0;-1864.6;-18148.3;-2812.96;-30356.7
-0.399968;-0.00502642;0;-1868.35;-18138.6;-2811.88;-30345
-0.399874;-0.010052;0;-1875.46;-18122.6;-2810.25;-30327.4
-0.399716;-0.0150761;0;-1882.72;-18106.4;-2808.62;-30309.8
-0.399495;-0.0200977;0;-1890.14;-18090.2;-2806.99;-30292.2
-0.399211;-0.0251162;0;-1897.72;-18073.8;-2805.35;-30274.6
-0.398864;-0.0301307;0;-1905.45;-18057.3;-2803.72;-30256.9
-0.398453;-0.0351405;0;-1913.34;-18040.7;-2802.08;-30239.3
-0.39798;-0.0401447;0;-1921.37;-18024;-2800.44;-30221.6
-0.397445;-0.0451426;0;-1929.56;-18007.1;-2798.8;-30203.9
-0.396846;-0.0501333;0;-1937.9;-17990.2;-2797.16;-30186.2
-0.396185;-0.0551161;0;-1946.38;-17973.2;-2795.52;-30168.5
-0.395461;-0.0600902;0;-1955.01;-17956.1;-2793.88;-30150.8
-0.394674;-0.0650549;0;-1964.72;-17938.3;-2792.23;-30133
-0.393826;-0.0700092;0;-1989.8;-17837.9;-2782.67;-30029.7
-0.392915;-0.0749525;0;-2016.11;-17733.9;-2772.8;-29923.3
-0.391942;-0.079884;0;-2042.5;-17629.7;-2762.93;-29816.8
-0.390907;-0.0848028;0;-2068.95;-17525.4;-2753.05;-29710.2
-0.389811;-0.0897083;0;-2095.46;-17420.9;-2743.16;-29603.5
-0.388653;-0.0945996;0;-2122.03;-17316.4;-2733.27;-29496.7
-0.387433;-0.099476;0;-2148.65;-17211.7;-2723.38;-29389.9
-0.386153;-0.104337;0;-2175.32;-17107;-2713.48;-29283.2
-0.384811;-0.109181;0;-2202.03;-17002.2;-2703.59;-29176.4
-0.383409;-0.114008;0;-2228.79;-16897.3;-2693.69;-29069.6
-0.381946;-0.118817;0;-2255.58;-16792.4;-2683.8;-28962.8
-0.380423;-0.123607;0;-2282.4;-16687.5;-2673.92;-28856.1
-0.378839;-0.128377;0;-2306.46;-16578.3;-2661.99;-28727.4
-0.377196;-0.133128;0;-2313.34;-16428.2;-2634.44;-28430.1
-0.375494;-0.137857;0;-2320.3;-16277.9;-2606.86;-28132.6
-0.373732;-0.142565;0;-2327.34;-16127.3;-2579.28;-27834.9
-0.371911;-0.14725;0;-2407.61;-15896.8;-2549.33;-27511.6
-0.370031;-0.151912;0;-2493.43;-15660.3;-2519.02;-27184.6
-0.368093;-0.156549;0;-2579.42;-15423.6;-2488.7;-26857.4
-0.366096;-0.161163;0;-2665.59;-15186.8;-2458.37;-26530
-0.364042;-0.16575;0;-2751.91;-14949.7;-2428.03;-26202.7
-0.361931;-0.170312;0;-2838.37;-14712.6;-2397.69;-25875.2
-0.359762;-0.174846;0;-2924.96;-14475.4;-2367.36;-25547.9
-0.357537;-0.179353;0;-3011.67;-14238.2;-2337.03;-25220.6
-0.355255;-0.183832;0;-2852.28;-13887.6;-2287.14;-24682.2
-0.352916;-0.188282;0;-2681.81;-13525.5;-2235.58;-24125.7
-0.350523;-0.192701;0;-2626.07;-13147.1;-2177.89;-23503.2
-0.348074;-0.197091;0;-2649.78;-12748.8;-2114.21;-22815.9
-0.345569;-0.201449;0;-2673.5;-12350.2;-2050.49;-22128.3
-0.343011;-0.205776;0;-2697.23;-11951.4;-1986.76;-21440.5
-0.340398;-0.21007;0;-2720.96;-11552.5;-1923.01;-20752.6
-0.337731;-0.214331;0;-2744.7;-11153.4;-1859.27;-20064.7
-0.335011;-0.218558;0;-2768.43;-10754.4;-1795.54;-19377
-0.332238;-0.22275;0;-2792.15;-10355.4;-1731.83;-18689.4
-0.329413;-0.226908;0;-2815.86;-9956.51;-1668.15;-18002.2
-0.326536;-0.231029;0;-2838.65;-9480.88;-1603.91;-17308.9
-0.323607;-0.235114;0;-2861.39;-8989.59;-1538.95;-16608
-0.320627;-0.239162;0;-2884.11;-8498.47;-1474.04;-15907.4
-0.317596;-0.243172;0;-2899.66;-8004.69;-1407.2;-15186.2
-0.314515;-0.247144;0;-2844.2;-7409.15;-1312.08;-14159.6
-0.311385;-0.251077;0;-2772.07;-6741;-1207.58;-13031.8
-0.308205;-0.25497;0;-2699.88;-6072.2;-1102.98;-11903.1
-0.304977;-0.258822;0;-2627.61;-5402.85;-998.323;-10773.6
-0.301701;-0.262634;0;-2555.3;-4733.05;-893.607;-9643.56
-0.298376;-0.266405;0;-2482.95;-4062.91;-788.855;-8513.1
-0.295005;-0.270133;0;-2410.57;-3392.54;-684.083;-7382.43
-0.291587;-0.273819;0;-2338.17;-2722.04;-579.307;-6251.72
-0.288124;-0.277461;0;-2265.76;-2051.52;-474.544;-5121.14
-0.284614;-0.28106;0;-2193.36;-1381.08;-369.81;-3990.89
-0.28106;-0.284614;0;-2120.98;-710.827;-265.123;-2861.13
-0.277461;-0.288124;0;-1554.61;-104.034;-151.436;-1634.26
-0.273819;-0.291587;0;-921.592;506.381;-34.7548;-375.064
-0.270133;-0.295005;0;-890.253;1234.29;83.8132;904.488
-0.266405;-0.298376;0;-902.041;1983.67;204.853;2210.72
-0.262634;-0.301701;0;-913.633;2733.44;325.954;3517.61
-0.258822;-0.304977;0;-925.029;3483.49;447.098;4824.96
-0.25497;-0.308205;0;-936.226;4233.69;568.265;6132.55
-0.251077;-0.311385;0;-947.222;4983.94;689.436;7440.2
-0.247144;-0.314515;0;-958.016;5734.1;810.592;8747.68
-0.243172;-0.317596;0;-968.606;6484.06;931.713;10054.8
-0.239162;-0.320627;0;-978.99;7233.71;1052.78;11361.3
-0.235114;-0.323607;0;-989.166;7982.93;1173.78;12667.1
-0.231029;-0.326536;0;-999.134;8731.59;1294.68;13971.8
-0.226908;-0.329413;0;-1022.29;9456.5;1409.85;15214.7
-0.22275;-0.332238;0;-1053.98;10179;1522.21;16427.2
-0.218558;-0.335011;0;-1020.5;10753.5;1614.75;17425.9
-0.214331;-0.337731;0;-985.965;11327.7;1707.42;18426
-0.21007;-0.340398;0;-951.058;11902.3;1800.14;19426.6
-0.205776;-0.343011;0;-915.786;12477.2;1892.9;20427.6
-0.201449;-0.345569;0;-880.155;13052.3;1985.68;21428.9
-0.197091;-0.348074;0;-844.171;13627.4;2078.47;22430.2
-0.192701;-0.350523;0;-807.838;14202.6;2171.25;23431.5
-0.188282;-0.352916;0;-771.164;14777.7;2264.01;24432.6
-0.183832;-0.355255;0;-734.154;15352.6;2356.74;25433.3
-0.179353;-0.357537;0;-696.813;15927.3;2449.41;26433.4
-0.174846;-0.359762;0;-659.147;16501.5;2542.02;27432.8
-0.170312;-0.361931;0;-400.66;16727;2590.13;27952
-0.16575;-0.364042;0;-345.059;16772.4;2600.62;28065.2
-0.161163;-0.366096;0;-314.268;16804.8;2608.1;28145.9
-0.156549;-0.368093;0;-283.035;16837.3;2615.6;28226.8
-0.151912;-0.370031;0;-251.368;16869.9;2623.11;28307.8
-0.14725;-0.371911;0;-219.27;16902.6;2630.62;28389
-0.142565;-0.373732;0;-186.747;16935.3;2638.15;28470.2
-0.137857;-0.375494;0;-153.804;16968;2645.69;28551.5
-0.133128;-0.377196;0;-120.446;17000.8;2653.23;28632.9
-0.128377;-0.378839;0;-86.6782;17033.6;2660.78;28714.4
-0.123607;-0.380423;0;-52.5062;17066.5;2668.34;28796
-0.118817;-0.381946;0;-17.9352;17099.4;2675.9;28877.5
-0.114008;-0.383409;0;17.0292;17132.2;2683.46;28959.2
-0.109181;-0.384811;0;29.9287;17145.9;2688.7;29015.7
-0.104337;-0.386153;0;-56.4772;16564.2;2601.76;28077.5
-0.099476;-0.387433;0;-45.8006;15964.9;2508.43;27070.3
-0.0945996;-0.388653;0;-34.9007;15365.1;2415.06;26062.6
-0.0897083;-0.389811;0;-23.7794;14765;2321.65;25054.6
-0.0848028;-0.390907;0;-7.87231;14162.7;2228.44;24048.7
-0.079884;-0.391942;0;22.729;13555.7;2135.43;23045
-0.0749525;-0.392915;0;56.2449;12948;2042.44;22041.4
-0.0700092;-0.393826;0;90.0352;12340.4;1949.46;21038
-0.0650549;-0.394674;0;124.095;11733;1856.51;20035
-0.0600902;-0.395461;0;158.418;11125.8;1763.62;19032.5
-0.0551161;-0.396185;0;192.999;10518.9;1670.79;18030.7
-0.0501333;-0.396846;0;113.438;9659.13;1532.04;16533.3
-0.0451426;-0.397445;0;97.2977;8692.24;1378.17;14872.8
-0.0401447;-0.39798;0;81.1619;7724.8;1224.22;13211.4
-0.0351405;-0.398453;0;65.0335;6756.97;1070.2;11549.3
-0.0301307;-0.398864;0;49.9652;5790.12;916.488;9890.49
-0.0251162;-0.399211;0;34.8763;4820.87;762.432;8227.95
-0.0200977;-0.399495;0;19.7857;3851.56;608.366;6565.32
-0.0150761;-0.399716;0;4.69568;2882.34;454.315;4902.83
-0.010052;-0.399874;0;-10.3913;1913.36;300.302;3240.77
-0.00502642;-0.399968;0;-25.4729;944.765;146.352;1579.39
-7.34788e-17;-0.4;0;-40.5468;-23.2825;-7.51027;-81.0488
0.00502642;-0.399968;0;-64.6194;-968.44;-159.047;-1716.39
0.010052;-0.399874;0;-110.281;-1881.35;-308.56;-3329.89
0.0150761;-0.399716;0;-155.984;-2795.03;-458.196;-4944.72
0.0200977;-0.399495;0;-201.718;-3709.32;-607.933;-6560.64
0.0251162;-0.399211;0;-247.479;-4624.08;-757.746;-8177.39
0.0301307;-0.398864;0;-293.258;-5539.18;-907.613;-9794.7
0.0351405;-0.398453;0;-339.048;-6454.46;-1057.51;-11412.3
0.0401447;-0.39798;0;-384.842;-7369.77;-1207.41;-13030
0.0451426;-0.397445;0;-430.633;-8284.98;-1357.29;-14647.5
0.0501333;-0.396846;0;-476.413;-9199.95;-1507.14;-16264.6
0.0551161;-0.396185;0;-732.091;-10062.6;-1655;-17860.3
0.0600902;-0.395461;0;-992.398;-10927.5;-1803.36;-19461.3
0.0650549;-0.394674;0;-938.772;-11370.1;-1889.23;-20388
0.0700092;-0.393826;0;-870.023;-11801.2;-1973.75;-21300.1
0.0749525;-0.392915;0;-801.47;-12232.3;-2058.28;-22212.4
0.079884;-0.391942;0;-733.124;-12663.4;-2142.81;-23124.7
0.0848028;-0.390907;0;-845.335;-13087.5;-2224.85;-24009.9
0.0897083;-0.389811;0;-1138.94;-13518.3;-2306.67;-24892.9
0.0945996;-0.388653;0;-1433.01;-13949.4;-2388.51;-25776.1
0.099476;-0.387433;0;-1727.52;-14380.4;-2470.35;-26659.3
0.104337;-0.386153;0;-2022.4;-14811.5;-2552.19;-27542.5
0.109181;-0.384811;0;-2317.63;-15242.5;-2634;-28425.4
0.114008;-0.383409;0;-2613.14;-15673.3;-2715.78;-29307.9
0.118817;-0.381946;0;-2556.55;-15840.8;-2736.09;-29527.1
0.123607;-0.380423;0;-2298.62;-15867.5;-2722.87;-29384.4
0.128377;-0.378839;0;-2040.88;-15894.2;-2709.65;-29241.7
0.133128;-0.377196;0;-1783.37;-15921;-2696.42;-29099
0.137857;-0.375494;0;-1526.14;-15947.8;-2683.2;-28956.3
0.142565;-0.373732;0;-1269.22;-15974.6;-2669.97;-28813.6
0.14725;-0.371911;0;-1012.67;-16001.5;-2656.75;-28670.9
0.151912;-0.370031;0;-756.508;-16028.4;-2643.54;-28528.4
0.156549;-0.368093;0;-500.787;-16055.3;-2630.34;-28385.9
0.161163;-0.366096;0;-245.545;-16082.3;-2617.14;-28243.5
0.16575;-0.364042;0;9.17805;-16109.2;-2603.96;-28101.2
0.170312;-0.361931;0;319.848;-16115.8;-2584.06;-27886.4
0.174846;-0.359762;0;623.407;-15959.3;-2540.02;-27411.1
0.179353;-0.357537;0;749.007;-15384.9;-2446.97;-26407.1
0.183832;-0.355255;0;874.293;-14810.2;-2353.87;-25402.4
0.188282;-0.352916;0;999.245;-14235.4;-2260.73;-24397.2
0.192701;-0.350523;0;1123.84;-13660.5;-2167.56;-23391.7
0.197091;-0.348074;0;1248.07;-13085.6;-2074.38;-22386.1
0.201449;-0.345569;0;1371.9;-12510.9;-1981.2;-21380.6
0.205776;-0.343011;0;1495.32;-11936.3;-1888.04;-20375.2
0.21007;-0.340398;0;1618.31;-11362;-1794.9;-19370.1
0.214331;-0.337731;0;1740.85;-10788.1;-1701.82;-18365.5
0.218558;-0.335011;0;1862.91;-10214.7;-1608.79;-17361.6
0.22275;-0.332238;0;1984.49;-9641.83;-1515.84;-16358.5
0.226908;-0.329413;0;2011.16;-9014.85;-1410.1;-15217.4
0.231029;-0.326536;0;2091.67;-8267.79;-1288.54;-13905.6
0.235114;-0.323607;0;2171.9;-7520.2;-1166.89;-12592.7
0.239162;-0.320627;0;2251.86;-6772.21;-1045.15;-11279
0.243172;-0.317596;0;2331.52;-6023.94;-923.357;-9964.61
0.247144;-0.314515;0;2410.87;-5275.49;-801.52;-8649.78
0.251077;-0.311385;0;2489.91;-4527;-679.661;-7334.71
0.25497;-0.308205;0;2568.61;-3778.57;-557.799;-6019.61
0.258822;-0.304977;0;2646.97;-3030.34;-435.953;-4704.68
0.262634;-0.301701;0;2724.97;-2282.4;-314.143;-3390.15
0.266405;-0.298376;0;2802.6;-1534.89;-192.389;-2076.2
0.270133;-0.295005;0;2879.85;-787.922;-70.7081;-763.062
0.273819;-0.291587;0;2956.71;-41.6112;50.879;549.072
0.277461;-0.288124;0;3194.14;670.92;171.006;1845.45
0.28106;-0.284614;0;3402.48;1290.22;278.502;3005.52
0.284614;-0.28106;0;3397.18;1911.46;382.206;4124.66
0.288124;-0.277461;0;3391.84;2532.8;485.965;5244.39
0.291587;-0.273819;0;3386.48;3154.13;589.761;6364.53
0.295005;-0.270133;0;3381.08;3775.35;693.579;7484.91
0.298376;-0.266405;0;3375.66;4396.38;797.402;8605.34
0.301701;-0.262634;0;3370.21;5017.11;901.214;9725.64
0.304977;-0.258822;0;3364.73;5637.43;1005;10845.7
0.308205;-0.25497;0;3359.22;6257.27;1108.74;11965.2
0.311385;-0.251077;0;3353.68;6876.51;1212.42;13084.1
0.314515;-0.247144;0;3348.13;7495.06;1316.02;14202.1
0.317596;-0.243172;0;3317.06;8117.15;1413.54;15254.5
0.320627;-0.239162;0;3282.37;8547.96;1478.55;15956.1
0.323607;-0.235114;0;3247.6;8979.02;1543.62;16658.3
0.326536;-0.231029;0;3212.76;9410.27;1608.73;17361
0.329413;-0.226908;0;3177.85;9841.65;1673.88;18064
0.332238;-0.22275;0;3142.89;10273.1;1739.05;18767.4
0.335011;-0.218558;0;3107.87;10704.5;1804.24;19470.8
0.337731;-0.214331;0;3072.79;11135.8;1869.43;20174.4
0.340398;-0.21007;0;3037.68;11567;1934.61;20877.8
0.343011;-0.205776;0;3002.52;11997.9;1999.78;21581.1
0.345569;-0.201449;0;2967.34;12428.6;2064.92;22284.1
0.348074;-0.197091;0;2932.12;12858.9;2130.03;22986.7
0.350523;-0.192701;0;2896.89;13288.8;2195.09;23688.7
0.352916;-0.188282;0;2861.63;13718.2;2260.08;24390.2
0.355255;-0.183832;0;2880.38;14067.8;2309.08;24918.9
0.357537;-0.179353;0;2779.79;14304;2339.12;25243.2
0.359762;-0.174846;0;2679.32;14540.1;2369.18;25567.6
0.361931;-0.170312;0;2609.77;14738.1;2397.75;25875.8
0.364042;-0.16575;0;2547.25;14927;2426.09;26181.7
0.366096;-0.161163;0;2484.82;15115.7;2454.43;26487.6
0.368093;-0.156549;0;2422.49;15304.4;2482.78;26793.5
0.370031;-0.151912;0;2360.26;15492.8;2511.13;27099.4
0.371911;-0.14725;0;2298.16;15681.1;2539.47;27405.3
0.373732;-0.142565;0;2236.18;15869.2;2567.8;27711
0.375494;-0.137857;0;2174.34;16057.1;2596.12;28016.6
0.377196;-0.133128;0;2112.65;16244.7;2624.42;28322
0.378839;-0.128377;0;2058.19;16459;2652.76;28627.9
0.380423;-0.123607;0;2018.8;16667;2676.54;28884.5
0.381946;-0.118817;0;1985.48;16715.8;2686.03;28986.9
0.383409;-0.114008;0;1952.23;16764.7;2695.52;29089.3
0.384811;-0.109181;0;1919.07;16813.5;2705.01;29191.7
0.386153;-0.104337;0;1911.68;16851.6;2714.05;29289.3
0.387433;-0.099476;0;1971.18;16868.9;2722.32;29378.6
0.388653;-0.0945996;0;2030.81;16886.2;2730.6;29467.9
0.389811;-0.0897083;0;2090.57;16903.5;2738.88;29557.2
0.390907;-0.0848028;0;2150.44;16920.8;2747.16;29646.6
0.391942;-0.079884;0;2210.42;16938.1;2755.44;29735.9
0.392915;-0.0749525;0;2270.49;16955.4;2763.71;29825.2
0.393826;-0.0700092;0;2330.66;16972.7;2771.98;29914.5
0.394674;-0.0650549;0;2390.9;16989.9;2780.25;30003.7
0.395461;-0.0600902;0;2451.21;17007.2;2788.51;30092.9
0.396185;-0.0551161;0;2402.7;16973.5;2792.64;30137.3
0.396846;-0.0501333;0;2302.99;16915.4;2795.05;30163.4
0.397445;-0.0451426;0;2203.36;16857.2;2797.46;30189.4
0.39798;-0.0401447;0;2142.3;16780.1;2799.07;30206.8
0.398453;-0.0351405;0;2111.85;16681.9;2800;30216.8
0.398864;-0.0301307;0;2081.39;16583.7;2800.93;30226.8
0.399211;-0.0251162;0;2050.93;16485.5;2801.86;30236.9
0.399495;-0.0200977;0;2020.46;16387.2;2802.79;30246.9
0.399716;-0.0150761;0;1990;16288.9;2803.72;30257
0.399874;-0.010052;0;1959.55;16190.6;2804.65;30267
0.399968;-0.00502642;0;1929.11;16092.4;2805.59;30277.1
