0.4;0;0;2847.33;26880.5;2806.5;30287
0.399968;0.00502642;0;2801.95;26905.5;2805.5;30276.2
0.399874;0.010052;0;2755.65;26931.1;2804.49;30265.2
0.399716;0.0150761;0;2709.34;26956.6;2803.47;30254.3
0.399495;0.0200977;0;2663.03;26982.1;2802.45;30243.3
0.399211;0.0251162;0;2616.72;27007.7;2801.44;30232.3
0.398864;0.0301307;0;2570.43;27033.2;2800.42;30221.4
0.398453;0.0351405;0;2524.15;27058.7;2799.4;30210.4
0.39798;0.0401447;0;2477.9;27084.2;2798.39;30199.4
0.397445;0.0451426;0;2442.64;27096.9;2796.28;30176.7
0.396846;0.0501333;0;2410.33;27103.6;2793.6;30147.8
0.396185;0.0551161;0;2378.03;27110.2;2790.92;30118.9
0.395461;0.0600902;0;2345.73;27116.9;2788.25;30090
0.394674;0.0650549;0;2461.6;27003.2;2780.85;30010.1
0.393826;0.0700092;0;2601.38;26869.5;2772.56;29920.6
0.392915;0.0749525;0;2741.21;26735.6;2764.26;29831.1
0.391942;0.079884;0;2881.07;26601.7;2755.96;29741.6
0.390907;0.0848028;0;3020.93;26467.8;2747.66;29652
0.389811;0.0897083;0;3160.77;26333.9;2739.36;29562.4
0.388653;0.0945996;0;3300.57;26199.9;2731.06;29472.8
0.387433;0.099476;0;3440.32;26066;2722.76;29383.3
0.386153;0.104337;0;3581.01;25930;2714.04;29289.2
0.384811;0.109181;0;3734.4;25784.6;2703.86;29179.3
0.383409;0.114008;0;3887.79;25639.3;2693.69;29069.5
0.381946;0.118817;0;4041.15;25494;2683.51;28959.7
0.380423;0.123607;0;4194.46;25348.7;2673.33;28849.9
0.378839;0.128377;0;4171.26;25113.7;2650.32;28601.6
0.377196;0.133128;0;4059.22;24825.7;2620.11;28275.5
0.375494;0.137857;0;3982.44;24639.5;2591.78;27969.8
0.373732;0.142565;0;3906.13;24454.5;2563.47;27664.2
0.371911;0.14725;0;3829.79;24269.4;2535.14;27358.5
0.370031;0.151912;0;3753.44;24084.2;2506.8;27052.7
0.368093;0.156549;0;3677.08;23898.9;2478.46;26746.8
0.366096;0.161163;0;3600.72;23713.6;2450.11;26440.9
0.364042;0.16575;0;3524.38;23528.2;2421.77;26135.1
0.361931;0.170312;0;3448.07;23342.8;2393.44;25829.3
0.359762;0.174846;0;3371.8;23157.5;2365.12;25523.7
0.357537;0.179353;0;3295.58;22972.2;2336.81;25218.2
0.355255;0.183832;0;3219.43;22787;2308.52;24912.9
0.352916;0.188282;0;3176.09;22316;2260.85;24398.5
0.350523;0.192701;0;3117.7;21648.9;2195.69;23695.3
0.348074;0.197091;0;3059.32;20981.1;2130.47;22991.4
0.345569;0.201449;0;3000.95;20312.7;2065.2;22287.1
0.343011;0.205776;0;2942.6;19643.9;1999.9;21582.3
0.340398;0.21007;0;2884.29;18974.7;1934.57;20877.3
0.337731;0.214331;0;2826.01;18305.3;1869.22;20172.1
0.335011;0.218558;0;2767.79;17635.7;1803.87;19466.9
0.332238;0.22275;0;2709.63;16966;1738.52;18761.7
0.329413;0.226908;0;2651.53;16296.4;1673.19;18056.6
0.326536;0.231029;0;2593.52;15627;1607.88;17351.8
0.323607;0.235114;0;2537.03;14954.9;1542.57;16647
0.320627;0.239162;0;2481.06;14278.5;1477.14;15940.9
0.317596;0.243172;0;2425.14;13602.5;1411.77;15235.4
0.314515;0.247144;0;2330.45;12699.2;1322.45;14271.5
0.311385;0.251077;0;2209.9;11649.5;1218.85;13153.5
0.308205;0.25497;0;2089.29;10599.1;1115.17;12034.6
0.304977;0.258822;0;1968.82;9547.56;1011.38;10914.5
0.301701;0.262634;0;1848.64;8494.57;907.441;9792.84
0.298376;0.266405;0;1728.84;7440.36;803.403;8670.1
0.295005;0.270133;0;1609.62;6384.6;699.243;7546.03
0.291587;0.273819;0;1490.48;5328.84;595.084;6421.98
0.288124;0.277461;0;1371.43;4273.22;490.944;5298.13
0.284614;0.28106;0;1252.5;3217.93;386.839;4174.66
0.28106;0.284614;0;1133.69;2163.13;282.785;3051.74
0.277461;0.288124;0;999.545;1105.47;176.654;1906.4
0.273819;0.291587;0;778.178;-16.3748;55.3972;597.831
0.270133;0.295005;0;556.647;-1139.27;-65.9718;-711.95
0.266405;0.298376;0;334.988;-2263.04;-187.434;-2022.74
0.262634;0.301701;0;113.235;-3387.5;-308.971;-3334.33
0.258822;0.304977;0;-108.576;-4512.48;-430.564;-4646.52
0.25497;0.308205;0;-330.411;-5637.79;-552.192;-5959.1
0.251077;0.311385;0;-551.454;-6764.22;-673.925;-7272.81
0.247144;0.314515;0;-772.337;-7890.86;-795.686;-8586.82
0.243172;0.317596;0;-992.919;-9018.31;-917.589;-9902.36
0.239162;0.320627;0;-1213.41;-10145.4;-1039.45;-11217.5
0.235114;0.323607;0;-1433.77;-11271.9;-1161.26;-12532
0.231029;0.326536;0;-1653.98;-12397.7;-1282.99;-13845.7
0.226908;0.329413;0;-1873.98;-13522.6;-1404.63;-15158.4
0.22275;0.332238;0;-2100.13;-14494.9;-1510.77;-16303.8
0.218558;0.335011;0;-2320.6;-15322.3;-1602.76;-17296.5
0.214331;0.337731;0;-2541.27;-16150.4;-1694.83;-18290.1
0.21007;0.340398;0;-2762.1;-16979;-1786.96;-19284.3
0.205776;0.343011;0;-2983.05;-17808;-1879.14;-20279.1
0.201449;0.345569;0;-3204.09;-18637.4;-1971.35;-21274.2
0.197091;0.348074;0;-3425.19;-19466.9;-2063.58;-22269.6
0.192701;0.350523;0;-3646.3;-20296.4;-2155.81;-23264.9
0.188282;0.352916;0;-3867.4;-21125.9;-2248.04;-24260.2
0.183832;0.355255;0;-4088.45;-21955.1;-2340.24;-25255.2
0.179353;0.357537;0;-4309.42;-22783.9;-2432.39;-26249.7
0.174846;0.359762;0;-4530.26;-23612.3;-2524.5;-27243.7
0.170312;0.361931;0;-4730.74;-24266.5;-2597.61;-28032.7
0.16575;0.364042;0;-4884.88;-24404.4;-2615.24;-28222.9
0.161163;0.366096;0;-5039.68;-24538.1;-2632.48;-28409
0.156549;0.368093;0;-5194.63;-24672;-2649.73;-28595.2
0.151912;0.370031;0;-5349.72;-24806;-2667;-28781.6
0.14725;0.371911;0;-5504.91;-24940;-2684.29;-28968.1
0.142565;0.373732;0;-5660.19;-25074.2;-2701.58;-29154.7
0.137857;0.375494;0;-5815.52;-25208.4;-2718.88;-29341.3
0.133128;0.377196;0;-5970.89;-25342.6;-2736.18;-29528.1
0.128377;0.378839;0;-6126.27;-25476.9;-2753.48;-29714.8
0.123607;0.380423;0;-6281.63;-25611.1;-2770.78;-29901.5
0.118817;0.381946;0;-6303.26;-25303.6;-2742.39;-29595.1
0.114008;0.383409;0;-6175.39;-24472.6;-2660.12;-28707.3
0.109181;0.384811;0;-6047.46;-23641.3;-2577.81;-27819
0.104337;0.386153;0;-5919.5;-22809.8;-2495.49;-26930.6
0.099476;0.387433;0;-5791.52;-21978.1;-2413.15;-26042
0.0945996;0.388653;0;-5663.54;-21146.5;-2330.81;-25153.5
0.0897083;0.389811;0;-5535.6;-20315.1;-2248.49;-24265.1
0.0848028;0.390907;0;-5407.69;-19483.9;-2166.2;-23377.1
0.079884;0.391942;0;-5279.85;-18653.2;-2083.95;-22489.5
0.0749525;0.392915;0;-5152.1;-17823;-2001.76;-21602.4
0.0700092;0.393826;0;-5024.45;-16993.5;-1919.64;-20716.2
0.0650549;0.394674;0;-4896.93;-16164.8;-1837.59;-19830.8
0.0600902;0.395461;0;-4769.55;-15337.1;-1755.64;-18946.4
0.0551161;0.396185;0;-4642.34;-14510.5;-1673.8;-18063.1
0.0501333;0.396846;0;-4241.84;-13155.1;-1528.15;-16491.3
0.0451426;0.397445;0;-3800.06;-11711.8;-1373.21;-14819.3
0.0401447;0.39798;0;-3357.77;-10266.9;-1218.1;-13145.4
0.0351405;0.398453;0;-2915.06;-8820.57;-1062.83;-11469.8
0.0301307;0.398864;0;-2471.99;-7373.11;-907.441;-9792.85
0.0251162;0.399211;0;-2028.63;-5924.73;-751.946;-8114.79
0.0200977;0.399495;0;-1585.05;-4475.65;-596.372;-6435.88
0.0150761;0.399716;0;-1141.33;-3026.11;-440.745;-4756.4
0.010052;0.399874;0;-697.53;-1576.34;-285.089;-3076.6
0.00502642;0.399968;0;-253.721;-126.551;-129.429;-1396.76
2.44929e-17;0.4;0;190.026;1323.01;26.2121;282.874
-0.00502642;0.399968;0;633.64;2772.12;181.808;1962.02
-0.010052;0.399874;0;1077.05;4220.56;337.335;3640.43
-0.0150761;0.399716;0;1520.19;5668.08;492.768;5317.82
-0.0200977;0.399495;0;1962.99;7114.47;648.083;6993.93
-0.0251162;0.399211;0;2405.37;8559.5;803.255;8668.5
-0.0301307;0.398864;0;2847.27;10002.9;958.26;10341.3
-0.0351405;0.398453;0;3250.73;11417.6;1109.26;11970.8
-0.0401447;0.39798;0;3476.48;12615.6;1236.91;13348.3
-0.0451426;0.397445;0;3576.38;13621.2;1345.05;14515.4
-0.0501333;0.396846;0;3676.39;14627.7;1453.29;15683.5
-0.0551161;0.396185;0;3776.48;15634.8;1561.61;16852.4
-0.0600902;0.395461;0;3876.65;16642.4;1669.99;18022
-0.0650549;0.394674;0;3976.86;17650.4;1778.41;19192.1
-0.0700092;0.393826;0;4077.12;18658.5;1886.86;20362.4
-0.0749525;0.392915;0;4177.4;19666.6;1995.32;21532.9
-0.079884;0.391942;0;4277.69;20674.5;2103.77;22703.3
-0.0848028;0.390907;0;4377.97;21682.2;2212.19;23873.4
-0.0897083;0.389811;0;4478.23;22689.4;2320.58;25043
-0.0945996;0.388653;0;4578.44;23696;2428.9;26212
-0.099476;0.387433;0;4678.6;24701.8;2537.15;27380.2
-0.104337;0.386153;0;4789.58;25508.9;2624.74;28325.5
-0.109181;0.384811;0;4817.29;25698.7;2650.92;28608
-0.114008;0.383409;0;4733.48;25545.9;2644.31;28536.7
-0.118817;0.381946;0;4649.69;25393;2637.71;28465.4
-0.123607;0.380423;0;4565.95;25240.1;2631.11;28394.2
-0.128377;0.378839;0;4482.26;25087.2;2624.52;28323.1
-0.133128;0.377196;0;4398.64;24934.3;2617.94;28252
-0.137857;0.375494;0;4315.1;24781.5;2611.37;28181.1
-0.142565;0.373732;0;4231.65;24628.7;2604.8;28110.3
-0.14725;0.371911;0;4148.32;24475.9;2598.26;28039.6
-0.151912;0.370031;0;4075.66;24329.6;2592.92;27982
-0.156549;0.368093;0;4020.21;24192.7;2589.6;27946.3
-0.161163;0.366096;0;3964.9;24055.9;2586.3;27910.7
-0.16575;0.364042;0;3909.73;23919.3;2583.02;27875.2
-0.170312;0.361931;0;3854.7;23782.8;2579.75;27839.9
-0.174846;0.359762;0;3755.15;23420.5;2539.56;27406.2
-0.179353;0.357537;0;3680.53;22616.4;2447.84;26416.4
-0.183832;0.355255;0;3605.9;21811.8;2356.05;25425.8
-0.188282;0.352916;0;3531.29;21006.7;2264.21;24434.8
-0.192701;0.350523;0;3456.69;20201.5;2172.34;23443.3
-0.197091;0.348074;0;3382.13;19396.1;2080.45;22451.6
-0.201449;0.345569;0;3307.6;18590.6;1988.55;21459.9
-0.205776;0.343011;0;3233.14;17785.4;1896.66;20468.2
-0.21007;0.340398;0;3158.74;16980.3;1804.79;19476.8
-0.214331;0.337731;0;3084.42;16175.6;1712.96;18485.8
-0.218558;0.335011;0;3010.19;15371.5;1621.18;17495.3
-0.22275;0.332238;0;2873.88;14490.5;1525.03;16457.6
-0.226908;0.329413;0;2536.85;13341.4;1412.29;15241
-0.231029;0.326536;0;2191.66;12259.3;1292.56;13948.9
-0.235114;0.323607;0;1841.94;11162.6;1171.16;12638.8
-0.239162;0.320627;0;1491.96;10065;1049.68;11327.8
-0.243172;0.317596;0;1141.79;8966.93;928.139;10016.2
-0.247144;0.314515;0;791.467;7868.42;806.558;8704.15
-0.251077;0.311385;0;441.056;6769.68;684.956;7391.85
-0.25497;0.308205;0;90.61;5670.88;563.351;6079.52
-0.258822;0.304977;0;-259.815;4572.19;441.762;4767.37
-0.262634;0.301701;0;-610.164;3473.8;320.209;3455.61
-0.266405;0.298376;0;-960.381;2375.86;198.712;2144.44
-0.270133;0.295005;0;-1310.41;1278.56;77.2882;834.073
-0.273819;0.291587;0;-1660.2;182.064;-44.0419;-475.287
-0.277461;0.288124;0;-1876.98;-828.478;-160.648;-1733.66
-0.28106;0.284614;0;-1988.68;-1833.96;-271.124;-2925.89
-0.284614;0.28106;0;-2035.51;-2885.61;-375.748;-4054.97
-0.288124;0.277461;0;-2082.3;-3937.74;-480.42;-5184.56
-0.291587;0.273819;0;-2129.06;-4990.17;-585.122;-6314.47
-0.295005;0.270133;0;-2175.78;-6042.75;-689.837;-7444.53
-0.298376;0.266405;0;-2222.44;-7095.3;-794.55;-8574.56
-0.301701;0.262634;0;-2269.05;-8147.66;-899.244;-9704.38
-0.304977;0.258822;0;-2315.59;-9199.66;-1003.9;-10833.8
-0.308205;0.25497;0;-2362.07;-10251.1;-1108.51;-11962.7
-0.311385;0.251077;0;-2408.46;-11301.9;-1213.04;-13090.8
-0.314515;0.247144;0;-2454.76;-12351.9;-1317.49;-14218
-0.317596;0.243172;0;-2548.78;-13297.1;-1410.13;-15217.7
-0.320627;0.239162;0;-2651.17;-13925.3;-1475.25;-15920.5
-0.323607;0.235114;0;-2753.64;-14554.1;-1540.43;-16623.9
-0.326536;0.231029;0;-2856.17;-15183.3;-1605.65;-17327.7
-0.329413;0.226908;0;-2958.74;-15812.9;-1670.9;-18031.9
-0.332238;0.22275;0;-3061.35;-16442.7;-1736.17;-18736.3
-0.335011;0.218558;0;-3163.97;-17072.6;-1801.45;-19440.8
-0.337731;0.214331;0;-3268.67;-17701.9;-1866.21;-20139.6
-0.340398;0.21007;0;-3375.67;-18333.2;-1931.12;-20840.1
-0.343011;0.205776;0;-3482.7;-18964.3;-1996.02;-21540.5
-0.345569;0.201449;0;-3589.72;-19595.3;-2060.89;-22240.6
-0.348074;0.197091;0;-3696.74;-20226;-2125.74;-22940.4
-0.350523;0.192701;0;-3803.72;-20856.3;-2190.55;-23639.8
-0.352916;0.188282;0;-3910.65;-21486.1;-2255.3;-24338.6
-0.355255;0.183832;0;-3972.93;-22008;-2310.72;-24936.6
-0.357537;0.179353;0;-3924.78;-22272.6;-2341.27;-25266.3
-0.359762;0.174846;0;-3875.6;-22536.7;-2371.78;-25595.6
-0.361931;0.170312;0;-3826.44;-22800.9;-2402.31;-25925
-0.364042;0.16575;0;-3777.29;-23065.1;-2432.84;-26254.5
-0.366096;0.161163;0;-3728.18;-23329.2;-2463.37;-26584
-0.368093;0.156549;0;-3679.11;-23593.4;-2493.89;-26913.4
-0.370031;0.151912;0;-3630.08;-23857.4;-2524.4;-27242.7
-0.371911;0.14725;0;-3581.1;-24121.3;-2554.9;-27571.8
-0.373732;0.142565;0;-3532.19;-24384.9;-2585.38;-27900.7
-0.375494;0.137857;0;-3483.34;-24648.4;-2615.84;-28229.4
-0.377196;0.133128;0;-3433.92;-24906.1;-2644.58;-28539.6
-0.378839;0.128377;0;-3383;-25048.9;-2657.65;-28680.6
-0.380423;0.123607;0;-3331.64;-25167.3;-2667.93;-28791.6
-0.381946;0.118817;0;-3280.26;-25285.8;-2678.22;-28902.6
-0.383409;0.114008;0;-3228.87;-25404.3;-2688.52;-29013.7
-0.384811;0.109181;0;-3177.48;-25522.9;-2698.82;-29124.9
-0.386153;0.104337;0;-3126.09;-25641.5;-2709.12;-29236.1
-0.387433;0.099476;0;-3074.72;-25760.2;-2719.42;-29347.2
-0.388653;0.0945996;0;-3023.36;-25878.8;-2729.73;-29458.4
-0.389811;0.0897083;0;-2972.04;-25997.4;-2740.03;-29569.6
-0.390907;0.0848028;0;-2920.75;-26116;-2750.32;-29680.7
-0.391942;0.079884;0;-2869.51;-26234.5;-2760.61;-29791.8
-0.392915;0.0749525;0;-2818.32;-26352.9;-2770.9;-29902.7
-0.393826;0.0700092;0;-2767.19;-26471.2;-2781.17;-30013.6
-0.394674;0.0650549;0;-2716.52;-26588.7;-2791.34;-30123.4
-0.395461;0.0600902;0;-2703.84;-26628.5;-2793.9;-30151
-0.396185;0.0551161;0;-2695.99;-26657;-2795.57;-30169
-0.396846;0.0501333;0;-2688.17;-26685.5;-2797.23;-30187
-0.397445;0.0451426;0;-2680.38;-26714;-2798.9;-30204.9
-0.39798;0.0401447;0;-2672.62;-26742.5;-2800.56;-30222.9
-0.398453;0.0351405;0;-2665.9;-26771;-2802.18;-30240.3
-0.398864;0.0301307;0;-2659.3;-26798.7;-2803.74;-30257.1
-0.399211;0.0251162;0;-2652.62;-26826.2;-2805.28;-30273.8
-0.399495;0.0200977;0;-2645.92;-26853.6;-2806.82;-30290.4
-0.399716;0.0150761;0;-2639.22;-26881.1;-2808.36;-30307
-0.399874;0.010052;0;-2632.52;-26908.4;-2809.9;-30323.6
-0.399968;0.00502642;0;-2625.81;-26935.8;-2811.43;-30340.2
-0.4;4.89859e-17;0;-2619.1;-26963.1;-2812.96;-30356.7
-0.399968;-0.00502642;0;-2636.88;-26957.1;-2811.88;-30345
-0.399874;-0.010052;0;-2659.59;-26944.8;-2810.25;-30327.4
-0.399716;-0.0150761;0;-2682.3;-26932.4;-2808.62;-30309.8
-0.399495;-0.0200977;0;-2705.02;-26920.1;-2806.99;-30292.2
-0.399211;-0.0251162;0;-2727.75;-26907.7;-2805.35;-30274.6
-0.398864;-0.0301307;0;-2750.47;-26895.2;-2803.72;-30256.9
-0.398453;-0.0351405;0;-2773.19;-26882.8;-2802.08;-30239.3
-0.39798;-0.0401447;0;-2795.89;-26870.3;-2800.44;-30221.6
-0.397445;-0.0451426;0;-2818.59;-26857.8;-2798.8;-30203.9
-0.396846;-0.0501333;0;-2841.27;-26845.3;-2797.16;-30186.2
-0.396185;-0.0551161;0;-2863.93;-26832.7;-2795.52;-30168.5
-0.395461;-0.0600902;0;-2886.57;-26820.2;-2793.88;-30150.8
-0.394674;-0.0650549;0;-2909.25;-26807.5;-2792.23;-30133
-0.393826;-0.0700092;0;-2934.8;-26726.9;-2782.67;-30029.7
-0.392915;-0.0749525;0;-2960.51;-26643.8;-2772.8;-29923.3
-0.391942;-0.079884;0;-2986.24;-26560.6;-2762.93;-29816.8
-0.390907;-0.0848028;0;-3011.97;-26477.3;-2753.05;-29710.2
-0.389811;-0.0897083;0;-3037.7;-26394;-2743.16;-29603.5
-0.388653;-0.0945996;0;-3063.42;-26310.6;-2733.27;-29496.7
-0.387433;-0.099476;0;-3089.15;-26227.2;-2723.38;-29389.9
-0.386153;-0.104337;0;-3114.85;-26143.8;-2713.48;-29283.2
-0.384811;-0.109181;0;-3140.55;-26060.3;-2703.59;-29176.4
-0.383409;-0.114008;0;-3166.22;-25976.9;-2693.69;-29069.6
-0.381946;-0.118817;0;-3191.88;-25893.5;-2683.8;-28962.8
-0.380423;-0.123607;0;-3217.5;-25810.1;-2673.92;-28856.1
-0.378839;-0.128377;0;-3239.01;-25700.9;-2661.99;-28727.4
-0.377196;-0.133128;0;-3232.79;-25397.1;-2634.44;-28430.1
-0.375494;-0.137857;0;-3226.54;-25093.1;-2606.86;-28132.6
-0.373732;-0.142565;0;-3220.26;-24788.9;-2579.28;-27834.9
-0.371911;-0.14725;0;-3219.37;-24460.8;-2549.33;-27511.6
-0.370031;-0.151912;0;-3219.54;-24129.2;-2519.02;-27184.6
-0.368093;-0.156549;0;-3219.73;-23797.3;-2488.7;-26857.4
-0.366096;-0.161163;0;-3219.96;-23465.4;-2458.37;-26530
-0.364042;-0.16575;0;-3220.22;-23133.4;-2428.03;-26202.7
-0.361931;-0.170312;0;-3220.51;-22801.4;-2397.69;-25875.2
-0.359762;-0.174846;0;-3220.84;-22469.4;-2367.36;-25547.9
-0.357537;-0.179353;0;-3221.19;-22137.6;-2337.03;-25220.6
-0.355255;-0.183832;0;-3214.99;-21590.5;-2287.14;-24682.2
-0.352916;-0.188282;0;-3208.66;-21025.2;-2235.58;-24125.7
-0.350523;-0.192701;0;-3219.66;-20431.4;-2177.89;-23503.2
-0.348074;-0.197091;0;-3242.86;-19800.8;-2114.21;-22815.9
-0.345569;-0.201449;0;-3266.08;-19169.9;-2050.49;-22128.3
-0.343011;-0.205776;0;-3289.32;-18538.8;-1986.76;-21440.5
-0.340398;-0.21007;0;-3312.57;-17907.6;-1923.01;-20752.6
-0.337731;-0.214331;0;-3335.84;-17276.4;-1859.27;-20064.7
-0.335011;-0.218558;0;-3359.11;-16645.3;-1795.54;-19377
-0.332238;-0.22275;0;-3382.39;-16014.4;-1731.83;-18689.4
-0.329413;-0.226908;0;-3405.67;-15383.8;-1668.15;-18002.2
-0.326536;-0.231029;0;-3424.75;-14740;-1603.91;-17308.9
-0.323607;-0.235114;0;-3442.27;-14088.6;-1538.95;-16608
-0.320627;-0.239162;0;-3459.74;-13437.7;-1474.04;-15907.4
-0.317596;-0.243172;0;-3470.09;-12776.8;-1407.2;-15186.2
-0.314515;-0.247144;0;-3397.01;-11930.2;-1312.08;-14159.6
-0.311385;-0.251077;0;-3213.15;-11028.4;-1207.58;-13031.8
-0.308205;-0.25497;0;-3029.14;-10125.9;-1102.98;-11903.1
-0.304977;-0.258822;0;-2845.02;-9222.84;-998.323;-10773.6
-0.301701;-0.262634;0;-2660.81;-8319.29;-893.607;-9643.56
-0.298376;-0.266405;0;-2476.54;-7415.43;-788.855;-8513.1
-0.295005;-0.270133;0;-2292.25;-6511.39;-684.083;-7382.43
-0.291587;-0.273819;0;-2107.95;-5607.33;-579.307;-6251.72
-0.288124;-0.277461;0;-1923.69;-4703.38;-474.544;-5121.14
-0.284614;-0.28106;0;-1739.49;-3799.69;-369.81;-3990.89
-0.28106;-0.284614;0;-1555.37;-2896.4;-265.123;-2861.13
-0.277461;-0.288124;0;-1260.36;-1775.43;-151.436;-1634.26
-0.273819;-0.291587;0;-947.544;-610.096;-34.7548;-375.064
-0.270133;-0.295005;0;-748.316;601.731;83.8132;904.488
-0.266405;-0.298376;0;-553.277;1840.64;204.853;2210.72
-0.262634;-0.301701;0;-358.105;3080.17;325.954;3517.61
-0.258822;-0.304977;0;-162.831;4320.13;447.098;4824.96
-0.25497;-0.308205;0;32.5138;5560.32;568.265;6132.55
-0.251077;-0.311385;0;227.9;6800.56;689.436;7440.2
-0.247144;-0.314515;0;423.295;8040.63;810.592;8747.68
-0.243172;-0.317596;0;618.669;9280.36;931.713;10054.8
-0.239162;-0.320627;0;813.991;10519.5;1052.78;11361.3
-0.235114;-0.323607;0;1009.23;11758;1173.78;12667.1
-0.231029;-0.326536;0;1204.36;12995.4;1294.68;13971.8
-0.226908;-0.329413;0;1369.8;14114.7;1409.85;15214.7
-0.22275;-0.332238;0;1507.21;15132.9;1522.21;16427.2
-0.218558;-0.335011;0;1868.14;15892.4;1614.75;17425.9
-0.214331;-0.337731;0;2240.24;16649.8;1707.42;18426
-0.21007;-0.340398;0;2612.48;17407.5;1800.14;19426.6
-0.205776;-0.343011;0;2984.8;18165.6;1892.9;20427.6
-0.201449;-0.345569;0;3357.15;18923.8;1985.68;21428.9
-0.197091;-0.348074;0;3729.47;19682.1;2078.47;22430.2
-0.192701;-0.350523;0;4101.7;20440.3;2171.25;23431.5
-0.188282;-0.352916;0;4473.78;21198.3;2264.01;24432.6
-0.183832;-0.355255;0;4845.65;21956;2356.74;25433.3
-0.179353;-0.357537;0;5217.25;22713.3;2449.41;26433.4
-0.174846;-0.359762;0;5588.52;23470;2542.02;27432.8
-0.170312;-0.361931;0;5800.34;23973.1;2590.13;27952
-0.16575;-0.364042;0;5769.93;23997.1;2600.62;28065.2
-0.161163;-0.366096;0;5718.12;23977.9;2608.1;28145.9
-0.156549;-0.368093;0;5666.3;23958.8;2615.6;28226.8
-0.151912;-0.370031;0;5614.49;23939.9;2623.11;28307.8
-0.14725;-0.371911;0;5562.69;23921.1;2630.62;28389
-0.142565;-0.373732;0;5510.9;23902.5;2638.15;28470.2
-0.137857;-0.375494;0;5459.15;23884;2645.69;28551.5
-0.133128;-0.377196;0;5407.44;23865.7;2653.23;28632.9
-0.128377;-0.378839;0;5355.77;23847.6;2660.78;28714.4
-0.123607;-0.380423;0;5304.16;23829.6;2668.34;28796
-0.118817;-0.381946;0;5252.6;23811.9;2675.9;28877.5
-0.114008;-0.383409;0;5201.12;23794.3;2683.46;28959.2
-0.109181;-0.384811;0;5147.98;23753.9;2688.7;29015.7
-0.104337;-0.386153;0;4995.99;23133.3;2601.76;28077.5
-0.099476;-0.387433;0;4833.57;22517.7;2508.43;27070.3
-0.0945996;-0.388653;0;4671.14;21901.8;2415.06;26062.6
-0.0897083;-0.389811;0;4508.7;21285.7;2321.65;25054.6
-0.0848028;-0.390907;0;4347.87;20669.8;2228.44;24048.7
-0.079884;-0.391942;0;4190.94;20052.6;2135.43;23045
-0.0749525;-0.392915;0;4034.7;19434.9;2042.44;22041.4
-0.0700092;-0.393826;0;3878.56;18817.4;1949.46;21038
-0.0650549;-0.394674;0;3722.54;18200;1856.51;20035
-0.0600902;-0.395461;0;3566.66;17582.9;1763.62;19032.5
-0.0551161;-0.396185;0;3410.97;16966.2;1670.79;18030.7
-0.0501333;-0.396846;0;3176.64;15664.2;1532.04;16533.3
-0.0451426;-0.397445;0;2976.91;14113.6;1378.17;14872.8
-0.0401447;-0.39798;0;2776.98;12562;1224.22;13211.4
-0.0351405;-0.398453;0;2576.89;11009.9;1070.2;11549.3
-0.0301307;-0.398864;0;2367.43;9457.94;916.488;9890.49
-0.0251162;-0.399211;0;2155.09;7901.91;762.432;8227.95
-0.0200977;-0.399495;0;1942.68;6345.77;608.366;6565.32
-0.0150761;-0.399716;0;1730.23;4789.76;454.315;4902.83
-0.010052;-0.399874;0;1517.78;3234.13;300.302;3240.77
-0.00502642;-0.399968;0;1305.35;1679.12;146.352;1579.39
-7.34788e-17;-0.4;0;1092.99;124.973;-7.51027;-81.0488
0.00502642;-0.399968;0;807.117;-1403.11;-159.047;-1716.39
0.010052;-0.399874;0;342.872;-2904.69;-308.56;-3329.89
0.0150761;-0.399716;0;-121.833;-4407.52;-458.196;-4944.72
0.0200977;-0.399495;0;-586.925;-5911.38;-607.933;-6560.64
0.0251162;-0.399211;0;-1052.33;-7416.03;-757.746;-8177.39
0.0301307;-0.398864;0;-1517.98;-8921.22;-907.613;-9794.7
0.0351405;-0.398453;0;-1983.79;-10426.7;-1057.51;-11412.3
0.0401447;-0.39798;0;-2449.69;-11932.3;-1207.41;-13030
0.0451426;-0.397445;0;-2915.62;-13437.7;-1357.29;-14647.5
0.0501333;-0.396846;0;-3381.49;-14942.7;-1507.14;-16264.6
0.0551161;-0.396185;0;-3730.18;-16325.4;-1655;-17860.3
0.0600902;-0.395461;0;-4078.43;-17710.9;-1803.36;-19461.3
0.0650549;-0.394674;0;-4314.4;-18455.7;-1889.23;-20388
0.0700092;-0.393826;0;-4549.37;-19184.4;-1973.75;-21300.1
0.0749525;-0.392915;0;-4784.35;-19913.2;-2058.28;-22212.4
0.079884;-0.391942;0;-5019.31;-20641.8;-2142.81;-23124.7
0.0848028;-0.390907;0;-5230.15;-21337.7;-2224.85;-24009.9
0.0897083;-0.389811;0;-5422.82;-22024.1;-2306.67;-24892.9
0.0945996;-0.388653;0;-5615.5;-22710.5;-2388.51;-25776.1
0.099476;-0.387433;0;-5808.14;-23397.1;-2470.35;-26659.3
0.104337;-0.386153;0;-6000.73;-24083.6;-2552.19;-27542.5
0.109181;-0.384811;0;-6193.22;-24769.9;-2634;-28425.4
0.114008;-0.383409;0;-6385.59;-25456;-2715.78;-29307.9
0.118817;-0.381946;0;-6378.88;-25616.9;-2736.09;-29527.1
0.123607;-0.380423;0;-6261.09;-25490.9;-2722.87;-29384.4
0.128377;-0.378839;0;-6143.23;-25364.7;-2709.65;-29241.7
0.133128;-0.377196;0;-6025.31;-25238.6;-2696.42;-29099
0.137857;-0.375494;0;-5907.34;-25112.5;-2683.2;-28956.3
0.142565;-0.373732;0;-5789.35;-24986.4;-2669.97;-28813.6
0.14725;-0.371911;0;-5671.36;-24860.4;-2656.75;-28670.9
0.151912;-0.370031;0;-5553.37;-24734.5;-2643.54;-28528.4
0.156549;-0.368093;0;-5435.42;-24608.6;-2630.34;-28385.9
0.161163;-0.366096;0;-5317.52;-24482.9;-2617.14;-28243.5
0.16575;-0.364042;0;-5199.68;-24357.3;-2603.96;-28101.2
0.170312;-0.361931;0;-5083.48;-24169.2;-2584.06;-27886.4
0.174846;-0.359762;0;-4928.62;-23764.3;-2540.02;-27411.1
0.179353;-0.357537;0;-4656.55;-22924.5;-2446.97;-26407.1
0.183832;-0.355255;0;-4384.3;-22084.2;-2353.87;-25402.4
0.188282;-0.352916;0;-4111.91;-21243.6;-2260.73;-24397.2
0.192701;-0.350523;0;-3839.43;-20402.7;-2167.56;-23391.7
0.197091;-0.348074;0;-3566.89;-19561.7;-2074.38;-22386.1
0.201449;-0.345569;0;-3294.33;-18720.8;-1981.2;-21380.6
0.205776;-0.343011;0;-3021.81;-17880;-1888.04;-20375.2
0.21007;-0.340398;0;-2749.37;-17039.5;-1794.9;-19370.1
0.214331;-0.337731;0;-2477.04;-16199.4;-1701.82;-18365.5
0.218558;-0.335011;0;-2204.88;-15359.9;-1608.79;-17361.6
0.22275;-0.332238;0;-1932.91;-14521.1;-1515.84;-16358.5
0.226908;-0.329413;0;-1672.36;-13539.3;-1410.1;-15217.4
0.231029;-0.326536;0;-1408.69;-12415.4;-1288.54;-13905.6
0.235114;-0.323607;0;-1144.81;-11290.5;-1166.89;-12592.7
0.239162;-0.320627;0;-880.755;-10164.8;-1045.15;-11279
0.243172;-0.317596;0;-616.569;-9038.65;-923.357;-9964.61
0.247144;-0.314515;0;-352.294;-7912.07;-801.52;-8649.78
0.251077;-0.311385;0;-87.971;-6785.29;-679.661;-7334.71
0.25497;-0.308205;0;176.357;-5658.48;-557.799;-6019.61
0.258822;-0.304977;0;440.649;-4531.82;-435.953;-4704.68
0.262634;-0.301701;0;704.863;-3405.5;-314.143;-3390.15
0.266405;-0.298376;0;968.957;-2279.68;-192.389;-2076.2
0.270133;-0.295005;0;1232.89;-1154.54;-70.7081;-763.062
0.273819;-0.291587;0;1496.62;-30.2692;50.879;549.072
0.277461;-0.288124;0;1760.69;1089.06;171.006;1845.45
0.28106;-0.284614;0;1915.05;2085.03;278.502;3005.52
0.284614;-0.28106;0;2019.64;3032.1;382.206;4124.66
0.288124;-0.277461;0;2124.29;3979.69;485.965;5244.39
0.291587;-0.273819;0;2229.01;4927.67;589.761;6364.53
0.295005;-0.270133;0;2333.76;5875.87;693.579;7484.91
0.298376;-0.266405;0;2438.53;6824.16;797.402;8605.34
0.301701;-0.262634;0;2543.31;7772.37;901.214;9725.64
0.304977;-0.258822;0;2648.08;8720.36;1005;10845.7
0.308205;-0.25497;0;2752.83;9667.99;1108.74;11965.2
0.311385;-0.251077;0;2857.53;10615.1;1212.42;13084.1
0.314515;-0.247144;0;2962.16;11561.5;1316.02;14202.1
0.317596;-0.243172;0;3093.28;12472.1;1413.54;15254.5
0.320627;-0.239162;0;3088.07;13096.7;1478.55;15956.1
0.323607;-0.235114;0;3082.93;13721.9;1543.62;16658.3
0.326536;-0.231029;0;3077.87;14347.6;1608.73;17361
0.329413;-0.226908;0;3072.88;14973.7;1673.88;18064
0.332238;-0.22275;0;3067.97;15600;1739.05;18767.4
0.335011;-0.218558;0;3063.13;16226.6;1804.24;19470.8
0.337731;-0.214331;0;3058.38;16853.2;1869.43;20174.4
0.340398;-0.21007;0;3053.7;17479.8;1934.61;20877.8
0.343011;-0.205776;0;3049.1;18106.2;1999.78;21581.1
0.345569;-0.201449;0;3044.58;18732.5;2064.92;22284.1
0.348074;-0.197091;0;3040.14;19358.4;2130.03;22986.7
0.350523;-0.192701;0;3035.79;19983.9;2195.09;23688.7
0.352916;-0.188282;0;3031.52;20609;2260.08;24390.2
0.355255;-0.183832;0;2996.35;21113.1;2309.08;24918.9
0.357537;-0.179353;0;2957.41;21546.7;2339.12;25243.2
0.359762;-0.174846;0;2918.52;21980.5;2369.18;25567.6
0.361931;-0.170312;0;2892.27;22395;2397.75;25875.8
0.364042;-0.16575;0;2868.98;22806.7;2426.09;26181.7
0.366096;-0.161163;0;2845.72;23218.5;2454.43;26487.6
0.368093;-0.156549;0;2822.5;23630.3;2482.78;26793.5
0.370031;-0.151912;0;2799.33;24042.1;2511.13;27099.4
0.371911;-0.14725;0;2776.21;24453.9;2539.47;27405.3
0.373732;-0.142565;0;2753.15;24865.5;2567.8;27711
0.375494;-0.137857;0;2730.14;25276.9;2596.12;28016.6
0.377196;-0.133128;0;2707.2;25688;2624.42;28322
0.378839;-0.128377;0;2643.59;26072.6;2652.76;28627.9
0.380423;-0.123607;0;2557.01;26331;2676.54;28884.5
0.381946;-0.118817;0;2617.99;26328.1;2686.03;28986.9
0.383409;-0.114008;0;2678.96;26325.3;2695.52;29089.3
0.384811;-0.109181;0;2739.92;26322.3;2705.01;29191.7
0.386153;-0.104337;0;2796.85;26312.7;2714.05;29289.3
0.387433;-0.099476;0;2850.97;26289.2;2722.32;29378.6
0.388653;-0.0945996;0;2905.14;26265.7;2730.6;29467.9
0.389811;-0.0897083;0;2959.36;26242.2;2738.88;29557.2
0.390907;-0.0848028;0;3013.61;26218.6;2747.16;29646.6
0.391942;-0.079884;0;3067.89;26195.1;2755.44;29735.9
0.392915;-0.0749525;0;3122.18;26171.6;2763.71;29825.2
0.393826;-0.0700092;0;3176.48;26148;2771.98;29914.5
0.394674;-0.0650549;0;3230.78;26124.5;2780.25;30003.7
0.395461;-0.0600902;0;3285.07;26101;2788.51;30092.9
0.396185;-0.0551161;0;3271.31;26144.6;2792.64;30137.3
0.396846;-0.0501333;0;3226.11;26220.5;2795.05;30163.4
0.397445;-0.0451426;0;3180.92;26296.5;2797.46;30189.4
0.39798;-0.0401447;0;3141.25;26365.5;2799.07;30206.8
0.398453;-0.0351405;0;3104.45;26429.9;2800;30216.8
0.398864;-0.0301307;0;3067.64;26494.4;2800.93;30226.8
0.399211;-0.0251162;0;3030.8;26559;2801.86;30236.9
0.399495;-0.0200977;0;2993.97;26623.5;2802.79;30246.9
0.399716;-0.0150761;0;2957.13;26688.1;2803.72;30257
0.399874;-0.010052;0;2920.29;26752.6;2804.65;30267
0.399968;-0.00502642;0;2883.47;26817.2;2805.59;30277.1
