0.4;0;0;1012.47;26996.4;2806.5;30287
0.399968;0.00502642;0;1256.07;26904.4;2805.5;30276.2
0.399874;0.010052;0;1504.61;26810.5;2804.49;30265.2
0.399716;0.0150761;0;1753.22;26716.6;2803.47;30254.3
0.399495;0.0200977;0;2001.86;26622.8;2802.45;30243.3
0.399211;0.0251162;0;2250.51;26528.9;2801.44;30232.3
0.398864;0.0301307;0;2499.11;26435;2800.42;30221.4
0.398453;0.0351405;0;2747.63;26341.2;2799.4;30210.4
0.39798;0.0401447;0;2996.02;26247.5;2798.39;30199.4
0.397445;0.0451426;0;3327.33;26305.1;2796.28;30176.7
0.396846;0.0501333;0;3703.29;26431.1;2793.6;30147.8
0.396185;0.0551161;0;4079.17;26557.2;2790.92;30118.9
0.395461;0.0600902;0;4454.9;26683.3;2788.25;30090
0.394674;0.0650549;0;4445.96;26537.8;2780.85;30010.1
0.393826;0.0700092;0;4385.03;26350.8;2772.56;29920.6
0.392915;0.0749525;0;4324.1;26163.8;2764.26;29831.1
0.391942;0.079884;0;4263.16;25976.9;2755.96;29741.6
0.390907;0.0848028;0;4202.23;25790.1;2747.66;29652
0.389811;0.0897083;0;4141.32;25603.5;2739.36;29562.4
0.388653;0.0945996;0;4080.43;25416.9;2731.06;29472.8
0.387433;0.099476;0;4019.58;25230.6;2722.76;29383.3
0.386153;0.104337;0;3953.34;25080;2714.04;29289.2
0.384811;0.109181;0;3865.49;24998.6;2703.86;29179.3
0.383409;0.114008;0;3777.6;24917.3;2693.69;29069.5
0.381946;0.118817;0;3689.68;24836.1;2683.51;28959.7
0.380423;0.123607;0;3601.74;24755;2673.33;28849.9
0.378839;0.128377;0;3565.53;24493.5;2650.32;28601.6
0.377196;0.133128;0;3553.64;24133.4;2620.11;28275.5
0.375494;0.137857;0;3608.28;23878.3;2591.78;27969.8
0.373732;0.142565;0;3663.63;23624.8;2563.47;27664.2
0.371911;0.14725;0;3718.87;23371.1;2535.14;27358.5
0.370031;0.151912;0;3774;23117.4;2506.8;27052.7
0.368093;0.156549;0;3829.01;22863.7;2478.46;26746.8
0.366096;0.161163;0;3883.89;22610;2450.11;26440.9
0.364042;0.16575;0;3938.63;22356.4;2421.77;26135.1
0.361931;0.170312;0;3993.23;22102.9;2393.44;25829.3
0.359762;0.174846;0;4047.68;21849.6;2365.12;25523.7
0.357537;0.179353;0;4101.96;21596.5;2336.81;25218.2
0.355255;0.183832;0;4156.07;21343.5;2308.52;24912.9
0.352916;0.188282;0;4147.47;20891.2;2260.85;24398.5
0.350523;0.192701;0;4073.23;20234.7;2195.69;23695.3
0.348074;0.197091;0;3998.85;19577.7;2130.47;22991.4
0.345569;0.201449;0;3924.36;18920.4;2065.2;22287.1
0.343011;0.205776;0;3849.74;18262.7;1999.9;21582.3
0.340398;0.21007;0;3775.03;17604.9;1934.57;20877.3
0.337731;0.214331;0;3700.23;16946.9;1869.22;20172.1
0.335011;0.218558;0;3625.35;16289;1803.87;19466.9
0.332238;0.22275;0;3550.4;15631.2;1738.52;18761.7
0.329413;0.226908;0;3475.4;14973.6;1673.19;18056.6
0.326536;0.231029;0;3400.36;14316.3;1607.88;17351.8
0.323607;0.235114;0;3323.36;13661;1542.57;16647
0.320627;0.239162;0;3249.25;13007.2;1477.14;15940.9
0.317596;0.243172;0;3175.34;12354.1;1411.77;15235.4
0.314515;0.247144;0;3021.09;11491.9;1322.45;14271.5
0.311385;0.251077;0;2826.27;10511.9;1218.85;13153.5
0.308205;0.25497;0;2631.35;9531.22;1115.17;12034.6
0.304977;0.258822;0;2436.58;8549.64;1011.38;10914.5
0.301701;0.262634;0;2242.17;7566.96;907.441;9792.84
0.298376;0.266405;0;2047.48;6583.08;803.403;8670.1
0.295005;0.270133;0;1852.43;5597.69;699.243;7546.03
0.291587;0.273819;0;1657.37;4612.28;595.084;6421.98
0.288124;0.277461;0;1462.33;3627;490.944;5298.13
0.284614;0.28106;0;1267.34;2642.02;386.839;4174.66
0.28106;0.284614;0;1072.43;1657.49;282.785;3051.74
0.277461;0.288124;0;869.247;674.778;176.654;1906.4
0.273819;0.291587;0;577.336;-445.563;55.3972;597.831
0.270133;0.295005;0;285.172;-1566.87;-65.9718;-711.95
0.266405;0.298376;0;-7.19755;-2688.97;-187.434;-2022.74
0.262634;0.301701;0;-299.727;-3811.69;-308.971;-3334.33
0.258822;0.304977;0;-592.371;-4934.84;-430.564;-4646.52
0.25497;0.308205;0;-885.082;-6058.25;-552.192;-5959.1
0.251077;0.311385;0;-1177.6;-7180.94;-673.925;-7272.81
0.247144;0.314515;0;-1469.72;-8303.84;-795.686;-8586.82
0.243172;0.317596;0;-1758.79;-9429.82;-917.589;-9902.36
0.239162;0.320627;0;-2047.64;-10555.5;-1039.45;-11217.5
0.235114;0.323607;0;-2336.21;-11680.8;-1161.26;-12532
0.231029;0.326536;0;-2624.47;-12805.4;-1282.99;-13845.7
0.226908;0.329413;0;-2912.36;-13929.2;-1404.63;-15158.4
0.22275;0.332238;0;-3208.68;-14896.2;-1510.77;-16303.8
0.218558;0.335011;0;-3480.29;-15718.3;-1602.76;-17296.5
0.214331;0.337731;0;-3752.08;-16541.1;-1694.83;-18290.1
0.21007;0.340398;0;-4023.99;-17364.5;-1786.96;-19284.3
0.205776;0.343011;0;-4296;-18188.5;-1879.14;-20279.1
0.201449;0.345569;0;-4568.05;-19012.9;-1971.35;-21274.2
0.197091;0.348074;0;-4840.1;-19837.6;-2063.58;-22269.6
0.192701;0.350523;0;-5112.11;-20662.4;-2155.81;-23264.9
0.188282;0.352916;0;-5384.04;-21487.2;-2248.04;-24260.2
0.183832;0.355255;0;-5655.85;-22311.9;-2340.24;-25255.2
0.179353;0.357537;0;-5927.48;-23136.4;-2432.39;-26249.7
0.174846;0.359762;0;-6198.9;-23960.4;-2524.5;-27243.7
0.170312;0.361931;0;-6343.05;-24578.6;-2597.61;-28032.7
0.16575;0.364042;0;-6180.84;-24644.3;-2615.24;-28222.9
0.161163;0.366096;0;-6018.95;-24707.7;-2632.48;-28409
0.156549;0.368093;0;-5856.9;-24771.2;-2649.73;-28595.2
0.151912;0.370031;0;-5694.71;-24834.8;-2667;-28781.6
0.14725;0.371911;0;-5532.42;-24898.3;-2684.29;-28968.1
0.142565;0.373732;0;-5370.04;-24961.9;-2701.58;-29154.7
0.137857;0.375494;0;-5207.6;-25025.6;-2718.88;-29341.3
0.133128;0.377196;0;-5045.13;-25089.2;-2736.18;-29528.1
0.128377;0.378839;0;-4882.65;-25152.9;-2753.48;-29714.8
0.123607;0.380423;0;-4720.19;-25216.5;-2770.78;-29901.5
0.118817;0.381946;0;-4644.33;-24908.9;-2742.39;-29595.1
0.114008;0.383409;0;-4659.9;-24157.6;-2660.12;-28707.3
0.109181;0.384811;0;-4675.47;-23405.9;-2577.81;-27819
0.104337;0.386153;0;-4691.04;-22654.1;-2495.49;-26930.6
0.099476;0.387433;0;-4706.62;-21902.2;-2413.15;-26042
0.0945996;0.388653;0;-4722.18;-21150.3;-2330.81;-25153.5
0.0897083;0.389811;0;-4737.74;-20398.5;-2248.49;-24265.1
0.0848028;0.390907;0;-4753.3;-19647.1;-2166.2;-23377.1
0.079884;0.391942;0;-4768.83;-18896;-2083.95;-22489.5
0.0749525;0.392915;0;-4784.36;-18145.4;-2001.76;-21602.4
0.0700092;0.393826;0;-4799.87;-17395.4;-1919.64;-20716.2
0.0650549;0.394674;0;-4815.35;-16646.2;-1837.59;-19830.8
0.0600902;0.395461;0;-4830.82;-15897.8;-1755.64;-18946.4
0.0551161;0.396185;0;-4846.26;-15150.4;-1673.8;-18063.1
0.0501333;0.396846;0;-4446.85;-13831.3;-1528.15;-16491.3
0.0451426;0.397445;0;-4000.3;-12423.6;-1373.21;-14819.3
0.0401447;0.39798;0;-3553.25;-11014.3;-1218.1;-13145.4
0.0351405;0.398453;0;-3105.76;-9603.58;-1062.83;-11469.8
0.0301307;0.398864;0;-2657.89;-8191.74;-907.441;-9792.85
0.0251162;0.399211;0;-2209.73;-6778.97;-751.946;-8114.79
0.0200977;0.399495;0;-1761.35;-5365.49;-596.372;-6435.88
0.0150761;0.399716;0;-1312.81;-3951.53;-440.745;-4756.4
0.010052;0.399874;0;-864.18;-2537.31;-285.089;-3076.6
0.00502642;0.399968;0;-415.539;-1123.06;-129.429;-1396.76
2.44929e-17;0.4;0;33.0452;291.007;26.2121;282.874
-0.00502642;0.399968;0;481.502;1704.66;181.808;1962.02
-0.010052;0.399874;0;929.761;3117.68;337.335;3640.43
-0.0150761;0.399716;0;1377.75;4529.85;492.768;5317.82
-0.0200977;0.399495;0;1825.4;5940.93;648.083;6993.93
-0.0251162;0.399211;0;2272.64;7350.71;803.255;8668.5
-0.0301307;0.398864;0;2719.4;8758.97;958.26;10341.3
-0.0351405;0.398453;0;3129.24;10149.2;1109.26;11970.8
-0.0401447;0.39798;0;3436.54;11325.1;1236.91;13348.3
-0.0451426;0.397445;0;3693.81;12290.8;1345.05;14515.4
-0.0501333;0.396846;0;3951.28;13257.3;1453.29;15683.5
-0.0551161;0.396185;0;4208.91;14224.5;1561.61;16852.4
-0.0600902;0.395461;0;4466.66;15192.3;1669.99;18022
-0.0650549;0.394674;0;4724.48;16160.5;1778.41;19192.1
-0.0700092;0.393826;0;4982.33;17129;1886.86;20362.4
-0.0749525;0.392915;0;5240.18;18097.6;1995.32;21532.9
-0.079884;0.391942;0;5497.98;19066.2;2103.77;22703.3
-0.0848028;0.390907;0;5755.7;20034.6;2212.19;23873.4
-0.0897083;0.389811;0;6013.28;21002.6;2320.58;25043
-0.0945996;0.388653;0;6270.7;21970.2;2428.9;26212
-0.099476;0.387433;0;6527.91;22937.1;2537.15;27380.2
-0.104337;0.386153;0;6723.53;23718.9;2624.74;28325.5
-0.109181;0.384811;0;6753.21;23999.4;2650.92;28608
-0.114008;0.383409;0;6705.27;24039.5;2644.31;28536.7
-0.118817;0.381946;0;6657.29;24079.6;2637.71;28465.4
-0.123607;0.380423;0;6609.27;24119.8;2631.11;28394.2
-0.128377;0.378839;0;6561.22;24160.2;2624.52;28323.1
-0.133128;0.377196;0;6513.14;24200.6;2617.94;28252
-0.137857;0.375494;0;6465.05;24241.2;2611.37;28181.1
-0.142565;0.373732;0;6416.95;24281.8;2604.8;28110.3
-0.14725;0.371911;0;6368.86;24322.5;2598.26;28039.6
-0.151912;0.370031;0;6320.41;24376.4;2592.92;27982
-0.156549;0.368093;0;6271.97;24461.7;2589.6;27946.3
-0.161163;0.366096;0;6223.58;24547.2;2586.3;27910.7
-0.16575;0.364042;0;6175.22;24632.8;2583.02;27875.2
-0.170312;0.361931;0;6126.9;24718.7;2579.75;27839.9
-0.174846;0.359762;0;6017.22;24379.6;2539.56;27406.2
-0.179353;0.357537;0;5767.74;23620.6;2447.84;26416.4
-0.183832;0.355255;0;5518.09;22861;2356.05;25425.8
-0.188282;0.352916;0;5268.33;22101.1;2264.21;24434.8
-0.192701;0.350523;0;5018.48;21340.9;2172.34;23443.3
-0.197091;0.348074;0;4768.59;20580.5;2080.45;22451.6
-0.201449;0.345569;0;4518.7;19820.1;1988.55;21459.9
-0.205776;0.343011;0;4268.84;19059.8;1896.66;20468.2
-0.21007;0.340398;0;4019.06;18299.7;1804.79;19476.8
-0.214331;0.337731;0;3769.4;17539.9;1712.96;18485.8
-0.218558;0.335011;0;3519.89;16780.6;1621.18;17495.3
-0.22275;0.332238;0;3200.94;15966.8;1525.03;16457.6
-0.226908;0.329413;0;2652.43;14957.7;1412.29;15241
-0.231029;0.326536;0;2319.86;13853.7;1292.56;13948.9
-0.235114;0.323607;0;1983.67;12734.3;1171.16;12638.8
-0.239162;0.320627;0;1647.16;11614.2;1049.68;11327.8
-0.243172;0.317596;0;1310.39;10493.5;928.139;10016.2
-0.247144;0.314515;0;973.402;9372.46;806.558;8704.15
-0.251077;0.311385;0;636.261;8251.22;684.956;7391.85
-0.25497;0.308205;0;299.017;7129.95;563.351;6079.52
-0.258822;0.304977;0;-38.2778;6008.84;441.762;4767.37
-0.262634;0.301701;0;-375.57;4888.06;320.209;3455.61
-0.266405;0.298376;0;-712.805;3767.8;198.712;2144.44
-0.270133;0.295005;0;-1049.93;2648.21;77.2882;834.073
-0.273819;0.291587;0;-1386.9;1529.5;-44.0419;-475.287
-0.277461;0.288124;0;-1551.5;383.378;-160.648;-1733.66
-0.28106;0.284614;0;-1671.84;-731.304;-271.124;-2925.89
-0.284614;0.28106;0;-1837.42;-1781.48;-375.748;-4054.97
-0.288124;0.277461;0;-2003.09;-2832.2;-480.42;-5184.56
-0.291587;0.273819;0;-2168.82;-3883.28;-585.122;-6314.47
-0.295005;0.270133;0;-2334.59;-4934.56;-689.837;-7444.53
-0.298376;0.266405;0;-2500.37;-5985.89;-794.55;-8574.56
-0.301701;0.262634;0;-2666.14;-7037.08;-899.244;-9704.38
-0.304977;0.258822;0;-2831.87;-8087.98;-1003.9;-10833.8
-0.308205;0.25497;0;-2997.53;-9138.41;-1108.51;-11962.7
-0.311385;0.251077;0;-3163.1;-10188.2;-1213.04;-13090.8
-0.314515;0.247144;0;-3328.56;-11237.2;-1317.49;-14218
-0.317596;0.243172;0;-3511.85;-12192.7;-1410.13;-15217.7
-0.320627;0.239162;0;-3569.96;-12829.1;-1475.25;-15920.5
-0.323607;0.235114;0;-3628.19;-13466.2;-1540.43;-16623.9
-0.326536;0.231029;0;-3686.54;-14103.7;-1605.65;-17327.7
-0.329413;0.226908;0;-3744.99;-14741.6;-1670.9;-18031.9
-0.332238;0.22275;0;-3803.54;-15379.9;-1736.17;-18736.3
-0.335011;0.218558;0;-3862.2;-16018.3;-1801.45;-19440.8
-0.337731;0.214331;0;-3922.72;-16671.8;-1866.21;-20139.6
-0.340398;0.21007;0;-3979;-17332.5;-1931.12;-20840.1
-0.343011;0.205776;0;-4035.19;-17993.1;-1996.02;-21540.5
-0.345569;0.201449;0;-4091.29;-18653.7;-2060.89;-22240.6
-0.348074;0.197091;0;-4147.28;-19314;-2125.74;-22940.4
-0.350523;0.192701;0;-4203.16;-19974.1;-2190.55;-23639.8
-0.352916;0.188282;0;-4258.91;-20633.7;-2255.3;-24338.6
-0.355255;0.183832;0;-4347.85;-21044;-2310.72;-24936.6
-0.357537;0.179353;0;-4355.8;-21328.9;-2341.27;-25266.3
-0.359762;0.174846;0;-4362.77;-21615.8;-2371.78;-25595.6
-0.361931;0.170312;0;-4369.65;-21902.7;-2402.31;-25925
-0.364042;0.16575;0;-4376.47;-22189.6;-2432.84;-26254.5
-0.366096;0.161163;0;-4383.21;-22476.3;-2463.37;-26584
-0.368093;0.156549;0;-4389.87;-22763;-2493.89;-26913.4
-0.370031;0.151912;0;-4396.45;-23049.5;-2524.4;-27242.7
-0.371911;0.14725;0;-4402.95;-23335.8;-2554.9;-27571.8
-0.373732;0.142565;0;-4409.38;-23621.8;-2585.38;-27900.7
-0.375494;0.137857;0;-4415.72;-23907.6;-2615.84;-28229.4
-0.377196;0.133128;0;-4384.28;-24252;-2644.58;-28539.6
-0.378839;0.128377;0;-4361.64;-24435.8;-2657.65;-28680.6
-0.380423;0.123607;0;-4365.28;-24543.4;-2667.93;-28791.6
-0.381946;0.118817;0;-4368.82;-24651.2;-2678.22;-28902.6
-0.383409;0.114008;0;-4372.25;-24759.1;-2688.52;-29013.7
-0.384811;0.109181;0;-4375.58;-24867.2;-2698.82;-29124.9
-0.386153;0.104337;0;-4378.81;-24975.4;-2709.12;-29236.1
-0.387433;0.099476;0;-4381.93;-25083.6;-2719.42;-29347.2
-0.388653;0.0945996;0;-4384.95;-25192;-2729.73;-29458.4
-0.389811;0.0897083;0;-4387.87;-25300.5;-2740.03;-29569.6
-0.390907;0.0848028;0;-4390.67;-25409;-2750.32;-29680.7
-0.391942;0.079884;0;-4393.38;-25517.5;-2760.61;-29791.8
-0.392915;0.0749525;0;-4395.97;-25626;-2770.9;-29902.7
-0.393826;0.0700092;0;-4398.46;-25734.6;-2781.17;-30013.6
-0.394674;0.0650549;0;-4401.8;-25840;-2791.34;-30123.4
-0.395461;0.0600902;0;-4426.69;-25851;-2793.9;-30151
-0.396185;0.0551161;0;-4447.4;-25874.5;-2795.57;-30169
-0.396846;0.0501333;0;-4468;-25898.1;-2797.23;-30187
-0.397445;0.0451426;0;-4488.48;-25921.7;-2798.9;-30204.9
-0.39798;0.0401447;0;-4508.84;-25945.3;-2800.56;-30222.9
-0.398453;0.0351405;0;-4525.12;-25969.7;-2802.18;-30240.3
-0.398864;0.0301307;0;-4541.58;-25999.2;-2803.74;-30257.1
-0.399211;0.0251162;0;-4558.67;-26030.8;-2805.28;-30273.8
-0.399495;0.0200977;0;-4575.8;-26062.5;-2806.82;-30290.4
-0.399716;0.0150761;0;-4592.98;-26094.4;-2808.36;-30307
-0.399874;0.010052;0;-4610.2;-26126.4;-2809.9;-30323.6
-0.399968;0.00502642;0;-4627.46;-26158.5;-2811.43;-30340.2
-0.4;4.89859e-17;0;-4644.76;-26190.8;-2812.96;-30356.7
-0.399968;-0.00502642;0;-4644.25;-26176.5;-2811.88;-30345
-0.399874;-0.010052;0;-4642.78;-26151.3;-2810.25;-30327.4
-0.399716;-0.0150761;0;-4641.35;-26126.3;-2808.62;-30309.8
-0.399495;-0.0200977;0;-4639.97;-26101.5;-2806.99;-30292.2
-0.399211;-0.0251162;0;-4638.63;-26076.8;-2805.35;-30274.6
-0.398864;-0.0301307;0;-4637.33;-26052.2;-2803.72;-30256.9
-0.398453;-0.0351405;0;-4636.08;-26027.9;-2802.08;-30239.3
-0.39798;-0.0401447;0;-4634.87;-26003.6;-2800.44;-30221.6
-0.397445;-0.0451426;0;-4633.7;-25979.6;-2798.8;-30203.9
-0.396846;-0.0501333;0;-4632.58;-25955.7;-2797.16;-30186.2
-0.396185;-0.0551161;0;-4631.5;-25932;-2795.52;-30168.5
-0.395461;-0.0600902;0;-4630.47;-25908.5;-2793.88;-30150.8
-0.394674;-0.0650549;0;-4629.3;-25885.7;-2792.23;-30133
-0.393826;-0.0700092;0;-4666.28;-25800.2;-2782.67;-30029.7
-0.392915;-0.0749525;0;-4704.14;-25713.1;-2772.8;-29923.3
-0.391942;-0.079884;0;-4742;-25626;-2762.93;-29816.8
-0.390907;-0.0848028;0;-4779.87;-25539;-2753.05;-29710.2
-0.389811;-0.0897083;0;-4817.73;-25452.1;-2743.16;-29603.5
-0.388653;-0.0945996;0;-4855.58;-25365.3;-2733.27;-29496.7
-0.387433;-0.099476;0;-4893.41;-25278.7;-2723.38;-29389.9
-0.386153;-0.104337;0;-4931.22;-25192.1;-2713.48;-29283.2
-0.384811;-0.109181;0;-4969;-25105.8;-2703.59;-29176.4
-0.383409;-0.114008;0;-5006.74;-25019.5;-2693.69;-29069.6
-0.381946;-0.118817;0;-5044.44;-24933.5;-2683.8;-28962.8
-0.380423;-0.123607;0;-5082.1;-24847.6;-2673.92;-28856.1
-0.378839;-0.128377;0;-5092.93;-24734.9;-2661.99;-28727.4
-0.377196;-0.133128;0;-4912.6;-24421.7;-2634.44;-28430.1
-0.375494;-0.137857;0;-4732.12;-24108.6;-2606.86;-28132.6
-0.373732;-0.142565;0;-4551.51;-23795.6;-2579.28;-27834.9
-0.371911;-0.14725;0;-4331.81;-23536;-2549.33;-27511.6
-0.370031;-0.151912;0;-4108.4;-23274.5;-2519.02;-27184.6
-0.368093;-0.156549;0;-3884.85;-23012.9;-2488.7;-26857.4
-0.366096;-0.161163;0;-3661.18;-22751.2;-2458.37;-26530
-0.364042;-0.16575;0;-3437.43;-22489.5;-2428.03;-26202.7
-0.361931;-0.170312;0;-3213.63;-22227.9;-2397.69;-25875.2
-0.359762;-0.174846;0;-2989.82;-21966.3;-2367.36;-25547.9
-0.357537;-0.179353;0;-2766.04;-21704.8;-2337.03;-25220.6
-0.355255;-0.183832;0;-2726;-21281.4;-2287.14;-24682.2
-0.352916;-0.188282;0;-2691.71;-20844.3;-2235.58;-24125.7
-0.350523;-0.192701;0;-2732.43;-20253.4;-2177.89;-23503.2
-0.348074;-0.197091;0;-2828.96;-19534.2;-2114.21;-22815.9
-0.345569;-0.201449;0;-2925.48;-18814.7;-2050.49;-22128.3
-0.343011;-0.205776;0;-3021.98;-18095.1;-1986.76;-21440.5
-0.340398;-0.21007;0;-3118.43;-17375.5;-1923.01;-20752.6
-0.337731;-0.214331;0;-3214.83;-16655.9;-1859.27;-20064.7
-0.335011;-0.218558;0;-3311.15;-15936.6;-1795.54;-19377
-0.332238;-0.22275;0;-3407.39;-15217.6;-1731.83;-18689.4
-0.329413;-0.226908;0;-3503.52;-14499.1;-1668.15;-18002.2
-0.326536;-0.231029;0;-3603.28;-13838.3;-1603.91;-17308.9
-0.323607;-0.235114;0;-3708.4;-13178.5;-1538.95;-16608
-0.320627;-0.239162;0;-3813.55;-12519.2;-1474.04;-15907.4
-0.317596;-0.243172;0;-3890.43;-11839.1;-1407.2;-15186.2
-0.314515;-0.247144;0;-3702.59;-10870;-1312.08;-14159.6
-0.311385;-0.251077;0;-3515.19;-9870.72;-1207.58;-13031.8
-0.308205;-0.25497;0;-3327.67;-8870.69;-1102.98;-11903.1
-0.304977;-0.258822;0;-3140.05;-7870.05;-998.323;-10773.6
-0.301701;-0.262634;0;-2952.37;-6868.96;-893.607;-9643.56
-0.298376;-0.266405;0;-2764.65;-5867.58;-788.855;-8513.1
-0.295005;-0.270133;0;-2576.93;-4866.06;-684.083;-7382.43
-0.291587;-0.273819;0;-2389.22;-3864.57;-579.307;-6251.72
-0.288124;-0.277461;0;-2201.57;-2863.25;-474.544;-5121.14
-0.284614;-0.28106;0;-2014;-1862.28;-369.81;-3990.89
-0.28106;-0.284614;0;-1826.54;-861.8;-265.123;-2861.13
-0.277461;-0.288124;0;-1712.05;283.718;-151.436;-1634.26
-0.273819;-0.291587;0;-1604.12;1465.42;-34.7548;-375.064
-0.270133;-0.295005;0;-1296.09;2601.68;83.8132;904.488
-0.266405;-0.298376;0;-967.213;3757.8;204.853;2210.72
-0.262634;-0.301701;0;-638.24;4914.51;325.954;3517.61
-0.258822;-0.304977;0;-309.225;6071.61;447.098;4824.96
-0.25497;-0.308205;0;19.7794;7228.93;568.265;6132.55
-0.251077;-0.311385;0;348.721;8386.27;689.436;7440.2
-0.247144;-0.314515;0;677.548;9543.47;810.592;8747.68
-0.243172;-0.317596;0;1006.21;10700.3;931.713;10054.8
-0.239162;-0.320627;0;1334.65;11856.7;1052.78;11361.3
-0.235114;-0.323607;0;1662.82;13012.3;1173.78;12667.1
-0.231029;-0.326536;0;1990.67;14167.1;1294.68;13971.8
-0.226908;-0.329413;0;2366.04;15273.3;1409.85;15214.7
-0.22275;-0.332238;0;2807.65;16360.2;1522.21;16427.2
-0.218558;-0.335011;0;3127.07;17127.2;1614.75;17425.9
-0.214331;-0.337731;0;3445.38;17889.8;1707.42;18426
-0.21007;-0.340398;0;3763.8;18652.8;1800.14;19426.6
-0.205776;-0.343011;0;4082.27;19416.1;1892.9;20427.6
-0.201449;-0.345569;0;4400.75;20179.7;1985.68;21428.9
-0.197091;-0.348074;0;4719.18;20943.5;2078.47;22430.2
-0.192701;-0.350523;0;5037.51;21707.2;2171.25;23431.5
-0.188282;-0.352916;0;5355.7;22470.8;2264.01;24432.6
-0.183832;-0.355255;0;5673.69;23234.1;2356.74;25433.3
-0.179353;-0.357537;0;5991.44;23997.1;2449.41;26433.4
-0.174846;-0.359762;0;6308.89;24759.6;2542.02;27432.8
-0.170312;-0.361931;0;6380.12;25230.9;2590.13;27952
-0.16575;-0.364042;0;6428.31;25245;2600.62;28065.2
-0.161163;-0.366096;0;6478.43;25217.9;2608.1;28145.9
-0.156549;-0.368093;0;6528.49;25191;2615.6;28226.8
-0.151912;-0.370031;0;6578.47;25164.3;2623.11;28307.8
-0.14725;-0.371911;0;6628.37;25137.7;2630.62;28389
-0.142565;-0.373732;0;6678.17;25111.4;2638.15;28470.2
-0.137857;-0.375494;0;6727.88;25085.2;2645.69;28551.5
-0.133128;-0.377196;0;6777.49;25059.3;2653.23;28632.9
-0.128377;-0.378839;0;6826.98;25033.5;2660.78;28714.4
-0.123607;-0.380423;0;6876.35;25008;2668.34;28796
-0.118817;-0.381946;0;6925.59;24982.6;2675.9;28877.5
-0.114008;-0.383409;0;6974.7;24957.5;2683.46;28959.2
-0.109181;-0.384811;0;7027.74;24904.7;2688.7;29015.7
-0.104337;-0.386153;0;6864.17;24057.2;2601.76;28077.5
-0.099476;-0.387433;0;6634.5;23197.6;2508.43;27070.3
-0.0945996;-0.388653;0;6404.78;22337.5;2415.06;26062.6
-0.0897083;-0.389811;0;6175.04;21477.2;2321.65;25054.6
-0.0848028;-0.390907;0;5947.08;20618.4;2228.44;24048.7
-0.079884;-0.391942;0;5719.3;19763.5;2135.43;23045
-0.0749525;-0.392915;0;5491.09;18909.2;2042.44;22041.4
-0.0700092;-0.393826;0;5262.88;18055.2;1949.46;21038
-0.0650549;-0.394674;0;5034.7;17201.6;1856.51;20035
-0.0600902;-0.395461;0;4806.61;16348.5;1763.62;19032.5
-0.0551161;-0.396185;0;4578.63;15496.1;1670.79;18030.7
-0.0501333;-0.396846;0;4230.81;14195.5;1532.04;16533.3
-0.0451426;-0.397445;0;3829.73;12771.5;1378.17;14872.8
-0.0401447;-0.39798;0;3428.42;11346.7;1224.22;13211.4
-0.0351405;-0.398453;0;3026.93;9921.31;1070.2;11549.3
-0.0301307;-0.398864;0;2625.07;8498.26;916.488;9890.49
-0.0251162;-0.399211;0;2222.03;7071.8;762.432;8227.95
-0.0200977;-0.399495;0;1818.94;5645.24;608.366;6565.32
-0.0150761;-0.399716;0;1415.89;4218.8;454.315;4902.83
-0.010052;-0.399874;0;1012.93;2792.72;300.302;3240.77
-0.00502642;-0.399968;0;610.134;1367.22;146.352;1579.39
-7.34788e-17;-0.4;0;207.556;-57.4777;-7.51027;-81.0488
0.00502642;-0.399968;0;-202.727;-1486.47;-159.047;-1716.39
0.010052;-0.399874;0;-640.27;-2957.69;-308.56;-3329.89
0.0150761;-0.399716;0;-1078.19;-4430.15;-458.196;-4944.72
0.0200977;-0.399495;0;-1516.41;-5903.6;-607.933;-6560.64
0.0251162;-0.399211;0;-1954.86;-7377.82;-757.746;-8177.39
0.0301307;-0.398864;0;-2393.48;-8852.57;-907.613;-9794.7
0.0351405;-0.398453;0;-2832.2;-10327.6;-1057.51;-11412.3
0.0401447;-0.39798;0;-3270.94;-11802.7;-1207.41;-13030
0.0451426;-0.397445;0;-3709.64;-13277.7;-1357.29;-14647.5
0.0501333;-0.396846;0;-4148.22;-14752.2;-1507.14;-16264.6
0.0551161;-0.396185;0;-4585.99;-16173.7;-1655;-17860.3
0.0600902;-0.395461;0;-5025.35;-17599.3;-1803.36;-19461.3
0.0650549;-0.394674;0;-5141.42;-18094.1;-1889.23;-20388
0.0700092;-0.393826;0;-5244.92;-18555.4;-1973.75;-21300.1
0.0749525;-0.392915;0;-5348.46;-19016.7;-2058.28;-22212.4
0.079884;-0.391942;0;-5452.02;-19478.1;-2142.81;-23124.7
0.0848028;-0.390907;0;-5555.49;-19962.4;-2224.85;-24009.9
0.0897083;-0.389811;0;-5660.03;-20484.6;-2306.67;-24892.9
0.0945996;-0.388653;0;-5764.59;-21007.1;-2388.51;-25776.1
0.099476;-0.387433;0;-5869.13;-21529.7;-2470.35;-26659.3
0.104337;-0.386153;0;-5973.65;-22052.3;-2552.19;-27542.5
0.109181;-0.384811;0;-6078.13;-22574.9;-2634;-28425.4
0.114008;-0.383409;0;-6182.56;-23097.4;-2715.78;-29307.9
0.118817;-0.381946;0;-6221.1;-23277.2;-2736.09;-29527.1
0.123607;-0.380423;0;-6224.46;-23271.9;-2722.87;-29384.4
0.128377;-0.378839;0;-6227.8;-23266.6;-2709.65;-29241.7
0.133128;-0.377196;0;-6231.14;-23261.4;-2696.42;-29099
0.137857;-0.375494;0;-6234.47;-23256.3;-2683.2;-28956.3
0.142565;-0.373732;0;-6237.79;-23251.3;-2669.97;-28813.6
0.14725;-0.371911;0;-6241.11;-23246.4;-2656.75;-28670.9
0.151912;-0.370031;0;-6244.41;-23241.6;-2643.54;-28528.4
0.156549;-0.368093;0;-6247.71;-23236.9;-2630.34;-28385.9
0.161163;-0.366096;0;-6251;-23232.3;-2617.14;-28243.5
0.16575;-0.364042;0;-6254.27;-23227.8;-2603.96;-28101.2
0.170312;-0.361931;0;-6223.51;-23151.8;-2584.06;-27886.4
0.174846;-0.359762;0;-6103.91;-22835.9;-2540.02;-27411.1
0.179353;-0.357537;0;-5836.54;-22041;-2446.97;-26407.1
0.183832;-0.355255;0;-5568.97;-21245.6;-2353.87;-25402.4
0.188282;-0.352916;0;-5301.22;-20450;-2260.73;-24397.2
0.192701;-0.350523;0;-5033.35;-19654.3;-2167.56;-23391.7
0.197091;-0.348074;0;-4765.39;-18858.6;-2074.38;-22386.1
0.201449;-0.345569;0;-4497.38;-18063;-1981.2;-21380.6
0.205776;-0.343011;0;-4229.37;-17267.6;-1888.04;-20375.2
0.21007;-0.340398;0;-3961.41;-16472.6;-1794.9;-19370.1
0.214331;-0.337731;0;-3693.53;-15678.1;-1701.82;-18365.5
0.218558;-0.335011;0;-3425.77;-14884.2;-1608.79;-17361.6
0.22275;-0.332238;0;-3158.18;-14091.1;-1515.84;-16358.5
0.226908;-0.329413;0;-2899.01;-13020.9;-1410.1;-15217.4
0.231029;-0.326536;0;-2602.68;-11932.5;-1288.54;-13905.6
0.235114;-0.323607;0;-2306.09;-10843.2;-1166.89;-12592.7
0.239162;-0.320627;0;-2009.29;-9753.22;-1045.15;-11279
0.243172;-0.317596;0;-1712.34;-8662.62;-923.357;-9964.61
0.247144;-0.314515;0;-1415.26;-7571.61;-801.52;-8649.78
0.251077;-0.311385;0;-1118.12;-6480.37;-679.661;-7334.71
0.25497;-0.308205;0;-820.955;-5389.06;-557.799;-6019.61
0.258822;-0.304977;0;-523.817;-4297.87;-435.953;-4704.68
0.262634;-0.301701;0;-226.752;-3206.96;-314.143;-3390.15
0.266405;-0.298376;0;70.1943;-2116.5;-192.389;-2076.2
0.270133;-0.295005;0;366.974;-1026.67;-70.7081;-763.062
0.273819;-0.291587;0;663.54;62.3675;50.879;549.072
0.277461;-0.288124;0;939.719;1106.1;171.006;1845.45
0.28106;-0.284614;0;1139.91;2035.97;278.502;3005.52
0.284614;-0.28106;0;1331.68;2972.08;382.206;4124.66
0.288124;-0.277461;0;1523.53;3908.63;485.965;5244.39
0.291587;-0.273819;0;1715.42;4845.49;589.761;6364.53
0.295005;-0.270133;0;1907.33;5782.49;693.579;7484.91
0.298376;-0.266405;0;2099.21;6719.5;797.402;8605.34
0.301701;-0.262634;0;2291.04;7656.36;901.214;9725.64
0.304977;-0.258822;0;2482.8;8592.93;1005;10845.7
0.308205;-0.25497;0;2674.44;9529.06;1108.74;11965.2
0.311385;-0.251077;0;2865.94;10464.6;1212.42;13084.1
0.314515;-0.247144;0;3057.28;11399.4;1316.02;14202.1
0.317596;-0.243172;0;3199.55;12377.1;1413.54;15254.5
0.320627;-0.239162;0;3274.97;12983.9;1478.55;15956.1
0.323607;-0.235114;0;3350.39;13591.2;1543.62;16658.3
0.326536;-0.231029;0;3425.81;14199.2;1608.73;17361
0.329413;-0.226908;0;3501.21;14807.5;1673.88;18064
0.332238;-0.22275;0;3576.57;15416.2;1739.05;18767.4
0.335011;-0.218558;0;3651.89;16025.1;1804.24;19470.8
0.337731;-0.214331;0;3727.16;16634.2;1869.43;20174.4
0.340398;-0.21007;0;3802.36;17243.3;1934.61;20877.8
0.343011;-0.205776;0;3877.47;17852.3;1999.78;21581.1
0.345569;-0.201449;0;3952.5;18461.2;2064.92;22284.1
0.348074;-0.197091;0;4027.42;19069.9;2130.03;22986.7
0.350523;-0.192701;0;4102.23;19678.2;2195.09;23688.7
0.352916;-0.188282;0;4176.91;20286.1;2260.08;24390.2
0.355255;-0.183832;0;4242.34;20725.2;2309.08;24918.9
0.357537;-0.179353;0;4305.55;21065.2;2339.12;25243.2
0.359762;-0.174846;0;4368.69;21405.4;2369.18;25567.6
0.361931;-0.170312;0;4427.21;21745.2;2397.75;25875.8
0.364042;-0.16575;0;4488.62;22088.9;2426.09;26181.7
0.366096;-0.161163;0;4550.15;22432.7;2454.43;26487.6
0.368093;-0.156549;0;4611.8;22776.8;2482.78;26793.5
0.370031;-0.151912;0;4673.57;23120.9;2511.13;27099.4
0.371911;-0.14725;0;4735.43;23465.2;2539.47;27405.3
0.373732;-0.142565;0;4797.38;23809.4;2567.8;27711
0.375494;-0.137857;0;4859.41;24153.6;2596.12;28016.6
0.377196;-0.133128;0;4921.51;24497.7;2624.42;28322
0.378839;-0.128377;0;4931.41;24859.7;2652.76;28627.9
0.380423;-0.123607;0;4823.85;25150.9;2676.54;28884.5
0.381946;-0.118817;0;4606.9;25116.6;2686.03;28986.9
0.383409;-0.114008;0;4389.82;25082.4;2695.52;29089.3
0.384811;-0.109181;0;4172.66;25048.3;2705.01;29191.7
0.386153;-0.104337;0;3961.86;25044.7;2714.05;29289.3
0.387433;-0.099476;0;3758.16;25116.8;2722.32;29378.6
0.388653;-0.0945996;0;3554.37;25188.9;2730.6;29467.9
0.389811;-0.0897083;0;3350.52;25261.2;2738.88;29557.2
0.390907;-0.0848028;0;3146.63;25333.6;2747.16;29646.6
0.391942;-0.079884;0;2942.74;25406.1;2755.44;29735.9
0.392915;-0.0749525;0;2738.89;25478.7;2763.71;29825.2
0.393826;-0.0700092;0;2535.11;25551.4;2771.98;29914.5
0.394674;-0.0650549;0;2331.42;25624.1;2780.25;30003.7
0.395461;-0.0600902;0;2127.86;25696.9;2788.51;30092.9
0.396185;-0.0551161;0;2057.51;25759.4;2792.64;30137.3
0.396846;-0.0501333;0;2044.73;25820.1;2795.05;30163.4
0.397445;-0.0451426;0;2031.95;25880.8;2797.46;30189.4
0.39798;-0.0401447;0;1966.83;25976.1;2799.07;30206.8
0.398453;-0.0351405;0;1847.33;26103.8;2800;30216.8
0.398864;-0.0301307;0;1727.78;26231.6;2800.93;30226.8
0.399211;-0.0251162;0;1608.18;26359.4;2801.86;30236.9
0.399495;-0.0200977;0;1488.57;26487.3;2802.79;30246.9
0.399716;-0.0150761;0;1368.95;26615.2;2803.72;30257
0.399874;-0.010052;0;1249.35;26743;2804.65;30267
0.399968;-0.00502642;0;1129.79;26870.9;2805.59;30277.1
