0.4;0;0;1985.91;25943.8;2806.5;30287
0.399968;0.00502642;0;2118.29;25815.6;2805.5;30276.2
0.399874;0.010052;0;2253.33;25684.8;2804.49;30265.2
0.399716;0.0150761;0;2388.41;25554;2803.47;30254.3
0.399495;0.0200977;0;2523.5;25423.2;2802.45;30243.3
0.399211;0.0251162;0;2658.57;25292.5;2801.44;30232.3
0.398864;0.0301307;0;2793.61;25161.8;2800.42;30221.4
0.398453;0.0351405;0;2928.6;25031.1;2799.4;30210.4
0.39798;0.0401447;0;3063.51;24900.5;2798.39;30199.4
0.397445;0.0451426;0;3155.04;24749.3;2796.28;30176.7
0.396846;0.0501333;0;3232.25;24576.6;2793.6;30147.8
0.396185;0.0551161;0;3309.46;24403.8;2790.92;30118.9
0.395461;0.0600902;0;3386.64;24230.8;2788.25;30090
0.394674;0.0650549;0;3589.49;23948.7;2780.85;30010.1
0.393826;0.0700092;0;3816.24;23642;2772.56;29920.6
0.392915;0.0749525;0;4043.1;23335;2764.26;29831.1
0.391942;0.079884;0;4270.03;23027.8;2755.96;29741.6
0.390907;0.0848028;0;4496.98;22720.3;2747.66;29652
0.389811;0.0897083;0;4723.92;22412.7;2739.36;29562.4
0.388653;0.0945996;0;4950.82;22105;2731.06;29472.8
0.387433;0.099476;0;5177.64;21797.2;2722.76;29383.3
0.386153;0.104337;0;5397.05;21482.4;2714.04;29289.2
0.384811;0.109181;0;5607.42;21162.9;2703.86;29179.3
0.383409;0.114008;0;5817.7;20843.7;2693.69;29069.5
0.381946;0.118817;0;6027.87;20524.8;2683.51;28959.7
0.380423;0.123607;0;6237.88;20206.2;2673.33;28849.9
0.378839;0.128377;0;6186.67;19856.8;2650.32;28601.6
0.377196;0.133128;0;6003.01;19480.9;2620.11;28275.5
0.375494;0.137857;0;6043.7;19462.2;2591.78;27969.8
0.373732;0.142565;0;6087.05;19448.2;2563.47;27664.2
0.371911;0.14725;0;6130.17;19434.2;2535.14;27358.5
0.370031;0.151912;0;6173.05;19420.1;2506.8;27052.7
0.368093;0.156549;0;6215.68;19405.9;2478.46;26746.8
0.366096;0.161163;0;6258.07;19391.7;2450.11;26440.9
0.364042;0.16575;0;6300.2;19377.4;2421.77;26135.1
0.361931;0.170312;0;6342.07;19363.1;2393.44;25829.3
0.359762;0.174846;0;6383.67;19348.7;2365.12;25523.7
0.357537;0.179353;0;6424.99;19334.3;2336.81;25218.2
0.355255;0.183832;0;6466.03;19319.8;2308.52;24912.9
0.352916;0.188282;0;6438.6;19016.7;2260.85;24398.5
0.350523;0.192701;0;6116.41;18498.7;2195.69;23695.3
0.348074;0.197091;0;5794.1;17980.3;2130.47;22991.4
0.345569;0.201449;0;5471.7;17461.4;2065.2;22287.1
0.343011;0.205776;0;5149.28;16942.2;1999.9;21582.3
0.340398;0.21007;0;4826.88;16422.7;1934.57;20877.3
0.337731;0.214331;0;4504.55;15903;1869.22;20172.1
0.335011;0.218558;0;4182.35;15383.1;1803.87;19466.9
0.332238;0.22275;0;3860.32;14863.3;1738.52;18761.7
0.329413;0.226908;0;3538.52;14343.5;1673.19;18056.6
0.326536;0.231029;0;3217;13823.9;1607.88;17351.8
0.323607;0.235114;0;2899.68;13302.5;1542.57;16647
0.320627;0.239162;0;2584.73;12777.5;1477.14;15940.9
0.317596;0.243172;0;2270.13;12252.8;1411.77;15235.4
0.314515;0.247144;0;2036.98;11365;1322.45;14271.5
0.311385;0.251077;0;1847.96;10212.9;1218.85;13153.5
0.308205;0.25497;0;1658.96;9060.26;1115.17;12034.6
0.304977;0.258822;0;1470.73;7908.83;1011.38;10914.5
0.301701;0.262634;0;1284.05;6760.14;907.441;9792.84
0.298376;0.266405;0;1099.43;5612.36;803.403;8670.1
0.295005;0.270133;0;917.89;4466.19;699.243;7546.03
0.291587;0.273819;0;736.697;3320.34;595.084;6421.98
0.288124;0.277461;0;555.878;2175;490.944;5298.13
0.284614;0.28106;0;375.462;1030.35;386.839;4174.66
0.28106;0.284614;0;195.477;-113.43;282.785;3051.74
0.277461;0.288124;0;2.00384;-1248.08;176.654;1906.4
0.273819;0.291587;0;-338.095;-2053.74;55.3972;597.831
0.270133;0.295005;0;-678.244;-2860.2;-65.9718;-711.95
0.266405;0.298376;0;-1018.39;-3667.34;-187.434;-2022.74
0.262634;0.301701;0;-1358.48;-4475.02;-308.971;-3334.33
0.258822;0.304977;0;-1698.46;-5283.12;-430.564;-4646.52
0.25497;0.308205;0;-2038.28;-6091.52;-552.192;-5959.1
0.251077;0.311385;0;-2372.21;-6901.87;-673.925;-7272.81
0.247144;0.314515;0;-2704.99;-7712.39;-795.686;-8586.82
0.243172;0.317596;0;-3035.41;-8522.38;-917.589;-9902.36
0.239162;0.320627;0;-3365.61;-9332.06;-1039.45;-11217.5
0.235114;0.323607;0;-3695.54;-10141.3;-1161.26;-12532
0.231029;0.326536;0;-4025.15;-10950;-1282.99;-13845.7
0.226908;0.329413;0;-4354.39;-11757.9;-1404.63;-15158.4
0.22275;0.332238;0;-4596.28;-12437.1;-1510.77;-16303.8
0.218558;0.335011;0;-4807.53;-13028.3;-1602.76;-17296.5
0.214331;0.337731;0;-5018.61;-13619.8;-1694.83;-18290.1
0.21007;0.340398;0;-5229.49;-14211.4;-1786.96;-19284.3
0.205776;0.343011;0;-5440.14;-14803.2;-1879.14;-20279.1
0.201449;0.345569;0;-5650.52;-15395;-1971.35;-21274.2
0.197091;0.348074;0;-5860.6;-15986.7;-2063.58;-22269.6
0.192701;0.350523;0;-6070.34;-16578.3;-2155.81;-23264.9
0.188282;0.352916;0;-6279.72;-17169.5;-2248.04;-24260.2
0.183832;0.355255;0;-6488.69;-17760.5;-2340.24;-25255.2
0.179353;0.357537;0;-6697.23;-18350.9;-2432.39;-26249.7
0.174846;0.359762;0;-6905.31;-18940.8;-2524.5;-27243.7
0.170312;0.361931;0;-7142.13;-19584.6;-2597.61;-28032.7
0.16575;0.364042;0;-7092.23;-20372.2;-2615.24;-28222.9
0.161163;0.366096;0;-7023.8;-21163.3;-2632.48;-28409
0.156549;0.368093;0;-6955.29;-21955.2;-2649.73;-28595.2
0.151912;0.370031;0;-6886.73;-22747.7;-2667;-28781.6
0.14725;0.371911;0;-6818.11;-23540.8;-2684.29;-28968.1
0.142565;0.373732;0;-6749.46;-24334.4;-2701.58;-29154.7
0.137857;0.375494;0;-6680.78;-25128.2;-2718.88;-29341.3
0.133128;0.377196;0;-6612.08;-25922.2;-2736.18;-29528.1
0.128377;0.378839;0;-6543.37;-26716.3;-2753.48;-29714.8
0.123607;0.380423;0;-6474.67;-27510.3;-2770.78;-29901.5
0.118817;0.381946;0;-6407;-27323.5;-2742.39;-29595.1
0.114008;0.383409;0;-6335.61;-26012.7;-2660.12;-28707.3
0.109181;0.384811;0;-6264.19;-24701.4;-2577.81;-27819
0.104337;0.386153;0;-6192.75;-23389.6;-2495.49;-26930.6
0.099476;0.387433;0;-6121.31;-22077.7;-2413.15;-26042
0.0945996;0.388653;0;-6049.87;-20765.8;-2330.81;-25153.5
0.0897083;0.389811;0;-5978.45;-19454.2;-2248.49;-24265.1
0.0848028;0.390907;0;-5907.06;-18143.1;-2166.2;-23377.1
0.079884;0.391942;0;-5835.71;-16832.6;-2083.95;-22489.5
0.0749525;0.392915;0;-5764.4;-15523;-2001.76;-21602.4
0.0700092;0.393826;0;-5693.16;-14214.4;-1919.64;-20716.2
0.0650549;0.394674;0;-5622;-12907.2;-1837.59;-19830.8
0.0600902;0.395461;0;-5550.92;-11601.4;-1755.64;-18946.4
0.0551161;0.396185;0;-5479.93;-10297.3;-1673.8;-18063.1
0.0501333;0.396846;0;-5026.25;-9268.91;-1528.15;-16491.3
0.0451426;0.397445;0;-4509.85;-8295.03;-1373.21;-14819.3
0.0401447;0.39798;0;-3992.86;-7320.04;-1218.1;-13145.4
0.0351405;0.398453;0;-3475.35;-6344.09;-1062.83;-11469.8
0.0301307;0.398864;0;-2957.4;-5367.35;-907.441;-9792.85
0.0251162;0.399211;0;-2439.11;-4389.95;-751.946;-8114.79
0.0200977;0.399495;0;-1920.54;-3412.06;-596.372;-6435.88
0.0150761;0.399716;0;-1401.79;-2433.84;-440.745;-4756.4
0.010052;0.399874;0;-882.935;-1455.43;-285.089;-3076.6
0.00502642;0.399968;0;-364.054;-476.985;-129.429;-1396.76
2.44929e-17;0.4;0;154.769;501.332;26.2121;282.874
-0.00502642;0.399968;0;673.452;1479.37;181.808;1962.02
-0.010052;0.399874;0;1191.91;2456.97;337.335;3640.43
-0.0150761;0.399716;0;1710.07;3433.99;492.768;5317.82
-0.0200977;0.399495;0;2227.84;4410.27;648.083;6993.93
-0.0251162;0.399211;0;2745.14;5385.64;803.255;8668.5
-0.0301307;0.398864;0;3261.9;6359.97;958.26;10341.3
-0.0351405;0.398453;0;3663.12;7363.31;1109.26;11970.8
-0.0401447;0.39798;0;3945.08;8265.1;1236.91;13348.3
-0.0451426;0.397445;0;4292.18;8999.3;1345.05;14515.4
-0.0501333;0.396846;0;4639.41;9734.24;1453.29;15683.5
-0.0551161;0.396185;0;4986.69;10469.8;1561.61;16852.4
-0.0600902;0.395461;0;5333.97;11205.9;1669.99;18022
-0.0650549;0.394674;0;5681.21;11942.4;1778.41;19192.1
-0.0700092;0.393826;0;6028.34;12679.1;1886.86;20362.4
-0.0749525;0.392915;0;6375.32;13416;1995.32;21532.9
-0.079884;0.391942;0;6722.08;14153;2103.77;22703.3
-0.0848028;0.390907;0;7068.57;14889.8;2212.19;23873.4
-0.0897083;0.389811;0;7414.74;15626.5;2320.58;25043
-0.0945996;0.388653;0;7760.53;16362.9;2428.9;26212
-0.099476;0.387433;0;8105.89;17098.9;2537.15;27380.2
-0.104337;0.386153;0;8301.91;17811.7;2624.74;28325.5
-0.109181;0.384811;0;8267.12;18141.7;2650.92;28608
-0.114008;0.383409;0;8238.16;18082.5;2644.31;28536.7
-0.118817;0.381946;0;8208.92;18023.6;2637.71;28465.4
-0.123607;0.380423;0;8179.4;17965.1;2631.11;28394.2
-0.128377;0.378839;0;8149.62;17906.8;2624.52;28323.1
-0.133128;0.377196;0;8119.58;17848.9;2617.94;28252
-0.137857;0.375494;0;8089.27;17791.3;2611.37;28181.1
-0.142565;0.373732;0;8058.72;17734;2604.8;28110.3
-0.14725;0.371911;0;8027.91;17677.1;2598.26;28039.6
-0.151912;0.370031;0;7970.32;17649.8;2592.92;27982
-0.156549;0.368093;0;7870.61;17650.4;2589.6;27946.3
-0.161163;0.366096;0;7770.73;17651;2586.3;27910.7
-0.16575;0.364042;0;7670.67;17651.7;2583.02;27875.2
-0.170312;0.361931;0;7570.47;17652.4;2579.75;27839.9
-0.174846;0.359762;0;7284.91;17205.2;2539.56;27406.2
-0.179353;0.357537;0;6967.07;16525;2447.84;26416.4
-0.183832;0.355255;0;6648.47;15843.9;2356.05;25425.8
-0.188282;0.352916;0;6329.16;15162.1;2264.21;24434.8
-0.192701;0.350523;0;6009.19;14479.6;2172.34;23443.3
-0.197091;0.348074;0;5688.61;13796.5;2080.45;22451.6
-0.201449;0.345569;0;5367.48;13112.9;1988.55;21459.9
-0.205776;0.343011;0;5045.83;12429;1896.66;20468.2
-0.21007;0.340398;0;4723.74;11744.9;1804.79;19476.8
-0.214331;0.337731;0;4401.23;11060.7;1712.96;18485.8
-0.218558;0.335011;0;4078.38;10376.4;1621.18;17495.3
-0.22275;0.332238;0;3880.3;9813.22;1525.03;16457.6
-0.226908;0.329413;0;4067.81;9615.24;1412.29;15241
-0.231029;0.326536;0;3604.18;8878.27;1292.56;13948.9
-0.235114;0.323607;0;3134.38;8130.79;1171.16;12638.8
-0.239162;0.320627;0;2664.26;7382.83;1049.68;11327.8
-0.243172;0.317596;0;2193.86;6634.53;928.139;10016.2
-0.247144;0.314515;0;1723.28;5886.01;806.558;8704.15
-0.251077;0.311385;0;1252.59;5137.37;684.956;7391.85
-0.25497;0.308205;0;781.861;4388.75;563.351;6079.52
-0.258822;0.304977;0;311.165;3640.25;441.762;4767.37
-0.262634;0.301701;0;-159.422;2891.99;320.209;3455.61
-0.266405;0.298376;0;-629.825;2144.1;198.712;2144.44
-0.270133;0.295005;0;-1099.97;1396.69;77.2882;834.073
-0.273819;0.291587;0;-1569.78;649.875;-44.0419;-475.287
-0.277461;0.288124;0;-2008.65;-263.822;-160.648;-1733.66
-0.28106;0.284614;0;-2319.39;-1202.69;-271.124;-2925.89
-0.284614;0.28106;0;-2464.92;-2068.03;-375.748;-4054.97
-0.288124;0.277461;0;-2610.6;-2933.9;-480.42;-5184.56
-0.291587;0.273819;0;-2756.39;-3800.18;-585.122;-6314.47
-0.295005;0.270133;0;-2902.28;-4666.71;-689.837;-7444.53
-0.298376;0.266405;0;-3048.24;-5533.36;-794.55;-8574.56
-0.301701;0.262634;0;-3194.26;-6400.01;-899.244;-9704.38
-0.304977;0.258822;0;-3340.3;-7266.5;-1003.9;-10833.8
-0.308205;0.25497;0;-3486.34;-8132.71;-1108.51;-11962.7
-0.311385;0.251077;0;-3632.37;-8998.49;-1213.04;-13090.8
-0.314515;0.247144;0;-3778.35;-9863.72;-1317.49;-14218
-0.317596;0.243172;0;-3845.07;-10521.9;-1410.13;-15217.7
-0.320627;0.239162;0;-4073.63;-11026.2;-1475.25;-15920.5
-0.323607;0.235114;0;-4302.29;-11530.9;-1540.43;-16623.9
-0.326536;0.231029;0;-4531.03;-12035.9;-1605.65;-17327.7
-0.329413;0.226908;0;-4759.8;-12541.1;-1670.9;-18031.9
-0.332238;0.22275;0;-4988.56;-13046.5;-1736.17;-18736.3
-0.335011;0.218558;0;-5217.25;-13552;-1801.45;-19440.8
-0.337731;0.214331;0;-5431.96;-14061.6;-1866.21;-20139.6
-0.340398;0.21007;0;-5645.73;-14577.9;-1931.12;-20840.1
-0.343011;0.205776;0;-5859.44;-15094.2;-1996.02;-21540.5
-0.345569;0.201449;0;-6073.05;-15610.5;-2060.89;-22240.6
-0.348074;0.197091;0;-6286.53;-16126.6;-2125.74;-22940.4
-0.350523;0.192701;0;-6499.86;-16642.5;-2190.55;-23639.8
-0.352916;0.188282;0;-6712.99;-17158;-2255.3;-24338.6
-0.355255;0.183832;0;-6781;-17345.9;-2310.72;-24936.6
-0.357537;0.179353;0;-6752.25;-17576;-2341.27;-25266.3
-0.359762;0.174846;0;-6723.43;-17809.9;-2371.78;-25595.6
-0.361931;0.170312;0;-6694.37;-18043.7;-2402.31;-25925
-0.364042;0.16575;0;-6665.07;-18277.3;-2432.84;-26254.5
-0.366096;0.161163;0;-6635.55;-18510.7;-2463.37;-26584
-0.368093;0.156549;0;-6605.79;-18743.7;-2493.89;-26913.4
-0.370031;0.151912;0;-6575.82;-18976.4;-2524.4;-27242.7
-0.371911;0.14725;0;-6545.63;-19208.8;-2554.9;-27571.8
-0.373732;0.142565;0;-6515.23;-19440.8;-2585.38;-27900.7
-0.375494;0.137857;0;-6484.62;-19672.4;-2615.84;-28229.4
-0.377196;0.133128;0;-6435.66;-20068.7;-2644.58;-28539.6
-0.378839;0.128377;0;-6378.79;-20334.1;-2657.65;-28680.6
-0.380423;0.123607;0;-6331.94;-20464.6;-2667.93;-28791.6
-0.381946;0.118817;0;-6284.91;-20595.4;-2678.22;-28902.6
-0.383409;0.114008;0;-6237.71;-20726.4;-2688.52;-29013.7
-0.384811;0.109181;0;-6190.35;-20857.7;-2698.82;-29124.9
-0.386153;0.104337;0;-6142.83;-20989.2;-2709.12;-29236.1
-0.387433;0.099476;0;-6095.17;-21120.8;-2719.42;-29347.2
-0.388653;0.0945996;0;-6047.36;-21252.6;-2729.73;-29458.4
-0.389811;0.0897083;0;-5999.42;-21384.6;-2740.03;-29569.6
-0.390907;0.0848028;0;-5951.35;-21516.7;-2750.32;-29680.7
-0.391942;0.079884;0;-5903.17;-21648.8;-2760.61;-29791.8
-0.392915;0.0749525;0;-5854.88;-21781.1;-2770.9;-29902.7
-0.393826;0.0700092;0;-5806.48;-21913.4;-2781.17;-30013.6
-0.394674;0.0650549;0;-5760.01;-22038.5;-2791.34;-30123.4
-0.395461;0.0600902;0;-5763.51;-22030.7;-2793.9;-30151
-0.396185;0.0551161;0;-5758.1;-22077;-2795.57;-30169
-0.396846;0.0501333;0;-5752.55;-22123.4;-2797.23;-30187
-0.397445;0.0451426;0;-5746.84;-22169.7;-2798.9;-30204.9
-0.39798;0.0401447;0;-5740.98;-22216;-2800.56;-30222.9
-0.398453;0.0351405;0;-5730.47;-22260.5;-2802.18;-30240.3
-0.398864;0.0301307;0;-5713.44;-22296.8;-2803.74;-30257.1
-0.399211;0.0251162;0;-5694.48;-22330.1;-2805.28;-30273.8
-0.399495;0.0200977;0;-5675.37;-22363.1;-2806.82;-30290.4
-0.399716;0.0150761;0;-5656.1;-22395.9;-2808.36;-30307
-0.399874;0.010052;0;-5636.69;-22428.4;-2809.9;-30323.6
-0.399968;0.00502642;0;-5617.13;-22460.7;-2811.43;-30340.2
-0.4;4.89859e-17;0;-5597.42;-22492.7;-2812.96;-30356.7
-0.399968;-0.00502642;0;-5627.16;-22488.6;-2811.88;-30345
-0.399874;-0.010052;0;-5671.22;-22467.7;-2810.25;-30327.4
-0.399716;-0.0150761;0;-5715.14;-22446.6;-2808.62;-30309.8
-0.399495;-0.0200977;0;-5758.92;-22425.3;-2806.99;-30292.2
-0.399211;-0.0251162;0;-5802.54;-22403.8;-2805.35;-30274.6
-0.398864;-0.0301307;0;-5846.01;-22382;-2803.72;-30256.9
-0.398453;-0.0351405;0;-5889.32;-22360;-2802.08;-30239.3
-0.39798;-0.0401447;0;-5932.45;-22337.8;-2800.44;-30221.6
-0.397445;-0.0451426;0;-5975.4;-22315.4;-2798.8;-30203.9
-0.396846;-0.0501333;0;-6018.17;-22292.7;-2797.16;-30186.2
-0.396185;-0.0551161;0;-6060.75;-22269.9;-2795.52;-30168.5
-0.395461;-0.0600902;0;-6103.13;-22246.8;-2793.88;-30150.8
-0.394674;-0.0650549;0;-6144.42;-22222.6;-2792.23;-30133
-0.393826;-0.0700092;0;-6141.64;-22167.3;-2782.67;-30029.7
-0.392915;-0.0749525;0;-6136.14;-22110.4;-2772.8;-29923.3
-0.391942;-0.079884;0;-6130.48;-22053.5;-2762.93;-29816.8
-0.390907;-0.0848028;0;-6124.66;-21996.5;-2753.05;-29710.2
-0.389811;-0.0897083;0;-6118.67;-21939.5;-2743.16;-29603.5
-0.388653;-0.0945996;0;-6112.52;-21882.4;-2733.27;-29496.7
-0.387433;-0.099476;0;-6106.21;-21825.3;-2723.38;-29389.9
-0.386153;-0.104337;0;-6099.73;-21768.1;-2713.48;-29283.2
-0.384811;-0.109181;0;-6093.1;-21710.9;-2703.59;-29176.4
-0.383409;-0.114008;0;-6086.3;-21653.7;-2693.69;-29069.6
-0.381946;-0.118817;0;-6079.35;-21596.5;-2683.8;-28962.8
-0.380423;-0.123607;0;-6072.24;-21539.3;-2673.92;-28856.1
-0.378839;-0.128377;0;-6067.19;-21454.4;-2661.99;-28727.4
-0.377196;-0.133128;0;-6074.58;-21164.7;-2634.44;-28430.1
-0.375494;-0.137857;0;-6081.74;-20874.7;-2606.86;-28132.6
-0.373732;-0.142565;0;-6088.62;-20584.5;-2579.28;-27834.9
-0.371911;-0.14725;0;-6002.97;-20271.2;-2549.33;-27511.6
-0.370031;-0.151912;0;-5914.49;-19955.3;-2519.02;-27184.6
-0.368093;-0.156549;0;-5825.91;-19639.2;-2488.7;-26857.4
-0.366096;-0.161163;0;-5737.24;-19323.1;-2458.37;-26530
-0.364042;-0.16575;0;-5648.5;-19006.9;-2428.03;-26202.7
-0.361931;-0.170312;0;-5559.7;-18690.8;-2397.69;-25875.2
-0.359762;-0.174846;0;-5470.85;-18374.7;-2367.36;-25547.9
-0.357537;-0.179353;0;-5381.98;-18058.7;-2337.03;-25220.6
-0.355255;-0.183832;0;-5396.58;-17715.1;-2287.14;-24682.2
-0.352916;-0.188282;0;-5414.86;-17364.1;-2235.58;-24125.7
-0.350523;-0.192701;0;-5381.41;-16878.5;-2177.89;-23503.2
-0.348074;-0.197091;0;-5310.37;-16281.2;-2114.21;-22815.9
-0.345569;-0.201449;0;-5239.3;-15683.6;-2050.49;-22128.3
-0.343011;-0.205776;0;-5168.21;-15086;-1986.76;-21440.5
-0.340398;-0.21007;0;-5097.11;-14488.3;-1923.01;-20752.6
-0.337731;-0.214331;0;-5026.02;-13890.8;-1859.27;-20064.7
-0.335011;-0.218558;0;-4954.94;-13293.4;-1795.54;-19377
-0.332238;-0.22275;0;-4883.88;-12696.4;-1731.83;-18689.4
-0.329413;-0.226908;0;-4812.86;-12099.7;-1668.15;-18002.2
-0.326536;-0.231029;0;-4726.41;-11539.1;-1603.91;-17308.9
-0.323607;-0.235114;0;-4635.58;-10975.4;-1538.95;-16608
-0.320627;-0.239162;0;-4544.76;-10412;-1474.04;-15907.4
-0.317596;-0.243172;0;-4457.6;-9857.42;-1407.2;-15186.2
-0.314515;-0.247144;0;-4379.64;-9304.6;-1312.08;-14159.6
-0.311385;-0.251077;0;-4183.96;-8603;-1207.58;-13031.8
-0.308205;-0.25497;0;-3988.12;-7900.94;-1102.98;-11903.1
-0.304977;-0.258822;0;-3792.18;-7198.52;-998.323;-10773.6
-0.301701;-0.262634;0;-3596.15;-6495.85;-893.607;-9643.56
-0.298376;-0.266405;0;-3400.06;-5793.05;-788.855;-8513.1
-0.295005;-0.270133;0;-3203.96;-5090.22;-684.083;-7382.43
-0.291587;-0.273819;0;-3007.87;-4387.48;-579.307;-6251.72
-0.288124;-0.277461;0;-2811.81;-3684.94;-474.544;-5121.14
-0.284614;-0.28106;0;-2615.83;-2982.71;-369.81;-3990.89
-0.28106;-0.284614;0;-2419.95;-2280.9;-265.123;-2861.13
-0.277461;-0.288124;0;-2053.71;-1083.86;-151.436;-1634.26
-0.273819;-0.291587;0;-1661.62;190.303;-34.7548;-375.064
-0.270133;-0.295005;0;-1175.02;1110.5;83.8132;904.488
-0.266405;-0.298376;0;-672.049;2024.55;204.853;2210.72
-0.262634;-0.301701;0;-168.845;2939.13;325.954;3517.61
-0.258822;-0.304977;0;334.509;3854.11;447.098;4824.96
-0.25497;-0.308205;0;837.933;4769.34;568.265;6132.55
-0.251077;-0.311385;0;1341.35;5684.67;689.436;7440.2
-0.247144;-0.314515;0;1844.67;6599.95;810.592;8747.68
-0.243172;-0.317596;0;2347.83;7515.05;931.713;10054.8
-0.239162;-0.320627;0;2850.74;8429.82;1052.78;11361.3
-0.235114;-0.323607;0;3353.32;9344.12;1173.78;12667.1
-0.231029;-0.326536;0;3855.5;10257.8;1294.68;13971.8
-0.226908;-0.329413;0;4147.71;10869.2;1409.85;15214.7
-0.22275;-0.332238;0;4200.88;11147.3;1522.21;16427.2
-0.218558;-0.335011;0;4415.07;11666.5;1614.75;17425.9
-0.214331;-0.337731;0;4637.85;12199.5;1707.42;18426
-0.21007;-0.340398;0;4860.49;12732.6;1800.14;19426.6
-0.205776;-0.343011;0;5082.94;13265.7;1892.9;20427.6
-0.201449;-0.345569;0;5305.18;13798.8;1985.68;21428.9
-0.197091;-0.348074;0;5527.16;14331.7;2078.47;22430.2
-0.192701;-0.350523;0;5748.85;14864.4;2171.25;23431.5
-0.188282;-0.352916;0;5970.22;15396.7;2264.01;24432.6
-0.183832;-0.355255;0;6191.22;15928.7;2356.74;25433.3
-0.179353;-0.357537;0;6411.84;16460.1;2449.41;26433.4
-0.174846;-0.359762;0;6632.03;16991;2542.02;27432.8
-0.170312;-0.361931;0;6899.93;17769.7;2590.13;27952
-0.16575;-0.364042;0;7043.03;17848.7;2600.62;28065.2
-0.161163;-0.366096;0;7176.04;17857.5;2608.1;28145.9
-0.156549;-0.368093;0;7309;17866.5;2615.6;28226.8
-0.151912;-0.370031;0;7441.9;17875.8;2623.11;28307.8
-0.14725;-0.371911;0;7574.71;17885.4;2630.62;28389
-0.142565;-0.373732;0;7707.41;17895.2;2638.15;28470.2
-0.137857;-0.375494;0;7839.98;17905.2;2645.69;28551.5
-0.133128;-0.377196;0;7972.39;17915.5;2653.23;28632.9
-0.128377;-0.378839;0;8104.64;17926;2660.78;28714.4
-0.123607;-0.380423;0;8236.69;17936.8;2668.34;28796
-0.118817;-0.381946;0;8368.52;17947.9;2675.9;28877.5
-0.114008;-0.383409;0;8500.13;17959.1;2683.46;28959.2
-0.109181;-0.384811;0;8617.82;17929.8;2688.7;29015.7
-0.104337;-0.386153;0;8379.62;17203.7;2601.76;28077.5
-0.099476;-0.387433;0;8142.49;16554;2508.43;27070.3
-0.0945996;-0.388653;0;7904.78;15903.7;2415.06;26062.6
-0.0897083;-0.389811;0;7666.53;15252.8;2321.65;25054.6
-0.0848028;-0.390907;0;7418.43;14595.4;2228.44;24048.7
-0.079884;-0.391942;0;7148.13;13930.9;2135.43;23045
-0.0749525;-0.392915;0;6874.15;13266.1;2042.44;22041.4
-0.0700092;-0.393826;0;6599.87;12601.5;1949.46;21038
-0.0650549;-0.394674;0;6325.33;11937.2;1856.51;20035
-0.0600902;-0.395461;0;6050.58;11273.1;1763.62;19032.5
-0.0551161;-0.396185;0;5775.67;10609.5;1670.79;18030.7
-0.0501333;-0.396846;0;5407.19;9729.36;1532.04;16533.3
-0.0451426;-0.397445;0;4850.67;8769.78;1378.17;14872.8
-0.0401447;-0.39798;0;4293.87;7809.67;1224.22;13211.4
-0.0351405;-0.398453;0;3736.9;6849.18;1070.2;11549.3
-0.0301307;-0.398864;0;3188.55;5888.91;916.488;9890.49
-0.0251162;-0.399211;0;2641.89;4925.19;762.432;8227.95
-0.0200977;-0.399495;0;2095.28;3961.37;608.366;6565.32
-0.0150761;-0.399716;0;1548.8;2997.61;454.315;4902.83
-0.010052;-0.399874;0;1002.53;2034.06;300.302;3240.77
-0.00502642;-0.399968;0;456.556;1070.86;146.352;1579.39
-7.34788e-17;-0.4;0;-89.0283;108.18;-7.51027;-81.0488
0.00502642;-0.399968;0;-594.526;-869.095;-159.047;-1716.39
0.010052;-0.399874;0;-1017.67;-1902.51;-308.56;-3329.89
0.0150761;-0.399716;0;-1441.07;-2936.83;-458.196;-4944.72
0.0200977;-0.399495;0;-1864.67;-3971.88;-607.933;-6560.64
0.0251162;-0.399211;0;-2288.4;-5007.51;-757.746;-8177.39
0.0301307;-0.398864;0;-2712.19;-6043.54;-907.613;-9794.7
0.0351405;-0.398453;0;-3135.97;-7079.82;-1057.51;-11412.3
0.0401447;-0.39798;0;-3559.69;-8116.19;-1207.41;-13030
0.0451426;-0.397445;0;-3983.26;-9152.47;-1357.29;-14647.5
0.0501333;-0.396846;0;-4406.63;-10188.5;-1507.14;-16264.6
0.0551161;-0.396185;0;-4549.24;-10992.8;-1655;-17860.3
0.0600902;-0.395461;0;-4686.94;-11796.2;-1803.36;-19461.3
0.0650549;-0.394674;0;-5091.22;-12605.7;-1889.23;-20388
0.0700092;-0.393826;0;-5514.54;-13429.4;-1973.75;-21300.1
0.0749525;-0.392915;0;-5937.55;-14253.1;-2058.28;-22212.4
0.079884;-0.391942;0;-6360.18;-15076.6;-2142.81;-23124.7
0.0848028;-0.390907;0;-6601.97;-15933;-2224.85;-24009.9
0.0897083;-0.389811;0;-6683.55;-16861.8;-2306.67;-24892.9
0.0945996;-0.388653;0;-6764.9;-17791.2;-2388.51;-25776.1
0.099476;-0.387433;0;-6846.01;-18721;-2470.35;-26659.3
0.104337;-0.386153;0;-6926.88;-19651;-2552.19;-27542.5
0.109181;-0.384811;0;-7007.48;-20581;-2634;-28425.4
0.114008;-0.383409;0;-7087.81;-21511.1;-2715.78;-29307.9
0.118817;-0.381946;0;-7086.12;-21696.1;-2736.09;-29527.1
0.123607;-0.380423;0;-7040.23;-21470.2;-2722.87;-29384.4
0.128377;-0.378839;0;-6994.13;-21244.5;-2709.65;-29241.7
0.133128;-0.377196;0;-6947.85;-21018.9;-2696.42;-29099
0.137857;-0.375494;0;-6901.37;-20793.6;-2683.2;-28956.3
0.142565;-0.373732;0;-6854.73;-20568.6;-2669.97;-28813.6
0.14725;-0.371911;0;-6807.91;-20343.9;-2656.75;-28670.9
0.151912;-0.370031;0;-6760.93;-20119.5;-2643.54;-28528.4
0.156549;-0.368093;0;-6713.79;-19895.6;-2630.34;-28385.9
0.161163;-0.366096;0;-6666.51;-19672;-2617.14;-28243.5
0.16575;-0.364042;0;-6619.09;-19448.9;-2603.96;-28101.2
0.170312;-0.361931;0;-6504.58;-18992.2;-2584.06;-27886.4
0.174846;-0.359762;0;-6322.31;-18326.6;-2540.02;-27411.1
0.179353;-0.357537;0;-6182.25;-17800.3;-2446.97;-26407.1
0.183832;-0.355255;0;-6041.69;-17273.8;-2353.87;-25402.4
0.188282;-0.352916;0;-5900.66;-16747;-2260.73;-24397.2
0.192701;-0.350523;0;-5759.16;-16220;-2167.56;-23391.7
0.197091;-0.348074;0;-5617.24;-15693;-2074.38;-22386.1
0.201449;-0.345569;0;-5474.91;-15166;-1981.2;-21380.6
0.205776;-0.343011;0;-5332.18;-14639.1;-1888.04;-20375.2
0.21007;-0.340398;0;-5189.1;-14112.5;-1794.9;-19370.1
0.214331;-0.337731;0;-5045.67;-13586.1;-1701.82;-18365.5
0.218558;-0.335011;0;-4901.92;-13060;-1608.79;-17361.6
0.22275;-0.332238;0;-4757.88;-12534.4;-1515.84;-16358.5
0.226908;-0.329413;0;-4606.22;-12008.4;-1410.1;-15217.4
0.231029;-0.326536;0;-4233.32;-11186.9;-1288.54;-13905.6
0.235114;-0.323607;0;-3859.88;-10364.8;-1166.89;-12592.7
0.239162;-0.320627;0;-3485.97;-9542.25;-1045.15;-11279
0.243172;-0.317596;0;-3111.65;-8719.41;-923.357;-9964.61
0.247144;-0.314515;0;-2736.97;-7896.38;-801.52;-8649.78
0.251077;-0.311385;0;-2362;-7073.31;-679.661;-7334.71
0.25497;-0.308205;0;-1986.79;-6250.32;-557.799;-6019.61
0.258822;-0.304977;0;-1611.41;-5427.55;-435.953;-4704.68
0.262634;-0.301701;0;-1235.9;-4605.11;-314.143;-3390.15
0.266405;-0.298376;0;-860.337;-3783.15;-192.389;-2076.2
0.270133;-0.295005;0;-484.774;-2961.8;-70.7081;-763.062
0.273819;-0.291587;0;-109.27;-2141.17;50.879;549.072
0.277461;-0.288124;0;224.263;-1187.52;171.006;1845.45
0.28106;-0.284614;0;381.621;-82.2997;278.502;3005.52
0.284614;-0.28106;0;510.799;923.728;382.206;4124.66
0.288124;-0.277461;0;640.325;1930.58;485.965;5244.39
0.291587;-0.273819;0;770.178;2938.09;589.761;6364.53
0.295005;-0.270133;0;900.339;3946.11;693.579;7484.91
0.298376;-0.266405;0;1030.79;4954.47;797.402;8605.34
0.301701;-0.262634;0;1161.5;5963.01;901.214;9725.64
0.304977;-0.258822;0;1292.46;6971.58;1005;10845.7
0.308205;-0.25497;0;1423.64;7980.02;1108.74;11965.2
0.311385;-0.251077;0;1555.02;8988.17;1212.42;13084.1
0.314515;-0.247144;0;1686.59;9995.86;1316.02;14202.1
0.317596;-0.243172;0;1844.07;10830.1;1413.54;15254.5
0.320627;-0.239162;0;2123.21;11484.5;1478.55;15956.1
0.323607;-0.235114;0;2402.78;12139.6;1543.62;16658.3
0.326536;-0.231029;0;2682.71;12795.1;1608.73;17361
0.329413;-0.226908;0;2962.98;13450.9;1673.88;18064
0.332238;-0.22275;0;3243.54;14107.1;1739.05;18767.4
0.335011;-0.218558;0;3524.33;14763.4;1804.24;19470.8
0.337731;-0.214331;0;3805.33;15419.8;1869.43;20174.4
0.340398;-0.21007;0;4086.48;16076.2;1934.61;20877.8
0.343011;-0.205776;0;4367.73;16732.4;1999.78;21581.1
0.345569;-0.201449;0;4649.05;17388.4;2064.92;22284.1
0.348074;-0.197091;0;4930.39;18044;2130.03;22986.7
0.350523;-0.192701;0;5211.71;18699.2;2195.09;23688.7
0.352916;-0.188282;0;5492.95;19353.9;2260.08;24390.2
0.355255;-0.183832;0;5600;19747.1;2309.08;24918.9
0.357537;-0.179353;0;5766.82;19946.2;2339.12;25243.2
0.359762;-0.174846;0;5933.62;20145.2;2369.18;25567.6
0.361931;-0.170312;0;6071.01;20288.8;2397.75;25875.8
0.364042;-0.16575;0;6200.18;20415.2;2426.09;26181.7
0.366096;-0.161163;0;6329.24;20541.2;2454.43;26487.6
0.368093;-0.156549;0;6458.17;20667;2482.78;26793.5
0.370031;-0.151912;0;6586.95;20792.4;2511.13;27099.4
0.371911;-0.14725;0;6715.55;20917.4;2539.47;27405.3
0.373732;-0.142565;0;6843.96;21042;2567.8;27711
0.375494;-0.137857;0;6972.16;21166.3;2596.12;28016.6
0.377196;-0.133128;0;7100.13;21290.1;2624.42;28322
0.378839;-0.128377;0;7168.94;21557.8;2652.76;28627.9
0.380423;-0.123607;0;7115.15;21946;2676.54;28884.5
0.381946;-0.118817;0;6980.77;21951.8;2686.03;28986.9
0.383409;-0.114008;0;6846.12;21957.6;2695.52;29089.3
0.384811;-0.109181;0;6711.21;21963.5;2705.01;29191.7
0.386153;-0.104337;0;6537.31;21976.2;2714.05;29289.3
0.387433;-0.099476;0;6262.41;22014.2;2722.32;29378.6
0.388653;-0.0945996;0;5987.25;22052.3;2730.6;29467.9
0.389811;-0.0897083;0;5711.88;22090.4;2738.88;29557.2
0.390907;-0.0848028;0;5436.34;22128.7;2747.16;29646.6
0.391942;-0.079884;0;5160.67;22167;2755.44;29735.9
0.392915;-0.0749525;0;4884.93;22205.4;2763.71;29825.2
0.393826;-0.0700092;0;4609.15;22243.9;2771.98;29914.5
0.394674;-0.0650549;0;4333.38;22282.4;2780.25;30003.7
0.395461;-0.0600902;0;4057.66;22321;2788.51;30092.9
0.396185;-0.0551161;0;3909.36;22578.5;2792.64;30137.3
0.396846;-0.0501333;0;3812.48;22946.2;2795.05;30163.4
0.397445;-0.0451426;0;3715.45;23314.3;2797.46;30189.4
0.39798;-0.0401447;0;3567.25;23638.6;2799.07;30206.8
0.398453;-0.0351405;0;3369.32;23927.1;2800;30216.8
0.398864;-0.0301307;0;3171.27;24215.8;2800.93;30226.8
0.399211;-0.0251162;0;2973.13;24504.6;2801.86;30236.9
0.399495;-0.0200977;0;2774.94;24793.5;2802.79;30246.9
0.399716;-0.0150761;0;2576.73;25082.5;2803.72;30257
0.399874;-0.010052;0;2378.53;25371.4;2804.65;30267
0.399968;-0.00502642;0;2180.38;25660.3;2805.59;30277.1
