0.4;0;0;7320.26;22656;2806.5;30287
0.399968;0.00502642;0;6901.94;22502.2;2805.5;30276.2
0.399874;0.010052;0;6475.16;22345.3;2804.49;30265.2
0.399716;0.0150761;0;6048.27;22188.3;2803.47;30254.3
0.399495;0.0200977;0;5621.33;22031.3;2802.45;30243.3
0.399211;0.0251162;0;5194.42;21874.3;2801.44;30232.3
0.398864;0.0301307;0;4767.59;21717.3;2800.42;30221.4
0.398453;0.0351405;0;4340.93;21560.4;2799.4;30210.4
0.39798;0.0401447;0;3914.48;21403.6;2798.39;30199.4
0.397445;0.0451426;0;3592.37;21225.9;2796.28;30176.7
0.396846;0.0501333;0;3306.99;21036.1;2793.6;30147.8
0.396185;0.0551161;0;3021.77;20846.5;2790.92;30118.9
0.395461;0.0600902;0;2736.78;20657;2788.25;30090
0.394674;0.0650549;0;2559.57;20397.6;2780.85;30010.1
0.393826;0.0700092;0;2390.78;20119.9;2772.56;29920.6
0.392915;0.0749525;0;2222.01;19842.2;2764.26;29831.1
0.391942;0.079884;0;2053.3;19564.4;2755.96;29741.6
0.390907;0.0848028;0;1884.68;19286.7;2747.66;29652
0.389811;0.0897083;0;1716.16;19009;2739.36;29562.4
0.388653;0.0945996;0;1547.77;18731.4;2731.06;29472.8
0.387433;0.099476;0;1379.55;18454;2722.76;29383.3
0.386153;0.104337;0;1266.83;18184.5;2714.04;29289.2
0.384811;0.109181;0;1283.83;17912.6;2703.86;29179.3
0.383409;0.114008;0;1301.07;17640.7;2693.69;29069.5
0.381946;0.118817;0;1318.54;17368.9;2683.51;28959.7
0.380423;0.123607;0;1336.24;17097.2;2673.33;28849.9
0.378839;0.128377;0;1289.97;16822;2650.32;28601.6
0.377196;0.133128;0;1211.27;16535.7;2620.11;28275.5
0.375494;0.137857;0;1038.01;16238.2;2591.78;27969.8
0.373732;0.142565;0;864.051;15940.6;2563.47;27664.2
0.371911;0.14725;0;690.39;15642.9;2535.14;27358.5
0.370031;0.151912;0;517.055;15345;2506.8;27052.7
0.368093;0.156549;0;344.075;15047.1;2478.46;26746.8
0.366096;0.161163;0;171.477;14749.3;2450.11;26440.9
0.364042;0.16575;0;-0.713135;14451.5;2421.77;26135.1
0.361931;0.170312;0;-172.467;14153.8;2393.44;25829.3
0.359762;0.174846;0;-343.758;13856.2;2365.12;25523.7
0.357537;0.179353;0;-514.558;13558.8;2336.81;25218.2
0.355255;0.183832;0;-684.842;13261.7;2308.52;24912.9
0.352916;0.188282;0;-749.776;12912.1;2260.85;24398.5
0.350523;0.192701;0;-840.932;12403.5;2195.69;23695.3
0.348074;0.197091;0;-931.734;11894.7;2130.47;22991.4
0.345569;0.201449;0;-1022.17;11385.6;2065.2;22287.1
0.343011;0.205776;0;-1112.22;10876.5;1999.9;21582.3
0.340398;0.21007;0;-1201.87;10367.2;1934.57;20877.3
0.337731;0.214331;0;-1291.11;9857.99;1869.22;20172.1
0.335011;0.218558;0;-1379.93;9348.88;1803.87;19466.9
0.332238;0.22275;0;-1468.3;8839.95;1738.52;18761.7
0.329413;0.226908;0;-1556.22;8331.29;1673.19;18056.6
0.326536;0.231029;0;-1643.68;7822.98;1607.88;17351.8
0.323607;0.235114;0;-1719.16;7318.8;1542.57;16647
0.320627;0.239162;0;-1772.58;6824.76;1477.14;15940.9
0.317596;0.243172;0;-1825.09;6331.56;1411.77;15235.4
0.314515;0.247144;0;-1975.04;5553.81;1322.45;14271.5
0.311385;0.251077;0;-2156.75;4618.19;1218.85;13153.5
0.308205;0.25497;0;-2338.08;3682.15;1115.17;12034.6
0.304977;0.258822;0;-2516.18;2746.92;1011.38;10914.5
0.301701;0.262634;0;-2688.33;1813.67;907.441;9792.84
0.298376;0.266405;0;-2857.62;881.388;803.403;8670.1
0.295005;0.270133;0;-3022.69;-49.2704;699.243;7546.03
0.291587;0.273819;0;-3187.29;-979.63;595.084;6421.98
0.288124;0.277461;0;-3351.41;-1909.54;490.944;5298.13
0.284614;0.28106;0;-3515.01;-2838.86;386.839;4174.66
0.28106;0.284614;0;-3678.08;-3767.44;282.785;3051.74
0.277461;0.288124;0;-3820.31;-4655.01;176.654;1906.4
0.273819;0.291587;0;-4010.7;-5480.93;55.3972;597.831
0.270133;0.295005;0;-4200.83;-6307.33;-65.9718;-711.95
0.266405;0.298376;0;-4390.7;-7134.06;-187.434;-2022.74
0.262634;0.301701;0;-4580.26;-7961.01;-308.971;-3334.33
0.258822;0.304977;0;-4769.49;-8788.03;-430.564;-4646.52
0.25497;0.308205;0;-4958.35;-9614.99;-552.192;-5959.1
0.251077;0.311385;0;-5137.57;-10435.7;-673.925;-7272.81
0.247144;0.314515;0;-5313.99;-11254.8;-795.686;-8586.82
0.243172;0.317596;0;-5478.57;-12068.4;-917.589;-9902.36
0.239162;0.320627;0;-5642.62;-12881.4;-1039.45;-11217.5
0.235114;0.323607;0;-5806.1;-13693.9;-1161.26;-12532
0.231029;0.326536;0;-5969;-14505.5;-1282.99;-13845.7
0.226908;0.329413;0;-6131.28;-15316.2;-1404.63;-15158.4
0.22275;0.332238;0;-6268.68;-15990;-1510.77;-16303.8
0.218558;0.335011;0;-6356.58;-16517.7;-1602.76;-17296.5
0.214331;0.337731;0;-6444.02;-17045.5;-1694.83;-18290.1
0.21007;0.340398;0;-6531.01;-17573.5;-1786.96;-19284.3
0.205776;0.343011;0;-6617.52;-18101.5;-1879.14;-20279.1
0.201449;0.345569;0;-6703.53;-18629.5;-1971.35;-21274.2
0.197091;0.348074;0;-6789.04;-19157.3;-2063.58;-22269.6
0.192701;0.350523;0;-6874.04;-19684.9;-2155.81;-23264.9
0.188282;0.352916;0;-6958.5;-20212.2;-2248.04;-24260.2
0.183832;0.355255;0;-7042.42;-20739.1;-2340.24;-25255.2
0.179353;0.357537;0;-7125.79;-21265.5;-2432.39;-26249.7
0.174846;0.359762;0;-7208.58;-21791.3;-2524.5;-27243.7
0.170312;0.361931;0;-7352.36;-22147.6;-2597.61;-28032.7
0.16575;0.364042;0;-7272.84;-21725.8;-2615.24;-28222.9
0.161163;0.366096;0;-7174.42;-21284.2;-2632.48;-28409
0.156549;0.368093;0;-7075.89;-20842.2;-2649.73;-28595.2
0.151912;0.370031;0;-6977.28;-20399.8;-2667;-28781.6
0.14725;0.371911;0;-6878.6;-19957;-2684.29;-28968.1
0.142565;0.373732;0;-6779.88;-19514;-2701.58;-29154.7
0.137857;0.375494;0;-6681.11;-19070.9;-2718.88;-29341.3
0.133128;0.377196;0;-6582.32;-18627.7;-2736.18;-29528.1
0.128377;0.378839;0;-6483.53;-18184.4;-2753.48;-29714.8
0.123607;0.380423;0;-6384.75;-17741.2;-2770.78;-29901.5
0.118817;0.381946;0;-6268.45;-17352.8;-2742.39;-29595.1
0.114008;0.383409;0;-6123.11;-16996.3;-2660.12;-28707.3
0.109181;0.384811;0;-5977.71;-16639.7;-2577.81;-27819
0.104337;0.386153;0;-5832.27;-16282.9;-2495.49;-26930.6
0.099476;0.387433;0;-5686.81;-15926.2;-2413.15;-26042
0.0945996;0.388653;0;-5541.35;-15569.4;-2330.81;-25153.5
0.0897083;0.389811;0;-5395.92;-15212.7;-2248.49;-24265.1
0.0848028;0.390907;0;-5250.54;-14856.2;-2166.2;-23377.1
0.079884;0.391942;0;-5105.23;-14499.8;-2083.95;-22489.5
0.0749525;0.392915;0;-4960.02;-14143.6;-2001.76;-21602.4
0.0700092;0.393826;0;-4814.93;-13787.8;-1919.64;-20716.2
0.0650549;0.394674;0;-4669.98;-13432.3;-1837.59;-19830.8
0.0600902;0.395461;0;-4525.2;-13077.2;-1755.64;-18946.4
0.0551161;0.396185;0;-4380.6;-12722.6;-1673.8;-18063.1
0.0501333;0.396846;0;-4006.62;-11656.5;-1528.15;-16491.3
0.0451426;0.397445;0;-3603.49;-10480.1;-1373.21;-14819.3
0.0401447;0.39798;0;-3199.9;-9302.4;-1218.1;-13145.4
0.0351405;0.398453;0;-2795.92;-8123.55;-1062.83;-11469.8
0.0301307;0.398864;0;-2391.59;-6943.73;-907.441;-9792.85
0.0251162;0.399211;0;-1987;-5763.13;-751.946;-8114.79
0.0200977;0.399495;0;-1582.2;-4581.93;-596.372;-6435.88
0.0150761;0.399716;0;-1177.26;-3400.33;-440.745;-4756.4
0.010052;0.399874;0;-772.243;-2218.5;-285.089;-3076.6
0.00502642;0.399968;0;-367.21;-1036.64;-129.429;-1396.76
2.44929e-17;0.4;0;37.7741;145.071;26.2121;282.874
-0.00502642;0.399968;0;442.645;1326.44;181.808;1962.02
-0.010052;0.399874;0;847.337;2507.29;337.335;3640.43
-0.0150761;0.399716;0;1251.79;3687.42;492.768;5317.82
-0.0200977;0.399495;0;1655.94;4866.66;648.083;6993.93
-0.0251162;0.399211;0;2059.71;6044.81;803.255;8668.5
-0.0301307;0.398864;0;2463.06;7221.7;958.26;10341.3
-0.0351405;0.398453;0;2776.44;8303.67;1109.26;11970.8
-0.0401447;0.39798;0;3010.48;9207.48;1236.91;13348.3
-0.0451426;0.397445;0;3309.79;10072.4;1345.05;14515.4
-0.0501333;0.396846;0;3609.19;10938;1453.29;15683.5
-0.0551161;0.396185;0;3908.63;11804;1561.61;16852.4
-0.0600902;0.395461;0;4208.08;12670.4;1669.99;18022
-0.0650549;0.394674;0;4507.47;13537;1778.41;19192.1
-0.0700092;0.393826;0;4806.77;14403.6;1886.86;20362.4
-0.0749525;0.392915;0;5105.92;15270.1;1995.32;21532.9
-0.079884;0.391942;0;5404.88;16136.4;2103.77;22703.3
-0.0848028;0.390907;0;5703.6;17002.4;2212.19;23873.4
-0.0897083;0.389811;0;6002.04;17867.9;2320.58;25043
-0.0945996;0.388653;0;6300.14;18732.7;2428.9;26212
-0.099476;0.387433;0;6597.87;19596.8;2537.15;27380.2
-0.104337;0.386153;0;6809.35;20276.3;2624.74;28325.5
-0.109181;0.384811;0;6882.42;20536.8;2650.92;28608
-0.114008;0.383409;0;6954.16;20652.4;2644.31;28536.7
-0.118817;0.381946;0;7025.77;20767.9;2637.71;28465.4
-0.123607;0.380423;0;7097.23;20883.4;2631.11;28394.2
-0.128377;0.378839;0;7168.54;20998.8;2624.52;28323.1
-0.133128;0.377196;0;7239.69;21114.1;2617.94;28252
-0.137857;0.375494;0;7310.65;21229.2;2611.37;28181.1
-0.142565;0.373732;0;7381.43;21344.3;2604.8;28110.3
-0.14725;0.371911;0;7452;21459.2;2598.26;28039.6
-0.151912;0.370031;0;7498.35;21560.8;2592.92;27982
-0.156549;0.368093;0;7496.59;21644.8;2589.6;27946.3
-0.161163;0.366096;0;7494.49;21728.7;2586.3;27910.7
-0.16575;0.364042;0;7492.05;21812.4;2583.02;27875.2
-0.170312;0.361931;0;7489.27;21895.9;2579.75;27839.9
-0.174846;0.359762;0;7362.54;21636;2539.56;27406.2
-0.179353;0.357537;0;7164.75;20966;2447.84;26416.4
-0.183832;0.355255;0;6966.28;20295.3;2356.05;25425.8
-0.188282;0.352916;0;6767.14;19623.9;2264.21;24434.8
-0.192701;0.350523;0;6567.38;18951.9;2172.34;23443.3
-0.197091;0.348074;0;6367.03;18279.5;2080.45;22451.6
-0.201449;0.345569;0;6166.11;17606.8;1988.55;21459.9
-0.205776;0.343011;0;5964.66;16933.8;1896.66;20468.2
-0.21007;0.340398;0;5762.71;16260.7;1804.79;19476.8
-0.214331;0.337731;0;5560.3;15587.6;1712.96;18485.8
-0.218558;0.335011;0;5357.45;14914.6;1621.18;17495.3
-0.22275;0.332238;0;5136.34;14217.3;1525.03;16457.6
-0.226908;0.329413;0;4845.13;13420.2;1412.29;15241
-0.231029;0.326536;0;4648.06;12586.4;1292.56;13948.9
-0.235114;0.323607;0;4451.72;11742.5;1171.16;12638.8
-0.239162;0.320627;0;4254.92;10897.9;1049.68;11327.8
-0.243172;0.317596;0;4057.69;10052.7;928.139;10016.2
-0.247144;0.314515;0;3860.05;9207.15;806.558;8704.15
-0.251077;0.311385;0;3662.04;8361.24;684.956;7391.85
-0.25497;0.308205;0;3463.7;7515.16;563.351;6079.52
-0.258822;0.304977;0;3265.04;6669.04;441.762;4767.37
-0.262634;0.301701;0;3066.11;5823.01;320.209;3455.61
-0.266405;0.298376;0;2866.93;4977.21;198.712;2144.44
-0.270133;0.295005;0;2667.54;4131.77;77.2882;834.073
-0.273819;0.291587;0;2467.97;3286.82;-44.0419;-475.287
-0.277461;0.288124;0;2491.02;2622.82;-160.648;-1733.66
-0.28106;0.284614;0;2514.03;1975.39;-271.124;-2925.89
-0.284614;0.28106;0;2405.09;1240.6;-375.748;-4054.97
-0.288124;0.277461;0;2295.7;505.365;-480.42;-5184.56
-0.291587;0.273819;0;2185.89;-230.211;-585.122;-6314.47
-0.295005;0.270133;0;2075.68;-966.004;-689.837;-7444.53
-0.298376;0.266405;0;1965.07;-1701.9;-794.55;-8574.56
-0.301701;0.262634;0;1854.1;-2437.78;-899.244;-9704.38
-0.304977;0.258822;0;1742.77;-3173.53;-1003.9;-10833.8
-0.308205;0.25497;0;1631.11;-3909.04;-1108.51;-11962.7
-0.311385;0.251077;0;1519.13;-4644.18;-1213.04;-13090.8
-0.314515;0.247144;0;1406.85;-5378.85;-1317.49;-14218
-0.317596;0.243172;0;1229.86;-6132.6;-1410.13;-15217.7
-0.320627;0.239162;0;1198.34;-6610.67;-1475.25;-15920.5
-0.323607;0.235114;0;1166.39;-7089.33;-1540.43;-16623.9
-0.326536;0.231029;0;1134.01;-7568.52;-1605.65;-17327.7
-0.329413;0.226908;0;1101.21;-8048.14;-1670.9;-18031.9
-0.332238;0.22275;0;1067.99;-8528.14;-1736.17;-18736.3
-0.335011;0.218558;0;1034.18;-9008.5;-1801.45;-19440.8
-0.337731;0.214331;0;915.678;-9524.3;-1866.21;-20139.6
-0.340398;0.21007;0;776.11;-10049.4;-1931.12;-20840.1
-0.343011;0.205776;0;636.188;-10574.5;-1996.02;-21540.5
-0.345569;0.201449;0;495.935;-11099.7;-2060.89;-22240.6
-0.348074;0.197091;0;355.373;-11624.7;-2125.74;-22940.4
-0.350523;0.192701;0;214.524;-12149.6;-2190.55;-23639.8
-0.352916;0.188282;0;73.4094;-12674.1;-2255.3;-24338.6
-0.355255;0.183832;0;451.319;-12793.9;-2310.72;-24936.6
-0.357537;0.179353;0;452.65;-13100.5;-2341.27;-25266.3
-0.359762;0.174846;0;446.618;-13413.2;-2371.78;-25595.6
-0.361931;0.170312;0;440.727;-13725.8;-2402.31;-25925
-0.364042;0.16575;0;434.977;-14038.1;-2432.84;-26254.5
-0.366096;0.161163;0;429.369;-14350.1;-2463.37;-26584
-0.368093;0.156549;0;423.904;-14661.8;-2493.89;-26913.4
-0.370031;0.151912;0;418.584;-14973;-2524.4;-27242.7
-0.371911;0.14725;0;413.407;-15283.9;-2554.9;-27571.8
-0.373732;0.142565;0;408.377;-15594.2;-2585.38;-27900.7
-0.375494;0.137857;0;403.493;-15904;-2615.84;-28229.4
-0.377196;0.133128;0;186.195;-16324.2;-2644.58;-28539.6
-0.378839;0.128377;0;52.9353;-16579.6;-2657.65;-28680.6
-0.380423;0.123607;0;74.1369;-16726.2;-2667.93;-28791.6
-0.381946;0.118817;0;95.0483;-16872.9;-2678.22;-28902.6
-0.383409;0.114008;0;115.666;-17019.7;-2688.52;-29013.7
-0.384811;0.109181;0;135.987;-17166.7;-2698.82;-29124.9
-0.386153;0.104337;0;156.008;-17313.8;-2709.12;-29236.1
-0.387433;0.099476;0;175.726;-17460.9;-2719.42;-29347.2
-0.388653;0.0945996;0;195.137;-17608.2;-2729.73;-29458.4
-0.389811;0.0897083;0;214.239;-17755.4;-2740.03;-29569.6
-0.390907;0.0848028;0;233.029;-17902.7;-2750.32;-29680.7
-0.391942;0.079884;0;251.503;-18049.9;-2760.61;-29791.8
-0.392915;0.0749525;0;269.659;-18197.1;-2770.9;-29902.7
-0.393826;0.0700092;0;287.494;-18344.2;-2781.17;-30013.6
-0.394674;0.0650549;0;312.071;-18483.9;-2791.34;-30123.4
-0.395461;0.0600902;0;386.295;-18484;-2793.9;-30151
-0.396185;0.0551161;0;389.753;-18540.4;-2795.57;-30169
-0.396846;0.0501333;0;393.079;-18596.6;-2797.23;-30187
-0.397445;0.0451426;0;396.274;-18652.7;-2798.9;-30204.9
-0.39798;0.0401447;0;399.336;-18708.5;-2800.56;-30222.9
-0.398453;0.0351405;0;398.169;-18756.7;-2802.18;-30240.3
-0.398864;0.0301307;0;390.751;-18802.4;-2803.74;-30257.1
-0.399211;0.0251162;0;381.44;-18848.3;-2805.28;-30273.8
-0.399495;0.0200977;0;371.977;-18894.1;-2806.82;-30290.4
-0.399716;0.0150761;0;362.362;-18939.9;-2808.36;-30307
-0.399874;0.010052;0;352.597;-18985.7;-2809.9;-30323.6
-0.399968;0.00502642;0;342.684;-19031.5;-2811.43;-30340.2
-0.4;4.89859e-17;0;332.623;-19077.2;-2812.96;-30356.7
-0.399968;-0.00502642;0;326.377;-19057.7;-2811.88;-30345
-0.399874;-0.010052;0;330.073;-19013.8;-2810.25;-30327.4
-0.399716;-0.0150761;0;333.592;-18970;-2808.62;-30309.8
-0.399495;-0.0200977;0;336.934;-18926.1;-2806.99;-30292.2
-0.399211;-0.0251162;0;340.099;-18882.3;-2805.35;-30274.6
-0.398864;-0.0301307;0;343.086;-18838.4;-2803.72;-30256.9
-0.398453;-0.0351405;0;345.894;-18794.6;-2802.08;-30239.3
-0.39798;-0.0401447;0;348.523;-18750.9;-2800.44;-30221.6
-0.397445;-0.0451426;0;350.972;-18707.2;-2798.8;-30203.9
-0.396846;-0.0501333;0;353.242;-18663.5;-2797.16;-30186.2
-0.396185;-0.0551161;0;355.332;-18619.9;-2795.52;-30168.5
-0.395461;-0.0600902;0;357.241;-18576.3;-2793.88;-30150.8
-0.394674;-0.0650549;0;358.222;-18532.3;-2792.23;-30133
-0.393826;-0.0700092;0;298.045;-18458.3;-2782.67;-30029.7
-0.392915;-0.0749525;0;233.56;-18383.7;-2772.8;-29923.3
-0.391942;-0.079884;0;168.649;-18309.3;-2762.93;-29816.8
-0.390907;-0.0848028;0;103.324;-18235.1;-2753.05;-29710.2
-0.389811;-0.0897083;0;37.5945;-18161.1;-2743.16;-29603.5
-0.388653;-0.0945996;0;-28.5295;-18087.2;-2733.27;-29496.7
-0.387433;-0.099476;0;-95.0372;-18013.7;-2723.38;-29389.9
-0.386153;-0.104337;0;-161.918;-17940.3;-2713.48;-29283.2
-0.384811;-0.109181;0;-229.162;-17867.2;-2703.59;-29176.4
-0.383409;-0.114008;0;-296.758;-17794.3;-2693.69;-29069.6
-0.381946;-0.118817;0;-364.695;-17721.8;-2683.8;-28962.8
-0.380423;-0.123607;0;-432.963;-17649.5;-2673.92;-28856.1
-0.378839;-0.128377;0;-481.622;-17542.2;-2661.99;-28727.4
-0.377196;-0.133128;0;-398.601;-17178.5;-2634.44;-28430.1
-0.375494;-0.137857;0;-316.026;-16815;-2606.86;-28132.6
-0.373732;-0.142565;0;-234.095;-16451.8;-2579.28;-27834.9
-0.371911;-0.14725;0;-370.177;-16148.3;-2549.33;-27511.6
-0.370031;-0.151912;0;-513.119;-15839.4;-2519.02;-27184.6
-0.368093;-0.156549;0;-656.294;-15530.3;-2488.7;-26857.4
-0.366096;-0.161163;0;-799.679;-15221;-2458.37;-26530
-0.364042;-0.16575;0;-943.252;-14911.6;-2428.03;-26202.7
-0.361931;-0.170312;0;-1086.99;-14602.2;-2397.69;-25875.2
-0.359762;-0.174846;0;-1230.87;-14292.7;-2367.36;-25547.9
-0.357537;-0.179353;0;-1374.87;-13983.2;-2337.03;-25220.6
-0.355255;-0.183832;0;-1581.55;-13794.1;-2287.14;-24682.2
-0.352916;-0.188282;0;-1795.65;-13605.5;-2235.58;-24125.7
-0.350523;-0.192701;0;-1708.19;-13178.1;-2177.89;-23503.2
-0.348074;-0.197091;0;-1395.76;-12566.5;-2114.21;-22815.9
-0.345569;-0.201449;0;-1083.51;-11954.6;-2050.49;-22128.3
-0.343011;-0.205776;0;-771.479;-11342.7;-1986.76;-21440.5
-0.340398;-0.21007;0;-459.726;-10730.8;-1923.01;-20752.6
-0.337731;-0.214331;0;-148.298;-10119;-1859.27;-20064.7
-0.335011;-0.218558;0;162.758;-9507.5;-1795.54;-19377
-0.332238;-0.22275;0;473.392;-8896.26;-1731.83;-18689.4
-0.329413;-0.226908;0;783.554;-8285.43;-1668.15;-18002.2
-0.326536;-0.231029;0;842.253;-7769.18;-1603.91;-17308.9
-0.323607;-0.235114;0;866.523;-7262;-1538.95;-16608
-0.320627;-0.239162;0;890.392;-6755.29;-1474.04;-15907.4
-0.317596;-0.243172;0;927.741;-6230.55;-1407.2;-15186.2
-0.314515;-0.247144;0;1068.88;-5486.34;-1312.08;-14159.6
-0.311385;-0.251077;0;1095.49;-4863.34;-1207.58;-13031.8
-0.308205;-0.25497;0;1121.78;-4239.9;-1102.98;-11903.1
-0.304977;-0.258822;0;1147.74;-3616.13;-998.323;-10773.6
-0.301701;-0.262634;0;1173.37;-2992.12;-893.607;-9643.56
-0.298376;-0.266405;0;1198.66;-2367.97;-788.855;-8513.1
-0.295005;-0.270133;0;1223.62;-1743.78;-684.083;-7382.43
-0.291587;-0.273819;0;1248.23;-1119.64;-579.307;-6251.72
-0.288124;-0.277461;0;1272.49;-495.661;-474.544;-5121.14
-0.284614;-0.28106;0;1296.41;128.063;-369.81;-3990.89
-0.28106;-0.284614;0;1319.97;751.435;-265.123;-2861.13
-0.277461;-0.288124;0;1327.91;1336.35;-151.436;-1634.26
-0.273819;-0.291587;0;1332.69;1926.57;-34.7548;-375.064
-0.270133;-0.295005;0;1606.48;2831.35;83.8132;904.488
-0.266405;-0.298376;0;1909.54;3777.6;204.853;2210.72
-0.262634;-0.301701;0;2212.52;4724.21;325.954;3517.61
-0.258822;-0.304977;0;2515.36;5671.01;447.098;4824.96
-0.25497;-0.308205;0;2818.02;6617.88;568.265;6132.55
-0.251077;-0.311385;0;3120.46;7564.64;689.436;7440.2
-0.247144;-0.314515;0;3422.62;8511.16;810.592;8747.68
-0.243172;-0.317596;0;3724.45;9457.29;931.713;10054.8
-0.239162;-0.320627;0;4025.91;10402.9;1052.78;11361.3
-0.235114;-0.323607;0;4326.96;11347.8;1173.78;12667.1
-0.231029;-0.326536;0;4627.53;12291.8;1294.68;13971.8
-0.226908;-0.329413;0;4912.51;13211.4;1409.85;15214.7
-0.22275;-0.332238;0;5179.59;14128.9;1522.21;16427.2
-0.218558;-0.335011;0;5351.37;14774.1;1614.75;17425.9
-0.214331;-0.337731;0;5523.23;15416.4;1707.42;18426
-0.21007;-0.340398;0;5694.75;16058.9;1800.14;19426.6
-0.205776;-0.343011;0;5865.9;16701.4;1892.9;20427.6
-0.201449;-0.345569;0;6036.65;17343.9;1985.68;21428.9
-0.197091;-0.348074;0;6206.97;17986.3;2078.47;22430.2
-0.192701;-0.350523;0;6376.84;18628.5;2171.25;23431.5
-0.188282;-0.352916;0;6546.23;19270.3;2264.01;24432.6
-0.183832;-0.355255;0;6715.12;19911.7;2356.74;25433.3
-0.179353;-0.357537;0;6883.47;20552.6;2449.41;26433.4
-0.174846;-0.359762;0;7051.27;21192.9;2542.02;27432.8
-0.170312;-0.361931;0;7315.72;21503.9;2590.13;27952
-0.16575;-0.364042;0;7326.21;21506.9;2600.62;28065.2
-0.161163;-0.366096;0;7313.39;21485.3;2608.1;28145.9
-0.156549;-0.368093;0;7300.37;21463.5;2615.6;28226.8
-0.151912;-0.370031;0;7287.15;21441.8;2623.11;28307.8
-0.14725;-0.371911;0;7273.73;21419.9;2630.62;28389
-0.142565;-0.373732;0;7260.12;21398;2638.15;28470.2
-0.137857;-0.375494;0;7246.31;21376;2645.69;28551.5
-0.133128;-0.377196;0;7232.31;21354;2653.23;28632.9
-0.128377;-0.378839;0;7218.12;21331.9;2660.78;28714.4
-0.123607;-0.380423;0;7203.74;21309.7;2668.34;28796
-0.118817;-0.381946;0;7189.18;21287.5;2675.9;28877.5
-0.114008;-0.383409;0;7174.43;21265.3;2683.46;28959.2
-0.109181;-0.384811;0;7156.18;21224.4;2688.7;29015.7
-0.104337;-0.386153;0;6930.92;20499.2;2601.76;28077.5
-0.099476;-0.387433;0;6683.53;19735.7;2508.43;27070.3
-0.0945996;-0.388653;0;6435.64;18971.6;2415.06;26062.6
-0.0897083;-0.389811;0;6187.29;18206.9;2321.65;25054.6
-0.0848028;-0.390907;0;5931.11;17436.9;2228.44;24048.7
-0.079884;-0.391942;0;5655.29;16651.4;2135.43;23045
-0.0749525;-0.392915;0;5375.98;15862.8;2042.44;22041.4
-0.0700092;-0.393826;0;5096.38;15074.1;1949.46;21038
-0.0650549;-0.394674;0;4816.55;14285.3;1856.51;20035
-0.0600902;-0.395461;0;4536.53;13496.7;1763.62;19032.5
-0.0551161;-0.396185;0;4256.36;12708.3;1670.79;18030.7
-0.0501333;-0.396846;0;3982.85;11711.2;1532.04;16533.3
-0.0451426;-0.397445;0;3580.84;10535.7;1378.17;14872.8
-0.0401447;-0.39798;0;3178.61;9359.54;1224.22;13211.4
-0.0351405;-0.398453;0;2776.22;8182.9;1070.2;11549.3
-0.0301307;-0.398864;0;2374.5;7008.39;916.488;9890.49
-0.0251162;-0.399211;0;1971.65;5831.41;762.432;8227.95
-0.0200977;-0.399495;0;1568.76;4654.35;608.366;6565.32
-0.0150761;-0.399716;0;1165.9;3477.41;454.315;4902.83
-0.010052;-0.399874;0;763.144;2300.77;300.302;3240.77
-0.00502642;-0.399968;0;360.543;1124.61;146.352;1579.39
-7.34788e-17;-0.4;0;-41.8366;-50.8695;-7.51027;-81.0488
0.00502642;-0.399968;0;-447.962;-1197;-159.047;-1716.39
0.010052;-0.399874;0;-871.996;-2300.29;-308.56;-3329.89
0.0150761;-0.399716;0;-1296.39;-3404.5;-458.196;-4944.72
0.0200977;-0.399495;0;-1721.08;-4509.44;-607.933;-6560.64
0.0251162;-0.399211;0;-2145.99;-5614.94;-757.746;-8177.39
0.0301307;-0.398864;0;-2571.07;-6720.82;-907.613;-9794.7
0.0351405;-0.398453;0;-2996.23;-7826.91;-1057.51;-11412.3
0.0401447;-0.39798;0;-3421.42;-8933.04;-1207.41;-13030
0.0451426;-0.397445;0;-3846.57;-10039;-1357.29;-14647.5
0.0501333;-0.396846;0;-4271.6;-11144.7;-1507.14;-16264.6
0.0551161;-0.396185;0;-4398.72;-12101.3;-1655;-17860.3
0.0600902;-0.395461;0;-4521.08;-13058.7;-1803.36;-19461.3
0.0650549;-0.394674;0;-4834.96;-13693.2;-1889.23;-20388
0.0700092;-0.393826;0;-5162.93;-14324;-1973.75;-21300.1
0.0749525;-0.392915;0;-5490.68;-14954.8;-2058.28;-22212.4
0.079884;-0.391942;0;-5818.15;-15585.5;-2142.81;-23124.7
0.0848028;-0.390907;0;-6026.25;-16134.8;-2224.85;-24009.9
0.0897083;-0.389811;0;-6131.81;-16623.1;-2306.67;-24892.9
0.0945996;-0.388653;0;-6237.25;-17111.3;-2388.51;-25776.1
0.099476;-0.387433;0;-6342.57;-17599.5;-2470.35;-26659.3
0.104337;-0.386153;0;-6447.74;-18087.5;-2552.19;-27542.5
0.109181;-0.384811;0;-6552.76;-18575.4;-2634;-28425.4
0.114008;-0.383409;0;-6657.6;-19062.9;-2715.78;-29307.9
0.118817;-0.381946;0;-6720.47;-19341.5;-2736.09;-29527.1
0.123607;-0.380423;0;-6763.2;-19514.6;-2722.87;-29384.4
0.128377;-0.378839;0;-6805.85;-19687.8;-2709.65;-29241.7
0.133128;-0.377196;0;-6848.42;-19861;-2696.42;-29099
0.137857;-0.375494;0;-6890.9;-20034.2;-2683.2;-28956.3
0.142565;-0.373732;0;-6933.29;-20207.3;-2669.97;-28813.6
0.14725;-0.371911;0;-6975.57;-20380.3;-2656.75;-28670.9
0.151912;-0.370031;0;-7017.74;-20553.2;-2643.54;-28528.4
0.156549;-0.368093;0;-7059.8;-20726;-2630.34;-28385.9
0.161163;-0.366096;0;-7101.73;-20898.6;-2617.14;-28243.5
0.16575;-0.364042;0;-7143.53;-21071;-2603.96;-28101.2
0.170312;-0.361931;0;-7033.18;-21126.4;-2584.06;-27886.4
0.174846;-0.359762;0;-6779.9;-20941.2;-2540.02;-27411.1
0.179353;-0.357537;0;-6623.98;-20442.8;-2446.97;-26407.1
0.183832;-0.355255;0;-6467.53;-19943.9;-2353.87;-25402.4
0.188282;-0.352916;0;-6310.56;-19444.5;-2260.73;-24397.2
0.192701;-0.350523;0;-6153.11;-18944.7;-2167.56;-23391.7
0.197091;-0.348074;0;-5995.19;-18444.5;-2074.38;-22386.1
0.201449;-0.345569;0;-5836.83;-17944.1;-1981.2;-21380.6
0.205776;-0.343011;0;-5678.05;-17443.6;-1888.04;-20375.2
0.21007;-0.340398;0;-5518.89;-16942.9;-1794.9;-19370.1
0.214331;-0.337731;0;-5359.36;-16442.3;-1701.82;-18365.5
0.218558;-0.335011;0;-5199.5;-15941.7;-1608.79;-17361.6
0.22275;-0.332238;0;-5039.32;-15441.2;-1515.84;-16358.5
0.226908;-0.329413;0;-4837.28;-14731.9;-1410.1;-15217.4
0.231029;-0.326536;0;-4653.58;-13912.1;-1288.54;-13905.6
0.235114;-0.323607;0;-4469.4;-13091.3;-1166.89;-12592.7
0.239162;-0.320627;0;-4284.78;-12269.8;-1045.15;-11279
0.243172;-0.317596;0;-4099.73;-11447.6;-923.357;-9964.61
0.247144;-0.314515;0;-3914.29;-10625;-801.52;-8649.78
0.251077;-0.311385;0;-3728.49;-9801.89;-679.661;-7334.71
0.25497;-0.308205;0;-3542.35;-8978.57;-557.799;-6019.61
0.258822;-0.304977;0;-3355.91;-8155.13;-435.953;-4704.68
0.262634;-0.301701;0;-3169.19;-7331.69;-314.143;-3390.15
0.266405;-0.298376;0;-2982.23;-6508.38;-192.389;-2076.2
0.270133;-0.295005;0;-2795.05;-5685.34;-70.7081;-763.062
0.273819;-0.291587;0;-2607.69;-4862.7;50.879;549.072
0.277461;-0.288124;0;-2486.1;-4100.07;171.006;1845.45
0.28106;-0.284614;0;-2498.98;-3375.41;278.502;3005.52
0.284614;-0.28106;0;-2492.08;-2593.66;382.206;4124.66
0.288124;-0.277461;0;-2484.81;-1811.26;485.965;5244.39
0.291587;-0.273819;0;-2477.16;-1028.33;589.761;6364.53
0.295005;-0.270133;0;-2469.15;-245.007;693.579;7484.91
0.298376;-0.266405;0;-2460.78;538.595;797.402;8605.34
0.301701;-0.262634;0;-2452.04;1322.35;901.214;9725.64
0.304977;-0.258822;0;-2442.93;2106.14;1005;10845.7
0.308205;-0.25497;0;-2433.47;2889.83;1108.74;11965.2
0.311385;-0.251077;0;-2423.64;3673.3;1212.42;13084.1
0.314515;-0.247144;0;-2413.46;4456.43;1316.02;14202.1
0.317596;-0.243172;0;-2243.48;5232.38;1413.54;15254.5
0.320627;-0.239162;0;-2115.34;5805.66;1478.55;15956.1
0.323607;-0.235114;0;-1986.65;6379.62;1543.62;16658.3
0.326536;-0.231029;0;-1857.43;6954.17;1608.73;17361
0.329413;-0.226908;0;-1727.69;7529.22;1673.88;18064
0.332238;-0.22275;0;-1597.47;8104.68;1739.05;18767.4
0.335011;-0.218558;0;-1466.79;8680.46;1804.24;19470.8
0.337731;-0.214331;0;-1335.65;9256.47;1869.43;20174.4
0.340398;-0.21007;0;-1204.08;9832.61;1934.61;20877.8
0.343011;-0.205776;0;-1072.11;10408.8;1999.78;21581.1
0.345569;-0.201449;0;-939.759;10984.9;2064.92;22284.1
0.348074;-0.197091;0;-807.039;11561;2130.03;22986.7
0.350523;-0.192701;0;-673.975;12136.7;2195.09;23688.7
0.352916;-0.188282;0;-540.589;12712.2;2260.08;24390.2
0.355255;-0.183832;0;-589.859;13094.6;2309.08;24918.9
0.357537;-0.179353;0;-585.047;13489.3;2339.12;25243.2
0.359762;-0.174846;0;-579.951;13884.1;2369.18;25567.6
0.361931;-0.170312;0;-522.583;14266.3;2397.75;25875.8
0.364042;-0.16575;0;-451.316;14648.7;2426.09;26181.7
0.366096;-0.161163;0;-379.779;15031.4;2454.43;26487.6
0.368093;-0.156549;0;-307.981;15414.1;2482.78;26793.5
0.370031;-0.151912;0;-235.935;15796.9;2511.13;27099.4
0.371911;-0.14725;0;-163.652;16179.7;2539.47;27405.3
0.373732;-0.142565;0;-91.1422;16562.4;2567.8;27711
0.375494;-0.137857;0;-18.4185;16945;2596.12;28016.6
0.377196;-0.133128;0;54.5081;17327.4;2624.42;28322
0.378839;-0.128377;0;203.536;17792.5;2652.76;28627.9
0.380423;-0.123607;0;414.454;18245.3;2676.54;28884.5
0.381946;-0.118817;0;411.775;18213.1;2686.03;28986.9
0.383409;-0.114008;0;409.402;18181.1;2695.52;29089.3
0.384811;-0.109181;0;407.336;18149.2;2705.01;29191.7
0.386153;-0.104337;0;469.587;18147.6;2714.05;29289.3
0.387433;-0.099476;0;688.381;18209.3;2722.32;29378.6
0.388653;-0.0945996;0;907.456;18271.2;2730.6;29467.9
0.389811;-0.0897083;0;1126.78;18333.1;2738.88;29557.2
0.390907;-0.0848028;0;1346.31;18395;2747.16;29646.6
0.391942;-0.079884;0;1566.03;18456.9;2755.44;29735.9
0.392915;-0.0749525;0;1785.88;18518.9;2763.71;29825.2
0.393826;-0.0700092;0;2005.85;18580.8;2771.98;29914.5
0.394674;-0.0650549;0;2225.88;18642.7;2780.25;30003.7
0.395461;-0.0600902;0;2445.96;18704.7;2788.51;30092.9
0.396185;-0.0551161;0;2667.81;18886.2;2792.64;30137.3
0.396846;-0.0501333;0;2900.08;19129.6;2795.05;30163.4
0.397445;-0.0451426;0;3132.63;19373.1;2797.46;30189.4
0.39798;-0.0401447;0;3487.85;19677;2799.07;30206.8
0.398453;-0.0351405;0;3967.6;20050;2800;30216.8
0.398864;-0.0301307;0;4447.61;20423.1;2800.93;30226.8
0.399211;-0.0251162;0;4927.81;20796.4;2801.86;30236.9
0.399495;-0.0200977;0;5408.12;21169.7;2802.79;30246.9
0.399716;-0.0150761;0;5888.48;21543.1;2803.72;30257
0.399874;-0.010052;0;6368.81;21916.5;2804.65;30267
0.399968;-0.00502642;0;6849.02;22289.7;2805.59;30277.1
