0.4;0;0;1812.41;26216.6;2806.5;30287
0.399968;0.00502642;0;1919.12;26358.8;2805.5;30276.2
0.399874;0.010052;0;2027.98;26503.8;2804.49;30265.2
0.399716;0.0150761;0;2136.87;26648.8;2803.47;30254.3
0.399495;0.0200977;0;2245.77;26793.9;2802.45;30243.3
0.399211;0.0251162;0;2354.67;26939;2801.44;30232.3
0.398864;0.0301307;0;2463.55;27084;2800.42;30221.4
0.398453;0.0351405;0;2572.38;27228.9;2799.4;30210.4
0.39798;0.0401447;0;2681.16;27373.8;2798.39;30199.4
0.397445;0.0451426;0;2819.85;27488.1;2796.28;30176.7
0.396846;0.0501333;0;2976.98;27594.7;2793.6;30147.8
0.396185;0.0551161;0;3134.11;27701.4;2790.92;30118.9
0.395461;0.0600902;0;3291.21;27808;2788.25;30090
0.394674;0.0650549;0;3389.52;27623.8;2780.85;30010.1
0.393826;0.0700092;0;3483.35;27394.1;2772.56;29920.6
0.392915;0.0749525;0;3577.27;27164.3;2764.26;29831.1
0.391942;0.079884;0;3671.25;26934.6;2755.96;29741.6
0.390907;0.0848028;0;3765.27;26704.8;2747.66;29652
0.389811;0.0897083;0;3859.33;26475.1;2739.36;29562.4
0.388653;0.0945996;0;3953.41;26245.4;2731.06;29472.8
0.387433;0.099476;0;4047.5;26015.9;2722.76;29383.3
0.386153;0.104337;0;4151.35;25800.8;2714.04;29289.2
0.384811;0.109181;0;4280.86;25608.6;2703.86;29179.3
0.383409;0.114008;0;4410.37;25416.5;2693.69;29069.5
0.381946;0.118817;0;4539.85;25224.5;2683.51;28959.7
0.380423;0.123607;0;4669.28;25032.7;2673.33;28849.9
0.378839;0.128377;0;4663.96;24810.2;2650.32;28601.6
0.377196;0.133128;0;4591.23;24565;2620.11;28275.5
0.375494;0.137857;0;4562.47;24446;2591.78;27969.8
0.373732;0.142565;0;4534.28;24328.6;2563.47;27664.2
0.371911;0.14725;0;4506.06;24211.1;2535.14;27358.5
0.370031;0.151912;0;4477.81;24093.6;2506.8;27052.7
0.368093;0.156549;0;4449.54;23976.1;2478.46;26746.8
0.366096;0.161163;0;4421.26;23858.5;2450.11;26440.9
0.364042;0.16575;0;4392.96;23740.9;2421.77;26135.1
0.361931;0.170312;0;4364.65;23623.3;2393.44;25829.3
0.359762;0.174846;0;4336.34;23505.7;2365.12;25523.7
0.357537;0.179353;0;4308.04;23388.2;2336.81;25218.2
0.355255;0.183832;0;4279.73;23270.8;2308.52;24912.9
0.352916;0.188282;0;4266.59;22818;2260.85;24398.5
0.350523;0.192701;0;4204.44;22151.4;2195.69;23695.3
0.348074;0.197091;0;4142.3;21484.2;2130.47;22991.4
0.345569;0.201449;0;4080.19;20816.3;2065.2;22287.1
0.343011;0.205776;0;4018.12;20148;1999.9;21582.3
0.340398;0.21007;0;3956.09;19479.3;1934.57;20877.3
0.337731;0.214331;0;3894.12;18810.3;1869.22;20172.1
0.335011;0.218558;0;3832.21;18141.2;1803.87;19466.9
0.332238;0.22275;0;3770.38;17472;1738.52;18761.7
0.329413;0.226908;0;3708.63;16802.9;1673.19;18056.6
0.326536;0.231029;0;3646.98;16134;1607.88;17351.8
0.323607;0.235114;0;3587.28;15462.3;1542.57;16647
0.320627;0.239162;0;3530.94;14786.8;1477.14;15940.9
0.317596;0.243172;0;3474.79;14111.8;1411.77;15235.4
0.314515;0.247144;0;3381.27;13201;1322.45;14271.5
0.311385;0.251077;0;3275.27;12150.8;1218.85;13153.5
0.308205;0.25497;0;3169.22;11099.7;1115.17;12034.6
0.304977;0.258822;0;3063.21;10046.8;1011.38;10914.5
0.301701;0.262634;0;2957.32;8991.29;907.441;9792.84
0.298376;0.266405;0;2851.96;7935.56;803.403;8670.1
0.295005;0.270133;0;2747.4;6879.76;699.243;7546.03
0.291587;0.273819;0;2642.93;5824.1;595.084;6421.98
0.288124;0.277461;0;2538.58;4768.75;490.944;5298.13
0.284614;0.28106;0;2434.36;3713.87;386.839;4174.66
0.28106;0.284614;0;2330.28;2659.63;282.785;3051.74
0.277461;0.288124;0;2218.95;1583.7;176.654;1906.4
0.273819;0.291587;0;1991.12;485.576;55.3972;597.831
0.270133;0.295005;0;1763.19;-613.6;-65.9718;-711.95
0.266405;0.298376;0;1535.2;-1713.66;-187.434;-2022.74
0.262634;0.301701;0;1307.19;-2814.42;-308.971;-3334.33
0.258822;0.304977;0;1079.19;-3915.71;-430.564;-4646.52
0.25497;0.308205;0;851.246;-5017.36;-552.192;-5959.1
0.251077;0.311385;0;625.829;-6120.7;-673.925;-7272.81
0.247144;0.314515;0;400.906;-7224.36;-795.686;-8586.82
0.243172;0.317596;0;177.005;-8329.11;-917.589;-9902.36
0.239162;0.320627;0;-46.7737;-9433.51;-1039.45;-11217.5
0.235114;0.323607;0;-270.396;-10537.4;-1161.26;-12532
0.231029;0.326536;0;-493.825;-11640.6;-1282.99;-13845.7
0.226908;0.329413;0;-717.026;-12742.8;-1404.63;-15158.4
0.22275;0.332238;0;-959.583;-13703.1;-1510.77;-16303.8
0.218558;0.335011;0;-1189.14;-14519.9;-1602.76;-17296.5
0.214331;0.337731;0;-1418.93;-15337.4;-1694.83;-18290.1
0.21007;0.340398;0;-1648.94;-16155.5;-1786.96;-19284.3
0.205776;0.343011;0;-1879.11;-16974.1;-1879.14;-20279.1
0.201449;0.345569;0;-2109.42;-17793;-1971.35;-21274.2
0.197091;0.348074;0;-2339.82;-18612.2;-2063.58;-22269.6
0.192701;0.350523;0;-2570.28;-19431.4;-2155.81;-23264.9
0.188282;0.352916;0;-2800.77;-20250.5;-2248.04;-24260.2
0.183832;0.355255;0;-3031.25;-21069.5;-2340.24;-25255.2
0.179353;0.357537;0;-3261.68;-21888.2;-2432.39;-26249.7
0.174846;0.359762;0;-3492.02;-22706.5;-2524.5;-27243.7
0.170312;0.361931;0;-3712.25;-23361.2;-2597.61;-28032.7
0.16575;0.364042;0;-4002.67;-23641.5;-2615.24;-28222.9
0.161163;0.366096;0;-4298.98;-23924.3;-2632.48;-28409
0.156549;0.368093;0;-4595.59;-24207.4;-2649.73;-28595.2
0.151912;0.370031;0;-4892.45;-24490.7;-2667;-28781.6
0.14725;0.371911;0;-5189.53;-24774.3;-2684.29;-28968.1
0.142565;0.373732;0;-5486.76;-25058;-2701.58;-29154.7
0.137857;0.375494;0;-5784.1;-25341.8;-2718.88;-29341.3
0.133128;0.377196;0;-6081.51;-25625.6;-2736.18;-29528.1
0.128377;0.378839;0;-6378.94;-25909.5;-2753.48;-29714.8
0.123607;0.380423;0;-6676.35;-26193.4;-2770.78;-29901.5
0.118817;0.381946;0;-6746.76;-25923.2;-2742.39;-29595.1
0.114008;0.383409;0;-6565.86;-25005.2;-2660.12;-28707.3
0.109181;0.384811;0;-6384.87;-24086.8;-2577.81;-27819
0.104337;0.386153;0;-6203.82;-23168.2;-2495.49;-26930.6
0.099476;0.387433;0;-6022.76;-22249.4;-2413.15;-26042
0.0945996;0.388653;0;-5841.7;-21330.7;-2330.81;-25153.5
0.0897083;0.389811;0;-5660.67;-20412.2;-2248.49;-24265.1
0.0848028;0.390907;0;-5479.71;-19494;-2166.2;-23377.1
0.079884;0.391942;0;-5298.83;-18576.2;-2083.95;-22489.5
0.0749525;0.392915;0;-5118.08;-17659.1;-2001.76;-21602.4
0.0700092;0.393826;0;-4937.47;-16742.7;-1919.64;-20716.2
0.0650549;0.394674;0;-4757.04;-15827.2;-1837.59;-19830.8
0.0600902;0.395461;0;-4576.81;-14912.8;-1755.64;-18946.4
0.0551161;0.396185;0;-4396.82;-13999.5;-1673.8;-18063.1
0.0501333;0.396846;0;-4013.77;-12655.9;-1528.15;-16491.3
0.0451426;0.397445;0;-3605.21;-11244.5;-1373.21;-14819.3
0.0401447;0.39798;0;-3196.19;-9831.55;-1218.1;-13145.4
0.0351405;0.398453;0;-2786.77;-8417.23;-1062.83;-11469.8
0.0301307;0.398864;0;-2377.02;-7001.8;-907.441;-9792.85
0.0251162;0.399211;0;-1967.01;-5585.48;-751.946;-8114.79
0.0200977;0.399495;0;-1556.79;-4168.47;-596.372;-6435.88
0.0150761;0.399716;0;-1146.44;-2751.02;-440.745;-4756.4
0.010052;0.399874;0;-736.015;-1333.35;-285.089;-3076.6
0.00502642;0.399968;0;-325.583;84.328;-129.429;-1396.76
2.44929e-17;0.4;0;84.7921;1501.78;26.2121;282.874
-0.00502642;0.399968;0;495.045;2918.79;181.808;1962.02
-0.010052;0.399874;0;905.11;4335.13;337.335;3640.43
-0.0150761;0.399716;0;1314.92;5750.58;492.768;5317.82
-0.0200977;0.399495;0;1724.42;7164.9;648.083;6993.93
-0.0251162;0.399211;0;2133.54;8577.89;803.255;8668.5
-0.0301307;0.398864;0;2542.21;9989.32;958.26;10341.3
-0.0351405;0.398453;0;2883.04;11369.7;1109.26;11970.8
-0.0401447;0.39798;0;3025.14;12528.1;1236.91;13348.3
-0.0451426;0.397445;0;3069.76;13493.4;1345.05;14515.4
-0.0501333;0.396846;0;3114.38;14459.4;1453.29;15683.5
-0.0551161;0.396185;0;3158.99;15426;1561.61;16852.4
-0.0600902;0.395461;0;3203.6;16393.1;1669.99;18022
-0.0650549;0.394674;0;3248.19;17360.5;1778.41;19192.1
-0.0700092;0.393826;0;3292.75;18328;1886.86;20362.4
-0.0749525;0.392915;0;3337.29;19295.5;1995.32;21532.9
-0.079884;0.391942;0;3381.79;20262.9;2103.77;22703.3
-0.0848028;0.390907;0;3426.24;21230;2212.19;23873.4
-0.0897083;0.389811;0;3470.64;22196.5;2320.58;25043
-0.0945996;0.388653;0;3514.98;23162.5;2428.9;26212
-0.099476;0.387433;0;3559.26;24127.7;2537.15;27380.2
-0.104337;0.386153;0;3614.53;24918.3;2624.74;28325.5
-0.109181;0.384811;0;3619.11;25103.2;2650.92;28608
-0.114008;0.383409;0;3549.39;24917.2;2644.31;28536.7
-0.118817;0.381946;0;3479.65;24731.2;2637.71;28465.4
-0.123607;0.380423;0;3409.88;24545.2;2631.11;28394.2
-0.128377;0.378839;0;3340.11;24359.1;2624.52;28323.1
-0.133128;0.377196;0;3270.35;24173.1;2617.94;28252
-0.137857;0.375494;0;3200.6;23987.1;2611.37;28181.1
-0.142565;0.373732;0;3130.88;23801.2;2604.8;28110.3
-0.14725;0.371911;0;3061.21;23615.4;2598.26;28039.6
-0.151912;0.370031;0;2997.95;23438.8;2592.92;27982
-0.156549;0.368093;0;2952.95;23276.9;2589.6;27946.3
-0.161163;0.366096;0;2908.14;23115.1;2586.3;27910.7
-0.16575;0.364042;0;2863.51;22953.6;2583.02;27875.2
-0.170312;0.361931;0;2819.09;22792.2;2579.75;27839.9
-0.174846;0.359762;0;2742.32;22432.7;2539.56;27406.2
-0.179353;0.357537;0;2731.38;21652.9;2447.84;26416.4
-0.183832;0.355255;0;2720.55;20872.7;2356.05;25425.8
-0.188282;0.352916;0;2709.81;20092.2;2264.21;24434.8
-0.192701;0.350523;0;2699.18;19311.6;2172.34;23443.3
-0.197091;0.348074;0;2688.66;18530.8;2080.45;22451.6
-0.201449;0.345569;0;2678.25;17750.1;1988.55;21459.9
-0.205776;0.343011;0;2667.95;16969.6;1896.66;20468.2
-0.21007;0.340398;0;2657.75;16189.4;1804.79;19476.8
-0.214331;0.337731;0;2647.68;15409.7;1712.96;18485.8
-0.218558;0.335011;0;2637.71;14630.5;1621.18;17495.3
-0.22275;0.332238;0;2513.15;13756.6;1525.03;16457.6
-0.226908;0.329413;0;2021.85;12558.6;1412.29;15241
-0.231029;0.326536;0;1645.49;11483.2;1292.56;13948.9
-0.235114;0.323607;0;1264.62;10393.1;1171.16;12638.8
-0.239162;0.320627;0;883.436;9302.31;1049.68;11327.8
-0.243172;0.317596;0;501.99;8210.93;928.139;10016.2
-0.247144;0.314515;0;120.343;7119.16;806.558;8704.15
-0.251077;0.311385;0;-261.444;6027.16;684.956;7391.85
-0.25497;0.308205;0;-643.31;4935.12;563.351;6079.52
-0.258822;0.304977;0;-1025.2;3843.19;441.762;4767.37
-0.262634;0.301701;0;-1407.04;2751.56;320.209;3455.61
-0.266405;0.298376;0;-1788.78;1660.39;198.712;2144.44
-0.270133;0.295005;0;-2170.36;569.854;77.2882;834.073
-0.273819;0.291587;0;-2551.72;-519.868;-44.0419;-475.287
-0.277461;0.288124;0;-2736.47;-1459.23;-160.648;-1733.66
-0.28106;0.284614;0;-2826.39;-2405.89;-271.124;-2925.89
-0.284614;0.28106;0;-2905.97;-3459.03;-375.748;-4054.97
-0.288124;0.277461;0;-2985.55;-4512.54;-480.42;-5184.56
-0.291587;0.273819;0;-3065.12;-5566.28;-585.122;-6314.47
-0.295005;0.270133;0;-3144.66;-6620.08;-689.837;-7444.53
-0.298376;0.266405;0;-3224.16;-7673.75;-794.55;-8574.56
-0.301701;0.262634;0;-3303.6;-8727.15;-899.244;-9704.38
-0.304977;0.258822;0;-3382.98;-9780.11;-1003.9;-10833.8
-0.308205;0.25497;0;-3462.28;-10832.5;-1108.51;-11962.7
-0.311385;0.251077;0;-3541.49;-11884;-1213.04;-13090.8
-0.314515;0.247144;0;-3620.6;-12934.6;-1317.49;-14218
-0.317596;0.243172;0;-3776.52;-13933.1;-1410.13;-15217.7
-0.320627;0.239162;0;-3868.54;-14527.3;-1475.25;-15920.5
-0.323607;0.235114;0;-3960.68;-15122;-1540.43;-16623.9
-0.326536;0.231029;0;-4052.95;-15717.1;-1605.65;-17327.7
-0.329413;0.226908;0;-4145.32;-16312.5;-1670.9;-18031.9
-0.332238;0.22275;0;-4237.77;-16908.2;-1736.17;-18736.3
-0.335011;0.218558;0;-4330.33;-17504;-1801.45;-19440.8
-0.337731;0.214331;0;-4431.18;-18100.5;-1866.21;-20139.6
-0.340398;0.21007;0;-4533.39;-18698.3;-1931.12;-20840.1
-0.343011;0.205776;0;-4635.6;-19296;-1996.02;-21540.5
-0.345569;0.201449;0;-4737.8;-19893.5;-2060.89;-22240.6
-0.348074;0.197091;0;-4839.97;-20490.8;-2125.74;-22940.4
-0.350523;0.192701;0;-4942.1;-21087.6;-2190.55;-23639.8
-0.352916;0.188282;0;-5044.17;-21684;-2255.3;-24338.6
-0.355255;0.183832;0;-5054.3;-22223.5;-2310.72;-24936.6
-0.357537;0.179353;0;-5006.53;-22487.6;-2341.27;-25266.3
-0.359762;0.174846;0;-4958.59;-22750.7;-2371.78;-25595.6
-0.361931;0.170312;0;-4910.55;-23014;-2402.31;-25925
-0.364042;0.16575;0;-4862.42;-23277.3;-2432.84;-26254.5
-0.366096;0.161163;0;-4814.21;-23540.7;-2463.37;-26584
-0.368093;0.156549;0;-4765.92;-23804.1;-2493.89;-26913.4
-0.370031;0.151912;0;-4717.57;-24067.5;-2524.4;-27242.7
-0.371911;0.14725;0;-4669.15;-24330.7;-2554.9;-27571.8
-0.373732;0.142565;0;-4620.68;-24593.9;-2585.38;-27900.7
-0.375494;0.137857;0;-4572.16;-24856.9;-2615.84;-28229.4
-0.377196;0.133128;0;-4519.88;-25082.1;-2644.58;-28539.6
-0.378839;0.128377;0;-4475.12;-25216;-2657.65;-28680.6
-0.380423;0.123607;0;-4434.62;-25351.5;-2667.93;-28791.6
-0.381946;0.118817;0;-4394.04;-25487;-2678.22;-28902.6
-0.383409;0.114008;0;-4353.39;-25622.6;-2688.52;-29013.7
-0.384811;0.109181;0;-4312.67;-25758.3;-2698.82;-29124.9
-0.386153;0.104337;0;-4271.9;-25893.9;-2709.12;-29236.1
-0.387433;0.099476;0;-4231.07;-26029.5;-2719.42;-29347.2
-0.388653;0.0945996;0;-4190.2;-26165.1;-2729.73;-29458.4
-0.389811;0.0897083;0;-4149.29;-26300.7;-2740.03;-29569.6
-0.390907;0.0848028;0;-4108.34;-26436.1;-2750.32;-29680.7
-0.391942;0.079884;0;-4067.37;-26571.5;-2760.61;-29791.8
-0.392915;0.0749525;0;-4026.38;-26706.7;-2770.9;-29902.7
-0.393826;0.0700092;0;-3985.38;-26841.8;-2781.17;-30013.6
-0.394674;0.0650549;0;-3945.63;-26976.9;-2791.34;-30123.4
-0.395461;0.0600902;0;-3956.23;-27041.9;-2793.9;-30151
-0.396185;0.0551161;0;-3965.04;-27085.6;-2795.57;-30169
-0.396846;0.0501333;0;-3973.82;-27129.4;-2797.23;-30187
-0.397445;0.0451426;0;-3982.58;-27173.2;-2798.9;-30204.9
-0.39798;0.0401447;0;-3991.3;-27217;-2800.56;-30222.9
-0.398453;0.0351405;0;-3998.97;-27260.7;-2802.18;-30240.3
-0.398864;0.0301307;0;-4007.02;-27304.7;-2803.74;-30257.1
-0.399211;0.0251162;0;-4015.35;-27348.9;-2805.28;-30273.8
-0.399495;0.0200977;0;-4023.7;-27393;-2806.82;-30290.4
-0.399716;0.0150761;0;-4032.08;-27437.1;-2808.36;-30307
-0.399874;0.010052;0;-4040.47;-27481.2;-2809.9;-30323.6
-0.399968;0.00502642;0;-4048.89;-27525.3;-2811.43;-30340.2
-0.4;4.89859e-17;0;-4057.32;-27569.4;-2812.96;-30356.7
-0.399968;-0.00502642;0;-4072.14;-27559.5;-2811.88;-30345
-0.399874;-0.010052;0;-4088.4;-27537.8;-2810.25;-30327.4
-0.399716;-0.0150761;0;-4104.69;-27516;-2808.62;-30309.8
-0.399495;-0.0200977;0;-4121.01;-27494.2;-2806.99;-30292.2
-0.399211;-0.0251162;0;-4137.36;-27472.4;-2805.35;-30274.6
-0.398864;-0.0301307;0;-4153.74;-27450.6;-2803.72;-30256.9
-0.398453;-0.0351405;0;-4170.15;-27428.9;-2802.08;-30239.3
-0.39798;-0.0401447;0;-4186.57;-27407.1;-2800.44;-30221.6
-0.397445;-0.0451426;0;-4203.02;-27385.4;-2798.8;-30203.9
-0.396846;-0.0501333;0;-4219.48;-27363.6;-2797.16;-30186.2
-0.396185;-0.0551161;0;-4235.96;-27341.9;-2795.52;-30168.5
-0.395461;-0.0600902;0;-4252.45;-27320.3;-2793.88;-30150.8
-0.394674;-0.0650549;0;-4268.94;-27298.6;-2792.23;-30133
-0.393826;-0.0700092;0;-4306.77;-27240.1;-2782.67;-30029.7
-0.392915;-0.0749525;0;-4345.35;-27180.4;-2772.8;-29923.3
-0.391942;-0.079884;0;-4383.98;-27120.7;-2762.93;-29816.8
-0.390907;-0.0848028;0;-4422.64;-27060.9;-2753.05;-29710.2
-0.389811;-0.0897083;0;-4461.34;-27001.2;-2743.16;-29603.5
-0.388653;-0.0945996;0;-4500.06;-26941.5;-2733.27;-29496.7
-0.387433;-0.099476;0;-4538.79;-26881.8;-2723.38;-29389.9
-0.386153;-0.104337;0;-4577.54;-26822.1;-2713.48;-29283.2
-0.384811;-0.109181;0;-4616.3;-26762.5;-2703.59;-29176.4
-0.383409;-0.114008;0;-4655.06;-26702.9;-2693.69;-29069.6
-0.381946;-0.118817;0;-4693.81;-26643.4;-2683.8;-28962.8
-0.380423;-0.123607;0;-4732.55;-26584;-2673.92;-28856.1
-0.378839;-0.128377;0;-4747.48;-26479;-2661.99;-28727.4
-0.377196;-0.133128;0;-4593.59;-26039.7;-2634.44;-28430.1
-0.375494;-0.137857;0;-4439.61;-25600.3;-2606.86;-28132.6
-0.373732;-0.142565;0;-4285.58;-25160.7;-2579.28;-27834.9
-0.371911;-0.14725;0;-4145.78;-24734.7;-2549.33;-27511.6
-0.370031;-0.151912;0;-4006.32;-24306.4;-2519.02;-27184.6
-0.368093;-0.156549;0;-3866.84;-23878;-2488.7;-26857.4
-0.366096;-0.161163;0;-3727.37;-23449.5;-2458.37;-26530
-0.364042;-0.16575;0;-3587.93;-23021;-2428.03;-26202.7
-0.361931;-0.170312;0;-3448.54;-22592.6;-2397.69;-25875.2
-0.359762;-0.174846;0;-3309.23;-22164.3;-2367.36;-25547.9
-0.357537;-0.179353;0;-3170.01;-21736.1;-2337.03;-25220.6
-0.355255;-0.183832;0;-3175.66;-21124.8;-2287.14;-24682.2
-0.352916;-0.188282;0;-3187.18;-20495.6;-2235.58;-24125.7
-0.350523;-0.192701;0;-3257.23;-19929.4;-2177.89;-23503.2
-0.348074;-0.197091;0;-3370.02;-19392;-2114.21;-22815.9
-0.345569;-0.201449;0;-3482.89;-18854.3;-2050.49;-22128.3
-0.343011;-0.205776;0;-3595.81;-18316.4;-1986.76;-21440.5
-0.340398;-0.21007;0;-3708.77;-17778.4;-1923.01;-20752.6
-0.337731;-0.214331;0;-3821.76;-17240.4;-1859.27;-20064.7
-0.335011;-0.218558;0;-3934.74;-16702.5;-1795.54;-19377
-0.332238;-0.22275;0;-4047.71;-16164.8;-1731.83;-18689.4
-0.329413;-0.226908;0;-4160.64;-15627.2;-1668.15;-18002.2
-0.326536;-0.231029;0;-4300.18;-15080.6;-1603.91;-17308.9
-0.323607;-0.235114;0;-4445.45;-14528.4;-1538.95;-16608
-0.320627;-0.239162;0;-4590.69;-13976.5;-1474.04;-15907.4
-0.317596;-0.243172;0;-4709.68;-13398.9;-1407.2;-15186.2
-0.314515;-0.247144;0;-4570.83;-12497.4;-1312.08;-14159.6
-0.311385;-0.251077;0;-4289.98;-11593.6;-1207.58;-13031.8
-0.308205;-0.25497;0;-4008.96;-10689;-1102.98;-11903.1
-0.304977;-0.258822;0;-3727.83;-9783.83;-998.323;-10773.6
-0.301701;-0.262634;0;-3446.64;-8878.1;-893.607;-9643.56
-0.298376;-0.266405;0;-3165.42;-7972.01;-788.855;-8513.1
-0.295005;-0.270133;0;-2884.22;-7065.69;-684.083;-7382.43
-0.291587;-0.273819;0;-2603.09;-6159.29;-579.307;-6251.72
-0.288124;-0.277461;0;-2322.07;-5252.94;-474.544;-5121.14
-0.284614;-0.28106;0;-2041.2;-4346.8;-369.81;-3990.89
-0.28106;-0.284614;0;-1760.54;-3441.01;-265.123;-2861.13
-0.277461;-0.288124;0;-1472.8;-2389.82;-151.436;-1634.26
-0.273819;-0.291587;0;-1179.62;-1303.55;-34.7548;-375.064
-0.270133;-0.295005;0;-1010.17;-94.3472;83.8132;904.488
-0.266405;-0.298376;0;-845.175;1146.7;204.853;2210.72
-0.262634;-0.301701;0;-680.094;2388.37;325.954;3517.61
-0.258822;-0.304977;0;-514.954;3630.47;447.098;4824.96
-0.25497;-0.308205;0;-349.783;4872.81;568.265;6132.55
-0.251077;-0.311385;0;-184.606;6115.18;689.436;7440.2
-0.247144;-0.314515;0;-19.4488;7357.4;810.592;8747.68
-0.243172;-0.317596;0;145.662;8599.26;931.713;10054.8
-0.239162;-0.320627;0;310.7;9840.58;1052.78;11361.3
-0.235114;-0.323607;0;475.64;11081.2;1173.78;12667.1
-0.231029;-0.326536;0;640.456;12320.8;1294.68;13971.8
-0.226908;-0.329413;0;816.216;13457.7;1409.85;15214.7
-0.22275;-0.332238;0;1011;14512.6;1522.21;16427.2
-0.218558;-0.335011;0;1366.19;15245;1614.75;17425.9
-0.214331;-0.337731;0;1730.36;15972.6;1707.42;18426
-0.21007;-0.340398;0;2094.65;16700.6;1800.14;19426.6
-0.205776;-0.343011;0;2459.02;17429;1892.9;20427.6
-0.201449;-0.345569;0;2823.4;18157.5;1985.68;21428.9
-0.197091;-0.348074;0;3187.74;18886.2;2078.47;22430.2
-0.192701;-0.350523;0;3551.98;19614.8;2171.25;23431.5
-0.188282;-0.352916;0;3916.06;20343.3;2264.01;24432.6
-0.183832;-0.355255;0;4279.93;21071.5;2356.74;25433.3
-0.179353;-0.357537;0;4643.52;21799.3;2449.41;26433.4
-0.174846;-0.359762;0;5006.78;22526.7;2542.02;27432.8
-0.170312;-0.361931;0;5224.87;23032.4;2590.13;27952
-0.16575;-0.364042;0;5170.9;23061.9;2600.62;28065.2
-0.161163;-0.366096;0;5092.3;23047.7;2608.1;28145.9
-0.156549;-0.368093;0;5013.68;23033.8;2615.6;28226.8
-0.151912;-0.370031;0;4935.07;23020;2623.11;28307.8
-0.14725;-0.371911;0;4856.46;23006.4;2630.62;28389
-0.142565;-0.373732;0;4777.89;22993;2638.15;28470.2
-0.137857;-0.375494;0;4699.34;22979.9;2645.69;28551.5
-0.133128;-0.377196;0;4620.85;22966.9;2653.23;28632.9
-0.128377;-0.378839;0;4542.43;22954.1;2660.78;28714.4
-0.123607;-0.380423;0;4464.07;22941.6;2668.34;28796
-0.118817;-0.381946;0;4385.81;22929.2;2675.9;28877.5
-0.114008;-0.383409;0;4307.64;22917.1;2683.46;28959.2
-0.109181;-0.384811;0;4231.9;22880.6;2688.7;29015.7
-0.104337;-0.386153;0;4125.59;22308.8;2601.76;28077.5
-0.099476;-0.387433;0;4001.05;21759.2;2508.43;27070.3
-0.0945996;-0.388653;0;3876.61;21209.3;2415.06;26062.6
-0.0897083;-0.389811;0;3752.28;20659.1;2321.65;25054.6
-0.0848028;-0.390907;0;3631.68;20109.1;2228.44;24048.7
-0.079884;-0.391942;0;3516.32;19555.3;2135.43;23045
-0.0749525;-0.392915;0;3401.43;19000.4;2042.44;22041.4
-0.0700092;-0.393826;0;3286.61;18445.5;1949.46;21038
-0.0650549;-0.394674;0;3171.88;17890.7;1856.51;20035
-0.0600902;-0.395461;0;3057.26;17336.1;1763.62;19032.5
-0.0551161;-0.396185;0;2942.76;16781.8;1670.79;18030.7
-0.0501333;-0.396846;0;2764.42;15521;1532.04;16533.3
-0.0451426;-0.397445;0;2625.58;13977.7;1378.17;14872.8
-0.0401447;-0.39798;0;2486.56;12433.6;1224.22;13211.4
-0.0351405;-0.398453;0;2347.38;10888.8;1070.2;11549.3
-0.0301307;-0.398864;0;2196.64;9344.54;916.488;9890.49
-0.0251162;-0.399211;0;2042.75;7796.55;762.432;8227.95
-0.0200977;-0.399495;0;1888.77;6248.45;608.366;6565.32
-0.0150761;-0.399716;0;1734.75;4700.5;454.315;4902.83
-0.010052;-0.399874;0;1580.69;3152.93;300.302;3240.77
-0.00502642;-0.399968;0;1426.63;1605.99;146.352;1579.39
-7.34788e-17;-0.4;0;1272.59;59.9162;-7.51027;-81.0488
0.00502642;-0.399968;0;1014.23;-1457.48;-159.047;-1716.39
0.010052;-0.399874;0;506.076;-2941.99;-308.56;-3329.89
0.0150761;-0.399716;0;-2.58725;-4427.75;-458.196;-4944.72
0.0200977;-0.399495;0;-511.682;-5914.5;-607.933;-6560.64
0.0251162;-0.399211;0;-1021.13;-7402.02;-757.746;-8177.39
0.0301307;-0.398864;0;-1530.84;-8890.08;-907.613;-9794.7
0.0351405;-0.398453;0;-2040.75;-10378.4;-1057.51;-11412.3
0.0401447;-0.39798;0;-2550.76;-11866.8;-1207.41;-13030
0.0451426;-0.397445;0;-3060.81;-13355.1;-1357.29;-14647.5
0.0501333;-0.396846;0;-3570.8;-14842.9;-1507.14;-16264.6
0.0551161;-0.396185;0;-3951.47;-16207.7;-1655;-17860.3
0.0600902;-0.395461;0;-4331.67;-17575.1;-1803.36;-19461.3
0.0650549;-0.394674;0;-4511.39;-18292.3;-1889.23;-20388
0.0700092;-0.393826;0;-4685.16;-18992.5;-1973.75;-21300.1
0.0749525;-0.392915;0;-4858.95;-19692.7;-2058.28;-22212.4
0.079884;-0.391942;0;-5032.74;-20392.8;-2142.81;-23124.7
0.0848028;-0.390907;0;-5170.24;-21075.8;-2224.85;-24009.9
0.0897083;-0.389811;0;-5273.56;-21766.4;-2306.67;-24892.9
0.0945996;-0.388653;0;-5376.82;-22457.2;-2388.51;-25776.1
0.099476;-0.387433;0;-5479.98;-23148.1;-2470.35;-26659.3
0.104337;-0.386153;0;-5583.03;-23839;-2552.19;-27542.5
0.109181;-0.384811;0;-5685.95;-24529.8;-2634;-28425.4
0.114008;-0.383409;0;-5788.74;-25220.5;-2715.78;-29307.9
0.118817;-0.381946;0;-5722.7;-25357.2;-2736.09;-29527.1
0.123607;-0.380423;0;-5560.61;-25189.7;-2722.87;-29384.4
0.128377;-0.378839;0;-5398.37;-25022.1;-2709.65;-29241.7
0.133128;-0.377196;0;-5236.01;-24854.5;-2696.42;-29099
0.137857;-0.375494;0;-5073.56;-24687.1;-2683.2;-28956.3
0.142565;-0.373732;0;-4911.04;-24519.6;-2669.97;-28813.6
0.14725;-0.371911;0;-4748.48;-24352.3;-2656.75;-28670.9
0.151912;-0.370031;0;-4585.9;-24185.1;-2643.54;-28528.4
0.156549;-0.368093;0;-4423.33;-24018.1;-2630.34;-28385.9
0.161163;-0.366096;0;-4260.8;-23851.3;-2617.14;-28243.5
0.16575;-0.364042;0;-4098.32;-23684.6;-2603.96;-28101.2
0.170312;-0.361931;0;-3921.18;-23398.3;-2584.06;-27886.4
0.174846;-0.359762;0;-3703.95;-22875.8;-2540.02;-27411.1
0.179353;-0.357537;0;-3424.27;-22049.6;-2446.97;-26407.1
0.183832;-0.355255;0;-3144.29;-21222.8;-2353.87;-25402.4
0.188282;-0.352916;0;-2864.06;-20395.6;-2260.73;-24397.2
0.192701;-0.350523;0;-2583.62;-19568.2;-2167.56;-23391.7
0.197091;-0.348074;0;-2303.02;-18740.6;-2074.38;-22386.1
0.201449;-0.345569;0;-2022.29;-17912.9;-1981.2;-21380.6
0.205776;-0.343011;0;-1741.49;-17085.4;-1888.04;-20375.2
0.21007;-0.340398;0;-1460.67;-16258.1;-1794.9;-19370.1
0.214331;-0.337731;0;-1179.85;-15431.2;-1701.82;-18365.5
0.218558;-0.335011;0;-899.092;-14604.8;-1608.79;-17361.6
0.22275;-0.332238;0;-618.436;-13779.1;-1515.84;-16358.5
0.226908;-0.329413;0;-399.274;-12907.6;-1410.1;-15217.4
0.231029;-0.326536;0;-134.415;-11802.9;-1288.54;-13905.6
0.235114;-0.323607;0;130.699;-10697.3;-1166.89;-12592.7
0.239162;-0.320627;0;396.026;-9590.98;-1045.15;-11279
0.243172;-0.317596;0;661.525;-8484.16;-923.357;-9964.61
0.247144;-0.314515;0;927.154;-7377.01;-801.52;-8649.78
0.251077;-0.311385;0;1192.87;-6269.69;-679.661;-7334.71
0.25497;-0.308205;0;1458.63;-5162.39;-557.799;-6019.61
0.258822;-0.304977;0;1724.4;-4055.26;-435.953;-4704.68
0.262634;-0.301701;0;1990.13;-2948.49;-314.143;-3390.15
0.266405;-0.298376;0;2255.77;-1842.26;-192.389;-2076.2
0.270133;-0.295005;0;2521.3;-736.732;-70.7081;-763.062
0.273819;-0.291587;0;2786.66;367.912;50.879;549.072
0.277461;-0.288124;0;3041.03;1526;171.006;1845.45
0.28106;-0.284614;0;3178.5;2568.42;278.502;3005.52
0.284614;-0.28106;0;3276.95;3491.66;382.206;4124.66
0.288124;-0.277461;0;3375.5;4415.54;485.965;5244.39
0.291587;-0.273819;0;3474.14;5339.94;589.761;6364.53
0.295005;-0.270133;0;3572.85;6264.69;693.579;7484.91
0.298376;-0.266405;0;3671.61;7189.66;797.402;8605.34
0.301701;-0.262634;0;3770.41;8114.7;901.214;9725.64
0.304977;-0.258822;0;3869.23;9039.66;1005;10845.7
0.308205;-0.25497;0;3968.06;9964.41;1108.74;11965.2
0.311385;-0.251077;0;4066.88;10888.8;1212.42;13084.1
0.314515;-0.247144;0;4165.68;11812.6;1316.02;14202.1
0.317596;-0.243172;0;4272.25;12641.6;1413.54;15254.5
0.320627;-0.239162;0;4257.06;13265.5;1478.55;15956.1
0.323607;-0.235114;0;4241.93;13889.9;1543.62;16658.3
0.326536;-0.231029;0;4226.87;14514.9;1608.73;17361
0.329413;-0.226908;0;4211.87;15140.2;1673.88;18064
0.332238;-0.22275;0;4196.94;15765.8;1739.05;18767.4
0.335011;-0.218558;0;4182.08;16391.6;1804.24;19470.8
0.337731;-0.214331;0;4167.3;17017.4;1869.43;20174.4
0.340398;-0.21007;0;4152.59;17643.3;1934.61;20877.8
0.343011;-0.205776;0;4137.95;18269;1999.78;21581.1
0.345569;-0.201449;0;4123.4;18894.5;2064.92;22284.1
0.348074;-0.197091;0;4108.94;19519.7;2130.03;22986.7
0.350523;-0.192701;0;4094.55;20144.5;2195.09;23688.7
0.352916;-0.188282;0;4080.26;20768.8;2260.08;24390.2
0.355255;-0.183832;0;4046.22;21319.7;2309.08;24918.9
0.357537;-0.179353;0;4033.74;21803;2339.12;25243.2
0.359762;-0.174846;0;4021.31;22286.5;2369.18;25567.6
0.361931;-0.170312;0;4024.24;22756.9;2397.75;25875.8
0.364042;-0.16575;0;4032.42;23224.2;2426.09;26181.7
0.366096;-0.161163;0;4040.71;23691.7;2454.43;26487.6
0.368093;-0.156549;0;4049.12;24159.1;2482.78;26793.5
0.370031;-0.151912;0;4057.63;24626.6;2511.13;27099.4
0.371911;-0.14725;0;4066.25;25093.9;2539.47;27405.3
0.373732;-0.142565;0;4074.98;25561;2567.8;27711
0.375494;-0.137857;0;4083.81;26027.8;2596.12;28016.6
0.377196;-0.133128;0;4092.75;26494.3;2624.42;28322
0.378839;-0.128377;0;4047.31;26968.5;2652.76;28627.9
0.380423;-0.123607;0;3923.93;27302;2676.54;28884.5
0.381946;-0.118817;0;3836.6;27134.9;2686.03;28986.9
0.383409;-0.114008;0;3749.21;26967.8;2695.52;29089.3
0.384811;-0.109181;0;3661.78;26800.6;2705.01;29191.7
0.386153;-0.104337;0;3579.17;26639.5;2714.05;29289.3
0.387433;-0.099476;0;3508.39;26489.2;2722.32;29378.6
0.388653;-0.0945996;0;3437.6;26338.8;2730.6;29467.9
0.389811;-0.0897083;0;3366.82;26188.4;2738.88;29557.2
0.390907;-0.0848028;0;3296.07;26038;2747.16;29646.6
0.391942;-0.079884;0;3225.34;25887.6;2755.44;29735.9
0.392915;-0.0749525;0;3154.65;25737.3;2763.71;29825.2
0.393826;-0.0700092;0;3084.02;25587;2771.98;29914.5
0.394674;-0.0650549;0;3013.46;25436.8;2780.25;30003.7
0.395461;-0.0600902;0;2942.96;25286.8;2788.51;30092.9
0.396185;-0.0551161;0;2831.84;25240.4;2792.64;30137.3
0.396846;-0.0501333;0;2697.7;25239.1;2795.05;30163.4
0.397445;-0.0451426;0;2563.55;25237.9;2797.46;30189.4
0.39798;-0.0401447;0;2458.87;25295.1;2799.07;30206.8
0.398453;-0.0351405;0;2377.94;25410.5;2800;30216.8
0.398864;-0.0301307;0;2296.98;25525.9;2800.93;30226.8
0.399211;-0.0251162;0;2215.97;25641.4;2801.86;30236.9
0.399495;-0.0200977;0;2134.95;25756.9;2802.79;30246.9
0.399716;-0.0150761;0;2053.93;25872.4;2803.72;30257
0.399874;-0.010052;0;1972.91;25987.9;2804.65;30267
0.399968;-0.00502642;0;1891.9;26103.3;2805.59;30277.1
